лыжному 5,129899 0,008564
рф 1,871802 0,003125
скандалами 4,436752 0,007407
найти 2,085376 0,010444
ещё 0,420369 0,000702
еще 0,955511 0,003190
горнолыжников 5,129899 0,008564
стал 0,586604 0,001959
стиль 2,038856 0,003404
приняли 1,633391 0,002727
лыжная 3,520461 0,005877
ao 5,129899 0,008564
тв 1,633391 0,002727
человек 1,178655 0,001968
в 0,017911 0,000867
г 0,925206 0,001545
size 5,129899 0,008564
left 2,085376 0,003481
неизвестная 5,129899 0,008564
реклама 0,735450 0,001228
чехии 1,911023 0,003190
и 0,023953 0,000400
джон 1,728701 0,002886
ленво 5,129899 0,008564
ледовому 4,436752 0,007407
к 0,132686 0,000665
данного 2,644992 0,004416
о 0,042302 0,000071
с 0,036149 0,000181
занимает 2,185460 0,003649
у 0,342407 0,000572
ты 2,421849 0,004043
забег 3,183989 0,005316
информационных 2,421849 0,004043
назвал 1,323236 0,002209
атлетике 2,932674 0,004896
пятое 2,490841 0,004158
связи 1,159607 0,001936
своей 1,002764 0,001674
дуран 3,338139 0,005573
при 0,367725 0,000614
данных 1,871802 0,003125
экстрим 4,436752 0,007407
аварии 3,520461 0,005877
средства 2,644992 0,004416
новым 1,664163 0,002778
госпитализировали 5,129899 0,008564
гарантировал 4,436752 0,007407
приобрел 5,129899 0,008564
главный 1,035554 0,001729
петербурге 2,296685 0,011503
демарши 5,129899 0,008564
фс 2,085376 0,003481
эпштейна 4,031286 0,006730
сборную 1,633391 0,002727
спорту 2,038856 0,003404
одной 1,238078 0,002067
млн 1,728701 0,002886
div 2,357310 0,003935
превысит 5,129899 0,008564
одноклассники 2,564949 0,004282
украинском 5,129899 0,008564
коммуникаций 2,296685 0,003834
олимпийские 0,895792 0,001495
отбор 2,564949 0,004282
пригласил 3,338139 0,005573
удалить 2,932674 0,004896
себя 0,940244 0,001570
олимпийский 0,853233 0,001424
volume 4,031286 0,006730
штурма 4,436752 0,007407
саночников 4,436752 0,007407
материалов 1,217876 0,002033
гонка 1,871802 0,006250
выигранных 2,932674 0,004896
себе 1,546380 0,002582
поддержки 2,644992 0,004416
видео 0,699082 0,004668
новому 3,338139 0,005573
примет 2,932674 0,004896
открыла 5,129899 0,008564
падения 2,644992 0,004416
демков 5,129899 0,008564
эфир 2,085376 0,006963
учредитель 2,185460 0,003649
обязательна 3,050457 0,005093
шанхайских 3,743604 0,006250
телекомпания 4,436752 0,022221
приняла 2,644992 0,004416
россиянка 2,421849 0,004043
ссылка 0,786093 0,001312
мок 1,574551 0,005257
июля 1,035554 0,006915
военная 3,743604 0,006250
специальная 3,050457 0,005093
защищены 2,490841 0,004158
хоккея 2,239527 0,003739
колумбийский 5,129899 0,008564
активности 3,520461 0,005877
завершается 3,338139 0,005573
роскомнадзор 2,644992 0,004416
примут 2,564949 0,004282
фаеры 5,129899 0,008564
матчу 2,732003 0,004561
московская 3,743604 0,012500
номер 1,994404 0,003330
москве 1,518981 0,015215
становится 1,664163 0,002778
керлинга 4,031286 0,013460
https 0,699082 0,001167
краснодаром 3,050457 0,005093
каналы 3,520461 0,005877
федеральной 2,357310 0,003935
большой 1,069456 0,001785
игроки 0,986764 0,001647
bosco 4,436752 0,007407
результаты 0,910391 0,001520
зимняя 2,932674 0,004896
зенит 0,895792 0,007477
присоединились 3,183989 0,005316
москвы 2,038856 0,003404
митч 4,031286 0,006730
нтв 3,183989 0,053155
dragons 5,129899 0,008564
лужниках 3,520461 0,005877
жизни 1,122566 0,001874
сын 2,644992 0,004416
насмерть 5,129899 0,008564
слова 1,574551 0,002629
телеканала 3,520461 0,005877
десятки 3,050457 0,005093
редакции 1,951845 0,006517
биатлонистки 3,743604 0,006250
операция 4,031286 0,006730
массовый 3,050457 0,005093
обработке 4,031286 0,006730
прочность 3,743604 0,006250
отравились 4,436752 0,007407
массовых 2,134166 0,003563
сезону 3,183989 0,005316
загитова 2,357310 0,003935
золотых 1,911023 0,003190
посейдона 5,129899 0,008564
новости 0,301585 0,002014
лыжне 4,436752 0,014814
старт 1,416327 0,002364
боксу 3,743604 0,006250
сериал 4,436752 0,007407
невского 5,129899 0,008564
электронной 2,564949 0,004282
россиянам 2,732003 0,004561
турнир 0,699082 0,001167
фристайлиста 5,129899 0,008564
драконов 3,743604 0,006250
эл 2,134166 0,003563
дзен 2,932674 0,009792
mc 2,421849 0,004043
www 1,392229 0,004649
защите 2,932674 0,004896
тренировки 1,546380 0,002582
обязуетесь 4,436752 0,007407
художественной 3,743604 0,006250
медалей 1,238078 0,002067
фигуристу 5,129899 0,008564
alt 2,185460 0,003649
программе 1,834062 0,003062
лаюнена 5,129899 0,008564
программа 1,574551 0,002629
российскому 3,520461 0,005877
вам 3,183989 0,005316
феврале 2,038856 0,003404
тематические 2,185460 0,003649
первые 0,971016 0,001621
фигурист 2,932674 0,009792
position 2,085376 0,003481
всухую 3,183989 0,005316
игры 0,376309 0,000628
одолел 2,932674 0,004896
настроение 4,436752 0,007407
издания 2,421849 0,016173
телепрограмма 4,436752 0,007407
программы 1,633391 0,002727
бизнеса 3,183989 0,005316
российскую 3,183989 0,005316
недопуск 4,436752 0,007407
германии 1,323236 0,002209
игре 1,198073 0,002000
зимнюю 3,743604 0,006250
ночная 4,031286 0,006730
петра 2,421849 0,004043
общество 2,239527 0,003739
хоккейная 2,421849 0,004043
порт 4,436752 0,007407
надзору 2,421849 0,004043
фанаты 2,490841 0,004158
акционерное 4,031286 0,006730
src 2,239527 0,003739
показала 2,644992 0,004416
издание 1,911023 0,003190
технологий 2,239527 0,003739
компании 1,301257 0,002172
сетевое 2,085376 0,003481
неделю 2,038856 0,003404
неделя 3,050457 0,020370
использовании 2,564949 0,004282
визитной 5,129899 0,008564
геннадием 5,129899 0,008564
соревнований 0,881403 0,001471
конкурса 3,338139 0,005573
сериалы 2,421849 0,004043
зимних 1,633391 0,002727
итальянского 3,743604 0,006250
px 2,185460 0,003649
instagram 1,911023 0,003190
вести 2,421849 0,004043
зимний 2,296685 0,003834
ао 2,564949 0,004282
спорт 0,224624 0,000750
сфере 2,296685 0,003834
протесты 4,436752 0,007407
выполнять 2,932674 0,004896
свидетельство 2,564949 0,004282
приложение 1,994404 0,003330
карточкой 3,520461 0,005877
урегулировании 4,436752 0,007407
нападающий 1,797694 0,003001
зимние 1,159607 0,003872
гимнастике 3,743604 0,006250
олимпийскую 2,185460 0,003649
нурмагомедов 2,357310 0,003935
фигуристка 2,644992 0,004416
русалки 5,129899 0,008564
сборах 2,827314 0,009440
цветок 4,436752 0,007407
приложения 2,185460 0,003649
стартовал 2,421849 0,008086
россии 0,160085 0,001336
ru 0,285712 0,004770
мозгового 5,129899 0,008564
курсанты 4,436752 0,007407
легенда 2,134166 0,003563
кубок 0,524729 0,000876
персональных 2,185460 0,003649
пётр 2,644992 0,008831
рублей 2,038856 0,003404
впервые 0,839439 0,001401
чемпионат 0,277868 0,000464
спортивных 1,279751 0,002136
проектов 4,436752 0,007407
вы 0,325878 0,000544
гиперссылка 4,436752 0,007407
зенита 1,797694 0,003001
настраиваются 5,129899 0,008564
передач 2,490841 0,004158
сайтов 3,743604 0,006250
оденет 5,129899 0,008564
rutube 3,520461 0,005877
россия 0,699082 0,001167
лыжную 4,031286 0,006730
открытия 2,134166 0,003563
соучредители 5,129899 0,008564
отрепетировал 5,129899 0,008564
watch 2,357310 0,003935
absolute 2,296685 0,003834
болельщики 1,834062 0,003062
shanghai 5,129899 0,008564
регистрации 2,421849 0,004043
поле 1,217876 0,002033
сайт 0,773190 0,001291
до 0,239550 0,000400
турнире 1,198073 0,002000
зарегистрировано 1,951845 0,003259
костюмах 4,436752 0,007407
рекордсменом 2,932674 0,004896
адрес 2,038856 0,003404
передачи 2,134166 0,007126
сбила 5,129899 0,008564
блокадного 5,129899 0,008564
спортсмены 1,140915 0,003809
российских 1,323236 0,002209
эспозито 3,183989 0,005316
логотип 2,644992 0,004416
vk 1,441019 0,002406
ленобласть 5,129899 0,008564
для 0,146292 0,000488
числу 1,546380 0,002582
мемориала 4,436752 0,007407
гуменник 2,564949 0,012846
оаэ 2,357310 0,007871
тренером 1,951845 0,003259
массовой 2,932674 0,004896
объяснил 1,797694 0,003001
выступлениях 3,338139 0,005573
после 0,317714 0,001061
что 0,239550 0,000400
положение 1,797694 0,003001
вышел 1,574551 0,002629
за 0,125952 0,000210
статьи 0,524729 0,000876
mash 5,129899 0,008564
орловым 5,129899 0,008564
призовой 2,732003 0,004561
прокат 3,338139 0,005573
зимней 2,239527 0,003739
финского 4,436752 0,007407
пройдет 2,421849 0,012129
тысяч 1,762603 0,002943
петросян 1,441019 0,002406
любом 2,357310 0,003935
из 0,106018 0,000354
play 1,441019 0,002406
борются 3,743604 0,006250
олимпиадах 2,296685 0,003834
редактор 2,085376 0,003481
зажгли 4,436752 0,007407
настоящий 2,490841 0,004158
наследие 3,520461 0,005877
смартфоны 2,932674 0,004896
позором 4,031286 0,006730
дали 3,183989 0,005316
вещание 3,743604 0,012500
право 1,603538 0,002677
переговоры 3,183989 0,005316
бургерами 4,436752 0,007407
права 1,518981 0,002536
style 2,085376 0,003481
службе 2,421849 0,004043
флешмобу 5,129899 0,008564
машина 3,183989 0,005316
международный 1,258698 0,002101
мать 3,338139 0,005573
почты 2,932674 0,004896
готовится 3,338139 0,005573
лыжный 1,728701 0,002886
произвольной 2,564949 0,004282
сборы 2,357310 0,003935
обросла 5,129899 0,008564
московскую 4,031286 0,006730
россияне 2,296685 0,003834
сегодня 0,881403 0,002943
facebook 1,994404 0,003330
телефона 5,129899 0,008564
лав 3,520461 0,005877
сми 1,546380 0,012908
файлы 3,338139 0,005573
ntv 4,031286 0,053840
страны 1,052361 0,001757
ночной 4,031286 0,006730
показательных 3,050457 0,005093
футбольная 2,239527 0,003739
место 0,597299 0,000997
золотое 5,129899 0,008564
соглашения 2,357310 0,003935
аккаунты 5,129899 0,008564
катаре 2,932674 0,009792
решение 1,238078 0,002067
перешел 2,490841 0,004158
александра 1,633391 0,002727
выступили 2,644992 0,004416
военные 2,644992 0,004416
олимпиаде 0,895792 0,007477
участие 0,597299 0,003989
фонд 0,940244 0,001570
экономика 2,421849 0,004043
на 0,023953 0,000720
прошел 2,185460 0,003649
олимпиада 1,104547 0,003688
не 0,099461 0,000166
онлайн 0,773190 0,001291
дарить 4,031286 0,006730
столице 2,827314 0,009440
олимпиаду 1,664163 0,008335
историю 1,603538 0,002677
отличное 5,129899 0,008564
шанхай 2,644992 0,004416
история 0,555188 0,001854
столица 4,031286 0,006730
pause 5,129899 0,008564
яндекс 2,490841 0,008317
русская 2,732003 0,009122
об 0,217244 0,000725
любители 1,797694 0,003001
ои 0,812411 0,001356
джона 3,183989 0,010631
вакансии 2,421849 0,004043
проверяют 3,743604 0,006250
название 1,178655 0,001968
img 2,185460 0,003649
бразильца 3,050457 0,005093
от 0,160085 0,001336
сетевого 4,436752 0,029628
инвестирует 5,129899 0,008564
клебо 2,490841 0,004158
официальные 1,574551 0,002629
используя 3,050457 0,005093
как 0,232059 0,000387
все 0,125952 0,000210
года 0,239550 0,001600
по 0,073653 0,000738
информации 1,518981 0,002536
допущенные 5,129899 0,008564
выпуск 2,827314 0,018880
шлют 5,129899 0,008564
гуменника 2,564949 0,004282
telegram 2,357310 0,003935
легкой 3,520461 0,005877
зима 2,932674 0,009792
проводит 2,038856 0,003404
короткой 2,085376 0,003481
велогонщика 4,031286 0,006730
высокие 2,932674 0,004896
yandex 2,239527 0,003739
условия 0,411400 0,000687
