пекине 2,932674 0,004187
девять 2,296685 0,003279
день 0,760451 0,005428
маркетинговая 5,129899 0,003662
воздушному 5,129899 0,003662
подвешенной 5,129899 0,003662
еще 0,955511 0,000682
оценил 2,185460 0,001560
окр 3,183989 0,059089
xxiv 3,338139 0,004765
всероссийский 3,183989 0,002273
играх 0,699082 0,003992
vii 3,183989 0,004545
xxix 3,743604 0,002672
партнеров 4,031286 0,002877
xxii 3,338139 0,004765
стиль 2,038856 0,002911
йоханнес 2,185460 0,001560
заявил 1,441019 0,001029
милане 2,038856 0,010187
центр 0,881403 0,000629
частью 1,728701 0,001234
под 0,723179 0,000516
отстали 4,436752 0,003167
а 0,209918 0,000300
в 0,017911 0,001151
заглянуть 5,129899 0,003662
креплением 4,436752 0,003167
макаренко 5,129899 0,003662
д 0,895792 0,004476
фото 0,799165 0,000570
и 0,023953 0,000564
политика 0,239550 0,000171
й 0,825834 0,005895
к 0,132686 0,000474
сиднее 2,827314 0,002018
бразильянки 5,129899 0,003662
о 0,042302 0,000091
павильона 5,129899 0,010985
санкт 1,279751 0,001827
с 0,036149 0,000181
у 0,342407 0,001466
проекты 1,198073 0,000855
представлены 2,564949 0,003662
алены 5,129899 0,014646
анаграмму 5,129899 0,003662
коньки 2,564949 0,001831
сочи 0,853233 0,001827
mins 5,129899 0,007323
пятой 2,932674 0,004187
майя 3,338139 0,002383
терминам 5,129899 0,003662
структура 2,421849 0,001729
юношеские 2,357310 0,001683
прав 2,564949 0,001831
алене 5,129899 0,003662
практика 3,183989 0,002273
проект 1,728701 0,002468
метров 1,762603 0,005032
время 0,384967 0,000550
при 0,367725 0,000787
посвященную 5,129899 0,003662
i 1,762603 0,002516
the 1,546380 0,002208
подписание 3,338139 0,033358
v 1,951845 0,002786
надин 4,436752 0,003167
x 1,279751 0,001827
days 3,743604 0,002672
луисе 4,031286 0,002877
чистый 3,743604 0,002672
партнеры 2,296685 0,001639
маркетинг 4,031286 0,002877
гармиш 3,520461 0,002513
непр 5,129899 0,003662
партенкирхен 3,520461 0,002513
мюнхене 3,338139 0,002383
афинах 2,932674 0,006280
галерея 3,520461 0,002513
могу 2,732003 0,001950
риме 2,644992 0,001888
пляжные 5,129899 0,003662
надя 4,436752 0,003167
сенсаций 4,436752 0,003167
эйнар 3,050457 0,002177
жанейро 2,421849 0,001729
показать 0,825834 0,000589
олимпийские 0,895792 0,021100
международного 1,911023 0,005456
нагано 2,827314 0,002018
xvii 2,490841 0,001778
en 2,932674 0,002093
юношеских 2,644992 0,003776
олимпизм 1,466337 0,001047
саппоро 3,520461 0,002513
подняться 3,520461 0,007538
олимпийский 0,853233 0,004263
обязанностей 5,129899 0,003662
спорта 0,342407 0,001955
платформе 5,129899 0,003662
зафиксированный 5,129899 0,003662
анонсы 2,932674 0,002093
игр 0,367725 0,001575
шамони 3,183989 0,002273
италии 1,002764 0,000716
альбервиле 4,031286 0,005755
треку 3,520461 0,005026
прямая 3,050457 0,002177
вада 3,520461 0,002513
olympic 2,296685 0,018033
ответов 5,129899 0,007323
прошла 1,994404 0,001424
один 0,711058 0,001015
всех 0,652562 0,000466
инсбруке 3,743604 0,002672
волейбол 1,019025 0,000727
соревновательный 3,520461 0,002513
председатель 2,239527 0,004796
видео 0,699082 0,000998
поддержку 2,732003 0,005850
олимпийских 0,799165 0,006845
сундлинг 2,421849 0,001729
биатлон 0,534779 0,000382
пятке 5,129899 0,003662
лезвия 4,436752 0,006334
ставший 2,239527 0,001599
гонки 1,002764 0,000716
городах 2,827314 0,002018
монреале 2,827314 0,004036
оте 4,436752 0,003167
берлине 3,338139 0,002383
инструкция 4,031286 0,002877
воздушная 4,436752 0,003167
мок 1,574551 0,001124
шару 5,129899 0,003662
клап 4,436752 0,003167
ванкувере 4,031286 0,002877
осф 5,129899 0,003662
среду 4,031286 0,002877
дарья 2,085376 0,002977
боско 5,129899 0,051262
комитете 5,129899 0,007323
флагом 2,185460 0,001560
похвалил 5,129899 0,003662
спринте 2,357310 0,001683
всемирные 3,050457 0,002177
бойцова 5,129899 0,003662
москве 1,518981 0,001084
мероприятия 2,357310 0,001683
через 0,971016 0,000693
russia 3,050457 0,017419
меню 2,932674 0,002093
удачи 4,436752 0,003167
керлинга 4,031286 0,002877
резерв 4,436752 0,003167
экосистема 5,129899 0,003662
https 0,699082 0,000499
словарь 2,296685 0,001639
мехико 2,932674 0,002093
ii 2,239527 0,003197
официально 1,159607 0,001655
мощного 4,436752 0,003167
лицензионная 5,129899 0,003662
команда 0,663991 0,000474
xvi 2,490841 0,005334
эта 0,867219 0,000619
iv 2,644992 0,003776
лос 1,518981 0,003253
ix 2,564949 0,003662
игрока 1,492313 0,001065
мингиян 5,129899 0,003662
новостей 1,574551 0,001124
гренобле 5,129899 0,003662
ноября 0,971016 0,000693
олимпийскому 3,520461 0,002513
чемпиона 1,466337 0,003140
пройдут 2,644992 0,001888
золото 1,217876 0,000869
мсо 5,129899 0,003662
xxxiii 3,520461 0,002513
слова 1,574551 0,001124
юных 3,338139 0,002383
подкасты 4,031286 0,005755
разыграно 3,743604 0,005344
шведки 4,031286 0,002877
швейцарки 4,436752 0,003167
керлинг 3,183989 0,002273
наших 2,239527 0,004796
группа 1,834062 0,001309
толч 5,129899 0,003662
которого 1,345709 0,000961
xviii 2,421849 0,003457
актуальное 4,436752 0,003167
станет 1,911023 0,001364
сильнейших 2,239527 0,003197
закрытия 3,050457 0,004355
спортсменов 0,786093 0,002244
max 4,031286 0,008632
изучить 4,436752 0,003167
xxi 2,038856 0,004366
комиссия 2,644992 0,001888
определили 5,129899 0,003662
хесфлот 5,129899 0,003662
хватило 2,932674 0,002093
савелий 3,338139 0,004765
лыжники 2,421849 0,001729
биатлона 3,050457 0,002177
михаил 1,392229 0,001987
xxv 2,827314 0,010090
xxx 3,743604 0,002672
шорт 1,086847 0,001552
установили 3,050457 0,008709
сентября 1,069456 0,001527
бадминтон 1,546380 0,001104
новости 0,301585 0,001937
комиссии 3,183989 0,004545
нельзя 2,296685 0,001639
европейские 2,038856 0,001455
спортивно 2,932674 0,002093
cortina 5,129899 0,007323
xxviii 3,743604 0,002672
выходе 2,732003 0,001950
xxvi 3,520461 0,002513
бросок 2,932674 0,002093
амбассадоры 4,031286 0,002877
горнолыжный 1,301257 0,000929
рекордов 2,932674 0,002093
храмцов 4,436752 0,003167
медалей 1,238078 0,000884
резерва 3,743604 0,002672
книгой 5,129899 0,003662
вконтакте 1,911023 0,001364
программа 1,574551 0,007867
всего 0,812411 0,000580
нарушение 1,797694 0,001283
приближаются 5,129899 0,003662
гандбол 1,178655 0,000841
защиты 2,134166 0,001523
ceremony 5,129899 0,003662
солт 2,644992 0,001888
игры 0,376309 0,019071
список 1,198073 0,000855
февраля 0,232059 0,003644
олимпийская 1,911023 0,004092
повыше 5,129899 0,010985
кратный 2,644992 0,001888
непряева 2,932674 0,002093
программы 1,633391 0,002332
мельбурне 3,743604 0,002672
азбука 4,436752 0,003167
кратным 3,338139 0,004765
xxxi 3,520461 0,002513
позволяющим 4,436752 0,003167
высо 5,129899 0,003662
чемпионы 1,871802 0,001336
соревнования 0,663991 0,000948
фаворитам 5,129899 0,003662
of 1,695912 0,001211
высоте 2,421849 0,006915
новичков 2,421849 0,001729
скво 3,183989 0,002273
прыжки 1,019025 0,000727
интервью 0,971016 0,002079
плэсид 3,183989 0,004545
кортина 2,490841 0,014223
opening 5,129899 0,003662
традиции 2,490841 0,001778
фев 3,050457 0,013064
использовании 2,564949 0,001831
внеочередные 3,743604 0,002672
вратарем 4,031286 0,002877
результатов 1,951845 0,001393
федерации 0,663991 0,000474
зимних 1,633391 0,006995
лента 1,633391 0,001166
лейк 2,357310 0,005048
нейтральным 3,743604 0,002672
установив 2,827314 0,002018
спорт 0,224624 0,000802
твой 4,031286 0,002877
этом 0,565551 0,000807
пытались 3,743604 0,002672
борьба 1,002764 0,000716
завершился 2,421849 0,001729
хельсинки 3,050457 0,002177
сказать 2,932674 0,002093
министерства 3,050457 0,002177
образования 2,644992 0,003776
образованию 3,520461 0,002513
сараево 3,050457 0,002177
борьбу 2,357310 0,001683
санный 1,301257 0,000929
зимние 1,159607 0,021520
нашу 3,520461 0,002513
правилу 5,129899 0,003662
инновационный 5,129899 0,003662
йонна 2,421849 0,001729
анонс 3,338139 0,004765
бы 1,052361 0,005258
водное 1,492313 0,001065
аделия 1,911023 0,002728
женщин 1,368699 0,000977
наши 1,323236 0,000944
пресс 1,086847 0,000776
барселоне 2,644992 0,001888
россии 0,160085 0,000914
ru 0,285712 0,000816
упустите 5,129899 0,003662
спортивные 1,104547 0,001577
адаптация 4,031286 0,002877
фестивали 3,743604 0,002672
xxxii 3,743604 0,002672
спортивный 1,301257 0,001858
скейты 4,436752 0,003167
мужчин 1,492313 0,001065
фирменный 4,436752 0,006334
спортивных 1,279751 0,000913
чемпионат 0,277868 0,000198
образование 3,050457 0,004355
российский 1,086847 0,000776
кэрол 5,129899 0,003662
выступления 1,546380 0,001104
просто 1,492313 0,001065
milano 5,129899 0,007323
церемонии 2,732003 0,003900
ботинку 4,436752 0,003167
минспорт 3,743604 0,002672
рекорд 1,198073 0,004276
шесть 1,546380 0,001104
методические 4,436752 0,003167
дальквист 4,031286 0,002877
xxxiv 3,520461 0,002513
европы 0,524729 0,000749
secs 5,129899 0,007323
россиянина 2,732003 0,001950
to 2,038856 0,001455
поло 1,441019 0,001029
энергия 2,932674 0,002093
де 0,955511 0,000682
без 0,466460 0,000333
экватор 5,129899 0,003662
пхёнчхане 4,436752 0,003167
между 0,955511 0,009548
библиотека 3,520461 0,005026
коростелев 3,183989 0,004545
до 0,239550 0,000342
кристина 2,421849 0,001729
трех 2,732003 0,001950
руководство 1,603538 0,001145
буллит 3,520461 0,002513
велосипедный 4,031286 0,002877
смотрю 4,436752 0,003167
xxiii 3,520461 0,005026
олимпийцев 3,183989 0,002273
спортсмены 1,140915 0,003257
морице 4,031286 0,005755
виды 0,773190 0,002208
лыжное 1,279751 0,000913
итоги 1,834062 0,007855
устав 3,520461 0,002513
велли 4,031286 0,002877
баскетбол 0,773190 0,000552
обошлось 3,743604 0,002672
штрафной 2,644992 0,001888
деловая 4,436752 0,009501
vi 2,732003 0,001950
работы 1,797694 0,001283
для 0,146292 0,000627
автор 2,421849 0,024201
семен 3,743604 0,013360
атлетов 2,732003 0,005850
комплектов 2,644992 0,005664
отрываться 5,129899 0,003662
олимпийского 1,603538 0,004578
навязать 5,129899 0,003662
материалы 1,762603 0,001258
декларация 5,129899 0,003662
после 0,317714 0,000454
что 0,239550 0,000513
аэродроме 4,436752 0,003167
положение 1,797694 0,001283
медали 0,971016 0,000693
будущие 3,183989 0,002273
выполнила 5,129899 0,003662
за 0,125952 0,000180
елистратов 4,436752 0,015834
совсем 2,827314 0,002018
анджелесе 2,564949 0,005492
бобслей 1,238078 0,000884
hours 4,436752 0,006334
трансляция 2,239527 0,001599
контакты 1,258698 0,001797
было 0,438551 0,001878
следит 3,050457 0,002177
документы 2,564949 0,005492
назначаемый 5,129899 0,003662
келин 4,031286 0,002877
ампеццо 2,490841 0,012445
xi 2,932674 0,004187
если 0,675551 0,001929
триумфаторов 5,129899 0,003662
зафиксировали 5,129899 0,003662
токио 2,296685 0,003279
лыжах 1,178655 0,000841
побольше 5,129899 0,010985
петросян 1,441019 0,002057
xv 2,732003 0,003900
из 0,106018 0,000076
xx 1,546380 0,002208
лондоне 2,357310 0,005048
учебник 3,050457 0,002177
соревнованиями 2,357310 0,001683
члены 2,421849 0,001729
больше 0,812411 0,000580
дней 1,416327 0,001011
удовольствием 2,932674 0,002093
games 2,038856 0,002911
настало 5,129899 0,007323
хоккее 2,038856 0,001455
фендрих 4,031286 0,002877
viii 2,932674 0,004187
двоеборье 1,217876 0,000869
организациях 3,743604 0,002672
наград 2,134166 0,003047
россиян 1,762603 0,001258
машине 4,031286 0,002877
желаем 5,129899 0,003662
представительство 4,031286 0,002877
стокгольме 3,050457 0,002177
дакаре 5,129899 0,007323
службе 2,421849 0,001729
максим 1,994404 0,001424
борки 5,129899 0,003662
министр 2,421849 0,001729
международный 1,258698 0,001797
норвежцы 4,031286 0,002877
комитет 1,911023 0,004092
разыграют 3,050457 0,002177
ко 2,421849 0,001729
международные 1,238078 0,001767
сент 2,564949 0,001831
атланте 3,743604 0,002672
октября 1,086847 0,000776
iii 2,490841 0,003556
лыжные 1,140915 0,000814
конькобежный 1,238078 0,000884
наталья 3,183989 0,031817
командном 2,296685 0,001639
рио 2,296685 0,001639
пахаленко 5,129899 0,051262
экстремалы 4,436752 0,012667
правил 1,323236 0,000944
признался 2,644992 0,001888
записным 5,129899 0,003662
турине 3,050457 0,002177
правильных 5,129899 0,007323
олимпийской 1,911023 0,005456
страна 1,633391 0,001166
температуре 4,031286 0,002877
сми 1,546380 0,001104
акция 4,436752 0,003167
сити 1,546380 0,001104
международных 1,492313 0,001065
ми 2,932674 0,004187
порталу 5,129899 0,003662
побед 1,301257 0,000929
соглашения 2,357310 0,023556
чемпионом 1,122566 0,001603
хартия 5,129899 0,003662
добавляем 5,129899 0,003662
истории 0,630089 0,000450
мы 0,925206 0,000660
семёнов 3,338139 0,002383
комнате 5,129899 0,003662
на 0,023953 0,000308
смогла 2,185460 0,004680
состав 1,238078 0,000884
сергея 2,644992 0,001888
олимпиада 1,104547 0,001577
не 0,099461 0,000284
осло 3,050457 0,002177
календарь 0,735450 0,001050
рамках 1,518981 0,001084
золотой 1,911023 0,001364
day 3,520461 0,002513
опыта 2,827314 0,008072
организации 0,812411 0,000580
посашкову 5,129899 0,003662
xiv 2,490841 0,003556
амстердаме 3,743604 0,002672
сеуле 3,050457 0,002177
раздел 2,296685 0,009836
xix 1,834062 0,002618
крыловой 4,031286 0,014387
дегтярев 2,564949 0,003662
олимпиады 0,925206 0,021132
университета 2,296685 0,001639
калгари 2,932674 0,002093
обладателем 2,296685 0,001639
хартии 4,436752 0,003167
подвижным 5,129899 0,003662
бейсбол 1,466337 0,001047
об 0,217244 0,000310
университет 2,827314 0,002018
гаджетах 5,129899 0,003662
диктант 5,129899 0,003662
всероссийского 3,338139 0,002383
переговоров 2,732003 0,001950
анаграмма 5,129899 0,003662
антверпене 3,520461 0,002513
завоевали 2,038856 0,001455
анаграмме 5,129899 0,003662
более 0,853233 0,001218
поиск 0,735450 0,000525
достижения 1,695912 0,001211
чемпион 0,867219 0,001238
от 0,160085 0,000229
форум 0,881403 0,000629
элементы 2,490841 0,001778
xxvii 3,338139 0,002383
winter 3,520461 0,005026
клебо 2,490841 0,001778
перевалили 5,129899 0,003662
бокс 0,576022 0,000411
официальные 1,574551 0,001124
остается 3,050457 0,002177
мануфактурами 5,129899 0,051262
пд 5,129899 0,003662
все 0,125952 0,000629
alias 5,129899 0,003662
голос 3,520461 0,007538
возможность 1,728701 0,002468
шафаузер 5,129899 0,003662
года 0,239550 0,000171
по 0,073653 0,000315
высоких 2,827314 0,002018
достижение 2,038856 0,001455
конькобежного 4,436752 0,003167
русада 3,520461 0,002513
xiii 2,932674 0,002093
трамплина 1,159607 0,000828
завершению 4,436752 0,003167
хедегарт 3,050457 0,002177
скоро 2,827314 0,002018
париже 1,664163 0,003564
короткой 2,085376 0,002977
экстремалов 5,129899 0,003662
идёт 2,296685 0,003279
ивану 4,436752 0,003167
книге 2,827314 0,002018
видов 1,392229 0,000994
