метро 3,520461 0,002704
ру 1,994404 0,001532
рф 1,871802 0,011501
астахов 4,436752 0,003408
лучшая 2,564949 0,001970
аварийные 5,129899 0,003940
лед 2,732003 0,002098
эффективных 4,031286 0,003096
ск 4,031286 0,009289
заявил 1,441019 0,002214
любимица 5,129899 0,003940
ситуации 1,994404 0,001532
со 0,447767 0,000688
старинных 4,031286 0,003096
привержена 5,129899 0,003940
согласия 3,183989 0,002445
под 0,723179 0,001111
студентка 5,129899 0,003940
тропинку 5,129899 0,003940
тв 1,633391 0,001255
left 2,085376 0,001602
реклама 0,735450 0,000565
фото 0,799165 0,000614
бойкотировать 4,436752 0,006815
лет 0,475938 0,000366
использованием 2,564949 0,001970
суд 2,827314 0,002172
зданий 4,436752 0,003408
умерла 4,031286 0,003096
область 2,732003 0,002098
программевалерия 5,129899 0,003940
информационных 2,421849 0,001860
назвал 1,323236 0,001016
денег 2,732003 0,002098
водители 5,129899 0,003940
испеченных 5,129899 0,003940
делу 2,827314 0,002172
связи 1,159607 0,000891
пятой 2,932674 0,002252
аси 4,436752 0,040892
поезда 4,436752 0,003408
столкнулись 3,520461 0,002704
водитель 4,436752 0,003408
главой 3,050457 0,002343
лишилась 3,338139 0,002564
камчатке 5,129899 0,003940
дело 2,038856 0,001566
февэкономика 5,129899 0,007880
мужского 2,357310 0,001811
деревнениколай 5,129899 0,003940
при 0,367725 0,000847
курскую 5,129899 0,003940
калининградом 5,129899 0,003940
ситуацию 3,183989 0,002445
сильный 3,183989 0,002445
ситуация 2,357310 0,001811
главный 1,035554 0,000795
фс 2,085376 0,001602
псж 1,518981 0,001167
isu 1,603538 0,001232
украине 2,490841 0,007652
поездов 5,129899 0,003940
снова 1,574551 0,001209
пополнил 2,932674 0,002252
света 2,827314 0,002172
февобщество 5,129899 0,102440
украины 1,797694 0,004142
символику 4,031286 0,006192
возглавил 2,732003 0,002098
брендов 4,031286 0,003096
спорта 0,342407 0,000526
часы 3,338139 0,002564
поведением 3,743604 0,002875
хоккейного 2,564949 0,003940
килинкаров 5,129899 0,007880
играхольга 5,129899 0,003940
получил 1,002764 0,003081
боевики 4,436752 0,003408
квартиры 4,436752 0,003408
стороны 1,546380 0,001188
нападения 3,050457 0,002343
осудили 5,129899 0,007880
нпз 5,129899 0,003940
электричества 4,436752 0,003408
квартиру 4,031286 0,003096
ближайшие 3,050457 0,002343
сторону 2,085376 0,001602
рекомендательные 1,762603 0,001354
поддержку 2,732003 0,002098
чп 5,129899 0,003940
чехииольга 5,129899 0,003940
усомнились 4,436752 0,003408
самолете 4,436752 0,003408
самолет 4,436752 0,003408
историко 5,129899 0,003940
последними 3,743604 0,002875
сокрытие 5,129899 0,003940
обошли 4,436752 0,003408
обошла 4,031286 0,003096
единоборства 2,239527 0,001720
олимпиадеалексей 5,129899 0,003940
защищены 2,490841 0,001913
снегом 4,436752 0,003408
сша 0,586604 0,001352
выросла 3,743604 0,002875
техподдержку 5,129899 0,003940
качества 2,644992 0,006094
полетов 5,129899 0,007880
разнятся 4,436752 0,003408
подрядалексей 5,129899 0,003940
качестве 1,574551 0,001209
сравнил 3,183989 0,002445
пермском 5,129899 0,003940
номер 1,994404 0,001532
кашеварова 5,129899 0,007880
сечин 4,436752 0,003408
иностранцев 3,338139 0,002564
европевалерия 5,129899 0,003940
администрацию 5,129899 0,003940
олимпиадесергей 5,129899 0,003940
федеральное 2,827314 0,002172
федеральной 2,357310 0,001811
краснодарском 5,129899 0,003940
запугивают 5,129899 0,003940
пешеход 5,129899 0,003940
петросянвиталия 5,129899 0,003940
значимых 4,436752 0,003408
возобновления 3,338139 0,002564
новостей 1,574551 0,001209
жизни 1,122566 0,002587
зоне 2,421849 0,001860
обхода 5,129899 0,003940
интерес 2,564949 0,001970
одним 1,416327 0,001088
любые 3,183989 0,002445
кросби 1,994404 0,003064
крымские 4,436752 0,003408
пожар 5,129899 0,003940
бастрыкин 5,129899 0,003940
обнаружено 4,436752 0,003408
петров 2,564949 0,005910
последствиях 5,129899 0,003940
четырех 3,050457 0,002343
россииелизавета 5,129899 0,003940
головина 2,134166 0,003278
его 0,447767 0,000344
солидарности 5,129899 0,003940
начнется 5,129899 0,003940
только 0,447767 0,001032
утвержден 4,436752 0,003408
нарастать 5,129899 0,003940
колосова 5,129899 0,003940
теробороны 5,129899 0,003940
наладить 4,436752 0,003408
мире 1,198073 0,013803
эл 2,134166 0,003278
паралимпиады 3,338139 0,005128
турка 5,129899 0,003940
утвердить 4,436752 0,003408
сбить 4,031286 0,003096
власти 2,644992 0,002031
выхода 2,239527 0,001720
сафоновым 5,129899 0,003940
красный 2,357310 0,001811
alt 2,185460 0,001679
японская 3,520461 0,002704
области 1,951845 0,007496
георгиевском 5,129899 0,003940
шахматы 1,871802 0,001438
отражают 5,129899 0,003940
чего 1,345709 0,001034
настороженность 5,129899 0,003940
ссср 0,940244 0,000722
коррупционный 3,743604 0,002875
пониманиям 5,129899 0,003940
пытается 3,183989 0,002445
локализован 5,129899 0,003940
лчанастасия 5,129899 0,003940
завершил 2,134166 0,003278
штурмовиков 5,129899 0,003940
никто 1,871802 0,001438
разъяснило 5,129899 0,003940
сохранять 5,129899 0,003940
расследование 3,183989 0,002445
постоянное 4,031286 0,003096
против 0,747872 0,001149
общество 2,239527 0,017201
расследовании 5,129899 0,003940
округе 5,129899 0,003940
там 1,603538 0,001232
надзору 2,421849 0,001860
издание 1,911023 0,001468
перми 4,436752 0,003408
курса 4,031286 0,003096
блогера 4,436752 0,003408
балтийской 5,129899 0,003940
сетевое 2,085376 0,001602
вновь 1,574551 0,001209
угрожает 3,520461 0,002704
журанков 5,129899 0,007880
применяются 1,466337 0,001126
сообщить 0,799165 0,000614
аналитик 3,338139 0,002564
физкультура 2,421849 0,001860
автомобилю 5,129899 0,003940
аэропортов 5,129899 0,003940
культуры 1,834062 0,001409
вести 2,421849 0,007440
деревня 5,129899 0,003940
лимоны 5,129899 0,003940
ударил 3,183989 0,002445
спорт 0,224624 0,000690
обыграл 1,574551 0,001209
февпроисшествия 5,129899 0,059100
четыре 1,140915 0,000876
стало 1,217876 0,000935
понка 5,129899 0,003940
попов 3,183989 0,002445
информационном 2,239527 0,001720
глава 1,546380 0,004751
франции 1,035554 0,000795
сбивший 5,129899 0,003940
сбой 5,129899 0,003940
стала 0,881403 0,000677
крае 4,436752 0,006815
фигуристка 2,644992 0,002031
фигуристке 4,031286 0,003096
аделия 1,911023 0,001468
фигуристки 2,932674 0,004505
законодательством 3,520461 0,002704
улучшил 4,436752 0,003408
превратилась 4,436752 0,003408
регистрационный 3,743604 0,002875
инициатив 5,129899 0,007880
посодействуют 5,129899 0,003940
выступление 1,762603 0,001354
аделии 2,827314 0,002172
открытие 2,357310 0,003621
российским 1,994404 0,001532
лавров 2,932674 0,011262
рождаемость 5,129899 0,003940
якутскими 5,129899 0,003940
рождаемости 5,129899 0,003940
поля 1,603538 0,001232
считает 2,134166 0,001639
watch 2,357310 0,001811
absolute 2,296685 0,001764
тем 1,217876 0,000935
штаб 1,797694 0,001381
доме 2,827314 0,002172
предупредил 4,436752 0,003408
кхлстанислав 5,129899 0,003940
без 0,466460 0,001075
работу 2,085376 0,003203
белкин 4,436752 0,006815
зарегистрировано 1,951845 0,001499
представитель 2,564949 0,001970
адрес 2,038856 0,001566
ограничения 2,239527 0,001720
соответствии 1,086847 0,000835
запрет 2,732003 0,002098
европа 2,134166 0,001639
tech 4,436752 0,003408
российских 1,323236 0,002033
февполитика 5,129899 0,039400
направлении 2,357310 0,001811
виды 0,773190 0,001188
телефон 2,134166 0,001639
медицина 3,338139 0,002564
гнатов 5,129899 0,003940
показателей 3,520461 0,005408
заседание 3,338139 0,005128
сибирь 2,134166 0,001639
требует 1,951845 0,001499
регионов 2,421849 0,001860
минтрансе 5,129899 0,003940
филипповский 5,129899 0,003940
вызовов 5,129899 0,003940
затребовал 5,129899 0,003940
презервативы 3,520461 0,002704
материалы 1,762603 0,001354
после 0,317714 0,000976
карнаухов 4,031286 0,003096
погодных 3,338139 0,002564
культура 2,732003 0,002098
происшествия 4,436752 0,017038
честные 4,436752 0,003408
музыкант 3,743604 0,002875
сирота 5,129899 0,003940
накаи 4,031286 0,003096
мировой 1,392229 0,001069
редактор 2,085376 0,001602
шереметьеве 5,129899 0,003940
интеллектуальной 4,031286 0,003096
многие 1,728701 0,002655
монако 1,994404 0,001532
колонии 4,436752 0,003408
поколением 5,129899 0,003940
арахамия 5,129899 0,003940
сильнее 2,134166 0,001639
атомный 5,129899 0,003940
воронежа 5,129899 0,003940
благодарна 5,129899 0,003940
видеоматериалов 4,436752 0,003408
объектов 4,031286 0,003096
квартире 4,436752 0,003408
топливу 5,129899 0,003940
права 1,518981 0,001167
style 2,085376 0,001602
наследия 4,436752 0,003408
тепла 5,129899 0,007880
рейтинге 2,421849 0,001860
паром 5,129899 0,003940
международным 1,871802 0,001438
кузнецов 2,421849 0,001860
совета 2,085376 0,003203
олимпиадеанастасия 5,129899 0,003940
матч 0,411400 0,000632
рассчитывает 3,520461 0,008112
делегация 3,338139 0,002564
кимаковский 5,129899 0,003940
агентство 2,185460 0,001679
регионам 5,129899 0,003940
динамо 0,663991 0,001020
жены 3,183989 0,002445
регионах 2,932674 0,004505
определились 4,031286 0,003096
президентом 1,834062 0,001409
тюлюбаева 5,129899 0,011820
остались 2,644992 0,002031
сегодня 0,881403 0,000677
агентства 2,490841 0,001913
бийска 4,436752 0,003408
доклад 3,520461 0,005408
страны 1,052361 0,003233
вместе 1,178655 0,000905
винисиусаанастасия 5,129899 0,003940
найдены 4,031286 0,003096
ударов 2,085376 0,001602
мошенники 4,031286 0,003096
делегатам 5,129899 0,003940
лиги 0,895792 0,000688
заваливает 5,129899 0,003940
проведет 3,338139 0,005128
регион 2,732003 0,002098
решение 1,238078 0,000951
рассказал 1,238078 0,002853
рубрики 5,129899 0,003940
военные 2,644992 0,002031
грустное 5,129899 0,003940
недовольство 3,743604 0,002875
летние 1,238078 0,000951
благодаря 1,441019 0,001107
дети 2,239527 0,001720
дениса 4,031286 0,003096
олимпиаде 0,895792 0,000688
селе 5,129899 0,003940
экономика 2,421849 0,003720
состав 1,238078 0,000951
олимпиада 1,104547 0,000848
роспотребнадзор 5,129899 0,003940
госдуме 4,436752 0,003408
анохин 4,436752 0,003408
делает 2,357310 0,001811
залив 5,129899 0,003940
смоленской 5,129899 0,007880
почта 2,564949 0,001970
главная 1,323236 0,001016
пешехода 5,129899 0,003940
баре 4,436752 0,003408
голоса 3,520461 0,002704
удалили 2,932674 0,002252
vesti 3,743604 0,002875
ужесточением 4,436752 0,003408
шафирко 5,129899 0,007880
обильный 4,436752 0,003408
текстовых 4,436752 0,003408
общаться 5,129899 0,003940
условий 0,881403 0,000677
неприемлемыми 5,129899 0,003940
превосходит 4,436752 0,006815
протестировали 5,129899 0,003940
минцифры 5,129899 0,003940
лыжи 1,019025 0,000783
катание 0,534779 0,000411
петербургский 2,932674 0,002252
женеве 3,183989 0,007336
четвертьфиналисты 4,436752 0,003408
площади 3,050457 0,002343
елизавета 2,185460 0,001679
мудро 5,129899 0,003940
местах 3,183989 0,002445
жителей 3,743604 0,002875
расписание 1,695912 0,001303
втором 1,695912 0,001303
службой 3,183989 0,002445
заявили 3,520461 0,002704
мжд 4,436752 0,003408
коррективы 3,520461 0,002704
короткой 2,085376 0,004805
yandex 2,239527 0,001720
слебода 5,129899 0,003940
покинули 2,827314 0,002172
чемпионов 0,652562 0,000501
бпла 4,436752 0,003408
болельщикам 2,296685 0,001764
тушении 5,129899 0,003940
сюжеты 5,129899 0,003940
логецкой 5,129899 0,003940
новые 0,747872 0,000574
замерзающий 5,129899 0,003940
оценил 2,185460 0,001679
частично 2,932674 0,002252
теннис 0,495170 0,000380
бочаров 5,129899 0,003940
финский 1,633391 0,001255
фигурное 0,534779 0,000411
пойти 3,338139 0,002564
удара 2,357310 0,001811
мид 3,520461 0,008112
первой 1,019025 0,000783
запасы 4,031286 0,003096
пожара 4,436752 0,003408
помощь 2,239527 0,001720
остался 2,564949 0,001970
а 0,209918 0,000322
в 0,017911 0,000853
месяцев 2,296685 0,001764
чехии 1,911023 0,001468
и 0,023953 0,000331
политика 0,239550 0,000552
силы 2,296685 0,001764
культурного 4,436752 0,003408
четверг 2,732003 0,002098
бильярд 4,031286 0,003096
м 0,534779 0,000411
о 0,042302 0,000195
с 0,036149 0,000472
она 0,825834 0,001269
автоспорт 3,338139 0,002564
госуслуги 5,129899 0,003940
встало 4,436752 0,003408
авто 0,925206 0,000711
исполнения 2,932674 0,002252
футбол 0,285712 0,000219
мальчик 5,129899 0,003940
обеспечить 3,520461 0,002704
бенфику 2,932674 0,002252
россиянами 4,031286 0,003096
ресурсе 2,296685 0,001764
провокации 3,743604 0,002875
тцк 3,743604 0,002875
время 0,384967 0,000296
играхсергей 5,129899 0,003940
февв 5,129899 0,055160
правообладателя 3,743604 0,002875
опечаткеобращение 5,129899 0,003940
аварии 3,520461 0,002704
петербурга 2,732003 0,004197
обозреватель 4,436752 0,003408
восстановления 2,564949 0,001970
орви 5,129899 0,003940
новых 1,633391 0,001255
структуры 2,644992 0,002031
сделку 4,436752 0,003408
призвал 2,732003 0,006295
город 1,871802 0,001438
украинцев 3,743604 0,002875
февпутин 5,129899 0,003940
соцсетях 1,466337 0,002252
div 2,357310 0,001811
своего 1,368699 0,001051
info 1,951845 0,001499
коммуникаций 2,296685 0,001764
выставке 5,129899 0,003940
файлов 3,520461 0,002704
боевиков 4,436752 0,003408
подмосковье 3,743604 0,002875
угрозами 5,129899 0,003940
аэрофлот 4,436752 0,003408
путину 5,129899 0,007880
направлен 4,031286 0,003096
тверской 4,031286 0,006192
читать 0,586604 0,000901
оценка 3,338139 0,002564
вгтрк 4,031286 0,006192
справился 4,436752 0,003408
михаила 2,732003 0,002098
москвариума 5,129899 0,003940
биатлон 0,534779 0,000411
олимпийских 0,799165 0,000614
предложил 2,038856 0,003132
статуса 2,827314 0,002172
оценить 3,743604 0,002875
зрелищеалексей 5,129899 0,003940
путина 3,520461 0,002704
взломали 5,129899 0,003940
белгородском 5,129899 0,003940
московский 2,296685 0,003528
мок 1,574551 0,001209
семьях 5,129899 0,003940
увереннаявиталия 5,129899 0,003940
летняя 2,085376 0,001602
удаления 3,743604 0,002875
надев 5,129899 0,003940
московских 3,183989 0,002445
властей 3,520461 0,002704
крыши 3,743604 0,002875
выше 1,664163 0,001278
лишают 4,031286 0,003096
ананьева 5,129899 0,007880
hi 4,436752 0,003408
посетил 3,520461 0,002704
инструментов 5,129899 0,003940
русском 2,421849 0,001860
москве 1,518981 0,002333
москва 0,760451 0,000584
чупшева 5,129899 0,003940
https 0,699082 0,000537
девушку 5,129899 0,003940
травмировании 5,129899 0,003940
скандал 1,871802 0,001438
cookie 3,050457 0,002343
атаку 3,050457 0,002343
существенном 5,129899 0,003940
находят 3,743604 0,002875
возвращение 1,762603 0,001354
уличные 5,129899 0,003940
восторге 4,436752 0,003408
ничего 2,732003 0,002098
бюрократических 5,129899 0,003940
реал 1,492313 0,001146
матче 0,747872 0,002872
обработки 2,296685 0,001764
доложит 5,129899 0,003940
референдум 5,129899 0,003940
автоподставы 5,129899 0,003940
внесет 5,129899 0,003940
редакции 1,951845 0,002998
возможно 1,664163 0,001278
проявление 5,129899 0,003940
круга 2,134166 0,001639
результате 1,728701 0,001328
провести 1,951845 0,001499
это 0,277868 0,000213
четырехлетний 5,129899 0,003940
большинство 1,834062 0,001409
положительного 4,436752 0,003408
запретили 3,183989 0,002445
февспорт 5,129899 0,074860
установила 3,050457 0,002343
схода 5,129899 0,003940
спортсменов 0,786093 0,000604
мамров 5,129899 0,003940
массовых 2,134166 0,001639
осталась 2,732003 0,002098
всероссийская 3,183989 0,002445
плакаты 3,520461 0,002704
выходила 3,338139 0,002564
собственности 4,436752 0,003408
новости 0,301585 0,000232
цымбалюк 5,129899 0,003940
долиной 3,338139 0,002564
отличие 1,834062 0,001409
mc 2,421849 0,001860
восстановлении 5,129899 0,003940
новой 1,574551 0,001209
мошенников 5,129899 0,003940
белом 3,183989 0,002445
много 1,603538 0,001232
государственное 2,732003 0,002098
росреклама 5,129899 0,003940
котельной 5,129899 0,003940
программе 1,834062 0,001409
олимпиадениколай 5,129899 0,003940
путин 3,183989 0,029346
казанском 5,129899 0,003940
макроном 5,129899 0,003940
беспилотников 5,129899 0,007880
position 2,085376 0,001602
программу 1,466337 0,001126
одолел 2,932674 0,002252
оппонентов 4,436752 0,003408
пропавшие 5,129899 0,003940
программы 1,633391 0,002509
представляющих 3,520461 0,002704
бизнеса 3,183989 0,002445
продолжит 3,183989 0,007336
песни 3,743604 0,005751
футболиста 2,421849 0,001860
протоптала 5,129899 0,003940
наблюдательного 3,743604 0,005751
компания 1,279751 0,000983
старшим 3,520461 0,002704
ребенка 4,031286 0,006192
фанаты 2,490841 0,001913
src 2,239527 0,001720
настроения 4,031286 0,003096
миланеелизавета 5,129899 0,003940
запрета 3,743604 0,002875
белгород 4,436752 0,003408
технологий 2,239527 0,001720
показали 2,296685 0,001764
технологии 1,574551 0,001209
использование 1,104547 0,000848
технологических 5,129899 0,003940
показало 5,129899 0,003940
материал 0,825834 0,000634
конкурс 2,827314 0,002172
мцд 5,129899 0,003940
перехвачены 5,129899 0,003940
успешно 1,911023 0,001468
пострадал 4,031286 0,003096
деградировал 5,129899 0,003940
арест 4,436752 0,003408
px 2,185460 0,001679
беспилотника 5,129899 0,003940
госсовета 5,129899 0,003940
здравые 5,129899 0,003940
сфере 2,296685 0,001764
отечественный 4,436752 0,003408
переговорах 4,436752 0,006815
перевозит 5,129899 0,003940
белгороду 5,129899 0,003940
перехвате 5,129899 0,003940
приманки 5,129899 0,003940
толстых 4,436752 0,003408
возможности 1,994404 0,003064
принял 1,664163 0,001278
зимние 1,159607 0,000891
ленту 3,520461 0,002704
сохранении 4,031286 0,003096
намеренно 4,436752 0,003408
блинов 4,031286 0,003096
кхл 0,760451 0,000584
россии 0,160085 0,000615
готовые 5,129899 0,003940
гуменником 4,436752 0,003408
ru 0,285712 0,000439
фитнес 1,574551 0,001209
аудио 1,951845 0,001499
государственная 3,743604 0,002875
во 0,495170 0,000761
песков 4,436752 0,006815
белуха 5,129899 0,003940
известно 1,871802 0,001438
сайте 1,217876 0,001871
стратегических 4,031286 0,006192
спит 4,436752 0,003408
цвет 2,357310 0,001811
снега 3,520461 0,002704
электроэнергии 5,129899 0,003940
сво 2,932674 0,002252
зависят 4,436752 0,003408
жалуется 5,129899 0,003940
которую 1,728701 0,001328
куницына 5,129899 0,011820
россия 0,699082 0,000537
россию 1,951845 0,001499
атак 3,338139 0,002564
расправы 5,129899 0,003940
используют 2,239527 0,003440
рекорд 1,198073 0,000920
рассказали 3,183989 0,002445
ставрополья 5,129899 0,003940
болельщики 1,834062 0,001409
рассказала 2,296685 0,001764
итогах 4,031286 0,003096
непросто 3,520461 0,002704
поручил 4,031286 0,006192
опубликованные 3,743604 0,002875
до 0,239550 0,000184
турнира 0,839439 0,001289
показатели 3,183989 0,002445
сроки 2,827314 0,002172
зеленский 3,743604 0,002875
корректирует 4,436752 0,003408
ледокол 5,129899 0,003940
ее 1,871802 0,001438
кино 2,134166 0,001639
проведения 1,258698 0,000967
ес 5,129899 0,003940
схемой 4,031286 0,003096
для 0,146292 0,000674
атаковали 4,436752 0,003408
проживающих 5,129899 0,003940
числу 1,546380 0,001188
произошел 3,743604 0,002875
кубы 4,031286 0,006192
ирану 5,129899 0,003940
радиовещательная 5,129899 0,003940
умер 2,185460 0,001679
сравнить 5,129899 0,003940
кубу 5,129899 0,003940
ирана 5,129899 0,003940
мешковое 5,129899 0,003940
писавший 5,129899 0,003940
вич 4,436752 0,003408
что 0,239550 0,001840
куба 3,183989 0,002445
за 0,125952 0,000871
пво 4,436752 0,003408
минское 2,564949 0,003940
невменяемых 5,129899 0,003940
гражданских 4,031286 0,003096
дом 2,239527 0,001720
прогрессе 4,436752 0,003408
было 0,438551 0,000337
взаимоотношения 4,436752 0,003408
отправил 2,932674 0,002252
голу 3,338139 0,002564
сопротивлявшегося 5,129899 0,003940
переезду 5,129899 0,003940
венгрии 3,050457 0,002343
силовые 3,050457 0,002343
были 0,799165 0,000614
наркоманов 5,129899 0,003940
любое 2,644992 0,002031
способы 2,644992 0,002031
петросян 1,441019 0,008854
из 0,106018 0,000896
недвижимость 4,031286 0,003096
ил 3,743604 0,002875
им 1,198073 0,000920
ис 5,129899 0,007880
службы 2,932674 0,002252
унитарное 3,050457 0,002343
теме 3,050457 0,002343
план 2,564949 0,001970
спартак 0,786093 0,001208
хоккей 0,376309 0,000289
ряду 3,743604 0,005751
ильском 5,129899 0,003940
тело 3,183989 0,002445
здоровье 1,664163 0,001278
белый 2,357310 0,001811
констатировал 5,129899 0,003940
россиян 1,762603 0,001354
кв 4,436752 0,003408
движении 3,520461 0,002704
объекты 3,743604 0,002875
серии 1,159607 0,000891
разгромило 3,183989 0,004891
которые 0,760451 0,000584
произвольной 2,564949 0,001970
иноагентов 5,129899 0,003940
дтп 4,031286 0,003096
олимпийской 1,911023 0,001468
случае 1,441019 0,001107
телевизионная 5,129899 0,003940
президент 1,416327 0,001088
нехороших 5,129899 0,003940
блокады 4,031286 0,003096
будет 0,825834 0,001269
место 0,597299 0,000459
полуфиналисты 3,183989 0,002445
развитию 2,134166 0,004917
начали 1,546380 0,001188
свежие 0,910391 0,000699
препон 5,129899 0,003940
морозами 5,129899 0,003940
участие 0,597299 0,000459
косы 5,129899 0,003940
травмы 1,492313 0,001146
на 0,023953 0,000681
матерью 4,436752 0,003408
достигнуты 5,129899 0,003940
снегопад 5,129899 0,007880
не 0,099461 0,000306
травму 1,911023 0,002936
досрочно 2,421849 0,003720
мешает 4,031286 0,003096
но 0,402511 0,000618
киев 2,827314 0,002172
московском 3,520461 0,002704
ярославской 4,436752 0,003408
об 0,217244 0,000501
определятся 5,129899 0,003940
уровень 2,038856 0,001566
владимир 1,546380 0,002375
переговоров 2,732003 0,004197
детсаду 5,129899 0,003940
мужчины 1,019025 0,000783
img 2,185460 0,001679
даже 1,198073 0,000920
всу 4,031286 0,009289
от 0,160085 0,000738
политолог 5,129899 0,003940
музыканты 4,436752 0,003408
бокс 0,576022 0,000442
свитеры 4,436752 0,003408
способствовать 4,436752 0,010223
все 0,125952 0,000193
комментатор 2,564949 0,003940
года 0,239550 0,000184
по 0,073653 0,000679
интересы 3,520461 0,002704
растет 3,743604 0,002875
telegram 2,357310 0,001811
анонсировал 4,436752 0,003408
пассажиров 4,031286 0,003096
предприятие 2,827314 0,002172
аляске 5,129899 0,003940
наука 3,050457 0,002343
выборы 2,827314 0,002172
наличии 3,338139 0,002564
погиб 3,743604 0,002875
