двукратная 3,050457 0,006504
день 0,760451 0,003243
синхронному 3,743604 0,055875
акватика 5,129899 0,010938
waterpolo 4,436752 0,009460
всероссийский 3,183989 0,013578
обзор 2,134166 0,013651
водному 3,743604 0,015964
вce 5,129899 0,021876
профессионалам 3,743604 0,015964
первенств 4,031286 0,008595
центр 0,881403 0,005638
воду 1,492313 0,015910
под 0,723179 0,001542
избраны 5,129899 0,021876
юношей 2,932674 0,012506
мало 2,732003 0,005825
в 0,017911 0,000649
министерство 3,338139 0,007118
г 0,925206 0,001973
д 0,895792 0,001910
юрий 2,185460 0,004660
фото 0,799165 0,001704
и 0,023953 0,000511
й 0,825834 0,001761
водное 1,492313 0,003182
вфп 5,129899 0,010938
о 0,042302 0,000271
такие 1,518981 0,003239
пресс 1,086847 0,011587
россии 0,160085 0,004437
с 0,036149 0,000231
bc 5,129899 0,010938
ru 0,285712 0,002437
сербские 5,129899 0,010938
серебряный 1,994404 0,004252
анастасия 2,732003 0,005825
дорошко 5,129899 0,021876
стартует 2,490841 0,010622
составы 2,357310 0,010052
победители 1,797694 0,007666
кубок 0,524729 0,003356
важное 2,644992 0,005640
спонсор 2,564949 0,027345
возглавят 5,129899 0,010938
сайта 1,574551 0,006715
нашего 2,932674 0,006253
весь 1,951845 0,004162
майя 3,338139 0,014235
этап 1,392229 0,002969
александрович 2,564949 0,005469
e 1,603538 0,003419
при 0,367725 0,000784
rutube 3,520461 0,007506
смотреть 1,695912 0,010848
рекорд 1,198073 0,002555
главным 1,633391 0,003483
s 1,664163 0,003548
европы 0,524729 0,001119
поло 1,441019 0,009218
партнеры 2,296685 0,004897
подпишитесь 4,436752 0,056760
реестр 4,436752 0,009460
органы 3,520461 0,015013
сайт 0,773190 0,001649
до 0,239550 0,000511
трансляции 1,441019 0,009218
рождения 1,664163 0,003548
rus 4,436752 0,009460
руководство 1,603538 0,006838
рабочие 4,436752 0,018920
адрес 2,038856 0,004347
официальная 2,827314 0,006028
тренерам 3,338139 0,014235
первого 1,258698 0,005368
телефон 2,134166 0,004550
эмоции 3,338139 0,007118
специалисты 3,338139 0,007118
базы 3,520461 0,015013
обнинск 5,129899 0,010938
спорта 0,342407 0,003650
региональные 2,357310 0,010052
кубка 0,825834 0,005283
анонсы 2,932674 0,006253
игр 0,367725 0,000784
vk 1,441019 0,012290
фввср 3,743604 0,039910
плавания 3,050457 0,013008
плаванию 2,932674 0,050024
swim 3,743604 0,007982
планах 3,183989 0,006789
синхронное 1,664163 0,003548
мастер 1,911023 0,004075
национальная 1,574551 0,006715
очков 1,198073 0,005109
тренером 1,951845 0,004162
видео 0,699082 0,001491
примет 2,932674 0,006253
что 0,239550 0,000511
олимпийских 0,799165 0,001704
плавание 1,198073 0,005109
кит 3,183989 0,013578
мировую 4,031286 0,008595
тренировочные 3,183989 0,013578
этапа 1,664163 0,007097
обязательна 3,050457 0,006504
европейская 2,421849 0,005164
лужнецкая 3,520461 0,007506
рейтинг 0,565551 0,002412
комитеты 3,338139 0,007118
контакты 1,258698 0,005368
ссылка 0,786093 0,001676
документы 2,564949 0,010938
коротышкин 4,436752 0,009460
комитетов 5,129899 0,021876
видеогалерея 5,129899 0,032814
последних 1,951845 0,004162
будьте 4,436752 0,009460
карта 2,644992 0,011279
антидопинг 3,183989 0,020367
спортивной 1,416327 0,003020
copyright 5,129899 0,010938
шмидт 4,436752 0,018920
жеребьевка 4,031286 0,008595
ратифицировала 4,436752 0,009460
ольга 2,827314 0,012057
юниорский 3,050457 0,006504
может 0,630089 0,001343
компанией 2,827314 0,006028
среди 0,597299 0,005094
ромашина 4,436752 0,009460
diving 4,436752 0,009460
заказ 4,436752 0,009460
москва 0,760451 0,001621
юниорок 3,338139 0,014235
matchtv 3,338139 0,007118
нас 1,492313 0,006364
назначена 3,743604 0,007982
юниоров 1,728701 0,007372
команда 0,663991 0,002832
кунаков 5,129899 0,010938
телеграм 3,050457 0,006504
классами 5,129899 0,010938
подписаться 2,932674 0,018759
первенство 1,664163 0,010645
новостей 1,574551 0,003357
artswim 5,129899 0,010938
канале 2,421849 0,005164
возвращении 2,827314 0,006028
продукция 5,129899 0,032814
aquatics 3,743604 0,047893
набережная 4,031286 0,008595
создан 2,357310 0,005026
аккредитация 3,338139 0,007118
обучение 2,827314 0,006028
фотогалерея 4,031286 0,025786
подготовку 2,296685 0,004897
world 1,416327 0,015099
древаль 5,129899 0,021876
релизы 2,357310 0,005026
подготовки 1,633391 0,003483
сувенирная 5,129899 0,032814
тулу 4,436752 0,009460
приехала 4,436752 0,009460
сми 1,546380 0,013189
сборных 1,911023 0,008149
команд 1,178655 0,005026
чемпионка 1,911023 0,004075
новости 0,301585 0,003858
бахтырева 5,129899 0,010938
развития 1,797694 0,007666
вековищева 5,129899 0,010938
поздравляем 3,520461 0,007506
судей 1,797694 0,003833
mail 1,301257 0,002775
развитию 2,134166 0,004550
александра 1,633391 0,006965
генеральный 1,951845 0,004162
призер 2,564949 0,005469
арену 2,564949 0,005469
office 4,031286 0,017191
спортсменам 1,871802 0,007982
сборной 0,825834 0,001761
мира 0,367725 0,003136
на 0,023953 0,000613
спонсоры 1,911023 0,004075
водных 3,338139 0,028470
календарь 0,735450 0,006272
онлайн 0,773190 0,003297
григория 3,520461 0,007506
вызвать 4,031286 0,008595
таблица 0,925206 0,003945
днём 3,050457 0,006504
светлана 2,038856 0,013042
международная 1,301257 0,002775
медиа 1,834062 0,007821
rusaquatics 5,129899 0,043752
чехове 5,129899 0,021876
издания 2,421849 0,010328
программы 1,633391 0,006965
рассылка 4,436752 0,009460
судьям 3,183989 0,013578
все 0,125952 0,000806
соммет 5,129899 0,010938
технических 2,644992 0,011279
года 0,239550 0,001532
по 0,073653 0,002356
russwimming 5,129899 0,021876
информации 1,518981 0,003239
федерация 1,002764 0,008552
брусникина 5,129899 0,021876
прыжки 1,019025 0,002173
рекорды 1,762603 0,007516
интервью 0,971016 0,002070
курсе 3,743604 0,007982
использовании 2,564949 0,005469
видов 1,392229 0,011874
соревнований 0,881403 0,007517
прыжкам 3,183989 0,027156
второй 0,786093 0,001676
источник 0,853233 0,001819
федерации 0,663991 0,005663
