рф 1,871802 0,000534
личный 2,732003 0,000780
боруссия 3,050457 0,000871
лазурном 5,129899 0,001465
девять 2,296685 0,001312
день 0,760451 0,000217
лед 2,732003 0,000780
легендарная 3,183989 0,000909
газета 1,633391 0,001399
сб 4,436752 0,003801
милана 3,520461 0,002011
спасибо 2,357310 0,000673
прокате 3,520461 0,001005
соперничество 2,732003 0,001560
играх 0,699082 0,001198
случилось 2,732003 0,000780
авторитетно 5,129899 0,001465
стиль 2,038856 0,001164
выиграл 1,178655 0,000673
заявил 1,441019 0,000411
газету 4,436752 0,001267
дубая 3,520461 0,001005
апл 1,871802 0,000534
со 0,447767 0,000384
милане 2,038856 0,009315
профессионально 3,743604 0,001069
центр 0,881403 0,000755
ср 3,050457 0,002613
вратаря 1,834062 0,000524
стиле 2,932674 0,000837
общую 3,520461 0,001005
чуть 2,357310 0,003366
мали 2,644992 0,000755
сэ 2,932674 0,001675
македония 2,732003 0,000780
жертва 3,743604 0,001069
тв 1,633391 0,000466
щетка 5,129899 0,001465
вылились 5,129899 0,001465
иностранные 4,031286 0,001151
лично 3,050457 0,000871
хачанова 5,129899 0,001465
немного 2,038856 0,001164
фото 0,799165 0,000685
лет 0,475938 0,000136
буря 5,129899 0,002930
связь 1,392229 0,000398
то 0,652562 0,000186
дубае 2,357310 0,000673
финала 1,104547 0,003469
сложности 2,134166 0,000609
звезды 2,085376 0,000595
четвертьфинал 1,951845 0,001115
четверных 4,031286 0,003453
представлены 2,564949 0,000732
olimpbet 3,050457 0,001742
разгромил 2,296685 0,002623
стартует 2,490841 0,000711
матчах 1,574551 0,000450
металлург 1,994404 0,000570
главные 1,086847 0,000621
запас 3,743604 0,001069
назвал 1,323236 0,000378
коньки 2,564949 0,000732
делу 2,827314 0,001615
драку 3,338139 0,000953
индия 3,183989 0,000909
пройти 2,239527 0,001279
вхл 1,664163 0,000475
билли 2,296685 0,000656
своей 1,002764 0,000286
теперь 0,971016 0,000832
болгария 2,421849 0,000692
прав 2,564949 0,000732
своем 2,932674 0,000837
брайан 3,743604 0,001069
акробатика 3,338139 0,003813
при 0,367725 0,000210
g 2,490841 0,000711
проблемы 1,871802 0,000534
расистский 3,743604 0,001069
сюрпризов 4,436752 0,001267
про 1,301257 0,000372
стамбуле 3,743604 0,001069
винисиус 2,296685 0,001312
часов 2,085376 0,000595
фк 1,951845 0,003901
каждой 1,546380 0,000883
главный 1,035554 0,000296
колумбия 3,183989 0,000909
второго 1,466337 0,000419
фс 2,085376 0,000595
aca 5,129899 0,001465
шансов 2,564949 0,001465
украина 1,871802 0,000534
красную 2,644992 0,000755
одной 1,238078 0,000354
псж 1,518981 0,002602
италия 0,867219 0,001733
последнем 2,564949 0,000732
вернется 3,338139 0,000953
прием 4,031286 0,001151
isu 1,603538 0,000458
норвежская 1,603538 0,000458
сыграет 1,603538 0,000458
опередил 4,031286 0,001151
психолога 5,129899 0,001465
снова 1,574551 0,002248
обвинили 4,436752 0,001267
россиянин 2,185460 0,001248
кореи 2,644992 0,001511
окончании 1,911023 0,000546
баринова 3,338139 0,000953
чимаев 2,357310 0,000673
хайкина 3,050457 0,001742
овертайме 2,038856 0,003493
собрали 3,520461 0,002011
камбэк 2,732003 0,000780
победе 1,951845 0,001115
сыграл 1,951845 0,000557
трактором 3,338139 0,000953
представляет 1,871802 0,000534
себя 0,940244 0,000268
спорта 0,342407 0,000684
победу 0,910391 0,000260
часы 3,338139 0,000953
спорте 2,038856 0,000582
шоке 4,436752 0,001267
стыков 3,743604 0,001069
сколько 1,834062 0,000524
дурана 3,743604 0,001069
корея 2,085376 0,001191
трудоголик 5,129899 0,001465
италии 1,002764 0,001145
хавбека 4,031286 0,001151
зелимхан 3,520461 0,001005
получил 1,002764 0,000573
рико 3,338139 0,000953
гонка 1,871802 0,000534
обыграла 1,911023 0,001091
поддержка 2,827314 0,000807
один 0,711058 0,000609
известной 3,520461 0,002011
обыграло 3,743604 0,001069
обыграли 2,296685 0,000656
прошли 1,762603 0,001510
дрэгонс 2,932674 0,001675
примет 2,932674 0,000837
рекомендательные 1,762603 0,000503
вперед 2,932674 0,000837
чм 1,492313 0,000426
дебютировали 3,338139 0,000953
контролировать 2,932674 0,000837
чр 3,050457 0,000871
гонки 1,002764 0,000859
ливан 3,338139 0,000953
россиянки 2,827314 0,000807
чт 4,436752 0,003801
раскрыла 3,520461 0,001005
гвинея 3,520461 0,001005
минуты 1,871802 0,000534
live 1,518981 0,002602
локомотив 0,910391 0,001560
последний 0,773190 0,000442
монголия 3,743604 0,001069
россиянка 2,421849 0,000692
каждому 2,827314 0,000807
наций 1,797694 0,000513
последним 2,134166 0,000609
единоборства 2,239527 0,001279
части 1,664163 0,000475
арбитров 3,743604 0,003207
извинениях 5,129899 0,001465
pdf 0,940244 0,000268
арсенал 1,466337 0,000419
сша 0,586604 0,001675
говорил 3,050457 0,000871
фотографии 3,183989 0,001818
выступит 3,338139 0,000953
грубейшей 5,129899 0,004395
канала 2,564949 0,000732
андреева 2,296685 0,000656
хотел 2,421849 0,000692
нынешних 4,031286 0,003453
киберспорт 1,762603 0,000503
номер 1,994404 0,007404
прервала 3,338139 0,001906
нигерия 3,050457 0,000871
оставит 4,031286 0,001151
нижней 3,743604 0,001069
нравится 3,050457 0,000871
конференций 1,728701 0,000494
бразилия 2,296685 0,000656
лучшие 1,019025 0,000291
проиграл 1,633391 0,000466
команда 0,663991 0,000379
лучший 1,368699 0,000782
покоряет 5,129899 0,001465
дебютировал 2,827314 0,000807
команды 0,555188 0,000476
лучших 1,198073 0,000342
зенит 0,895792 0,001023
pfl 2,421849 0,000692
двенадцатый 5,129899 0,001465
никогда 1,951845 0,000557
летчик 5,129899 0,001465
золота 2,932674 0,001675
узбекистан 2,932674 0,000837
ответной 3,338139 0,000953
очка 1,574551 0,000450
разочарование 4,436752 0,001267
жизни 1,122566 0,000962
пономарев 3,520461 0,001005
показал 2,085376 0,000595
золото 1,217876 0,002087
скелетон 1,258698 0,000359
золоту 3,183989 0,001818
концовке 2,932674 0,001675
спортсмена 1,834062 0,001047
кросби 1,994404 0,001709
оскорбили 5,129899 0,001465
штраф 2,932674 0,000837
покорил 5,129899 0,001465
двукратный 2,239527 0,000639
pgl 4,436752 0,001267
юфл 3,338139 0,000953
esports 3,520461 0,001005
группа 1,834062 0,004190
удостоверения 4,436752 0,001267
собирай 5,129899 0,001465
короткая 2,732003 0,002340
сезона 1,052361 0,000301
игроку 2,421849 0,000692
группу 2,732003 0,000780
помог 2,421849 0,000692
реально 3,338139 0,003813
йонуц 5,129899 0,001465
разобраться 4,031286 0,001151
золотым 4,031286 0,002302
головина 2,134166 0,001219
биатлоне 2,932674 0,001675
диего 3,183989 0,000909
его 0,447767 0,000639
дюймов 3,183989 0,000909
шансы 1,951845 0,002229
только 0,447767 0,000256
лыжника 4,031286 0,002302
шорт 1,086847 0,000931
атакующий 2,564949 0,000732
гирасси 5,129899 0,001465
головин 2,085376 0,000595
бенфикой 3,183989 0,000909
нхл 0,925206 0,000793
угадай 5,129899 0,002930
кордоба 3,743604 0,001069
турнир 0,699082 0,002994
обиду 4,436752 0,002534
эл 2,134166 0,000609
аравия 1,951845 0,001115
мира 0,367725 0,000735
чехией 3,050457 0,005226
дзен 2,932674 0,000837
фигуриста 2,932674 0,000837
теплый 4,031286 0,001151
бразилец 2,932674 0,000837
тренировка 2,732003 0,002340
впечатляет 5,129899 0,001465
окно 2,490841 0,000711
полуфиналистом 5,129899 0,001465
ведет 3,743604 0,001069
могли 1,664163 0,000475
белоруссия 3,743604 0,001069
значит 2,644992 0,000755
всего 0,812411 0,000464
сабонис 4,031286 0,001151
черногория 2,732003 0,000780
оренбург 1,323236 0,000756
карьеры 2,085376 0,000595
глебов 3,520461 0,001005
футболу 1,492313 0,000852
выйдут 4,031286 0,001151
большуновым 4,436752 0,002534
кабинет 3,743604 0,001069
душно 5,129899 0,001465
фигуристку 4,031286 0,001151
состоянии 2,421849 0,000692
эритрея 4,436752 0,001267
российскую 3,183989 0,000909
нашей 1,994404 0,000570
аналитика 2,421849 0,000692
буде 2,564949 0,008789
марино 2,827314 0,000807
горнолыжница 3,520461 0,001005
никто 1,871802 0,000534
произвольная 3,520461 0,002011
подпортить 5,129899 0,001465
матчевую 2,644992 0,000755
против 0,747872 0,000427
матчей 0,940244 0,000537
другие 0,384967 0,000550
похоже 3,743604 0,001069
профессиональный 1,834062 0,000524
главное 1,574551 0,000899
так 0,597299 0,000171
общем 3,338139 0,000953
французский 1,392229 0,000398
хоккейная 2,421849 0,000692
румыния 2,239527 0,000639
фифа 1,728701 0,000494
салават 2,134166 0,001828
нового 1,574551 0,000450
винисиусом 2,564949 0,000732
интервью 0,971016 0,000832
любительский 2,085376 0,000595
ньюкасла 3,520461 0,002011
психику 4,436752 0,001267
рублева 5,129899 0,001465
издание 1,911023 0,000546
подтвердили 3,183989 0,000909
бундеслига 2,134166 0,000609
тонкости 4,031286 0,001151
сетевое 2,085376 0,000595
валиева 2,239527 0,000639
кринон 4,031286 0,001151
аутсайдеры 5,129899 0,001465
fonbet 2,827314 0,001615
англия 1,574551 0,000899
юниоры 2,732003 0,000780
фев 3,050457 0,111496
применяются 1,466337 0,000419
покер 2,564949 0,002197
суперзвезд 4,436752 0,003801
трансферы 1,664163 0,000475
неподражаем 5,129899 0,001465
стоит 2,357310 0,000673
минутах 3,743604 0,002138
восхищаются 4,436752 0,001267
него 1,368699 0,000391
подписку 5,129899 0,001465
канцеров 4,436752 0,001267
швеции 1,664163 0,000950
пуэрто 3,338139 0,000953
популярные 3,050457 0,000871
поднялся 3,338139 0,000953
есть 0,812411 0,000696
грузии 3,050457 0,000871
спорт 0,224624 0,000641
гостевую 4,436752 0,001267
таки 2,296685 0,002623
грузия 2,644992 0,000755
этой 1,052361 0,000301
подписка 3,743604 0,005345
этом 0,565551 0,000323
мобильная 0,608110 0,000174
обыграл 1,574551 0,001349
мальта 3,050457 0,000871
шон 4,031286 0,001151
связан 3,338139 0,000953
бронзой 5,129899 0,001465
франция 1,122566 0,001603
четыре 1,140915 0,000977
night 4,436752 0,001267
информационном 2,239527 0,000639
швеция 1,345709 0,002690
франции 1,035554 0,000887
сохранить 2,357310 0,000673
хавбек 3,183989 0,000909
фигуристка 2,644992 0,000755
основное 2,134166 0,000609
аделия 1,911023 0,001637
зож 2,827314 0,000807
уедет 5,129899 0,001465
выступлении 3,338139 0,001906
составы 2,357310 0,001346
филиппова 3,183989 0,002728
игрой 2,185460 0,000624
мирлинд 4,031286 0,001151
челябинск 2,564949 0,000732
выступление 1,762603 0,000503
отдел 3,743604 0,001069
cyberpro 5,129899 0,005859
чимаева 3,520461 0,001005
rss 2,085376 0,001191
бенин 3,520461 0,001005
аделии 2,827314 0,002422
женщины 0,881403 0,002769
раз 0,504926 0,000144
чемпионат 0,277868 0,000873
спортивных 1,279751 0,000365
дюбуа 3,183989 0,001818
феерию 5,129899 0,001465
жозе 3,183989 0,000909
реалу 3,338139 0,000953
испания 1,466337 0,001256
выступления 1,546380 0,001766
прятать 5,129899 0,001465
зенита 1,797694 0,000513
болельщиков 1,574551 0,000450
версия 0,485508 0,000139
газетный 5,129899 0,002930
интернет 1,695912 0,000484
поля 1,603538 0,000458
смотреть 1,695912 0,000484
аренду 2,357310 0,000673
убедила 4,436752 0,003801
шесть 1,546380 0,000442
считает 2,134166 0,001219
галатасарай 3,338139 0,001906
карен 2,357310 0,000673
европы 0,524729 0,000450
израиль 2,490841 0,000711
варвара 4,436752 0,001267
уезжай 5,129899 0,001465
работе 2,134166 0,000609
без 0,466460 0,000533
игорь 1,951845 0,000557
дома 1,695912 0,000969
поле 1,217876 0,000348
опоздал 3,338139 0,000953
судейский 4,031286 0,003453
зря 4,031286 0,002302
осадочек 5,129899 0,001465
спринт 2,296685 0,001967
моуринью 2,932674 0,000837
европа 2,134166 0,000609
atp 1,994404 0,000570
амур 2,732003 0,000780
салавату 5,129899 0,001465
поражения 1,834062 0,001047
евро 1,466337 0,000419
первого 1,258698 0,000359
виды 0,773190 0,000442
эспозито 3,183989 0,000909
карабахом 4,031286 0,002302
редакция 2,732003 0,000780
диагональю 4,436752 0,001267
мексика 2,644992 0,000755
пока 1,159607 0,000662
реала 2,564949 0,000732
завершилось 3,743604 0,001069
сопротивление 2,827314 0,000807
сибирь 2,134166 0,000609
клуб 0,940244 0,000537
вида 1,664163 0,000475
прохорова 3,743604 0,001069
достать 4,436752 0,001267
привез 3,743604 0,002138
виде 1,368699 0,000391
возвращаться 3,743604 0,001069
такую 2,732003 0,002340
комплектов 2,644992 0,000755
олимпийского 1,603538 0,000458
гуменник 2,564949 0,000732
канаду 2,490841 0,002134
армейцы 2,932674 0,000837
тобаго 3,183989 0,000909
победном 4,031286 0,002302
йоханнеса 3,743604 0,002138
едут 4,436752 0,001267
поражении 3,183989 0,000909
всегда 1,258698 0,000719
видеоигры 5,129899 0,001465
никиты 2,732003 0,002340
оаэ 2,357310 0,000673
вильярреал 2,827314 0,000807
колонка 4,031286 0,002302
ростов 1,002764 0,000859
материалы 1,762603 0,000503
тесты 1,871802 0,000534
купер 2,932674 0,001675
после 0,317714 0,000817
ярко 3,050457 0,001742
впереди 2,421849 0,000692
хлусевича 2,932674 0,000837
колонки 4,436752 0,001267
фелпса 4,031286 0,001151
положение 1,797694 0,000513
краснодар 0,925206 0,001585
букмекеров 1,198073 0,000684
вышел 1,574551 0,000450
малинине 4,436752 0,001267
статьи 0,524729 0,000899
немцы 3,338139 0,000953
приблизило 5,129899 0,001465
старше 2,732003 0,000780
разбираем 3,520461 0,001005
заняла 1,951845 0,000557
канада 1,301257 0,006688
бобслей 1,238078 0,000354
оказать 3,743604 0,001069
уругвай 3,183989 0,000909
трансляция 2,239527 0,005116
контакты 1,258698 0,000359
призовое 3,743604 0,003207
фигурного 3,743604 0,001069
иран 3,183989 0,000909
хайкин 3,050457 0,000871
думала 4,031286 0,001151
фнл 2,421849 0,001383
если 0,675551 0,000579
правовая 2,296685 0,000656
рен 4,436752 0,001267
набрал 2,185460 0,000624
канады 1,217876 0,002087
вторник 3,338139 0,001906
покупки 3,743604 0,001069
фактов 2,732003 0,000780
может 0,630089 0,000180
редактор 2,085376 0,000595
групповом 2,644992 0,000755
эдуард 2,134166 0,000609
дортмунда 5,129899 0,001465
больше 0,812411 0,000696
чемпионку 3,183989 0,000909
принес 4,031286 0,001151
монако 1,994404 0,003987
нидерланды 1,728701 0,000494
эквадор 3,050457 0,000871
переходов 4,436752 0,001267
следить 3,338139 0,001906
выступлением 3,743604 0,001069
гол 1,546380 0,002208
болели 5,129899 0,001465
неужели 4,436752 0,001267
смотрит 3,520461 0,002011
разных 1,834062 0,000524
новая 1,546380 0,000442
босния 2,732003 0,000780
олимпионик 5,129899 0,001465
дилемма 4,436752 0,003801
обратная 1,441019 0,000411
бился 4,436752 0,001267
милан 1,633391 0,000466
телеграм 3,050457 0,000871
стыковых 3,050457 0,001742
рейтинги 2,490841 0,000711
дедлайн 4,031286 0,002302
попырина 4,031286 0,001151
права 1,518981 0,000434
ничья 2,357310 0,000673
ничью 2,827314 0,001615
эстония 2,490841 0,000711
отдал 2,732003 0,000780
стыковые 2,732003 0,000780
итальянская 2,357310 0,000673
кузнецов 2,421849 0,002075
рюкзаке 4,436752 0,001267
международный 1,258698 0,000359
скандала 2,421849 0,001383
разыграют 3,050457 0,000871
бомбардиры 2,357310 0,000673
матч 0,411400 0,001292
сербия 2,357310 0,000673
мба 3,183989 0,000909
языке 2,421849 0,000692
выиграли 1,518981 0,000434
ньюкасл 2,085376 0,001786
большунов 2,357310 0,000673
вторую 2,421849 0,000692
непростой 4,436752 0,001267
олимпиакос 2,085376 0,001191
серебро 1,871802 0,001069
динамо 0,663991 0,001706
албания 2,932674 0,000837
семь 2,038856 0,000582
корпоративный 5,129899 0,001465
попадет 5,129899 0,002930
самом 1,994404 0,000570
россияне 2,296685 0,000656
экспресс 1,416327 0,003235
сегодня 0,881403 0,000755
бормио 4,436752 0,001267
вещи 3,743604 0,001069
кошмар 3,050457 0,000871
команд 1,178655 0,001010
поздравили 4,436752 0,001267
такой 1,664163 0,000475
неожиданных 3,743604 0,001069
козлова 3,183989 0,000909
такое 2,185460 0,000624
выиграла 1,345709 0,000769
полуфинал 1,633391 0,003265
победную 2,644992 0,000755
лиги 0,895792 0,002814
глимт 2,038856 0,006986
удивлен 4,436752 0,001267
евротурнире 5,129899 0,001465
лиге 1,368699 0,001954
лига 0,402511 0,001954
рассказал 1,238078 0,000354
анисимову 5,129899 0,001465
александра 1,633391 0,000466
накануне 3,183989 0,000909
ради 2,421849 0,000692
летние 1,238078 0,000354
бойцов 3,050457 0,000871
военный 3,520461 0,001005
летний 1,834062 0,000524
олимпиаде 0,895792 0,009720
napoca 4,436752 0,001267
топ 1,238078 0,000707
читателей 3,338139 0,001906
олимпиада 1,104547 0,025232
центре 2,185460 0,001248
лихтенштейн 3,183989 0,000909
батраков 3,520461 0,002011
календарь 0,735450 0,000840
сложно 2,134166 0,000609
тринидад 3,338139 0,000953
олимпиаду 1,664163 0,001426
передачей 5,129899 0,001465
четвертьфинальном 3,520461 0,001005
бот 4,436752 0,001267
шанхай 2,644992 0,001511
история 0,555188 0,000159
олимпиады 0,925206 0,010304
почти 1,323236 0,001134
таблица 0,925206 0,000793
три 0,786093 0,000449
предстанет 4,031286 0,001151
евгений 1,258698 0,000359
гордон 3,050457 0,003484
таблице 2,296685 0,000656
клубный 1,871802 0,000534
норвегия 1,834062 0,002619
российская 0,799165 0,000456
чемпионами 1,664163 0,000475
хорватия 2,357310 0,000673
монстром 5,129899 0,001465
сильными 3,520461 0,001005
интером 3,520461 0,001005
джона 3,183989 0,000909
дебютируют 5,129899 0,001465
чемпион 0,867219 0,000248
подписал 1,911023 0,000546
челябинске 3,050457 0,000871
желтая 4,436752 0,001267
клебо 2,490841 0,004979
зимы 4,031286 0,001151
ушел 2,239527 0,001279
лыжи 1,019025 0,000582
голов 1,871802 0,000534
катание 0,534779 0,001680
боя 2,296685 0,000656
рекламы 2,490841 0,000711
как 0,232059 0,000464
первое 1,279751 0,000731
гаити 3,338139 0,000953
саудовская 1,951845 0,001115
алексей 1,238078 0,000707
голевой 5,129899 0,001465
премьер 1,217876 0,000696
pari 1,603538 0,000458
зубы 4,436752 0,001267
расписание 1,695912 0,001453
герцеговина 2,732003 0,000780
скромная 5,129899 0,001465
хоккеист 2,644992 0,002266
встрече 2,296685 0,000656
гуменника 2,564949 0,002930
дистанции 1,911023 0,001091
встречи 2,490841 0,000711
катания 3,743604 0,001069
трамплина 1,159607 0,000331
разочаровала 5,129899 0,001465
канадец 3,338139 0,001906
мхитарян 4,436752 0,001267
своих 1,345709 0,000384
короткой 2,085376 0,002382
ufc 1,441019 0,000823
третье 1,603538 0,000458
мужская 2,644992 0,000755
хамзат 2,357310 0,000673
чемпионов 0,652562 0,004286
второе 1,603538 0,000458
провала 4,031286 0,003453
хотели 3,520461 0,002011
финал 1,258698 0,001438
поведении 4,031286 0,001151
новый 0,940244 0,000268
рпл 1,140915 0,001303
новые 0,747872 0,000214
тур 1,546380 0,013247
медальный 1,911023 0,004366
жуткий 5,129899 0,001465
еще 0,955511 0,000819
ждет 3,338139 0,000953
пронесли 4,436752 0,001267
теннис 0,495170 0,000707
болеть 2,932674 0,000837
понервировали 5,129899 0,001465
йоханнес 2,185460 0,000624
удивила 3,743604 0,001069
ахмат 1,217876 0,000696
литва 2,644992 0,000755
фигурное 0,534779 0,001374
звездами 4,436752 0,001267
авторы 3,520461 0,001005
забила 3,183989 0,001818
рейс 2,732003 0,000780
тренироваться 2,827314 0,000807
клубной 3,520461 0,001005
ставки 1,603538 0,000916
полный 2,134166 0,000609
заметил 4,031286 0,001151
теги 2,732003 0,000780
максимов 4,031286 0,001151
александр 0,925206 0,000528
первом 1,052361 0,002404
рейса 4,436752 0,001267
а 0,209918 0,000360
в 0,017911 0,000685
особенное 4,436752 0,002534
г 0,925206 0,000264
д 0,895792 0,000256
е 0,867219 0,000495
ж 2,644992 0,000755
чехии 1,911023 0,000546
и 0,023953 0,000417
интер 1,633391 0,004664
перенес 4,031286 0,001151
джон 1,728701 0,000494
к 0,132686 0,000152
комо 2,421849 0,000692
м 0,534779 0,000916
льду 2,421849 0,001383
сравнял 3,338139 0,001906
н 0,895792 0,000256
альпинизм 1,323236 0,002645
о 0,042302 0,000157
венесуэла 3,338139 0,000953
п 1,086847 0,000621
с 0,036149 0,000444
она 0,825834 0,000236
т 1,368699 0,000782
у 0,342407 0,000978
триколор 4,436752 0,001267
экс 1,994404 0,000570
победного 3,338139 0,000953
х 0,986764 0,000845
китай 2,038856 0,002329
бенфики 2,827314 0,000807
скачать 0,895792 0,000256
звезд 2,185460 0,001248
косово 3,338139 0,000953
я 0,853233 0,000487
бенфика 2,644992 0,000755
сочи 0,853233 0,000487
футбол 0,285712 0,003753
мир 1,546380 0,000883
шестью 2,732003 0,000780
отметился 3,338139 0,000953
ювентус 2,421849 0,002075
четвертьфиналы 2,732003 0,000780
бенфику 2,932674 0,000837
португалия 2,296685 0,000656
дэвиса 1,633391 0,000466
ресурсе 2,296685 0,000656
устроил 3,183989 0,000909
вырвал 3,050457 0,001742
четвертьфинале 1,994404 0,003987
боец 2,827314 0,000807
время 0,384967 0,000330
советскую 5,129899 0,001465
австрия 2,239527 0,000639
краснодарец 5,129899 0,001465
атлетико 1,911023 0,003274
исландия 2,644992 0,000755
биография 4,031286 0,002302
кем 2,932674 0,001675
гаджеты 2,421849 0,000692
cпорт 5,129899 0,001465
придется 4,031286 0,003453
зачё 5,129899 0,001465
штрафного 3,050457 0,000871
добилась 3,743604 0,001069
четвертьфинала 3,338139 0,001906
побили 4,031286 0,001151
ищет 4,031286 0,001151
соцсетях 1,466337 0,000419
полярный 5,129899 0,001465
возглавляет 4,436752 0,003801
cluj 4,436752 0,001267
сенсаций 4,436752 0,002534
своего 1,368699 0,000391
сноуборд 1,238078 0,000354
соперников 1,664163 0,000475
американцы 2,932674 0,000837
победить 2,732003 0,002340
страдала 5,129899 0,001465
мма 1,069456 0,000916
австралия 2,239527 0,000639
пригласили 3,338139 0,001906
нелюбимой 5,129899 0,001465
юлаев 2,185460 0,001872
засуху 4,436752 0,001267
филиппов 3,050457 0,001742
счет 1,797694 0,002053
вчистую 5,129899 0,001465
олимпийский 0,853233 0,000487
историческая 4,436752 0,001267
оформить 4,436752 0,001267
млс 2,296685 0,000656
читать 0,586604 0,000838
игр 0,367725 0,000735
абсолютному 5,129899 0,001465
другому 2,827314 0,000807
вендел 2,490841 0,000711
командные 1,797694 0,001027
сказка 4,436752 0,001267
гран 1,518981 0,000867
щербаковой 5,129899 0,001465
расклады 3,183989 0,000909
командный 1,994404 0,000570
обязательно 2,357310 0,000673
этапе 1,633391 0,000933
треке 3,183989 0,001818
чехию 2,932674 0,000837
видео 0,699082 0,002395
чехия 1,518981 0,005639
польша 2,185460 0,000624
биатлон 0,534779 0,000458
олимпийских 0,799165 0,000456
оформил 2,490841 0,002845
шлем 1,951845 0,000557
учредитель 2,185460 0,000624
вылетела 3,520461 0,003016
такого 2,134166 0,000609
лишь 1,159607 0,000331
счетом 2,239527 0,001279
япония 1,994404 0,001139
янчук 5,129899 0,001465
спортсменка 2,085376 0,000595
решил 2,490841 0,001423
видеообзор 3,743604 0,025656
опросы 3,743604 0,001069
сможешь 5,129899 0,001465
сахалинске 4,031286 0,001151
бренд 3,338139 0,000953
удаление 2,421849 0,000692
хоккею 1,603538 0,000458
джин 2,134166 0,000609
выше 1,664163 0,000950
вторая 1,345709 0,000384
делать 2,644992 0,003776
запреты 3,743604 0,001069
отпуска 4,031286 0,002302
швейцария 1,603538 0,002747
японки 4,031286 0,001151
швейцарию 2,732003 0,002340
хаф 5,129899 0,002930
бакаев 3,183989 0,000909
латвия 1,834062 0,002095
берегу 4,031286 0,001151
хоккейный 2,185460 0,008737
русском 2,421849 0,000692
становится 1,664163 0,000475
преимущество 2,239527 0,000639
канадой 3,520461 0,001005
узнавать 5,129899 0,001465
москва 0,760451 0,000869
меню 2,932674 0,000837
девушки 2,421849 0,001383
братья 2,932674 0,001675
четверга 3,050457 0,000871
ушатайка 5,129899 0,001465
скандал 1,871802 0,002138
wta 2,038856 0,001164
результату 4,436752 0,001267
большой 1,069456 0,000305
дания 2,085376 0,002382
эта 0,867219 0,000248
результаты 0,910391 0,002600
офф 1,019025 0,002037
четвертьфинальные 4,436752 0,001267
зимняя 2,932674 0,001675
должен 1,122566 0,000321
греция 2,564949 0,000732
возвращение 1,762603 0,000503
матча 1,002764 0,004009
ахмату 4,436752 0,001267
мобильные 5,129899 0,001465
матчи 0,773190 0,000442
торпедо 1,574551 0,001349
реал 1,492313 0,000852
чем 0,747872 0,000214
матче 0,747872 0,003203
скучно 3,743604 0,001069
natus 4,436752 0,001267
хиль 4,436752 0,001267
стать 1,441019 0,000411
акрон 1,279751 0,001096
южно 3,743604 0,001069
хачановым 3,520461 0,001005
подойдут 5,129899 0,001465
вчера 1,518981 0,000434
был 0,663991 0,001138
керлинг 3,183989 0,010001
кого 2,085376 0,000595
круга 2,134166 0,000609
невезучий 5,129899 0,001465
это 0,277868 0,000317
операцию 3,338139 0,000953
синнер 2,932674 0,000837
станет 1,911023 0,000546
малайзия 3,183989 0,000909
ждали 3,743604 0,001069
девайсов 5,129899 0,001465
два 0,760451 0,000217
прыжок 2,827314 0,000807
дохе 2,296685 0,001967
стартовые 3,743604 0,002138
категориях 3,183989 0,000909
опрос 3,338139 0,000953
шиффрин 2,932674 0,000837
чехов 3,520461 0,002011
лада 2,185460 0,000624
хватило 2,932674 0,000837
назвали 2,644992 0,000755
поучиться 4,031286 0,003453
тренер 0,895792 0,000767
филиппины 3,183989 0,000909
зубная 5,129899 0,001465
таиланд 2,932674 0,000837
уехал 3,050457 0,000871
плакаты 3,520461 0,001005
черная 4,436752 0,001267
бронзу 2,085376 0,001191
телевизоров 4,436752 0,001267
новости 0,301585 0,001033
французы 3,183989 0,000909
северстали 2,932674 0,000837
вышла 1,466337 0,002931
финляндия 1,492313 0,000852
сыграют 2,490841 0,000711
первых 1,518981 0,001301
личности 3,743604 0,001069
стыковой 4,031286 0,004605
вышло 2,564949 0,002197
северсталь 2,134166 0,000609
нечто 4,436752 0,002534
ямайка 2,932674 0,000837
зеландия 2,827314 0,000807
вернулся 1,911023 0,001637
брюгге 1,951845 0,003344
германия 1,140915 0,002932
увидел 4,436752 0,001267
вина 4,031286 0,001151
хет 2,296685 0,001967
медалей 1,238078 0,000354
гонконг 3,520461 0,001005
германию 2,827314 0,000807
призером 3,520461 0,001005
стрикленд 4,031286 0,001151
бельгия 2,296685 0,000656
сравняла 5,129899 0,001465
программа 1,574551 0,002248
спецпроекты 2,421849 0,000692
ван 2,296685 0,001312
стыковом 2,564949 0,001465
ошибку 1,834062 0,000524
испугались 5,129899 0,004395
тайвань 3,520461 0,001005
исключенный 5,129899 0,001465
игровые 1,603538 0,000458
финляндии 2,421849 0,002075
пятерке 4,436752 0,001267
первые 0,971016 0,000277
минск 1,834062 0,000524
игры 0,376309 0,000430
первый 0,687247 0,001177
ошибки 2,185460 0,001872
февраля 0,232059 0,001723
мхл 1,603538 0,000458
непряева 2,932674 0,000837
программы 1,633391 0,001399
итог 2,732003 0,000780
пять 1,368699 0,000391
минут 1,258698 0,000359
вопрос 1,603538 0,000458
штольц 4,031286 0,002302
словакия 1,834062 0,002619
самых 1,546380 0,000883
раунде 1,951845 0,000557
соревнования 0,663991 0,000379
десятое 4,436752 0,002534
мбаппе 2,239527 0,000639
вауты 5,129899 0,002930
марта 0,881403 0,000252
крянин 5,129899 0,002930
хуже 2,732003 0,000780
fight 3,520461 0,001005
заплатить 2,932674 0,000837
прыжки 1,019025 0,000291
подборке 4,436752 0,001267
кто 0,839439 0,000240
публику 4,436752 0,001267
чили 2,932674 0,000837
винисиуса 2,644992 0,002266
подборка 4,031286 0,002302
технологии 1,574551 0,000450
кристьян 5,129899 0,001465
неделю 2,038856 0,000582
рубин 1,217876 0,001043
словакии 2,732003 0,000780
выезд 3,520461 0,001005
соревнований 0,881403 0,001762
советов 1,217876 0,000696
крутых 4,436752 0,001267
мчм 2,490841 0,000711
зимних 1,633391 0,000466
гленн 5,129899 0,001465
бессмысленно 3,338139 0,000953
аталанта 3,743604 0,001069
балтика 1,258698 0,001438
ао 2,564949 0,001465
свидетельства 4,031286 0,001151
растоптан 5,129899 0,001465
проверка 4,031286 0,001151
марнер 4,436752 0,002534
сам 1,871802 0,000534
сан 2,085376 0,000595
сборная 0,711058 0,001624
роли 2,296685 0,000656
квалификация 2,732003 0,003121
пятая 3,050457 0,000871
коростелева 3,743604 0,001069
еврохоккейтур 5,129899 0,001465
санный 1,301257 0,000372
женский 1,441019 0,000411
зимние 1,159607 0,000331
азербайджан 2,644992 0,000755
олимпийскую 2,185460 0,000624
фристайл 1,279751 0,002558
бы 1,052361 0,000902
даты 2,644992 0,000755
уефа 1,466337 0,000419
наши 1,323236 0,000378
женщин 1,368699 0,000391
трик 3,183989 0,002728
сказал 1,762603 0,000503
кхл 0,760451 0,002823
россии 0,160085 0,000549
фитнес 1,574551 0,000899
сделал 1,695912 0,000484
поняли 4,436752 0,001267
кубок 0,524729 0,001049
баллов 2,564949 0,001465
третий 1,416327 0,000404
во 0,495170 0,000283
вс 3,183989 0,002728
вт 4,436752 0,002534
уже 0,687247 0,000981
дата 0,881403 0,000252
лидеры 2,085376 0,001191
остаток 3,338139 0,000953
вы 0,325878 0,000093
мячи 2,490841 0,000711
результатах 3,743604 0,001069
зарплаты 2,239527 0,001918
пары 2,296685 0,001967
судом 3,743604 0,001069
кипр 3,050457 0,000871
трактор 2,134166 0,001828
обезьяной 3,743604 0,002138
турниры 0,895792 0,000256
гарантирую 4,436752 0,001267
россия 0,699082 0,000399
го 1,279751 0,000731
россию 1,951845 0,000557
конца 1,546380 0,001325
рекорд 1,198073 0,001026
рассказали 3,183989 0,000909
свой 1,217876 0,000348
возьмет 4,436752 0,001267
болельщики 1,834062 0,001047
пари 1,301257 0,000743
рассказала 2,296685 0,000656
чтобы 0,773190 0,000442
итогах 4,031286 0,001151
плей 1,002764 0,002004
разгромить 3,743604 0,001069
подглядывать 5,129899 0,001465
невероятном 4,436752 0,002534
авторские 3,338139 0,000953
студия 4,436752 0,001267
казахстан 1,301257 0,000743
большая 1,069456 0,000916
перед 0,839439 0,000240
запомнился 3,520461 0,001005
до 0,239550 0,000342
турнира 0,839439 0,001438
коростелев 3,183989 0,000909
утра 3,050457 0,001742
турнире 1,198073 0,000684
трех 2,732003 0,001560
японцы 3,338139 0,000953
мирра 2,357310 0,000673
забыл 4,031286 0,002302
полезных 4,031286 0,001151
медалям 3,520461 0,003016
трек 1,159607 0,000331
карабах 2,038856 0,001747
люксембург 2,732003 0,000780
издается 5,129899 0,001465
пьер 2,134166 0,000609
лыжное 1,279751 0,000365
кинг 2,239527 0,000639
полевых 3,050457 0,000871
баскетбол 0,773190 0,000442
дебют 2,421849 0,000692
mls 2,421849 0,000692
доминируют 3,743604 0,001069
для 0,146292 0,000292
галлямова 4,436752 0,001267
лиссабоне 4,031286 0,002302
флаг 1,279751 0,000731
одиночное 4,031286 0,002302
сплошное 5,129899 0,001465
выбила 4,031286 0,004605
пропустит 3,338139 0,000953
вид 1,104547 0,000315
днк 4,031286 0,001151
горные 3,743604 0,001069
козлов 2,644992 0,000755
жк 4,436752 0,001267
гимнастку 4,436752 0,001267
юар 2,490841 0,000711
дебютирует 3,338139 0,000953
путь 1,834062 0,000524
сингапур 3,183989 0,000909
российского 1,603538 0,000916
что 0,239550 0,000752
медали 0,971016 0,001386
поставил 2,732003 0,001560
чему 2,827314 0,000807
марафоне 3,338139 0,000953
за 0,125952 0,000611
победил 1,279751 0,002193
минское 2,564949 0,001465
совсем 2,827314 0,000807
рейтинг 0,565551 0,000646
медаль 1,416327 0,000809
рабинер 3,743604 0,001069
было 0,438551 0,000125
энтони 2,038856 0,000582
подробнее 0,723179 0,000207
зачет 3,050457 0,005226
американка 2,932674 0,001675
зимней 2,239527 0,001279
карточку 2,644992 0,000755
расистского 3,338139 0,001906
летием 3,520461 0,001005
фавориты 4,031286 0,001151
несмотря 1,762603 0,000503
плющенко 2,239527 0,001279
костюм 4,031286 0,002302
венгрия 2,564949 0,000732
пройдет 2,421849 0,000692
великобритания 2,185460 0,001248
дня 1,104547 0,002839
была 0,652562 0,000373
любое 2,644992 0,002266
гола 1,951845 0,001115
загадывала 5,129899 0,001465
петросян 1,441019 0,007818
голе 4,436752 0,002534
из 0,106018 0,000303
показательные 1,466337 0,000837
нба 1,546380 0,000442
их 0,799165 0,000913
бойцовский 4,436752 0,001267
над 0,986764 0,000845
дней 1,416327 0,000404
домой 2,932674 0,001675
план 2,564949 0,000732
хоккей 0,376309 0,002257
спартак 0,786093 0,001571
вывесили 3,338139 0,000953
драйзайтлем 5,129899 0,001465
хоккее 2,038856 0,001164
участников 1,159607 0,000331
продолжится 4,031286 0,001151
петей 5,129899 0,001465
демонов 5,129899 0,001465
полуфинале 2,038856 0,000582
двоеборье 1,217876 0,001043
сперцян 3,743604 0,001069
ска 1,279751 0,000731
словения 2,490841 0,000711
обстоятельствах 4,031286 0,003453
байер 1,994404 0,001139
серию 1,466337 0,000419
ски 1,069456 0,002138
серия 1,052361 0,000301
цска 0,711058 0,001421
альбомы 4,031286 0,001151
аргентина 2,421849 0,000692
шикарное 5,129899 0,001465
овечкин 1,762603 0,001007
мадагаскар 3,520461 0,001005
тела 2,134166 0,000609
vincere 4,436752 0,001267
поедут 3,743604 0,001069
домашнее 3,183989 0,000909
глазах 3,183989 0,000909
даку 3,183989 0,000909
км 2,038856 0,001164
марокко 2,932674 0,000837
киргизия 4,436752 0,001267
кр 3,520461 0,002011
разгромило 3,183989 0,000909
лыжные 1,140915 0,000977
пайп 4,436752 0,002534
которые 0,760451 0,000217
ирландия 2,421849 0,000692
который 0,799165 0,000228
конькобежный 1,238078 0,000354
неделчару 5,129899 0,001465
сорок 3,520461 0,001005
спас 3,520461 0,002011
турция 2,421849 0,000692
коуч 5,129899 0,001465
ла 1,762603 0,001007
трансферное 2,932674 0,000837
эмоциями 3,338139 0,000953
престижном 4,436752 0,001267
победа 1,238078 0,001061
родном 4,031286 0,001151
ли 1,198073 0,000684
женская 2,239527 0,001279
олимпийском 2,490841 0,001423
спортивная 1,159607 0,000331
периода 2,085376 0,000595
баллы 3,520461 0,001005
лч 2,185460 0,003120
сми 1,546380 0,000883
ассистенты 4,031286 0,001151
классика 3,050457 0,000871
кения 3,183989 0,000909
червенка 4,436752 0,001267
тайме 2,732003 0,001560
лю 3,338139 0,000953
квизы 4,436752 0,001267
будем 2,490841 0,000711
олимпийское 2,490841 0,000711
сохраняет 3,743604 0,001069
уступил 1,994404 0,000570
будет 0,825834 0,000472
герой 2,827314 0,000807
собой 1,279751 0,000731
место 0,597299 0,001194
бисау 3,338139 0,000953
аманду 5,129899 0,001465
мх 1,728701 0,000987
эрнандес 3,743604 0,001069
недоумении 4,436752 0,001267
анны 4,031286 0,001151
нее 3,050457 0,000871
сборной 0,825834 0,000236
начала 1,238078 0,000354
мы 0,925206 0,001057
статей 2,134166 0,000609
победила 1,762603 0,001007
на 0,023953 0,000506
прошел 2,185460 0,000624
не 0,099461 0,000937
выбор 2,827314 0,000807
форвард 2,421849 0,000692
травму 1,911023 0,000546
досрочно 2,421849 0,001383
золотой 1,911023 0,001091
эстафет 4,031286 0,002302
онлайн 0,773190 0,001987
нн 2,564949 0,001465
но 0,402511 0,001034
модели 2,932674 0,000837
норвежский 3,183989 0,000909
андорра 3,050457 0,000871
об 0,217244 0,000186
завоевала 1,695912 0,000484
нем 2,085376 0,000595
мадонна 5,129899 0,001465
вулверхэмптон 2,564949 0,000732
полоса 3,183989 0,000909
нет 0,825834 0,000707
трехкратную 5,129899 0,001465
армения 2,827314 0,000807
мужчины 1,019025 0,004365
он 0,534779 0,000611
хоккейном 2,732003 0,002340
зарубежную 5,129899 0,001465
северная 2,357310 0,000673
youtube 1,797694 0,000513
мартинес 4,031286 0,001151
году 0,630089 0,000360
от 0,160085 0,000549
жулин 4,031286 0,001151
бразильца 3,050457 0,000871
статистика 0,652562 0,000745
бокс 0,576022 0,000493
все 0,125952 0,000575
характеристиками 4,031286 0,001151
норвежского 4,436752 0,002534
алькарас 2,134166 0,000609
алькараса 4,031286 0,001151
проиграли 2,421849 0,000692
возможность 1,728701 0,000494
пн 4,436752 0,002534
года 0,239550 0,000205
по 0,073653 0,000252
поддержала 4,031286 0,001151
эстафету 3,338139 0,001906
чехи 3,520461 0,004021
пт 4,436752 0,003801
коста 2,932674 0,000837
информация 1,035554 0,000296
мишиной 4,436752 0,001267
круг 1,951845 0,000557
допущенный 4,436752 0,001267
латынину 3,743604 0,001069
вся 2,564949 0,002930
открыл 2,932674 0,000837
очень 1,140915 0,000326
всё 1,159607 0,000331
эстафета 2,564949 0,000732
вничью 1,797694 0,001027
игроками 1,695912 0,000969
маккиннон 2,239527 0,000639
боливия 3,520461 0,001005
никак 3,338139 0,000953
леванте 2,932674 0,000837
