законным 3,183989 0,003024
новый 0,940244 0,000893
шипачевтай 5,129899 0,004872
основанием 2,932674 0,002785
найти 2,085376 0,001980
письмо 2,732003 0,002594
еще 0,955511 0,015426
летуноввладимир 5,129899 0,004872
спасибо 2,357310 0,002239
теннис 0,495170 0,000470
адмирал 3,050457 0,002897
обзор 2,134166 0,002027
фигурное 0,534779 0,000508
согласие 2,564949 0,004872
центр 0,881403 0,000837
петербург 1,633391 0,004654
доступ 2,827314 0,005370
миа 3,050457 0,005794
теги 2,732003 0,002594
задать 2,932674 0,002785
автору 3,183989 0,003024
позор 4,031286 0,003828
google 2,644992 0,002512
александр 0,925206 0,000879
связаться 3,183989 0,018142
а 0,209918 0,000199
должны 1,178655 0,001119
тут 2,490841 0,002365
в 0,017911 0,000391
г 0,925206 0,001757
д 0,895792 0,001701
left 2,085376 0,007922
реклама 0,735450 0,000698
фото 0,799165 0,000759
чехии 1,911023 0,003630
и 0,023953 0,000296
политика 0,239550 0,000227
связь 1,392229 0,002644
к 0,132686 0,000252
о 0,042302 0,000040
санкт 1,279751 0,003646
с 0,036149 0,000549
готово 3,050457 0,005794
у 0,342407 0,000650
течение 1,238078 0,001176
разгромил 2,296685 0,002181
авто 0,925206 0,000879
звезд 2,185460 0,002075
футорпедошанхайские 5,129899 0,004872
торпедоанонсы 5,129899 0,004872
информационных 2,421849 0,002300
размещения 3,183989 0,003024
футбол 0,285712 0,000271
конфиденциальности 0,317714 0,001207
связи 1,159607 0,006607
заголовок 3,050457 0,005794
процесса 2,932674 0,002785
адресу 3,050457 0,005794
проблему 2,732003 0,002594
a 1,392229 0,001322
c 1,546380 0,002937
четвертьфинале 1,994404 0,001894
e 1,603538 0,003046
время 0,384967 0,000731
при 0,367725 0,000698
данных 1,871802 0,014221
письма 2,134166 0,002027
хваленых 4,031286 0,003828
r 2,085376 0,001980
часов 2,085376 0,003961
соглашаетесь 2,932674 0,002785
кузнецовсалават 5,129899 0,004872
v 1,951845 0,001854
восстановления 2,564949 0,002436
ранее 1,104547 0,001049
главный 1,035554 0,001967
данные 1,834062 0,001742
фс 2,085376 0,001980
город 1,871802 0,001778
разблокировать 3,183989 0,009071
вырвала 3,183989 0,006047
фотографию 2,932674 0,002785
обращаем 3,183989 0,003024
марнерматериалы 5,129899 0,004872
новостеймолния 3,183989 0,003024
написать 3,050457 0,002897
отправлено 3,183989 0,003024
юлаевтракторкхл 5,129899 0,004872
div 2,357310 0,008955
rian 3,183989 0,006047
сначала 1,664163 0,001580
одноклассники 2,564949 0,004872
паркер 4,031286 0,003828
показать 0,825834 0,000784
кнопку 2,732003 0,002594
коммуникаций 2,296685 0,002181
олимпийские 0,895792 0,005104
юлаев 2,185460 0,002075
пароль 2,732003 0,015567
хоккейзимние 5,129899 0,014615
кросбироман 5,129899 0,004872
пароля 3,050457 0,011588
перейдите 3,183989 0,003024
спорта 0,342407 0,000325
седлакмитч 5,129899 0,004872
победу 0,910391 0,001729
вход 2,239527 0,002127
анонсы 2,932674 0,002785
продукты 2,827314 0,002685
закрыто 3,183989 0,003024
удалено 3,183989 0,003024
сколько 1,834062 0,001742
материалов 1,217876 0,004626
гаврилова 3,183989 0,003024
отправлена 3,183989 0,003024
чате 3,183989 0,003024
хоккейспортзимние 5,129899 0,009743
получил 1,002764 0,000952
обыграла 1,911023 0,001815
себе 1,546380 0,001469
всех 0,652562 0,000620
чату 3,183989 0,003024
расположенному 3,183989 0,006047
редакцией 2,490841 0,002365
биатлон 0,534779 0,000508
учредитель 2,185460 0,002075
рассмотрены 3,050457 0,002897
мое 2,827314 0,005370
едва 2,932674 0,002785
ссылка 0,786093 0,001493
последние 1,178655 0,001119
ссылке 3,050457 0,002897
counter 1,911023 0,003630
ссылки 0,839439 0,000797
перетяните 3,183989 0,003024
архив 1,258698 0,001195
помочь 2,296685 0,002181
олимпиадой 2,932674 0,002785
единоборства 2,239527 0,002127
ошибках 2,932674 0,002785
хоккея 2,239527 0,006380
обязательны 3,050457 0,020278
вынесли 3,743604 0,003555
игроков 1,238078 0,001176
выпуска 2,932674 0,002785
формой 2,644992 0,010047
списка 2,732003 0,002594
роскомнадзор 2,644992 0,002512
ria 2,932674 0,002785
драконыкхл 5,129899 0,009743
блокировался 3,183989 0,003024
лехконеннациональная 5,129899 0,004872
через 0,971016 0,000922
москва 0,760451 0,002167
воспользоваться 3,050457 0,002897
входа 2,932674 0,002785
id 2,732003 0,010378
https 0,699082 0,001992
швейцарии 2,296685 0,002181
моё 2,932674 0,002785
выносят 4,031286 0,003828
федеральное 2,827314 0,002685
федеральной 2,357310 0,002239
хейсканенарттури 5,129899 0,004872
международное 2,185460 0,006226
офф 1,019025 0,000968
будут 1,392229 0,001322
новостей 1,574551 0,001495
лучших 1,198073 0,001138
tns 3,183989 0,003024
политикой 2,732003 0,007783
команду 1,217876 0,001157
торпедо 1,574551 0,002991
чем 0,747872 0,000710
матче 0,747872 0,002841
обработки 2,296685 0,004362
даю 3,050457 0,005794
js 2,827314 0,002685
обработку 2,932674 0,005570
обратной 3,050457 0,014485
кросби 1,994404 0,001894
редакции 1,951845 0,003707
вчера 1,518981 0,017310
обращений 3,183989 0,003024
top 1,728701 0,001642
это 0,277868 0,000264
обработка 2,827314 0,002685
назвала 3,183989 0,003024
хоккейсидни 5,129899 0,004872
новую 1,664163 0,001580
описанием 3,050457 0,002897
массовых 2,134166 0,002027
пройдена 3,183989 0,003024
только 0,447767 0,000425
используется 1,633391 0,001551
зарегистрироваться 2,932674 0,011140
пожаловаться 3,183989 0,003024
новости 0,301585 0,001718
войти 0,735450 0,002794
нхл 0,925206 0,004393
электронной 2,564949 0,002436
mail 1,301257 0,004943
или 0,576022 0,003282
вышла 1,466337 0,002785
недели 2,357310 0,002239
эл 2,134166 0,002027
действия 1,797694 0,001707
защита 1,797694 0,001707
mc 2,421849 0,006900
www 1,392229 0,001322
регистрация 2,185460 0,006226
северсталь 2,134166 0,004053
почему 1,122566 0,001066
использования 0,393700 0,000374
восстановление 2,732003 0,007783
вопросам 2,490841 0,004731
border 3,183989 0,003024
нэтан 2,564949 0,002436
государственное 2,732003 0,002594
utf 3,183989 0,003024
alt 2,185460 0,010377
вконтакте 1,911023 0,003630
спецпроекты 2,421849 0,002300
tmsec 3,183989 0,003024
просим 3,183989 0,003024
заблокирован 3,183989 0,003024
нарушение 1,797694 0,005122
навсегда 2,564949 0,002436
ошибку 1,834062 0,001742
na 2,490841 0,002365
защиты 2,134166 0,002027
финляндии 2,421849 0,002300
назад 1,140915 0,005417
обращения 0,925206 0,001757
position 2,085376 0,007922
минск 1,834062 0,001742
игры 0,376309 0,002144
февраля 0,232059 0,001102
ошибка 2,644992 0,002512
fwz 2,827314 0,002685
вопрос 1,603538 0,001523
зубовский 3,183989 0,006047
подтверждаете 3,050457 0,002897
позора 3,520461 0,003343
заполнить 3,050457 0,005794
вас 2,564949 0,002436
матчей 0,940244 0,002679
ваш 2,732003 0,010378
осуществляется 2,490841 0,002365
другие 0,384967 0,000731
имя 1,603538 0,007614
beta 3,183989 0,003024
хоккейная 2,421849 0,006900
салават 2,134166 0,002027
надзору 2,421849 0,002300
мировых 2,421849 0,002300
срок 2,085376 0,003961
src 2,239527 0,010634
издание 1,911023 0,001815
бульвар 3,183989 0,006047
заполните 3,183989 0,015119
хотите 3,050457 0,002897
технологий 2,239527 0,004254
сетевое 2,085376 0,001980
вновь 1,574551 0,001495
сменить 2,564949 0,002436
чемпионатов 1,416327 0,001345
буллитов 3,743604 0,003555
материал 0,825834 0,000784
участвовать 1,518981 0,002885
сообщить 0,799165 0,000759
sport 1,122566 0,002132
успешно 1,911023 0,001815
скриншот 3,183989 0,009071
лента 1,633391 0,003102
px 2,185460 0,008302
сузукимитч 5,129899 0,004872
спорт 0,224624 0,000427
заблокированы 3,183989 0,003024
сфере 2,296685 0,002181
спортавторы 5,129899 0,004872
пастрняксидни 5,129899 0,004872
свидетельство 2,564949 0,002436
height 3,050457 0,005794
сборная 0,711058 0,001351
правила 0,910391 0,001729
линглехк 5,129899 0,004872
взаимодействия 2,932674 0,005570
продлил 2,827314 0,002685
северсталькхл 5,129899 0,009743
сохранить 2,357310 0,002239
информационное 2,932674 0,008355
кросбизимние 5,129899 0,004872
комментирования 3,183989 0,006047
хоккейспортевгений 5,129899 0,004872
хоккейска 5,129899 0,004872
можно 1,002764 0,000952
ахомиро 5,129899 0,004872
зож 2,827314 0,002685
кхл 0,760451 0,007222
пресс 1,086847 0,002064
россии 0,160085 0,000152
применения 2,357310 0,002239
ru 0,285712 0,002442
федеральному 3,183989 0,006047
во 0,495170 0,000470
персональных 2,185460 0,016604
произошла 2,421849 0,002300
rss 2,085376 0,001980
ваше 3,050457 0,023175
дата 0,881403 0,000837
сайте 1,217876 0,001157
ваши 2,564949 0,002436
раз 0,504926 0,002398
вы 0,325878 0,002785
фио 3,050457 0,002897
восстановить 2,932674 0,002785
пожалуйста 1,633391 0,001551
драконы 2,644992 0,002512
трактор 2,134166 0,002027
версия 0,485508 0,000461
ниже 1,762603 0,005022
вопроса 2,932674 0,002785
россия 0,699082 0,004647
россию 1,951845 0,001854
поля 1,603538 0,010660
смотреть 1,695912 0,003221
watch 2,357310 0,006716
absolute 2,296685 0,008724
хоккейспортмаксим 5,129899 0,004872
государственному 3,183989 0,006047
чтобы 0,773190 0,003671
да 1,911023 0,001815
плей 1,002764 0,000952
регистрации 2,421849 0,004600
хоккейспортниколай 5,129899 0,004872
loader 3,183989 0,006047
сайт 0,773190 0,001469
поле 1,217876 0,001157
до 0,239550 0,000227
трансляции 1,441019 0,002737
сервисы 2,644992 0,002512
зарегистрировано 1,951845 0,001854
другое 1,834062 0,001742
поддерживаетсяполучить 3,183989 0,003024
адрес 2,038856 0,005809
соответствии 1,086847 0,002064
загрузите 2,185460 0,002075
сообщения 2,932674 0,011140
голдобинруслан 5,129899 0,004872
ее 1,871802 0,003555
загрузить 2,732003 0,002594
направлении 2,357310 0,002239
ткачев 4,436752 0,004213
телефон 2,134166 0,002027
замеченных 3,183989 0,003024
отправки 3,050457 0,002897
смитшарль 5,129899 0,004872
унитарному 3,183989 0,006047
для 0,146292 0,001528
флаг 1,279751 0,001215
сообщение 3,050457 0,028969
internet 2,932674 0,002785
старые 2,490841 0,002365
выберите 2,239527 0,006380
мото 1,574551 0,001495
попробуйте 2,932674 0,002785
национальная 1,574551 0,001495
после 0,317714 0,000302
овечкинвашингтон 5,129899 0,004872
чудом 3,520461 0,003343
apple 3,050457 0,002897
что 0,239550 0,000682
поражений 2,490841 0,002365
защитой 2,932674 0,005570
за 0,125952 0,000478
статьи 0,524729 0,000498
минское 2,564949 0,002436
канада 1,301257 0,002472
авторизация 3,183989 0,003024
подтвердите 3,050457 0,002897
рейтинг 0,565551 0,000537
логином 3,183989 0,003024
форма 1,695912 0,001611
марнерлукаш 5,129899 0,004872
галочку 3,183989 0,003024
контакты 1,258698 0,001195
было 0,438551 0,000416
следит 3,050457 0,002897
материале 2,827314 0,005370
перетащите 3,183989 0,009071
материала 2,490841 0,004731
были 0,799165 0,000759
вашего 3,050457 0,002897
паролем 3,183989 0,003024
если 0,675551 0,002566
способы 2,644992 0,005024
канады 1,217876 0,002313
обо 2,932674 0,002785
зарегистрируйтесь 3,183989 0,003024
заменившую 5,129899 0,004872
из 0,106018 0,000201
кэпиталзнациональная 5,129899 0,004872
скореновска 5,129899 0,004872
дискуссии 2,827314 0,005370
редактор 2,085376 0,001980
абросимовалександр 5,129899 0,004872
унитарное 3,050457 0,002897
форму 1,797694 0,011950
тема 2,490841 0,007096
отправленного 3,183989 0,003024
хоккей 0,376309 0,001787
спартак 0,786093 0,001493
вывесили 3,338139 0,003170
рекомендательных 3,050457 0,002897
связанные 0,881403 0,000837
чехияканадавокруг 5,129899 0,004872
данная 2,732003 0,002594
ска 1,279751 0,002431
риа 1,466337 0,005570
обратная 1,441019 0,002737
серию 1,466337 0,001393
червенкалукаш 5,129899 0,004872
связанных 1,911023 0,001815
проставляя 3,183989 0,003024
опишите 3,183989 0,003024
нефтехимиккхл 5,129899 0,004872
заполнения 3,050457 0,020278
овечкин 1,762603 0,001674
полезное 3,183989 0,003024
style 2,085376 0,009902
службе 2,421849 0,002300
релизов 3,050457 0,002897
серии 1,159607 0,001101
ваших 2,827314 0,005370
матч 0,411400 0,000781
почты 2,932674 0,002785
разгромило 3,183989 0,003024
rsport 2,932674 0,002785
агентство 2,185460 0,006226
динамо 0,663991 0,001261
правил 1,323236 0,003770
хоккейшанхайские 5,129899 0,004872
признался 2,644992 0,002512
авторизуйтесь 3,050457 0,002897
авторизоваться 3,183989 0,003024
сегодня 0,881403 0,005022
агентства 2,490841 0,002365
седлак 5,129899 0,004872
агентстве 3,183989 0,003024
расширенный 3,183989 0,003024
обеспечило 3,520461 0,003343
маккиннонконнор 5,129899 0,004872
полуфинал 1,633391 0,003102
канадачехияник 5,129899 0,004872
width 3,050457 0,005794
новыесначала 3,183989 0,003024
место 0,597299 0,000567
шапка 3,183989 0,003024
отправить 2,490841 0,026020
продолжить 2,134166 0,002027
лига 0,402511 0,001147
решении 2,732003 0,002594
воспользуйтесь 3,183989 0,009071
олимпиаде 0,895792 0,000851
участие 0,597299 0,000567
аккаунт 3,183989 0,012095
на 0,023953 0,000296
обсуждение 0,881403 0,000837
не 0,099461 0,000850
опечатка 3,183989 0,003024
использовать 1,603538 0,001523
травму 1,911023 0,001815
блокировки 3,050457 0,002897
досрочно 2,421849 0,002300
онлайн 0,773190 0,002203
контактов 3,050457 0,002897
почта 2,564949 0,014615
апреля 1,052361 0,000999
олимпиады 0,925206 0,004393
фамилия 3,050457 0,002897
себастьян 3,183989 0,003024
яндекс 2,490841 0,004731
нами 0,853233 0,005672
об 0,217244 0,000206
удалили 2,932674 0,008355
либо 1,140915 0,001083
вакансии 2,421849 0,002300
нет 0,825834 0,000784
аккаунту 3,183989 0,003024
открываемого 3,183989 0,006047
авангардска 5,129899 0,004872
хоккейном 2,732003 0,002594
нажимая 2,827314 0,002685
перерыва 2,134166 0,002027
поиск 0,735450 0,000698
img 2,185460 0,010377
вами 2,827314 0,002685
недопустимое 3,183989 0,003024
от 0,160085 0,000152
согласны 2,932674 0,008355
истек 3,183989 0,003024
катание 0,534779 0,000508
рекламы 2,490841 0,002365
предприятию 3,183989 0,006047
внимание 1,871802 0,001778
все 0,125952 0,000957
принимать 2,134166 0,002027
сможете 3,050457 0,002897
года 0,239550 0,000227
по 0,073653 0,000420
stories 3,050457 0,002897
макдэвидмартин 5,129899 0,004872
ознакомлены 3,183989 0,003024
избежала 4,031286 0,003828
моих 3,050457 0,005794
хоккейспортвадим 5,129899 0,004872
yandex 2,239527 0,006380
предприятие 2,827314 0,002685
обсуждения 2,490841 0,002365
нечасканадачехиядавид 5,129899 0,004872
блокировкой 3,183989 0,009071
