специальным 3,743604 0,003391
català 1,086847 0,000984
определяют 2,827314 0,002561
dansk 1,069456 0,000969
fil 4,436752 0,004019
комбинезоны 4,031286 0,003652
новые 0,747872 0,000677
ещё 0,420369 0,000381
экспорт 0,986764 0,000894
са 3,743604 0,003391
ухудшения 4,436752 0,004019
управляется 5,129899 0,004647
теннис 0,495170 0,000897
luge 5,129899 0,013940
водно 1,762603 0,001597
играх 0,699082 0,001266
специальные 2,421849 0,004387
см 0,955511 0,002596
tatarça 1,392229 0,001261
фигурное 0,534779 0,000484
финский 1,633391 0,001480
日本語 1,035554 0,000938
со 0,447767 0,001217
некоторых 1,762603 0,001597
играм 2,421849 0,004387
просмотры 0,986764 0,000894
проведён 2,038856 0,001847
فارسی 1,104547 0,001000
воду 1,492313 0,001352
располагается 2,932674 0,002656
санки 5,129899 0,004647
парусный 1,574551 0,001426
беларуская 1,069456 0,001937
заявление 0,867219 0,000786
перчатки 2,827314 0,005122
турнирах 1,871802 0,001695
важным 3,183989 0,002884
рейн 4,436752 0,004019
пом 1,695912 0,001536
а 0,209918 0,000380
в 0,017911 0,000535
викимедиа 0,986764 0,000894
естественная 5,129899 0,004647
содержание 0,971016 0,001759
eesti 1,069456 0,000969
и 0,023953 0,000282
политика 0,239550 0,000217
определяется 2,038856 0,001847
к 0,132686 0,000481
велоспорт 1,178655 0,001068
čeština 1,035554 0,000938
о 0,042302 0,000115
альпинизм 1,323236 0,001199
санкт 1,279751 0,001159
она 0,825834 0,000748
с 0,036149 0,000458
сейчас 1,104547 0,001000
скейтбординг 1,762603 0,001597
rennrodeln 5,129899 0,004647
течение 1,238078 0,001121
дополнительные 0,986764 0,000894
викисклад 1,035554 0,001876
скачать 0,895792 0,001623
заглавная 0,986764 0,000894
шипами 4,031286 0,003652
складывается 4,031286 0,003652
винтерберг 5,129899 0,004647
корфбол 1,762603 0,001597
сочи 0,853233 0,000773
каноэ 1,633391 0,001480
футбол 0,285712 0,001294
конфиденциальности 0,317714 0,000288
атлетика 1,052361 0,001906
скоростном 5,129899 0,004647
by 0,971016 0,000880
регби 0,955511 0,001731
должна 1,238078 0,001121
видах 2,038856 0,001847
wikipedia 0,986764 0,001788
русский 0,839439 0,000760
копия 1,574551 0,001426
cc 0,986764 0,000894
мячом 1,104547 0,001000
метров 1,762603 0,001597
македонски 1,258698 0,001140
время 0,384967 0,000697
fédération 3,743604 0,003391
зависящем 5,129899 0,004647
австрия 2,239527 0,002029
каната 1,762603 0,001597
про 1,301257 0,001179
поведения 0,895792 0,000811
ушу 1,728701 0,001566
каталанская 1,695912 0,001536
санями 4,436752 0,004019
алфавиту 1,159607 0,001050
ресурсы 1,104547 0,001000
саночник 3,743604 0,003391
викиновости 1,238078 0,001121
тобоггана 5,129899 0,004647
победитель 1,258698 0,001140
w 0,955511 0,000865
представились 0,986764 0,000894
fibt 4,436752 0,004019
z 3,743604 0,003391
также 0,663991 0,002406
литовская 2,085376 0,001889
العربية 1,069456 0,000969
стартовать 4,031286 0,003652
спорту 2,038856 0,005540
фризский 1,762603 0,001597
de 1,871802 0,003391
粵語 1,178655 0,001068
библиографических 1,323236 0,001199
разработчики 0,986764 0,000894
состоит 1,546380 0,001401
траве 1,466337 0,002656
викиданных 0,986764 0,000894
தம 1,492313 0,001352
норвежская 1,603538 0,001452
schlittensportverband 5,129899 0,004647
построено 3,743604 0,003391
снова 1,574551 0,001426
северный 3,520461 0,003189
находиться 2,185460 0,001980
викискладе 1,217876 0,002206
оберхоф 4,436752 0,004019
сноуборд 1,238078 0,001121
правки 0,986764 0,001788
построена 3,520461 0,003189
санном 4,436752 0,004019
олимпийские 0,895792 0,001623
нагано 2,827314 0,002561
уменьшить 3,183989 0,002884
лиллехаммер 3,183989 0,002884
однако 1,069456 0,000969
олимпийским 1,492313 0,002703
internationale 3,183989 0,005768
порядок 2,421849 0,002194
диапазоне 4,436752 0,004019
спорта 0,342407 0,004342
олимпийский 0,853233 0,000773
баскская 1,762603 0,001597
хёрлинг 1,762603 0,001597
спорте 2,038856 0,001847
системе 0,867219 0,000786
читать 0,586604 0,000531
игр 0,367725 0,000666
укороченной 4,436752 0,004019
каталогах 1,323236 0,001199
проектах 0,986764 0,000894
могут 0,760451 0,001378
http 3,183989 0,002884
việt 1,140915 0,001033
отказ 0,910391 0,000825
собрание 3,520461 0,003189
сохранением 0,986764 0,000894
дзюдо 1,466337 0,001328
англ 1,159607 0,002101
немецкого 3,520461 0,003189
датская 1,518981 0,001376
синхронное 1,664163 0,001507
плохого 4,031286 0,003652
волейбол 1,019025 0,000923
title 0,986764 0,000894
олимпийских 0,799165 0,002896
плавание 1,198073 0,002170
биатлон 0,534779 0,000484
пожертвовать 0,986764 0,000894
поиску 0,971016 0,000880
гонки 1,002764 0,001817
саней 4,436752 0,004019
берт 4,436752 0,004019
htm 3,743604 0,003391
странах 1,574551 0,001426
последний 0,773190 0,000700
ссылка 0,786093 0,001424
ссылки 0,839439 0,003802
pdf 0,940244 0,000852
中文 1,035554 0,000938
обувь 3,743604 0,003391
описание 0,986764 0,000894
спортивное 2,134166 0,001933
спринте 2,357310 0,002135
bahasa 1,086847 0,000984
трассах 4,031286 0,003652
самая 1,911023 0,001731
среди 0,597299 0,000541
побеждает 3,338139 0,003024
представителей 2,239527 0,002029
нный 5,129899 0,004647
спуске 4,031286 0,003652
замене 4,436752 0,004019
lietuvių 1,140915 0,001033
отдельных 0,986764 0,000894
дрездене 4,436752 0,004019
https 0,699082 0,000633
швейцарии 2,296685 0,002080
современное 1,574551 0,001426
стрельба 1,492313 0,002703
квадах 1,762603 0,001597
мориц 3,338139 0,003024
татарча 1,392229 0,001261
tiếng 1,140915 0,001033
словари 1,217876 0,001103
עברית 1,052361 0,000953
парах 3,183989 0,002884
команда 0,663991 0,000601
index 0,986764 0,000894
эта 0,867219 0,001571
сквош 1,728701 0,001566
вклад 0,971016 0,000880
indonesia 1,086847 0,000984
должен 1,122566 0,001017
текст 0,986764 0,000894
избранные 0,971016 0,000880
воздуха 3,520461 0,003189
архивная 1,633391 0,001480
esperanto 1,198073 0,001085
трассам 4,436752 0,004019
котором 1,217876 0,001103
финишировать 5,129899 0,004647
заездов 4,436752 0,004019
перейти 0,867219 0,001571
существуют 1,441019 0,001305
достаточно 2,134166 0,001933
скелетон 1,258698 0,002280
разновидность 3,183989 0,002884
спортсмена 1,834062 0,001661
українська 1,035554 0,000938
крикет 1,762603 0,001597
натурбан 4,436752 0,004019
был 0,663991 0,001203
лякросс 1,762603 0,001597
большинство 1,834062 0,004984
aragonés 1,762603 0,001597
триатлон 1,633391 0,001480
код 0,986764 0,008938
лука 1,198073 0,001085
спортсмен 1,466337 0,002656
турин 3,050457 0,002763
спортсменов 0,786093 0,001424
тяжёлая 1,633391 0,001480
натурбанные 5,129899 0,004647
тобогган 4,436752 0,004019
рэкетс 1,728701 0,001566
ответственности 0,971016 0,000880
маскигон 5,129899 0,004647
url 0,986764 0,000894
измерение 5,129899 0,004647
полозьев 5,129899 0,004647
machine 1,633391 0,001480
используется 1,633391 0,001480
php 0,986764 0,000894
шорт 1,086847 0,000984
бадминтон 1,546380 0,001401
войти 0,735450 0,000666
старт 1,416327 0,001283
проходят 1,728701 0,001566
гольф 1,574551 0,001426
қазақша 1,178655 0,001068
мире 1,198073 0,001085
санях 4,436752 0,004019
важнейших 3,520461 0,003189
горнолыжный 1,301257 0,001179
мира 0,367725 0,001332
pages 0,986764 0,000894
байдарках 1,603538 0,001452
www 1,392229 0,001261
старта 2,134166 0,003866
использования 0,393700 0,000357
bnf 1,834062 0,001661
включена 3,743604 0,003391
гэльский 1,762603 0,001597
кёнигсзе 5,129899 0,004647
германия 1,140915 0,002067
старте 1,994404 0,001807
когда 0,652562 0,000591
инструменты 0,986764 0,001788
программе 1,834062 0,001661
тюрингия 5,129899 0,004647
гандбол 1,178655 0,003203
проводятся 1,574551 0,002852
svenska 1,035554 0,000938
тоҷикӣ 1,695912 0,001536
программу 1,466337 0,002656
солт 2,644992 0,002396
моторный 1,762603 0,001597
куки 0,971016 0,000880
прохождением 4,436752 0,004019
первый 0,687247 0,000623
остановиться 3,743604 0,003391
февраля 0,232059 0,000631
ошибке 0,955511 0,000865
охлаждают 5,129899 0,004647
искусственных 3,520461 0,003189
доступен 0,971016 0,000880
будо 1,762603 0,001597
события 0,663991 0,000601
германии 1,323236 0,001199
фехтование 1,546380 0,001401
соревнования 0,663991 0,001804
общее 2,357310 0,002135
перетягивание 1,762603 0,001597
международной 1,345709 0,003657
deutsch 1,052361 0,000953
исключённые 1,762603 0,001597
французский 1,392229 0,001261
interlingua 1,603538 0,001452
федерация 1,002764 0,005450
лёгкая 1,238078 0,001121
прыжки 1,019025 0,002769
примечания 1,002764 0,001817
находятся 2,357310 0,002135
плэсид 3,183989 0,002884
других 0,853233 0,002319
состояния 3,520461 0,006378
президентами 5,129899 0,004647
материал 0,825834 0,000748
скиджоринг 1,762603 0,001597
скиинг 1,762603 0,001597
сообщить 0,799165 0,000724
парамоново 5,129899 0,004647
пятиборье 1,574551 0,001426
результатов 1,951845 0,001768
соревнований 0,881403 0,000798
федерации 0,663991 0,002406
позволяют 3,183989 0,002884
зимних 1,633391 0,002959
планёрный 1,762603 0,001597
лейк 2,357310 0,004270
скалолазание 1,728701 0,001566
зимним 3,050457 0,005526
инсбрук 3,183989 0,002884
зимний 2,296685 0,002080
спорт 0,224624 0,003459
конный 1,664163 0,001507
сани 3,338139 0,003024
навигация 0,986764 0,001788
страница 0,940244 0,001703
мобильная 0,608110 0,000551
english 0,925206 0,001676
лицензии 0,986764 0,000894
пальцах 5,129899 0,004647
странице 0,971016 0,000880
борьба 1,002764 0,000908
запись 0,955511 0,000865
навигации 0,986764 0,000894
qr 0,986764 0,000894
suomi 1,052361 0,000953
правила 0,910391 0,002474
регламентированы 5,129899 0,004647
страницу 0,971016 0,000880
сараево 3,050457 0,002763
федерацией 2,185460 0,001980
соревнуются 2,732003 0,002475
экипировку 3,520461 0,003189
санный 1,301257 0,012965
страницы 0,971016 0,001759
художественная 1,633391 0,001480
зимние 1,159607 0,002101
吴语 1,238078 0,001121
фристайл 1,279751 0,001159
гимнастика 1,238078 0,002243
водное 1,492313 0,001352
собачьих 1,762603 0,001597
hrvatski 1,052361 0,000953
română 1,122566 0,001017
россии 0,160085 0,000145
français 1,019025 0,000923
ru 0,285712 0,000259
действовать 0,955511 0,000865
результатам 1,911023 0,001731
роке 1,762603 0,001597
упряжках 1,762603 0,001597
элемент 0,955511 0,000865
кубок 0,524729 0,000475
обязан 2,490841 0,002256
вес 2,357310 0,004270
нерабочими 2,644992 0,002396
sa 0,986764 0,000894
occitan 1,466337 0,001328
сигулда 4,436752 0,004019
oʻzbekcha 1,140915 0,001033
женщины 0,881403 0,001597
внешние 1,122566 0,001017
раз 0,504926 0,000457
чемпионат 0,277868 0,000503
того 0,955511 0,000865
ўзбекча 1,140915 0,001033
вы 0,325878 0,000295
случайная 0,986764 0,000894
latviešu 1,052361 0,000953
сесть 4,436752 0,004019
пары 2,296685 0,002080
негони 5,129899 0,004647
постоянная 0,986764 0,000894
español 1,019025 0,000923
наименьшее 3,520461 0,003189
спид 1,762603 0,001597
указанием 0,986764 0,000894
версия 0,485508 0,001319
просты 5,129899 0,004647
энциклопедии 0,986764 0,001788
освободилась 5,129899 0,004647
кёрлинг 1,279751 0,001159
tagalog 1,911023 0,001731
включен 3,338139 0,003024
associated 0,986764 0,000894
български 1,086847 0,000984
прошедший 3,050457 0,002763
поло 1,441019 0,002611
персональные 0,971016 0,000880
одиночек 4,436752 0,004019
брейкинг 1,762603 0,001597
настольный 1,238078 0,001121
произошло 2,085376 0,001889
устройство 3,520461 0,003189
де 0,955511 0,000865
шайбой 1,122566 0,001017
большая 1,069456 0,002906
сайт 0,773190 0,001401
американский 1,258698 0,001140
управляла 5,129899 0,004647
до 0,239550 0,000434
знак 0,986764 0,000894
msports 5,129899 0,004647
зарегистрированный 0,986764 0,000894
противном 3,338139 0,003024
ограничения 2,239527 0,002029
австралийский 1,728701 0,001566
сюда 0,986764 0,000894
двух 1,002764 0,001817
спринт 2,296685 0,002080
трек 1,159607 0,001050
йозеф 3,338139 0,003024
пар 2,357310 0,002135
цитировать 0,986764 0,000894
помогают 2,732003 0,002475
виды 0,773190 0,002101
лыжное 1,279751 0,001159
числе 1,546380 0,001401
norsk 1,052361 0,000953
трасс 4,031286 0,010955
саночные 5,129899 0,004647
баскетбол 0,773190 0,000700
сопротивление 2,827314 0,002561
медиафайлы 1,217876 0,002206
galego 1,178655 0,001068
для 0,146292 0,000398
гребля 1,518981 0,002752
флаг 1,279751 0,001159
её 1,104547 0,001000
короткий 0,971016 0,000880
санного 5,129899 0,041820
вид 1,104547 0,001000
трасса 3,338139 0,006047
санных 5,129899 0,004647
бобслея 4,436752 0,004019
бавария 2,038856 0,001847
чемпионата 0,735450 0,000666
polski 1,035554 0,000938
случаях 0,971016 0,000880
санным 5,129899 0,004647
после 0,317714 0,000863
кодекс 0,971016 0,000880
батуте 1,728701 0,001566
править 0,986764 0,017876
за 0,125952 0,000228
немцы 3,338139 0,003024
статьи 0,524729 0,001901
отрезка 3,743604 0,003391
жё 1,728701 0,001566
софтбол 1,695912 0,001536
бобслей 1,238078 0,002243
шлемы 3,520461 0,003189
длинная 3,183989 0,002884
org 0,986764 0,001788
подробнее 0,723179 0,000655
трассы 2,932674 0,010626
включая 1,633391 0,002959
скоростным 4,031286 0,003652
быстрая 4,436752 0,004019
трассу 2,932674 0,002656
саксония 5,129899 0,004647
были 0,799165 0,000724
служебные 0,986764 0,000894
статья 0,986764 0,001788
языках 0,986764 0,000894
wikimedia 0,986764 0,000894
была 0,652562 0,001182
лыжах 1,178655 0,001068
трассе 3,050457 0,005526
из 0,106018 0,000480
им 1,198073 0,001085
свободной 0,986764 0,000894
альпийских 5,129899 0,004647
карате 1,728701 0,001566
показательные 1,466337 0,001328
может 0,630089 0,000571
ελληνικά 1,086847 0,000984
их 0,799165 0,001448
скрытые 1,122566 0,001017
получить 0,747872 0,000677
српски 1,035554 0,000938
искусственно 4,031286 0,003652
дней 1,416327 0,001283
план 2,564949 0,002323
хоккей 0,376309 0,001363
включён 2,932674 0,002656
оказаться 3,183989 0,002884
связанные 0,881403 0,000798
уистлер 4,436752 0,004019
двоеборье 1,217876 0,001103
участники 1,518981 0,001376
отредактирована 0,986764 0,000894
спортом 2,827314 0,005122
основана 2,564949 0,004647
creative 0,986764 0,000894
ски 1,069456 0,000969
nederlands 1,019025 0,000923
связанных 1,911023 0,001731
wayback 1,633391 0,001480
времени 1,140915 0,002067
italiano 1,035554 0,000938
srpski 1,035554 0,000938
разрешается 2,932674 0,002656
айсшток 1,728701 0,001566
հայերեն 1,198073 0,001085
башҡортса 1,518981 0,001376
является 1,086847 0,000984
лыжные 1,140915 0,001033
которые 0,760451 0,000689
euskara 1,122566 0,001017
foundation 0,986764 0,000894
который 0,799165 0,000724
спуск 3,520461 0,003189
крупных 1,871802 0,001695
конькобежный 1,238078 0,001121
commons 0,986764 0,000894
натурбана 5,129899 0,004647
ла 1,762603 0,001597
course 3,520461 0,003189
которых 1,052361 0,000953
türkçe 1,052361 0,000953
учётную 0,986764 0,000894
bokmål 1,069456 0,000969
вестфалия 5,129899 0,004647
текущие 0,940244 0,000852
спортивная 1,159607 0,002101
типах 5,129899 0,004647
организованное 5,129899 0,004647
случае 1,441019 0,002611
фендт 5,129899 0,004647
глима 1,762603 0,001597
лёд 3,743604 0,003391
температура 3,338139 0,003024
создать 0,825834 0,000748
соревноваться 2,827314 0,002561
сити 1,546380 0,001401
вместе 1,178655 0,001068
температуры 3,520461 0,003189
한국어 1,035554 0,000938
asturianu 1,323236 0,001199
разгоняться 5,129899 0,004647
прохождения 3,050457 0,002763
свяжитесь 0,986764 0,000894
продолжить 2,134166 0,001933
печать 0,986764 0,000894
свежие 0,910391 0,000825
simple 1,140915 0,001033
попытки 2,421849 0,002194
летние 1,238078 0,001121
спортсменам 1,871802 0,001695
пелота 1,728701 0,001566
универсальная 2,085376 0,001889
участие 0,597299 0,000541
фонд 0,940244 0,000852
санному 5,129899 0,013940
крокет 1,762603 0,001597
на 0,023953 0,000542
состав 1,238078 0,001121
старая 1,368699 0,001240
обсуждение 0,881403 0,001597
определенного 5,129899 0,004647
ветра 4,436752 0,004019
осло 3,050457 0,002763
не 0,099461 0,000270
принятия 3,050457 0,002763
организация 1,664163 0,001507
ссылками 1,159607 0,002101
предварительные 3,743604 0,003391
скелетона 4,436752 0,004019
организации 0,812411 0,000736
товарный 0,986764 0,000894
альтенберг 5,129899 0,004647
история 0,555188 0,001509
водные 0,867219 0,000786
почти 1,323236 0,001199
саночника 4,436752 0,008038
калгари 2,932674 0,002656
дисквалифицируется 3,743604 0,003391
начиная 1,492313 0,001352
решения 1,834062 0,001661
бейсбол 1,466337 0,002656
magyar 1,086847 0,000984
нами 0,853233 0,000773
международная 1,301257 0,005893
норвегия 1,834062 0,001661
российская 0,799165 0,000724
об 0,217244 0,000197
нем 2,085376 0,001889
ழ 1,492313 0,001352
красноярск 2,644992 0,002396
некоммерческой 0,986764 0,000894
ои 0,812411 0,065493
справка 0,986764 0,000894
печати 0,955511 0,000865
мужчины 1,019025 0,000923
название 1,178655 0,001068
он 0,534779 0,000484
более 0,853233 0,000773
тхэквондо 1,633391 0,001480
поиск 0,735450 0,000666
году 0,630089 0,002854
категории 0,986764 0,001788
от 0,160085 0,000580
форум 0,881403 0,000798
условий 0,881403 0,000798
статистика 0,652562 0,000591
официальный 1,104547 0,001000
бокс 0,576022 0,001044
oldid 0,986764 0,000894
лыжи 1,019025 0,000923
недоступная 2,357310 0,002135
катание 0,534779 0,000484
первое 1,279751 0,001159
участник 2,296685 0,002080
как 0,232059 0,000841
все 0,125952 0,000114
википедия 0,986764 0,001788
дистанция 2,644992 0,002396
года 0,239550 0,001302
по 0,073653 0,000467
inc 0,986764 0,000894
сведения 0,812411 0,000736
português 1,035554 0,000938
эстафеты 2,932674 0,002656
трамплина 1,159607 0,001050
тарашкевіца 1,198073 0,001085
оборудование 3,183989 0,008652
начинается 1,994404 0,001807
костюмы 4,031286 0,003652
исатиш 5,129899 0,004647
cymraeg 1,574551 0,001426
академическая 1,574551 0,001426
начального 4,436752 0,004019
авторства 0,986764 0,000894
сообщество 0,986764 0,000894
определенном 4,436752 0,004019
сёрфинг 1,762603 0,001597
википедии 0,986764 0,001788
единственной 2,421849 0,002194
источник 0,853233 0,000773
условия 0,411400 0,000745
