готов 2,038856 0,001225
играй 4,031286 0,004845
напишите 5,129899 0,003083
рф 1,871802 0,002250
защищает 3,520461 0,002116
ещё 0,420369 0,000505
санкция 4,436752 0,034662
карты 3,743604 0,002250
дисциплинах 2,932674 0,003525
со 0,447767 0,000538
согласие 2,564949 0,003083
указав 5,129899 0,003083
беговая 4,031286 0,004845
планом 5,129899 0,003083
вынесения 4,031286 0,009691
декабря 0,881403 0,001589
задать 2,932674 0,003525
запрещенного 5,129899 0,027746
одно 1,664163 0,002000
основан 1,871802 0,002250
дростанолона 5,129899 0,009249
а 0,209918 0,001514
должны 1,178655 0,002833
в 0,017911 0,000570
г 0,925206 0,005004
д 0,895792 0,001077
ти 3,743604 0,017998
фото 0,799165 0,001441
антидопинговые 4,031286 0,012113
и 0,023953 0,000806
лет 0,475938 0,001144
вооружен 5,129899 0,003083
к 0,132686 0,000877
о 0,042302 0,000305
важные 2,564949 0,001541
п 1,086847 0,004572
кодексом 5,129899 0,006166
с 0,036149 0,000869
инициировать 5,129899 0,006166
лекарство 4,031286 0,021804
местонахождении 4,436752 0,007999
относящихся 2,421849 0,008733
сбором 5,129899 0,006166
основных 2,357310 0,002833
ответа 4,436752 0,002666
связи 1,159607 0,003484
атлетика 1,052361 0,001265
ул 2,732003 0,003284
видах 2,038856 0,002451
своей 1,002764 0,000603
теперь 0,971016 0,001167
пауэрлифтинг 4,436752 0,002666
местоположении 4,436752 0,005333
метаболита 5,129899 0,030829
национальное 4,031286 0,004845
расследованиям 5,129899 0,012331
регионы 4,031286 0,004845
проект 1,728701 0,002078
e 1,603538 0,001927
при 0,367725 0,001326
данных 1,871802 0,003375
ознакомьтесь 5,129899 0,006166
отчеты 4,436752 0,005333
практике 3,050457 0,003666
правообладателя 3,743604 0,002250
легкая 2,564949 0,001541
отдела 3,520461 0,008463
копирование 4,436752 0,002666
s 1,664163 0,007001
ранее 1,104547 0,000664
ином 4,436752 0,005333
данные 1,834062 0,001102
территории 1,633391 0,001963
также 0,663991 0,001596
соответствующие 2,490841 0,002994
чистый 3,743604 0,002250
честно 3,050457 0,003666
павловского 5,129899 0,003083
нашли 1,994404 0,001199
региональным 5,129899 0,003083
пределами 2,239527 0,002692
получении 3,743604 0,004500
галерея 3,520461 0,004231
антидопингового 5,129899 0,012331
работой 3,743604 0,004500
лиц 3,183989 0,001913
лигам 5,129899 0,006166
получения 2,421849 0,002911
отлагательств 5,129899 0,006166
направлять 4,436752 0,002666
собрали 3,520461 0,002116
международного 1,911023 0,004594
отбор 2,564949 0,003083
файлов 3,520461 0,004231
en 2,932674 0,001762
идк 5,129899 0,003083
условиями 3,520461 0,002116
спорта 0,342407 0,001235
готовы 3,050457 0,001833
настройках 5,129899 0,003083
спорте 2,038856 0,002451
системе 0,867219 0,001563
соревнованиях 1,159607 0,001394
читать 0,586604 0,001410
стандартом 3,743604 0,013499
материалов 1,217876 0,000732
стандартов 4,436752 0,005333
вада 3,520461 0,016925
поддержка 2,827314 0,001699
антидопинговых 4,031286 0,046030
всех 0,652562 0,001176
соревновательным 5,129899 0,006166
оценке 3,183989 0,003827
всемирного 4,031286 0,009691
участвующих 4,031286 0,002423
антидопинга 5,129899 0,006166
антидопинговым 4,436752 0,005333
всем 1,762603 0,002119
видео 0,699082 0,001260
реализует 4,436752 0,005333
информационно 3,743604 0,004500
неблагоприятном 5,129899 0,006166
допустимо 4,031286 0,002423
драничникова 5,129899 0,003083
врачей 4,031286 0,002423
пользоваться 3,183989 0,003827
приняла 2,644992 0,006358
комитеты 3,338139 0,004012
последние 1,178655 0,000708
часто 1,574551 0,000946
загрузка 3,338139 0,002006
препараты 3,743604 0,006749
реализуются 4,436752 0,002666
обновлять 5,129899 0,003083
норэтиохоланолона 5,129899 0,006166
запросить 5,129899 0,006166
курс 3,743604 0,013499
гидрохлоротиазида 5,129899 0,009249
своевременно 5,129899 0,009249
указанных 3,743604 0,004500
списка 2,732003 0,014776
доказательств 4,436752 0,005333
относящегося 5,129899 0,003083
функциональность 5,129899 0,003083
через 0,971016 0,000584
секрет 3,743604 0,002250
москва 0,760451 0,000914
предоставлять 3,743604 0,002250
задачей 3,050457 0,003666
российской 1,178655 0,001417
соблюдения 4,031286 0,004845
всемирным 4,031286 0,004845
rusada 5,129899 0,030829
местеролона 5,129899 0,003083
этике 3,743604 0,008999
cookie 3,050457 0,003666
общероссийские 5,129899 0,003083
продолжая 2,732003 0,001642
опыт 2,564949 0,003083
команда 0,663991 0,000798
общероссийским 5,129899 0,003083
далее 2,185460 0,005254
конференция 2,644992 0,003179
новостей 1,574551 0,002839
разрабатывает 5,129899 0,012331
ноября 0,971016 0,000584
проводится 1,546380 0,001859
включённым 4,436752 0,002666
которой 1,238078 0,001488
политикой 2,732003 0,001642
открыто 4,436752 0,002666
отстранения 3,520461 0,008463
обработки 2,296685 0,004141
стать 1,441019 0,000866
обработку 2,932674 0,001762
спортсмена 1,834062 0,004409
обратной 3,050457 0,001833
болденона 5,129899 0,006166
пройдите 5,129899 0,006166
результате 1,728701 0,002078
общероссийских 5,129899 0,012331
зачетом 5,129899 0,012331
верность 3,743604 0,002250
возобновление 3,520461 0,004231
обработка 2,827314 0,008496
спортсмену 3,183989 0,007654
это 0,277868 0,000167
любых 2,732003 0,001642
обработке 4,031286 0,002423
спортсмен 1,466337 0,001762
использует 2,827314 0,001699
спортсменов 0,786093 0,003779
этих 1,301257 0,001564
комиссия 2,644992 0,006358
рядом 2,185460 0,001313
имеет 1,492313 0,001794
найден 4,436752 0,002666
его 0,447767 0,002153
только 0,447767 0,000538
планирование 4,436752 0,005333
группы 1,695912 0,002038
поощряя 5,129899 0,006166
используем 4,031286 0,002423
новости 0,301585 0,001269
обширный 4,436752 0,005333
mail 1,301257 0,001564
или 0,576022 0,002769
нарушения 2,296685 0,004141
организованных 4,031286 0,002423
случаев 2,185460 0,005254
амбассадоры 4,031286 0,004845
предусмотренное 5,129899 0,012331
защита 1,797694 0,002161
избежание 4,031286 0,002423
использованию 3,743604 0,004500
временного 3,743604 0,008999
использования 0,393700 0,000473
кодекса 3,743604 0,004500
нарушении 3,743604 0,004500
нарушений 2,827314 0,013593
могли 1,664163 0,001000
анализа 2,421849 0,002911
внесоревновательным 5,129899 0,006166
области 1,951845 0,004692
нарушение 1,797694 0,006482
конфиденциальность 4,031286 0,004845
карьеры 2,085376 0,002506
true 4,031286 0,002423
офицер 4,031286 0,004845
дисквалификации 2,732003 0,011493
обращения 0,925206 0,000556
регламентируется 3,743604 0,004500
куки 0,971016 0,001167
список 1,198073 0,001440
занимается 2,732003 0,006567
методы 5,129899 0,006166
программы 1,633391 0,006871
нужного 4,436752 0,002666
вопрос 1,603538 0,002891
памятки 5,129899 0,006166
деятельность 2,490841 0,002994
деятельности 1,871802 0,003375
обязанности 2,644992 0,003179
расследование 3,183989 0,003827
стратегия 2,932674 0,001762
профессиональным 3,520461 0,002116
против 0,747872 0,000899
именно 1,492313 0,007175
ваш 2,732003 0,003284
имя 1,603538 0,000964
другие 0,384967 0,000231
главное 1,574551 0,000946
целью 1,797694 0,006482
так 0,597299 0,001436
расследований 4,436752 0,005333
осведомителями 5,129899 0,006166
задачаемые 5,129899 0,003083
бад 5,129899 0,006166
сдачи 4,031286 0,002423
кто 0,839439 0,000504
применяет 4,436752 0,005333
событий 2,421849 0,002911
требованиях 5,129899 0,006166
дисквалифицировать 4,436752 0,010665
беляева 3,743604 0,002250
спортсменами 2,644992 0,006358
источников 1,518981 0,001826
использование 1,104547 0,003983
расследования 4,031286 0,009691
сообщить 0,799165 0,000961
результатов 1,951845 0,007038
быть 0,773190 0,000929
самые 1,633391 0,000982
федерации 0,663991 0,001596
нашими 4,436752 0,002666
определение 3,183989 0,003827
разработка 3,183989 0,001913
спорт 0,224624 0,000270
этой 1,052361 0,001265
терапевтическому 5,129899 0,006166
запрещенных 5,129899 0,006166
борьбе 1,603538 0,001927
полномочиями 5,129899 0,006166
даете 5,129899 0,006166
правовые 5,129899 0,003083
марка 2,038856 0,001225
образования 2,644992 0,003179
правила 0,910391 0,001094
акты 4,436752 0,002666
образованию 3,520461 0,004231
допинга 3,183989 0,007654
требованиями 3,743604 0,008999
допинге 3,050457 0,003666
основной 1,834062 0,004409
ответами 5,129899 0,003083
являются 1,466337 0,001762
даты 2,644992 0,006358
можно 1,002764 0,000603
наши 1,323236 0,000795
законодательством 3,520461 0,004231
ru 0,285712 0,001030
бодибилдинг 5,129899 0,027746
общероссийскими 5,129899 0,012331
стремление 3,520461 0,004231
спортивные 1,104547 0,001328
во 0,495170 0,000298
персональных 2,185460 0,003940
браузера 4,031286 0,002423
цели 2,296685 0,001380
направления 3,050457 0,001833
анализом 5,129899 0,006166
cookies 3,183989 0,007654
возможных 2,644992 0,003179
раа 5,129899 0,021580
спортивным 2,296685 0,005521
отдел 3,743604 0,008999
сайта 1,574551 0,003785
дайджест 4,031286 0,004845
ваше 3,050457 0,001833
удобнее 3,338139 0,004012
ваши 2,564949 0,001541
полном 3,050457 0,001833
спортивных 1,279751 0,003076
вы 0,325878 0,000783
детям 3,743604 0,004500
образование 3,050457 0,001833
пожалуйста 1,633391 0,000982
проводить 1,797694 0,002161
необходимо 1,994404 0,002397
просто 1,492313 0,000897
разрешения 3,338139 0,006018
вопроса 2,932674 0,001762
тест 2,827314 0,003398
запрещенный 5,129899 0,006166
нормативно 5,129899 0,003083
просьба 5,129899 0,003083
вопросы 2,644992 0,003179
тел 4,436752 0,002666
января 0,825834 0,001985
осведемлен 5,129899 0,003083
чтобы 0,773190 0,000929
персональные 0,971016 0,000584
сайтом 3,520461 0,002116
образовательные 4,031286 0,009691
проверьте 2,827314 0,003398
проведение 2,134166 0,002565
срока 3,183989 0,007654
органы 3,520461 0,004231
несоблюдения 5,129899 0,006166
наказания 3,338139 0,004012
полезные 2,296685 0,001380
библиотека 3,520461 0,002116
проверкой 5,129899 0,006166
работу 2,085376 0,001253
другое 1,834062 0,001102
соответствии 1,086847 0,005878
ее 1,871802 0,002250
российских 1,323236 0,001590
спортсмены 1,140915 0,002743
тренболона 5,129899 0,003083
пробы 4,436752 0,002666
отбытого 5,129899 0,012331
направлений 3,183989 0,003827
субстанции 5,129899 0,006166
запретить 3,338139 0,002006
проб 4,031286 0,009691
необходимости 2,644992 0,004769
субстанций 5,129899 0,015414
антидопинговое 4,436752 0,005333
сервисами 5,129899 0,003083
сохраняя 4,031286 0,004845
период 1,159607 0,001394
пробе 4,436752 0,007999
контроль 2,421849 0,002911
для 0,146292 0,000440
применена 4,436752 0,010665
вид 1,104547 0,002655
виде 1,368699 0,003290
антидопинговыми 5,129899 0,012331
подавать 3,743604 0,008999
всегда 1,258698 0,002269
случаях 0,971016 0,001167
кодекс 0,971016 0,000584
документов 4,436752 0,010665
за 0,125952 0,000606
оказать 3,743604 0,004500
инструментарии 5,129899 0,003083
нормативных 5,129899 0,006166
терапевтическое 4,436752 0,010665
контакты 1,258698 0,003026
свободных 3,183989 0,003827
процедуру 3,338139 0,004012
оперативным 5,129899 0,006166
документы 2,564949 0,006166
включая 1,633391 0,000982
мероприятие 3,520461 0,004231
пользователей 2,038856 0,001225
мероприятий 3,183989 0,001913
вашего 3,050457 0,003666
честный 4,031286 0,004845
напоминаем 5,129899 0,003083
процедура 3,520461 0,004231
федерациям 4,436752 0,010665
честным 5,129899 0,003083
если 0,675551 0,000406
была 0,652562 0,001569
любое 2,644992 0,003179
контактная 3,743604 0,004500
из 0,106018 0,000382
play 1,441019 0,000866
фактов 2,732003 0,003284
определяет 2,827314 0,003398
ответить 4,031286 0,002423
информаторами 5,129899 0,006166
тему 1,664163 0,001000
может 0,630089 0,001515
их 0,799165 0,000961
больше 0,812411 0,003906
получить 0,747872 0,000899
возможного 3,050457 0,001833
терпящих 5,129899 0,006166
план 2,564949 0,006166
форму 1,797694 0,001080
тема 2,490841 0,001497
хоккей 0,376309 0,000226
нам 1,797694 0,001080
тестирование 4,436752 0,013332
нас 1,492313 0,001794
врачам 5,129899 0,003083
знания 2,357310 0,002833
николаева 4,436752 0,002666
управления 2,644992 0,003179
анализ 4,031286 0,004845
спортом 2,827314 0,001699
андрея 2,732003 0,001642
подписаться 2,932674 0,005287
право 1,603538 0,001927
тестирования 4,436752 0,029329
здоровый 4,031286 0,002423
тестированию 5,129899 0,006166
рассмотрению 5,129899 0,012331
обладает 4,031286 0,004845
права 1,518981 0,003651
различных 1,728701 0,006233
реализуемые 5,129899 0,006166
входящим 4,436752 0,005333
международным 1,871802 0,007874
ваших 2,827314 0,001699
adams 4,436752 0,002666
допингом 4,436752 0,005333
классу 3,743604 0,015748
является 1,086847 0,002613
международные 1,238078 0,002232
вопросов 3,338139 0,002006
которые 0,760451 0,000914
оптимизировать 5,129899 0,003083
который 0,799165 0,000961
крупных 1,871802 0,001125
просвещение 5,129899 0,006166
агентство 2,185460 0,002627
обязано 4,031286 0,004845
целевые 5,129899 0,006166
правил 1,323236 0,015109
допинг 2,185460 0,007880
почту 4,436752 0,002666
знание 3,338139 0,004012
пода 4,031286 0,002423
агентства 2,490841 0,005988
однозначное 5,129899 0,006166
побеждать 3,050457 0,001833
поступившей 5,129899 0,006166
содействие 4,436752 0,005333
тестированиям 5,129899 0,006166
файлы 3,338139 0,004012
объёме 3,520461 0,002116
такой 1,664163 0,002000
мероприятиях 3,183989 0,001913
международных 1,492313 0,001794
лечения 5,129899 0,006166
предоставить 3,743604 0,004500
кленбутерола 5,129899 0,003083
миссия 5,129899 0,006166
тяжелая 3,183989 0,001913
решение 1,238078 0,002976
спортсменам 1,871802 0,006749
рисков 5,129899 0,006166
мы 0,925206 0,001668
дениса 4,031286 0,002423
участие 0,597299 0,000718
на 0,023953 0,000461
тот 1,416327 0,000851
персонализации 5,129899 0,003083
норандростерона 5,129899 0,009249
успеха 2,421849 0,001455
не 0,099461 0,000359
использовать 1,603538 0,001927
календарь 0,735450 0,000884
онлайн 0,773190 0,002323
проще 3,183989 0,003827
научная 4,436752 0,005333
предварительному 5,129899 0,012331
раздел 2,296685 0,001380
пулы 5,129899 0,015414
сервисов 1,834062 0,001102
запросы 3,743604 0,008999
начиная 1,492313 0,003587
решения 1,834062 0,004409
об 0,217244 0,000131
нем 2,085376 0,002506
строгом 4,436752 0,005333
вакансии 2,421849 0,002911
завершение 3,338139 0,004012
нажимая 2,827314 0,001699
отказом 3,338139 0,002006
от 0,160085 0,000289
правилами 1,323236 0,003181
адамс 3,743604 0,011249
установление 4,436752 0,005333
как 0,232059 0,000837
все 0,125952 0,000151
препарат 5,129899 0,006166
артема 3,520461 0,002116
уровня 1,994404 0,004794
реагированием 4,436752 0,005333
разработанным 4,436752 0,002666
года 0,239550 0,001152
технических 2,644992 0,003179
по 0,073653 0,000797
информации 1,518981 0,010041
информация 1,035554 0,003112
русада 3,520461 0,067701
информацию 2,134166 0,003848
принять 2,134166 0,002565
факта 4,031286 0,004845
этого 0,881403 0,000530
обнаружением 4,436752 0,007999
наличие 2,932674 0,003525
наличии 3,338139 0,004012
основными 2,644992 0,001590
проверить 3,338139 0,014043
стандарты 4,031286 0,002423
удобными 5,129899 0,003083
клик 5,129899 0,006166
