получила 1,728701 0,001082
шайб 2,490841 0,003119
табличку 4,436752 0,002778
финал 1,258698 0,000788
ру 1,994404 0,001249
новый 0,940244 0,001178
день 0,760451 0,009047
лед 2,732003 0,001711
новые 0,747872 0,000937
крылова 3,183989 0,001994
рпл 1,140915 0,000714
еще 0,955511 0,000598
оценил 2,185460 0,002737
стал 0,586604 0,001469
проката 3,050457 0,001910
болеть 2,932674 0,001836
ответили 3,050457 0,001910
выиграл 1,178655 0,000738
них 1,178655 0,000738
фигурном 2,827314 0,001770
скандального 5,129899 0,003212
со 0,447767 0,001122
добро 3,338139 0,002090
обошел 3,520461 0,002204
путешествие 3,520461 0,002204
конькобежка 3,183989 0,005981
вратарь 1,728701 0,001082
заявление 0,867219 0,000543
мид 3,520461 0,004409
ставку 2,421849 0,001516
мосту 5,129899 0,003212
трансгендера 5,129899 0,006424
парном 2,932674 0,001836
конькобежки 4,031286 0,002524
политику 3,743604 0,002344
остался 2,564949 0,001606
добра 3,743604 0,004688
а 0,209918 0,000657
в 0,017911 0,000561
ледяной 3,338139 0,002090
реклама 0,735450 0,000921
лес 3,743604 0,009377
и 0,023953 0,000450
интер 1,633391 0,001023
лет 0,475938 0,000298
й 0,825834 0,005688
золотая 2,827314 0,003541
к 0,132686 0,000166
компаниях 5,129899 0,003212
танцующие 5,129899 0,003212
м 0,534779 0,002009
о 0,042302 0,000371
вашингтоне 4,436752 0,002778
финала 1,104547 0,002767
с 0,036149 0,000340
сейчас 1,104547 0,000692
звезды 2,085376 0,001306
четвертьфинал 1,951845 0,001222
у 0,342407 0,000643
просили 5,129899 0,003212
шампунь 5,129899 0,006424
выгнали 3,743604 0,002344
авто 0,925206 0,000579
они 0,760451 0,000476
звезд 2,185460 0,001368
норвегии 1,728701 0,001082
назвал 1,323236 0,003314
я 0,853233 0,001069
пятое 2,490841 0,001560
мир 1,546380 0,001937
полуфиналист 3,183989 0,005981
нажмите 3,520461 0,002204
исследования 2,732003 0,001711
теперь 0,971016 0,000608
деле 2,421849 0,001516
букмекерских 4,031286 0,002524
легионер 3,743604 0,002344
метров 1,762603 0,001104
бывший 1,762603 0,002207
время 0,384967 0,000482
при 0,367725 0,000230
атлетико 1,911023 0,001197
ооо 1,871802 0,002344
деактивирована 3,743604 0,002344
путешествия 3,183989 0,001994
взрывной 5,129899 0,003212
саночник 3,743604 0,002344
федотовым 4,436752 0,002778
готовить 3,338139 0,002090
главный 1,035554 0,000648
страшное 4,436752 0,002778
резко 2,564949 0,003212
структуры 2,644992 0,001656
вступил 2,932674 0,001836
хочешь 3,520461 0,002204
призвал 2,732003 0,001711
допустила 2,827314 0,001770
одной 1,238078 0,000775
нашли 1,994404 0,001249
псж 1,518981 0,000951
обычную 3,743604 0,002344
украине 2,490841 0,001560
получении 3,743604 0,002344
иваном 3,520461 0,002204
лишенным 5,129899 0,003212
видылетние 3,743604 0,002344
legal 3,743604 0,002344
миллиона 2,564949 0,001606
первую 1,518981 0,000951
такера 3,520461 0,002204
украины 1,797694 0,004503
уничтожение 3,743604 0,002344
изменении 4,031286 0,002524
русских 3,050457 0,001910
галереи 3,520461 0,002204
отсутствие 2,038856 0,001277
олимпийские 0,895792 0,002244
пригласили 3,338139 0,006271
юлаев 2,185460 0,001368
отсутствии 4,031286 0,002524
олимпийским 1,492313 0,000934
себя 0,940244 0,000589
предсказал 4,436752 0,002778
флага 2,932674 0,001836
спорта 0,342407 0,000429
олимпийский 0,853233 0,002671
швейцарского 5,129899 0,006424
подробности 2,421849 0,001516
прокомментировала 3,183989 0,001994
спорте 2,038856 0,002553
сексуальной 4,436752 0,002778
шоке 4,436752 0,002778
игр 0,367725 0,002993
хоккейного 2,564949 0,004818
размещение 3,050457 0,001910
победы 0,971016 0,000608
неизлечимую 3,743604 0,002344
отказ 0,910391 0,002850
италии 1,002764 0,001256
падение 2,732003 0,003421
стороны 1,546380 0,000968
раскрыли 3,520461 0,002204
выступил 2,490841 0,001560
себе 1,546380 0,000968
редакциярекламаконтактыпресс 3,743604 0,002344
видео 0,699082 0,001313
чехия 1,518981 0,000951
чечне 4,436752 0,002778
samsung 3,520461 0,002204
выигранные 4,031286 0,002524
отстранение 3,520461 0,002204
товарищеском 3,338139 0,002090
футболист 1,951845 0,001222
падения 2,644992 0,001656
машины 3,338139 0,002090
помощи 2,296685 0,001438
завершён 2,932674 0,012855
статуса 2,827314 0,001770
россиянки 2,827314 0,008852
хирург 4,436752 0,002778
live 1,518981 0,002853
юнайтед 2,185460 0,001368
россиянка 2,421849 0,001516
провал 2,932674 0,009182
последние 1,178655 0,001476
мок 1,574551 0,002958
долларов 2,239527 0,001402
архив 1,258698 0,000788
фаворит 3,338139 0,002090
смог 1,994404 0,001249
удаление 2,421849 0,001516
хоккею 1,603538 0,001004
инфекцию 3,743604 0,002344
хоккея 2,239527 0,001402
оценены 3,743604 0,002344
сша 0,586604 0,001469
шеи 3,183989 0,003987
спортивном 2,038856 0,001277
выступит 3,338139 0,002090
спортивной 1,416327 0,000887
среда 3,183989 0,001994
канадских 4,031286 0,002524
примут 2,564949 0,001606
швейцария 1,603538 0,001004
трекистка 4,031286 0,002524
сравнил 3,183989 0,001994
несла 5,129899 0,003212
хоккейный 2,185460 0,001368
эксклюзивы 2,732003 0,001711
уловка 4,436752 0,002778
русском 2,421849 0,001516
канадский 2,564949 0,001606
самбо 1,994404 0,001249
российской 1,178655 0,000738
демарш 5,129899 0,003212
девятый 3,520461 0,004409
послом 3,520461 0,002204
сборные 0,839439 0,000526
швейцарии 2,296685 0,001438
принимаете 3,743604 0,002344
бразилия 2,296685 0,001438
результат 1,416327 0,000887
скандал 1,871802 0,002344
поднимать 3,743604 0,002344
закончилась 2,827314 0,001770
нижнее 4,031286 0,002524
продолжая 2,732003 0,001711
зеленскому 3,743604 0,002344
офф 1,019025 0,001914
команде 1,258698 0,003153
цикла 3,520461 0,002204
зимняя 2,932674 0,001836
пожаловалась 4,031286 0,002524
саночницы 5,129899 0,003212
матча 1,002764 0,000628
маленькую 5,129899 0,003212
провела 2,421849 0,001516
матчи 0,773190 0,001937
команду 1,217876 0,000763
касаткина 2,421849 0,001516
забить 2,827314 0,001770
матче 0,747872 0,000937
декольте 5,129899 0,003212
жизни 1,122566 0,001406
армию 3,183989 0,001994
сын 2,644992 0,001656
бронзы 3,183989 0,001994
золото 1,217876 0,005338
японские 3,338139 0,002090
кого 2,085376 0,001306
раненных 4,436752 0,002778
ranyndt 3,743604 0,002344
это 0,277868 0,001044
интересное 3,338139 0,002090
шипулин 3,743604 0,002344
легендарный 2,732003 0,001711
раскрыт 3,338139 0,002090
запретили 3,183989 0,001994
известен 2,564949 0,004818
норвежец 3,338139 0,006271
lenta 2,239527 0,001402
спортсменов 0,786093 0,004430
назвала 3,183989 0,001994
головина 2,134166 0,001336
настроена 5,129899 0,009637
новую 1,664163 0,001042
золотые 1,728701 0,001082
взять 2,239527 0,001402
его 0,447767 0,000841
тренер 0,895792 0,001683
шансы 1,951845 0,003667
опасной 3,743604 0,002344
подлость 5,129899 0,003212
только 0,447767 0,000841
плакаты 3,520461 0,002204
лыжника 4,031286 0,005049
шорт 1,086847 0,000681
мужа 3,520461 0,002204
новости 0,301585 0,001133
войти 0,735450 0,000921
старт 1,416327 0,002661
хорошие 2,732003 0,001711
брал 3,183989 0,001994
vkvideo 3,743604 0,004688
нхл 0,925206 0,000579
или 0,576022 0,000361
гвинеей 5,129899 0,003212
финляндия 1,492313 0,000934
сыграют 2,490841 0,001560
вышла 1,466337 0,000918
роднина 3,183989 0,003987
россиянам 2,732003 0,008554
турнир 0,699082 0,000438
долиной 3,338139 0,002090
фонбет 1,466337 0,001836
мире 1,198073 0,000750
шестой 2,827314 0,001770
вышли 1,797694 0,001126
тренировку 2,644992 0,001656
мира 0,367725 0,000230
фигуриста 2,932674 0,003673
критику 2,827314 0,001770
рекордом 2,421849 0,001516
паралимпиады 3,338139 0,002090
одобрили 4,031286 0,002524
неожиданное 3,743604 0,002344
почему 1,122566 0,000703
выхода 2,239527 0,001402
катастрофу 4,031286 0,002524
кофеварки 5,129899 0,003212
брюгге 1,951845 0,001222
чувство 4,031286 0,002524
белом 3,183989 0,001994
германия 1,140915 0,000714
известна 2,732003 0,001711
медалей 1,238078 0,002326
карлсона 3,520461 0,002204
программе 1,834062 0,001148
погибших 3,520461 0,002204
спецпроекты 2,421849 0,001516
всего 0,812411 0,000509
фигуристы 2,490841 0,001560
гражданство 2,732003 0,001711
подарить 4,436752 0,002778
большунова 3,183989 0,001994
фигуристов 3,520461 0,004409
будё 2,827314 0,001770
карьеры 2,085376 0,001306
фигурист 2,932674 0,003673
памяти 2,564949 0,001606
латвийский 4,031286 0,002524
программу 1,466337 0,000918
игры 0,376309 0,001649
первый 0,687247 0,000861
седьмой 2,732003 0,001711
фигуристом 5,129899 0,003212
ссср 0,940244 0,001178
техника 2,134166 0,001336
февраля 0,232059 0,013804
желание 3,338139 0,002090
олимпийская 1,911023 0,001197
непряева 2,932674 0,003673
программы 1,633391 0,002046
трампа 3,520461 0,004409
главном 3,183989 0,001994
германии 1,323236 0,000829
словакия 1,834062 0,001148
кадры 3,338139 0,002090
футболиста 2,421849 0,001516
капитан 1,871802 0,001172
прыгунов 4,031286 0,002524
соревнования 0,663991 0,000416
мбаппе 2,239527 0,001402
марта 0,881403 0,000552
против 0,747872 0,000937
главное 1,574551 0,000986
ok 3,743604 0,002344
французский 1,392229 0,000872
сомнительное 4,436752 0,002778
салават 2,134166 0,001336
нового 1,574551 0,000986
тестах 4,031286 0,002524
где 0,675551 0,000423
интервью 0,971016 0,000608
третьяк 3,743604 0,002344
кто 0,839439 0,001577
показала 2,644992 0,003312
увезти 5,129899 0,003212
реакции 3,338139 0,002090
мини 2,185460 0,001368
пениса 4,436752 0,002778
событии 5,129899 0,003212
величия 5,129899 0,003212
раскрыта 4,031286 0,002524
досадное 5,129899 0,003212
вновь 1,574551 0,002958
вратарем 4,031286 0,002524
снялась 2,932674 0,001836
вершина 5,129899 0,003212
самые 1,633391 0,001023
тутберидзе 2,085376 0,001306
мировым 3,050457 0,001910
зимних 1,633391 0,001023
слаломе 2,644992 0,001656
лента 1,633391 0,003068
сорвало 5,129899 0,003212
грузии 3,050457 0,001910
склоне 5,129899 0,006424
пятого 3,520461 0,002204
падением 3,338139 0,002090
жалобы 2,932674 0,001836
роль 2,038856 0,001277
спорт 0,224624 0,000281
американки 3,520461 0,002204
бракованные 5,129899 0,003212
этом 0,565551 0,000354
купил 3,183989 0,001994
умыслом 5,129899 0,003212
перерыв 2,490841 0,001560
казахстанский 3,743604 0,002344
захотел 3,743604 0,002344
жми 3,743604 0,002344
сборная 0,711058 0,000890
стало 1,217876 0,001525
швеция 1,345709 0,000843
коростелева 3,743604 0,002344
борьбу 2,357310 0,001476
тайм 2,085376 0,002612
глава 1,546380 0,000968
знаете 2,185460 0,001368
франции 1,035554 0,000648
ленту 3,520461 0,002204
появились 1,664163 0,001042
борьбы 2,134166 0,001336
стала 0,881403 0,000552
деревне 5,129899 0,003212
фигуристка 2,644992 0,001656
украинца 4,031286 0,007573
бы 1,052361 0,000659
перспективах 4,436752 0,002778
стали 0,971016 0,000608
кхл 0,760451 0,000952
улучшил 4,436752 0,002778
россии 0,160085 0,000501
сошел 4,436752 0,002778
гуменником 4,436752 0,002778
ru 0,285712 0,000537
задержали 3,050457 0,001910
фитнес 1,574551 0,000986
эксклюзивных 5,129899 0,009637
обитания 3,743604 0,002344
ctrl 3,520461 0,002204
ценности 3,183989 0,001994
сделал 1,695912 0,002124
известны 2,932674 0,001836
спортивные 1,104547 0,000692
вк 3,520461 0,002204
перелом 4,031286 0,005049
трибуне 2,490841 0,001560
выступлений 1,664163 0,003126
легенда 2,134166 0,001336
третий 1,416327 0,001774
во 0,495170 0,000620
игрок 1,258698 0,000788
важное 2,644992 0,001656
cookies 3,183989 0,001994
рублей 2,038856 0,001277
программой 3,743604 0,002344
выступление 1,762603 0,001104
российские 1,301257 0,000815
известно 1,871802 0,003516
вернуться 1,911023 0,001197
эксклюзивные 2,932674 0,007345
впервые 0,839439 0,001051
сайте 1,217876 0,000763
трибуны 2,357310 0,001476
западе 2,827314 0,001770
латыниной 5,129899 0,006424
чемпионат 0,277868 0,000348
российским 1,994404 0,001249
вы 0,325878 0,000408
лавров 2,932674 0,001836
сво 2,932674 0,001836
российский 1,086847 0,003403
паспорт 4,436752 0,002778
выступления 1,546380 0,001937
израиле 3,338139 0,002090
трактор 2,134166 0,001336
хоккеистов 3,183989 0,001994
итогам 1,603538 0,001004
болельщиков 1,574551 0,000986
африканская 3,743604 0,002344
россия 0,699082 0,000875
интернет 1,695912 0,001062
ядерного 3,743604 0,002344
церемонии 2,732003 0,005132
итальянка 3,520461 0,002204
россию 1,951845 0,002444
андреевой 4,031286 0,002524
ему 1,323236 0,000829
странно 3,338139 0,002090
конца 1,546380 0,000968
рекорд 1,198073 0,003751
открытия 2,134166 0,004009
башню 5,129899 0,003212
свой 1,217876 0,000763
рассказала 2,296685 0,002876
зарплату 3,183989 0,001994
доме 2,827314 0,001770
россиянина 2,732003 0,001711
плей 1,002764 0,001884
оружия 2,827314 0,001770
древнюю 3,743604 0,002344
мэрайи 5,129899 0,003212
европе 1,492313 0,000934
без 0,466460 0,002921
траты 4,031286 0,002524
перед 0,839439 0,000526
сайт 0,773190 0,000484
турнира 0,839439 0,002628
коростелев 3,183989 0,001994
четвертый 3,183989 0,003987
до 0,239550 0,000300
музыку 3,183989 0,001994
болельщика 2,932674 0,001836
утра 3,050457 0,001910
страшным 5,129899 0,003212
хоккеиста 3,338139 0,002090
откровения 3,520461 0,006613
адрес 2,038856 0,001277
отношения 1,951845 0,001222
проезжающие 5,129899 0,003212
моуринью 2,932674 0,001836
карабах 2,038856 0,001277
проноса 5,129899 0,003212
сувениров 4,436752 0,005556
российских 1,323236 0,007457
спортсмены 1,140915 0,000714
ей 1,834062 0,001148
erid 2,239527 0,001402
итоги 1,834062 0,001148
ислам 2,085376 0,001306
малинина 3,520461 0,002204
отреагировал 2,644992 0,003312
дебют 2,421849 0,007582
число 1,392229 0,000872
люблю 4,436752 0,002778
клуб 0,940244 0,000589
vk 1,441019 0,001805
для 0,146292 0,000275
расторг 3,743604 0,002344
числу 1,546380 0,000968
флаг 1,279751 0,000801
парные 3,520461 0,002204
отреагировали 3,050457 0,005730
объявила 2,564949 0,001606
гуменник 2,564949 0,008031
пещеры 3,743604 0,002344
высмеяла 4,031286 0,002524
посла 3,520461 0,002204
шлема 2,827314 0,001770
фаворита 3,743604 0,002344
презервативы 3,520461 0,002204
пробой 5,129899 0,003212
объяснил 1,797694 0,005628
материалы 1,762603 0,002207
после 0,317714 0,000796
злым 5,129899 0,003212
чудом 3,520461 0,002204
релизытехподдержкаспецпроектывакансииrssправовая 3,743604 0,002344
российского 1,603538 0,001004
что 0,239550 0,000150
медали 0,971016 0,003040
краснодар 0,925206 0,000579
лыж 3,743604 0,002344
дна 3,338139 0,002090
за 0,125952 0,000710
статьи 0,524729 0,000329
фекалий 4,436752 0,002778
ходе 2,085376 0,001306
соперника 1,279751 0,000801
заняла 1,951845 0,001222
канада 1,301257 0,000815
конькобежном 4,436752 0,005556
медаль 1,416327 0,005321
россией 2,296685 0,001438
дом 2,239527 0,001402
отстранили 4,436752 0,002778
было 0,438551 0,000275
трассы 2,932674 0,005509
культура 2,732003 0,001711
xa 3,743604 0,002344
локомотива 2,185460 0,001368
волонтера 4,436752 0,008335
зимней 2,239527 0,002805
силовые 3,050457 0,001910
трассу 2,932674 0,001836
видыхоккейавтоспортзож 3,743604 0,002344
плющенко 2,239527 0,001402
дня 1,104547 0,001383
лыжах 1,178655 0,000738
канады 1,217876 0,001525
пятый 2,421849 0,001516
петросян 1,441019 0,013535
одолеть 3,743604 0,002344
из 0,106018 0,000465
олимпиадах 2,296685 0,001438
показательные 1,466337 0,002755
биатлонист 3,183989 0,001994
грузинского 5,129899 0,003212
пообещали 3,743604 0,004688
их 0,799165 0,001001
получить 0,747872 0,000468
монако 1,994404 0,001249
вонн 3,743604 0,004688
terms 3,743604 0,002344
домой 2,932674 0,001836
смартфоны 2,932674 0,009182
спартак 0,786093 0,000492
сменившая 5,129899 0,003212
пластический 4,436752 0,002778
enter 3,338139 0,002090
пасту 5,129899 0,006424
фактор 3,183989 0,001994
хоккее 2,038856 0,003830
позором 4,031286 0,002524
короткую 3,520461 0,002204
восьмой 2,932674 0,001836
байер 1,994404 0,001249
серия 1,052361 0,001318
белый 2,357310 0,001476
цска 0,711058 0,000445
горных 3,520461 0,004409
россиян 1,762603 0,004415
непряевой 3,743604 0,004688
времени 1,140915 0,000714
эстония 2,490841 0,001560
стыковые 2,732003 0,006843
десятый 4,031286 0,007573
министр 2,421849 0,001516
контракт 1,518981 0,000951
забота 3,520461 0,002204
мать 3,338139 0,002090
матч 0,411400 0,002834
пожаловать 3,338139 0,002090
деталь 3,520461 0,002204
ммазимние 3,743604 0,002344
шведского 5,129899 0,006424
линдси 3,743604 0,002344
белье 5,129899 0,003212
выиграли 1,518981 0,000951
клуба 1,178655 0,000738
ньюкасл 2,085376 0,001306
граждан 4,436752 0,002778
оставили 3,743604 0,014065
произвольной 2,564949 0,001606
олимпиакос 2,085376 0,001306
увезет 5,129899 0,003212
нейтрального 4,436752 0,002778
динамо 0,663991 0,000416
дерзкое 3,743604 0,002344
семь 2,038856 0,001277
поколения 3,050457 0,001910
допинг 2,185460 0,002737
судейство 2,490841 0,003119
самой 1,574551 0,000986
норвежца 3,183989 0,003987
олимпийской 1,911023 0,001197
побил 2,421849 0,003033
остались 2,644992 0,001656
сегодня 0,881403 0,000552
жена 2,932674 0,001836
сми 1,546380 0,000968
самое 2,085376 0,001306
опечатку 3,520461 0,002204
кончились 5,129899 0,003212
отравлении 5,129899 0,003212
кэри 5,129899 0,003212
чемпионка 1,911023 0,001197
возврата 3,743604 0,002344
лиги 0,895792 0,000561
глимт 2,038856 0,001277
мн 2,490841 0,001560
место 0,597299 0,000374
побед 1,301257 0,000815
лиге 1,368699 0,000857
использовал 3,183989 0,001994
используются 1,994404 0,001249
сна 4,436752 0,002778
лига 0,402511 0,001008
рассказал 1,238078 0,004652
бисау 3,338139 0,002090
начали 1,546380 0,000968
появилось 2,239527 0,002805
выступили 2,644992 0,001656
каковы 5,129899 0,003212
спортсменам 1,871802 0,001172
нее 3,050457 0,003820
сборной 0,825834 0,004137
улучшения 3,183989 0,001994
истории 0,630089 0,000789
олимпиаде 0,895792 0,022998
участие 0,597299 0,000374
единое 3,743604 0,002344
европейцев 3,338139 0,002090
экономика 2,421849 0,001516
на 0,023953 0,001005
прошел 2,185460 0,026001
смартфонов 4,436752 0,008335
махачев 2,134166 0,001336
олимпиада 1,104547 0,001383
не 0,099461 0,000436
золотом 3,050457 0,001910
попал 1,911023 0,001197
использовать 1,603538 0,001004
бойкоту 4,031286 0,002524
госдуме 4,436752 0,005556
соглашение 1,834062 0,001148
золотой 1,911023 0,001197
тихонова 3,050457 0,001910
неочевидный 3,743604 0,002344
дарить 4,031286 0,010097
но 0,402511 0,000252
жульничестве 4,031286 0,002524
олимпиаду 1,664163 0,001042
организации 0,812411 0,000509
упала 3,338139 0,008361
украинского 3,338139 0,004181
олимпиады 0,925206 0,009849
три 0,786093 0,000492
норвежский 3,183989 0,003987
российская 0,799165 0,003503
об 0,217244 0,000544
места 1,198073 0,000750
завоевала 1,695912 0,001062
уровень 2,038856 0,001277
постоянных 4,031286 0,002524
переговоров 2,732003 0,001711
подняли 3,338139 0,002090
ои 0,812411 0,001017
реальный 2,932674 0,001836
он 0,534779 0,000670
зубную 5,129899 0,006424
катании 2,732003 0,003421
от 0,160085 0,000301
жулин 4,031286 0,002524
исторический 2,644992 0,001656
клебо 2,490841 0,007799
ушел 2,239527 0,005609
всеолимпиадаставкифутболбокс 3,743604 0,002344
победам 2,827314 0,001770
как 0,232059 0,003197
женеве 3,183989 0,001994
вернуть 2,185460 0,001368
все 0,125952 0,000237
оценила 3,183989 0,001994
условие 3,183989 0,003987
лыжников 3,338139 0,004181
горнолыжник 4,031286 0,005049
боязни 4,436752 0,002778
года 0,239550 0,000150
сопровождать 5,129899 0,003212
по 0,073653 0,000277
расписание 1,695912 0,003186
лыжница 4,031286 0,007573
попали 2,564949 0,001606
хоккеист 2,644992 0,003312
гуменника 2,564949 0,004818
дистанции 1,911023 0,002393
трамплина 1,159607 0,000726
неприятное 5,129899 0,003212
видеть 2,932674 0,001836
положительной 5,129899 0,003212
яркие 2,932674 0,001836
короткой 2,085376 0,003917
одиночников 4,436752 0,002778
ufc 1,441019 0,000902
третье 1,603538 0,002008
информациямини 3,743604 0,002344
миллион 4,436752 0,002778
наказывают 5,129899 0,003212
наука 3,050457 0,001910
чемпионов 0,652562 0,002452
второй 0,786093 0,000984
подсчитали 5,129899 0,003212
участия 1,633391 0,001023
условия 0,411400 0,000258
