день 0,760451 0,000384
hall 3,520461 0,003554
основанием 2,932674 0,000740
экспорт 0,986764 0,000249
конусовидное 5,129899 0,001295
играх 0,699082 0,000353
целом 1,994404 0,000503
них 1,178655 0,000297
персонала 4,436752 0,002240
играл 1,762603 0,000445
дженнингс 4,436752 0,001120
арт 3,743604 0,000945
заявление 0,867219 0,000219
юридический 4,031286 0,001017
поклингтон 5,129899 0,001295
принадлежит 2,239527 0,000565
сквозным 5,129899 0,001295
трофеем 4,031286 0,001017
čeština 1,035554 0,000261
финала 1,104547 0,000558
четвертьфинал 1,951845 0,000493
приза 3,520461 0,000889
серебряный 1,994404 0,000503
наградой 4,436752 0,001120
викисклад 1,035554 0,000523
нли 5,129899 0,001295
кэпиталз 4,436752 0,001120
переходящим 4,436752 0,001120
владелец 2,732003 0,001379
pier 5,129899 0,001295
slovenčina 1,069456 0,000270
встречаются 3,338139 0,000843
стэ 5,129899 0,001295
распорядители 5,129899 0,003884
оригинал 5,129899 0,001295
b 2,564949 0,000647
индивидуальных 2,644992 0,000668
оригинального 4,436752 0,001120
распорядителя 5,129899 0,001295
слишком 2,644992 0,000668
быстро 2,038856 0,000515
распорядителям 5,129899 0,001295
h 2,490841 0,001257
каждом 1,871802 0,000945
финалы 2,185460 0,000552
национальной 2,085376 0,001053
n 2,421849 0,000611
обвинение 3,183989 0,000804
the 1,546380 0,003513
p 1,951845 0,005912
определялись 3,338139 0,003370
s 1,664163 0,000840
индивидуальные 2,134166 0,000539
имена 2,564949 0,002590
каждой 1,546380 0,001561
w 0,955511 0,000241
отменена 3,520461 0,000889
x 1,279751 0,000323
территории 1,633391 0,000412
имени 1,951845 0,000985
финале 1,633391 0,002061
выходят 2,932674 0,000740
призы 2,827314 0,000714
отправлены 4,031286 0,001017
продолжали 2,932674 0,001480
верхнее 4,436752 0,001120
ванкувера 4,031286 0,001017
продолжало 4,031286 0,001017
использующие 1,633391 0,000412
заняться 4,031286 0,001017
пуншевая 5,129899 0,001295
судью 3,520461 0,000889
кэмпбелла 5,129899 0,001295
спорта 0,342407 0,000086
смайт 5,129899 0,003884
системе 0,867219 0,000438
система 1,695912 0,000428
каталогах 1,323236 0,000334
могут 0,760451 0,000768
клубов 1,603538 0,000405
ришар 4,436752 0,001120
постепенно 2,296685 0,000580
formats 5,129899 0,002590
судье 2,827314 0,000714
очков 1,198073 0,000302
забывали 5,129899 0,001295
встретились 2,644992 0,000668
новому 3,338139 0,000843
национального 2,564949 0,000647
знаками 5,129899 0,001295
последний 0,773190 0,000390
некоторые 1,416327 0,000357
добавляться 5,129899 0,001295
монреаль 2,932674 0,011843
весит 5,129899 0,001295
сократила 5,129899 0,001295
июля 1,035554 0,000261
pdf 0,940244 0,000237
лета 3,338139 0,000843
монреаля 4,436752 0,003359
допускалась 5,129899 0,001295
текущего 4,031286 0,001017
добираются 5,129899 0,001295
сша 0,586604 0,000148
другая 2,357310 0,000595
описание 0,986764 0,000249
спортивной 1,416327 0,000715
игроков 1,238078 0,001875
одновременно 1,762603 0,000445
канала 2,564949 0,000647
вручается 2,827314 0,000714
разработкой 4,436752 0,001120
становиться 4,436752 0,001120
соответствующего 4,436752 0,001120
конференций 1,728701 0,001309
федеральной 2,357310 0,000595
нижнее 4,031286 0,001017
конференции 2,421849 0,004279
проценту 5,129899 0,001295
чемпиону 3,338139 0,000843
конкурирующей 4,436752 0,001120
вклад 0,971016 0,000245
indonesia 1,086847 0,000274
морис 3,743604 0,000945
фанат 3,743604 0,000945
текст 0,986764 0,000249
хорошем 3,743604 0,000945
фотостудии 5,129899 0,001295
популяризации 3,338139 0,001685
чемпиона 1,466337 0,000370
перейти 0,867219 0,000438
сезоне 1,466337 0,005181
счёт 1,603538 0,000405
системы 1,951845 0,000493
неравного 5,129899 0,001295
слова 1,574551 0,000397
регулярного 3,183989 0,004018
сочли 4,436752 0,001120
позволила 3,743604 0,000945
сезона 1,052361 0,003719
западной 2,732003 0,002069
xxi 2,038856 0,000515
ответственности 0,971016 0,000245
имеет 1,492313 0,000753
найден 4,436752 0,001120
его 0,447767 0,002938
сезону 3,183989 0,000804
шериф 3,520461 0,000889
чаша 4,436752 0,002240
чаше 4,436752 0,001120
только 0,447767 0,000678
сезоны 2,296685 0,000580
разнице 3,338139 0,000843
php 0,986764 0,000249
чаши 4,031286 0,002035
ридо 5,129899 0,001295
претендентами 3,743604 0,003780
com 0,925206 0,000234
covid 2,564949 0,000647
нхл 0,925206 0,004203
чашу 4,436752 0,001120
отмены 4,031286 0,001017
каждого 1,633391 0,002886
годом 2,085376 0,000526
дороге 3,183989 0,000804
чаще 1,834062 0,000926
владельцу 4,436752 0,001120
краденой 5,129899 0,001295
гарри 3,050457 0,000770
наносить 3,338139 0,000843
добавить 3,338139 0,001685
basil 5,129899 0,001295
когда 0,652562 0,001647
могли 1,664163 0,000840
упорным 5,129899 0,001295
могла 2,564949 0,001295
годов 1,301257 0,001314
предыдущий 3,183989 0,000804
продолжать 2,827314 0,000714
чего 1,345709 0,001019
куки 0,971016 0,000245
датируется 4,031286 0,001017
чашей 5,129899 0,001295
лестер 5,129899 0,001295
завоёвывали 3,520461 0,001777
состоянии 2,421849 0,000611
отдавали 5,129899 0,001295
university 2,644992 0,000668
трофи 4,031286 0,018315
чемпионы 1,871802 0,000472
используемая 5,129899 0,001295
статус 1,871802 0,000472
будучи 3,338139 0,001685
против 0,747872 0,000566
другие 0,384967 0,000097
lang 3,743604 0,000945
внешнего 5,129899 0,002590
хоккейная 2,421849 0,001834
сохраняется 5,129899 0,001295
иногда 1,951845 0,000985
нового 1,574551 0,000795
других 0,853233 0,000861
имён 4,031286 0,003052
юридически 5,129899 0,001295
encyclopedia 2,932674 0,001480
образом 1,546380 0,000390
титула 2,421849 0,001223
шаблона 2,932674 0,000740
брайен 4,436752 0,001120
завоёвывавшие 4,436752 0,001120
выступал 2,421849 0,000611
определение 3,183989 0,000804
автомобиля 3,743604 0,000945
претендентом 3,520461 0,000889
урегулирования 5,129899 0,001295
исключение 3,050457 0,000770
есть 0,812411 0,000205
претендентов 2,827314 0,001427
этой 1,052361 0,000797
этом 0,565551 0,000571
викториас 5,129899 0,005179
press 2,185460 0,000552
marsh 5,129899 0,002590
претендовать 3,338139 0,002528
марка 2,038856 0,000515
действующие 2,564949 0,000647
споре 4,436752 0,001120
питер 3,520461 0,000889
действующим 3,050457 0,000770
определения 2,421849 0,001223
серебряное 4,436752 0,002240
колеса 4,031286 0,001017
пуншевой 5,129899 0,001295
джордж 2,134166 0,000539
завоевавшая 3,338139 0,000843
учреждена 2,932674 0,000740
cup 2,134166 0,008080
конструкция 3,743604 0,000945
français 1,019025 0,000257
toronto 3,338139 0,002528
элемент 0,955511 0,000241
игрок 1,258698 0,000635
facts 3,743604 0,001890
prize 3,743604 0,000945
duplacey 5,129899 0,016832
полное 2,296685 0,000580
имеют 1,834062 0,000463
трудностей 4,031286 0,001017
пунша 5,129899 0,001295
выиграть 1,466337 0,000370
тех 1,217876 0,000307
клубам 2,732003 0,000690
указанием 0,986764 0,000249
карды 5,129899 0,001295
ниже 1,762603 0,000445
нью 2,185460 0,000552
тед 4,436752 0,001120
магазине 3,520461 0,000889
тем 1,217876 0,000307
полу 3,050457 0,000770
без 0,466460 0,000118
между 0,955511 0,003618
рекордсменом 2,932674 0,000740
соответствии 1,086847 0,000274
ultimate 4,031286 0,001017
eric 4,031286 0,001017
менялся 3,743604 0,000945
защищать 3,520461 0,000889
период 1,159607 0,000293
клуб 0,940244 0,000712
пожеланием 5,129899 0,001295
ассоциация 2,038856 0,000515
вида 1,664163 0,000840
updated 4,436752 0,002240
виде 1,368699 0,000345
ассоциаций 2,732003 0,000690
канаду 2,490841 0,001257
ассоциации 2,185460 0,003861
вошли 1,994404 0,000503
motivation 5,129899 0,001295
оба 1,911023 0,000482
кодекс 0,971016 0,000245
похитить 5,129899 0,003884
статьи 0,524729 0,000530
предметами 5,129899 0,001295
канада 1,301257 0,000328
добавила 5,129899 0,001295
мастертон 5,129899 0,001295
цилиндрическим 5,129899 0,001295
победителям 3,183989 0,001607
хоккеисты 2,134166 0,000539
дымохода 5,129899 0,001295
если 0,675551 0,000341
статья 0,986764 0,000747
соответственно 2,134166 0,000539
wikimedia 0,986764 0,000249
канады 1,217876 0,003074
time 3,050457 0,001540
завоевавших 5,129899 0,001295
разделили 4,031286 0,001017
ελληνικά 1,086847 0,000274
многие 1,728701 0,000436
везина 4,436752 0,001120
планировал 4,031286 0,001017
язык 1,258698 0,000318
подставки 4,436752 0,001120
завоевавшие 5,129899 0,002590
нём 1,911023 0,000482
прочие 1,345709 0,000340
разных 1,834062 0,000926
обладателями 2,932674 0,000740
новая 1,546380 0,000390
решено 2,644992 0,001335
серебра 2,932674 0,000740
договорённость 4,436752 0,001120
creative 0,986764 0,000249
право 1,603538 0,002024
nederlands 1,019025 0,000257
обстоятельства 4,436752 0,001120
разные 2,564949 0,000647
раза 1,834062 0,000463
права 1,518981 0,000383
различных 1,728701 0,000436
мать 3,338139 0,000843
матч 0,411400 0,000208
euskara 1,122566 0,000283
недоигранном 5,129899 0,001295
расширяется 5,129899 0,001295
попечителям 5,129899 0,001295
состоялось 2,564949 0,000647
регионах 2,932674 0,000740
денисов 3,050457 0,001540
серебряную 3,183989 0,002411
потери 3,050457 0,001540
текущие 0,940244 0,000237
попадали 3,338139 0,000843
добавлено 4,031286 0,001017
страна 1,633391 0,000412
вместо 1,633391 0,002886
лорд 4,436752 0,004479
сразу 1,392229 0,000703
руководители 3,520461 0,000889
той 1,994404 0,000503
команд 1,178655 0,004462
создать 0,825834 0,000208
входило 3,050457 0,000770
расходы 2,932674 0,000740
дивизионе 2,564949 0,000647
традицией 5,129899 0,001295
проходить 2,644992 0,000668
печать 0,986764 0,000249
дивизиона 2,564949 0,007769
фредерик 3,520461 0,002666
конахер 5,129899 0,001295
ввиду 2,732003 0,000690
том 0,895792 0,000452
bruin 5,129899 0,002590
dan 4,031286 0,001017
основная 1,323236 0,000334
тот 1,416327 0,000357
обсуждение 0,881403 0,000445
jordan 3,743604 0,000945
произведённую 5,129899 0,001295
выявлявшие 5,129899 0,001295
розыгрыш 2,239527 0,001131
обладательниц 4,436752 0,001120
организации 0,812411 0,000205
товарный 0,986764 0,000249
почти 1,323236 0,000668
три 0,786093 0,000595
половин 5,129899 0,001295
history 1,762603 0,001335
решению 3,338139 0,001685
начиная 1,492313 0,000753
дважды 1,574551 0,000397
фамилию 4,031286 0,001017
дивизионы 3,520461 0,000889
образовывали 5,129899 0,001295
печати 0,955511 0,000241
бок 3,520461 0,000889
никакого 3,743604 0,000945
присваивались 4,436752 0,001120
вручен 5,129899 0,001295
кровати 4,436752 0,002240
джеймс 1,994404 0,000503
ванкувер 2,932674 0,000740
условий 0,881403 0,000222
списком 4,436752 0,001120
соперниками 2,038856 0,000515
добавленное 4,436752 0,001120
как 0,232059 0,000644
участник 2,296685 0,000580
аренах 4,031286 0,001017
службой 3,183989 0,000804
встречи 2,490841 0,000629
тарашкевіца 1,198073 0,000302
проводившихся 4,436752 0,001120
внутридивизионные 5,129899 0,002590
diamond 5,129899 0,016832
роджер 4,436752 0,001120
второе 1,603538 0,000405
проводились 1,603538 0,000405
второй 0,786093 0,000397
условия 0,411400 0,000208
термина 1,695912 0,000428
получила 1,728701 0,000436
расширено 5,129899 0,002590
шайб 2,490841 0,000629
киландер 5,129899 0,001295
dansk 1,069456 0,000270
ещё 0,420369 0,000424
служить 5,129899 0,001295
вызов 3,050457 0,000770
полуфиналов 4,436752 0,001120
расширена 4,031286 0,001017
менее 1,258698 0,000318
сиэтл 4,436752 0,002240
беларуская 1,069456 0,000270
первой 1,019025 0,000514
пожертвовал 3,743604 0,000945
ольчик 5,129899 0,001295
первом 1,052361 0,000266
а 0,209918 0,000901
в 0,017911 0,000854
месяцев 2,296685 0,000580
чемпионского 3,743604 0,000945
е 0,867219 0,008318
и 0,023953 0,000459
джон 1,728701 0,000436
й 0,825834 0,001042
к 0,132686 0,000502
м 0,534779 0,000405
о 0,042302 0,000075
с 0,036149 0,000575
она 0,825834 0,000208
сыгранным 5,129899 0,001295
у 0,342407 0,000346
взаимной 5,129899 0,001295
течение 1,238078 0,000312
х 0,986764 0,000996
договориться 3,743604 0,000945
скачать 0,895792 0,000452
сезон 1,368699 0,001036
они 0,760451 0,000192
ю 1,834062 0,000463
оно 2,038856 0,000515
я 0,853233 0,000431
вазу 5,129899 0,002590
награждение 3,743604 0,000945
определявшем 5,129899 0,001295
сыгранных 2,827314 0,000714
копия 1,574551 0,000397
заставили 3,743604 0,000945
заставило 3,743604 0,000945
возросло 4,436752 0,001120
существования 2,827314 0,001427
флорида 4,031286 0,001017
алфавиту 1,159607 0,000293
существование 2,644992 0,000668
series 2,085376 0,000526
представились 0,986764 0,000249
paus 5,129899 0,002590
вручать 3,743604 0,000945
восточной 2,564949 0,000647
благотворительность 4,031286 0,001017
получивший 2,564949 0,000647
конференциях 4,436752 0,001120
полуфинального 3,520461 0,000889
лигах 3,338139 0,000843
последнего 2,038856 0,000515
викискладе 1,217876 0,000307
coupe 4,436752 0,001120
впоследствии 1,911023 0,000482
игрались 4,436752 0,003359
мест 1,951845 0,000985
планта 5,129899 0,001295
профессионалов 2,644992 0,000668
вручаемый 5,129899 0,001295
всех 0,652562 0,000494
разрешила 4,031286 0,001017
всей 1,871802 0,000945
title 0,986764 0,000249
играло 4,031286 0,001017
пожертвовать 0,986764 0,000249
играли 1,762603 0,001780
аллана 4,436752 0,001120
играла 2,490841 0,000629
распоряжение 4,031286 0,001017
кольцах 4,436752 0,001120
опечаток 5,129899 0,001295
holy 5,129899 0,001295
уингз 4,436752 0,003359
ссылка 0,786093 0,000198
вернулись 3,050457 0,000770
ссылки 0,839439 0,001271
deadmarsh 5,129899 0,001295
своём 1,871802 0,000945
хоккею 1,603538 0,000405
хоккея 2,239527 0,000565
середине 1,994404 0,001510
патрик 3,183989 0,000804
первыми 1,762603 0,000445
джим 4,031286 0,001017
делать 2,644992 0,000668
zweig 5,129899 0,016832
предварительном 4,436752 0,002240
становится 1,664163 0,000420
согласилась 5,129899 0,001295
отдельных 0,986764 0,000498
колдер 5,129899 0,001295
достигает 3,743604 0,000945
забронированы 5,129899 0,001295
посева 4,031286 0,003052
потребовалось 3,520461 0,000889
посеве 4,436752 0,001120
петерсена 5,129899 0,001295
достигло 3,520461 0,000889
продолжая 2,732003 0,000690
офф 1,019025 0,005658
авко 5,129899 0,001295
матча 1,002764 0,000253
присоединились 3,183989 0,000804
матчи 0,773190 0,000585
матче 0,747872 0,000566
лордом 4,436752 0,003359
достаточно 2,134166 0,000539
установлено 3,520461 0,000889
был 0,663991 0,001676
bibliography 4,436752 0,002240
результате 1,728701 0,000436
ранними 5,129899 0,001295
сдулась 5,129899 0,001295
гриппом 5,129899 0,001295
джек 3,520461 0,000889
код 0,986764 0,002989
остановки 2,827314 0,000714
сплава 5,129899 0,001295
url 0,986764 0,000249
сохранялись 5,129899 0,001295
добавилось 5,129899 0,001295
народа 3,743604 0,000945
миллионэрис 5,129899 0,001295
состязание 3,520461 0,000889
войти 0,735450 0,000186
выступали 2,490841 0,000629
виннипега 5,129899 0,001295
приспособить 5,129899 0,001295
снимают 5,129899 0,001295
первых 1,518981 0,000383
назначают 4,436752 0,002240
память 2,932674 0,000740
вышли 1,797694 0,000454
филип 4,031286 0,001017
grail 5,129899 0,001295
финалах 2,644992 0,000668
копией 5,129899 0,001295
старших 3,520461 0,000889
играть 1,368699 0,000691
инструменты 0,986764 0,000498
везли 5,129899 0,001295
феврале 2,038856 0,000515
оставляли 5,129899 0,001295
буквы 3,338139 0,000843
первым 1,238078 0,000625
первые 0,971016 0,001225
обращения 0,925206 0,003736
оговорил 5,129899 0,001295
первый 0,687247 0,000694
вырезаны 5,129899 0,001295
февраля 0,232059 0,000059
славы 2,085376 0,003684
противников 3,520461 0,000889
пять 1,368699 0,000691
выполнена 3,338139 0,000843
одинаковым 3,520461 0,000889
селки 5,129899 0,001295
значения 1,416327 0,000715
пяти 1,574551 0,000795
симметричная 5,129899 0,001295
кольцами 4,031286 0,001017
титул 1,603538 0,000809
сопровождалось 4,436752 0,001120
кто 0,839439 0,000212
encyclopædia 5,129899 0,001295
материал 0,825834 0,000208
минус 3,050457 0,000770
добавил 3,743604 0,000945
хранителя 5,129899 0,001295
вызова 2,932674 0,003701
роль 2,038856 0,000515
кубком 2,490841 0,004401
bruins 5,129899 0,002590
навигация 0,986764 0,000498
мейпл 5,129899 0,001295
профессионалам 3,743604 0,000945
навигации 0,986764 0,000249
сборная 0,711058 0,000179
владельцем 3,050457 0,000770
роли 2,296685 0,000580
счётом 1,834062 0,000926
борьбы 2,134166 0,000539
бы 1,052361 0,000531
hrvatski 1,052361 0,000266
разыгрывали 3,183989 0,002411
диаметра 5,129899 0,001295
век 2,732003 0,000690
кубок 0,524729 0,006490
во 0,495170 0,000500
претенденты 4,031286 0,002035
occitan 1,466337 0,000370
into 3,520461 0,000889
уже 0,687247 0,000694
диаметре 4,436752 0,002240
вы 0,325878 0,000082
минимальным 3,050457 0,000770
итогам 1,603538 0,001214
просто 1,492313 0,000377
го 1,279751 0,002261
энциклопедии 0,986764 0,000498
показателям 3,338139 0,000843
вслед 2,564949 0,000647
претендента 4,436752 0,002240
associated 0,986764 0,000249
български 1,086847 0,000274
чтобы 0,773190 0,000195
плей 1,002764 0,005568
договариваться 5,129899 0,001295
де 0,955511 0,000482
шина 4,436752 0,001120
дж 3,338139 0,000843
вышедшего 5,129899 0,001295
шайбой 1,122566 0,000283
сайт 0,773190 0,000390
хрупким 4,436752 0,001120
американский 1,258698 0,000635
до 0,239550 0,001451
распределяется 3,743604 0,000945
жака 4,436752 0,001120
попечители 5,129899 0,002590
зарегистрированный 0,986764 0,000249
стандартной 3,338139 0,000843
многочисленные 3,338139 0,000843
введена 3,183989 0,000804
скончался 2,564949 0,000647
возвращены 5,129899 0,001295
современного 2,564949 0,000647
очкам 2,644992 0,000668
другой 1,492313 0,000377
сюда 0,986764 0,000249
нормой 5,129899 0,001295
двух 1,002764 0,002025
пар 2,357310 0,001190
цитировать 0,986764 0,000249
преемниц 5,129899 0,001295
ей 1,834062 0,000463
регулярно 1,871802 0,000472
кинг 2,239527 0,000565
домашних 2,827314 0,000714
числе 1,546380 0,000781
кубка 0,825834 0,008963
собственных 3,183989 0,000804
встречается 3,050457 0,000770
число 1,392229 0,000351
практикой 4,031286 0,001017
её 1,104547 0,000836
вид 1,104547 0,000279
полуфиналах 4,031286 0,002035
же 0,925206 0,000467
isbn 1,633391 0,001237
lord 5,129899 0,001295
накопившиеся 5,129899 0,001295
кубке 1,441019 0,000364
что 0,239550 0,000665
разыгран 3,743604 0,000945
править 0,986764 0,005977
за 0,125952 0,000858
кубку 3,338139 0,000843
форма 1,695912 0,000428
никеля 4,031286 0,001017
было 0,438551 0,000886
подробнее 0,723179 0,000183
непрактичный 5,129899 0,001295
были 0,799165 0,001412
эппс 5,129899 0,001295
была 0,652562 0,000988
осложнений 5,129899 0,001295
отыскали 5,129899 0,002590
разделена 4,031286 0,001017
из 0,106018 0,000910
deadmarch 5,129899 0,001295
им 1,198073 0,000605
дэдмарша 5,129899 0,001295
августа 1,052361 0,000797
архивы 4,436752 0,002240
их 0,799165 0,001009
скрытые 1,122566 0,000283
восточный 3,338139 0,000843
форму 1,797694 0,000454
хоккей 0,376309 0,000095
участвовавших 3,743604 0,000945
английском 2,732003 0,000690
стандартную 5,129899 0,001295
исключением 1,994404 0,001007
розыгрышах 2,932674 0,001480
президентский 4,436752 0,001120
лигой 2,932674 0,000740
харламов 3,338139 0,000843
серия 1,052361 0,000531
playoff 5,129899 0,002590
ряда 2,644992 0,000668
исчезло 4,436752 0,001120
преемницах 5,129899 0,001295
srpski 1,035554 0,000261
кг 2,185460 0,000552
серии 1,159607 0,004390
названиями 3,743604 0,000945
серий 3,183989 0,001607
является 1,086847 0,000549
забыли 3,520461 0,001777
ку 3,338139 0,000843
foundation 0,986764 0,000249
клуба 1,178655 0,000892
награда 2,932674 0,000740
выигрывавших 3,743604 0,001890
следующий 1,574551 0,000795
уточнён 5,129899 0,001295
hockey 3,183989 0,004018
встречах 3,520461 0,000889
силвер 5,129899 0,002590
норрис 2,421849 0,001223
четверть 3,743604 0,000945
первоначально 1,951845 0,001478
сити 1,546380 0,000390
한국어 1,035554 0,000261
доктор 3,338139 0,000843
дымоход 5,129899 0,002590
ми 2,932674 0,002221
изменён 2,732003 0,000690
first 2,732003 0,000690
собой 1,279751 0,002261
место 0,597299 0,000452
побед 1,301257 0,002956
попытки 2,421849 0,001223
верхнего 3,743604 0,000945
болельщик 2,827314 0,000714
участие 0,597299 0,000151
на 0,023953 0,000314
ювелира 5,129899 0,001295
сложившейся 4,436752 0,001120
нижнему 4,436752 0,001120
старая 1,368699 0,000345
tamburelli 5,129899 0,002590
не 0,099461 0,000678
каждый 1,392229 0,000703
ссылками 1,159607 0,000293
предварительные 3,743604 0,000945
онлайн 0,773190 0,000195
канадиенс 4,031286 0,006105
но 0,402511 0,000711
бэзила 5,129899 0,001295
учредил 4,031286 0,001017
счёте 2,732003 0,000690
победили 1,951845 0,000493
обладателей 3,050457 0,005390
университета 2,296685 0,000580
обладателем 2,296685 0,001159
грегори 5,129899 0,001295
уровне 1,695912 0,000856
magyar 1,086847 0,000274
нами 0,853233 0,000215
завоевала 1,695912 0,000428
места 1,198073 0,003629
об 0,217244 0,000055
отдельной 3,338139 0,000843
награды 1,728701 0,001309
справка 0,986764 0,000249
fame 3,520461 0,003554
он 0,534779 0,000810
завершение 3,338139 0,000843
собственностью 5,129899 0,002590
категории 0,986764 0,000498
от 0,160085 0,000323
форум 0,881403 0,000222
firsts 5,129899 0,002590
названием 1,871802 0,001417
адамс 3,743604 0,000945
официальный 1,104547 0,000279
образоывали 5,129899 0,001295
вернуть 2,185460 0,001655
окончили 5,129899 0,001295
годах 1,492313 0,000753
официальным 2,644992 0,000668
города 2,239527 0,000565
все 0,125952 0,000095
википедия 0,986764 0,000747
craig 5,129899 0,001295
адама 5,129899 0,001295
по 0,073653 0,000651
inc 0,986764 0,000249
уайлд 4,031286 0,001017
устава 4,436752 0,001120
соединительное 5,129899 0,001295
чьи 3,338139 0,000843
очередными 5,129899 0,001295
сведения 0,812411 0,000205
колец 4,031286 0,006105
приближалось 5,129899 0,001295
português 1,035554 0,000261
круг 1,951845 0,000985
приобрёл 3,050457 0,000770
вечеру 5,129899 0,001295
церемониальную 5,129899 0,001295
надзор 5,129899 0,001295
вся 2,564949 0,000647
ри 4,436752 0,001120
сообщество 0,986764 0,000249
википедии 0,986764 0,000498
хэла 5,129899 0,001295
участия 1,633391 0,000412
англии 2,038856 0,000515
хатп 5,129899 0,001295
этому 1,728701 0,000436
lccn 1,492313 0,000377
стал 0,586604 0,000740
соперничество 2,732003 0,000690
указан 1,301257 0,000328
владение 3,050457 0,000770
родион 5,129899 0,002590
факто 3,183989 0,001607
чью 5,129899 0,001295
см 0,955511 0,002653
хоккеистам 4,436752 0,001120
став 2,296685 0,000580
日本語 1,035554 0,000261
со 0,447767 0,000791
правом 3,183989 0,000804
владении 4,436752 0,001120
вратаря 1,834062 0,000463
йорк 2,644992 0,000668
slovenščina 1,345709 0,000340
под 0,723179 0,001278
таким 1,664163 0,000840
неоднократно 2,421849 0,000611
победительницы 4,031286 0,001017
одно 1,664163 0,000420
любительской 3,183989 0,004822
человек 1,178655 0,000297
уроженцем 5,129899 0,001295
частности 1,994404 0,000503
одна 1,392229 0,000351
ehx 5,129899 0,001295
содержание 0,971016 0,000490
eesti 1,069456 0,000270
лет 0,475938 0,000240
водой 3,338139 0,001685
сложности 2,134166 0,001077
boston 4,031286 0,001017
оказалось 2,564949 0,000647
матчам 3,183989 0,000804
essence 5,129899 0,001295
матчах 1,574551 0,000397
britannica 1,518981 0,000767
превратился 4,436752 0,001120
социальных 1,871802 0,000472
пор 1,574551 0,000397
конфиденциальности 0,317714 0,000080
дивизионов 3,183989 0,008036
своей 1,002764 0,000506
wikipedia 0,986764 0,000498
разделилась 4,031286 0,001017
лиг 2,732003 0,002069
при 0,367725 0,000464
thecanadianencyclopedia 5,129899 0,002590
состоялся 1,664163 0,000840
летом 2,185460 0,000552
карлтон 5,129899 0,001295
прекратила 3,338139 0,000843
викиновости 1,238078 0,000312
также 0,663991 0,002346
العربية 1,069456 0,000270
уондерерз 5,129899 0,006474
комиссара 5,129899 0,001295
одной 1,238078 0,000625
нашли 1,994404 0,000503
репутацией 4,031286 0,001017
библиографических 1,323236 0,000334
разработчики 0,986764 0,000249
зал 2,239527 0,001131
набранными 5,129899 0,001295
составами 4,436752 0,001120
колорадо 3,520461 0,000889
правки 0,986764 0,000498
каррису 5,129899 0,001295
bqstqn 5,129899 0,001295
пытался 2,827314 0,000714
победе 1,951845 0,000493
должности 3,743604 0,000945
формально 3,520461 0,000889
однако 1,069456 0,000270
представляет 1,871802 0,000472
успела 5,129899 0,001295
победу 0,910391 0,000230
одинакового 4,436752 0,001120
faux 5,129899 0,002590
canada 3,520461 0,000889
traditions 5,129899 0,001295
командам 2,827314 0,000714
отказался 2,296685 0,000580
проектах 0,986764 0,000249
победы 0,971016 0,001716
отказ 0,910391 0,000230
сохранением 0,986764 0,000249
севенз 5,129899 0,002590
оставались 3,520461 0,000889
стороны 1,546380 0,000390
один 0,711058 0,000179
любителей 1,762603 0,000445
определивших 5,129899 0,001295
входит 1,871802 0,000472
вручения 4,031286 0,002035
ставший 2,239527 0,000565
должность 2,564949 0,000647
всеми 2,732003 0,000690
осталось 2,421849 0,000611
испанского 3,520461 0,000889
участвовали 2,421849 0,001223
общего 3,183989 0,002411
сетях 1,871802 0,000472
часто 1,574551 0,000397
изменения 1,728701 0,000436
paolo 5,129899 0,001295
кольце 4,436752 0,003359
bahasa 1,086847 0,000549
хотел 2,421849 0,000611
монреальской 4,436752 0,003359
заболели 5,129899 0,001295
кольцо 3,338139 0,005055
артур 1,664163 0,001260
pocklington 5,129899 0,001295
членов 2,644992 0,002003
через 0,971016 0,000490
инциденты 5,129899 0,002590
остаётся 1,994404 0,000503
губернатора 5,129899 0,001295
монреальцами 5,129899 0,001295
официально 1,159607 0,000585
лучшие 1,019025 0,000257
द 1,546380 0,000390
словари 1,217876 0,000307
न 1,518981 0,000383
команда 0,663991 0,001843
игроки 0,986764 0,000747
лучшим 1,951845 0,000493
команде 1,258698 0,000953
будут 1,392229 0,000351
убрав 3,520461 0,000889
игрока 1,492313 0,000377
команды 0,555188 0,003503
лучших 1,198073 0,000605
эвеланш 4,436752 0,001120
проводиться 2,038856 0,000515
ह 1,546380 0,000390
списки 3,050457 0,001540
делятся 2,564949 0,000647
команду 1,217876 0,000307
кольца 3,183989 0,005625
века 1,441019 0,000364
существуют 1,441019 0,000364
українська 1,035554 0,000261
гриппа 5,129899 0,001295
выгравированных 5,129899 0,001295
сводились 5,129899 0,001295
фотографа 5,129899 0,001295
разыгрывать 3,743604 0,000945
любых 2,732003 0,000690
сыновей 5,129899 0,001295
проводили 2,827314 0,000714
росс 4,031286 0,002035
попарно 5,129899 0,001295
пропущенных 2,490841 0,000629
гравировать 4,436752 0,002240
делалось 5,129899 0,001295
mcmeel 5,129899 0,001295
cite 1,258698 0,000318
замены 2,644992 0,000668
официальной 2,932674 0,000740
эд 5,129899 0,001295
чикаго 3,183989 0,000804
случаев 2,185460 0,000552
дженералс 5,129899 0,001295
билетов 2,932674 0,000740
goldstein 4,436752 0,003359
pages 0,986764 0,000249
финальной 2,827314 0,002854
связанном 5,129899 0,001295
канал 2,038856 0,000515
финальном 2,564949 0,000647
ежегодно 2,185460 0,000552
занятых 3,743604 0,000945
ассоциацией 2,827314 0,000714
участвующими 5,129899 0,001295
ойлерз 4,436752 0,001120
all 3,050457 0,001540
new 2,038856 0,001029
командами 1,911023 0,002894
сенаторз 4,436752 0,003359
всего 0,812411 0,000615
разыгрывался 3,520461 0,000889
представлял 2,932674 0,001480
svenska 1,035554 0,000261
назад 1,140915 0,000288
общим 2,732003 0,000690
химчистки 5,129899 0,001295
список 1,198073 0,002722
восточно 4,031286 0,002035
доступен 0,971016 0,000245
высоту 3,183989 0,001607
определялся 3,050457 0,003080
основанию 5,129899 0,002590
основания 1,834062 0,001852
профессиональных 2,357310 0,000595
and 1,762603 0,003114
обязанности 2,644992 0,000668
традиция 3,338139 0,000843
матчей 0,940244 0,001424
общей 1,951845 0,001478
именно 1,492313 0,000377
примечания 1,002764 0,000506
interlingue 2,239527 0,000565
где 0,675551 0,000171
основание 3,520461 0,002666
основании 2,827314 0,003568
матчем 2,085376 0,000526
традиции 2,490841 0,001257
вновь 1,574551 0,000397
nhl 3,520461 0,004443
жеребьёвка 3,050457 0,000770
эволюция 3,520461 0,003554
участвовать 1,518981 0,000767
сообщить 0,799165 0,000202
жеребьёвке 4,436752 0,001120
быть 0,773190 0,000585
него 1,368699 0,001036
метрополитэнс 5,129899 0,002590
ключевых 2,827314 0,000714
диаметр 3,338139 0,000843
определением 4,436752 0,001120
гравировки 5,129899 0,001295
зале 2,827314 0,002141
включил 3,743604 0,000945
поверхности 2,644992 0,000668
схемы 3,338139 0,001685
зала 3,520461 0,000889
гравировку 5,129899 0,001295
мобильная 0,608110 0,000153
english 0,925206 0,000467
финальные 3,338139 0,000843
пытались 3,743604 0,001890
четыре 1,140915 0,001728
предшествующие 4,436752 0,001120
протяжении 1,951845 0,001478
suomi 1,052361 0,000266
стало 1,217876 0,000615
baird 5,129899 0,001295
занятого 3,743604 0,000945
состава 2,085376 0,001579
менеджер 3,520461 0,000889
стала 0,881403 0,000667
схеме 2,732003 0,000690
обладательницы 4,436752 0,003359
являются 1,466337 0,000370
стали 0,971016 0,001470
română 1,122566 0,000283
эдмонтон 4,031286 0,001017
российские 1,301257 0,000328
хранение 2,827314 0,000714
впервые 0,839439 0,001695
раз 0,504926 0,000637
чемпионат 0,277868 0,000070
внесено 4,031286 0,001017
случайная 0,986764 0,000249
latviešu 1,052361 0,000266
попечителями 5,129899 0,001295
президента 1,762603 0,000445
решающем 3,050457 0,000770
постоянная 0,986764 0,000249
хоккеистов 3,183989 0,002411
шести 1,911023 0,000482
командой 1,664163 0,000840
версия 0,485508 0,000368
канадской 3,183989 0,001607
спустя 1,911023 0,000482
уилли 5,129899 0,001295
виннипег 4,436752 0,001120
носил 3,338139 0,000843
неисправленными 5,129899 0,001295
свитленд 5,129899 0,001295
сократилось 3,520461 0,000889
отстояли 4,436752 0,001120
знак 0,986764 0,000249
представители 1,633391 0,000412
маргерит 5,129899 0,001295
пятью 3,338139 0,000843
графства 5,129899 0,001295
отношения 1,951845 0,000493
представителя 2,827314 0,000714
фредериком 5,129899 0,001295
передачи 2,134166 0,000539
leaes 5,129899 0,001295
календарём 5,129899 0,001295
donate 5,129899 0,001295
обладатель 2,185460 0,001655
обладателю 3,520461 0,000889
обладателя 2,827314 0,002141
обладатели 2,296685 0,004058
российских 1,323236 0,000668
итоге 1,797694 0,000454
медиафайлы 1,217876 0,000307
museum 3,743604 0,003780
работы 1,797694 0,000454
architects 5,129899 0,001295
архивировано 1,104547 0,000279
короткий 0,971016 0,000245
поровну 3,743604 0,001890
остальные 2,239527 0,001696
сокращением 4,436752 0,001120
чемпионата 0,735450 0,000186
занявшие 2,644992 0,000668
остальным 4,436752 0,001120
rocco 5,129899 0,001295
случаях 0,971016 0,000245
после 0,317714 0,001363
ред 1,603538 0,001214
получает 2,038856 0,000515
положений 4,031286 0,001017
набранным 3,520461 0,000889
покинуть 2,732003 0,000690
квебека 4,031286 0,002035
набранных 2,564949 0,000647
торонто 3,183989 0,001607
забитых 2,564949 0,000647
намного 2,932674 0,000740
включая 1,633391 0,001237
процедуре 4,436752 0,001120
очередное 3,520461 0,000889
пандемии 2,421849 0,000611
двумя 1,664163 0,000420
посвящённая 3,743604 0,000945
служебные 0,986764 0,000249
leafs 5,129899 0,001295
перебиты 5,129899 0,001295
языках 0,986764 0,000249
периодом 3,338139 0,000843
свободной 0,986764 0,000249
ранних 2,932674 0,000740
выручка 3,743604 0,000945
может 0,630089 0,000477
лхак 5,129899 0,001295
пингвинз 4,031286 0,001017
внутри 2,421849 0,001223
жеребьёвкой 4,031286 0,001017
получить 0,747872 0,000189
tabitha 5,129899 0,002590
наггетс 2,490841 0,000629
максимальное 2,644992 0,000668
обладание 4,436752 0,002240
некрасивый 5,129899 0,001295
связанные 0,881403 0,000445
теоретически 4,436752 0,001120
фактически 2,357310 0,000595
отредактирована 0,986764 0,000249
melayu 1,368699 0,000345
трёх 1,441019 0,001455
ilanders 5,129899 0,001295
понятых 5,129899 0,001295
появившиеся 4,031286 0,001017
связанных 1,911023 0,000482
italiano 1,035554 0,000261
год 0,687247 0,002082
будущем 3,338139 0,000843
совета 2,085376 0,000526
стремился 4,436752 0,001120
языке 2,421849 0,001223
commons 0,986764 0,000249
српскохрватски 1,416327 0,000357
празднование 3,743604 0,000945
названия 1,664163 0,002100
web 1,279751 0,000323
семь 2,038856 0,000515
давлением 3,743604 0,000945
приз 2,134166 0,005387
учётную 0,986764 0,000249
bokmål 1,069456 0,000270
самой 1,574551 0,000795
попеременно 3,520461 0,000889
извлечён 5,129899 0,001295
учреждён 3,520461 0,001777
поклонником 4,436752 0,001120
семи 2,134166 0,000539
плюс 2,357310 0,000595
очередным 3,520461 0,000889
запланирована 4,436752 0,001120
лиги 0,895792 0,002487
свяжитесь 0,986764 0,000249
выступила 2,490841 0,000629
лиге 1,368699 0,000691
сиэтла 5,129899 0,001295
лига 0,402511 0,000610
гравировок 5,129899 0,001295
генеральный 1,951845 0,000493
решалась 3,338139 0,000843
формате 3,338139 0,000843
simple 1,140915 0,000288
scavenger 5,129899 0,001295
истории 0,630089 0,000159
мессье 5,129899 0,001295
участниками 1,994404 0,001007
фонд 0,940244 0,000237
состав 1,238078 0,000625
широких 4,436752 0,001120
наиболее 1,466337 0,000370
рамках 1,518981 0,000383
которая 1,052361 0,000266
оттава 4,436752 0,006719
четвертьфинальном 3,520461 0,000889
hunt 5,129899 0,001295
тихоокеанского 4,436752 0,002240
историю 1,603538 0,000809
несбалансированности 5,129899 0,001295
история 0,555188 0,000701
кеннет 5,129899 0,001295
непосредственно 2,134166 0,000539
российская 0,799165 0,000202
розыгрыша 2,239527 0,002261
либо 1,140915 0,000288
положило 3,743604 0,000945
розыгрыше 2,239527 0,000565
согласно 1,574551 0,000795
названии 3,338139 0,000843
название 1,178655 0,001487
допускали 4,436752 0,001120
более 0,853233 0,000431
доусон 5,129899 0,001295
поиск 0,735450 0,000186
чемпион 0,867219 0,000657
отказом 3,338139 0,000843
оригиналом 3,743604 0,000945
харт 4,436752 0,001120
oldid 0,986764 0,000249
исторические 3,183989 0,000804
возражать 5,129899 0,001295
продажи 3,338139 0,000843
задумывал 5,129899 0,001295
кеннеди 4,031286 0,001017
стадии 2,085376 0,000526
san 3,743604 0,000945
местах 3,183989 0,002411
оттавы 5,129899 0,002590
уэльского 4,436752 0,001120
местам 3,743604 0,001890
этого 0,881403 0,000890
занимал 2,732003 0,000690
дизайна 3,743604 0,001890
своих 1,345709 0,001019
договорились 4,031286 0,001017
данскен 5,129899 0,001295
авторства 0,986764 0,000249
встречались 3,183989 0,001607
семейные 4,031286 0,001017
первоначальном 4,436752 0,001120
чемпионов 0,652562 0,000165
принципу 2,564949 0,000647
своим 1,728701 0,000436
финал 1,258698 0,000635
català 1,086847 0,000274
дальнейшем 2,357310 0,000595
назначается 2,827314 0,000714
новый 0,940244 0,000712
результатом 2,644992 0,001335
чарли 4,436752 0,001120
новые 0,747872 0,000378
поединки 3,338139 0,000843
конн 5,129899 0,003884
любая 3,338139 0,001685
просмотры 0,986764 0,000249
فارسی 1,104547 0,000279
выкупила 4,436752 0,001120
автоматически 2,644992 0,001335
league 3,183989 0,000804
восстановлены 5,129899 0,001295
islanders 5,129899 0,001295
an 2,644992 0,000668
должны 1,178655 0,000892
полных 4,436752 0,001120
викимедиа 0,986764 0,000249
сугробе 5,129899 0,001295
студенты 3,520461 0,000889
политика 0,239550 0,000060
монреальского 4,436752 0,003359
enquiry 5,129899 0,001295
вплоть 1,871802 0,000472
занявшими 3,743604 0,000945
дополнительные 0,986764 0,000249
победители 1,797694 0,004084
заглавная 0,986764 0,000249
дополнительным 3,338139 0,000843
бросить 4,436752 0,001120
by 0,971016 0,000735
назначен 2,490841 0,000629
national 2,827314 0,000714
дэвиса 1,633391 0,000412
русский 0,839439 0,000212
ca 4,436752 0,002240
cc 0,986764 0,000249
единственным 2,239527 0,000565
конец 2,421849 0,001223
время 0,384967 0,000291
пойман 5,129899 0,001295
выигрыша 3,183989 0,000804
поведения 0,895792 0,000226
победителю 2,357310 0,001190
сошлись 4,436752 0,001120
победителя 1,911023 0,001447
ресурсы 1,104547 0,000279
победитель 1,258698 0,000953
новых 1,633391 0,000412
точной 3,520461 0,000889
de 1,871802 0,000945
прерван 3,520461 0,000889
викиданных 0,986764 0,000249
дальнейшая 5,129899 0,001295
неверно 4,436752 0,001120
проходили 2,085376 0,000526
своего 1,368699 0,000345
scary 5,129899 0,001295
задачи 2,827314 0,000714
включила 5,129899 0,001295
отсутствие 2,038856 0,000515
вносили 5,129899 0,001295
хотя 1,546380 0,002342
цветочный 5,129899 0,001295
читать 0,586604 0,000148
высотой 3,050457 0,000770
игр 0,367725 0,000093
фрэнк 3,520461 0,000889
удовлетворяет 5,129899 0,001295
викинг 5,129899 0,001295
генерал 3,743604 0,002835
англ 1,159607 0,010537
командные 1,797694 0,000454
датская 1,518981 0,000383
этапе 1,633391 0,000825
массивным 5,129899 0,001295
линдсей 5,129899 0,001295
внутренней 3,183989 0,001607
поиску 0,971016 0,000245
учредитель 2,185460 0,001103
перечисляет 5,129899 0,001295
стэнли 2,185460 0,032545
лишь 1,159607 0,000293
мог 1,762603 0,000445
отправляют 5,129899 0,001295
одного 1,140915 0,000288
означало 3,743604 0,000945
srpskohrvatski 1,416327 0,000357
назначил 3,183989 0,000804
рейнджерс 2,038856 0,000515
中文 1,035554 0,000261
канадская 2,490841 0,001257
ювелирном 5,129899 0,001295
организаторы 2,564949 0,000647
пожертвованная 5,129899 0,001295
canadian 4,031286 0,003052
заменена 3,743604 0,000945
среди 0,597299 0,000302
хоккейные 3,050457 0,001540
хоккейный 2,185460 0,001655
русском 2,421849 0,000611
эре 5,129899 0,001295
канадский 2,564949 0,000647
принца 4,031286 0,001017
перенесенным 5,129899 0,001295
карла 4,436752 0,001120
материальным 5,129899 0,001295
хоккейных 3,050457 0,001540
https 0,699082 0,000176
ввел 4,436752 0,001120
написания 2,644992 0,000668
выгравировано 5,129899 0,001295
позже 1,518981 0,000383
закончилась 2,827314 0,000714
опережают 4,031286 0,001017
עברית 1,052361 0,000266
index 0,986764 0,000249
эта 0,867219 0,000876
четвертьфинальные 4,436752 0,001120
изначально 2,038856 0,000515
избранные 0,971016 0,000245
ള 1,695912 0,000428
выгравированы 4,436752 0,002240
которой 1,238078 0,000312
котором 1,217876 0,000307
воплощением 5,129899 0,001295
хранится 4,031286 0,001017
явного 5,129899 0,001295
сауне 5,129899 0,002590
смерти 2,239527 0,000565
смену 2,732003 0,000690
имел 2,357310 0,000595
эти 1,323236 0,000334
моменту 2,932674 0,000740
которого 1,345709 0,001019
это 0,277868 0,000281
большинство 1,834062 0,000926
этим 1,834062 0,000926
два 0,760451 0,000384
выходили 2,732003 0,000690
диомеду 5,129899 0,001295
лифс 4,436752 0,001120
этих 1,301257 0,000985
две 1,019025 0,001029
момента 1,994404 0,001510
номера 2,421849 0,001223
la 2,932674 0,000740
основывалась 5,129899 0,001295
региона 3,743604 0,000945
или 0,576022 0,000436
political 5,129899 0,001295
қазақша 1,178655 0,000297
судьба 2,932674 0,000740
питтсбург 2,421849 0,000611
превосходства 4,031286 0,001017
ответил 2,185460 0,000552
новом 1,994404 0,000503
использования 0,393700 0,000099
музее 3,743604 0,000945
записали 4,436752 0,002240
новое 2,134166 0,000539
представляют 2,932674 0,000740
разыгрываться 3,338139 0,000843
игры 0,376309 0,000380
заполняется 5,129899 0,001295
четвертьфиналах 4,436752 0,001120
ошибки 2,185460 0,001103
ошибке 0,955511 0,000241
no 1,911023 0,000482
четырёх 1,603538 0,002833
перстень 4,436752 0,001120
ошибка 2,644992 0,000668
события 0,663991 0,000168
игре 1,198073 0,000302
вопрос 1,603538 0,000405
игра 1,301257 0,000657
раунде 1,951845 0,000493
поскольку 1,728701 0,000436
большими 4,436752 0,001120
of 1,695912 0,002568
deutsch 1,052361 0,000266
регулярном 3,520461 0,002666
марта 0,881403 0,000667
дополнительном 5,129899 0,001295
воспользовалась 5,129899 0,001295
имя 1,603538 0,000809
эпидемии 5,129899 0,001295
sports 1,301257 0,000657
выгравировали 5,129899 0,001295
джо 4,436752 0,001120
предпочтение 3,743604 0,000945
дальнейшие 4,436752 0,001120
требованиям 3,338139 0,000843
включает 2,038856 0,000515
уильям 3,050457 0,000770
соревнование 1,664163 0,000420
maple 5,129899 0,002590
pp 3,520461 0,005331
шэмрокс 5,129899 0,001295
бинг 5,129899 0,001295
охота 4,031286 0,001017
andrews 4,031286 0,001017
похищения 5,129899 0,002590
титулован 3,183989 0,000804
страница 0,940244 0,000475
лицензии 0,986764 0,000249
странице 0,971016 0,000245
четвертьфиналов 3,520461 0,000889
publishing 3,183989 0,000804
ааа 5,129899 0,005179
запись 0,955511 0,000241
qr 0,986764 0,000249
страницу 0,971016 0,000245
страницы 0,971016 0,000735
гиней 4,031286 0,001017
monumentality 5,129899 0,001295
гравируются 4,031286 0,001017
женщин 1,368699 0,000345
билл 3,050457 0,000770
столичного 4,031286 0,001017
ru 0,285712 0,000216
действовать 0,955511 0,000241
дату 2,932674 0,000740
результатам 1,911023 0,001447
сделал 1,695912 0,000428
добавляется 4,031286 0,001017
sa 0,986764 0,000249
вручением 5,129899 0,001295
дата 0,881403 0,003559
внешние 1,122566 0,000283
того 0,955511 0,001206
заполняться 5,129899 0,001295
своё 1,664163 0,000420
баумана 5,129899 0,001295
проводить 1,797694 0,000454
пары 2,296685 0,001739
español 1,019025 0,000257
литература 1,695912 0,000428
свой 1,217876 0,000615
свои 1,238078 0,000312
сериях 4,031286 0,002035
января 0,825834 0,003335
встретиться 4,031286 0,001017
to 2,038856 0,000515
персональные 0,971016 0,000245
попечителей 5,129899 0,003884
исправление 5,129899 0,001295
большая 1,069456 0,000540
турнира 0,839439 0,000212
детройт 3,520461 0,002666
уинклера 5,129899 0,001295
турнире 1,198073 0,000907
отца 3,743604 0,000945
тислз 5,129899 0,001295
круговом 5,129899 0,002590
горшок 5,129899 0,001295
составили 3,050457 0,000770
леди 5,129899 0,001295
мемориал 3,183989 0,000804
сквозном 5,129899 0,002590
norsk 1,052361 0,000266
кенора 5,129899 0,001295
зачёта 3,520461 0,001777
поражениях 4,031286 0,001017
которому 2,134166 0,001077
местами 4,031286 0,003052
зачёте 2,644992 0,001335
для 0,146292 0,000369
волшебные 1,695912 0,000428
умер 2,185460 0,000552
records 3,338139 0,003370
тренеров 1,728701 0,000873
национальная 1,574551 0,000397
polski 1,035554 0,000261
любительская 3,520461 0,001777
шеффилдском 5,129899 0,001295
площадках 3,338139 0,000843
гравировках 5,129899 0,001295
арендует 4,031286 0,001017
составов 4,031286 0,001017
org 0,986764 0,000249
временем 2,644992 0,000668
формальным 5,129899 0,001295
зачем 2,421849 0,000611
прерогативы 5,129899 0,001295
оригинальных 4,436752 0,001120
способе 5,129899 0,001295
досудебного 5,129899 0,001295
упразднённые 3,183989 0,000804
переезда 4,436752 0,001120
оригинальные 4,436752 0,001120
любом 2,357310 0,000595
оригинальный 3,183989 0,000804
xx 1,546380 0,000390
победителей 2,085376 0,002105
физически 3,338139 0,000843
очками 2,490841 0,000629
победителем 1,574551 0,001192
западный 4,031286 0,001017
распределения 3,338139 0,000843
периоды 4,031286 0,001017
српски 1,035554 0,000261
над 0,986764 0,000498
дней 1,416327 0,000357
сил 2,564949 0,000647
представляло 4,436752 0,001120
теряли 4,031286 0,001017
крозье 5,129899 0,001295
предъявлено 4,436752 0,001120
побывал 3,743604 0,000945
великобритании 2,134166 0,000539
участников 1,159607 0,001463
около 1,518981 0,000383
придорожном 5,129899 0,001295
третьих 3,183989 0,000804
полуфинала 2,564949 0,000647
stovepipe 5,129899 0,001295
полуфиналы 2,644992 0,000668
начинались 4,436752 0,001120
заполнилось 5,129899 0,001295
james 3,520461 0,002666
обязана 4,031286 0,001017
добровольно 4,031286 0,001017
который 0,799165 0,000605
постоянный 4,031286 0,001017
вынуждены 3,050457 0,000770
реальности 4,436752 0,001120
победителями 2,357310 0,001190
разными 3,183989 0,000804
правил 1,323236 0,000334
которых 1,052361 0,000797
türkçe 1,052361 0,000266
монреальская 5,129899 0,001295
приобретена 5,129899 0,001295
случае 1,441019 0,000364
пантерз 4,436752 0,001120
учреждая 5,129899 0,002590
доминиона 5,129899 0,003884
несколько 1,069456 0,002159
будет 0,825834 0,000208
начали 1,546380 0,001171
губернатором 5,129899 0,002590
свежие 0,910391 0,000230
локаута 4,436752 0,001120
количеству 1,574551 0,000397
забросили 3,743604 0,000945
кларенса 5,129899 0,001295
клэнси 5,129899 0,001295
использовать 1,603538 0,000405
эворд 5,129899 0,006474
количества 2,421849 0,000611
вызвать 4,031286 0,001017
внешний 3,520461 0,000889
основатель 3,050457 0,000770
способами 3,338139 0,000843
бронировать 5,129899 0,001295
количество 1,217876 0,002459
ней 1,762603 0,000890
некоммерческой 0,986764 0,000249
холл 4,436752 0,001120
хоккейной 2,644992 0,010681
формат 2,185460 0,000552
годы 1,258698 0,000635
побережья 4,031286 0,002035
безопасности 2,644992 0,000668
даже 1,198073 0,000302
году 0,630089 0,006838
трофеи 2,827314 0,000714
годами 3,050457 0,000770
статистика 0,652562 0,000329
трофей 2,085376 0,004211
മലയ 1,695912 0,000428
трофея 2,490841 0,003772
значительно 1,911023 0,000482
года 0,239550 0,001270
монгол 1,518981 0,000383
контракты 2,732003 0,000690
договоренности 4,436752 0,001120
владела 3,520461 0,000889
york 2,564949 0,001295
превратив 4,031286 0,001017
единственном 4,436752 0,001120
stanley 5,129899 0,022011
единственной 2,421849 0,000611
источник 0,853233 0,000215
