выиграв 2,296685 0,001729
реку 5,129899 0,003863
выступавшие 3,520461 0,002651
гребцы 4,436752 0,023386
этому 1,728701 0,001302
иштван 4,436752 0,003341
ещё 0,420369 0,000317
юхас 5,129899 0,003863
литве 4,031286 0,003036
кондратьева 5,129899 0,003863
ним 1,695912 0,001277
еще 0,955511 0,002159
лодочная 5,129899 0,003863
чемпионатах 1,574551 0,001186
стал 0,586604 0,001325
метровке 5,129899 0,003863
теннис 0,495170 0,001119
играх 0,699082 0,001053
случилось 2,732003 0,002057
получили 1,664163 0,001253
ахмат 1,217876 0,001834
фигурное 0,534779 0,001208
успех 2,564949 0,001931
милане 2,038856 0,009212
слаломисты 5,129899 0,007726
работают 4,031286 0,003036
декабря 0,881403 0,000664
финишировали 4,031286 0,003036
под 0,723179 0,001634
первой 1,019025 0,000767
поменяться 4,436752 0,003341
сообщил 2,357310 0,003550
приговорил 5,129899 0,003863
а 0,209918 0,000632
человек 1,178655 0,000888
отличились 3,520461 0,002651
в 0,017911 0,000863
реклама 0,735450 0,001108
и 0,023953 0,000541
политика 0,239550 0,000541
лет 0,475938 0,000717
связь 1,392229 0,003145
к 0,132686 0,000500
трёхкратный 3,050457 0,004594
м 0,534779 0,003222
то 0,652562 0,000491
н 0,895792 0,001349
о 0,042302 0,000287
п 1,086847 0,001637
с 0,036149 0,000299
начнутся 4,436752 0,003341
суд 2,827314 0,002129
белоруссии 3,183989 0,002398
проекты 1,198073 0,000902
серебряный 1,994404 0,001502
авто 0,925206 0,002090
они 0,760451 0,001718
далекой 5,129899 0,003863
репортажи 1,797694 0,001354
я 0,853233 0,000642
олимпийскими 2,490841 0,001876
юниорском 4,031286 0,003036
делу 2,827314 0,004258
сочи 0,853233 0,001285
каноэ 1,633391 0,018449
футбол 0,285712 0,001076
конфиденциальности 0,317714 0,000718
лайки 4,436752 0,003341
бум 1,911023 0,002878
резервный 4,436752 0,003341
своей 1,002764 0,000755
теперь 0,971016 0,000731
двойках 4,436752 0,006682
время 0,384967 0,000580
возвращать 3,743604 0,002819
про 1,301257 0,001960
новгород 1,217876 0,001834
белорусских 3,743604 0,005638
гребца 5,129899 0,003863
мелбет 1,762603 0,002655
ранее 1,104547 0,001663
главный 1,035554 0,001560
ситуация 2,357310 0,001775
проекте 1,546380 0,002329
длительное 4,436752 0,003341
также 0,663991 0,001500
сергей 1,392229 0,002097
украина 1,871802 0,001409
появится 3,338139 0,002514
италия 0,867219 0,000653
соцсетях 1,466337 0,001104
легко 2,932674 0,002208
иваном 3,520461 0,005302
вице 2,134166 0,001607
снова 1,574551 0,001186
зарубежный 1,911023 0,004317
начать 3,338139 0,002514
выступить 2,732003 0,004114
ставок 1,664163 0,002506
показать 0,825834 0,000622
эйгель 5,129899 0,003863
мма 1,069456 0,002416
русских 3,050457 0,002297
австралию 4,031286 0,003036
статусе 2,490841 0,009378
впоследствии 1,911023 0,001439
парижской 4,031286 0,003036
олимпийские 0,895792 0,000675
лишила 4,436752 0,003341
мест 1,951845 0,001470
старались 5,129899 0,003863
рассказываем 3,520461 0,002651
олимпизм 1,466337 0,003313
отнятый 5,129899 0,003863
счет 1,797694 0,002707
шамшурин 5,129899 0,007726
себя 0,940244 0,000708
олимпийский 0,853233 0,001927
спорта 0,342407 0,001547
соревнованиях 1,159607 0,001746
июня 1,217876 0,002751
читать 0,586604 0,000442
гребцов 5,129899 0,003863
игр 0,367725 0,000554
австралии 2,134166 0,003214
равно 2,827314 0,002129
материалов 1,217876 0,001834
некогда 4,436752 0,003341
допустили 3,183989 0,002398
уверенно 2,490841 0,001876
нейтральном 3,183989 0,011988
италии 1,002764 0,001510
спортс 1,871802 0,002819
получил 1,002764 0,002265
выступим 5,129899 0,003863
третьими 4,436752 0,003341
сменила 3,050457 0,004594
этапе 1,633391 0,001230
летнюю 3,183989 0,002398
че 3,520461 0,007953
видео 0,699082 0,000526
павлов 4,031286 0,003036
биатлон 0,534779 0,001208
олимпийских 0,799165 0,000602
чм 1,492313 0,008990
июне 2,827314 0,002129
польше 4,436752 0,003341
невозможности 3,520461 0,002651
локомотив 0,910391 0,001371
последний 0,773190 0,000582
минута 3,338139 0,007541
возобновить 4,436752 0,003341
некоторые 1,416327 0,001067
спину 2,932674 0,002208
июля 1,035554 0,000780
гребного 5,129899 0,015452
флагом 2,185460 0,003291
свирин 5,129899 0,007726
лидер 2,296685 0,001729
процесс 2,732003 0,002057
спортивное 2,134166 0,003214
спине 2,932674 0,002208
требуемую 5,129899 0,003863
воины 5,129899 0,003863
смущало 5,129899 0,003863
планеты 5,129899 0,003863
присвоила 4,436752 0,006682
крокодилами 5,129899 0,003863
через 0,971016 0,000731
подряд 1,258698 0,000948
греции 2,732003 0,002057
олимп 1,762603 0,002655
сборные 0,839439 0,001896
академической 5,129899 0,007726
результат 1,416327 0,003200
эмираты 5,129899 0,003863
обрушении 5,129899 0,007726
команда 0,663991 0,000500
екатерина 2,185460 0,003291
тренировочный 2,827314 0,002129
тексте 4,436752 0,003341
павел 1,871802 0,001409
известия 3,050457 0,004594
лос 1,518981 0,001144
должен 1,122566 0,000845
тасс 1,695912 0,011493
ноября 0,971016 0,000731
выступят 2,732003 0,006172
зенит 0,895792 0,002698
лучших 1,198073 0,000902
узбекистан 2,932674 0,004417
гимном 3,338139 0,002514
отстранения 3,520461 0,002651
чем 0,747872 0,000563
смотрели 3,743604 0,002819
ростовской 4,031286 0,003036
бронзы 3,183989 0,002398
тренировками 3,743604 0,002819
показал 2,085376 0,001570
пройдут 2,644992 0,001992
золото 1,217876 0,001834
акрон 1,279751 0,001927
обрушения 5,129899 0,003863
китайцы 4,031286 0,003036
world 1,416327 0,001067
моменту 2,932674 0,002208
сообщает 1,994404 0,001502
сочли 4,436752 0,003341
это 0,277868 0,000209
юэбинь 5,129899 0,003863
гимн 2,357310 0,001775
два 0,760451 0,000573
петров 2,564949 0,021246
спортсмен 1,466337 0,002208
спортсменов 0,786093 0,001776
леон 1,797694 0,002707
две 1,019025 0,002302
золотые 1,728701 0,001302
завоевал 1,911023 0,002878
сезону 3,183989 0,004795
тренер 0,895792 0,001349
половину 2,421849 0,001824
только 0,447767 0,000337
организаторами 4,031286 0,006071
визами 5,129899 0,003863
сентября 1,069456 0,002416
половине 1,911023 0,001439
новости 0,301585 0,001135
com 0,925206 0,000697
проходят 1,728701 0,001302
держать 3,520461 0,002651
нхл 0,925206 0,002090
mail 1,301257 0,005879
или 0,576022 0,000868
турниров 1,664163 0,001253
дальше 1,492313 0,001124
турнир 0,699082 0,002106
призер 2,564949 0,003863
фонбет 1,466337 0,002208
мира 0,367725 0,004430
байдарках 1,603538 0,002415
использования 0,393700 0,000296
заключившего 5,129899 0,003863
власти 2,644992 0,001992
одобрила 4,031286 0,003036
медалей 1,238078 0,000932
когда 0,652562 0,000491
польскими 5,129899 0,003863
готовиться 3,743604 0,005638
объединенные 5,129899 0,003863
области 1,951845 0,002940
юй 5,129899 0,007726
всего 0,812411 0,000612
погибла 5,129899 0,003863
гражданство 2,732003 0,006172
оренбург 1,323236 0,001993
сменил 2,564949 0,001931
игровые 1,603538 0,003622
каноист 5,129899 0,003863
путиным 4,436752 0,003341
первый 0,687247 0,000518
игры 0,376309 0,000283
орябинская 5,129899 0,003863
старты 2,827314 0,002129
февраля 0,232059 0,000175
римской 3,338139 0,002514
наверняка 4,436752 0,003341
замечали 5,129899 0,003863
пять 1,368699 0,001031
российскую 3,183989 0,002398
компания 1,279751 0,001927
галерах 5,129899 0,003863
статус 1,871802 0,005638
соревнования 0,663991 0,002000
криштоф 5,129899 0,003863
международной 1,345709 0,002027
пяти 1,574551 0,001186
марта 0,881403 0,001327
другие 0,384967 0,000870
конкурировать 4,031286 0,003036
федерация 1,002764 0,000755
расслабляться 5,129899 0,003863
журналистам 3,743604 0,002819
интервью 0,971016 0,000731
срок 2,085376 0,001570
одиночке 5,129899 0,011589
фильмы 3,520461 0,002651
закрепил 4,436752 0,003341
компании 1,301257 0,000980
показали 2,296685 0,003459
планирует 3,183989 0,002398
использование 1,104547 0,001663
вновь 1,574551 0,001186
кисловодске 5,129899 0,003863
юниоры 2,732003 0,004114
рекомендаций 1,871802 0,004228
рубин 1,217876 0,001834
участвовать 1,518981 0,001144
титула 2,421849 0,001824
империи 2,296685 0,001729
исполком 3,520461 0,002651
директора 2,421849 0,001824
соревнований 0,881403 0,000664
соревновании 2,827314 0,006387
sport 1,122566 0,000845
федерации 0,663991 0,002000
советов 1,217876 0,001834
реалиях 5,129899 0,003863
слаломе 2,644992 0,001992
античный 5,129899 0,003863
нейтральный 3,338139 0,010055
балтика 1,258698 0,003791
поверхности 2,644992 0,001992
спорт 0,224624 0,002368
этом 0,565551 0,001703
прошлом 2,239527 0,001686
вторыми 3,183989 0,002398
корсетом 5,129899 0,003863
завершился 2,421849 0,001824
сборная 0,711058 0,000535
тренировок 2,421849 0,001824
сильнейшими 4,031286 0,003036
водной 5,129899 0,003863
бронзовые 2,239527 0,001686
бронзовый 2,038856 0,001535
сбор 2,644992 0,001992
намерены 4,436752 0,003341
глава 1,546380 0,001164
синхроннее 5,129899 0,003863
возможности 1,994404 0,001502
можно 1,002764 0,000755
стали 0,971016 0,002194
наши 1,323236 0,001993
кхл 0,760451 0,001718
пресс 1,086847 0,000818
россии 0,160085 0,001447
визы 5,129899 0,003863
фитнес 1,574551 0,004743
суск 5,129899 0,003863
одиночках 5,129899 0,003863
рязанской 5,129899 0,003863
дону 2,490841 0,001876
женщина 3,338139 0,002514
российские 1,301257 0,006859
проходил 2,185460 0,001646
уже 0,687247 0,000518
требования 2,421849 0,001824
чемпионат 0,277868 0,000628
вы 0,325878 0,000245
кирилл 1,797694 0,002707
ближайшую 5,129899 0,003863
плыли 5,129899 0,003863
букмекеры 1,664163 0,002506
проводить 1,797694 0,001354
тонус 5,129899 0,003863
чувствовать 5,129899 0,003863
исправить 3,520461 0,002651
считает 2,134166 0,001607
свой 1,217876 0,000917
пари 1,301257 0,001960
европы 0,524729 0,000395
января 0,825834 0,001866
паре 3,338139 0,002514
рбк 1,797694 0,004061
тем 1,217876 0,000917
плохая 5,129899 0,003863
одиночек 4,436752 0,010023
без 0,466460 0,000351
казахстан 1,301257 0,002940
до 0,239550 0,000541
квинсленд 5,129899 0,003863
icf 5,129899 0,007726
бет 1,834062 0,002762
двойке 5,129899 0,007726
предприниматель 3,520461 0,005302
представитель 2,564949 0,001931
выступать 1,633391 0,003690
смогут 3,520461 0,005302
двух 1,002764 0,000755
четвертых 5,129899 0,003863
помогают 2,732003 0,002057
российских 1,323236 0,002989
спортсмены 1,140915 0,001718
гребле 5,129899 0,042492
направлений 3,183989 0,002398
коллар 5,129899 0,003863
пока 1,159607 0,000873
кубка 0,825834 0,000622
vk 1,441019 0,001085
лидеров 2,421849 0,001824
для 0,146292 0,000330
гребля 1,518981 0,026308
турнирная 1,441019 0,002170
надеемся 3,520461 0,002651
вид 1,104547 0,000832
виде 1,368699 0,001031
захар 4,031286 0,027320
мото 1,574551 0,003557
нижний 1,159607 0,001746
непригодной 5,129899 0,003863
чемпионата 0,735450 0,002215
всегда 1,258698 0,000948
выпрямиться 5,129899 0,003863
ростов 1,002764 0,001510
чемпионате 1,178655 0,002663
гребцам 5,129899 0,007726
миназова 5,129899 0,003863
после 0,317714 0,000478
декларацию 4,436752 0,003341
секунды 2,490841 0,007503
что 0,239550 0,000902
медали 0,971016 0,001462
краснодар 0,925206 0,001393
заняли 2,134166 0,001607
положение 1,797694 0,001354
планируют 4,031286 0,003036
букмекеров 1,198073 0,004511
въездные 5,129899 0,003863
за 0,125952 0,000759
победил 1,279751 0,000964
анджелесе 2,564949 0,001931
рейтинг 0,565551 0,002981
сообщила 2,564949 0,001931
форме 2,085376 0,001570
мероприятие 3,520461 0,002651
перемещаются 4,436752 0,003341
слалому 4,436752 0,016705
технологиях 1,911023 0,004317
если 0,675551 0,000509
пройдет 2,421849 0,001824
готовимся 4,031286 0,003036
гребном 5,129899 0,003863
каноистку 5,129899 0,003863
августе 2,296685 0,001729
современных 2,932674 0,002208
бетсити 1,633391 0,002460
токио 2,296685 0,001729
винлайн 1,834062 0,002762
дисквалифицировали 2,827314 0,002129
из 0,106018 0,000639
еврокубки 1,546380 0,003493
тему 1,664163 0,001253
пятикратный 3,520461 0,002651
ходить 3,743604 0,002819
августа 1,052361 0,004755
может 0,630089 0,000949
победителем 1,574551 0,002371
их 0,799165 0,000602
получить 0,747872 0,000563
тракае 5,129899 0,003863
беларусь 1,368699 0,003092
сложной 3,743604 0,002819
приехали 3,050457 0,002297
rowing 5,129899 0,003863
колонии 4,436752 0,006682
пятикратным 3,520461 0,002651
хоккей 0,376309 0,001417
спартак 0,786093 0,001184
венгры 5,129899 0,003863
восьмерках 5,129899 0,007726
сильнее 2,134166 0,001607
телу 4,436752 0,003341
казань 1,345709 0,001013
служба 2,134166 0,001607
обратная 1,441019 0,003255
риа 1,466337 0,003313
взял 2,185460 0,001646
цска 0,711058 0,001071
актуальные 1,834062 0,001381
можем 3,520461 0,002651
россиян 1,762603 0,001327
нашему 4,031286 0,003036
год 0,687247 0,000518
первенстве 1,994404 0,003004
максим 1,994404 0,001502
зажатость 5,129899 0,003863
контракт 1,518981 0,001144
тренировочное 4,436752 0,003341
матч 0,411400 0,000620
чэньвэй 5,129899 0,003863
международные 1,238078 0,000932
предложили 3,520461 0,002651
октября 1,086847 0,000818
которые 0,760451 0,000573
посвященные 4,436752 0,003341
мая 1,104547 0,004990
выжить 4,436752 0,003341
лыжный 1,728701 0,003905
который 0,799165 0,000602
выиграли 1,518981 0,001144
поэтому 1,392229 0,001048
думаю 3,050457 0,002297
мае 2,357310 0,001775
победителями 2,357310 0,001775
серебро 1,871802 0,001409
динамо 0,663991 0,002000
осанки 5,129899 0,003863
которых 1,052361 0,001585
крылья 1,258698 0,001896
сутулость 5,129899 0,003863
допинг 2,185460 0,001646
осанка 4,436752 0,003341
россияне 2,296685 0,006918
экспресс 1,416327 0,001067
самарканде 5,129899 0,003863
пропустят 4,436752 0,003341
елена 1,911023 0,001439
президент 1,416327 0,001067
быстрее 2,732003 0,002057
игнорируются 5,129899 0,003863
штата 4,031286 0,003036
страны 1,052361 0,001585
вместе 1,178655 0,000888
битве 3,743604 0,002819
международных 1,492313 0,001124
арене 1,797694 0,001354
иван 1,951845 0,001470
чемпионка 1,911023 0,001439
несколько 1,069456 0,000805
будет 0,825834 0,001866
оформили 3,520461 0,002651
стартов 3,050457 0,002297
отборе 4,031286 0,003036
изготовление 5,129899 0,003863
чемпионом 1,122566 0,000845
лига 0,402511 0,002122
рассказал 1,238078 0,000932
правильными 5,129899 0,003863
мх 1,728701 0,002603
выступили 2,644992 0,003983
сборной 0,825834 0,001866
истории 0,630089 0,000474
мы 0,925206 0,002090
олимпиаде 0,895792 0,002024
участие 0,597299 0,000450
действительно 2,644992 0,001992
на 0,023953 0,000721
состав 1,238078 0,000932
прошел 2,185460 0,001646
образцов 4,031286 0,003036
штыль 5,129899 0,007726
не 0,099461 0,000374
слушать 4,436752 0,003341
календарь 0,735450 0,001108
bettery 1,871802 0,002819
отправиться 3,743604 0,002819
ростове 3,520461 0,007953
поездками 5,129899 0,003863
проблем 2,490841 0,001876
но 0,402511 0,000909
олимпиаду 1,664163 0,001253
организации 0,812411 0,000612
арабские 4,031286 0,003036
шанхай 2,644992 0,001992
боль 3,520461 0,002651
апреля 1,052361 0,001585
плану 4,031286 0,003036
водные 0,867219 0,003265
сервисов 1,834062 0,001381
таблица 0,925206 0,001393
три 0,786093 0,001776
почти 1,323236 0,000996
олимпиады 0,925206 0,001393
дважды 1,574551 0,001186
трибун 2,827314 0,006387
подписать 3,183989 0,002398
ней 1,762603 0,001327
штылем 5,129899 0,007726
об 0,217244 0,000818
завоевала 1,695912 0,001277
места 1,198073 0,000902
международная 1,301257 0,000980
чемпионами 1,664163 0,001253
либо 1,140915 0,000859
согласно 1,574551 0,001186
завоевали 2,038856 0,001535
он 0,534779 0,000403
более 0,853233 0,000642
чемпион 0,867219 0,001959
допустил 2,932674 0,002208
году 0,630089 0,001423
четверках 4,436752 0,006682
бокс 0,576022 0,001301
исторические 3,183989 0,002398
катание 0,534779 0,001208
усталость 5,129899 0,003863
остается 3,050457 0,002297
хочет 2,357310 0,001775
как 0,232059 0,000699
рабы 4,436752 0,003341
вернуть 2,185460 0,001646
все 0,125952 0,000664
дистанция 2,644992 0,001992
алексей 1,238078 0,000932
премьер 1,217876 0,004585
pari 1,603538 0,002415
гребному 5,129899 0,019314
года 0,239550 0,001082
по 0,073653 0,001054
годам 3,338139 0,002514
отказались 3,050457 0,004594
свинарев 5,129899 0,007726
дистанции 1,911023 0,007195
пострадали 4,031286 0,003036
академическая 1,574551 0,001186
признал 3,183989 0,002398
третьи 3,520461 0,002651
своим 1,728701 0,001302
шляпникова 5,129899 0,007726
красиво 3,743604 0,002819
второй 0,786093 0,000592
условия 0,411400 0,000310
участия 1,633391 0,001230
