париж 2,357310 0,011747
català 1,086847 0,000903
latina 1,603538 0,001332
dansk 1,069456 0,000888
новые 0,747872 0,000621
объединённая 3,338139 0,002773
ещё 0,420369 0,000349
экспорт 0,986764 0,000820
като 5,129899 0,004261
медальный 1,911023 0,006349
наибольшим 3,520461 0,002924
теннис 0,495170 0,000823
န 2,134166 0,001773
xxiv 3,338139 0,002773
играх 0,699082 0,004645
vii 3,183989 0,002645
xxix 3,743604 0,003109
xxii 3,338139 0,002773
ไทย 1,238078 0,001028
ဘ 2,134166 0,001773
выиграл 1,178655 0,000979
приняли 1,633391 0,001357
မ 2,134166 0,003545
см 0,955511 0,002381
日本語 1,035554 0,000860
конному 4,436752 0,003685
играм 2,421849 0,004023
သ 2,134166 0,001773
просмотры 0,986764 0,000820
فارسی 1,104547 0,000917
менее 1,258698 0,001045
декабря 0,881403 0,000732
видам 2,038856 0,001693
воду 1,492313 0,001239
берлин 3,050457 0,007601
slovenščina 1,345709 0,001118
под 0,723179 0,000601
парусный 1,574551 0,001308
беларуская 1,069456 0,001777
заявление 0,867219 0,000720
первой 1,019025 0,001693
mìng 2,827314 0,002348
а 0,209918 0,000349
в 0,017911 0,000402
викимедиа 0,986764 0,000820
д 0,895792 0,002232
содержание 0,971016 0,001613
eesti 1,069456 0,000888
и 0,023953 0,000298
политика 0,239550 0,000199
مصرى 1,546380 0,001284
к 0,132686 0,000331
велоспорт 1,178655 0,000979
čeština 1,035554 0,000860
azərbaycanca 1,258698 0,001045
сидней 3,338139 0,005545
о 0,042302 0,000105
санкт 1,279751 0,002126
с 0,036149 0,000240
кэтикэти 5,129899 0,004261
дополнительные 0,986764 0,000820
китай 2,038856 0,001693
викисклад 1,035554 0,000860
скачать 0,895792 0,001488
заглавная 0,986764 0,000820
карл 2,932674 0,002436
каноэ 1,633391 0,004070
сочи 0,853233 0,000709
футбол 0,285712 0,000237
конфиденциальности 0,317714 0,000264
атлетика 1,052361 0,005244
связи 1,159607 0,001926
by 0,971016 0,000806
регби 0,955511 0,000794
slovenčina 1,069456 0,000888
wikipedia 0,986764 0,001639
русский 0,839439 0,000697
scots 1,695912 0,001409
afrikaans 1,441019 0,001197
окончательно 2,564949 0,002130
cc 0,986764 0,000820
a 1,392229 0,001156
b 2,564949 0,002130
c 1,546380 0,001284
южную 3,338139 0,002773
d 2,185460 0,001815
e 1,603538 0,001332
проект 1,728701 0,001436
македонски 1,258698 0,001045
f 2,564949 0,002130
shqip 1,466337 0,001218
g 2,490841 0,002069
h 2,490841 0,002069
i 1,762603 0,002928
поведения 0,895792 0,000744
спитц 5,129899 0,004261
викиновости 1,238078 0,001028
республика 2,564949 0,002130
v 1,951845 0,001621
w 0,955511 0,000794
bikol 2,732003 0,002269
x 1,279751 0,001063
представились 0,986764 0,000820
также 0,663991 0,001654
верт 4,436752 0,007370
العربية 1,069456 0,000888
спорту 2,038856 0,001693
город 1,871802 0,001555
гармиш 3,520461 0,002924
неофициальный 4,031286 0,010045
پنجابی 2,239527 0,001860
италия 0,867219 0,000720
партенкирхен 3,520461 0,002924
粵語 1,178655 0,000979
неофициальные 3,183989 0,002645
блока 3,183989 0,002645
разработчики 0,986764 0,000820
траве 1,466337 0,001218
викиданных 0,986764 0,000820
தம 1,492313 0,001239
территорию 3,520461 0,002924
возрождение 3,183989 0,002645
биргит 5,129899 0,004261
жанейро 2,421849 0,004023
закрытие 4,031286 0,003348
правки 0,986764 0,001639
австралия 2,239527 0,005580
олимпийские 0,895792 0,006696
международного 1,911023 0,001587
нагано 2,827314 0,002348
xvii 2,490841 0,002069
мест 1,951845 0,001621
нок 3,338139 0,002773
лиллехаммер 3,183989 0,002645
дженни 5,129899 0,004261
олимпийским 1,492313 0,003718
саппоро 3,520461 0,005848
спорта 0,342407 0,001991
олимпийский 0,853233 0,001417
июня 1,217876 0,001012
системе 0,867219 0,000720
читать 0,586604 0,000487
игр 0,367725 0,002749
медального 5,129899 0,004261
корею 4,031286 0,003348
проектах 0,986764 0,000820
символы 3,520461 0,002924
могут 0,760451 0,000632
шамони 3,183989 0,002645
việt 1,140915 0,000948
отказ 0,910391 0,000756
корея 2,085376 0,001732
сохранением 0,986764 0,000820
дзюдо 1,466337 0,001218
именем 2,932674 0,002436
один 0,711058 0,000591
синхронное 1,664163 0,001382
пааво 4,436752 0,003685
волейбол 1,019025 0,000846
количеством 2,085376 0,001732
title 0,986764 0,000820
прошли 1,762603 0,001464
инфографика 3,743604 0,003109
олимпийских 0,799165 0,008629
плавание 1,198073 0,007961
пожертвовать 0,986764 0,000820
юри 4,436752 0,003685
поиску 0,971016 0,000806
монреале 2,827314 0,002348
японию 5,129899 0,004261
последний 0,773190 0,000642
япония 1,994404 0,004969
майкл 2,564949 0,004261
ссылка 0,786093 0,000653
пекин 2,732003 0,006807
мок 1,574551 0,001308
некоторые 1,416327 0,001176
ссылки 0,839439 0,002789
инфекции 4,436752 0,003685
архив 1,258698 0,001045
avañe 2,732003 0,002269
srpskohrvatski 1,416327 0,001176
монреаль 2,932674 0,004872
июля 1,035554 0,014622
pdf 0,940244 0,000781
中文 1,035554 0,000860
xxxvi 5,129899 0,004261
московских 3,183989 0,002645
сша 0,586604 0,007308
описание 0,986764 0,000820
дрессел 5,129899 0,008521
комитета 2,085376 0,001732
карта 2,644992 0,002197
bahasa 1,086847 0,001805
йские 3,743604 0,003109
москва 0,760451 0,001263
lietuvių 1,140915 0,000948
отдельных 0,986764 0,000820
https 0,699082 0,000581
усэйн 4,436752 0,003685
современное 1,574551 0,001308
мехико 2,932674 0,004872
стрельба 1,492313 0,002479
ii 2,239527 0,001860
ठ 1,574551 0,001308
бразилия 2,296685 0,001908
мориц 3,338139 0,005545
tiếng 1,140915 0,000948
द 1,546380 0,001284
коды 3,520461 0,002924
брисбен 3,743604 0,006219
עברית 1,052361 0,000874
न 1,518981 0,001262
команда 0,663991 0,000551
index 0,986764 0,000820
xvi 2,490841 0,002069
эта 0,867219 0,000720
общекомандном 3,743604 0,003109
iv 2,644992 0,002197
вклад 0,971016 0,000806
indonesia 1,086847 0,000903
лос 1,518981 0,007570
ix 2,564949 0,002130
гренобль 3,520461 0,002924
dĕ 2,827314 0,002348
греция 2,564949 0,006391
текст 0,986764 0,000820
избранные 0,971016 0,000806
ноября 0,971016 0,002419
lâm 1,762603 0,001464
esperanto 1,198073 0,000995
ह 1,546380 0,001284
перейти 0,867219 0,001441
портал 1,518981 0,001262
xxxiii 3,520461 0,002924
українська 1,035554 0,000860
кнр 3,743604 0,006219
связано 2,134166 0,001773
объявил 2,185460 0,001815
xviii 2,421849 0,002012
фелпс 5,129899 0,008521
большинство 1,834062 0,001523
войск 3,743604 0,003109
бионди 5,129899 0,004261
бойкотировало 5,129899 0,004261
триатлон 1,633391 0,001357
афганистана 5,129899 0,004261
код 0,986764 0,008196
лука 1,198073 0,000995
спортсмен 1,466337 0,001218
турин 3,050457 0,002534
тяжёлая 1,633391 0,001357
спортсменов 0,786093 0,000653
gí 1,762603 0,001464
xxi 2,038856 0,001693
ответственности 0,971016 0,000806
золотые 1,728701 0,004307
социалистического 4,031286 0,003348
url 0,986764 0,000820
советско 4,436752 0,003685
xxv 2,827314 0,002348
xxx 3,743604 0,003109
php 0,986764 0,000820
африканских 3,520461 0,002924
сентября 1,069456 0,003553
золотых 1,911023 0,001587
бадминтон 1,546380 0,001284
новости 0,301585 0,000250
войти 0,735450 0,000611
томпсон 3,743604 0,003109
гольф 1,574551 0,001308
covid 2,564949 0,002130
xxviii 3,743604 0,003109
состоявшихся 3,743604 0,003109
анджелес 1,834062 0,009140
финляндия 1,492313 0,003718
тние 5,129899 0,004261
қазақша 1,178655 0,000979
ქართული 1,392229 0,001156
xxvi 3,520461 0,002924
луис 2,644992 0,004394
антверпен 3,743604 0,006219
отменены 3,183989 0,013223
pages 0,986764 0,000820
байдарках 1,603538 0,003996
frysk 1,762603 0,001464
ямайка 2,932674 0,002436
зеландия 2,827314 0,002348
использования 0,393700 0,000327
германия 1,140915 0,003790
медалей 1,238078 0,002057
югославии 2,932674 0,002436
бельгия 2,296685 0,001908
инструменты 0,986764 0,001639
客家語 2,564949 0,002130
всего 0,812411 0,000675
затем 1,301257 0,001081
ব 1,416327 0,001176
гандбол 1,178655 0,000979
пхёнчхан 3,520461 0,002924
ল 1,416327 0,001176
svenska 1,035554 0,000860
включены 2,357310 0,001958
тоҷикӣ 1,695912 0,001409
ng 2,827314 0,002348
солт 2,644992 0,004394
куки 0,971016 0,000806
игры 0,376309 0,006251
список 1,198073 0,001990
вэлли 3,743604 0,003109
ссср 0,940244 0,002343
ошибке 0,955511 0,000794
паралимпийские 3,520461 0,002924
доступен 0,971016 0,000806
मर 1,574551 0,001308
xxxv 4,436752 0,003685
события 0,663991 0,000551
xxxi 3,520461 0,002924
фехтование 1,546380 0,001284
французские 3,183989 0,002645
соревнования 0,663991 0,001103
deutsch 1,052361 0,000874
kâ 2,564949 0,002130
скво 3,183989 0,002645
рэй 3,520461 0,002924
ответ 2,644992 0,002197
олимпи 4,031286 0,003348
лёгкая 1,238078 0,005142
прыжки 1,019025 0,001693
финской 4,031286 0,003348
примечания 1,002764 0,000833
вводом 4,436752 0,003685
фишер 3,743604 0,003109
ماز 2,490841 0,002069
плэсид 3,183989 0,005289
других 0,853233 0,001417
кортина 2,490841 0,006206
гдр 2,038856 0,001693
материал 0,825834 0,000686
papiamentu 2,732003 0,002269
внеочередные 3,743604 0,003109
сообщить 0,799165 0,000664
пятиборье 1,574551 0,001308
соревнований 0,881403 0,000732
мельбурн 4,031286 0,006696
пьера 3,520461 0,002924
представленные 4,436752 0,007370
лейк 2,357310 0,007832
румынии 3,050457 0,002534
инсбрук 3,183989 0,005289
føroyskt 2,085376 0,001732
античные 4,436752 0,003685
конный 1,664163 0,002764
спорт 0,224624 0,000560
ряд 1,797694 0,001493
навигация 0,986764 0,001639
страница 0,940244 0,001562
мобильная 0,608110 0,000505
english 0,925206 0,001537
лицензии 0,986764 0,000820
франция 1,122566 0,003729
странице 0,971016 0,000806
ਜ 1,664163 0,001382
борьба 1,002764 0,000833
хельсинки 3,050457 0,010134
признаются 4,031286 0,006696
запись 0,955511 0,000794
навигации 0,986764 0,000820
qr 0,986764 0,000820
suomi 1,052361 0,000874
страницу 0,971016 0,000806
швеция 1,345709 0,002235
сараево 3,050457 0,002534
ਪ 1,664163 0,001382
многократных 3,520461 0,002924
ਬ 1,664163 0,001382
страницы 0,971016 0,001613
зимние 1,159607 0,003853
художественная 1,633391 0,001357
吴语 1,238078 0,001028
рекордные 2,932674 0,002436
гимнастика 1,238078 0,004113
водное 1,492313 0,001239
японо 4,436752 0,003685
hrvatski 1,052361 0,000874
română 1,122566 0,000932
français 1,019025 0,000846
зачёт 1,951845 0,006485
ru 0,285712 0,000237
действовать 0,955511 0,000794
элемент 0,955511 0,000794
современности 3,743604 0,003109
alemannisch 2,357310 0,001958
xxxii 3,743604 0,003109
sa 0,986764 0,000820
афины 3,050457 0,015202
лидеры 2,085376 0,003464
nynorsk 1,546380 0,001284
ngî 2,564949 0,002130
oʻzbekcha 1,140915 0,000948
открытие 2,357310 0,001958
раз 0,504926 0,004613
ўзбекча 1,140915 0,000948
вы 0,325878 0,000271
случайная 0,986764 0,000820
latviešu 1,052361 0,000874
барселона 1,834062 0,003047
испания 1,466337 0,001218
проводить 1,797694 0,001493
постоянная 0,986764 0,000820
español 1,019025 0,000846
указанием 0,986764 0,000820
версия 0,485508 0,000806
мэтт 4,031286 0,003348
энциклопедии 0,986764 0,000820
tagalog 1,911023 0,001587
bosanski 1,345709 0,001118
jawa 1,911023 0,001587
перенесены 3,050457 0,005067
xxxiv 3,520461 0,002924
associated 0,986764 0,000820
български 1,086847 0,000903
поло 1,441019 0,001197
персональные 0,971016 0,000806
настольный 1,238078 0,001028
اردو 1,574551 0,001308
де 0,955511 0,002381
причине 2,490841 0,002069
閩東語 2,827314 0,002348
до 0,239550 0,000398
знак 0,986764 0,000820
ледеки 4,436752 0,007370
мюнхен 2,932674 0,004872
зарегистрированный 0,986764 0,000820
крупнейшие 2,732003 0,002269
чӑвашла 2,134166 0,001773
бойкот 3,338139 0,008318
сеул 3,050457 0,005067
hak 2,564949 0,002130
сюда 0,986764 0,000820
xxiii 3,520461 0,002924
цитировать 0,986764 0,000820
спортсмены 1,140915 0,000948
виды 0,773190 0,003211
китайской 4,031286 0,003348
изабельизабель 5,129899 0,004261
мексика 2,644992 0,002197
проведению 3,338139 0,002773
проведения 1,258698 0,004182
norsk 1,052361 0,001748
лондон 2,490841 0,014482
запланированные 4,436752 0,003685
кубертена 4,436752 0,003685
баскетбол 0,773190 0,000642
зачёта 3,520461 0,002924
барона 5,129899 0,004261
vi 2,732003 0,002269
зачёте 2,644992 0,002197
galego 1,178655 0,000979
савао 5,129899 0,004261
для 0,146292 0,000122
гребля 1,518981 0,005046
короткий 0,971016 0,000806
ẽ 2,732003 0,002269
вид 1,104547 0,000917
олимпийского 1,603538 0,002664
канаду 2,490841 0,002069
войны 1,871802 0,010883
объявили 2,827314 0,002348
polski 1,035554 0,000860
случаях 0,971016 0,000806
кодекс 0,971016 0,000806
батуте 1,728701 0,001436
central 2,732003 0,002269
медали 0,971016 0,002419
править 0,986764 0,016391
за 0,125952 0,000732
статьи 0,524729 0,000872
софтбол 1,695912 0,001409
канада 1,301257 0,001081
призёры 2,564949 0,004261
комитетом 2,827314 0,004697
org 0,986764 0,000820
подробнее 0,723179 0,000601
включая 1,633391 0,001357
пандемии 2,421849 0,004023
были 0,799165 0,001991
неофициального 4,031286 0,003348
xi 2,932674 0,002436
ампеццо 2,490841 0,006206
служебные 0,986764 0,000820
статья 0,986764 0,002459
великобритания 2,185460 0,007261
языках 0,986764 0,000820
wikimedia 0,986764 0,000820
была 0,652562 0,000542
токио 2,296685 0,013353
проигнорировали 5,129899 0,004261
xv 2,732003 0,002269
из 0,106018 0,000792
xx 1,546380 0,001284
победителей 2,085376 0,001732
свободной 0,986764 0,000820
мировой 1,392229 0,005782
руководством 2,134166 0,001773
августа 1,052361 0,022725
советских 2,827314 0,002348
ελληνικά 1,086847 0,000903
лиза 3,743604 0,003109
получить 0,747872 0,000621
калебкалеб 5,129899 0,004261
српски 1,035554 0,000860
комментарии 2,357310 0,003916
нидерланды 1,728701 0,001436
хоккей 0,376309 0,000313
амстердам 4,031286 0,006696
летней 2,564949 0,002130
связанные 0,881403 0,000732
исключением 1,994404 0,001656
движения 2,239527 0,001860
viii 2,932674 0,002436
фрг 2,564949 0,004261
новая 1,546380 0,001284
отредактирована 0,986764 0,000820
милан 1,633391 0,001357
melayu 1,368699 0,001137
creative 0,986764 0,000820
nederlands 1,019025 0,000846
стокгольм 3,520461 0,005848
наград 2,134166 0,001773
ка 3,743604 0,003109
italiano 1,035554 0,000860
srpski 1,035554 0,000860
год 0,687247 0,001712
стокгольме 3,050457 0,002534
пловец 3,743604 0,003109
международным 1,871802 0,003109
международный 1,258698 0,002091
հայերեն 1,198073 0,000995
комитет 1,911023 0,003174
башҡортса 1,518981 0,001262
международные 1,238078 0,001028
сент 2,564949 0,004261
октября 1,086847 0,007222
iii 2,490841 0,002069
которые 0,760451 0,000632
мая 1,104547 0,001835
атланта 2,932674 0,004872
euskara 1,122566 0,000932
foundation 0,986764 0,000820
commons 0,986764 0,000820
восьми 2,185460 0,001815
началом 1,834062 0,001523
мае 2,357310 0,001958
српскохрватски 1,416327 0,001176
победителями 2,357310 0,001958
турцию 4,031286 0,003348
рим 2,932674 0,004872
альбервиль 3,520461 0,002924
رونی 2,490841 0,002069
рио 2,296685 0,003815
türkçe 1,052361 0,000874
ле 2,038856 0,001693
учётную 0,986764 0,000820
bokmål 1,069456 0,000888
текущие 0,940244 0,000781
спортивная 1,159607 0,002889
льюис 2,296685 0,001908
страна 1,633391 0,001357
возглавлявшие 5,129899 0,012782
гры 3,743604 0,003109
создать 0,825834 0,000686
всесезонным 5,129899 0,004261
сити 1,546380 0,002569
страны 1,052361 0,003496
한국어 1,035554 0,000860
asturianu 1,323236 0,001099
стран 1,546380 0,003853
летним 3,338139 0,002773
свяжитесь 0,986764 0,000820
ខ 3,183989 0,002645
کوردی 1,762603 0,001464
начали 1,546380 0,001284
печать 0,986764 0,000820
свежие 0,910391 0,000756
simple 1,140915 0,000948
летние 1,238078 0,011311
íslenska 1,392229 0,001156
количеству 1,574551 0,002616
истории 0,630089 0,000523
участие 0,597299 0,000992
фонд 0,940244 0,000781
на 0,023953 0,000259
марк 2,085376 0,001732
медалисты 3,338139 0,002773
участий 3,520461 0,002924
основная 1,323236 0,001099
обсуждение 0,881403 0,001464
ភ 3,183989 0,002645
не 0,099461 0,000413
осло 3,050457 0,002534
ម 3,183989 0,002645
xii 3,183989 0,002645
государств 2,827314 0,002348
រ 3,183989 0,002645
кэррингтон 5,129899 0,004261
ស 3,183989 0,002645
организации 0,812411 0,000675
товарный 0,986764 0,000820
xiv 2,490841 0,002069
xix 1,834062 0,001523
апреля 1,052361 0,004370
история 0,555188 0,000922
коронавирусной 4,436752 0,003685
почти 1,323236 0,001099
олимпиады 0,925206 0,000768
проводимые 2,357310 0,001958
болт 4,031286 0,003348
категория 1,546380 0,001284
閩南語 1,762603 0,001464
калгари 2,932674 0,002436
bân 1,762603 0,001464
бейсбол 1,466337 0,001218
magyar 1,086847 0,000903
альпы 4,031286 0,003348
нами 0,853233 0,000709
места 1,198073 0,002985
об 0,217244 0,000180
ழ 1,492313 0,001239
некоммерческой 0,986764 0,000820
летних 1,911023 0,012698
годы 1,258698 0,002091
справка 0,986764 0,000820
печати 0,955511 0,000794
более 0,853233 0,000709
тхэквондо 1,633391 0,001357
поиск 0,735450 0,000611
году 0,630089 0,001570
от 0,160085 0,000399
xxvii 3,338139 0,002773
ванкувер 2,932674 0,002436
форум 0,881403 0,000732
условий 0,881403 0,000732
статистика 0,652562 0,000542
бокс 0,576022 0,000478
oldid 0,986764 0,000820
лариса 2,490841 0,002069
становились 2,239527 0,001860
годах 1,492313 0,001239
переносе 4,031286 0,003348
как 0,232059 0,000385
все 0,125952 0,000105
википедия 0,986764 0,000820
ngṳ 2,827314 0,002348
года 0,239550 0,001194
по 0,073653 0,000428
монгол 1,518981 0,001262
inc 0,986764 0,000820
malti 2,732003 0,002269
латынина 5,129899 0,004261
сведения 0,812411 0,000675
português 1,035554 0,000860
xiii 2,932674 0,002436
тарашкевіца 1,198073 0,000995
нурми 4,436752 0,003685
академическая 1,574551 0,001308
авторства 0,986764 0,000820
сообщество 0,986764 0,000820
чемпионов 0,652562 0,000542
выборы 2,827314 0,002348
википедии 0,986764 0,001639
второй 0,786093 0,001959
источник 0,853233 0,000709
условия 0,411400 0,000683
