личных 3,050457 0,003022
севера 4,436752 0,002197
экспорт 0,986764 0,000489
кати 4,436752 0,006592
стал 0,586604 0,000291
пуаре 5,129899 0,015245
анфиса 4,436752 0,006592
указан 1,301257 0,000645
играх 0,699082 0,001039
см 0,955511 0,001893
日本語 1,035554 0,000513
правок 3,743604 0,001854
декабря 0,881403 0,002619
заявление 0,867219 0,000430
клаус 4,436752 0,002197
пок 5,129899 0,073684
пон 4,436752 0,002197
холоу 5,129899 0,002541
стр 2,564949 0,006352
лен 4,436752 0,008790
девяти 3,183989 0,001577
парамыгина 5,129899 0,002541
содержание 0,971016 0,000962
eesti 1,069456 0,000530
čeština 1,035554 0,000513
ста 3,338139 0,001653
новосибирск 2,564949 0,001270
викисклад 1,035554 0,000513
арнд 5,129899 0,002541
ройселанн 5,129899 0,005082
конфиденциальности 0,317714 0,000157
универсиады 2,732003 0,001353
нове 5,129899 0,002541
slovenčina 1,069456 0,000530
юношеские 2,357310 0,002335
wikipedia 0,986764 0,000977
минска 3,743604 0,001854
уши 3,520461 0,001744
лив 5,129899 0,005082
македонски 1,258698 0,000623
драу 5,129899 0,002541
при 0,367725 0,000182
union 3,183989 0,003154
майе 3,743604 0,003708
лил 4,436752 0,013185
индивидуальные 2,134166 0,001057
викиновости 1,238078 0,000613
фк 1,951845 0,002900
главный 1,035554 0,000513
w 0,955511 0,000473
метте 5,129899 0,002541
ленцерхайде 5,129899 0,002541
жюлья 4,436752 0,004395
иной 2,827314 0,001400
также 0,663991 0,001315
украина 1,871802 0,000927
красную 2,644992 0,001310
италия 0,867219 0,000430
байи 5,129899 0,010163
каждую 2,932674 0,001453
разработчики 0,986764 0,000489
ванкувера 4,031286 0,001997
ахатова 5,129899 0,002541
хм 5,129899 0,027949
окончании 1,911023 0,000947
оберхоф 4,436752 0,002197
украины 1,797694 0,002671
фатьянова 4,436752 0,002197
правки 0,986764 0,000977
эйрик 5,129899 0,005082
нов 4,436752 0,006592
международного 1,911023 0,000947
лиллехаммер 3,183989 0,001577
себя 0,940244 0,000931
тюллум 5,129899 0,005082
опытными 2,490841 0,001234
брезно 5,129899 0,002541
спорта 0,342407 0,000170
победу 0,910391 0,000451
южной 1,797694 0,001781
системе 0,867219 0,000430
система 1,695912 0,001680
коммерческие 3,338139 0,001653
проектах 0,986764 0,000489
могут 0,760451 0,000377
отказ 0,910391 0,000451
соукалова 5,129899 0,002541
азиады 4,436752 0,002197
сохранением 0,986764 0,000489
хям 5,129899 0,002541
olympic 2,296685 0,005688
гонка 1,871802 0,001854
гонке 2,185460 0,002165
очков 1,198073 0,002374
дисциплине 3,183989 0,003154
кларе 5,129899 0,002541
микаэль 3,743604 0,001854
гонку 2,564949 0,001270
гонки 1,002764 0,001987
грайс 4,436752 0,004395
последний 0,773190 0,000383
майке 4,031286 0,001997
наций 1,797694 0,001781
пекин 2,732003 0,001353
кирхнер 5,129899 0,002541
майку 4,031286 0,001997
дениз 5,129899 0,002541
forum 4,436752 0,002197
pdf 0,940244 0,000466
поклюка 5,129899 0,002541
дарья 2,085376 0,002066
экхольм 5,129899 0,002541
включают 2,732003 0,002706
описание 0,986764 0,000489
лидер 2,296685 0,002275
корпела 5,129899 0,005082
трассах 4,031286 0,001997
адамичкова 5,129899 0,002541
вручается 2,827314 0,001400
lietuvių 1,140915 0,000565
биатлону 2,732003 0,014885
коронавируса 3,338139 0,001653
официально 1,159607 0,000574
вклад 0,971016 0,000481
одержавшие 4,436752 0,002197
текст 0,986764 0,000489
кубковых 3,520461 0,001744
ноября 0,971016 0,001443
проводиться 2,038856 0,001010
очки 1,466337 0,001453
архивная 1,633391 0,000809
разун 5,129899 0,002541
пхё 5,129899 0,007622
команду 1,217876 0,000603
перейти 0,867219 0,000859
существуют 1,441019 0,000714
сикарио 5,129899 0,002541
сезоне 1,466337 0,001453
кубковые 4,031286 0,001997
скелетон 1,258698 0,000623
українська 1,035554 0,000513
натурбан 4,436752 0,002197
файстриц 5,129899 0,005082
находится 1,492313 0,004435
фаг 5,129899 0,002541
шипулин 3,743604 0,001854
фай 5,129899 0,005082
сезона 1,052361 0,006776
фал 5,129899 0,002541
спортсмен 1,466337 0,001453
турин 3,050457 0,001511
отепя 5,129899 0,002541
синим 3,520461 0,001744
головина 2,134166 0,001057
биатлоне 2,932674 0,001453
ответственности 0,971016 0,000481
призовые 3,050457 0,004533
биатлона 3,050457 0,007554
окраина 5,129899 0,002541
php 0,986764 0,000489
cite 1,258698 0,000623
шорт 1,086847 0,000538
европейские 2,038856 0,001010
проходят 1,728701 0,000856
рупольдинг 5,129899 0,002541
горнолыжный 1,301257 0,000645
мира 0,367725 0,006739
pages 0,986764 0,000489
идут 2,732003 0,001353
ээ 5,129899 0,002541
старте 1,994404 0,000988
квальфосс 5,129899 0,005082
свендсен 4,436752 0,004395
учитываются 2,732003 0,002706
этапов 2,564949 0,001270
йон 5,129899 0,005082
карьера 2,038856 0,002020
nordicum 5,129899 0,002541
всего 0,812411 0,001207
пройс 5,129899 0,002541
svenska 1,035554 0,000513
годов 1,301257 0,000645
общий 2,038856 0,003030
куки 0,971016 0,000481
глобус 3,743604 0,001854
требуют 2,490841 0,001234
хольменколлен 5,129899 0,002541
ссср 0,940244 0,000466
индивидуальной 4,031286 0,001997
лук 4,031286 0,001997
доступен 0,971016 0,000481
пайффер 5,129899 0,002541
дизль 5,129899 0,002541
петра 2,421849 0,001200
антхольц 4,436752 0,002197
другие 0,384967 0,000191
так 0,597299 0,000296
общем 3,338139 0,008267
витоцци 5,129899 0,002541
примечания 1,002764 0,000993
других 0,853233 0,000845
состоянию 1,911023 0,000947
гдр 2,038856 0,004039
спортсменами 2,644992 0,002620
тура 1,728701 0,003425
франциска 4,436752 0,002197
сообщить 0,799165 0,000396
федерации 0,663991 0,000987
херрман 5,129899 0,002541
мансийск 4,436752 0,002197
бар 4,436752 0,002197
спорт 0,224624 0,000334
фруде 5,129899 0,002541
мобильная 0,608110 0,000301
english 0,925206 0,000458
франция 1,122566 0,003892
средняя 2,827314 0,001400
suomi 1,052361 0,000521
действующие 2,564949 0,001270
форсберг 4,031286 0,013977
швеция 1,345709 0,003333
занятого 3,743604 0,001854
зидек 4,436752 0,002197
обладательницы 4,436752 0,002197
cup 2,134166 0,001057
français 1,019025 0,000505
зачёт 1,951845 0,005800
элемент 0,955511 0,000473
спортивные 1,104547 0,000547
фестивали 3,743604 0,001854
выступлений 1,664163 0,000824
полное 2,296685 0,001138
немецких 3,743604 0,001854
впервые 0,839439 0,000416
мужском 2,644992 0,001310
начисления 3,183989 0,003154
женщины 0,881403 0,000437
раз 0,504926 0,000250
чемпионат 0,277868 0,000826
случайная 0,986764 0,000489
latviešu 1,052361 0,000521
выступления 1,546380 0,000766
постоянная 0,986764 0,000489
указанием 0,986764 0,000489
версия 0,485508 0,000962
шесть 1,546380 0,000766
эмманюэль 5,129899 0,002541
европы 0,524729 0,000520
версии 1,546380 0,000766
крупнейших 2,732003 0,001353
без 0,466460 0,000231
бей 5,129899 0,002541
бек 4,436752 0,002197
проводился 2,038856 0,001010
фриц 4,436752 0,002197
знак 0,986764 0,000489
чепиков 5,129899 0,005082
кайса 4,436752 0,010987
ограничения 2,239527 0,001109
сертификат 3,743604 0,001854
спринт 2,296685 0,001138
эстафетах 3,520461 0,005231
обладатели 2,296685 0,001138
спортсмены 1,140915 0,000565
дальмайер 5,129899 0,005082
грёнлид 5,129899 0,002541
пока 1,159607 0,000574
трасс 4,031286 0,001997
архивировано 1,104547 0,006565
короткий 0,971016 0,000481
биатлонная 4,031286 0,011980
случаях 0,971016 0,000481
чемпионате 1,178655 0,000584
нойнер 4,436752 0,008790
получает 2,038856 0,001010
кодекс 0,971016 0,000481
фийон 3,743604 0,003708
набранные 4,031286 0,001997
скрытая 4,436752 0,002197
статьи 0,524729 0,000520
бобслей 1,238078 0,000613
чемпионаты 1,574551 0,002340
военно 3,338139 0,001653
тиннес 5,129899 0,015245
обе 2,085376 0,039249
служебные 0,986764 0,000489
федерациям 4,436752 0,002197
статья 0,986764 0,000977
иные 3,183989 0,001577
эльвира 4,436752 0,002197
языках 0,986764 0,000489
wikimedia 0,986764 0,000489
проверенной 2,421849 0,001200
лыжах 1,178655 0,000584
немецкое 5,129899 0,002541
свободной 0,986764 0,000489
может 0,630089 0,000312
юниорский 3,050457 0,001511
разделили 4,031286 0,001997
лиза 3,743604 0,001854
получить 0,747872 0,000370
беларусь 1,368699 0,002034
язык 1,258698 0,000623
поселке 5,129899 0,002541
связанные 0,881403 0,000437
эмиль 3,183989 0,003154
разных 1,834062 0,000908
отредактирована 0,986764 0,000489
расположенного 4,031286 0,001997
creative 0,986764 0,000489
nederlands 1,019025 0,000505
оге 5,129899 0,005082
красной 2,296685 0,001138
шемп 5,129899 0,002541
wayback 1,633391 0,000809
italiano 1,035554 0,000513
год 0,687247 0,000681
турина 4,436752 0,002197
гонок 2,732003 0,001353
международные 1,238078 0,000613
андреа 3,743604 0,003708
commons 0,986764 0,000489
близ 3,743604 0,009271
альбервиля 5,129899 0,002541
альбервиль 3,520461 0,001744
антон 1,728701 0,000856
май 3,050457 0,003022
web 1,279751 0,000634
эва 5,129899 0,005082
приз 2,134166 0,002114
учётную 0,986764 0,000489
bokmål 1,069456 0,000530
текущие 0,940244 0,000466
текущий 2,357310 0,001168
буше 4,436752 0,002197
страна 1,633391 0,001618
масс 2,827314 0,002801
входили 3,050457 0,001511
той 1,994404 0,000988
создать 0,825834 0,000409
составлял 3,183989 0,001577
гонках 3,183989 0,003154
международных 1,492313 0,000739
зависимости 1,911023 0,000947
свяжитесь 0,986764 0,000489
лига 0,402511 0,000199
печать 0,986764 0,000489
жюстин 5,129899 0,002541
участниками 1,994404 0,000988
грю 5,129899 0,002541
фонд 0,940244 0,000466
марк 2,085376 0,001033
обсуждение 0,881403 0,000873
осло 3,050457 0,001511
союза 1,797694 0,001781
определённое 3,050457 0,001511
местечка 5,129899 0,002541
олимпиаду 1,664163 0,000824
организации 0,812411 0,000402
бор 5,129899 0,005082
товарный 0,986764 0,000489
история 0,555188 0,000275
осрблье 4,436752 0,002197
олимпиады 0,925206 0,000916
history 1,762603 0,000873
решению 3,338139 0,001653
начиная 1,492313 0,000739
регионального 3,743604 0,001854
светлана 2,038856 0,002020
норвегия 1,834062 0,009992
доротея 2,490841 0,003701
военных 3,050457 0,001511
печати 0,955511 0,000473
бок 3,520461 0,001744
название 1,178655 0,001751
поиск 0,735450 0,000364
ванкувер 2,932674 0,001453
условий 0,881403 0,000437
франк 3,520461 0,017437
oldid 0,986764 0,000489
мурманск 4,436752 0,002197
катание 0,534779 0,000265
тро 5,129899 0,002541
местад 5,129899 0,002541
как 0,232059 0,000460
кан 4,436752 0,017580
неподалёку 4,436752 0,002197
трамплина 1,159607 0,000574
этого 0,881403 0,000437
бьёрндален 4,031286 0,013977
третье 1,603538 0,000794
авторства 0,986764 0,000489
второе 1,603538 0,000794
чемпионов 0,652562 0,000323
форт 4,436752 0,002197
сандрин 5,129899 0,007622
вирер 2,564949 0,003811
условия 0,411400 0,000408
термина 1,695912 0,000840
dansk 1,069456 0,000530
определённые 3,183989 0,001577
новые 0,747872 0,000370
ещё 0,420369 0,000208
тур 1,546380 0,001532
чемпионатах 1,574551 0,001560
дисциплинах 2,932674 0,002905
обзор 2,134166 0,002114
йоханнес 2,185460 0,006495
фигурное 0,534779 0,000265
проведённую 5,129899 0,002541
просмотры 0,986764 0,000489
менее 1,258698 0,000623
эстерсунд 5,129899 0,002541
видам 2,038856 0,001010
беларуская 1,069456 0,000530
открытый 2,644992 0,002620
давыдова 4,031286 0,001997
биатлонисты 2,296685 0,001138
а 0,209918 0,000208
в 0,017911 0,000470
оригинала 1,518981 0,002257
викимедиа 0,986764 0,000489
чезана 5,129899 0,002541
и 0,023953 0,000166
политика 0,239550 0,000119
к 0,132686 0,000131
юнссон 5,129899 0,002541
м 0,534779 0,000530
н 0,895792 0,003993
о 0,042302 0,000042
с 0,036149 0,000322
у 0,342407 0,000170
дополнительные 0,986764 0,000489
текущая 2,421849 0,002399
шельбрейд 5,129899 0,002541
скачать 0,895792 0,000887
сезон 1,368699 0,001356
коль 5,129899 0,002541
заглавная 0,986764 0,000489
смешанной 3,520461 0,003487
мин 2,932674 0,002905
сочи 0,853233 0,000423
буд 5,129899 0,002541
коукалова 5,129899 0,002541
мир 1,546380 0,000766
by 0,971016 0,000481
русский 0,839439 0,000416
сален 5,129899 0,002541
стурла 4,031286 0,003993
копия 1,574551 0,000780
этап 1,392229 0,000690
cc 0,986764 0,000489
симон 3,338139 0,004960
денежный 4,436752 0,002197
арктические 4,436752 0,002197
поведения 0,895792 0,000444
победителю 2,357310 0,001168
антерсельва 4,436752 0,002197
магдалена 4,436752 0,024172
эберг 5,129899 0,005082
победитель 1,258698 0,000623
представились 0,986764 0,000489
сергей 1,392229 0,001379
ульрих 3,520461 0,008718
состоит 1,546380 0,000766
викиданных 0,986764 0,000489
руп 5,129899 0,121959
канмор 5,129899 0,002541
эйнар 3,050457 0,010576
заключительный 3,743604 0,001854
сноуборд 1,238078 0,000613
сумме 1,994404 0,000988
глагов 5,129899 0,002541
олимпийские 0,895792 0,000444
олсбю 5,129899 0,002541
грете 4,436752 0,004395
региональные 2,357310 0,001168
комплексные 4,031286 0,001997
читать 0,586604 0,000291
гран 1,518981 0,000752
вильхельм 4,436752 0,006592
всех 0,652562 0,000323
title 0,986764 0,000489
оср 5,129899 0,022867
чехия 1,518981 0,000752
олимпийских 0,799165 0,001187
торинезе 5,129899 0,002541
биатлон 0,534779 0,000530
пожертвовать 0,986764 0,000489
этапа 1,664163 0,000824
поиску 0,971016 0,000481
лишь 1,159607 0,000574
оте 4,436752 0,010987
жёлтой 3,183989 0,001577
одного 1,140915 0,000565
ссылка 0,786093 0,000389
спортсменка 2,085376 0,001033
ссылки 0,839439 0,001663
中文 1,035554 0,000513
середине 1,994404 0,000988
районе 3,338139 0,001653
этапы 2,421849 0,003599
патрис 5,129899 0,002541
спринте 2,357310 0,001168
бонус 5,129899 0,002541
всемирные 3,050457 0,003022
коммуны 5,129899 0,002541
андре 2,932674 0,001453
фуркад 3,743604 0,014833
среди 0,597299 0,001183
отдельных 0,986764 0,000977
https 0,699082 0,000346
юниоров 1,728701 0,000856
biathlon 4,436752 0,004395
index 0,986764 0,000489
преследования 2,827314 0,001400
эта 0,867219 0,000430
результаты 0,910391 0,000451
зиберт 5,129899 0,002541
выступает 2,421849 0,001200
избранные 0,971016 0,000481
жёлтую 3,520461 0,001744
хрустальный 4,031286 0,001997
коммуне 5,129899 0,002541
северной 2,185460 0,002165
недалеко 3,520461 0,001744
эст 5,129899 0,083847
world 1,416327 0,000701
эти 1,323236 0,000655
община 5,129899 0,002541
мартен 4,031286 0,015973
это 0,277868 0,000138
код 0,986764 0,004399
тюм 5,129899 0,005082
спортсменов 0,786093 0,000389
кон 4,031286 0,041930
url 0,986764 0,000489
сентябрь 4,031286 0,001997
контиолахти 4,436752 0,002197
machine 1,633391 0,000809
сентября 1,069456 0,000530
войти 0,735450 0,000364
старт 1,416327 0,000701
мартина 4,031286 0,003993
или 0,576022 0,000571
финляндия 1,492313 0,000739
беле 5,129899 0,002541
тюмени 4,031286 0,001997
мур 4,436752 0,006592
bmw 3,743604 0,001854
легрейд 4,031286 0,003993
жанмонно 4,031286 0,001997
использования 0,393700 0,000195
тюмень 2,644992 0,001310
international 2,357310 0,002335
хенкель 5,129899 0,005082
германия 1,140915 0,009041
инструменты 0,986764 0,000977
марок 4,031286 0,005990
вал 5,129899 0,002541
сезонах 2,421849 0,005998
ван 2,296685 0,002275
смешанных 2,490841 0,001234
домрачева 3,743604 0,003708
пхёнчхан 3,520461 0,001744
хед 5,129899 0,005082
хямеэнлинна 5,129899 0,002541
альбина 5,129899 0,002541
обращения 0,925206 0,005499
солт 2,644992 0,002620
рождественская 4,436752 0,002197
минск 1,834062 0,000908
игры 0,376309 0,000559
экхофф 4,436752 0,004395
февраля 0,232059 0,000460
ошибке 0,955511 0,000473
преследование 4,436752 0,002197
события 0,663991 0,000329
карин 4,031286 0,001997
словакия 1,834062 0,000908
дер 4,436752 0,002197
значения 1,416327 0,000701
соревнования 0,663991 0,001315
deutsch 1,052361 0,000521
марта 0,881403 0,000437
соответствующей 3,050457 0,001511
кент 4,436752 0,002197
марте 2,085376 0,002066
тарьей 5,129899 0,005082
михаэль 4,031286 0,003993
прыжки 1,019025 0,000505
фишер 3,743604 0,007417
неделя 3,050457 0,001511
земиш 5,129899 0,002541
материал 0,825834 0,000409
соревнований 0,881403 0,000873
ориентирование 4,031286 0,001997
брезаз 5,129899 0,002541
лейк 2,357310 0,002335
ханна 2,564949 0,001270
кубков 2,827314 0,002801
зимним 3,050457 0,001511
ан 2,932674 0,001453
район 4,031286 0,001997
навигация 0,986764 0,000977
страница 0,940244 0,000931
кантен 5,129899 0,005082
лицензии 0,986764 0,000489
хегле 4,031286 0,003993
хин 5,129899 0,002541
странице 0,971016 0,000481
проверки 2,239527 0,001109
сан 2,085376 0,001033
отменен 5,129899 0,002541
запись 0,955511 0,000473
навигации 0,986764 0,000489
qr 0,986764 0,000489
бд 5,129899 0,005082
страницу 0,971016 0,000481
санный 1,301257 0,000645
страницы 0,971016 0,001443
правило 1,633391 0,000809
зимние 1,159607 0,004595
фристайл 1,279751 0,000634
сама 2,644992 0,007860
женщин 1,368699 0,000678
бё 4,436752 0,017580
россии 0,160085 0,000079
ru 0,285712 0,000142
действовать 0,955511 0,000473
результатам 1,911023 0,000947
бергер 4,436752 0,008790
анастасия 2,732003 0,001353
рёч 5,129899 0,010163
вк 3,520461 0,001744
кубок 0,524729 0,003639
во 0,495170 0,000245
sa 0,986764 0,000489
выделены 3,183989 0,001577
начинаются 3,520461 0,001744
мужчин 1,492313 0,000739
лахти 4,436752 0,002197
дата 0,881403 0,005239
лидеры 2,085376 0,002066
nynorsk 1,546380 0,000766
вы 0,325878 0,000161
проверялась 2,490841 0,001234
español 1,019025 0,000505
конце 1,518981 0,001505
россия 0,699082 0,001385
лаура 4,436752 0,004395
энциклопедии 0,986764 0,000489
мастеров 2,564949 0,001270
кёрлинг 1,279751 0,000634
bosanski 1,345709 0,000667
лидера 2,421849 0,001200
associated 0,986764 0,000489
января 0,825834 0,003681
български 1,086847 0,000538
персональные 0,971016 0,000481
ibu 2,239527 0,007765
эствик 4,436752 0,002197
де 0,955511 0,000473
сайт 0,773190 0,001915
преске 5,129899 0,002541
делится 3,183989 0,001577
зарегистрированный 0,986764 0,000489
другое 1,834062 0,000908
хмл 5,129899 0,002541
сюда 0,986764 0,000489
называется 2,357310 0,001168
хелена 5,129899 0,005082
зайцева 3,183989 0,001577
трек 1,159607 0,000574
цитировать 0,986764 0,000489
освещающий 5,129899 0,002541
мемориал 3,183989 0,001577
вик 5,129899 0,002541
сезье 5,129899 0,002541
лыжное 1,279751 0,001268
norsk 1,052361 0,001042
азии 2,085376 0,002066
праздник 3,338139 0,001653
кубка 0,825834 0,006544
зачёте 2,644992 0,006550
для 0,146292 0,000072
одиночной 3,743604 0,001854
бриан 4,436752 0,002197
трасса 3,338139 0,009920
тавастехус 5,129899 0,002541
кубки 2,644992 0,003930
polski 1,035554 0,000513
биатлонистов 3,338139 0,003307
кубке 1,441019 0,002855
уле 3,743604 0,012979
биатлонистом 3,520461 0,001744
хол 4,436752 0,081307
править 0,986764 0,008797
за 0,125952 0,000561
среднем 2,239527 0,001109
хох 5,129899 0,099092
рейтинг 0,565551 0,000280
расположения 3,338139 0,001653
холменколлене 5,129899 0,002541
org 0,986764 0,000489
подробнее 0,723179 0,000358
патернион 5,129899 0,002541
хохфильцен 5,129899 0,002541
была 0,652562 0,000323
ханты 4,031286 0,001997
отличаться 2,357310 0,001168
женском 2,038856 0,001010
из 0,106018 0,000315
нац 5,129899 0,002541
биатлонных 4,436752 0,002197
августа 1,052361 0,003649
ольга 2,827314 0,001400
наг 5,129899 0,002541
српски 1,035554 0,000513
анси 5,129899 0,002541
review 3,520461 0,008718
биатлонные 3,743604 0,003708
достигнутые 4,436752 0,002197
петер 4,436752 0,013185
драчёв 5,129899 0,005082
guide 3,338139 0,001653
уистлер 4,436752 0,002197
двоеборье 1,217876 0,000603
ведётся 2,827314 0,001400
распространено 3,338139 0,001653
серия 1,052361 0,000521
пек 5,129899 0,002541
кв 4,436752 0,004395
srpski 1,035554 0,000513
ювя 5,129899 0,002541
мораве 5,129899 0,002541
считая 4,436752 0,002197
айл 5,129899 0,002541
км 2,038856 0,002020
октябрь 3,050457 0,001511
эльвебакк 4,436752 0,002197
лыжные 1,140915 0,001130
ку 3,338139 0,001653
которые 0,760451 0,000377
foundation 0,986764 0,000489
солджер 5,129899 0,002541
конькобежный 1,238078 0,000613
мякяряйнен 5,129899 0,012704
йиржина 5,129899 0,002541
лп 5,129899 0,007622
елена 1,911023 0,001893
лу 3,183989 0,001577
резцова 2,421849 0,003599
сити 1,546380 0,001532
расположенной 3,520461 0,001744
한국어 1,035554 0,000513
слс 5,129899 0,012704
рафаэль 2,357310 0,005838
америки 1,695912 0,003360
ми 2,932674 0,001453
лах 5,129899 0,027949
место 0,597299 0,001479
побед 1,301257 0,003223
свен 4,436752 0,006592
снг 2,490841 0,001234
начале 1,301257 0,000645
свежие 0,910391 0,000451
количеству 1,574551 0,001560
участие 0,597299 0,000296
анне 4,031286 0,001997
на 0,023953 0,000166
алб 5,129899 0,002541
анна 1,797694 0,000890
не 0,099461 0,000345
каждый 1,392229 0,000690
андресен 5,129899 0,002541
нм 5,129899 0,038112
кузьмина 4,436752 0,002197
ну 2,827314 0,001400
сод 5,129899 0,005082
апрель 3,520461 0,003487
категория 1,546380 0,001532
количество 1,217876 0,000603
magyar 1,086847 0,000538
аль 2,644992 0,002620
нами 0,853233 0,000423
места 1,198073 0,001780
международная 1,301257 0,000645
об 0,217244 0,000108
отдельной 3,338139 0,001653
владимир 1,546380 0,001532
некоммерческой 0,986764 0,000489
продолжительность 2,490841 0,001234
холм 4,031286 0,003993
справка 0,986764 0,000489
мужчины 1,019025 0,000505
анн 4,031286 0,001997
от 0,160085 0,000555
анс 5,129899 0,025408
ант 5,129899 0,121959
собственно 2,932674 0,001453
форум 0,881403 0,000437
этапах 2,827314 0,004201
раубичи 5,129899 0,002541
зубрилова 5,129899 0,002541
санна 5,129899 0,002541
получал 2,732003 0,001353
статистика 0,652562 0,000323
официальный 1,104547 0,001094
трофей 2,085376 0,001033
лёфгрен 5,129899 0,002541
всю 1,994404 0,000988
официальные 1,574551 0,000780
па 3,743604 0,005563
города 2,239527 0,001109
википедия 0,986764 0,000977
соч 4,436752 0,004395
значительно 1,911023 0,000947
года 0,239550 0,002373
по 0,073653 0,000912
inc 0,986764 0,000489
клубного 2,932674 0,001453
сведения 0,812411 0,000402
ангерер 5,129899 0,005082
português 1,035554 0,000513
тириль 4,436752 0,004395
ра 3,520461 0,001744
габриэла 4,436752 0,004395
эстафете 2,421849 0,003599
биатло 4,436752 0,002197
сообщество 0,986764 0,000489
википедии 0,986764 0,000977
заканчиваются 4,436752 0,002197
источник 0,853233 0,000423
