ямаль 2,421849 0,001551
стандартный 3,520461 0,002255
озетковски 5,129899 0,003286
формула 1,728701 0,001107
лучшая 2,564949 0,001643
день 0,760451 0,000487
прокаты 2,644992 0,001694
выигрывать 3,338139 0,002138
прощание 3,743604 0,002398
партнеров 4,031286 0,002583
выиграл 1,178655 0,000755
апл 1,871802 0,001199
играл 1,762603 0,001129
некоторых 1,762603 0,001129
центр 0,881403 0,000565
клипперс 3,743604 0,002398
людей 2,134166 0,001367
трофеев 3,338139 0,002138
джордана 3,743604 0,002398
нетс 2,564949 0,001643
систематизации 2,564949 0,001643
пол 2,357310 0,003020
таких 1,762603 0,001129
человек 1,178655 0,000755
обыграть 3,183989 0,002040
трофеем 4,031286 0,002583
одна 1,392229 0,000892
реклама 0,735450 0,000471
фото 0,799165 0,001536
десятилетие 3,183989 0,002040
лет 0,475938 0,000305
устюгов 2,490841 0,001596
то 0,652562 0,000418
баскетболисты 2,296685 0,001471
ноге 4,436752 0,002842
европейском 3,520461 0,004511
суд 2,827314 0,001811
шак 5,129899 0,003286
поверите 4,436752 0,002842
ларкин 5,129899 0,003286
макс 2,185460 0,001400
ты 2,421849 0,001551
металлург 1,994404 0,001278
серхио 2,296685 0,001471
главные 1,086847 0,001393
хэмилтон 2,490841 0,001596
карл 2,932674 0,001879
поп 1,911023 0,001224
тимофей 3,338139 0,002138
лейкерс 2,239527 0,002869
эван 4,436752 0,002842
трибунепрожектор 2,644992 0,001694
вхл 1,664163 0,001066
информационные 2,490841 0,001596
бакс 2,564949 0,003286
латыпов 2,564949 0,001643
хьюстону 5,129899 0,003286
при 0,367725 0,000707
про 1,301257 0,002501
письма 2,134166 0,001367
лил 4,436752 0,002842
фе 2,644992 0,001694
винисиус 2,296685 0,001471
филадельфия 2,357310 0,001510
invasion 4,436752 0,002842
калеба 5,129899 0,003286
подарок 3,743604 0,004796
адетокумбо 2,564949 0,003286
пиара 5,129899 0,003286
проекте 1,546380 0,001981
территории 1,633391 0,001046
роберт 2,185460 0,001400
шансов 2,564949 0,001643
rds 1,911023 0,002448
acb 5,129899 0,003286
травм 2,296685 0,001471
одной 1,238078 0,000793
нашли 1,994404 0,001278
псж 1,518981 0,000973
коннор 2,357310 0,001510
дмитрий 1,345709 0,000862
джефф 3,050457 0,001954
лучшее 2,239527 0,002869
isu 1,603538 0,001027
вернется 3,338139 0,008554
шарапова 2,564949 0,001643
снова 1,574551 0,001009
партизан 3,520461 0,002255
чимаев 2,357310 0,001510
часа 1,911023 0,001224
овертайме 2,038856 0,001306
вакансиирекламаподдержка 2,644992 0,001694
победе 1,951845 0,001250
подписали 2,932674 0,001879
алекс 2,239527 0,001435
спорта 0,342407 0,000658
победу 0,910391 0,001750
отказался 2,296685 0,001471
победы 0,971016 0,000622
арина 2,357310 0,001510
италии 1,002764 0,001285
дзюба 2,134166 0,001367
получил 1,002764 0,000642
макдэвид 2,421849 0,001551
один 0,711058 0,000911
дюрэнт 2,564949 0,004929
гаррос 2,421849 0,001551
очков 1,198073 0,001535
входит 1,871802 0,001199
гонку 2,564949 0,001643
рекомендательные 1,762603 0,001129
содружества 1,518981 0,000973
сундлинг 2,421849 0,001551
логичнее 5,129899 0,003286
уимблдон 2,421849 0,001551
часть 1,441019 0,000923
локомотив 0,910391 0,000583
live 1,518981 0,000973
майкл 2,564949 0,001643
последние 1,178655 0,000755
булл 2,357310 0,001510
семененко 2,644992 0,001694
называл 4,031286 0,002583
несбыточном 5,129899 0,003286
авангард 2,038856 0,001306
рассчитывать 4,436752 0,002842
уникс 4,436752 0,002842
архив 1,258698 0,000806
прижимал 3,743604 0,002398
дарья 2,085376 0,001336
курс 3,743604 0,002398
арсенал 1,466337 0,000939
соглашениеполитика 2,644992 0,001694
сша 0,586604 0,000752
ферстаппен 2,490841 0,001596
спортивной 1,416327 0,000907
игроков 1,238078 0,000793
китайская 1,258698 0,000806
влезли 5,129899 0,003286
самая 1,911023 0,001224
андреева 2,296685 0,001471
криштиану 2,932674 0,001879
киберспорт 1,762603 0,001129
опускается 5,129899 0,003286
артур 1,664163 0,001066
через 0,971016 0,000622
карлссон 2,564949 0,001643
подряд 1,258698 0,000806
российской 1,178655 0,000755
куклина 2,644992 0,001694
стопы 3,183989 0,002040
индикар 2,564949 0,001643
сборные 0,839439 0,001613
ливерпуль 1,994404 0,001278
мобли 4,436752 0,002842
видеоспортс 2,644992 0,001694
екатерина 2,185460 0,001400
команда 0,663991 0,000425
игроки 0,986764 0,000632
лучший 1,368699 0,000877
джорданом 4,436752 0,002842
лос 1,518981 0,000973
фейковых 4,436752 0,002842
мозгова 5,129899 0,003286
панарин 2,357310 0,001510
команды 0,555188 0,002134
новостей 1,574551 0,001009
зенит 0,895792 0,001148
лучших 1,198073 0,000768
никогда 1,951845 0,001250
боттас 2,490841 0,001596
касаткина 2,421849 0,001551
команду 1,217876 0,000780
мадрид 1,834062 0,001175
сезоне 1,466337 0,000939
изменился 2,827314 0,001811
веке 1,994404 0,001278
вapp 2,644992 0,001694
системы 1,951845 0,001250
кросби 1,994404 0,001278
мерседес 2,490841 0,001596
леклер 2,490841 0,001596
top 1,728701 0,001107
украинские 2,932674 0,001879
спецпроект 3,050457 0,001954
подготовки 1,633391 0,001046
сезона 1,052361 0,000674
нфл 4,436752 0,002842
главную 3,050457 0,001954
xxi 2,038856 0,001306
майкла 3,338139 0,002138
вашингтон 2,296685 0,001471
большего 2,644992 0,001694
выбыл 2,732003 0,003500
загитова 2,357310 0,001510
лыжники 2,421849 0,001551
его 0,447767 0,000861
перелома 4,436752 0,002842
функционеры 3,050457 0,001954
хвича 2,490841 0,001596
только 0,447767 0,000861
морэнт 2,644992 0,001694
головин 2,085376 0,001336
канария 5,129899 0,006573
нхл 0,925206 0,000593
герасимов 3,743604 0,002398
стэйт 2,421849 0,003103
ландо 2,564949 0,001643
трое 2,239527 0,001435
идеально 4,436752 0,002842
мира 0,367725 0,001413
еду 3,743604 0,002398
почему 1,122566 0,002157
тренировки 1,546380 0,000991
нэтан 2,564949 0,001643
завершен 2,732003 0,003500
когда 0,652562 0,000836
карьера 2,038856 0,001306
базовых 3,183989 0,002040
фигуристы 2,490841 0,001596
силвы 5,129899 0,003286
миранчук 2,357310 0,001510
кокаиновым 5,129899 0,003286
блоги 2,296685 0,002943
рекордно 3,338139 0,002138
дисквалификации 2,732003 0,001750
чего 1,345709 0,001724
карьеру 1,518981 0,002919
жертву 4,436752 0,002842
сообщите 2,644992 0,001694
великой 2,827314 0,001811
дёмин 2,932674 0,005636
лаборатория 2,644992 0,001694
строй 3,050457 0,001954
ян 2,038856 0,001306
бруклином 4,436752 0,002842
голеностопом 5,129899 0,003286
and 1,762603 0,002258
против 0,747872 0,000479
похоже 3,743604 0,004796
фернандо 2,239527 0,001435
где 0,675551 0,000433
связки 3,338139 0,002138
бундеслига 2,134166 0,001367
валиева 2,239527 0,001435
сменить 2,564949 0,001643
применяются 1,466337 0,000939
трехлетний 5,129899 0,003286
суперзвезд 4,436752 0,002842
трансферы 1,664163 0,001066
величии 4,436752 0,002842
маверикс 2,564949 0,001643
узнайте 3,520461 0,004511
расселл 2,296685 0,001471
тутберидзе 2,085376 0,001336
федерации 0,663991 0,000425
ключевых 2,827314 0,001811
швеции 1,664163 0,002132
честных 4,436752 0,002842
несчастной 5,129899 0,003286
есть 0,812411 0,000520
спорт 0,224624 0,000288
емельяненко 2,421849 0,003103
коляда 2,644992 0,001694
этой 1,052361 0,000674
этом 0,565551 0,001087
мобильная 0,608110 0,000779
этот 0,825834 0,000529
шоу 1,441019 0,002769
ерунду 4,436752 0,002842
джокович 2,421849 0,003103
перевела 4,031286 0,002583
франции 1,035554 0,001990
джордж 2,134166 0,001367
нурмагомедов 2,357310 0,001510
миронова 2,644992 0,001694
оклахома 4,436752 0,002842
аделия 1,911023 0,001224
испании 1,834062 0,001175
спортивные 1,104547 0,000708
трибуне 2,490841 0,001596
первая 0,867219 0,000556
дайджест 4,031286 0,002583
женщины 0,881403 0,005082
вчерашние 3,520461 0,002255
чемпионат 0,277868 0,001068
пиастри 2,564949 0,001643
кирилл 1,797694 0,001152
quiz 5,129899 0,006573
выиграть 1,466337 0,000939
денвер 2,421849 0,001551
версия 0,485508 0,000622
карлос 2,185460 0,002800
джошуа 2,357310 0,001510
интернет 1,695912 0,001086
гарднером 5,129899 0,003286
макларен 2,490841 0,001596
карен 2,357310 0,001510
ледниковый 2,564949 0,001643
европы 0,524729 0,000336
сезоном 2,827314 0,001811
перевернули 5,129899 0,003286
дюрэнтом 5,129899 0,003286
легенд 3,050457 0,001954
сделает 3,520461 0,002255
считали 3,743604 0,002398
без 0,466460 0,000598
эпизодах 4,031286 0,002583
харден 2,644992 0,001694
поле 1,217876 0,000780
грустно 3,743604 0,002398
эрой 4,436752 0,002842
трансляции 1,441019 0,000923
отношения 1,951845 0,001250
загрузите 2,185460 0,005600
правообладателей 2,644992 0,001694
виды 0,773190 0,000495
блог 2,357310 0,012081
пока 1,159607 0,000743
ислам 2,085376 0,001336
манчестер 2,134166 0,001367
тиг 5,129899 0,003286
альпин 2,490841 0,001596
период 1,159607 0,000743
перечне 3,338139 0,002138
клуб 0,940244 0,000602
сети 1,951845 0,001250
бильбао 4,031286 0,005165
поступит 5,129899 0,003286
мария 1,834062 0,001175
брата 3,338139 0,002138
уикенд 4,031286 0,002583
баскетбола 2,827314 0,007245
дёмина 3,743604 0,004796
нижний 1,159607 0,000743
спёрс 3,743604 0,002398
бавария 2,038856 0,001306
гасли 2,490841 0,001596
евролига 1,664163 0,003198
никиты 2,732003 0,001750
тесты 1,871802 0,002398
ред 1,603538 0,001027
после 0,317714 0,000611
астон 2,185460 0,001400
шейн 4,436752 0,002842
краснодар 0,925206 0,000593
тесте 3,520461 0,004511
россией 2,296685 0,001471
хоккеисты 2,134166 0,001367
никита 1,603538 0,002055
монетизация 2,644992 0,001694
федор 2,357310 0,001510
если 0,675551 0,001298
браун 3,338139 0,002138
медведем 5,129899 0,003286
набрал 2,185460 0,001400
канады 1,217876 0,000780
йокич 2,644992 0,005083
медведев 1,834062 0,001175
пятый 2,421849 0,001551
крестообразной 4,031286 0,002583
звездный 4,436752 0,002842
play 1,441019 0,000923
появятся 4,436752 0,002842
казахстанская 2,644992 0,001694
карасев 4,436752 0,002842
богатая 5,129899 0,003286
любили 4,436752 0,002842
самарой 5,129899 0,003286
может 0,630089 0,000404
серьезный 5,129899 0,003286
эдуард 2,134166 0,001367
больше 0,812411 0,002082
крюгер 2,644992 0,001694
верите 4,436752 0,002842
язык 1,258698 0,001613
наггетс 2,490841 0,001596
переходов 4,436752 0,002842
хачанов 2,296685 0,001471
выступлением 3,743604 0,002398
алина 2,296685 0,001471
прочие 1,345709 0,000862
встряске 3,338139 0,002138
ролан 2,239527 0,001435
андрея 2,732003 0,001750
ноль 3,050457 0,001954
времени 1,140915 0,000731
вембаньяма 2,644992 0,001694
контракт 1,518981 0,002919
андрей 1,323236 0,004238
матч 0,411400 0,001054
australian 2,185460 0,001400
мба 3,183989 0,006119
большунов 2,357310 0,001510
дюрен 5,129899 0,003286
заслуживает 3,520461 0,002255
антон 1,728701 0,001107
маи 3,338139 0,006415
динамо 0,663991 0,000425
неопределенный 5,129899 0,003286
рахмонов 2,564949 0,001643
уведомлений 2,564949 0,001643
льюис 2,296685 0,001471
предпочтениям 2,564949 0,001643
петр 2,239527 0,001435
фэйк 5,129899 0,003286
инструмент 3,338139 0,002138
сразу 1,392229 0,000892
команд 1,178655 0,000755
создать 0,825834 0,001058
такое 2,185460 0,001400
спортсе 2,644992 0,001694
разрыва 3,743604 0,002398
кайри 2,490841 0,003191
спортса 2,644992 0,005083
лиги 0,895792 0,001148
юлия 2,085376 0,001336
лиге 1,368699 0,000877
продолжить 2,134166 0,001367
таблицы 2,085376 0,001336
лига 0,402511 0,003352
александра 1,633391 0,001046
переходным 5,129899 0,003286
смотрел 3,520461 0,002255
ради 2,421849 0,001551
расширение 2,490841 0,001596
благодаря 1,441019 0,000923
мвз 5,129899 0,006573
марк 2,085376 0,001336
топ 1,238078 0,000793
олимпиада 1,104547 0,000708
джонс 2,134166 0,001367
единой 2,644992 0,001694
нганну 2,644992 0,001694
барс 1,695912 0,001086
календарь 0,735450 0,000942
наиболее 1,466337 0,000939
организация 1,664163 0,001066
макгрегор 2,421849 0,001551
этери 2,564949 0,001643
главная 1,323236 0,000848
носкова 2,644992 0,001694
уверенности 4,031286 0,002583
уведомления 2,564949 0,001643
дегтярев 2,564949 0,003286
таблица 0,925206 0,001185
евгений 1,258698 0,002419
бикерстафф 5,129899 0,003286
светлана 2,038856 0,001306
трэй 4,031286 0,002583
доротея 2,490841 0,001596
бои 1,633391 0,001046
швентек 2,644992 0,001694
владислав 2,185460 0,001400
фэнтези 2,644992 0,003389
более 0,853233 0,000547
подписал 1,911023 0,001224
майроном 5,129899 0,003286
хьюстана 5,129899 0,003286
уйдет 5,129899 0,003286
джеймс 1,994404 0,002555
валттери 2,490841 0,001596
франц 3,338139 0,002138
реальных 3,050457 0,003908
кафу 4,436752 0,002842
ушел 2,239527 0,001435
новак 2,564949 0,001643
лариса 2,490841 0,001596
дариус 5,129899 0,003286
лыжи 1,019025 0,000653
катание 0,534779 0,000343
контролировали 5,129899 0,003286
боя 2,296685 0,001471
как 0,232059 0,000446
низкий 3,338139 0,002138
площадку 2,564949 0,004929
алексей 1,238078 0,000793
конфиденциальностиинформация 2,644992 0,001694
елизавета 2,185460 0,001400
приостановил 4,031286 0,002583
оппонент 5,129899 0,003286
достижение 2,038856 0,001306
тампа 2,490841 0,001596
заубер 2,644992 0,001694
сериала 4,436752 0,002842
свечников 2,644992 0,001694
хегстад 2,644992 0,001694
ufc 1,441019 0,002769
nascar 2,644992 0,003389
хамзат 2,357310 0,001510
недостижима 5,129899 0,003286
чемпионов 0,652562 0,000418
мана 2,490841 0,001596
продукт 3,520461 0,002255
второй 0,786093 0,000504
вирер 2,564949 0,001643
джордан 3,050457 0,005863
терентьев 2,490841 0,001596
новый 0,940244 0,000602
единая 1,728701 0,005537
рпл 1,140915 0,000731
шедевре 5,129899 0,003286
новые 0,747872 0,000479
тур 1,546380 0,000991
еще 0,955511 0,001224
егора 4,436752 0,002842
теннис 0,495170 0,000634
кевин 2,085376 0,002672
гагарина 2,085376 0,001336
сталкивался 4,436752 0,002842
йоханнес 2,185460 0,002800
фигурное 0,534779 0,000343
доиграет 4,031286 0,002583
дончич 2,564949 0,001643
ставки 1,603538 0,001027
габаритная 5,129899 0,003286
биатлонисты 2,296685 0,001471
александр 0,925206 0,003556
стефанос 2,564949 0,001643
а 0,209918 0,000269
тут 2,490841 0,003191
в 0,017911 0,000379
янг 3,743604 0,002398
и 0,023953 0,000215
джон 1,728701 0,001107
силы 2,296685 0,001471
к 0,132686 0,000170
показывать 2,644992 0,001694
м 0,534779 0,000343
о 0,042302 0,000244
с 0,036149 0,000417
коме 4,436752 0,002842
у 0,342407 0,000439
ф 1,728701 0,001107
авто 0,925206 0,001185
сезон 1,368699 0,001754
норвегии 1,728701 0,004430
звезд 2,185460 0,009800
относящихся 2,421849 0,001551
возможностей 3,050457 0,001954
я 0,853233 0,003280
вариант 1,994404 0,001278
футбол 0,285712 0,000549
дончича 5,129899 0,003286
регби 0,955511 0,000612
месси 2,239527 0,001435
большую 2,239527 0,001435
бруклин 2,421849 0,001551
моей 2,490841 0,001596
дэвиса 1,633391 0,001046
хабиб 2,421849 0,001551
миннесота 2,421849 0,003103
вагнер 4,031286 0,002583
вырвал 3,050457 0,001954
время 0,384967 0,000247
насредакцияконтакты 2,644992 0,001694
новгород 1,217876 0,000780
веселый 4,436752 0,002842
series 2,085376 0,001336
шавкат 2,644992 0,001694
придется 4,031286 0,002583
вляпался 4,436752 0,002842
новых 1,633391 0,001046
бабиков 2,644992 0,001694
сергей 1,392229 0,002676
бойцы 2,296685 0,001471
голден 2,357310 0,003020
василевский 2,564949 0,001643
обсуждать 3,520461 0,002255
майами 3,338139 0,002138
ига 2,644992 0,001694
ищет 4,031286 0,002583
соцсетях 1,466337 0,001879
справедливо 4,436752 0,002842
последнего 2,038856 0,001306
букера 5,129899 0,003286
василий 2,490841 0,001596
показать 0,825834 0,001587
мма 1,069456 0,001370
собираюсь 3,183989 0,002040
фрида 2,644992 0,001694
test 4,031286 0,005165
михайловского 4,436752 0,002842
fc 2,085376 0,001336
александер 2,357310 0,001510
куминга 4,031286 0,002583
гран 1,518981 0,002919
мне 1,871802 0,001199
карри 2,421849 0,004654
расклады 3,183989 0,002040
всех 0,652562 0,001254
салах 2,564949 0,001643
аккаунтах 4,436752 0,002842
японии 1,664163 0,001066
всей 1,871802 0,001199
видео 0,699082 0,000448
биатлон 0,534779 0,001028
объясняем 3,743604 0,002398
стэнли 2,185460 0,001400
грязь 5,129899 0,003286
лишь 1,159607 0,000743
оскар 2,357310 0,001510
выясняйте 3,338139 0,002138
gp 2,490841 0,001596
wrc 2,564949 0,001643
даллас 2,490841 0,003191
рейнджерс 2,038856 0,001306
сделок 4,436752 0,002842
основе 1,466337 0,000939
активности 3,520461 0,002255
любимую 2,932674 0,001879
среди 0,597299 0,000383
лиллард 5,129899 0,003286
motogp 2,644992 0,001694
москва 0,760451 0,000487
меня 1,518981 0,000973
остон 2,564949 0,001643
эмбиид 2,644992 0,001694
pitch 4,436752 0,002842
лохом 5,129899 0,003286
моя 2,185460 0,002800
фьюри 2,357310 0,001510
юниоров 1,728701 0,001107
джейсон 2,490841 0,001596
скандал 1,871802 0,002398
большой 1,069456 0,000685
эта 0,867219 0,000556
результаты 0,910391 0,000583
офф 1,019025 0,000653
большое 1,951845 0,001250
должен 1,122566 0,000719
крис 3,183989 0,004079
матча 1,002764 0,001927
хочу 2,421849 0,003103
виктория 2,185460 0,001400
фрэнсис 2,564949 0,001643
проводят 2,421849 0,001551
предоставления 2,490841 0,001596
матчи 0,773190 0,001486
dog 2,564949 0,001643
мартин 2,085376 0,001336
реал 1,492313 0,000956
сливко 2,564949 0,001643
чем 0,747872 0,002395
матче 0,747872 0,002395
даниил 1,834062 0,002350
движухе 5,129899 0,003286
действиями 3,520461 0,002255
возможно 1,664163 0,001066
вчера 1,518981 0,001946
был 0,663991 0,000851
бетербиев 2,421849 0,001551
раньше 2,038856 0,002612
опытная 5,129899 0,003286
ламин 2,490841 0,001596
это 0,277868 0,001246
эту 1,492313 0,000956
станет 1,911023 0,001224
джей 4,031286 0,002583
лука 1,198073 0,000768
два 0,760451 0,000487
кон 4,031286 0,002583
надеюсь 3,338139 0,002138
бэй 2,490841 0,001596
михаил 1,392229 0,001784
юбилейном 4,436752 0,002842
надаль 2,564949 0,001643
уэстбрука 5,129899 0,003286
брат 3,183989 0,002040
пошел 4,436752 0,002842
новости 0,301585 0,001352
стефен 2,564949 0,001643
симен 2,644992 0,001694
старт 1,416327 0,000907
анджелес 1,834062 0,001175
особо 3,050457 0,001954
питтсбург 2,421849 0,001551
данков 4,031286 0,002583
пользовательское 2,185460 0,001400
новом 1,994404 0,002555
защите 2,932674 0,001879
восстановление 2,732003 0,001750
вернулся 1,911023 0,001224
шварцман 2,644992 0,001694
супербоуле 5,129899 0,003286
анализа 2,421849 0,001551
былом 5,129899 0,003286
артемий 2,421849 0,001551
буквы 3,338139 0,002138
первым 1,238078 0,000793
ошибку 1,834062 0,001175
трибуна 2,490841 0,006383
самаре 3,743604 0,002398
действие 2,644992 0,001694
пятерке 4,436752 0,002842
действий 2,357310 0,001510
животу 3,743604 0,002398
самоделкина 2,564949 0,001643
игры 0,376309 0,000482
джоэл 2,644992 0,001694
самара 2,490841 0,001596
соболенко 2,357310 0,001510
джейлен 5,129899 0,009859
февраля 0,232059 0,002676
мхл 1,603538 0,001027
игру 1,466337 0,001879
минут 1,258698 0,000806
германии 1,323236 0,003391
антонио 3,050457 0,005863
вспоминают 5,129899 0,003286
яннис 2,564949 0,003286
тогда 1,466337 0,000939
таунс 5,129899 0,003286
деятельности 1,871802 0,001199
возвращения 2,644992 0,001694
клэбо 2,644992 0,001694
мбаппе 2,239527 0,001435
леброн 2,564949 0,004929
марта 0,881403 0,000565
туктамышева 2,490841 0,001596
хаас 2,564949 0,001643
протащили 5,129899 0,003286
титул 1,603538 0,002055
никс 4,031286 0,002583
усик 2,296685 0,001471
срок 2,085376 0,001336
sports 1,301257 0,002501
фанату 4,436752 0,002842
моргунов 4,031286 0,002583
компании 1,301257 0,000834
планирует 3,183989 0,002040
технологии 1,574551 0,002017
неделю 2,038856 0,001306
пора 2,827314 0,001811
неделя 3,050457 0,001954
самый 1,416327 0,000907
недель 2,085376 0,001336
вершине 3,743604 0,002398
джа 2,644992 0,001694
тоже 1,911023 0,001224
кулачные 2,564949 0,001643
лента 1,633391 0,002093
ханна 2,564949 0,001643
ак 1,695912 0,001086
твиттера 4,436752 0,002842
уильямс 2,357310 0,001510
замучили 3,183989 0,002040
борьбе 1,603538 0,001027
сан 2,085376 0,004008
сборная 0,711058 0,011843
джереми 3,520461 0,002255
сохан 4,436752 0,002842
би 3,183989 0,002040
циципас 2,134166 0,001367
бо 2,185460 0,001400
джонатан 3,520461 0,002255
йонна 2,421849 0,001551
сами 2,644992 0,001694
козин 4,436752 0,002842
бы 1,052361 0,000674
приложения 2,185460 0,002800
восходящих 3,520461 0,004511
наши 1,323236 0,000848
кхл 0,760451 0,000487
россии 0,160085 0,001538
алонсо 2,421849 0,001551
ru 0,285712 0,000549
кубок 0,524729 0,003698
старкрафт 5,129899 0,003286
во 0,495170 0,000634
третий 1,416327 0,000907
уорриорз 2,490841 0,001596
жаль 3,743604 0,002398
уже 0,687247 0,000881
финансовую 5,129899 0,003286
рублев 2,296685 0,001471
лидеры 2,085376 0,002672
беллингем 2,644992 0,001694
ватутин 4,436752 0,005684
остаток 3,338139 0,002138
вы 0,325878 0,000418
барселона 1,834062 0,001175
зарплаты 2,239527 0,004304
лидирует 3,183989 0,002040
мэттьюс 2,644992 0,001694
турниры 0,895792 0,004591
ждут 3,520461 0,002255
которую 1,728701 0,001107
бахчешехиром 5,129899 0,003286
store 2,490841 0,001596
рекорд 1,198073 0,000768
виктор 1,574551 0,001009
серохвостов 2,644992 0,001694
барселоны 2,827314 0,001811
пари 1,301257 0,002501
медиафутбол 2,564949 0,001643
софья 2,564949 0,001643
чтобы 0,773190 0,000495
забвенный 5,129899 0,003286
ibu 2,239527 0,001435
здесь 1,911023 0,002448
плей 1,002764 0,000642
open 1,871802 0,003597
де 0,955511 0,000612
еврокубок 2,296685 0,001471
кириленко 3,743604 0,007195
перед 0,839439 0,001076
двухлетний 3,520461 0,002255
турнира 0,839439 0,000538
детройт 3,520461 0,004511
трусова 2,644992 0,001694
кристина 2,421849 0,001551
рождения 1,664163 0,002132
другое 1,834062 0,001175
мирра 2,357310 0,001510
перес 2,357310 0,001510
форварда 2,357310 0,001510
us 2,038856 0,001306
подойдет 4,436752 0,002842
пьер 2,134166 0,001367
баскетбольные 4,031286 0,002583
баскетбол 0,773190 0,002972
цифр 4,436752 0,002842
пунктам 5,129899 0,003286
праздник 3,338139 0,004277
встречается 3,050457 0,001954
кубка 0,825834 0,000529
тейтум 2,564949 0,001643
сидни 2,296685 0,001471
для 0,146292 0,000187
support 2,490841 0,001596
выберите 2,239527 0,002869
вид 1,104547 0,000708
пропустит 3,338139 0,002138
кондратюк 2,644992 0,001694
же 0,925206 0,001185
mma 2,038856 0,001306
сайнс 2,564949 0,001643
эпохой 4,436752 0,002842
блокшотов 5,129899 0,003286
перехватов 5,129899 0,003286
за 0,125952 0,000807
малкин 2,564949 0,001643
фенербахче 3,520461 0,002255
щербакова 2,644992 0,001694
дни 2,490841 0,001596
рейтинг 0,565551 0,000362
чемпионства 3,183989 0,002040
бивол 2,421849 0,001551
было 0,438551 0,000843
энтони 2,038856 0,002612
подробнее 0,723179 0,000463
показатель 2,644992 0,001694
милуоки 2,490841 0,001596
пользователей 2,038856 0,001306
летием 3,520461 0,002255
плющенко 2,239527 0,001435
теннисисты 2,421849 0,001551
чемпионство 2,357310 0,001510
дню 3,743604 0,002398
дня 1,104547 0,000708
перейра 2,490841 0,001596
логинов 2,644992 0,001694
петросян 1,441019 0,000923
из 0,106018 0,000340
играют 1,728701 0,001107
роналду 1,911023 0,001224
гонщики 2,564949 0,001643
ит 2,564949 0,001643
нба 1,546380 0,024766
над 0,986764 0,000632
компаниипромокоды 2,644992 0,001694
тайсон 2,421849 0,001551
домой 2,932674 0,001879
спартак 0,786093 0,001007
хоккей 0,376309 0,000723
егор 2,085376 0,001336
нам 1,797694 0,001152
мелли 5,129899 0,006573
вgoogle 2,644992 0,001694
бобровский 2,644992 0,001694
ска 1,279751 0,000820
здоровье 1,664163 0,001066
николо 4,031286 0,002583
своими 2,644992 0,001694
серия 1,052361 0,000674
ски 1,069456 0,000685
цска 0,711058 0,002278
овечкин 1,762603 0,001129
романтизма 5,129899 0,003286
ко 2,421849 0,001551
суперлига 1,574551 0,001009
турции 2,185460 0,001400
которые 0,760451 0,000487
ступак 2,644992 0,001694
атланта 2,932674 0,001879
который 0,799165 0,000512
клуба 1,178655 0,000755
планы 3,050457 0,001954
клубы 1,392229 0,000892
тяжелого 5,129899 0,003286
брансон 5,129899 0,003286
ла 1,762603 0,001129
книппел 4,436752 0,002842
ле 2,038856 0,001306
камила 2,357310 0,001510
никола 2,085376 0,001336
эстетику 5,129899 0,003286
ли 1,198073 0,000768
совладелец 4,031286 0,002583
находящихся 2,185460 0,001400
поздравил 3,338139 0,002138
норрис 2,421849 0,001551
четверть 3,743604 0,002398
вrustore 2,644992 0,001694
резцова 2,421849 0,001551
сити 1,546380 0,000991
сбора 2,296685 0,001471
конор 2,421849 0,001551
рассмотрел 5,129899 0,003286
мг 2,296685 0,001471
гилджес 2,644992 0,001694
которыми 2,732003 0,001750
рафаэль 2,357310 0,001510
гарлэнд 5,129899 0,003286
собой 1,279751 0,000820
шарль 2,421849 0,001551
бостон 2,357310 0,001510
количеству 1,574551 0,003026
мы 0,925206 0,002371
мю 2,296685 0,001471
разрешение 4,031286 0,002583
действительно 2,644992 0,001694
на 0,023953 0,000353
махачев 2,134166 0,001367
анна 1,797694 0,001152
капризов 2,564949 0,001643
не 0,099461 0,001019
левандовски 2,644992 0,001694
каждый 1,392229 0,000892
онлайн 0,773190 0,000495
феррари 2,490841 0,001596
нн 2,564949 0,003286
проблем 2,490841 0,001596
переживали 4,031286 0,002583
но 0,402511 0,000774
пожертвовали 5,129899 0,003286
ирвинг 2,490841 0,003191
контрольные 2,644992 0,001694
кучеров 2,357310 0,001510
об 0,217244 0,000418
отдали 3,338139 0,002138
нет 0,825834 0,000529
мужчины 1,019025 0,005875
он 0,534779 0,000685
произойдет 4,436752 0,002842
году 0,630089 0,000404
от 0,160085 0,000205
вappgallery 2,644992 0,001694
статистика 0,652562 0,002090
бокс 0,576022 0,000738
контактные 3,743604 0,002398
официальные 1,574551 0,001009
тоскуем 5,129899 0,003286
сведений 2,239527 0,001435
все 0,125952 0,000403
алькарас 2,134166 0,001367
challenger 2,490841 0,001596
проиграли 2,421849 0,001551
по 0,073653 0,000283
информации 1,518981 0,000973
помогли 3,520461 0,002255
сведения 0,812411 0,000520
выпуск 2,827314 0,001811
mvp 3,743604 0,002398
оберг 2,644992 0,001694
коновалов 3,520461 0,002255
миллером 5,129899 0,003286
втб 1,834062 0,008224
рб 2,357310 0,001510
селтикс 2,421849 0,001551
маккиннон 2,239527 0,001435
какой 1,911023 0,002448
видов 1,392229 0,000892
