метро 3,520461 0,000452
леонид 2,732003 0,000701
вениамин 4,031286 0,002070
шайбы 2,827314 0,000726
бронзовыми 2,932674 0,000376
девять 2,296685 0,000295
день 0,760451 0,000098
медалями 2,644992 0,000339
заполнялись 5,129899 0,000658
найти 2,085376 0,000268
экспорт 0,986764 0,000127
вышедшим 4,436752 0,000569
паюлахти 5,129899 0,000658
учреждения 4,031286 0,000517
локаутом 5,129899 0,000658
играх 0,699082 0,000359
адмирал 3,050457 0,000392
обыгрывает 4,436752 0,000569
целом 1,994404 0,000256
домашнюю 3,743604 0,000481
tatarça 1,392229 0,000179
раскол 3,520461 0,000452
играл 1,762603 0,000226
укрепил 4,436752 0,000569
energy 4,031286 0,000517
нуждается 2,932674 0,000376
коваленко 4,031286 0,002070
заявление 0,867219 0,000111
создана 1,834062 0,000235
рассматривались 5,129899 0,000658
множество 2,038856 0,000262
драфте 4,031286 0,001035
десятилетия 2,644992 0,000679
старостенко 5,129899 0,000658
основан 1,871802 0,000481
hockeyades 5,129899 0,000658
десятилетие 3,183989 0,001226
čeština 1,035554 0,000133
поставили 2,932674 0,000376
затаив 5,129899 0,000658
серебряные 2,239527 0,000287
финала 1,104547 0,001701
колкунова 5,129899 0,000658
брызгалов 5,129899 0,000658
занимает 2,185460 0,000281
серебряный 1,994404 0,000512
аншаков 5,129899 0,000658
назвав 4,436752 0,000569
серебряным 3,520461 0,000452
викисклад 1,035554 0,000266
стягов 5,129899 0,002634
металлург 1,994404 0,001792
ложами 5,129899 0,000658
владелец 2,732003 0,000351
жердева 5,129899 0,000658
положительных 5,129899 0,000658
вторым 1,911023 0,000981
дроздецкого 4,436752 0,000569
мастерству 4,031286 0,000517
slovenčina 1,069456 0,000137
юношеский 3,520461 0,000452
вторых 3,520461 0,000452
c 1,546380 0,000198
быстро 2,038856 0,000262
дмитрия 2,644992 0,000679
национальной 2,085376 0,000268
призёр 2,185460 0,001403
m 2,296685 0,000295
вторые 2,827314 0,000363
p 1,951845 0,000251
r 2,085376 0,000268
индивидуальные 2,134166 0,000274
имена 2,564949 0,000329
слепышев 5,129899 0,000658
w 0,955511 0,000123
x 1,279751 0,000164
андреянов 4,436752 0,001139
имени 1,951845 0,000501
роберт 2,185460 0,000281
финале 1,633391 0,001468
зревший 5,129899 0,000658
сборную 1,633391 0,000419
проекта 2,564949 0,000329
призы 2,827314 0,000363
спорту 2,038856 0,000262
кадровых 4,031286 0,000517
дмитрий 1,345709 0,001727
продолжали 2,932674 0,000376
кадровые 3,743604 0,000481
украину 3,183989 0,001226
бишь 5,129899 0,000658
псегодня 5,129899 0,000658
кадровым 5,129899 0,000658
использующие 1,633391 0,000210
незаконным 5,129899 0,001975
руководил 3,050457 0,000392
возглавил 2,732003 0,000701
овертайме 2,038856 0,000785
брендом 5,129899 0,000658
дроздецкий 4,436752 0,001139
быковым 5,129899 0,000658
спорта 0,342407 0,000220
подробности 2,421849 0,000311
следующем 1,951845 0,000501
июня 1,217876 0,001876
системе 0,867219 0,000445
клубом 1,994404 0,002304
хоккейного 2,564949 0,001317
середняках 5,129899 0,000658
могут 0,760451 0,000098
клубов 1,603538 0,000823
уверенно 2,490841 0,000320
база 1,871802 0,000240
постепенно 2,296685 0,000295
фирму 4,436752 0,000569
успехом 2,644992 0,000339
громкие 3,338139 0,000428
базе 2,932674 0,000376
быкова 4,436752 0,001708
очков 1,198073 0,000769
председатель 2,239527 0,000287
совет 1,994404 0,001280
проведённого 4,031286 0,000517
вылетел 3,183989 0,000409
денис 2,564949 0,001646
громких 3,520461 0,000452
несостоявшееся 4,436752 0,000569
бякин 5,129899 0,000658
чертой 3,743604 0,000481
легендами 5,129899 0,000658
минуты 1,871802 0,000240
дебютировала 3,743604 0,000481
локомотив 0,910391 0,001052
выход 1,574551 0,000202
обороны 4,436752 0,004556
генрих 3,520461 0,000904
последний 0,773190 0,000099
маек 4,436752 0,000569
авангарда 3,743604 0,000481
барсу 4,031286 0,001552
отставки 3,743604 0,001922
некоторые 1,416327 0,000182
составлявших 5,129899 0,000658
владимира 2,490841 0,001599
авангард 2,038856 0,001832
подмосковного 4,031286 0,000517
монреаль 2,932674 0,000376
июля 1,035554 0,001462
pdf 0,940244 0,000121
тренерском 4,031286 0,000517
описание 0,986764 0,000127
русского 2,564949 0,000329
цыганков 4,436752 0,000569
труда 3,338139 0,000857
игроков 1,238078 0,002701
летевших 5,129899 0,000658
июле 2,421849 0,000311
сражаются 4,436752 0,000569
выигрывали 3,183989 0,000409
противостояния 2,732003 0,000701
russia 3,050457 0,000783
подряд 1,258698 0,000485
иностранцев 3,338139 0,000428
самонов 5,129899 0,001317
задоров 5,129899 0,000658
есмантович 5,129899 0,001975
фастовский 5,129899 0,001975
приглашён 3,183989 0,000409
прибалтике 5,129899 0,000658
выдав 3,743604 0,000481
маккаев 5,129899 0,000658
сёмина 4,436752 0,000569
шестнадцать 4,031286 0,000517
конференции 2,421849 0,001865
секунд 1,994404 0,000256
кэшем 2,421849 0,000311
начальником 3,743604 0,001442
чемпионских 3,050457 0,000392
очку 4,031286 0,000517
армий 4,436752 0,000569
армии 2,932674 0,002259
вклад 0,971016 0,000125
конференция 2,644992 0,001018
выигрывая 5,129899 0,000658
текст 0,986764 0,000253
провели 2,085376 0,000803
ноября 0,971016 0,002867
архивная 1,633391 0,000210
провела 2,421849 0,000311
тому 1,664163 0,000214
хорошее 3,520461 0,000452
бабинов 5,129899 0,001317
чемпиона 1,466337 0,000376
гуренем 5,129899 0,000658
очка 1,574551 0,000404
перейти 0,867219 0,000223
армия 3,338139 0,001285
сезоне 1,466337 0,004893
армию 3,183989 0,000409
мкртычан 5,129899 0,001975
дацюк 4,436752 0,000569
золото 1,217876 0,000156
счёт 1,603538 0,000412
григорий 2,827314 0,001452
организовали 3,183989 0,000409
собственной 3,338139 0,000428
всячески 4,436752 0,000569
регулярного 3,183989 0,001226
пантюхов 5,129899 0,001317
организовала 3,520461 0,000452
чёрных 3,743604 0,000481
выигрывал 2,827314 0,000726
сезона 1,052361 0,002972
пучков 4,436752 0,001708
сформировалась 3,743604 0,000481
подготовке 2,085376 0,000535
площадкой 3,743604 0,000481
западной 2,732003 0,001052
спортсмен 1,466337 0,000188
золотым 4,031286 0,001035
versia 5,129899 0,001317
предпоследнее 4,436752 0,001139
ответственности 0,971016 0,000125
золотые 1,728701 0,000666
синие 2,932674 0,000376
федерального 2,932674 0,000376
бобров 4,031286 0,003105
его 0,447767 0,000287
ильдара 5,129899 0,000658
возглавили 4,436752 0,000569
шереметьев 5,129899 0,000658
только 0,447767 0,000115
разнице 3,338139 0,000428
поднятия 4,436752 0,001139
сезоны 2,296685 0,000590
php 0,986764 0,000127
береснева 5,129899 0,000658
противостоянии 3,338139 0,000428
последствиям 5,129899 0,000658
станции 3,520461 0,000452
окончания 2,085376 0,000268
синих 3,520461 0,000452
функциональной 5,129899 0,000658
претендентами 3,743604 0,000481
com 0,925206 0,000238
нхл 0,925206 0,001188
вадима 3,743604 0,000481
каждого 1,633391 0,000210
турнир 0,699082 0,000359
далеки 5,129899 0,000658
талантливые 5,129899 0,000658
мире 1,198073 0,000154
трагедии 5,129899 0,000658
лидирующие 3,338139 0,000428
мира 0,367725 0,000142
показательной 4,031286 0,000517
йокеритом 4,436752 0,000569
брюинз 4,436752 0,000569
директор 2,085376 0,001338
привить 5,129899 0,000658
вопросам 2,490841 0,000320
заболотский 5,129899 0,000658
штатная 5,129899 0,000658
риге 4,436752 0,000569
салфицки 5,129899 0,000658
младшего 3,743604 0,000481
когда 0,652562 0,000335
кауна 5,129899 0,000658
могли 1,664163 0,000214
предыдущие 3,338139 0,000428
вконтакте 1,911023 0,000245
тренерских 4,436752 0,000569
рига 3,743604 0,000481
вениаминович 5,129899 0,001975
могла 2,564949 0,000329
тренерский 2,185460 0,001122
годов 1,301257 0,000334
ребята 3,183989 0,000409
прославленный 5,129899 0,000658
чего 1,345709 0,000345
всухую 3,183989 0,000817
куки 0,971016 0,000125
могло 3,338139 0,000428
выигрывает 2,732003 0,000351
карьеру 1,518981 0,000195
синем 4,031286 0,000517
плотников 3,183989 0,000409
разрешено 2,490841 0,000320
светлаков 4,436752 0,001139
виталий 2,564949 0,000329
вмещать 5,129899 0,000658
звёздный 4,436752 0,000569
сильнейшем 4,436752 0,000569
попадания 2,827314 0,000363
сухи 4,436752 0,000569
слабым 4,436752 0,001708
чемпионы 1,871802 0,000481
капитан 1,871802 0,001201
международном 2,732003 0,000351
заполнить 3,050457 0,000392
семёнович 4,436752 0,000569
международной 1,345709 0,000345
против 0,747872 0,000192
другие 0,384967 0,000099
так 0,597299 0,000230
хоккейная 2,421849 0,002798
быков 3,520461 0,004970
федерация 1,002764 0,000129
другим 1,762603 0,000226
нового 1,574551 0,000606
салават 2,134166 0,001370
выстроим 5,129899 0,000658
общества 2,827314 0,000726
мини 2,185460 0,000281
других 0,853233 0,000438
состоянию 1,911023 0,001226
отстранена 4,031286 0,000517
источников 1,518981 0,000780
коммерческой 3,520461 0,000452
образом 1,546380 0,000595
отвага 5,129899 0,000658
championat 1,834062 0,000235
альметов 5,129899 0,001975
выступал 2,421849 0,000622
sport 1,122566 0,000576
федерации 0,663991 0,000085
обыграв 2,134166 0,000548
шаблоне 3,743604 0,000481
александров 3,520461 0,003615
океан 2,732003 0,000701
неэнциклопедичных 3,520461 0,000452
покотило 5,129899 0,000658
есть 0,812411 0,000104
вносимые 5,129899 0,000658
всеобуча 5,129899 0,001317
аренде 2,564949 0,000329
душаном 5,129899 0,000658
призывом 4,436752 0,000569
спорт 0,224624 0,000144
лутченко 5,129899 0,000658
утверждён 3,338139 0,000428
этом 0,565551 0,000145
иванович 3,520461 0,003163
обыграл 1,574551 0,000606
линии 1,951845 0,000251
национальные 1,695912 0,000435
этот 0,825834 0,000848
оллс 4,031286 0,001035
барыс 3,050457 0,000392
шокирует 5,129899 0,000658
главе 2,296685 0,000295
признанный 4,436752 0,000569
моисеев 4,436752 0,002278
легенду 5,129899 0,000658
известных 2,085376 0,000268
попов 3,183989 0,000817
бронзовый 2,038856 0,000785
тимирёв 5,129899 0,000658
основной 1,834062 0,000235
приватизировали 5,129899 0,000658
красногорске 5,129899 0,001317
александром 3,183989 0,000817
основном 1,951845 0,000251
показательная 4,436752 0,000569
учреждена 2,932674 0,000376
основное 2,134166 0,000548
cup 2,134166 0,000274
français 1,019025 0,000131
яковлевич 4,436752 0,000569
элемент 0,955511 0,000123
многом 2,732003 0,000351
спортивные 1,104547 0,000142
многолетние 4,436752 0,000569
выступлений 1,664163 0,000427
легенда 2,134166 0,000274
пантелеймонович 5,129899 0,000658
спортивный 1,301257 0,001169
игрок 1,258698 0,000485
сезонов 2,357310 0,000908
привнесли 5,129899 0,000658
щиток 4,436752 0,000569
мовсаров 5,129899 0,000658
чувилов 5,129899 0,000658
пожалуйста 1,633391 0,000419
всеволод 3,743604 0,002403
тихонов 3,050457 0,007831
тех 1,217876 0,000313
указанием 0,986764 0,000127
ниже 1,762603 0,000226
раиля 5,129899 0,000658
болельщиков 1,574551 0,000404
сапрыкиным 5,129899 0,000658
регулярный 2,932674 0,000376
распада 2,564949 0,000329
шувалов 5,129899 0,001317
нью 2,185460 0,000281
открытия 2,134166 0,000822
уезжаю 4,031286 0,000517
европы 0,524729 0,000135
тем 1,217876 0,001251
акционерного 5,129899 0,000658
регулярных 3,338139 0,000428
владимирович 3,743604 0,003844
поло 1,441019 0,000185
пребывание 5,129899 0,000658
легенд 3,050457 0,000783
без 0,466460 0,000778
питтсбургских 5,129899 0,000658
проводился 2,038856 0,000262
между 0,955511 0,000613
фетисова 4,436752 0,001139
руководству 3,183989 0,000409
принесли 3,050457 0,000392
руководство 1,603538 0,001029
абдухакович 5,129899 0,000658
соответствии 1,086847 0,000140
вынужденная 5,129899 0,000658
руководства 2,564949 0,000329
лисов 5,129899 0,000658
спортсмены 1,140915 0,000146
выигрывают 4,031286 0,000517
саморуков 5,129899 0,001317
первого 1,258698 0,000162
чёрный 2,932674 0,000376
иначе 1,834062 0,001648
оппв 4,436752 0,001139
сологубова 4,436752 0,000569
кассовия 5,129899 0,000658
завершилось 3,743604 0,000481
заседание 3,338139 0,000428
клуб 0,940244 0,003741
центральный 2,185460 0,001964
гинера 5,129899 0,001317
вырвался 5,129899 0,000658
подробностей 3,520461 0,000452
кроме 1,368699 0,000527
виде 1,368699 0,001230
олимпийского 1,603538 0,000206
армейцы 2,932674 0,003764
локомотиву 2,932674 0,000376
нижний 1,159607 0,000149
вошли 1,994404 0,000256
всегда 1,258698 0,000323
играющим 5,129899 0,000658
встречали 4,031286 0,000517
зернов 5,129899 0,001317
устанавливает 4,031286 0,000517
деньгам 5,129899 0,000658
оба 1,911023 0,000245
дмитриевич 3,743604 0,000961
цск 3,338139 0,002142
кодекс 0,971016 0,000125
впереди 2,421849 0,000311
заняли 2,134166 0,000274
прага 3,050457 0,000392
статьи 0,524729 0,001078
барабоша 5,129899 0,001317
заняла 1,951845 0,000752
заброшенных 4,436752 0,000569
военно 3,338139 0,000428
олег 1,951845 0,000501
тахир 4,436752 0,000569
преодолеть 3,520461 0,000452
хоккеисты 2,134166 0,000822
никита 1,603538 0,001029
статью 1,728701 0,001775
делами 4,031286 0,000517
если 0,675551 0,000087
культуре 2,296685 0,000295
статья 0,986764 0,000507
эмблемой 3,338139 0,000428
wikimedia 0,986764 0,000127
казанский 3,338139 0,000428
раздражителем 5,129899 0,000658
повод 3,743604 0,000481
канады 1,217876 0,000313
аббревиатура 3,743604 0,000481
градостроительно 5,129899 0,000658
бойко 4,436752 0,000569
выигрышную 4,436752 0,000569
шаблонами 1,664163 0,000214
исконный 4,436752 0,000569
агенты 4,436752 0,000569
фанатов 2,357310 0,000303
пингвинов 5,129899 0,001975
ελληνικά 1,086847 0,000140
финансирования 2,932674 0,000376
многие 1,728701 0,000222
язык 1,258698 0,000162
сводами 5,129899 0,000658
нём 1,911023 0,000245
преодолели 3,520461 0,000452
гражданина 5,129899 0,000658
похвал 5,129899 0,000658
зарождающийся 5,129899 0,000658
центрфорвард 5,129899 0,000658
imya 5,129899 0,000658
летней 2,564949 0,000329
проведённых 2,490841 0,000320
прочие 1,345709 0,000173
целей 3,183989 0,000817
увековечивать 5,129899 0,000658
обладателями 2,932674 0,001129
новая 1,546380 0,000595
взял 2,185460 0,000561
содержит 2,732003 0,000351
андрея 2,732003 0,001052
георгиевич 4,031286 0,001552
пятницу 3,743604 0,000481
creative 0,986764 0,000127
выходил 3,338139 0,000428
право 1,603538 0,000412
nederlands 1,019025 0,000131
наград 2,134166 0,000274
wayback 1,633391 0,000210
раза 1,834062 0,000235
стоял 4,031286 0,000517
права 1,518981 0,000390
тройной 3,338139 0,000857
увенчалась 5,129899 0,000658
максим 1,994404 0,001024
улучшите 2,490841 0,000639
критические 5,129899 0,000658
международный 1,258698 0,000323
андрей 1,323236 0,001698
башҡортса 1,518981 0,000195
матч 0,411400 0,000264
международные 1,238078 0,000318
несколькими 2,644992 0,000339
дубль 2,827314 0,000726
выживание 4,436752 0,001139
выиграли 1,518981 0,000195
призёров 2,564949 0,000329
динамо 0,663991 0,002472
состоялось 2,564949 0,001317
переиграв 3,743604 0,000481
семён 3,520461 0,000904
денисов 3,050457 0,000392
текущие 0,940244 0,000121
текущий 2,357310 0,001210
остались 2,644992 0,000339
кваша 4,436752 0,000569
сегодня 0,881403 0,000113
страна 1,633391 0,000629
вместо 1,633391 0,000629
входили 3,050457 0,000392
той 1,994404 0,000256
руководители 3,520461 0,000452
сразу 1,392229 0,000357
команд 1,178655 0,001815
создать 0,825834 0,000106
руководитель 2,644992 0,000339
страны 1,052361 0,001081
вместе 1,178655 0,000454
полноценным 3,743604 0,000481
выиграла 1,345709 0,000173
полуфинал 1,633391 0,000210
международных 1,492313 0,000192
гусаров 3,743604 0,000481
решений 3,050457 0,000392
десяти 2,564949 0,000329
жлуктов 5,129899 0,003292
финалист 2,421849 0,000933
trojka 5,129899 0,000658
дивизионе 2,564949 0,000988
решение 1,238078 0,000795
виктора 2,732003 0,001403
печать 0,986764 0,000127
новыми 2,932674 0,000376
придерживающихся 5,129899 0,000658
том 0,895792 0,000230
подвешенных 5,129899 0,000658
тоо 4,436752 0,000569
сергея 2,644992 0,001697
сергею 4,436752 0,001139
основная 1,323236 0,000340
васильева 5,129899 0,000658
обсуждение 0,881403 0,000226
организацию 2,564949 0,000329
тренера 1,546380 0,002382
высшую 3,183989 0,000409
попал 1,911023 0,000245
барс 1,695912 0,001741
экономике 4,436752 0,000569
делает 2,357310 0,000303
организации 0,812411 0,000104
товарный 0,986764 0,000127
три 0,786093 0,000404
почти 1,323236 0,000340
звезда 1,871802 0,000721
немчинова 5,129899 0,000658
дважды 1,574551 0,000202
решения 1,834062 0,000235
спартакиада 3,050457 0,000392
расформирован 3,743604 0,000481
всеволода 3,743604 0,000481
tacc 3,520461 0,000452
печати 0,955511 0,000123
владислав 2,185460 0,002805
мальгин 5,129899 0,000658
крупную 3,183989 0,000409
вячеславович 5,129899 0,000658
макаров 3,338139 0,002142
седов 4,436752 0,000569
достижения 1,695912 0,000653
площадка 2,421849 0,000311
аналогичные 3,743604 0,000481
руководить 3,183989 0,000409
площадке 2,085376 0,000268
sovsport 3,520461 0,000452
условий 0,881403 0,000113
кандидата 3,743604 0,000481
противоборствующих 4,436752 0,000569
соперниками 2,038856 0,000785
николишин 5,129899 0,001317
постановившей 5,129899 0,000658
петербургский 2,932674 0,000376
завершила 2,644992 0,000339
как 0,232059 0,000208
инициатива 4,436752 0,000569
хозяева 3,050457 0,000783
продержался 5,129899 0,000658
генерального 2,827314 0,002540
западная 3,338139 0,000857
ярких 3,338139 0,000428
отказались 3,050457 0,000392
ивана 4,436752 0,000569
следует 2,038856 0,000262
втором 1,695912 0,000218
серьёзно 3,050457 0,000392
дошла 2,932674 0,000376
соотношение 3,520461 0,000452
алексеев 5,129899 0,000658
коррективы 3,520461 0,000452
попала 2,732003 0,000351
захаркин 4,436752 0,002278
проводит 2,038856 0,000262
финансирование 3,183989 0,000409
изменяет 4,436752 0,000569
третье 1,603538 0,000206
одноматчевый 5,129899 0,000658
домашняя 2,564949 0,001317
клим 5,129899 0,000658
второе 1,603538 0,000206
тренеры 1,911023 0,001962
второй 0,786093 0,000605
условия 0,411400 0,000106
термина 1,695912 0,000218
получила 1,728701 0,000444
шайб 2,490841 0,000639
dansk 1,069456 0,000137
костин 4,031286 0,001035
ещё 0,420369 0,000432
советник 4,031286 0,000517
коллектива 4,436752 0,001139
приняло 2,732003 0,000701
эпоху 3,520461 0,000904
приняли 1,633391 0,000210
попутно 4,436752 0,000569
успех 2,564949 0,000329
раскачать 4,436752 0,000569
петербург 1,633391 0,000210
менее 1,258698 0,000323
пришлось 2,296685 0,000295
игоревич 5,129899 0,000658
беларуская 1,069456 0,000137
именуясь 5,129899 0,000658
наблюдательный 3,520461 0,001807
первой 1,019025 0,000131
давыдова 4,031286 0,000517
конфликт 2,357310 0,000908
продвигаться 5,129899 0,000658
первом 1,052361 0,001216
выполнены 4,031286 0,000517
тройного 5,129899 0,000658
а 0,209918 0,000566
в 0,017911 0,000802
катастрофическим 5,129899 0,000658
слован 3,743604 0,000961
д 0,895792 0,000230
георгий 2,490841 0,000320
е 0,867219 0,000668
кузькин 5,129899 0,001975
ж 2,644992 0,001697
и 0,023953 0,000455
джон 1,728701 0,000222
й 0,825834 0,007102
к 0,132686 0,000187
велоспорт 1,178655 0,000151
м 0,534779 0,001304
футбольную 3,338139 0,000428
н 0,895792 0,000230
о 0,042302 0,000092
прекратилось 4,436752 0,000569
санкт 1,279751 0,000329
п 1,086847 0,000419
мотивировал 5,129899 0,000658
с 0,036149 0,000357
она 0,825834 0,000742
побороться 4,031286 0,000517
т 1,368699 0,000176
у 0,342407 0,000220
раскололся 5,129899 0,000658
течение 1,238078 0,000636
ш 3,743604 0,000961
скачать 0,895792 0,000230
сезон 1,368699 0,002108
они 0,760451 0,000098
э 2,296685 0,000295
именные 4,436752 0,002847
ю 1,834062 0,000471
я 0,853233 0,000110
вторжения 3,338139 0,001285
каменский 5,129899 0,001975
футбол 0,285712 0,000183
вооружённых 3,183989 0,002043
структуре 3,743604 0,000481
приходил 5,129899 0,000658
allhockey 4,031286 0,000517
каунасе 5,129899 0,000658
копия 1,574551 0,000202
эберт 5,129899 0,001317
матчами 3,520461 0,000452
атлетику 3,743604 0,000481
запоздалая 5,129899 0,000658
ооо 1,871802 0,000240
тршинец 5,129899 0,000658
алфавиту 1,159607 0,000298
петербурга 2,732003 0,000351
существование 2,644992 0,000339
причём 1,951845 0,000251
представились 0,986764 0,000127
структуры 2,644992 0,000339
сергей 1,392229 0,004110
именных 5,129899 0,001975
василия 3,743604 0,000481
город 1,871802 0,000240
григорьевич 4,031286 0,001552
беличенко 5,129899 0,000658
неэнциклопедическим 2,932674 0,000753
тройка 5,129899 0,000658
получивший 2,564949 0,000329
вице 2,134166 0,000822
звене 5,129899 0,000658
скандалом 3,338139 0,000428
лигах 3,338139 0,000428
зыков 4,031286 0,000517
последнего 2,038856 0,000262
скандалов 3,743604 0,000961
поймы 5,129899 0,001317
блистала 5,129899 0,000658
американцы 2,932674 0,000376
пляжный 1,728701 0,000222
удалена 2,038856 0,001832
сдал 4,436752 0,000569
сумме 1,994404 0,000256
армейском 5,129899 0,000658
армейской 5,129899 0,000658
юлаев 2,185460 0,001403
армейское 4,436752 0,000569
мест 1,951845 0,000251
делают 2,564949 0,000329
гомоляко 5,129899 0,000658
тандем 4,436752 0,000569
фефелов 5,129899 0,000658
сумма 2,357310 0,000303
наибольшее 2,085376 0,000535
опять 2,732003 0,000351
армейцами 3,743604 0,000481
предварительного 3,183989 0,000409
непростые 5,129899 0,000658
йокерит 4,031286 0,002587
цвета 1,911023 0,000491
всех 0,652562 0,000084
революция 3,743604 0,000481
мужество 4,436752 0,000569
всей 1,871802 0,000240
цвете 3,743604 0,000481
title 0,986764 0,000380
всем 1,762603 0,000452
чехия 1,518981 0,000195
видео 0,699082 0,000090
михаила 2,732003 0,000701
времён 2,644992 0,000339
крашенинников 5,129899 0,000658
пожертвовать 0,986764 0,000127
играли 1,762603 0,000679
вымпелов 5,129899 0,001317
геннадий 2,644992 0,000339
помощи 2,296685 0,000295
играла 2,490841 0,000320
сносок 1,951845 0,001754
московским 2,644992 0,000339
приняла 2,644992 0,000339
московский 2,296685 0,000590
ссылка 0,786093 0,000202
нефтяная 4,436752 0,000569
московские 3,050457 0,000783
ссылки 0,839439 0,001401
эпоха 2,732003 0,001052
смог 1,994404 0,000256
раунд 2,134166 0,000274
своём 1,871802 0,000240
борис 2,564949 0,003621
бренд 3,338139 0,001285
непобедимости 5,129899 0,000658
хоккею 1,603538 0,001647
хоккея 2,239527 0,002300
зарекомендовал 4,436752 0,000569
середине 1,994404 0,000512
разиным 5,129899 0,000658
районе 3,338139 0,001285
заказывал 5,129899 0,000658
president 3,338139 0,000428
вторая 1,345709 0,000173
финансовом 5,129899 0,000658
остаться 3,183989 0,000409
финансовое 4,031286 0,000517
флайерз 4,436752 0,000569
каток 4,031286 0,000517
составители 5,129899 0,000658
военведа 5,129899 0,000658
москве 1,518981 0,000195
становится 1,664163 0,000214
разделами 1,951845 0,001253
москва 0,760451 0,002538
отдельных 0,986764 0,000127
сформировал 4,031286 0,001035
васильевич 3,520461 0,002711
началась 2,564949 0,000329
юниоров 1,728701 0,000666
находясь 2,932674 0,000376
самойлов 4,436752 0,000569
воспитанники 3,338139 0,000428
рынок 3,743604 0,000481
офф 1,019025 0,002485
результаты 0,910391 0,000234
бизнесом 5,129899 0,000658
деньги 1,994404 0,000256
фирсов 4,436752 0,001708
москвы 2,038856 0,001308
исповедь 4,436752 0,000569
силверберг 5,129899 0,000658
матчи 0,773190 0,000298
содержанием 2,827314 0,000726
торпедо 1,574551 0,000808
чем 0,747872 0,000096
матче 0,747872 0,000192
штаба 3,183989 0,000409
процентный 5,129899 0,000658
крышей 3,338139 0,000428
половина 3,050457 0,000392
разделе 1,728701 0,001553
развивался 4,436752 0,000569
установленный 3,338139 0,000428
холлоуэлл 5,129899 0,000658
создаётся 4,031286 0,001035
был 0,663991 0,001619
дикушин 5,129899 0,000658
результате 1,728701 0,000222
красная 1,994404 0,000768
войск 3,743604 0,000481
могильного 5,129899 0,000658
полтапов 5,129899 0,001317
сдавал 5,129899 0,000658
ждали 3,743604 0,000481
код 0,986764 0,004053
армейские 4,031286 0,000517
набрала 2,932674 0,000376
витязь 4,031286 0,001035
сформирован 3,743604 0,000481
набрали 2,827314 0,000363
андреем 3,520461 0,000452
коо 5,129899 0,000658
армейским 4,436752 0,000569
армейский 3,520461 0,002711
высшая 2,185460 0,000281
url 0,986764 0,000127
ссылок 1,911023 0,002453
армейских 3,520461 0,000452
дерби 2,357310 0,000908
мостике 5,129899 0,001317
михаил 1,392229 0,001430
емелеева 5,129899 0,000658
уехал 3,050457 0,000392
machine 1,633391 0,000210
отказа 3,743604 0,000481
раздела 2,644992 0,000339
сравнительно 4,031286 0,000517
михайловский 5,129899 0,000658
подтвердил 2,932674 0,000376
сентября 1,069456 0,006314
войти 0,735450 0,000094
старт 1,416327 0,000182
свердловска 5,129899 0,000658
спортивно 2,932674 0,000376
захаров 4,031286 0,000517
выступали 2,490841 0,000639
вышла 1,466337 0,000565
ковач 3,743604 0,000481
первых 1,518981 0,000390
стрелы 4,031286 0,000517
выступало 4,031286 0,000517
красно 2,490841 0,000639
защита 1,797694 0,000692
считать 2,421849 0,000311
неожиданное 3,743604 0,000481
объявлено 2,490841 0,000639
филип 4,031286 0,000517
филин 5,129899 0,000658
international 2,357310 0,000303
медалей 1,238078 0,000318
сосредоточиться 4,436752 0,000569
намеченных 5,129899 0,000658
обучения 2,732003 0,000351
основанные 2,827314 0,000363
шкотов 5,129899 0,000658
великова 5,129899 0,000658
играть 1,368699 0,000176
инструменты 0,986764 0,000253
ждать 2,732003 0,000351
феврале 2,038856 0,000262
павшинской 5,129899 0,000658
первым 1,238078 0,000636
данила 3,050457 0,000783
одолев 3,183989 0,000409
первые 0,971016 0,000374
обращения 0,925206 0,006294
tass 3,743604 0,000481
минск 1,834062 0,000235
первый 0,687247 0,000265
неудачно 2,732003 0,001052
внуку 5,129899 0,000658
пост 2,134166 0,000822
ковальчук 3,743604 0,000481
февраля 0,232059 0,000357
продолжил 2,827314 0,000726
славы 2,085376 0,000268
изображениями 4,436752 0,000569
михайлович 3,183989 0,002452
противников 3,520461 0,000452
пять 1,368699 0,000527
итог 2,732003 0,000351
главного 1,728701 0,002441
многофункционального 5,129899 0,000658
тихоновский 5,129899 0,000658
тогда 1,466337 0,000188
муфтиева 5,129899 0,000658
посту 2,827314 0,000726
вылета 2,827314 0,000363
рассматривало 5,129899 0,000658
деятельности 1,871802 0,000240
значения 1,416327 0,000364
высшей 2,421849 0,000311
посты 3,743604 0,000481
пяти 1,574551 0,000404
входившие 4,436752 0,000569
земельный 5,129899 0,000658
старший 2,644992 0,000339
пашнин 5,129899 0,000658
волков 3,050457 0,000783
автомобилиста 4,031286 0,000517
russkogo 5,129899 0,000658
крылатского 5,129899 0,000658
прохор 5,129899 0,000658
пальмы 5,129899 0,000658
материал 0,825834 0,000106
проверяема 2,038856 0,001832
недель 2,085376 0,000268
самым 1,392229 0,001072
продолжив 4,031286 0,000517
слава 3,338139 0,000428
молодёжной 2,827314 0,000363
директора 2,421849 0,001865
занимавший 3,338139 0,000857
самые 1,633391 0,000629
освоили 5,129899 0,000658
советов 1,217876 0,000469
грачёв 4,031286 0,000517
спартаку 2,732003 0,000351
стабильного 5,129899 0,000658
прозвища 2,932674 0,000376
ак 1,695912 0,002830
добавив 1,911023 0,001717
instagram 1,911023 0,000245
привычное 5,129899 0,000658
аргументировав 5,129899 0,000658
конкурентам 4,031286 0,000517
ввс 3,183989 0,002452
кубком 2,490841 0,000320
переезжает 4,436752 0,000569
янченко 5,129899 0,001317
навигация 0,986764 0,000253
яппаров 5,129899 0,001317
борьбе 1,603538 0,000412
закреплённые 4,031286 0,000517
борьба 1,002764 0,000129
штатной 4,436752 0,001139
барсом 3,743604 0,000961
министерства 3,050457 0,000392
навигации 0,986764 0,000127
захотел 3,743604 0,000481
сборная 0,711058 0,000183
подкрепление 5,129899 0,000658
правила 0,910391 0,000117
владельцем 3,050457 0,000783
джереми 3,520461 0,000452
установил 2,490841 0,000320
барановский 5,129899 0,001317
барановским 5,129899 0,001317
проигрыши 4,031286 0,001552
счётом 1,834062 0,001177
романов 3,338139 0,000428
пройдя 4,031286 0,001035
министерство 3,338139 0,000857
выкупил 4,031286 0,000517
владислава 4,031286 0,000517
можете 1,695912 0,001524
сами 2,644992 0,000339
спартака 1,633391 0,000839
сергеев 3,743604 0,000481
характер 2,732003 0,000351
бы 1,052361 0,000135
водное 1,492313 0,000192
блинов 4,031286 0,000517
hrvatski 1,052361 0,000135
олицетворением 5,129899 0,000658
вб 4,436752 0,001139
кхл 0,760451 0,001562
межсезонные 4,436752 0,001139
разыгрывали 3,183989 0,000409
привело 2,564949 0,000329
олимпия 3,338139 0,000428
аудио 1,951845 0,000251
государственная 3,743604 0,000481
кубок 0,524729 0,001549
всяких 5,129899 0,000658
во 0,495170 0,000636
вес 2,357310 0,000303
вс 3,183989 0,000409
дворца 4,031286 0,001552
уже 0,687247 0,000706
мозякина 5,129899 0,000658
лидеры 2,085376 0,001071
сайте 1,217876 0,000156
одержал 1,871802 0,000721
маркетинговую 5,129899 0,000658
вы 0,325878 0,000335
претерпела 3,183989 0,000409
распределённые 2,644992 0,000339
выступающий 3,183989 0,000409
фазы 4,436752 0,000569
гг 3,183989 0,000817
выступающие 3,743604 0,000481
подгруппы 4,031286 0,000517
итогам 1,603538 0,000823
горбунова 4,436752 0,000569
личной 3,520461 0,000452
макарович 5,129899 0,000658
энциклопедии 0,986764 0,000127
медвешчак 4,031286 0,000517
воробьёв 3,743604 0,001922
vallé 5,129899 0,000658
алексеевич 3,743604 0,000481
виктор 1,574551 0,004244
энциклопедия 2,239527 0,000287
associated 0,986764 0,000127
български 1,086847 0,000140
континента 3,050457 0,001566
да 1,911023 0,000245
плей 1,002764 0,002445
хозяевами 4,031286 0,000517
невероятном 4,436752 0,000569
автозаводская 4,436752 0,000569
размещены 4,436752 0,000569
шайбой 1,122566 0,000865
перед 0,839439 0,000646
сайт 0,773190 0,000198
возглавлял 3,183989 0,000817
до 0,239550 0,000553
волчкова 5,129899 0,001317
великий 3,338139 0,000428
михайлова 4,031286 0,000517
выбранные 5,129899 0,001317
холдинга 4,436752 0,000569
аффилированные 4,031286 0,001035
матвей 2,644992 0,000339
зарегистрированный 0,986764 0,000127
родословная 5,129899 0,000658
подгруппах 5,129899 0,000658
введена 3,183989 0,000409
сюда 0,986764 0,000127
специальной 2,421849 0,000311
двух 1,002764 0,001544
пал 5,129899 0,000658
взяли 2,732003 0,000351
цитировать 0,986764 0,000127
пронин 4,031286 0,000517
ей 1,834062 0,000235
баскетбольным 4,436752 0,000569
проведения 1,258698 0,000162
числе 1,546380 0,000198
сохраняя 4,031286 0,000517
баскетбол 0,773190 0,000198
попрад 3,743604 0,000481
очках 3,743604 0,000481
кубка 0,825834 0,002120
число 1,392229 0,000179
великих 2,932674 0,001129
рашит 5,129899 0,000658
кавалерия 5,129899 0,000658
вид 1,104547 0,000142
же 0,925206 0,001306
стяги 5,129899 0,004609
одобренные 5,129899 0,000658
isbn 1,633391 0,000419
тарасова 2,827314 0,002177
трудящихся 4,436752 0,000569
кубке 1,441019 0,000555
регулярке 3,743604 0,000481
тарасове 5,129899 0,000658
костяк 3,338139 0,000857
что 0,239550 0,000184
неподдельным 5,129899 0,000658
медали 0,971016 0,000499
разыгран 3,743604 0,000481
договор 2,564949 0,000329
мкртычевич 5,129899 0,000658
править 0,986764 0,008106
поставил 2,732003 0,000351
зайцев 3,338139 0,000857
за 0,125952 0,000420
именной 4,436752 0,002278
домашние 2,357310 0,000303
победил 1,279751 0,000164
увековечил 5,129899 0,000658
чемпионства 3,183989 0,000409
позиций 3,050457 0,000392
нестеров 5,129899 0,001317
позиции 1,871802 0,000240
пути 2,296685 0,000295
форме 2,085376 0,001874
было 0,438551 0,000281
подробнее 0,723179 0,000093
сторон 2,185460 0,000281
переименовывается 5,129899 0,001317
привилегии 4,436752 0,000569
были 0,799165 0,000821
несмотря 1,762603 0,000679
левый 2,564949 0,009218
советский 2,038856 0,000785
тысяч 1,762603 0,000226
считаются 2,357310 0,000303
была 0,652562 0,000419
августе 2,296685 0,000295
позицию 2,827314 0,000363
огромную 5,129899 0,000658
призёра 5,129899 0,001317
рэмович 5,129899 0,000658
из 0,106018 0,000503
настоящим 3,520461 0,000452
упорной 3,743604 0,000481
им 1,198073 0,000461
волчков 5,129899 0,001975
августа 1,052361 0,002837
ретт 5,129899 0,000658
члены 2,421849 0,000311
слепцов 5,129899 0,000658
их 0,799165 0,000103
скрытые 1,122566 0,000144
никому 2,732003 0,000351
формы 1,834062 0,000235
омского 4,436752 0,000569
андреевич 4,031286 0,000517
разве 3,520461 0,000452
составляли 3,183989 0,000817
games 2,038856 0,000262
хоккей 0,376309 0,000483
хоккее 2,038856 0,000262
первенства 1,951845 0,000752
большого 2,085376 0,000535
экспериментальным 4,436752 0,000569
чёрного 3,183989 0,000817
управления 2,644992 0,000339
харламов 3,338139 0,002142
серию 1,466337 0,000565
серия 1,052361 0,000135
воспитанников 3,743604 0,000481
перебираться 5,129899 0,000658
первенство 1,664163 0,000854
ежедневно 2,357310 0,000303
srpski 1,035554 0,000133
кг 2,185460 0,000281
канадцев 3,520461 0,000452
признали 3,183989 0,000409
домашней 2,421849 0,000311
серии 1,159607 0,000447
серий 3,183989 0,000409
является 1,086847 0,000140
октября 1,086847 0,002232
клубе 1,951845 0,001253
foundation 0,986764 0,000127
николаевич 3,183989 0,000817
клуба 1,178655 0,004085
футбольных 2,038856 0,000262
шуплер 5,129899 0,002634
шаги 4,031286 0,001035
находились 2,827314 0,000363
клубы 1,392229 0,001966
радулов 4,031286 0,000517
участок 3,743604 0,000481
лётчиков 5,129899 0,000658
клубу 2,239527 0,000287
крылья 1,258698 0,000323
следующие 1,834062 0,000235
hockey 3,183989 0,006130
друзья 3,520461 0,000452
спортивная 1,159607 0,000149
одержали 2,421849 0,000311
выделялись 4,031286 0,000517
facebook 1,994404 0,000256
президент 1,416327 0,001636
юлиус 5,129899 0,001317
одержала 2,134166 0,000548
типам 2,732003 0,000351
классика 3,050457 0,000392
한국어 1,035554 0,000133
незнакомым 5,129899 0,000658
иван 1,951845 0,002505
собой 1,279751 0,000164
место 0,597299 0,001073
мн 2,490841 0,000320
мо 2,932674 0,002259
побед 1,301257 0,000668
авдеев 5,129899 0,000658
побег 5,129899 0,000658
принятию 5,129899 0,000658
развитию 2,134166 0,000274
макарова 4,031286 0,000517
бостон 2,357310 0,000303
лучшего 2,421849 0,000311
шлагбаумом 5,129899 0,000658
бабенко 3,743604 0,000481
сборной 0,825834 0,000424
мы 0,925206 0,000119
дроздов 4,031286 0,001035
участие 0,597299 0,000153
московское 2,564949 0,000988
океана 4,031286 0,000517
на 0,023953 0,000295
победила 1,762603 0,000226
макарову 5,129899 0,000658
молодёжная 2,490841 0,000320
не 0,099461 0,000536
каждый 1,392229 0,000357
безусловно 4,436752 0,000569
незавершёнными 3,338139 0,000857
ни 1,603538 0,000617
ссылками 1,159607 0,000149
каждым 2,564949 0,000329
канадиенс 4,031286 0,000517
выдали 3,520461 0,000452
проблем 2,490841 0,000639
но 0,402511 0,000362
финансовых 3,338139 0,000428
нп 3,520461 0,000452
раздел 2,296685 0,000590
устаревших 3,520461 0,000452
категория 1,546380 0,000198
шпенглера 4,031286 0,000517
разделяется 3,743604 0,000481
уровне 1,695912 0,000218
magyar 1,086847 0,000140
шепель 5,129899 0,000658
нами 0,853233 0,000110
завоевала 1,695912 0,000435
об 0,217244 0,000084
владимир 1,546380 0,002580
финансовый 3,050457 0,000392
одинаковое 3,050457 0,000392
награды 1,728701 0,000222
продолжительность 2,490841 0,000320
советской 2,827314 0,000726
считался 3,338139 0,000428
подняли 3,338139 0,000428
завоевали 2,038856 0,000262
справка 0,986764 0,000127
именоваться 4,436752 0,000569
месте 1,492313 0,000766
он 0,534779 0,000069
категории 0,986764 0,000253
от 0,160085 0,000308
начислять 4,031286 0,000517
форум 0,881403 0,000113
названием 1,871802 0,000240
официальный 1,104547 0,000284
бокс 0,576022 0,000074
вечного 5,129899 0,000658
недоступная 2,357310 0,000303
локтева 5,129899 0,000658
армейскую 5,129899 0,000658
пб 4,436752 0,001139
годах 1,492313 0,000575
все 0,125952 0,000113
википедия 0,986764 0,002153
оказалась 2,732003 0,000351
кандидатуры 4,031286 0,000517
городе 1,994404 0,000256
рухнул 4,436752 0,000569
по 0,073653 0,000529
официальных 1,664163 0,000214
inc 0,986764 0,000127
охотюк 5,129899 0,001317
воронков 5,129899 0,000658
трегубов 5,129899 0,001975
сведения 0,812411 0,000104
выигравшим 3,743604 0,000481
português 1,035554 0,000133
telegram 2,357310 0,000303
круг 1,951845 0,000251
промежутка 4,436752 0,000569
молодежки 5,129899 0,000658
скоро 2,827314 0,000363
вся 2,564949 0,000329
открыл 2,932674 0,000376
всё 1,159607 0,000298
вничью 1,797694 0,000231
видом 1,871802 0,000240
сообщество 0,986764 0,000253
википедии 0,986764 0,000253
неонацистских 5,129899 0,000658
примером 4,436752 0,000569
участия 1,633391 0,000419
уфа 2,239527 0,000287
выиграв 2,296685 0,001179
встал 3,338139 0,000428
рс 4,436752 0,001139
рф 1,871802 0,000721
формированию 4,436752 0,000569
лев 2,932674 0,001129
лед 2,732003 0,000351
этому 1,728701 0,000222
фетисов 3,743604 0,006727
газета 1,633391 0,000210
батальону 5,129899 0,000658
стан 4,031286 0,000517
стал 0,586604 0,001054
полетел 5,129899 0,000658
великую 5,129899 0,000658
указан 1,301257 0,000334
голам 3,338139 0,000428
лдс 4,436752 0,005125
выиграл 1,178655 0,000908
см 0,955511 0,001472
селекцию 4,436752 0,000569
став 2,296685 0,000590
героям 5,129899 0,000658
日本語 1,035554 0,000133
со 0,447767 0,000977
акционером 4,436752 0,000569
новобранцами 5,129899 0,000658
центр 0,881403 0,000113
включении 4,436752 0,000569
вратаря 1,834062 0,000471
стиле 2,932674 0,000376
одну 1,762603 0,000226
декабря 0,881403 0,001697
вратарь 1,728701 0,000222
йорк 2,644992 0,000339
содержимое 3,520461 0,000452
slovenščina 1,345709 0,000173
под 0,723179 0,001578
батальона 5,129899 0,000658
таким 1,664163 0,000641
неоднократно 2,421849 0,000311
князем 5,129899 0,000658
одни 2,644992 0,000339
утверждениями 2,134166 0,000274
твёрдо 5,129899 0,000658
человек 1,178655 0,000151
те 1,834062 0,000235
хомицкого 5,129899 0,000658
одна 1,392229 0,000179
трёхлетнюю 5,129899 0,000658
альтернативной 4,031286 0,000517
содержание 0,971016 0,000249
фото 0,799165 0,000103
eesti 1,069456 0,000137
оптимальной 4,436752 0,000569
вратари 2,644992 0,000339
благодарен 3,743604 0,000481
лет 0,475938 0,002321
взглядов 4,031286 0,000517
руди 5,129899 0,000658
учреждённую 5,129899 0,000658
то 0,652562 0,000335
воробьёва 4,436752 0,001139
сложности 2,134166 0,000274
разрушив 5,129899 0,000658
петраков 4,436752 0,000569
оказалось 2,564949 0,000329
ту 3,050457 0,000392
структур 3,743604 0,000481
траханова 5,129899 0,000658
горький 4,436752 0,000569
матчах 1,574551 0,000808
давлетович 5,129899 0,001317
юрзинова 5,129899 0,001317
никитин 4,031286 0,003622
главные 1,086847 0,000419
запас 3,743604 0,000481
посвящённой 4,436752 0,000569
бэндийную 5,129899 0,000658
капитаны 2,827314 0,000363
своды 5,129899 0,002634
социальных 1,871802 0,000481
пор 1,574551 0,000404
стеценко 5,129899 0,000658
автомобилист 2,932674 0,000376
конфиденциальности 0,317714 0,000041
связи 1,159607 0,000298
фёдоров 3,338139 0,002571
победный 2,644992 0,000339
вхл 1,664163 0,000427
наружу 3,743604 0,000481
своей 1,002764 0,000901
wikipedia 0,986764 0,000253
побеждали 3,743604 0,000481
длинном 4,436752 0,000569
преимущественно 2,490841 0,000639
буре 5,129899 0,002634
отредактировать 2,038856 0,001832
дивизионом 5,129899 0,000658
мнёвниковской 5,129899 0,000658
при 0,367725 0,000094
конкурентов 2,932674 0,001129
сегодняшний 4,031286 0,000517
защитники 2,564949 0,000329
летом 2,185460 0,000561
главным 1,633391 0,002097
иванов 2,357310 0,000605
филадельфия 2,357310 0,000303
юрьевич 3,743604 0,000961
викиновости 1,238078 0,000159
фк 1,951845 0,000251
главный 1,035554 0,001196
ситуация 2,357310 0,000303
главных 1,994404 0,000512
сообразно 5,129899 0,000658
также 0,663991 0,001278
одной 1,238078 0,000477
одном 1,603538 0,000412
уступили 2,421849 0,000622
разработчики 0,986764 0,000127
траве 1,466337 0,000188
земельная 5,129899 0,000658
снова 1,574551 0,000404
раскатку 5,129899 0,001317
худайнатов 5,129899 0,001317
зал 2,239527 0,000287
хк 2,827314 0,009798
пополнил 2,932674 0,000376
наконец 2,296685 0,000295
вратарём 2,644992 0,000339
увёл 4,436752 0,000569
встреч 2,421849 0,000311
изменений 2,296685 0,000295
уступила 2,085376 0,000803
правки 0,986764 0,000253
конькова 4,436752 0,000569
васильев 2,932674 0,000376
чистова 5,129899 0,000658
серьёзным 4,031286 0,000517
пытался 2,827314 0,000363
вдобавок 4,436752 0,000569
викулов 5,129899 0,001317
сыграл 1,951845 0,000251
берёт 2,932674 0,000376
состоящему 5,129899 0,000658
летию 3,743604 0,000481
однако 1,069456 0,001922
серьёзные 2,644992 0,001018
подписали 2,932674 0,000753
себя 0,940244 0,000362
победу 0,910391 0,000701
манёвр 4,436752 0,000569
южной 1,797694 0,000231
ударном 5,129899 0,000658
безденежье 5,129899 0,000658
командам 2,827314 0,000363
отказался 2,296685 0,000295
проектах 0,986764 0,000127
победы 0,971016 0,000499
символы 3,520461 0,000452
вывешены 5,129899 0,000658
закончила 3,050457 0,000392
отказ 0,910391 0,000117
якоб 4,436752 0,000569
артём 2,357310 0,001210
сохранением 0,986764 0,000127
очищаемым 2,421849 0,000311
считалось 3,743604 0,000961
получил 1,002764 0,000129
авиакатастрофа 5,129899 0,000658
нападения 3,050457 0,000392
поддержка 2,827314 0,000726
один 0,711058 0,000091
любителей 1,762603 0,000226
ближайшие 3,050457 0,000392
ставших 4,436752 0,000569
uvekovechil 5,129899 0,000658
построением 4,436752 0,000569
ставший 2,239527 0,000575
провёл 2,134166 0,001644
итогов 2,827314 0,000363
физической 1,664163 0,000427
персонал 3,050457 0,000392
авторитетные 2,038856 0,001832
должность 2,564949 0,000988
каунасским 5,129899 0,000658
всеми 2,732003 0,000351
майки 4,031286 0,000517
участвовали 2,421849 0,000311
газеты 2,490841 0,000320
майке 4,031286 0,000517
немчинов 5,129899 0,002634
общего 3,183989 0,000409
сетях 1,871802 0,000481
трудом 3,050457 0,000392
формирование 3,743604 0,000481
прописку 5,129899 0,001317
химик 3,338139 0,000428
части 1,664163 0,000214
дойдя 4,436752 0,000569
изменения 1,728701 0,000666
получив 3,338139 0,000428
альмквист 5,129899 0,000658
способствовал 4,031286 0,000517
качества 2,644992 0,000339
пхк 4,436752 0,003986
итоговая 3,520461 0,000452
самая 1,911023 0,000245
качестве 1,574551 0,000404
укрепились 5,129899 0,000658
номер 1,994404 0,000256
пингвин 5,129899 0,000658
через 0,971016 0,000499
сечин 4,436752 0,001139
российской 1,178655 0,000303
замена 3,338139 0,000428
четвёртого 3,338139 0,000428
случайности 4,436752 0,000569
милославом 5,129899 0,000658
проиграл 1,633391 0,000629
команда 0,663991 0,002301
игроки 0,986764 0,001647
самсонов 3,743604 0,000481
прервали 3,743604 0,000481
команде 1,258698 0,000808
команды 0,555188 0,001496
мухачёва 5,129899 0,000658
лучших 1,198073 0,000154
завершением 4,031286 0,000517
тарасов 3,743604 0,004805
салаватом 3,743604 0,000481
команду 1,217876 0,002345
interfax 4,436752 0,001139
века 1,441019 0,000185
существуют 1,441019 0,000185
жизни 1,122566 0,000144
емелеев 5,129899 0,000658
нужно 1,492313 0,000192
довольствовался 4,436752 0,000569
одним 1,416327 0,000182
українська 1,035554 0,000133
собянина 5,129899 0,000658
пирожков 5,129899 0,000658
печально 4,436752 0,000569
арен 3,743604 0,000481
группа 1,834062 0,000235
литовским 5,129899 0,000658
сохранялся 5,129899 0,000658
рост 2,421849 0,000311
молодая 3,338139 0,000428
lenta 2,239527 0,000287
петров 2,564949 0,000658
всеобуч 5,129899 0,000658
бойцам 4,436752 0,000569
крыльями 3,520461 0,000452
уколова 5,129899 0,000658
владевшей 5,129899 0,000658
комиссия 2,644992 0,000339
абрамов 4,031286 0,001035
жашков 5,129899 0,000658
пропущенных 2,490841 0,000639
талантов 4,436752 0,000569
фроловым 5,129899 0,000658
cite 1,258698 0,000323
менять 3,183989 0,000409
космачёва 5,129899 0,000658
замены 2,644992 0,000339
обосновалась 5,129899 0,000658
герасимов 3,743604 0,000961
бабич 4,031286 0,002070
почётного 4,436752 0,000569
йеспер 5,129899 0,000658
атлант 3,743604 0,000481
aleksandra 5,129899 0,000658
уходе 2,932674 0,000376
pages 0,986764 0,000127
отличительной 5,129899 0,000658
вывешивания 5,129899 0,000658
финальном 2,564949 0,000658
лейно 5,129899 0,000658
валентинович 4,436752 0,000569
защитников 2,732003 0,001052
старте 1,994404 0,000256
защитником 2,932674 0,000376
командами 1,911023 0,000981
омск 3,050457 0,000392
мишаков 5,129899 0,001317
любую 3,183989 0,000409
петухов 4,436752 0,001139
всего 0,812411 0,000209
объединение 3,050457 0,000392
болезни 3,183989 0,000409
председателем 2,932674 0,000376
олега 3,050457 0,000392
гандбол 1,178655 0,000454
объединению 3,520461 0,001356
сменил 2,564949 0,000988
шли 3,338139 0,000428
колкунов 5,129899 0,000658
svenska 1,035554 0,000133
объединения 2,644992 0,000679
общий 2,038856 0,017533
назад 1,140915 0,000146
шахматы 1,871802 0,000240
хомутова 5,129899 0,000658
список 1,198073 0,000615
ссср 0,940244 0,002414
неприязни 5,129899 0,000658
доступен 0,971016 0,000125
нашей 1,994404 0,000256
современную 3,743604 0,000481
чуркин 4,031286 0,001035
завершил 2,134166 0,000548
основания 1,834062 0,000235
петрович 4,436752 0,002278
петра 2,421849 0,000622
матчевую 2,644992 0,000339
подгрупп 5,129899 0,001317
главной 2,732003 0,000701
московского 2,296685 0,000884
министра 4,031286 0,001035
традицию 3,743604 0,000481
матчей 0,940244 0,000241
общей 1,951845 0,000501
ромишевский 4,436752 0,001139
именно 1,492313 0,000383
профессионалами 4,436752 0,001139
общем 3,338139 0,000428
руководившего 5,129899 0,000658
примечания 1,002764 0,000257
центрфорвардом 5,129899 0,000658
где 0,675551 0,000434
активные 3,743604 0,000481
матчем 2,085376 0,000535
шуравин 5,129899 0,001317
федосеев 5,129899 0,000658
традиции 2,490841 0,000320
европейских 2,038856 0,000262
вновь 1,574551 0,001213
стягами 5,129899 0,000658
завершив 3,338139 0,000428
сообщить 0,799165 0,000103
счастье 4,436752 0,000569
быть 0,773190 0,001389
получали 3,183989 0,000409
прокуратуры 5,129899 0,000658
хити 5,129899 0,000658
соркин 5,129899 0,001317
затеяли 5,129899 0,000658
ознаменовался 3,743604 0,000481
толчинский 5,129899 0,000658
вылет 2,932674 0,000376
армейская 4,031286 0,000517
таки 2,296685 0,000295
ледовый 3,743604 0,000961
магнитогорск 4,031286 0,001035
мобильная 0,608110 0,000078
english 0,925206 0,000119
перебрался 4,031286 0,000517
шоу 1,441019 0,000185
вернувшийся 3,338139 0,000428
военной 3,743604 0,000481
четыре 1,140915 0,000146
ледовых 4,031286 0,000517
протяжении 1,951845 0,000251
suomi 1,052361 0,000135
стало 1,217876 0,000156
межнациональной 4,436752 0,000569
буданов 5,129899 0,000658
брагин 4,436752 0,001708
мирового 2,134166 0,000548
длинным 4,031286 0,000517
шувалова 4,436752 0,000569
гиргенсонс 5,129899 0,000658
состава 2,085376 0,000268
менеджер 3,520461 0,000904
крылышками 5,129899 0,000658
стала 0,881403 0,000339
составе 1,546380 0,000794
опуская 5,129899 0,000658
являются 1,466337 0,000188
стали 0,971016 0,000499
илья 1,911023 0,000736
илью 4,436752 0,000569
перестройка 3,743604 0,000481
сологубов 5,129899 0,001975
уколов 4,436752 0,001139
первая 0,867219 0,000111
стоя 2,932674 0,000376
пётр 2,644992 0,000339
новокузнецк 4,031286 0,000517
передал 3,743604 0,000481
директором 2,932674 0,000753
разбиты 4,031286 0,000517
впервые 0,839439 0,001293
молодые 2,932674 0,000376
oʻzbekcha 1,140915 0,000146
трибуны 2,357310 0,000303
ирек 5,129899 0,000658
раз 0,504926 0,000778
чемпионат 0,277868 0,000499
ўзбекча 1,140915 0,000146
случайная 0,986764 0,000127
latviešu 1,052361 0,000135
кирилл 1,797694 0,001154
беленький 5,129899 0,000658
trophy 3,743604 0,000481
российский 1,086847 0,000279
президента 1,762603 0,000679
архангельске 4,436752 0,000569
необходимо 1,994404 0,000256
постоянная 0,986764 0,000127
хоккеистов 3,183989 0,000409
шести 1,911023 0,000245
ярмарка 4,031286 0,000517
своему 2,644992 0,000679
командой 1,664163 0,001068
подлубошнов 5,129899 0,000658
версия 0,485508 0,000125
rutube 3,520461 0,000452
пучкова 4,436752 0,000569
посыпались 5,129899 0,000658
прихода 2,827314 0,000363
шесть 1,546380 0,000397
брусиловского 5,129899 0,000658
макар 3,743604 0,000481
сердцем 4,436752 0,000569
штаб 1,797694 0,000692
рбк 1,797694 0,000231
носит 3,183989 0,000409
вячеслав 2,357310 0,005749
тренировавший 3,743604 0,000481
спартаком 2,185460 0,000281
спортивного 1,574551 0,000404
матчевом 4,436752 0,000569
игорь 1,951845 0,005011
первенствах 3,050457 0,000392
работе 2,134166 0,000274
касатонов 4,436752 0,001139
аркадьевичем 5,129899 0,000658
знак 0,986764 0,000127
работу 2,085376 0,000535
представители 1,633391 0,000210
правый 2,732003 0,002805
чистке 3,520461 0,000452
адрес 2,038856 0,000262
представителя 2,827314 0,000363
зря 4,031286 0,000517
лещёва 5,129899 0,000658
обладатель 2,185460 0,003927
игоря 2,732003 0,001052
амур 2,732003 0,000351
обладатели 2,296685 0,000590
равное 3,338139 0,000428
российских 1,323236 0,000170
поражения 1,834062 0,000235
итоге 1,797694 0,001154
суммарно 4,031286 0,000517
устав 3,520461 0,000452
поднимут 5,129899 0,000658
логотип 2,644992 0,000339
сибирь 2,134166 0,000274
кризис 2,827314 0,000363
работы 1,797694 0,000231
параметр 4,436752 0,000569
уникальная 5,129899 0,000658
архивировано 1,104547 0,005954
выдающийся 5,129899 0,000658
galego 1,178655 0,000151
богданова 5,129899 0,000658
прохорова 3,743604 0,000481
ассистентом 4,436752 0,000569
короткий 0,971016 0,000125
старые 2,490841 0,000320
планах 3,183989 0,000409
войны 1,871802 0,000240
чемпионата 0,735450 0,001133
заступился 5,129899 0,000658
случаях 0,971016 0,000125
поражение 1,546380 0,000794
восьмикратным 5,129899 0,000658
чемпионате 1,178655 0,001664
после 0,317714 0,000408
положении 2,732003 0,000351
самую 2,827314 0,000363
участника 2,732003 0,000351
карнаухов 4,031286 0,002587
набранным 3,520461 0,000452
лукашин 5,129899 0,000658
анатольевич 4,436752 0,001139
лыж 3,743604 0,000481
вышел 1,574551 0,001213
морозов 2,732003 0,000351
фрибур 4,436752 0,000569
отечественного 2,564949 0,001975
оказать 3,743604 0,000481
олегом 5,129899 0,000658
предыгровую 4,436752 0,000569
патриотами 4,436752 0,000569
восточная 3,050457 0,000392
скоростные 3,743604 0,000481
набранных 2,564949 0,000329
забитых 2,564949 0,000658
адам 3,183989 0,000817
чернышёва 4,031286 0,000517
петрунин 5,129899 0,000658
включая 1,633391 0,000210
двумя 1,664163 0,000214
сергеевич 4,031286 0,001552
братт 5,129899 0,000658
находился 3,050457 0,000392
служебные 0,986764 0,000127
турковский 5,129899 0,000658
языках 0,986764 0,000127
чемпионату 2,732003 0,000351
периодом 3,338139 0,000428
отношении 2,421849 0,000311
лёгким 4,436752 0,000569
отсутствием 4,031286 0,000517
гарднер 5,129899 0,001317
прощаться 5,129899 0,000658
свободной 0,986764 0,000127
руководством 2,134166 0,002191
может 0,630089 0,000566
пингвинз 4,031286 0,000517
рижское 4,436752 0,001139
эспаньолы 5,129899 0,001317
эдуард 2,134166 0,000548
больше 0,812411 0,000104
получить 0,747872 0,000096
вернувшиеся 4,436752 0,000569
витальевич 4,436752 0,000569
грани 2,564949 0,000329
ледового 4,436752 0,001139
согласились 3,183989 0,000409
связанные 0,881403 0,000226
фактически 2,357310 0,000605
пингвины 5,129899 0,001317
связанный 3,520461 0,000452
скандалы 2,564949 0,000329
казань 1,345709 0,000173
заместителем 4,031286 0,000517
развязки 5,129899 0,000658
отредактирована 0,986764 0,000127
трёх 1,441019 0,000370
гимаев 5,129899 0,001975
торчетти 5,129899 0,001317
времена 2,490841 0,000639
москвичей 3,338139 0,000428
красной 2,296685 0,000590
связанных 1,911023 0,000245
совмещать 4,436752 0,000569
послематчевых 2,644992 0,000679
ледовую 5,129899 0,000658
объединением 5,129899 0,000658
садретдинов 5,129899 0,000658
рядах 4,031286 0,000517
расколом 5,129899 0,000658
несчастье 5,129899 0,000658
времени 1,140915 0,000293
italiano 1,035554 0,000133
год 0,687247 0,001588
ничья 2,357310 0,000605
бякина 5,129899 0,000658
лыжного 3,338139 0,000428
министр 2,421849 0,000311
контракт 1,518981 0,000390
широков 3,183989 0,000409
совета 2,085376 0,001071
ведущие 3,183989 0,000409
руля 3,338139 0,000857
ведущим 3,520461 0,000452
мая 1,104547 0,001985
звездой 2,932674 0,000376
поэтому 1,392229 0,000179
commons 0,986764 0,000127
началом 1,834062 0,000942
стремительно 3,743604 0,000481
сергеева 4,031286 0,000517
названия 1,664163 0,000214
лёгкую 4,031286 0,000517
антон 1,728701 0,000222
знает 3,520461 0,000452
web 1,279751 0,000329
мак 3,743604 0,000481
психологию 5,129899 0,000658
боброва 3,183989 0,002452
приз 2,134166 0,000274
учётную 0,986764 0,000127
bokmål 1,069456 0,000137
перешёл 2,827314 0,000363
самом 1,994404 0,000256
переименован 3,338139 0,000428
президентом 1,834062 0,000706
организационном 4,436752 0,000569
агентства 2,490841 0,000320
самое 2,085376 0,000268
валерьевич 4,436752 0,001708
мвд 3,743604 0,000961
отмечают 3,520461 0,000452
семи 2,134166 0,000548
эспаньола 5,129899 0,001975
стельнов 5,129899 0,001317
лигу 2,134166 0,000274
земгус 5,129899 0,000658
армейцам 3,743604 0,000481
викторовна 5,129899 0,000658
победную 2,644992 0,000339
лиги 0,895792 0,001035
сопровождались 5,129899 0,000658
свяжитесь 0,986764 0,000127
выступила 2,490841 0,000320
акции 3,050457 0,000392
лиге 1,368699 0,000527
чемпионом 1,122566 0,000432
кончится 5,129899 0,000658
внеочередное 5,129899 0,000658
знали 4,436752 0,000569
лига 0,402511 0,000465
александра 1,633391 0,000629
евгения 2,421849 0,000933
генеральный 1,951845 0,000752
генеральным 2,932674 0,001129
благодаря 1,441019 0,000370
филоненко 5,129899 0,000658
истории 0,630089 0,000970
семёнов 3,338139 0,000857
некорректное 5,129899 0,000658
фонд 0,940244 0,000121
состав 1,238078 0,000795
пороге 5,129899 0,000658
мво 4,031286 0,000517
рамках 1,518981 0,000390
которая 1,052361 0,000405
соглашение 1,834062 0,000235
тихонова 3,050457 0,004307
валентин 2,732003 0,000701
алексея 2,490841 0,000320
магнитогорский 4,031286 0,000517
описывался 5,129899 0,000658
история 0,555188 0,000499
отбиваясь 5,129899 0,000658
образовавшейся 5,129899 0,000658
евгений 1,258698 0,001292
таблице 2,296685 0,000295
недостатков 1,633391 0,000210
объединились 5,129899 0,000658
российская 0,799165 0,000205
источники 1,633391 0,003564
кузьмин 3,743604 0,000481
чемпионами 1,664163 0,000427
согласно 1,574551 0,000202
сидоренков 5,129899 0,001317
привалов 5,129899 0,001317
выгодно 4,031286 0,000517
название 1,178655 0,000454
сняли 3,520461 0,000452
валльмарк 4,436752 0,000569
более 0,853233 0,000110
покинула 4,031286 0,000517
поиск 0,735450 0,000094
чемпион 0,867219 0,000557
подписал 1,911023 0,000245
сохранил 4,031286 0,001552
забойника 5,129899 0,000658
парке 3,183989 0,000409
тысячи 2,644992 0,000339
альберта 3,743604 0,000481
героев 3,743604 0,000481
oldid 0,986764 0,000127
голов 1,871802 0,000240
интернат 4,436752 0,000569
матей 4,436752 0,000569
строительства 2,827314 0,000726
первое 1,279751 0,000329
нанесли 5,129899 0,000658
пробуксовывал 5,129899 0,000658
казалось 3,743604 0,000481
алексей 1,238078 0,001271
рекорды 1,762603 0,000679
армейцев 2,932674 0,002259
высоких 2,827314 0,000363
хоккеист 2,644992 0,000339
динамовцам 3,743604 0,000481
главными 3,050457 0,000783
заявили 3,520461 0,000452
коротков 4,031286 0,001552
рой 4,031286 0,001035
постоянно 2,644992 0,000339
существовало 2,932674 0,000376
этого 0,881403 0,000566
своих 1,345709 0,000173
викторович 4,436752 0,003417
принимал 3,050457 0,000783
стариков 5,129899 0,000658
авторства 0,986764 0,000127
покинули 2,827314 0,001089
бучельников 5,129899 0,001317
чемпионов 0,652562 0,000084
шевцова 5,129899 0,000658
своим 1,728701 0,000222
дружественных 4,436752 0,000569
провольнев 5,129899 0,001317
придумать 4,031286 0,000517
финал 1,258698 0,001131
вывешенные 5,129899 0,001317
полушин 5,129899 0,000658
новый 0,940244 0,000362
мингачёв 5,129899 0,001317
оптимизмом 5,129899 0,000658
занял 2,085376 0,001338
желанием 4,031286 0,000517
каменев 5,129899 0,001317
новые 0,747872 0,000096
академия 2,085376 0,000268
особого 5,129899 0,000658
настоял 5,129899 0,000658
чемпионатах 1,574551 0,000202
луговяк 5,129899 0,000658
гагарина 2,085376 0,004550
акимов 4,031286 0,000517
фаворитом 4,031286 0,000517
одерживать 4,031286 0,000517
заняв 2,827314 0,000726
менеджера 4,031286 0,001552
побеждал 3,743604 0,000481
локтев 5,129899 0,004609
жердев 5,129899 0,000658
просмотры 0,986764 0,000127
проведён 2,038856 0,000523
евгеньевич 4,436752 0,000569
передало 4,436752 0,000569
турнирах 1,871802 0,000240
забил 1,834062 0,000235
league 3,183989 0,000409
задать 2,932674 0,000376
александр 0,925206 0,002850
развивали 4,436752 0,000569
министерством 5,129899 0,000658
оригинала 1,518981 0,000585
викимедиа 0,986764 0,000127
политика 0,239550 0,000031
тренерского 3,183989 0,000409
хомутов 5,129899 0,000658
сотрудничестве 2,932674 0,000376
дополнительные 0,986764 0,000127
предпринял 5,129899 0,000658
дополнительный 3,338139 0,000428
победители 1,797694 0,000231
заглавная 0,986764 0,000127
уникальное 4,031286 0,000517
русские 3,183989 0,000817
коней 5,129899 0,000658
кандидатур 4,436752 0,000569
сочи 0,853233 0,000219
балконах 5,129899 0,000658
by 0,971016 0,000125
регби 0,955511 0,000245
назначен 2,490841 0,002558
расположена 3,050457 0,000392
saratov 5,129899 0,001317
должна 1,238078 0,001112
стяг 5,129899 0,003951
павла 3,520461 0,000904
русский 0,839439 0,000108
ленинграде 3,183989 0,000409
cc 0,986764 0,000127
александрович 2,564949 0,003292
мячом 1,104547 0,000284
уступая 3,183989 0,000409
выигрыши 3,743604 0,001442
бывший 1,762603 0,000226
время 0,384967 0,000198
мкл 5,129899 0,000658
поведения 0,895792 0,000115
предоставила 5,129899 0,000658
финансам 4,436752 0,000569
новгород 1,217876 0,000156
победителя 1,911023 0,000491
ресурсы 1,104547 0,000142
доминировала 4,031286 0,000517
новым 1,664163 0,001922
ранее 1,104547 0,000284
победитель 1,258698 0,000969
континентальная 3,338139 0,001285
начальник 2,932674 0,001506
бывшие 2,134166 0,001096
возрождённый 5,129899 0,000658
резко 2,564949 0,000329
внутренних 3,743604 0,000481
доминировали 3,743604 0,000481
новых 1,633391 0,000419
аннэльеза 5,129899 0,000658
de 1,871802 0,000240
старикову 5,129899 0,000658
уступив 2,644992 0,000339
задачу 2,732003 0,000351
элите 4,436752 0,000569
герич 5,129899 0,000658
викиданных 0,986764 0,000253
рус 1,368699 0,005270
возглавляет 4,436752 0,000569
тяжелейшем 5,129899 0,000658
незаконно 4,436752 0,000569
проходили 2,085376 0,000268
аудиняй 5,129899 0,000658
покинул 2,296685 0,001769
гурьянов 5,129899 0,001317
своего 1,368699 0,000878
фаворитами 5,129899 0,000658
задачи 2,827314 0,000726
отсутствие 2,038856 0,000262
крутов 4,436752 0,002278
хотя 1,546380 0,000198
дополнить 3,338139 0,000428
en 2,932674 0,000376
пригласил 3,338139 0,000428
прохоров 3,183989 0,001226
межконтинентальный 3,520461 0,000452
танка 5,129899 0,000658
читать 0,586604 0,000075
игр 0,367725 0,000189
чаров 5,129899 0,000658
минобороны 5,129899 0,000658
кравчук 5,129899 0,001317
дополните 3,338139 0,000428
поиски 4,436752 0,000569
рхл 4,436752 0,001139
разделился 4,031286 0,000517
металлургом 4,436752 0,000569
волейбол 1,019025 0,000262
этапе 1,633391 0,000419
длугач 5,129899 0,000658
олимпийских 0,799165 0,000308
поиску 0,971016 0,000997
стэнли 2,185460 0,000561
осипова 4,436752 0,000569
лишь 1,159607 0,000595
ярославскому 5,129899 0,000658
крупное 3,338139 0,000428
момент 1,301257 0,000167
основу 2,932674 0,000376
виноградов 3,743604 0,001442
авторитет 4,031286 0,000517
шанхайские 2,827314 0,000363
рейнджерс 2,038856 0,000262
решив 4,436752 0,000569
中文 1,035554 0,000133
гамзин 5,129899 0,001317
помимо 1,911023 0,000245
константин 2,357310 0,000908
буцаев 5,129899 0,002634
брусиловский 5,129899 0,000658
ларионов 3,050457 0,001175
выше 1,664163 0,000427
инициатор 5,129899 0,000658
человеком 3,338139 0,000428
прежние 3,520461 0,000452
огиенко 5,129899 0,000658
среди 0,597299 0,000153
крутова 4,436752 0,001139
хоккейные 3,050457 0,002349
матвеевич 5,129899 0,000658
анатолия 3,338139 0,000428
бренда 3,183989 0,000817
хоккейный 2,185460 0,002805
хоккейным 3,743604 0,000961
обыгрывают 5,129899 0,000658
восемнадцати 4,436752 0,000569
павлович 3,743604 0,000961
возле 3,183989 0,000409
https 0,699082 0,001795
подмосковном 3,743604 0,000481
приведена 4,436752 0,000569
написания 2,644992 0,000339
зиновьев 5,129899 0,000658
анатолий 2,490841 0,002877
результат 1,416327 0,000727
позже 1,518981 0,000195
поднимать 3,743604 0,000481
смазанная 5,129899 0,000658
татарча 1,392229 0,000179
конфликта 2,732003 0,000351
עברית 1,052361 0,000135
index 0,986764 0,000127
павел 1,871802 0,003123
низкими 5,129899 0,000658
большой 1,069456 0,000275
эта 0,867219 0,000111
последующих 3,050457 0,000392
зимняя 2,932674 0,000376
лице 4,436752 0,000569
унесла 5,129899 0,000658
тасс 1,695912 0,000218
избранные 0,971016 0,000125
ликвидацией 5,129899 0,000658
которой 1,238078 0,000318
кулагин 5,129899 0,001317
северной 2,185460 0,000281
котором 1,217876 0,000469
михайлов 3,183989 0,002861
повторит 5,129899 0,000658
составленная 4,031286 0,000517
полупанов 5,129899 0,001317
лады 3,520461 0,000452
круге 2,185460 0,000281
world 1,416327 0,000182
круга 2,134166 0,000548
повторив 3,743604 0,000481
ладу 4,436752 0,000569
это 0,277868 0,000143
которого 1,345709 0,000518
легендарный 2,732003 0,000351
усилился 3,520461 0,000452
хват 4,031286 0,000517
эту 1,492313 0,000192
два 0,760451 0,000878
майстренко 5,129899 0,001317
выходили 2,732003 0,000701
донбасс 4,031286 0,000517
спортсменов 0,786093 0,000101
этих 1,301257 0,000167
момента 1,994404 0,000256
две 1,019025 0,000392
видению 5,129899 0,000658
новую 1,664163 0,000641
лада 2,185460 0,000561
осталась 2,732003 0,000701
тренер 0,895792 0,001725
опытно 4,436752 0,001139
бориса 3,050457 0,000783
таланту 4,436752 0,000569
номера 2,421849 0,000933
всероссийская 3,183989 0,000409
соловьёв 3,338139 0,000857
смене 3,050457 0,000392
брал 3,183989 0,000817
или 0,576022 0,000148
kovalenko 5,129899 0,000658
питтсбург 2,421849 0,000311
малахов 4,436752 0,000569
северсталь 2,134166 0,000548
www 1,392229 0,001608
пронина 5,129899 0,000658
основного 2,185460 0,000281
временного 3,743604 0,000481
носило 3,743604 0,000481
использования 0,393700 0,000101
новой 1,574551 0,000202
вернулся 1,911023 0,000491
mk 3,743604 0,000481
николаем 3,743604 0,000481
подошли 3,743604 0,000481
судьбы 3,183989 0,000409
много 1,603538 0,000206
хет 2,296685 0,000295
молодых 2,564949 0,000329
армейского 4,031286 0,002587
скда 4,436752 0,000569
затем 1,301257 0,000334
повторно 3,743604 0,000481
начал 1,951845 0,000251
сезонах 2,421849 0,001243
гущин 4,436752 0,002278
выращивать 5,129899 0,000658
игры 0,376309 0,000193
ошибке 0,955511 0,000123
конечной 5,129899 0,000658
мхл 1,603538 0,000617
игру 1,466337 0,000376
бизнеса 3,183989 0,000409
практически 1,664163 0,000214
события 0,663991 0,000085
рекомендации 1,911023 0,001717
тяжб 5,129899 0,000658
дел 3,743604 0,000481
застоем 5,129899 0,000658
вопрос 1,603538 0,000206
мишустин 4,436752 0,000569
харламова 3,520461 0,000452
раунде 1,951845 0,000501
компания 1,279751 0,000164
наблюдательного 3,743604 0,000961
расчёта 4,436752 0,000569
соревнования 0,663991 0,000085
deutsch 1,052361 0,000135
регулярном 3,520461 0,002259
марта 0,881403 0,001697
вячеслава 3,050457 0,000392
имя 1,603538 0,000412
континентальной 3,183989 0,001226
григоренко 5,129899 0,001317
раунда 2,085376 0,000268
однокруговой 4,436752 0,000569
ставить 3,520461 0,000452
фанаты 2,490841 0,000320
менеджеры 4,436752 0,000569
третьяк 3,743604 0,003364
патрихаев 5,129899 0,001317
лучинкина 5,129899 0,000658
cska 3,743604 0,006727
серебряного 3,743604 0,000481
пирамиду 5,129899 0,000658
событие 3,050457 0,000392
мамин 4,436752 0,000569
становления 3,743604 0,000481
обоюдовыгодный 5,129899 0,000658
использование 1,104547 0,000284
чемпионатов 1,416327 0,000182
увольнение 3,338139 0,000428
калинин 3,743604 0,000961
мозякин 4,436752 0,000569
одному 2,296685 0,000295
вратарей 2,296685 0,000295
результатов 1,951845 0,000251
провалом 5,129899 0,000658
крупная 2,932674 0,000376
сдюшор 4,031286 0,001035
геннадьевич 4,031286 0,000517
терять 3,183989 0,000409
гинер 4,436752 0,001708
продолжении 5,129899 0,000658
защитил 3,743604 0,000481
мухометова 5,129899 0,000658
кузьменко 5,129899 0,000658
ряд 1,797694 0,000692
выдающимися 3,743604 0,000481
страница 0,940244 0,000241
переговорах 4,436752 0,000569
лицензии 0,986764 0,000127
нападающих 2,644992 0,000679
странице 0,971016 0,000125
нагрузку 4,031286 0,000517
провисели 5,129899 0,000658
сам 1,871802 0,000240
камаев 5,129899 0,000658
решилась 3,743604 0,000481
запись 0,955511 0,000123
qr 0,986764 0,000127
соперники 2,490841 0,000320
tanka 5,129899 0,000658
правовым 4,031286 0,000517
нападающие 2,932674 0,000376
страницу 0,971016 0,000125
путать 3,520461 0,000452
нападающий 1,797694 0,000461
принял 1,664163 0,000214
страницы 0,971016 0,000499
отчислил 4,031286 0,000517
юрий 2,185460 0,001403
перехода 2,490841 0,000320
нетипичной 5,129899 0,000658
сделав 4,031286 0,000517
цветом 3,050457 0,000392
принят 3,050457 0,000392
даррен 4,436752 0,000569
пресс 1,086847 0,000279
россии 0,160085 0,000390
ru 0,285712 0,001100
действовать 0,955511 0,000245
результатам 1,911023 0,000245
правах 2,357310 0,000303
работавший 3,338139 0,000857
третий 1,416327 0,000182
произошла 2,421849 0,000311
разбираясь 5,129899 0,000658
заставил 3,520461 0,000452
нерабочими 2,644992 0,000339
sa 0,986764 0,000127
возможных 2,644992 0,000339
питтсбурга 5,129899 0,000658
выделены 3,183989 0,000409
югра 3,183989 0,000409
церемония 2,732003 0,000351
диц 5,129899 0,000658
дата 0,881403 0,005883
могильный 5,129899 0,001317
внешние 1,122566 0,000144
барьер 4,436752 0,000569
того 0,955511 0,000736
своё 1,664163 0,000427
действует 2,421849 0,000311
свою 1,217876 0,000313
драконы 2,644992 0,000339
трактор 2,134166 0,000822
español 1,019025 0,000131
цдка 3,520461 0,006326
турниры 0,895792 0,000230
конце 1,518981 0,000195
дыхание 5,129899 0,000658
россия 0,699082 0,000269
россию 1,951845 0,000251
конца 1,546380 0,000198
бокарев 5,129899 0,000658
рекорд 1,198073 0,001538
решениями 4,031286 0,000517
свой 1,217876 0,000156
свои 1,238078 0,000318
произошли 2,827314 0,000726
работавшие 4,031286 0,000517
парк 2,827314 0,000363
болельщики 1,834062 0,000471
января 0,825834 0,001378
почётный 3,743604 0,000481
рулевой 5,129899 0,000658
частную 4,436752 0,000569
персональные 0,971016 0,000125
переименовалась 5,129899 0,000658
третьем 1,951845 0,000501
ворота 1,797694 0,000231
хабаров 5,129899 0,000658
большая 1,069456 0,000137
турнира 0,839439 0,000215
express 2,644992 0,001358
присутствовали 4,031286 0,000517
турнире 1,198073 0,000154
рождения 1,664163 0,001495
выставочные 4,031286 0,000517
триков 3,520461 0,000452
квартальнов 3,050457 0,001175
разминку 5,129899 0,000658
joux 5,129899 0,000658
ионов 4,031286 0,001035
уволил 3,743604 0,000481
результатами 3,050457 0,000392
ребятам 4,436752 0,000569
norsk 1,052361 0,000135
перестановкам 5,129899 0,000658
khl 3,743604 0,001442
оселедец 5,129899 0,000658
ярославль 2,490841 0,000320
трижды 2,827314 0,000363
которому 2,134166 0,000548
лидеров 2,421849 0,000311
призыва 4,436752 0,000569
vk 1,441019 0,000185
жердевым 5,129899 0,000658
для 0,146292 0,000244
пенсию 5,129899 0,000658
составила 2,564949 0,000329
мемориала 4,436752 0,000569
мэра 5,129899 0,001317
нефтехимик 2,827314 0,000363
путём 2,644992 0,000339
управленческая 5,129899 0,000658
волшебные 1,695912 0,000218
титулованным 3,338139 0,000428
провалив 5,129899 0,000658
тренеров 1,728701 0,001331
мастер 1,911023 0,000245
выведенные 5,129899 0,001317
национальная 1,574551 0,000202
polski 1,035554 0,000133
стельнова 5,129899 0,000658
тренером 1,951845 0,003006
свойство 5,129899 0,000658
клубами 2,644992 0,000339
борисович 3,743604 0,001922
рагулин 5,129899 0,001975
александрова 3,520461 0,000452
поднят 4,031286 0,001552
друге 5,129899 0,000658
показателю 3,183989 0,000409
дом 2,239527 0,001150
третьяку 5,129899 0,000658
org 0,986764 0,000127
терра 3,743604 0,000481
ходу 1,834062 0,001177
действующего 2,827314 0,000363
возглавивший 5,129899 0,000658
ерёменко 3,520461 0,000904
давыдов 4,031286 0,001035
валерий 2,239527 0,003449
министром 5,129899 0,000658
третьяка 5,129899 0,001317
мастерами 4,031286 0,000517
силаев 4,436752 0,000569
дня 1,104547 0,000851
дивизион 2,185460 0,001683
юшкевич 5,129899 0,000658
валерия 3,050457 0,000392
темы 3,183989 0,000409
лукас 3,183989 0,000409
добавились 3,338139 0,000428
xx 1,546380 0,000198
гусев 3,050457 0,000392
фёдорову 4,436752 0,000569
победителем 1,574551 0,000202
буллитам 2,732003 0,000351
роснефти 5,129899 0,000658
српски 1,035554 0,000133
над 0,986764 0,000380
теме 3,050457 0,000392
сил 2,564949 0,001646
дней 1,416327 0,000545
профиль 3,183989 0,000409
буллитах 3,743604 0,000961
спартак 0,786093 0,000605
егор 2,085376 0,001338
вывесили 3,338139 0,000428
холдинг 3,743604 0,000961
оболенским 5,129899 0,000658
комплекса 3,338139 0,000428
продолжают 2,644992 0,000339
проиграла 2,239527 0,000287
дало 3,338139 0,000428
ска 1,279751 0,002628
третьих 3,183989 0,000409
гущина 5,129899 0,001975
приказ 3,520461 0,000452
науменков 4,436752 0,000569
оживать 5,129899 0,000658
ковалевский 4,436752 0,000569
ушёл 2,421849 0,000622
цска 0,711058 0,017706
службу 4,436752 0,001139
каштанов 4,436752 0,000569
четвёртый 2,490841 0,000320
цдса 3,743604 0,002883
относящееся 3,338139 0,000428
википроект 4,436752 0,000569
фёдорова 4,436752 0,000569
суперлиге 3,338139 0,002571
приглашены 3,520461 0,000452
которые 0,760451 0,000098
поспособствовали 5,129899 0,000658
который 0,799165 0,000513
николай 2,134166 0,002465
суперлиги 2,644992 0,001018
куратором 4,031286 0,000517
конькобежный 1,238078 0,000159
юлаевым 3,743604 0,000481
которым 1,518981 0,000195
победителями 2,357310 0,000303
суперлигу 4,436752 0,001139
николая 3,183989 0,001635
служат 3,520461 0,000452
аплодируем 5,129899 0,000658
которых 1,052361 0,000540
türkçe 1,052361 0,000135
союзное 4,031286 0,000517
идей 3,520461 0,000452
победа 1,238078 0,000477
женская 2,239527 0,000287
зевахина 5,129899 0,000658
полушина 5,129899 0,000658
периода 2,085376 0,000268
елена 1,911023 0,000245
звёзд 2,357310 0,000303
трегубова 5,129899 0,000658
арена 1,762603 0,002489
америки 1,695912 0,000218
роснефть 5,129899 0,001975
арене 1,797694 0,000692
несколько 1,069456 0,000412
менеджером 4,436752 0,001708
будет 0,825834 0,000212
начало 1,633391 0,000210
апреле 2,239527 0,000575
развал 4,436752 0,000569
ровным 5,129899 0,000658
прямых 3,520461 0,000452
никакой 3,520461 0,000452
попихин 4,436752 0,000569
снг 2,490841 0,000320
отечественном 4,436752 0,000569
отдавший 4,436752 0,000569
свежие 0,910391 0,000117
арену 2,564949 0,000329
пытаясь 3,743604 0,000481
начала 1,238078 0,000159
третьему 4,031286 0,000517
вячеславом 5,129899 0,000658
арены 2,357310 0,001815
статей 2,134166 0,000274
вязьмикин 5,129899 0,000658
комплекс 3,183989 0,000817
продлевать 3,183989 0,000409
максиму 5,129899 0,000658
форвард 2,421849 0,000311
покидают 4,031286 0,000517
вошёл 2,239527 0,000575
золотой 1,911023 0,001226
перспективами 5,129899 0,000658
выбора 3,520461 0,000452
межсезонье 2,827314 0,002540
управляющий 3,743604 0,000481
вымпелы 5,129899 0,000658
апреля 1,052361 0,002296
легендарной 4,031286 0,000517
ветеранов 2,490841 0,000320
золотого 3,050457 0,000392
суперсерии 4,031286 0,000517
суперсерий 5,129899 0,000658
максима 3,338139 0,000857
хватает 1,762603 0,001584
количество 1,217876 0,000782
международная 1,301257 0,000167
маловажных 3,520461 0,000452
кучеров 2,357310 0,000303
некоммерческой 0,986764 0,000127
хоккейной 2,644992 0,003055
нет 0,825834 0,000106
годы 1,258698 0,000808
сотрудничество 3,520461 0,000904
хоккейном 2,732003 0,000351
забросил 4,031286 0,000517
единственное 3,050457 0,000392
youtube 1,797694 0,000231
горбунов 4,436752 0,000569
трофеи 2,827314 0,000363
году 0,630089 0,002264
принципиальные 3,520461 0,000452
суды 4,031286 0,000517
закончил 3,338139 0,000428
айттокаллио 5,129899 0,000658
свитова 5,129899 0,000658
правилами 1,323236 0,000170
статистика 0,652562 0,000084
состоялась 2,134166 0,000274
прений 5,129899 0,000658
трофей 2,085376 0,000535
становились 2,239527 0,000575
всероссийской 3,183989 0,000409
шестернина 5,129899 0,000658
робин 5,129899 0,000658
лыжников 3,338139 0,000857
значительно 1,911023 0,000245
объявить 3,520461 0,000452
года 0,239550 0,004059
информация 1,035554 0,000930
уникальный 3,743604 0,000481
лещёв 5,129899 0,000658
помогла 3,520461 0,000452
контракты 2,732003 0,000351
ник 3,183989 0,000409
ярослав 3,183989 0,000409
холлоуэл 5,129899 0,000658
странски 5,129899 0,000658
прессы 2,932674 0,000376
игроками 1,695912 0,000218
помогло 3,743604 0,001442
деятельностью 3,743604 0,000481
единственной 2,421849 0,000311
источник 0,853233 0,000329
александровна 5,129899 0,000658
прекращён 4,031286 0,000517
