ямаль 2,421849 0,001533
табило 4,436752 0,005616
микельсен 4,436752 0,005616
формула 1,728701 0,001094
муте 4,436752 0,002808
прокаты 2,644992 0,001674
стал 0,586604 0,000743
апл 1,871802 0,001185
зико 4,436752 0,002808
свитолина 4,436752 0,002808
нетс 2,564949 0,001623
систематизации 2,564949 0,001623
дубай 3,743604 0,002369
возможном 3,183989 0,002015
реклама 0,735450 0,000465
фото 0,799165 0,001517
лет 0,475938 0,000301
устюгов 2,490841 0,001576
то 0,652562 0,000826
дубае 2,357310 0,005968
баскетболисты 2,296685 0,001454
финала 1,104547 0,006292
сейчас 1,104547 0,000699
четвертьфинал 1,951845 0,006177
макс 2,185460 0,001383
металлург 1,994404 0,001262
серхио 2,296685 0,001454
главные 1,086847 0,000688
хэмилтон 2,490841 0,001576
поп 1,911023 0,001210
дрянные 5,129899 0,003247
лейкерс 2,239527 0,001417
трибунепрожектор 2,644992 0,001674
вхл 1,664163 0,001053
своей 1,002764 0,000635
поменял 3,743604 0,004739
информационные 2,490841 0,001576
бакс 2,564949 0,001623
латыпов 2,564949 0,001623
пиршества 3,743604 0,002369
ефремова 5,129899 0,003247
при 0,367725 0,000465
проблемы 1,871802 0,001185
про 1,301257 0,001647
письма 2,134166 0,001351
фе 2,644992 0,001674
винисиус 2,296685 0,001454
филадельфия 2,357310 0,001492
s 1,664163 0,001053
fast 5,129899 0,003247
адетокумбо 2,564949 0,001623
нерв 4,436752 0,002808
территории 1,633391 0,001034
медведевым 4,436752 0,002808
роберт 2,185460 0,001383
создали 3,183989 0,002015
атр 4,031286 0,002551
rds 1,911023 0,002419
одной 1,238078 0,000784
заработала 4,436752 0,002808
нашли 1,994404 0,001262
псж 1,518981 0,001923
одном 1,603538 0,001015
коннор 2,357310 0,001492
дмитрий 1,345709 0,000852
лучшее 2,239527 0,001417
isu 1,603538 0,001015
шарапова 2,564949 0,003247
сыграет 1,603538 0,001015
анекдот 5,129899 0,003247
чимаев 2,357310 0,001492
часа 1,911023 0,001210
вакансиирекламаподдержка 2,644992 0,001674
начинала 4,031286 0,002551
алекс 2,239527 0,001417
спорта 0,342407 0,001084
победу 0,910391 0,001152
индиан 4,031286 0,002551
южной 1,797694 0,001138
системе 0,867219 0,000549
отказался 2,296685 0,001454
сколько 1,834062 0,001161
победы 0,971016 0,002458
арина 2,357310 0,001492
италии 1,002764 0,001269
спортс 1,871802 0,001185
дзюба 2,134166 0,001351
досуг 4,436752 0,002808
макдэвид 2,421849 0,001533
себе 1,546380 0,000979
дюрэнт 2,564949 0,001623
гаррос 2,421849 0,003066
совет 1,994404 0,001262
рекомендательные 1,762603 0,001116
содружества 1,518981 0,000961
заявке 3,520461 0,002228
сундлинг 2,421849 0,001533
весниной 5,129899 0,003247
роддик 5,129899 0,003247
югославский 4,436752 0,002808
уимблдон 2,421849 0,001533
локомотив 0,910391 0,000576
live 1,518981 0,001923
заявки 3,743604 0,002369
каждому 2,827314 0,003579
рыбакина 3,338139 0,004225
последние 1,178655 0,000746
булл 2,357310 0,001492
часто 1,574551 0,000997
семененко 2,644992 0,001674
авангард 2,038856 0,001290
архив 1,258698 0,000797
играю 5,129899 0,003247
wada 3,338139 0,002113
прижимал 3,743604 0,002369
дарья 2,085376 0,001320
арсенал 1,466337 0,000928
соглашениеполитика 2,644992 0,001674
сша 0,586604 0,000743
ферстаппен 2,490841 0,001576
спортивной 1,416327 0,000896
игроков 1,238078 0,000784
китайская 1,258698 0,000797
андреева 2,296685 0,005814
криштиану 2,932674 0,001856
киберспорт 1,762603 0,001116
артур 1,664163 0,001053
карлссон 2,564949 0,001623
подряд 1,258698 0,001593
меньшик 5,129899 0,003247
значок 5,129899 0,003247
российской 1,178655 0,000746
куклина 2,644992 0,001674
rio 3,520461 0,002228
индикар 2,564949 0,001623
сборные 0,839439 0,001594
ливерпуль 1,994404 0,001262
видеоспортс 2,644992 0,001674
снимается 4,031286 0,002551
выглядеть 5,129899 0,003247
екатерина 2,185460 0,001383
игроки 0,986764 0,000625
лучший 1,368699 0,000866
лос 1,518981 0,000961
будут 1,392229 0,000881
панарин 2,357310 0,001492
команды 0,555188 0,001757
новостей 1,574551 0,000997
зенит 0,895792 0,001134
боттас 2,490841 0,001576
очки 1,466337 0,000928
касаткина 2,421849 0,001533
команду 1,217876 0,000771
мадрид 1,834062 0,001161
накашима 4,031286 0,005103
архитектуре 5,129899 0,003247
жизни 1,122566 0,000710
бадоса 3,743604 0,004739
вapp 2,644992 0,001674
нужно 1,492313 0,004723
системы 1,951845 0,001235
кросби 1,994404 0,001262
показав 4,031286 0,002551
мерседес 2,490841 0,001576
ракетку 3,338139 0,002113
леклер 2,490841 0,001576
top 1,728701 0,001094
греком 4,436752 0,002808
украинские 2,932674 0,001856
спецпроект 3,050457 0,003861
подготовки 1,633391 0,001034
футболистов 2,421849 0,001533
головина 2,134166 0,001351
вашингтон 2,296685 0,001454
выбыл 2,732003 0,001729
ферстаппена 4,436752 0,002808
слив 5,129899 0,003247
пропущенных 2,490841 0,001576
загитова 2,357310 0,001492
лыжники 2,421849 0,001533
его 0,447767 0,000283
функционеры 3,050457 0,001931
шансы 1,951845 0,001235
корда 4,436752 0,002808
хвича 2,490841 0,001576
только 0,447767 0,000283
морэнт 2,644992 0,001674
головин 2,085376 0,001320
бурручагой 5,129899 0,003247
нхл 0,925206 0,000586
фиса 5,129899 0,003247
стэйт 2,421849 0,001533
ландо 2,564949 0,001623
выходе 2,732003 0,001729
каждого 1,633391 0,001034
руайе 5,129899 0,003247
огромное 3,520461 0,002228
мира 0,367725 0,001396
еду 3,743604 0,002369
хорошего 3,520461 0,002228
почему 1,122566 0,000710
посмотрела 5,129899 0,003247
нэтан 2,564949 0,001623
карьере 1,994404 0,001262
завершен 2,732003 0,012104
когда 0,652562 0,000826
могли 1,664163 0,002107
карьера 2,038856 0,001290
базовых 3,183989 0,002015
бурручага 4,436752 0,002808
принимаем 5,129899 0,003247
фигуристы 2,490841 0,001576
сокращении 4,436752 0,002808
миранчук 2,357310 0,001492
блоги 2,296685 0,001454
буду 2,296685 0,001454
чего 1,345709 0,001703
седьмой 2,732003 0,001729
звонарева 5,129899 0,003247
сообщите 2,644992 0,001674
лаборатория 2,644992 0,001674
нашел 4,436752 0,002808
ян 2,038856 0,001290
сеянные 5,129899 0,003247
против 0,747872 0,000473
другие 0,384967 0,000244
так 0,597299 0,000378
тиранте 4,436752 0,005616
фернандо 2,239527 0,001417
винисиусом 2,564949 0,001623
где 0,675551 0,000428
бундеслига 2,134166 0,001351
тбш 3,743604 0,002369
валиева 2,239527 0,001417
тура 1,728701 0,001094
qatar 4,031286 0,002551
применяются 1,466337 0,000928
стоит 2,357310 0,001492
маверикс 2,564949 0,001623
узнайте 3,520461 0,004456
расселл 2,296685 0,001454
него 1,368699 0,000866
тутберидзе 2,085376 0,001320
федерации 0,663991 0,000420
швеции 1,664163 0,002107
варианты 2,827314 0,001789
прожектор 3,183989 0,002015
есть 0,812411 0,001028
спорт 0,224624 0,000142
емельяненко 2,421849 0,003066
коляда 2,644992 0,001674
растворялись 3,520461 0,002228
мобильная 0,608110 0,000770
этом 0,565551 0,000358
обыграл 1,574551 0,000997
let 3,520461 0,002228
этот 0,825834 0,000523
шоу 1,441019 0,000912
перестройку 3,183989 0,002015
стало 1,217876 0,000771
джокович 2,421849 0,006131
критикой 3,743604 0,002369
франции 1,035554 0,002622
рефлексия 4,436752 0,002808
джордж 2,134166 0,001351
нурмагомедов 2,357310 0,001492
миронова 2,644992 0,001674
сравнивать 4,436752 0,002808
аделия 1,911023 0,001210
спортивные 1,104547 0,000699
трибуне 2,490841 0,001576
легенда 2,134166 0,001351
первая 0,867219 0,000549
игрок 1,258698 0,000797
гирон 4,436752 0,002808
дайджест 4,031286 0,005103
впервые 0,839439 0,002125
перформанс 5,129899 0,003247
женщины 0,881403 0,005021
раз 0,504926 0,001278
чемпионат 0,277868 0,000879
пиастри 2,564949 0,001623
кирилл 1,797694 0,001138
денвер 2,421849 0,001533
версия 0,485508 0,000615
карлос 2,185460 0,004150
джошуа 2,357310 0,001492
интернет 1,695912 0,001073
рууд 4,031286 0,005103
макларен 2,490841 0,001576
врать 4,031286 0,002551
карен 2,357310 0,001492
ледниковый 2,564949 0,001623
европы 0,524729 0,000332
бились 3,743604 0,002369
меняли 4,031286 0,002551
харден 2,644992 0,001674
поле 1,217876 0,000771
жуликов 5,129899 0,003247
пола 2,490841 0,001576
трансляции 1,441019 0,000912
отношения 1,951845 0,001235
загрузите 2,185460 0,005533
atp 1,994404 0,008836
европа 2,134166 0,001351
наказать 4,031286 0,002551
правообладателей 2,644992 0,001674
первого 1,258698 0,000797
виды 0,773190 0,000489
блог 2,357310 0,007460
итоги 1,834062 0,002322
ислам 2,085376 0,001320
малинина 3,520461 0,002228
манчестер 2,134166 0,001351
реала 2,564949 0,001623
альпин 2,490841 0,001576
период 1,159607 0,000734
защищать 3,520461 0,002228
становятся 2,827314 0,001789
перечне 3,338139 0,002113
сети 1,951845 0,001235
знать 2,827314 0,001789
сете 3,050457 0,001931
пегула 4,436752 0,002808
мария 1,834062 0,001161
бавария 2,038856 0,001290
гасли 2,490841 0,001576
видели 3,183989 0,002015
евролига 1,664163 0,001053
тесты 1,871802 0,003554
объяснил 1,797694 0,001138
ред 1,603538 0,001015
после 0,317714 0,000804
теннисисток 4,031286 0,005103
астон 2,185460 0,001383
рамом 5,129899 0,003247
краснодар 0,925206 0,000586
вышел 1,574551 0,003986
поражений 2,490841 0,001576
бублик 3,743604 0,002369
теннисистов 3,743604 0,002369
разбил 3,743604 0,002369
тесте 3,520461 0,004456
россией 2,296685 0,002907
восточная 3,050457 0,001931
хоккеисты 2,134166 0,001351
никита 1,603538 0,001015
монетизация 2,644992 0,001674
федор 2,357310 0,001492
если 0,675551 0,000428
гейме 3,743604 0,002369
duty 4,436752 0,002808
канады 1,217876 0,000771
йокич 2,644992 0,001674
медведев 1,834062 0,004643
фрица 5,129899 0,003247
честь 2,085376 0,001320
play 1,441019 0,000912
казахстанская 2,644992 0,001674
минет 5,129899 0,003247
юниорский 3,050457 0,001931
эдуард 2,134166 0,001351
финансирования 2,932674 0,001856
больше 0,812411 0,002057
бич 4,031286 0,002551
крюгер 2,644992 0,001674
возникают 5,129899 0,003247
фактчек 5,129899 0,003247
наггетс 2,490841 0,001576
хачанов 2,296685 0,004361
вонг 5,129899 0,003247
продавать 4,436752 0,002808
алина 2,296685 0,001454
прочие 1,345709 0,000852
корте 3,743604 0,002369
руне 5,129899 0,003247
гироном 4,436752 0,002808
встряске 3,338139 0,002113
восьмой 2,932674 0,001856
ролан 2,239527 0,002835
рейтинги 2,490841 0,001576
фонсека 4,436752 0,002808
попырина 4,031286 0,002551
вембаньяма 2,644992 0,001674
андрес 3,520461 0,002228
андрей 1,323236 0,002512
матч 0,411400 0,000521
международные 1,238078 0,000784
australian 2,185460 0,005533
каролина 3,338139 0,002113
большунов 2,357310 0,001492
анисимовой 4,436752 0,002808
крупный 3,338139 0,002113
антон 1,728701 0,001094
динамо 0,663991 0,000420
рио 2,296685 0,002907
рахмонов 2,564949 0,001623
обругал 5,129899 0,003247
поздние 4,436752 0,002808
уведомлений 2,564949 0,001623
думал 3,520461 0,002228
льюис 2,296685 0,001454
предпочтениям 2,564949 0,001623
петр 2,239527 0,001417
хорошо 1,951845 0,001235
детали 3,183989 0,002015
инструмент 3,338139 0,002113
бесит 5,129899 0,003247
tennis 3,520461 0,011141
создать 0,825834 0,000523
выиграла 1,345709 0,001703
спортсе 2,644992 0,001674
кайри 2,490841 0,001576
спортса 2,644992 0,005022
юлия 2,085376 0,001320
таблицы 2,085376 0,001320
лига 0,402511 0,001783
александра 1,633391 0,001034
дети 2,239527 0,002835
том 0,895792 0,001134
олимпиаде 0,895792 0,000567
анисимова 4,031286 0,005103
марк 2,085376 0,001320
топ 1,238078 0,000784
олимпиада 1,104547 0,000699
джонс 2,134166 0,001351
глаз 4,031286 0,002551
нганну 2,644992 0,001674
барс 1,695912 0,001073
календарь 0,735450 0,002793
ценой 3,520461 0,002228
макгрегор 2,421849 0,001533
выехать 3,743604 0,002369
проще 3,183989 0,002015
десять 2,185460 0,001383
этери 2,564949 0,001623
главная 1,323236 0,000837
носкова 2,644992 0,001674
недомогания 4,436752 0,002808
трэш 4,436752 0,002808
история 0,555188 0,000351
уведомления 2,564949 0,001623
дегтярев 2,564949 0,006494
разборок 4,436752 0,002808
три 0,786093 0,000995
евгений 1,258698 0,002390
светлана 2,038856 0,001290
доротея 2,490841 0,001576
встретится 3,183989 0,004030
чемпионами 1,664163 0,001053
бои 1,633391 0,001034
швентек 2,644992 0,003348
потребовал 4,436752 0,002808
фэнтези 2,644992 0,001674
доминирует 4,436752 0,002808
ксения 3,743604 0,002369
джеймс 1,994404 0,002525
условий 0,881403 0,000558
валттери 2,490841 0,001576
розыгрышу 3,743604 0,002369
новак 2,564949 0,001623
лариса 2,490841 0,001576
лыжи 1,019025 0,000645
катание 0,534779 0,000338
бьет 4,436752 0,002808
кордой 4,436752 0,002808
боя 2,296685 0,001454
как 0,232059 0,000294
алексей 1,238078 0,000784
конфиденциальностиинформация 2,644992 0,001674
елизавета 2,185460 0,001383
тысячника 3,743604 0,004739
титулов 2,357310 0,001492
тампа 2,490841 0,001576
заубер 2,644992 0,001674
междисциплинарный 5,129899 0,003247
логика 5,129899 0,003247
свечников 2,644992 0,001674
хегстад 2,644992 0,001674
ufc 1,441019 0,002736
nascar 2,644992 0,001674
хамзат 2,357310 0,001492
чемпионов 0,652562 0,000413
мана 2,490841 0,001576
продукт 3,520461 0,002228
второй 0,786093 0,001493
семейный 4,436752 0,002808
вирер 2,564949 0,001623
болельщикам 2,296685 0,001454
финал 1,258698 0,000797
впечатления 4,031286 0,002551
играет 1,994404 0,002525
детстве 4,031286 0,002551
терентьев 2,490841 0,001576
новый 0,940244 0,000595
единая 1,728701 0,001094
словах 3,183989 0,002015
рпл 1,140915 0,000722
должник 5,129899 0,003247
тур 1,546380 0,000979
offer 4,436752 0,002808
еще 0,955511 0,001814
теннис 0,495170 0,001880
выйти 2,038856 0,001290
кевин 2,085376 0,001320
гагарина 2,085376 0,001320
свободнее 4,031286 0,002551
йоханнес 2,185460 0,002766
фигурное 0,534779 0,000338
побеждал 3,743604 0,002369
дончич 2,564949 0,001623
одноручным 5,129899 0,003247
наряд 4,436752 0,002808
мозг 4,436752 0,002808
ставки 1,603538 0,001015
турнирах 1,871802 0,001185
пропал 3,743604 0,002369
первой 1,019025 0,000645
биатлонисты 2,296685 0,001454
александр 0,925206 0,003513
стефанос 2,564949 0,001623
а 0,209918 0,000399
в 0,017911 0,000533
добился 2,827314 0,001789
и 0,023953 0,000318
джон 1,728701 0,001094
й 0,825834 0,001045
добиться 3,338139 0,002113
к 0,132686 0,000168
показывать 2,644992 0,001674
о 0,042302 0,000241
с 0,036149 0,000480
она 0,825834 0,000523
исследование 3,338139 0,002113
удивительные 4,436752 0,002808
у 0,342407 0,000650
ф 1,728701 0,002188
какие 2,134166 0,002701
авто 0,925206 0,000586
они 0,760451 0,000963
норвегии 1,728701 0,004376
относящихся 2,421849 0,001533
ю 1,834062 0,002322
я 0,853233 0,001620
футбол 0,285712 0,000362
регби 0,955511 0,000605
delray 5,129899 0,003247
месси 2,239527 0,001417
вонгом 4,436752 0,002808
бруклин 2,421849 0,001533
моей 2,490841 0,001576
дэвиса 1,633391 0,001034
хабиб 2,421849 0,001533
решила 2,827314 0,001789
миннесота 2,421849 0,001533
заставила 4,436752 0,002808
dubai 4,436752 0,002808
насредакцияконтакты 2,644992 0,001674
series 2,085376 0,001320
уступал 3,050457 0,001931
шавкат 2,644992 0,001674
плакала 5,129899 0,003247
новых 1,633391 0,001034
бабиков 2,644992 0,001674
сергей 1,392229 0,001762
бойцы 2,296685 0,001454
мериде 3,520461 0,002228
голден 2,357310 0,001492
василевский 2,564949 0,001623
появится 3,338139 0,002113
прервал 3,050457 0,001931
ига 2,644992 0,001674
соцсетях 1,466337 0,000928
шанс 2,185460 0,001383
извинился 3,183989 0,002015
показать 0,825834 0,001568
мма 1,069456 0,001354
статусе 2,490841 0,001576
фрида 2,644992 0,001674
лаки 4,436752 0,002808
лузера 5,129899 0,003247
игр 0,367725 0,000233
fc 2,085376 0,001320
опять 2,732003 0,001729
разработчиков 5,129899 0,003247
александер 2,357310 0,001492
гран 1,518981 0,000961
мне 1,871802 0,002369
карри 2,421849 0,001533
всех 0,652562 0,000413
golang 5,129899 0,003247
салах 2,564949 0,001623
японии 1,664163 0,001053
видео 0,699082 0,000442
калинской 5,129899 0,003247
биатлон 0,534779 0,000677
стэнли 2,185460 0,001383
оскар 2,357310 0,001492
бэкхендом 5,129899 0,003247
выясняйте 3,338139 0,002113
мои 3,183989 0,002015
gp 2,490841 0,001576
wrc 2,564949 0,001623
даллас 2,490841 0,001576
рейнджерс 2,038856 0,001290
championships 2,932674 0,001856
beach 4,436752 0,002808
основе 1,466337 0,000928
истечения 4,436752 0,002808
причиной 3,183989 0,002015
нервничала 5,129899 0,003247
выше 1,664163 0,001053
люберцах 5,129899 0,003247
любимую 2,932674 0,001856
среди 0,597299 0,000378
девушка 3,338139 0,002113
тату 4,436752 0,002808
motogp 2,644992 0,001674
москва 0,760451 0,000481
мотивирует 5,129899 0,003247
описал 3,743604 0,002369
фабио 2,932674 0,001856
остон 2,564949 0,001623
эмбиид 2,644992 0,001674
моя 2,185460 0,002766
фьюри 2,357310 0,001492
чжан 3,520461 0,002228
юниоров 1,728701 0,001094
контрактами 4,436752 0,002808
джейсон 2,490841 0,001576
скандал 1,871802 0,002369
wta 2,038856 0,006452
результаты 0,910391 0,000576
офф 1,019025 0,000645
дал 2,239527 0,001417
возвращение 1,762603 0,001116
хочу 2,421849 0,003066
матча 1,002764 0,001269
виктория 2,185460 0,001383
фрэнсис 2,564949 0,001623
тьеном 5,129899 0,003247
предоставления 2,490841 0,001576
dog 2,564949 0,001623
мартин 2,085376 0,001320
реал 1,492313 0,000945
сливко 2,564949 0,001623
чем 0,747872 0,000473
даниил 1,834062 0,002322
отказы 5,129899 0,003247
равных 2,932674 0,001856
стать 1,441019 0,000912
результата 2,564949 0,001623
кенгуру 5,129899 0,003247
возможно 1,664163 0,001053
вчера 1,518981 0,001923
циципаса 4,436752 0,002808
бетербиев 2,421849 0,001533
раньше 2,038856 0,001290
красная 1,994404 0,001262
фариа 5,129899 0,003247
ламин 2,490841 0,001576
это 0,277868 0,000352
синнер 2,932674 0,011137
моменты 2,357310 0,001492
лука 1,198073 0,000758
медведева 2,564949 0,004870
дохе 2,296685 0,004361
доха 3,743604 0,002369
бэй 2,490841 0,001576
михаил 1,392229 0,001762
надаль 2,564949 0,001623
роттердаме 4,031286 0,005103
goooo 5,129899 0,003247
новости 0,301585 0,001527
стефен 2,564949 0,001623
симен 2,644992 0,001674
симуляцию 3,743604 0,002369
анджелес 1,834062 0,001161
синнера 5,129899 0,003247
тенниса 3,338139 0,006338
вышла 1,466337 0,002784
турниров 1,664163 0,003160
измениться 5,129899 0,003247
недели 2,357310 0,002984
теннисе 3,338139 0,006338
вышли 1,797694 0,002276
неделе 3,338139 0,002113
питтсбург 2,421849 0,001533
критику 2,827314 0,001789
коболли 4,031286 0,005103
отыграл 3,183989 0,002015
пользовательское 2,185460 0,001383
новом 1,994404 0,001262
финалах 2,644992 0,003348
вернулся 1,911023 0,001210
шварцман 2,644992 0,001674
жив 5,129899 0,003247
гауфф 3,520461 0,006684
падел 2,296685 0,001454
играть 1,368699 0,000866
анализа 2,421849 0,001533
ждать 2,732003 0,001729
артемий 2,421849 0,001533
миллиарды 3,183989 0,002015
кайфовал 5,129899 0,003247
ошибку 1,834062 0,001161
трибуна 2,490841 0,004729
первые 0,971016 0,000615
животу 3,743604 0,002369
самоделкина 2,564949 0,001623
игры 0,376309 0,000715
джоэл 2,644992 0,001674
соболенко 2,357310 0,002984
февраля 0,232059 0,002791
мхл 1,603538 0,001015
игру 1,466337 0,000928
германии 1,323236 0,003350
значение 2,490841 0,001576
яннис 2,564949 0,001623
вас 2,564949 0,001623
деятельности 1,871802 0,001185
пришел 4,031286 0,002551
клэбо 2,644992 0,001674
соревнования 0,663991 0,000420
мбаппе 2,239527 0,002835
леброн 2,564949 0,001623
туктамышева 2,490841 0,001576
ответ 2,644992 0,001674
хаас 2,564949 0,001623
старший 2,644992 0,001674
титул 1,603538 0,001015
усик 2,296685 0,001454
копршива 5,129899 0,006494
бастони 3,743604 0,002369
sports 1,301257 0,003294
кто 0,839439 0,001063
мертенс 4,031286 0,005103
встретился 2,827314 0,001789
технологии 1,574551 0,001993
яйца 5,129899 0,003247
самый 1,416327 0,000896
директора 2,421849 0,001533
снялась 2,932674 0,005568
джа 2,644992 0,001674
гватемала 3,050457 0,001931
кулачные 2,564949 0,001623
лента 1,633391 0,002068
кырстя 4,436752 0,002808
терять 3,183989 0,002015
ханна 2,564949 0,001623
итальянского 3,743604 0,002369
бессмысленно 3,338139 0,002113
ак 1,695912 0,001073
платим 3,743604 0,002369
уильямс 2,357310 0,004476
пассаро 4,436752 0,005616
замучили 3,183989 0,002015
эала 4,031286 0,007654
сам 1,871802 0,001185
сборная 0,711058 0,011701
сердце 3,050457 0,001931
правила 0,910391 0,001152
уэллс 4,436752 0,002808
иванишевич 4,436752 0,002808
циципас 2,134166 0,005403
бо 2,185460 0,001383
придавала 5,129899 0,003247
сафин 3,743604 0,002369
йонна 2,421849 0,001533
партии 3,338139 0,002113
эалы 5,129899 0,003247
приложения 2,185460 0,002766
наши 1,323236 0,000837
кхл 0,760451 0,000481
россии 0,160085 0,001520
алонсо 2,421849 0,001533
ru 0,285712 0,000723
кубок 0,524729 0,003321
третий 1,416327 0,000896
во 0,495170 0,000313
рублей 2,038856 0,001290
уорриорз 2,490841 0,001576
уже 0,687247 0,000435
отбирать 4,436752 0,002808
рублев 2,296685 0,004361
беллингем 2,644992 0,001674
одержал 1,871802 0,002369
ваши 2,564949 0,001623
мячи 2,490841 0,003153
вы 0,325878 0,000206
матчболов 4,436752 0,002808
барселона 1,834062 0,001161
free 3,520461 0,002228
зарплаты 2,239527 0,001417
пары 2,296685 0,001454
мэттьюс 2,644992 0,001674
турниры 0,895792 0,004536
отличную 4,031286 0,002551
го 1,279751 0,000810
store 2,490841 0,001576
извините 5,129899 0,003247
удивляемся 5,129899 0,003247
виктор 1,574551 0,000997
серохвостов 2,644992 0,001674
рассказала 2,296685 0,001454
медиафутбол 2,564949 0,001623
куда 2,564949 0,001623
софья 2,564949 0,001623
чтобы 0,773190 0,000979
ibu 2,239527 0,001417
здесь 1,911023 0,002419
плей 1,002764 0,000635
open 1,871802 0,010662
де 0,955511 0,000605
третьем 1,951845 0,001235
турнира 0,839439 0,001594
до 0,239550 0,000303
фоньини 5,129899 0,003247
трусова 2,644992 0,001674
кристина 2,421849 0,001533
турнире 1,198073 0,000758
рождения 1,664163 0,001053
другое 1,834062 0,001161
трех 2,732003 0,003458
мирра 2,357310 0,005968
потом 2,564949 0,001623
перес 2,357310 0,001492
двух 1,002764 0,000635
яхты 5,129899 0,003247
us 2,038856 0,001290
ей 1,834062 0,001161
пьер 2,134166 0,001351
баскетбол 0,773190 0,000979
психологические 4,436752 0,002808
тейтум 2,564949 0,001623
whatabout 5,129899 0,012987
сидни 2,296685 0,001454
для 0,146292 0,000278
вселенная 5,129899 0,003247
support 2,490841 0,001576
сет 3,520461 0,002228
выберите 2,239527 0,002835
вид 1,104547 0,000699
кондратюк 2,644992 0,001674
mma 2,038856 0,001290
соперникам 2,827314 0,001789
сайнс 2,564949 0,001623
шлема 2,827314 0,001789
опешил 5,129899 0,003247
натворили 5,129899 0,003247
тренером 1,951845 0,001235
теннисиста 3,743604 0,002369
российского 1,603538 0,001015
что 0,239550 0,001516
александрова 3,520461 0,002228
поборется 4,031286 0,002551
за 0,125952 0,000558
ловят 5,129899 0,003247
малкин 2,564949 0,001623
щербакова 2,644992 0,001674
рейтинг 0,565551 0,000716
ганфманн 5,129899 0,003247
бивол 2,421849 0,001533
было 0,438551 0,000278
энтони 2,038856 0,001290
подробнее 0,723179 0,000458
милуоки 2,490841 0,001576
пользователей 2,038856 0,001290
плющенко 2,239527 0,001417
теннисисты 2,421849 0,001533
атман 4,436752 0,002808
босс 4,031286 0,002551
перейра 2,490841 0,001576
логинов 2,644992 0,001674
любой 2,038856 0,001290
петросян 1,441019 0,000912
женском 2,038856 0,001290
из 0,106018 0,000336
юве 3,338139 0,002113
играют 1,728701 0,001094
роналду 1,911023 0,001210
кристиан 2,644992 0,001674
ружич 4,436752 0,005616
августа 1,052361 0,000666
гонщики 2,564949 0,001623
ит 2,564949 0,001623
нба 1,546380 0,002936
их 0,799165 0,000506
настоящий 2,490841 0,001576
над 0,986764 0,002498
компаниипромокоды 2,644992 0,001674
тайсон 2,421849 0,001533
комментарий 3,050457 0,001931
спартак 0,786093 0,000995
хоккей 0,376309 0,000476
нам 1,797694 0,001138
вgoogle 2,644992 0,001674
бобровский 2,644992 0,001674
объясните 5,129899 0,003247
обязаны 3,338139 0,002113
ска 1,279751 0,000810
серундоло 4,436752 0,008424
здоровье 1,664163 0,001053
серию 1,466337 0,000928
серия 1,052361 0,000666
ски 1,069456 0,000677
цска 0,711058 0,000900
овечкин 1,762603 0,001116
моего 4,436752 0,002808
суперлига 1,574551 0,000997
ступак 2,644992 0,001674
мухова 4,436752 0,002808
ла 1,762603 0,001116
эмодзи 5,129899 0,003247
ле 2,038856 0,001290
вне 2,038856 0,001290
поколения 3,050457 0,001931
камила 2,357310 0,001492
никола 2,085376 0,001320
отыграла 4,436752 0,002808
елене 5,129899 0,003247
отстраненного 5,129899 0,003247
находящихся 2,185460 0,001383
взносах 3,743604 0,002369
норрис 2,421849 0,001533
вrustore 2,644992 0,001674
резцова 2,421849 0,001533
одержала 2,134166 0,001351
сити 1,546380 0,000979
сбора 2,296685 0,001454
конор 2,421849 0,001533
мг 2,296685 0,001454
гилджес 2,644992 0,001674
рафаэль 2,357310 0,001492
америке 2,564949 0,001623
побед 1,301257 0,000824
шарль 2,421849 0,001533
сетке 3,050457 0,001931
exxonmobil 5,129899 0,003247
сетка 3,050457 0,007723
теннисного 3,338139 0,002113
бостон 2,357310 0,001492
анны 4,031286 0,002551
вакансия 5,129899 0,003247
мы 0,925206 0,000586
мю 2,296685 0,001454
на 0,023953 0,000364
нечего 4,031286 0,002551
махачев 2,134166 0,001351
анна 1,797694 0,001138
капризов 2,564949 0,001623
не 0,099461 0,000252
использовать 1,603538 0,001015
левандовски 2,644992 0,001674
онлайн 0,773190 0,000489
феррари 2,490841 0,001576
но 0,402511 0,000510
количества 2,421849 0,001533
матчбола 5,129899 0,003247
ирвинг 2,490841 0,001576
контрольные 2,644992 0,001674
делрей 4,436752 0,002808
уровне 1,695912 0,003220
медалиста 5,129899 0,003247
ней 1,762603 0,001116
кучеров 2,357310 0,001492
об 0,217244 0,000275
уровень 2,038856 0,001290
нет 0,825834 0,000523
мужчины 1,019025 0,005805
он 0,534779 0,000338
даже 1,198073 0,000758
попырин 4,031286 0,002551
от 0,160085 0,000405
вappgallery 2,644992 0,001674
статистика 0,652562 0,000413
бокс 0,576022 0,000729
сведений 2,239527 0,001417
все 0,125952 0,000080
алькарас 2,134166 0,008104
challenger 2,490841 0,001576
алькараса 4,031286 0,002551
года 0,239550 0,000455
по 0,073653 0,000140
информации 1,518981 0,000961
правда 2,421849 0,001533
сведения 0,812411 0,000514
контрактов 3,743604 0,002369
федерер 4,436752 0,002808
оберг 2,644992 0,001674
круг 1,951845 0,001235
бунтарь 5,129899 0,003247
скоро 2,827314 0,001789
огне 5,129899 0,003247
втб 1,834062 0,001161
рб 2,357310 0,001492
отвечаю 3,743604 0,002369
селтикс 2,421849 0,001533
маккиннон 2,239527 0,001417
игроками 1,695912 0,001073
какой 1,911023 0,002419
видов 1,392229 0,000881
запустил 5,129899 0,003247
