сломила 4,436752 0,002453
формула 1,728701 0,002867
шайбы 2,827314 0,001563
легендарная 3,183989 0,001760
шайбу 3,520461 0,005838
пекина 4,436752 0,002453
играх 0,699082 0,000386
формулы 2,564949 0,001418
них 1,178655 0,000652
играл 1,762603 0,000974
со 0,447767 0,001485
центр 0,881403 0,001462
вратаря 1,834062 0,001014
одну 1,762603 0,000974
вратарь 1,728701 0,000956
под 0,723179 0,000400
разгромном 4,436752 0,004905
какими 4,031286 0,002228
реклама 0,735450 0,001626
немного 2,038856 0,001127
фото 0,799165 0,001767
лет 0,475938 0,000526
чемпионская 2,490841 0,002754
то 0,652562 0,000721
заявлению 4,031286 0,002228
финала 1,104547 0,001221
сейчас 1,104547 0,000611
четвертьфинал 1,951845 0,001079
матчах 1,574551 0,000870
металлург 1,994404 0,001102
главные 1,086847 0,001202
знакомые 4,436752 0,002453
назвал 1,323236 0,001463
поп 1,911023 0,001056
конфиденциальности 0,317714 0,000176
весь 1,951845 0,001079
вхл 1,664163 0,002760
билли 2,296685 0,001270
своей 1,002764 0,001663
драки 2,732003 0,001510
теперь 0,971016 0,001610
мужского 2,357310 0,005212
вытащил 5,129899 0,002836
итальянский 2,732003 0,001510
драка 3,338139 0,001845
драке 4,031286 0,002228
при 0,367725 0,000407
третьего 2,357310 0,007819
посмотреть 3,520461 0,001946
национальной 2,085376 0,001153
капитана 2,932674 0,001621
главный 1,035554 0,001717
сборную 1,633391 0,004515
шансов 2,564949 0,001418
rds 1,911023 0,001056
италию 3,338139 0,001845
италия 0,867219 0,000479
футзал 2,085376 0,001153
коннор 2,357310 0,002606
isu 1,603538 0,000886
сыграет 1,603538 0,001773
снова 1,574551 0,001741
увёз 5,129899 0,002836
кремля 2,490841 0,001377
овертайме 2,038856 0,007889
победе 1,951845 0,003237
берёт 2,932674 0,001621
олимпизм 1,466337 0,000811
трактором 3,338139 0,001845
датчан 5,129899 0,002836
спорта 0,342407 0,000379
победу 0,910391 0,004026
ждёт 3,050457 0,001686
хоккейного 2,564949 0,011343
яркое 3,050457 0,001686
могут 0,760451 0,000841
победы 0,971016 0,000537
закончила 3,050457 0,001686
италии 1,002764 0,001663
база 1,871802 0,001035
спаслась 3,183989 0,005280
гонка 1,871802 0,002069
стороны 1,546380 0,000855
макдэвид 2,421849 0,002678
один 0,711058 0,000393
противоречит 5,129899 0,002836
дают 2,421849 0,001339
старому 4,031286 0,002228
суперзвёзд 5,129899 0,002836
рекомендательные 1,762603 0,000974
содружества 1,518981 0,000840
сенсационно 3,338139 0,001845
чм 1,492313 0,002475
мотогонки 2,564949 0,001418
гонки 1,002764 0,000554
live 1,518981 0,003359
локомотив 0,910391 0,000503
выход 1,574551 0,000870
последний 0,773190 0,000427
наций 1,797694 0,000994
трудом 3,050457 0,003373
натан 4,436752 0,002453
участием 1,518981 0,001679
четырёхлетия 4,436752 0,002453
сша 0,586604 0,002918
спортивном 2,038856 0,001127
киберспорт 1,762603 0,000974
самбо 1,994404 0,001102
подряд 1,258698 0,000696
brave 2,564949 0,001418
сборные 0,839439 0,000464
конференций 1,728701 0,000956
прервало 4,436752 0,007358
занатта 4,436752 0,002453
лучшие 1,019025 0,000563
секунд 1,994404 0,003307
смеются 4,436752 0,002453
игроки 0,986764 0,001091
лучший 1,368699 0,000757
ranynuevrg 2,564949 0,001418
команде 1,258698 0,000696
будут 1,392229 0,001539
команды 0,555188 0,000614
лучших 1,198073 0,000662
pfl 2,421849 0,001339
очки 1,466337 0,003242
команду 1,217876 0,000673
очка 1,574551 0,000870
жизни 1,122566 0,000621
сын 2,644992 0,001462
золото 1,217876 0,000673
нужно 1,492313 0,000825
нереалистичным 4,436752 0,002453
скелетон 1,258698 0,000696
олимпиад 2,564949 0,001418
концовке 2,932674 0,001621
топовые 4,031286 0,002228
кросби 1,994404 0,007717
куньлуне 5,129899 0,002836
совместный 4,436752 0,002453
француз 2,827314 0,001563
разочарования 5,129899 0,002836
сборных 1,911023 0,002113
ткачук 5,129899 0,002836
его 0,447767 0,000743
реванше 5,129899 0,002836
шорт 1,086847 0,000601
помню 4,436752 0,002453
com 0,925206 0,000511
нхл 0,925206 0,002046
турнир 0,699082 0,000773
фонбет 1,466337 0,000811
уничтожили 4,436752 0,002453
драконов 3,743604 0,006208
горнолыжный 1,301257 0,001439
аравия 1,951845 0,001079
мира 0,367725 0,002033
полевыми 3,338139 0,005536
табло 2,357310 0,001303
точно 1,911023 0,001056
дрифт 2,421849 0,001339
корешков 3,338139 0,003691
выиграют 3,743604 0,002069
канал 2,038856 0,001127
дорого 5,129899 0,002836
эх 4,436752 0,002453
почему 1,122566 0,000621
тренировки 1,546380 0,000855
когда 0,652562 0,000361
паралимпиада 2,490841 0,001377
гандбол 1,178655 0,000652
звёздных 4,031286 0,002228
маклин 4,031286 0,002228
шахматы 1,871802 0,001035
чего 1,345709 0,000744
всухую 3,183989 0,001760
футболу 1,492313 0,000825
паралимпиаде 2,490841 0,001377
кадр 5,129899 0,002836
возможные 3,520461 0,003892
выигрывает 2,732003 0,001510
ялонен 4,436752 0,004905
полная 1,834062 0,002028
аутсайдеру 5,129899 0,002836
придётся 4,031286 0,002228
жара 3,338139 0,001845
мощь 3,520461 0,001946
матчей 0,940244 0,003638
гордится 4,436752 0,004905
против 0,747872 0,000827
другие 0,384967 0,000213
профессиональный 1,834062 0,001014
там 1,603538 0,000886
фифа 1,728701 0,000956
трактора 3,520461 0,005838
любительский 2,085376 0,001153
где 0,675551 0,000373
активный 2,490841 0,001377
прибалтов 5,129899 0,002836
оказала 4,436752 0,002453
других 0,853233 0,000472
раскрыть 2,564949 0,001418
кринон 4,031286 0,002228
англия 1,574551 0,000870
вновь 1,574551 0,000870
применяются 1,466337 0,000811
трансферы 1,664163 0,000920
championat 1,834062 0,001014
быть 0,773190 0,000427
окко 2,490841 0,001377
него 1,368699 0,001513
федерации 0,663991 0,000367
сериалы 2,421849 0,001339
обыграв 2,134166 0,002359
разницей 2,827314 0,001563
пьера 3,520461 0,001946
швеции 1,664163 0,000920
окончен 2,932674 0,008106
есть 0,812411 0,000898
вылет 2,932674 0,001621
ледовые 2,564949 0,001418
спорт 0,224624 0,000745
таки 2,296685 0,001270
мобильная 0,608110 0,000336
кленовые 4,436752 0,002453
франция 1,122566 0,000621
этот 0,825834 0,000457
шоу 1,441019 0,000797
стало 1,217876 0,000673
бронзовые 2,239527 0,001238
информационном 2,239527 0,001238
швеция 1,345709 0,002232
легенды 1,994404 0,001102
знаете 2,185460 0,002416
франции 1,035554 0,000572
фехервари 4,436752 0,002453
высказался 1,797694 0,001988
крунур 5,129899 0,002836
зачёт 1,951845 0,002158
работал 3,743604 0,002069
первая 0,867219 0,000479
важно 2,827314 0,001563
российские 1,301257 0,000719
rss 2,085376 0,002306
женщины 0,881403 0,000487
раз 0,504926 0,000558
чемпионат 0,277868 0,001843
киберклубы 2,564949 0,001418
испания 1,466337 0,000811
засчитали 3,338139 0,001845
тех 1,217876 0,000673
выиграть 1,466337 0,000811
эдмонтоне 5,129899 0,002836
бубник 5,129899 0,002836
версия 0,485508 0,000805
ему 1,323236 0,001463
смотреть 1,695912 0,000937
обратился 3,338139 0,001845
шесть 1,546380 0,002564
выгнанный 4,436752 0,002453
последниевсе 2,564949 0,001418
европы 0,524729 0,000870
спартаком 2,185460 0,002416
без 0,466460 0,000258
дома 1,695912 0,005625
трансляции 1,441019 0,000797
салавата 3,520461 0,005838
соответствии 1,086847 0,000601
передачи 2,134166 0,004719
atp 1,994404 0,003307
завтра 1,951845 0,001079
евро 1,466337 0,000811
виды 0,773190 0,001282
erid 2,239527 0,003714
итоги 1,834062 0,001014
сопротивления 3,743604 0,002069
период 1,159607 0,001282
рублёв 3,338139 0,001845
сопротивление 2,827314 0,001563
mdvh 2,564949 0,001418
больно 4,436752 0,002453
фортуна 2,490841 0,001377
старые 2,490841 0,001377
чехами 4,436752 0,002453
олимпийского 1,603538 0,004432
канаду 2,490841 0,004131
евролига 1,664163 0,000920
android 2,185460 0,001208
чемпионата 0,735450 0,001220
победной 4,436752 0,004905
поражении 3,183989 0,003520
ростов 1,002764 0,000554
тесты 1,871802 0,001035
счастлив 3,520461 0,001946
после 0,317714 0,000703
астаны 5,129899 0,002836
южная 1,797694 0,000994
букмекеров 1,198073 0,001987
поражений 2,490841 0,004131
вышел 1,574551 0,000870
жест 3,338139 0,001845
статьи 0,524729 0,000290
канада 1,301257 0,012229
бобслей 1,238078 0,000684
сельта 2,932674 0,001621
трансляция 2,239527 0,001238
контакты 1,258698 0,000696
шокировал 4,031286 0,002228
двумя 1,664163 0,000920
хайкин 3,050457 0,001686
lifestyle 2,490841 0,001377
бесславный 5,129899 0,002836
правовая 2,296685 0,001270
лыжах 1,178655 0,000652
канады 1,217876 0,006732
медведев 1,834062 0,001014
звёздная 4,436752 0,002453
play 1,441019 0,000797
хоккеистами 4,031286 0,002228
полную 3,520461 0,001946
финишную 3,520461 0,001946
ови 2,490841 0,001377
волевую 3,520461 0,009730
гол 1,546380 0,000855
прочие 1,345709 0,005951
выходит 2,932674 0,001621
нанёс 4,031286 0,002228
образе 2,421849 0,001339
международный 1,258698 0,000696
кузнецов 2,421849 0,001339
интера 2,732003 0,001510
матч 0,411400 0,001137
прочее 1,834062 0,001014
боброву 5,129899 0,002836
гения 3,743604 0,002069
динамо 0,663991 0,002202
прогнозы 2,085376 0,001153
российскими 2,932674 0,001621
покинет 3,520461 0,001946
сегодня 0,881403 0,000974
молодёжные 2,490841 0,001377
самое 2,085376 0,001153
драконами 4,436752 0,002453
команд 1,178655 0,000652
досматривал 4,436752 0,002453
полуфинал 1,633391 0,004515
омске 3,743604 0,002069
властимил 4,436752 0,002453
давид 2,932674 0,001621
лига 0,402511 0,002448
тяжёлом 3,338139 0,001845
евгения 2,421849 0,001339
смотрел 3,520461 0,001946
истории 0,630089 0,000697
олимпиаде 0,895792 0,006437
топ 1,238078 0,003422
олимпиада 1,104547 0,015875
барс 1,695912 0,000937
календарь 0,735450 0,000407
гарантированно 5,129899 0,002836
коннору 5,129899 0,002836
олимпиаду 1,664163 0,001840
главная 1,323236 0,000731
история 0,555188 0,000614
тре 5,129899 0,002836
олимпиады 0,925206 0,006137
почти 1,323236 0,000731
звезда 1,871802 0,001035
предстанет 4,031286 0,002228
волевой 4,031286 0,002228
евгений 1,258698 0,000696
клубный 1,871802 0,001035
бои 1,633391 0,000903
никакого 3,743604 0,002069
листья 4,436752 0,002453
челябинске 3,050457 0,001686
площадке 2,085376 0,003458
железо 2,564949 0,001418
третью 3,183989 0,005280
лыжи 1,019025 0,001127
всеволоду 5,129899 0,002836
катание 0,534779 0,000887
селянне 4,436752 0,002453
саудовская 1,951845 0,001079
попали 2,564949 0,001418
отдушина 5,129899 0,002836
айван 4,436752 0,002453
трамплина 1,159607 0,001282
биннингтон 4,436752 0,002453
громила 5,129899 0,002836
париже 1,664163 0,000920
начинается 1,994404 0,002205
ufc 1,441019 0,000797
чемпионов 0,652562 0,001443
условия 0,411400 0,000227
болельщикам 2,296685 0,001270
шайб 2,490841 0,004131
джордан 3,050457 0,001686
финал 1,258698 0,000696
играет 1,994404 0,001102
единая 1,728701 0,000956
поведение 2,932674 0,001621
рпл 1,140915 0,001261
ещё 0,420369 0,000930
фаворитов 2,827314 0,001563
медальный 1,911023 0,002113
теннис 0,495170 0,000821
dota 2,490841 0,001377
гагарина 2,085376 0,001153
фигурное 0,534779 0,000887
юлаева 4,031286 0,006685
ставки 1,603538 0,000886
должно 1,762603 0,000974
забили 2,421849 0,001339
александр 0,925206 0,000511
а 0,209918 0,000116
б 1,466337 0,000811
в 0,017911 0,000614
е 0,867219 0,000479
гайды 2,564949 0,001418
чехии 1,911023 0,008451
кому 2,644992 0,001462
и 0,023953 0,000410
политика 0,239550 0,000132
й 0,825834 0,000457
к 0,132686 0,000147
велоспорт 1,178655 0,000652
м 0,534779 0,000296
альпинизм 1,323236 0,002194
о 0,042302 0,000164
с 0,036149 0,000520
она 0,825834 0,000913
перфлюенс 2,564949 0,001418
у 0,342407 0,001136
победного 3,338139 0,003691
х 0,986764 0,001091
выгнали 3,743604 0,002069
авто 0,925206 0,000511
они 0,760451 0,000841
удивительный 4,436752 0,002453
я 0,853233 0,000472
сочи 0,853233 0,000472
футбол 0,285712 0,000632
четвертьфиналу 5,129899 0,002836
атлетика 1,052361 0,001163
драйзайтля 5,129899 0,002836
шестью 2,732003 0,004531
регби 0,955511 0,000528
четвертьфиналы 2,732003 0,003020
макдэвида 4,436752 0,002453
дэвиса 1,633391 0,000903
ресурсе 2,296685 0,001270
црвена 2,644992 0,001462
мячом 1,104547 0,000611
абсолютно 3,183989 0,001760
четвертьфинале 1,994404 0,003307
ооо 1,871802 0,003104
тренд 5,129899 0,002836
okko 2,357310 0,001303
гаджеты 2,421849 0,001339
тюрьму 4,436752 0,002453
победитель 1,258698 0,000696
вырвала 3,183989 0,005280
суперкары 2,564949 0,001418
мобильное 2,296685 0,001270
лишки 4,436752 0,004905
отыгрался 3,338139 0,005536
своего 1,368699 0,000757
сноуборд 1,238078 0,001369
показать 0,825834 0,000913
американцы 2,932674 0,001621
пляжный 1,728701 0,001911
крутой 3,743604 0,002069
мма 1,069456 0,001774
ключевой 3,743604 0,004139
олимпийские 0,895792 0,000495
вылетели 3,338139 0,001845
вшестером 4,436752 0,002453
олимпийский 0,853233 0,000472
заменившая 4,436752 0,002453
млс 2,296685 0,001270
игр 0,367725 0,000813
пастрняк 4,436752 0,002453
кринона 4,436752 0,002453
гран 1,518981 0,001679
волейбол 1,019025 0,001127
видео 0,699082 0,010434
чехия 1,518981 0,011756
биатлон 0,534779 0,000887
плавание 1,198073 0,000662
олимпийских 0,799165 0,000442
шлем 1,951845 0,001079
эфир 2,085376 0,002306
марнера 3,743604 0,004139
раздевалку 2,932674 0,001621
шанхайских 3,743604 0,006208
мог 1,762603 0,000974
одного 1,140915 0,000631
видеообзор 3,743604 0,008278
кажется 2,644992 0,001462
момент 1,301257 0,002158
counter 1,911023 0,001056
биться 5,129899 0,002836
предолимпийского 5,129899 0,002836
шанхайские 2,827314 0,001563
хоккею 1,603538 0,001773
любимым 3,338139 0,001845
бред 4,436752 0,002453
среды 2,827314 0,001563
джин 2,134166 0,001180
вторая 1,345709 0,000744
ranym 2,564949 0,001418
швейцария 1,603538 0,004432
скидки 2,239527 0,001238
козырев 3,338139 0,003691
унизительная 4,436752 0,007358
латвия 1,834062 0,001014
кузнецова 3,183989 0,001760
швейцарии 2,296685 0,005078
четверга 3,050457 0,001686
братья 2,932674 0,001621
wta 2,038856 0,003381
большой 1,069456 0,000591
гренобля 4,436752 0,002453
результаты 0,910391 0,003020
офф 1,019025 0,000563
позору 4,436752 0,002453
матча 1,002764 0,004435
матчи 0,773190 0,001282
торпедо 1,574551 0,004352
олимпийскому 3,520461 0,001946
матче 0,747872 0,002481
мск 2,421849 0,001339
гретцки 3,050457 0,001686
таланты 5,129899 0,002836
повторил 2,490841 0,002754
вчера 1,518981 0,000840
релизы 2,357310 0,001303
это 0,277868 0,000922
интересное 3,338139 0,001845
гордиться 4,436752 0,002453
легендарный 2,732003 0,001510
француза 3,743604 0,002069
эту 1,492313 0,000825
грезит 5,129899 0,002836
два 0,760451 0,000420
дохе 2,296685 0,001270
тяжёлая 1,633391 0,002709
этих 1,301257 0,000719
strike 2,564949 0,001418
две 1,019025 0,000563
квалификационном 2,827314 0,001563
назвали 2,644992 0,001462
тренер 0,895792 0,001486
новости 0,301585 0,002001
сломался 4,436752 0,002453
кошмара 4,436752 0,002453
северстали 2,932674 0,004863
или 0,576022 0,000318
финляндия 1,492313 0,004950
вышла 1,466337 0,003242
сыграют 2,490841 0,001377
отличие 1,834062 0,001014
вышли 1,797694 0,000994
ответил 2,185460 0,001208
северсталь 2,134166 0,003539
использования 0,393700 0,000218
повели 3,183989 0,001760
тренды 2,239527 0,001238
германия 1,140915 0,000631
финны 3,743604 0,002069
медалей 1,238078 0,000684
германию 2,827314 0,001563
падел 2,296685 0,001270
рейды 2,564949 0,001418
шведами 4,436752 0,002453
bellator 2,490841 0,001377
финляндии 2,421849 0,001339
игры 0,376309 0,000832
убогое 4,436752 0,002453
финляндией 4,436752 0,002453
февраля 0,232059 0,003977
шанхайскими 4,436752 0,002453
мхл 1,603538 0,002659
события 0,663991 0,000734
мнению 2,732003 0,001510
инн 2,490841 0,004131
германии 1,323236 0,000731
евротур 2,357310 0,001303
игре 1,198073 0,004636
вопрос 1,603538 0,000886
игра 1,301257 0,002877
раунде 1,951845 0,001079
вылететь 4,031286 0,002228
селебрини 3,520461 0,001946
ответ 2,644992 0,001462
шайбами 4,031286 0,002228
лёгкая 1,238078 0,001369
прыжки 1,019025 0,001127
прокуратура 5,129899 0,002836
кто 0,839439 0,000464
потеряли 3,183989 0,001760
полуфинальные 4,436752 0,004905
технологии 1,574551 0,000870
мотивация 2,490841 0,001377
недель 2,085376 0,002306
обсуждаемые 2,490841 0,001377
лилль 2,932674 0,001621
словакии 2,732003 0,003020
чешский 3,743604 0,002069
мчм 2,490841 0,001377
спартаку 2,732003 0,004531
уверены 4,031286 0,004457
победой 2,038856 0,001127
ак 1,695912 0,000937
сразится 4,436752 0,002453
борьбе 1,603538 0,000886
четвертьфиналов 3,520461 0,001946
борьба 1,002764 0,000554
приложение 1,994404 0,002205
сборная 0,711058 0,002358
одержав 2,644992 0,004386
циципас 2,134166 0,001180
моментом 3,743604 0,002069
шведы 3,183989 0,003520
санный 1,301257 0,000719
женский 1,441019 0,001593
паратриатлон 2,490841 0,001377
фристайл 1,279751 0,001415
гимнастика 1,238078 0,000684
уефа 1,466337 0,001621
наши 1,323236 0,000731
квалификации 1,951845 0,001079
кхл 0,760451 0,003363
пресс 1,086847 0,000601
россии 0,160085 0,001150
кубок 0,524729 0,002611
третий 1,416327 0,002349
сайта 1,574551 0,000870
уже 0,687247 0,001900
словаки 4,436752 0,002453
вы 0,325878 0,000360
ranymavgga 2,564949 0,001418
драконы 2,644992 0,001462
пары 2,296685 0,002539
судом 3,743604 0,002069
турниры 0,895792 0,001981
конце 1,518981 0,002519
россия 0,699082 0,000773
россию 1,951845 0,001079
горячий 2,932674 0,001621
кёрлинг 1,279751 0,000707
конца 1,546380 0,002564
рекорд 1,198073 0,001325
настольный 1,238078 0,000684
плей 1,002764 0,000554
ворота 1,797694 0,003975
шайбой 1,122566 0,000621
еврокубок 2,296685 0,001270
перед 0,839439 0,000464
полезные 2,296685 0,001270
турнира 0,839439 0,005104
до 0,239550 0,000397
турнире 1,198073 0,000662
отца 3,743604 0,002069
прямую 3,743604 0,002069
духу 5,129899 0,002836
очкам 2,644992 0,001462
квартальнов 3,050457 0,003373
начнётся 3,743604 0,002069
двух 1,002764 0,000554
трек 1,159607 0,000641
реслинг 2,564949 0,001418
кино 2,134166 0,001180
лыжное 1,279751 0,000707
кинг 2,239527 0,001238
ход 2,732003 0,001510
питание 2,357310 0,001303
баскетбол 0,773190 0,001282
кубка 0,825834 0,000913
паок 2,732003 0,001510
mls 2,421849 0,001339
сидни 2,296685 0,007618
которому 2,134166 0,001180
для 0,146292 0,000404
её 1,104547 0,001221
же 0,925206 0,001023
козлов 2,644992 0,001462
победив 2,564949 0,004254
попасть 2,185460 0,001208
секунды 2,490841 0,001377
чемп 2,564949 0,001418
что 0,239550 0,000397
медали 0,971016 0,000537
разорвали 5,129899 0,002836
за 0,125952 0,000975
победил 1,279751 0,000707
минское 2,564949 0,004254
соперника 1,279751 0,000707
рейтинг 0,565551 0,002501
призёры 2,564949 0,001418
медаль 1,416327 0,000783
голы 2,134166 0,004719
минского 2,827314 0,003126
было 0,438551 0,001212
ходу 1,834062 0,001014
сид 2,490841 0,001377
дня 1,104547 0,000611
была 0,652562 0,001443
гола 1,951845 0,002158
дакар 2,490841 0,001377
петросян 1,441019 0,000797
из 0,106018 0,000410
играют 1,728701 0,000956
овечкиным 4,031286 0,002228
близка 3,183989 0,001760
позволяет 2,239527 0,001238
участником 2,564949 0,001418
любит 2,421849 0,001339
койву 4,436752 0,002453
нба 1,546380 0,000855
буллитам 2,732003 0,004531
уэйн 4,031286 0,002228
над 0,986764 0,002727
домой 2,932674 0,001621
проснулся 4,436752 0,002453
хоккей 0,376309 0,002288
спартак 0,786093 0,000435
хоккее 2,038856 0,001127
знания 2,357310 0,001303
двоеборье 1,217876 0,000673
ска 1,279751 0,003537
дала 3,183989 0,001760
здоровье 1,664163 0,000920
серию 1,466337 0,002432
ски 1,069456 0,001774
ушёл 2,421849 0,001339
цска 0,711058 0,000786
ралли 2,357310 0,002606
полуфиналы 2,644992 0,001462
капитаном 2,732003 0,003020
овечкин 1,762603 0,000974
серии 1,159607 0,000641
максимум 2,827314 0,001563
суперлига 1,574551 0,001741
лыжные 1,140915 0,000631
младшие 2,564949 0,001418
конькобежный 1,238078 0,000684
присутствует 2,932674 0,001621
спас 3,520461 0,001946
которым 1,518981 0,000840
никаких 2,644992 0,001462
снукер 2,564949 0,001418
знаний 2,357310 0,001303
ли 1,198073 0,000662
снайперов 3,520461 0,001946
судейство 2,490841 0,001377
паратхэквондо 2,490841 0,001377
расклад 3,520461 0,003892
периода 2,085376 0,006917
узнала 4,031286 0,002228
одержала 2,134166 0,002359
америка 1,797694 0,001988
осенью 2,644992 0,001462
америки 1,695912 0,000937
уступил 1,994404 0,004410
собой 1,279751 0,000707
мн 2,490841 0,001377
евробаскет 2,490841 0,001377
блистать 5,129899 0,002836
сетка 3,050457 0,001686
забросило 4,436752 0,007358
отдых 2,421849 0,002678
количеству 1,574551 0,000870
сборной 0,825834 0,003196
травмы 1,492313 0,002475
на 0,023953 0,000556
победила 1,762603 0,000974
форвард 2,421849 0,001339
не 0,099461 0,000440
травму 1,911023 0,001056
забросила 4,031286 0,008914
онлайн 0,773190 0,001282
отправиться 3,743604 0,002069
но 0,402511 0,001780
ну 2,827314 0,001563
водные 0,867219 0,000479
об 0,217244 0,000360
любители 1,797694 0,000994
ои 0,812411 0,005389
мужчины 1,019025 0,000563
хоккейном 2,732003 0,001510
он 0,534779 0,000296
даже 1,198073 0,000662
году 0,630089 0,000697
от 0,160085 0,000796
обошлась 4,436752 0,002453
канадцем 4,436752 0,002453
правилами 1,323236 0,000731
статистика 0,652562 0,001443
бокс 0,576022 0,000955
адзурри 5,129899 0,002836
все 0,125952 0,000487
года 0,239550 0,000795
по 0,073653 0,000448
чехи 3,520461 0,003892
информация 1,035554 0,000572
юкка 4,436752 0,002453
круглосуточный 2,564949 0,001418
всё 1,159607 0,001282
очень 1,140915 0,000631
маккиннон 2,239527 0,004952
игроками 1,695912 0,003750
какое 3,050457 0,001686
ожидали 3,743604 0,002069
