ямаль 2,421849 0,000913
готов 2,038856 0,001536
австрии 2,421849 0,001825
банк 2,932674 0,002210
англии 2,038856 0,003073
новый 0,940244 0,000354
найк 5,129899 0,005799
буркина 3,520461 0,001326
рпл 1,140915 0,003009
майнц 4,031286 0,001519
оценил 2,185460 0,000823
выигрывать 3,338139 0,001258
bwin 4,436752 0,003343
ответили 3,050457 0,001149
fútbol 4,436752 0,003343
ахмат 1,217876 0,002294
литва 2,644992 0,003986
апл 1,871802 0,000705
вратаря 1,834062 0,002073
опозорился 3,743604 0,002821
болельщиками 3,050457 0,001149
league 3,183989 0,009598
карпин 3,050457 0,001149
польши 2,732003 0,002059
прошелся 5,129899 0,001933
конго 3,183989 0,001200
конфликт 2,357310 0,000888
мали 2,644992 0,000997
судан 3,743604 0,001411
македония 2,732003 0,001029
а 0,209918 0,001977
тв 1,633391 0,001231
б 1,466337 0,006630
клопп 3,743604 0,001411
в 0,017911 0,000202
г 0,925206 0,000349
д 0,895792 0,000338
реклама 0,735450 0,004711
е 0,867219 0,000327
фото 0,799165 0,000602
и 0,023953 0,000280
интер 1,633391 0,001231
настройки 4,031286 0,003038
текстильщик 2,932674 0,001105
комо 2,421849 0,000913
к 0,132686 0,001000
конмебол 3,743604 0,002821
м 0,534779 0,000201
премиум 5,129899 0,005799
дубае 2,357310 0,000888
н 0,895792 0,001013
о 0,042302 0,000255
п 1,086847 0,015561
венесуэла 3,338139 0,001258
с 0,036149 0,000082
матчам 3,183989 0,001200
обсуждаемое 5,129899 0,001933
челси 2,827314 0,001065
х 0,986764 0,006692
ловчев 3,743604 0,004232
китай 2,038856 0,004609
звезд 2,185460 0,002470
главные 1,086847 0,000410
назвал 1,323236 0,000499
кей 4,031286 0,001519
я 0,853233 0,006430
косово 3,338139 0,005031
бенфика 2,644992 0,000997
сочи 0,853233 0,001286
футбол 0,285712 0,000108
уэльс 2,932674 0,001105
индия 3,183989 0,001200
определил 3,520461 0,001326
месси 2,239527 0,000844
трогал 5,129899 0,001933
португалия 2,296685 0,007788
болгария 2,421849 0,003650
узбекистана 3,743604 0,002821
нападающего 2,564949 0,000966
a 1,392229 0,001049
црвена 2,644992 0,000997
азиатская 4,031286 0,003038
b 2,564949 0,001933
панатинаикос 3,743604 0,001411
никарагуа 3,743604 0,004232
дуран 3,338139 0,001258
время 0,384967 0,000290
китая 2,932674 0,002210
eredivisie 5,129899 0,003866
i 1,762603 0,001992
расистский 3,743604 0,002821
австрия 2,239527 0,005907
j 1,466337 0,001105
атлетико 1,911023 0,000720
исландия 2,644992 0,003986
k 3,520461 0,002653
про 1,301257 0,003922
ангола 3,520461 0,001326
винисиус 2,296685 0,001731
высший 2,564949 0,001933
часов 2,085376 0,000786
насьональ 5,129899 0,005799
символов 3,520461 0,001326
u 1,345709 0,001014
v 1,951845 0,002206
анжи 2,827314 0,001065
колумбия 3,183989 0,004799
премьершип 5,129899 0,011597
сборную 1,633391 0,003077
украина 1,871802 0,005642
de 1,871802 0,001411
псж 1,518981 0,001145
италия 0,867219 0,004575
верде 3,183989 0,001200
генк 4,436752 0,001672
вернется 3,338139 0,001258
шанс 2,185460 0,003294
либерия 4,031286 0,001519
лучшем 4,031286 0,001519
россиянин 2,185460 0,000823
эфиопия 3,338139 0,001258
украины 1,797694 0,001355
хайкина 3,050457 0,001149
сыграв 2,932674 0,001105
надо 2,038856 0,001536
австралия 2,239527 0,003375
прокомментировал 2,564949 0,000966
статусе 2,490841 0,000939
индонезия 3,050457 0,001149
нотифаи 5,129899 0,001933
отбор 2,564949 0,003866
недельное 5,129899 0,001933
новичке 4,436752 0,003343
геничу 5,129899 0,001933
бахрейн 4,031286 0,001519
рфс 2,564949 0,000966
межконтинентальный 3,520461 0,003979
мавритания 4,031286 0,001519
прокомментировала 3,183989 0,001200
млс 2,296685 0,002596
глушенков 3,743604 0,004232
южной 1,797694 0,001355
генича 3,183989 0,002399
афк 2,827314 0,002131
победы 0,971016 0,000366
вендел 2,490841 0,000939
корея 2,085376 0,003143
италии 1,002764 0,001889
определен 4,031286 0,001519
читайте 4,436752 0,003343
ноа 4,436752 0,001672
дзюба 2,134166 0,001608
раскрыли 3,520461 0,002653
электричества 4,436752 0,001672
всех 0,652562 0,000246
чехия 1,518981 0,002862
гостевая 2,827314 0,001065
рика 3,338139 0,005031
польша 2,185460 0,004941
подписались 4,436752 0,001672
чм 1,492313 0,012370
предложил 2,038856 0,000768
оформил 2,490841 0,001877
меньше 2,038856 0,000768
сассуоло 4,436752 0,001672
ливан 3,338139 0,001258
гвинея 3,520461 0,003979
локомотив 0,910391 0,003087
острова 2,932674 0,002210
мог 1,762603 0,001328
юнайтед 2,185460 0,000823
япония 1,994404 0,003006
намибия 3,520461 0,001326
мое 2,827314 0,001065
наций 1,797694 0,007451
отп 5,129899 0,003866
португальской 3,743604 0,002821
архив 1,258698 0,000949
досталось 3,520461 0,001326
участием 1,518981 0,000572
ноттингем 3,520461 0,001326
трубин 5,129899 0,001933
арсенал 1,466337 0,001105
сша 0,586604 0,001105
говорил 3,050457 0,002299
оранж 5,129899 0,003866
финансовой 2,932674 0,001105
отборочные 3,743604 0,026800
вторая 1,345709 0,003549
посетил 3,520461 0,002653
замену 2,827314 0,001065
пэлас 4,031286 0,001519
швейцария 1,603538 0,004229
мьянма 4,031286 0,001519
таджикистан 3,520461 0,005306
камерун 3,520461 0,001326
бакаев 3,183989 0,001200
латвия 1,834062 0,002764
девушка 3,338139 0,001258
вейккауслига 5,129899 0,005799
уделил 5,129899 0,001933
бубнов 3,520461 0,002653
короля 3,050457 0,002299
москва 0,760451 0,000287
океания 2,490841 0,002816
меню 2,932674 0,001105
сегунда 4,436752 0,006687
габон 3,520461 0,001326
греции 2,732003 0,002059
хорватская 3,183989 0,002399
одиночку 3,743604 0,001411
нигерия 3,050457 0,001149
биатлону 2,732003 0,001029
моя 2,185460 0,001647
сборные 0,839439 0,000949
зриньски 4,436752 0,001672
швейцарии 2,296685 0,001731
конференций 1,728701 0,003257
ливерпуль 1,994404 0,000751
скандал 1,871802 0,001411
бразилия 2,296685 0,006058
алкмаар 4,436752 0,001672
верона 4,436752 0,001672
команда 0,663991 0,001501
игроки 0,986764 0,000372
дания 2,085376 0,003929
лучший 1,368699 0,002063
селтик 3,520461 0,001326
результаты 0,910391 0,001029
новичок 2,732003 0,001029
балогун 5,129899 0,001933
расизма 4,436752 0,001672
игрока 1,492313 0,000562
греция 2,564949 0,006765
ивуар 3,338139 0,001258
команды 0,555188 0,000209
виктория 2,185460 0,000823
прогнозов 4,031286 0,003038
зенит 0,895792 0,003375
лучших 1,198073 0,000451
получать 3,338139 0,001258
бонусы 2,732003 0,001029
узбекистан 2,932674 0,006630
кумиров 4,436752 0,001672
матчи 0,773190 0,008449
команду 1,217876 0,002753
реал 1,492313 0,001125
матче 0,747872 0,001127
фареры 5,129899 0,005799
пономарев 3,520461 0,001326
хиль 4,436752 0,001672
портал 1,518981 0,000572
веке 1,994404 0,000751
золото 1,217876 0,002294
стать 1,441019 0,001086
травмах 3,743604 0,001411
повторил 2,490841 0,001877
работать 2,296685 0,000865
акрон 1,279751 0,002893
слова 1,574551 0,002373
бразилии 2,357310 0,001776
вчера 1,518981 0,020032
организовали 3,183989 0,001200
лещук 3,520461 0,002653
фарерские 3,520461 0,001326
кого 2,085376 0,001571
совместный 4,436752 0,001672
группа 1,834062 0,011057
объявил 2,185460 0,000823
азербайджана 3,520461 0,002653
малайзия 3,183989 0,001200
эту 1,492313 0,000562
аллсвенскан 5,129899 0,005799
шотландия 2,490841 0,007508
джей 4,031286 0,001519
парагвай 3,338139 0,005031
американец 3,050457 0,001149
канчельскис 3,743604 0,001411
глебова 3,520461 0,002653
метрового 3,743604 0,002821
либертадорес 3,743604 0,004232
головина 2,134166 0,000804
египет 3,183989 0,004799
высшая 2,185460 0,006588
взять 2,239527 0,001688
кот 3,338139 0,001258
синие 2,932674 0,001105
тренер 0,895792 0,000338
головину 3,520461 0,001326
таиланд 2,932674 0,001105
штутгарт 3,743604 0,001411
африканских 3,520461 0,005306
головин 2,085376 0,000786
новости 0,301585 0,001250
бенфикой 3,183989 0,001200
юрген 3,338139 0,001258
насмешил 5,129899 0,001933
хиддинк 4,031286 0,001519
финляндия 1,492313 0,002249
кордоба 3,743604 0,002821
кордобе 5,129899 0,001933
турнир 0,699082 0,003161
примейра 5,129899 0,003866
аравия 1,951845 0,007354
сафонов 2,644992 0,000997
инцидентом 3,743604 0,001411
красно 2,490841 0,000939
успокойтесь 4,436752 0,001672
мира 0,367725 0,001801
тренировку 2,644992 0,000997
критику 2,827314 0,001065
ответил 2,185460 0,002470
мостового 4,436752 0,001672
включить 3,183989 0,001200
конкакаф 3,338139 0,002516
пользовательское 2,185460 0,001647
уход 3,183989 0,001200
ямайка 2,932674 0,001105
мартовским 5,129899 0,001933
основного 2,185460 0,000823
замбия 3,520461 0,001326
югославия 2,421849 0,000913
брюгге 1,951845 0,000735
германия 1,140915 0,007308
мфл 3,520461 0,006632
покажем 5,129899 0,025128
гонконг 3,520461 0,001326
примеры 3,743604 0,001411
завершен 2,732003 0,003088
бельгия 2,296685 0,006058
когда 0,652562 0,000246
посоветовали 5,129899 0,001933
клаусура 5,129899 0,005799
футболе 2,239527 0,000844
миранчук 2,357310 0,000888
черногория 2,732003 0,004118
оренбург 1,323236 0,001994
аравии 3,338139 0,002516
карьеры 2,085376 0,000786
памяти 2,564949 0,000966
сенегал 3,520461 0,001326
первый 0,687247 0,001813
примера 4,031286 0,045568
кристал 4,436752 0,001672
марсель 3,338139 0,001258
ссср 0,940244 0,000354
февраля 0,232059 0,000699
романцева 4,436752 0,001672
минут 1,258698 0,000474
осень 3,050457 0,004598
беспроигрышную 3,183989 0,001200
полная 1,834062 0,000691
германии 1,323236 0,001994
буде 2,564949 0,001933
марино 2,827314 0,001065
бельгии 3,338139 0,002516
словакия 1,834062 0,002764
футболиста 2,421849 0,000913
цитат 5,129899 0,001933
соревнования 0,663991 0,000250
мбаппе 2,239527 0,000844
boliviano 5,129899 0,003866
чемпионшип 4,436752 0,011702
ваш 2,732003 0,004118
матчей 0,940244 0,000354
фифа 1,728701 0,001303
румыния 2,239527 0,003375
ньюкасла 3,520461 0,003979
фиганы 4,436752 0,001672
бундеслига 2,134166 0,010454
других 0,853233 0,000321
чили 2,932674 0,004420
краснодара 2,490841 0,001877
винисиуса 2,644992 0,001993
раскрыты 5,129899 0,001933
реакция 3,520461 0,001326
fonbet 2,827314 0,001065
англия 1,574551 0,015425
сменить 2,564949 0,000966
покер 2,564949 0,001933
трансферы 1,664163 0,000627
рубин 1,217876 0,003212
лилль 2,932674 0,001105
мозамбик 3,520461 0,001326
конкурс 2,827314 0,002131
болонья 4,436752 0,001672
уличил 5,129899 0,001933
кипра 4,436752 0,003343
краснодару 2,644992 0,000997
советов 1,217876 0,001836
лента 1,633391 0,000615
аз 3,743604 0,001411
дебютном 3,183989 0,002399
молодежный 3,520461 0,001326
сирия 3,520461 0,001326
зимний 2,296685 0,004327
балтика 1,258698 0,002371
поддержал 2,827314 0,001065
ботсвана 3,743604 0,001411
грузия 2,644992 0,003986
задуматься 3,743604 0,001411
мальта 3,050457 0,001149
национальный 2,644992 0,005980
молдавия 5,129899 0,001933
франция 1,122566 0,006345
загреб 3,520461 0,001326
казахстана 2,827314 0,002131
гамбург 3,520461 0,001326
сан 2,085376 0,000786
кабо 3,338139 0,001258
сборная 0,711058 0,000268
правила 0,910391 0,000686
африка 2,644992 0,003986
соперники 2,490841 0,000939
тунис 3,520461 0,001326
продлил 2,827314 0,001065
швеция 1,345709 0,002028
африки 2,932674 0,001105
франции 1,035554 0,001561
высказался 1,797694 0,000677
иордания 3,520461 0,001326
переходе 2,239527 0,001688
спартаке 2,827314 0,001065
азербайджан 2,644992 0,005980
спартака 1,633391 0,003077
супер 3,183989 0,004799
бы 1,052361 0,000397
остаются 2,732003 0,001029
уефа 1,466337 0,001658
гамбия 3,743604 0,001411
россии 0,160085 0,000603
ru 0,285712 0,000108
пасы 5,129899 0,001933
испании 1,834062 0,003455
кубок 0,524729 0,013840
первая 0,867219 0,007515
во 0,495170 0,000373
игрок 1,258698 0,002371
бранн 5,129899 0,001933
сайта 1,574551 0,000593
сьерра 3,520461 0,001326
мужской 2,134166 0,000804
сайте 1,217876 0,000459
впервые 0,839439 0,000316
бенин 3,520461 0,001326
сейвы 4,436752 0,001672
общая 2,296685 0,000865
рекопа 4,031286 0,003038
возглавить 2,932674 0,001105
чемпионат 0,277868 0,001256
мячи 2,490841 0,002816
барселона 1,834062 0,000691
паса 3,743604 0,001411
испания 1,466337 0,007735
кипр 3,050457 0,006896
зенита 1,797694 0,002032
турниры 0,895792 0,000675
уничтожил 5,129899 0,003866
командой 1,664163 0,000627
мостовой 3,338139 0,001258
болельщиков 1,574551 0,000593
африканская 3,743604 0,002821
россия 0,699082 0,011590
экстракласа 5,129899 0,001933
рекорд 1,198073 0,000903
саудовской 3,338139 0,002516
европы 0,524729 0,000989
пари 1,301257 0,001961
израиль 2,490841 0,000939
способного 4,436752 0,001672
абы 3,338139 0,002516
всякие 4,436752 0,001672
панама 3,338139 0,001258
вопросу 3,743604 0,001411
пас 2,564949 0,001933
легенд 3,050457 0,001149
ворота 1,797694 0,001355
без 0,466460 0,000176
гондурас 3,520461 0,003979
казахстан 1,301257 0,005393
до 0,239550 0,000090
др 2,490841 0,000939
трансляции 1,441019 0,000543
экстракласса 5,129899 0,003866
лучше 1,695912 0,000639
гостях 2,239527 0,001688
адрес 2,038856 0,000768
фиорентина 3,743604 0,001411
форварда 2,357310 0,000888
моуринью 2,932674 0,001105
карабах 2,038856 0,002305
европа 2,134166 0,003217
люксембург 2,732003 0,004118
завтра 1,951845 0,000735
поражения 1,834062 0,000691
итоге 1,797694 0,000677
карабахом 4,031286 0,001519
блог 2,357310 0,000888
азия 2,564949 0,003866
мексика 2,644992 0,003986
азию 4,436752 0,001672
пока 1,159607 0,000437
манчестер 2,134166 0,001608
отреагировал 2,644992 0,000997
азии 2,085376 0,002357
кубка 0,825834 0,000933
паок 2,732003 0,001029
клуб 0,940244 0,000354
миллионов 1,911023 0,000720
судамерикана 5,129899 0,005799
великих 2,932674 0,001105
произошел 3,743604 0,001411
турнирная 1,441019 0,000543
отреагировали 3,050457 0,001149
выберите 2,239527 0,014345
палестина 3,743604 0,001411
эровнули 5,129899 0,005799
доминика 4,436752 0,001672
бавария 2,038856 0,000768
будущих 2,932674 0,001105
тренеров 1,728701 0,000651
национальная 1,574551 0,001780
оаэ 2,357310 0,003553
ростов 1,002764 0,001511
материалы 1,762603 0,000664
юар 2,490841 0,003754
дивизио 4,436752 0,005015
самую 2,827314 0,001065
что 0,239550 0,000181
хлусевича 2,932674 0,001105
краснодар 0,925206 0,003137
букмекеров 1,198073 0,000903
южная 1,797694 0,004064
за 0,125952 0,000237
статьи 0,524729 0,000395
победил 1,279751 0,000482
высказывания 4,031286 0,001519
фенербахче 3,520461 0,001326
канада 1,301257 0,000490
рейтинг 0,565551 0,000852
сельта 2,932674 0,001105
уругвай 3,183989 0,004799
голы 2,134166 0,001608
ирак 3,520461 0,001326
эредивизие 5,129899 0,003866
пользователей 2,038856 0,000768
шокирован 4,031286 0,001519
расистского 3,338139 0,002516
бесплатно 2,827314 0,003196
асмарал 2,932674 0,001105
иран 3,183989 0,001200
карабаха 4,436752 0,003343
венгрия 2,564949 0,003866
введите 5,129899 0,003866
дивизион 2,185460 0,017293
bombardir 4,436752 0,001672
гибралтар 4,031286 0,001519
элитсериен 5,129899 0,007732
из 0,106018 0,000120
играют 1,728701 0,000651
роналду 1,911023 0,000720
наш 2,357310 0,000888
тему 1,664163 0,000627
экваториальная 4,436752 0,001672
ягеллония 4,031286 0,001519
малави 3,743604 0,001411
больше 0,812411 0,000306
суперкубок 2,296685 0,020769
беларусь 1,368699 0,006704
бывшему 5,129899 0,001933
стыках 5,129899 0,001933
комментарий 3,050457 0,002299
нидерланды 1,728701 0,004559
эквадор 3,050457 0,004598
английской 2,932674 0,002210
спартак 0,786093 0,001777
элит 5,129899 0,003866
нас 1,492313 0,002811
гол 1,546380 0,001748
беларуси 2,644992 0,003986
liga 5,129899 0,007732
новостной 5,129899 0,001933
сперцян 3,743604 0,002821
босния 2,732003 0,004118
взял 2,185460 0,001647
словения 2,490841 0,003754
гость 4,436752 0,001672
милан 1,633391 0,001231
леоне 3,520461 0,001326
алжир 3,338139 0,001258
байер 1,994404 0,000751
серию 1,466337 0,000553
серия 1,052361 0,005551
цска 0,711058 0,002143
зимбабве 3,338139 0,001258
запоминаются 5,129899 0,001933
ганы 4,436752 0,001672
аргентина 2,421849 0,003650
россиян 1,762603 0,000664
марадоны 5,129899 0,001933
аналитический 4,436752 0,001672
эстония 2,490841 0,003754
даку 3,183989 0,001200
уганда 3,183989 0,001200
скандала 2,421849 0,001825
марокко 2,932674 0,001105
бомбардиры 2,357310 0,000888
матч 0,411400 0,000465
кп 3,743604 0,001411
суперлига 1,574551 0,015425
киргизия 4,436752 0,001672
гана 3,520461 0,001326
сербия 2,357310 0,003553
ирландия 2,421849 0,007300
генич 2,644992 0,002990
посоветовал 3,743604 0,001411
футбольных 2,038856 0,000768
ньюкасл 2,085376 0,002357
турция 2,421849 0,005475
олимпиакос 2,085376 0,000786
сборы 2,357310 0,000888
останавливался 5,129899 0,001933
эльче 4,031286 0,001519
серебро 1,871802 0,003526
динамо 0,663991 0,002502
составил 2,239527 0,000844
клубу 2,239527 0,000844
прогнозы 2,085376 0,000786
крылья 1,258698 0,001897
албания 2,932674 0,001105
катар 3,520461 0,005306
нидерландов 2,732003 0,002059
ли 1,198073 0,001354
уведомлений 2,564949 0,001933
женская 2,239527 0,002531
безграмотности 5,129899 0,001933
форест 3,520461 0,001326
вьетнам 3,520461 0,005306
президентом 1,834062 0,001382
побил 2,421849 0,000913
сегодня 0,881403 0,000332
вместо 1,633391 0,000615
президент 1,416327 0,000534
молдова 2,932674 0,003315
лч 2,185460 0,002470
случай 2,644992 0,000997
игнашевича 4,436752 0,001672
сити 1,546380 0,000583
америка 1,797694 0,001355
америки 1,695912 0,001278
лиги 0,895792 0,001688
коморские 5,129899 0,001933
глимт 2,038856 0,001536
футбольная 2,239527 0,005907
лиге 1,368699 0,000516
лига 0,402511 0,033821
рассказал 1,238078 0,000466
бисау 3,338139 0,001258
фабрегаса 5,129899 0,001933
брест 4,031286 0,001519
мх 1,728701 0,004559
фасо 3,520461 0,001326
сборной 0,825834 0,000933
опоздание 3,743604 0,001411
мы 0,925206 0,004532
на 0,023953 0,000108
топ 1,238078 0,000466
major 4,436752 0,003343
товарищеские 2,644992 0,005980
лихтенштейн 3,183989 0,001200
батраков 3,520461 0,005306
не 0,099461 0,000075
календарь 0,735450 0,001108
танзания 3,743604 0,001411
соглашение 1,834062 0,001382
нн 2,564949 0,003866
но 0,402511 0,000152
главная 1,323236 0,000499
бот 4,436752 0,001672
видеодуран 5,129899 0,001933
перу 3,338139 0,005031
уведомления 2,564949 0,000966
три 0,786093 0,000296
таблица 0,925206 0,001743
инфантино 3,520461 0,001326
звезда 1,871802 0,000705
гордон 3,050457 0,001149
клубный 1,871802 0,002821
андорра 3,050457 0,004598
норвегия 1,834062 0,003455
португалии 2,827314 0,004261
арабских 5,129899 0,005799
оман 3,743604 0,001411
вулверхэмптон 2,564949 0,000966
хорватия 2,357310 0,003553
нет 0,825834 0,000311
ои 0,812411 0,000306
армения 2,827314 0,004261
он 0,534779 0,000604
северная 2,357310 0,004441
семья 3,050457 0,001149
сатурн 2,732003 0,001029
бразильца 3,050457 0,001149
завершении 2,827314 0,001065
стабильную 4,436752 0,001672
статистика 0,652562 0,000492
третья 2,644992 0,005980
внимание 1,871802 0,000705
все 0,125952 0,001092
саудовская 1,951845 0,007354
комментатор 2,564949 0,001933
премьер 1,217876 0,019273
pari 1,603538 0,003021
по 0,073653 0,000111
soccer 2,827314 0,002131
тренере 3,743604 0,001411
герцеговина 2,732003 0,004118
sas 5,129899 0,003866
коста 2,932674 0,004420
атлетик 3,743604 0,001411
копа 5,129899 0,005799
орлов 2,827314 0,001065
оценили 3,050457 0,001149
ник 3,183989 0,002399
вся 2,564949 0,000966
проводит 2,038856 0,000768
эстафете 2,421849 0,000913
вничью 1,797694 0,000677
отличился 3,183989 0,001200
profesional 5,129899 0,003866
домашняя 2,564949 0,000966
чемпионов 0,652562 0,004672
боливия 3,520461 0,005306
рекорда 2,932674 0,001105
немцев 3,743604 0,001411
