артиллерии 5,129899 0,001615
latina 1,603538 0,000505
отличительные 4,031286 0,001269
англии 2,038856 0,000642
мамедов 3,743604 0,001179
уитмана 5,129899 0,001615
созданы 3,743604 0,001179
этому 1,728701 0,000544
экспорт 0,986764 0,000311
стал 0,586604 0,000369
петербургского 3,183989 0,001003
указан 1,301257 0,000410
водно 1,762603 0,000555
играх 0,699082 0,000220
ката 4,436752 0,001397
владение 3,050457 0,001921
ไทย 1,238078 0,000390
парного 3,743604 0,002357
них 1,178655 0,000371
см 0,955511 0,000903
日本語 1,035554 0,000326
со 0,447767 0,000282
парное 4,436752 0,009779
археологов 5,129899 0,001615
лезвии 4,436752 0,001397
одну 1,762603 0,000555
декабря 0,881403 0,000555
воду 1,492313 0,000470
slovenščina 1,345709 0,000424
под 0,723179 0,000911
парусный 1,574551 0,000496
заявление 0,867219 0,000273
людей 2,134166 0,000672
парном 2,932674 0,005540
одно 1,664163 0,000524
либела 5,129899 0,003230
пом 1,695912 0,000534
утверждениями 2,134166 0,000672
таких 1,762603 0,000555
немного 2,038856 0,000642
содержание 0,971016 0,000611
танцев 5,129899 0,001615
eesti 1,069456 0,000337
стандартных 3,743604 0,001179
лет 0,475938 0,000899
связь 1,392229 0,000438
появилась 2,185460 0,000688
ноги 2,296685 0,001446
čeština 1,035554 0,000326
то 0,652562 0,000411
взятые 4,031286 0,001269
такие 1,518981 0,000957
сложности 2,134166 0,001344
амер 3,743604 0,001179
оказалось 2,564949 0,000808
сейчас 1,104547 0,000348
относятся 2,490841 0,000784
проекты 1,198073 0,000377
викисклад 1,035554 0,000652
конька 4,436752 0,002794
britannica 1,518981 0,000478
kaszëbsczi 3,183989 0,001003
корфбол 1,762603 0,000555
коньки 2,564949 0,005653
каноэ 1,633391 0,000514
вяхямаа 5,129899 0,001615
конфиденциальности 0,317714 0,000100
прыжками 5,129899 0,001615
пятой 2,932674 0,000923
зрелом 5,129899 0,001615
мастерству 4,031286 0,001269
возникновение 3,183989 0,001003
slovenčina 1,069456 0,000337
встречаются 3,338139 0,001051
wikipedia 0,986764 0,000621
сложность 4,031286 0,001269
scott 4,031286 0,002539
gnd 1,392229 0,000438
побеждали 3,743604 0,001179
afrikaans 1,441019 0,000454
c 1,546380 0,000487
пре 5,129899 0,001615
македонски 1,258698 0,000396
при 0,367725 0,000232
опытным 5,129899 0,001615
отмечает 3,338139 0,001051
эстетичность 5,129899 0,001615
i 1,762603 0,001110
union 3,183989 0,001003
каната 1,762603 0,000555
про 1,301257 0,000410
популярен 2,932674 0,000923
ушу 1,728701 0,000544
состоялся 1,664163 0,001048
the 1,546380 0,000487
пахомова 5,129899 0,001615
данным 2,357310 0,000742
s 1,664163 0,000524
данный 2,357310 0,000742
викиновости 1,238078 0,000390
каждой 1,546380 0,000487
w 0,955511 0,000301
скачок 4,436752 0,001397
x 1,279751 0,000403
свидетельствуют 4,031286 0,002539
главных 1,994404 0,002512
также 0,663991 0,001045
роберт 2,185460 0,000688
литовская 2,085376 0,000657
член 2,644992 0,000833
العربية 1,069456 0,000337
фризский 1,762603 0,000555
чём 3,183989 0,001003
одном 1,603538 0,000505
зрителей 1,797694 0,000566
крейг 4,436752 0,001397
библиографических 1,323236 0,000417
разработчики 0,986764 0,000311
терминология 3,338139 0,001051
isu 1,603538 0,003029
траве 1,466337 0,000923
норвежская 1,603538 0,000505
тысячелетия 3,338139 0,001051
находиться 2,185460 0,000688
развлечение 4,031286 0,001269
почтовая 2,421849 0,006100
королева 3,743604 0,001179
правки 0,986764 0,000621
покоя 5,129899 0,001615
блоки 4,436752 0,001397
международного 1,911023 0,001805
летия 3,338139 0,001051
летию 3,743604 0,001179
однако 1,069456 0,000337
себя 0,940244 0,000296
tolışi 1,871802 0,000589
спорта 0,342407 0,002048
сальто 5,129899 0,001615
баскская 1,762603 0,000555
системе 0,867219 0,000546
уходят 3,183989 0,001003
система 1,695912 0,001068
каталогах 1,323236 0,000417
проектах 0,986764 0,000311
могут 0,760451 0,000718
находки 4,031286 0,002539
việt 1,140915 0,000359
отказ 0,910391 0,000287
сохранением 0,986764 0,000311
дзюдо 1,466337 0,000462
получил 1,002764 0,000316
описания 4,436752 0,001397
синхронное 1,664163 0,006812
саша 3,743604 0,001179
любителей 1,762603 0,001665
дисциплина 2,932674 0,000923
синхронном 4,436752 0,004191
сторону 2,085376 0,000657
фигур 4,031286 0,002539
иметь 2,239527 0,000705
прошли 1,762603 0,001665
колоссально 5,129899 0,001615
поддержки 2,644992 0,003331
входит 1,871802 0,000589
одиночные 3,520461 0,002217
выполненные 4,436752 0,001397
дисциплины 2,134166 0,002016
вперед 2,932674 0,002770
садовский 5,129899 0,001615
связных 5,129899 0,001615
разрядам 4,436752 0,001397
исполняются 5,129899 0,001615
гонки 1,002764 0,000631
вращениями 5,129899 0,001615
всеми 2,732003 0,000860
генрих 3,520461 0,002217
последний 0,773190 0,000487
вене 3,520461 0,001108
единого 3,050457 0,000960
майкл 2,564949 0,000808
демонстрация 4,031286 0,001269
возрастным 4,031286 0,001269
конгрессе 2,644992 0,000833
пересечения 3,743604 0,002357
архив 1,258698 0,000396
инвентарь 2,134166 0,000672
принимало 3,520461 0,001108
труд 4,031286 0,001269
некая 4,436752 0,001397
pdf 0,940244 0,000296
привлекательный 4,436752 0,001397
сша 0,586604 0,001662
описание 0,986764 0,000311
групп 2,296685 0,000723
передвижении 4,436752 0,001397
заменить 1,951845 0,000615
китайская 1,258698 0,000396
bahasa 1,086847 0,000684
мичиган 5,129899 0,001615
пластичность 5,129899 0,001615
release 3,743604 0,001179
tonya 5,129899 0,001615
тоня 5,129899 0,003230
букв 3,743604 0,002357
качество 3,050457 0,000960
через 0,971016 0,000611
lietuvių 1,140915 0,000359
одиночку 3,743604 0,001179
современное 1,574551 0,000496
стрельба 1,492313 0,000940
официально 1,159607 0,001095
красилов 5,129899 0,001615
лучшие 1,019025 0,000642
кайзер 5,129899 0,001615
состязаниях 3,520461 0,001108
секунд 1,994404 0,000628
словари 1,217876 0,000383
хейнс 5,129899 0,001615
команда 0,663991 0,000627
сквош 1,728701 0,000544
вклад 0,971016 0,000306
indonesia 1,086847 0,000342
команде 1,258698 0,000396
зрения 2,421849 0,000763
текст 0,986764 0,000311
команды 0,555188 0,000524
ноября 0,971016 0,000917
новейшая 5,129899 0,001615
архивная 1,633391 0,000514
esperanto 1,198073 0,000377
горшков 4,436752 0,001397
делятся 2,564949 0,000808
популяризации 3,338139 0,001051
закрепляются 4,436752 0,001397
обнаружены 4,031286 0,001269
перейти 0,867219 0,000546
существуют 1,441019 0,000454
телесериал 5,129899 0,001615
изменился 2,827314 0,000890
веке 1,994404 0,001256
показал 2,085376 0,000657
webcitation 2,038856 0,000642
уточнения 3,183989 0,001003
нужно 1,492313 0,000940
любые 3,183989 0,001003
одним 1,416327 0,000446
скелетон 1,258698 0,000396
спортсмена 1,834062 0,001732
українська 1,035554 0,000326
восьмёрок 4,436752 0,001397
дисциплин 3,050457 0,001921
аксель 3,743604 0,004715
совместные 4,031286 0,001269
лякросс 1,762603 0,000555
xviii 2,421849 0,000763
гидроблейд 5,129899 0,001615
перемещается 3,743604 0,001179
короткая 2,732003 0,001720
современном 2,644992 0,000833
петров 2,564949 0,001615
рэкетс 1,728701 0,000544
ответственности 0,971016 0,000306
выкрюков 5,129899 0,001615
сборных 1,911023 0,000602
перерывах 4,436752 0,001397
тщательному 5,129899 0,001615
его 0,447767 0,000141
гравюра 4,031286 0,001269
только 0,447767 0,000423
ndl 1,834062 0,000577
группы 1,695912 0,000534
php 0,986764 0,000311
cite 1,258698 0,000793
шорт 1,086847 0,000342
бадминтон 1,546380 0,000487
проходят 1,728701 0,001633
откатывают 5,129899 0,001615
сериал 4,436752 0,002794
движениях 4,031286 0,001269
võro 2,932674 0,000923
мире 1,198073 0,000377
правилам 1,664163 0,000524
выполняют 3,183989 0,001003
огромное 3,520461 0,001108
горнолыжный 1,301257 0,000410
лидирующие 3,338139 0,001051
мира 0,367725 0,001737
pages 0,986764 0,000311
причем 4,031286 0,001269
шестибалльная 5,129899 0,001615
frysk 1,762603 0,000555
классического 3,050457 0,000960
лутца 5,129899 0,001615
ориентировочные 5,129899 0,001615
гэльский 1,762603 0,000555
picard 2,827314 0,000890
колено 3,743604 0,001179
создавалась 4,436752 0,001397
когда 0,652562 0,000411
позицией 3,520461 0,001108
включено 3,338139 0,001051
базовых 3,183989 0,002005
всего 0,812411 0,000512
ব 1,416327 0,000446
фигуристы 2,490841 0,005490
танцах 4,031286 0,005077
гандбол 1,178655 0,001113
ল 1,416327 0,000446
общие 2,827314 0,000890
координационным 5,129899 0,001615
фигуристов 3,520461 0,003325
svenska 1,035554 0,000326
включены 2,357310 0,002227
годов 1,301257 0,000819
общий 2,038856 0,000642
фигурист 2,932674 0,003694
назад 1,140915 0,001078
перетяжек 5,129899 0,001615
аракава 5,129899 0,001615
чего 1,345709 0,000424
моторный 1,762603 0,000555
куки 0,971016 0,000306
хюблер 4,436752 0,002794
дополнение 3,338139 0,001051
ссср 0,940244 0,001184
издания 2,421849 0,000763
доступен 0,971016 0,000306
будо 1,762603 0,000555
укороченную 4,436752 0,001397
обществу 3,743604 0,001179
джексон 4,031286 0,002539
продемонстрировать 4,031286 0,002539
выполнить 3,050457 0,000960
основания 1,834062 0,001155
гастролями 5,129899 0,001615
уточнить 3,743604 0,001179
виталия 3,743604 0,001179
германская 3,520461 0,001108
чемпионы 1,871802 0,001179
состоялись 2,564949 0,000808
произвольная 3,520461 0,002217
фехтование 1,546380 0,000487
статус 1,871802 0,000589
общее 2,357310 0,000742
перетягивание 1,762603 0,000555
спиралей 5,129899 0,001615
нестандартных 3,743604 0,001179
главной 2,732003 0,001720
элементами 3,520461 0,002217
матчей 0,940244 0,000296
против 0,747872 0,000235
тодес 5,129899 0,001615
другие 0,384967 0,000242
так 0,597299 0,000564
целью 1,797694 0,000566
разрешены 2,732003 0,000860
там 1,603538 0,000505
зубцовым 5,129899 0,001615
французский 1,392229 0,000438
interlingua 1,603538 0,000505
федерация 1,002764 0,000316
примечания 1,002764 0,000631
развиваться 2,932674 0,000923
где 0,675551 0,000213
зубцовые 5,129899 0,001615
общества 2,827314 0,000890
других 0,853233 0,001075
источников 1,518981 0,001913
юниоры 2,732003 0,000860
буга 5,129899 0,001615
участвовать 1,518981 0,000957
точки 2,421849 0,000763
сообщить 0,799165 0,000252
повороты 3,338139 0,001051
пятиборье 1,574551 0,000496
европейским 4,031286 0,001269
быть 0,773190 0,000243
физкультура 2,421849 0,003050
него 1,368699 0,000431
критериями 4,436752 0,001397
федерации 0,663991 0,000209
teaser 5,129899 0,001615
ласточки 5,129899 0,001615
швеции 1,664163 0,001572
ласточка 5,129899 0,001615
синхронному 3,743604 0,007072
скалолазание 1,728701 0,000544
есть 0,812411 0,001023
корнями 3,743604 0,001179
волчок 4,031286 0,002539
хмара 5,129899 0,001615
линия 2,296685 0,000723
спорт 0,224624 0,000707
конный 1,664163 0,000524
содержат 5,129899 0,001615
прошлом 2,239527 0,000705
этом 0,565551 0,000534
мобильная 0,608110 0,000191
english 0,925206 0,000583
exclusive 4,436752 0,001397
недоступные 3,520461 0,001108
этот 0,825834 0,000780
четыре 1,140915 0,000359
сказать 2,932674 0,000923
марка 2,038856 0,005136
suomi 1,052361 0,000331
допускаются 3,183989 0,001003
колесо 4,031286 0,001269
образованию 3,520461 0,001108
друг 1,834062 0,000577
целого 3,338139 0,001051
feinberg 5,129899 0,003230
qaraqalpaqsha 2,038856 0,000642
бронзовый 2,038856 0,000642
бронзовым 3,338139 0,001051
глава 1,546380 0,000974
франции 1,035554 0,000326
художественная 1,633391 0,000514
известные 2,185460 0,000688
являются 1,466337 0,000923
ныне 2,357310 0,000742
чайковская 5,129899 0,001615
можно 1,002764 0,000631
стали 0,971016 0,000306
восьмерки 5,129899 0,001615
основное 2,134166 0,000672
română 1,122566 0,000353
железа 4,031286 0,001269
фигуристки 2,932674 0,000923
немецкие 2,932674 0,001847
français 1,019025 0,000321
привел 4,031286 0,001269
зачёт 1,951845 0,000615
немецкий 2,421849 0,000763
медж 5,129899 0,001615
элемент 0,955511 0,000301
nkc 1,574551 0,000496
спортивные 1,104547 0,002434
женщине 5,129899 0,001615
аглая 5,129899 0,001615
направления 3,050457 0,000960
высокой 2,421849 0,000763
стоя 2,932674 0,001847
пётр 2,644992 0,000833
выступление 1,762603 0,000555
прослушивают 5,129899 0,001615
спортивным 2,296685 0,000723
состоят 2,827314 0,000890
рубен 3,743604 0,001179
требования 2,421849 0,002288
физ 4,436752 0,001397
впервые 0,839439 0,000264
oʻzbekcha 1,140915 0,000359
мужском 2,644992 0,000833
женщины 0,881403 0,000555
красивую 5,129899 0,001615
раз 0,504926 0,000159
чемпионат 0,277868 0,001312
проходит 1,633391 0,000514
спортивных 1,279751 0,001209
ўзбекча 1,140915 0,000359
случайная 0,986764 0,000311
latviešu 1,052361 0,000331
плавность 5,129899 0,001615
танцоры 5,129899 0,001615
пожалуйста 1,633391 0,000514
президента 1,762603 0,000555
анарио 5,129899 0,001615
скольжение 4,031286 0,001269
борода 5,129899 0,001615
постоянная 0,986764 0,000311
указанием 0,986764 0,000311
версия 0,485508 0,000611
спустя 1,911023 0,000602
запрещенные 5,129899 0,001615
reporter 5,129899 0,001615
мужское 3,743604 0,005894
прошёл 1,574551 0,000496
выделить 3,050457 0,000960
обычно 1,695912 0,000534
европы 0,524729 0,001487
попавших 3,520461 0,001108
тем 1,217876 0,000767
бега 3,338139 0,002102
скольжения 5,129899 0,003230
поло 1,441019 0,000907
заключается 3,183989 0,001003
разрабатывались 5,129899 0,001615
европе 1,492313 0,000470
без 0,466460 0,000587
музыку 3,183989 0,002005
знак 0,986764 0,000311
штат 2,732003 0,000860
разработаны 3,183989 0,001003
европу 2,564949 0,000808
селиванов 5,129899 0,001615
почетный 4,031286 0,001269
соответствие 2,827314 0,000890
австралийский 1,728701 0,000544
разделяются 3,183989 0,001003
юсуповском 5,129899 0,001615
виды 0,773190 0,001461
южного 4,436752 0,001397
направлений 3,183989 0,001003
пока 1,159607 0,000365
виду 2,490841 0,000784
грациознейших 5,129899 0,001615
красивейших 5,129899 0,001615
медиафайлы 1,217876 0,000767
режиссёр 4,436752 0,011176
архивировано 1,104547 0,002434
galego 1,178655 0,000371
лежат 4,436752 0,002794
вида 1,664163 0,001572
короткий 0,971016 0,000306
постановках 5,129899 0,001615
синхронность 4,436752 0,001397
виде 1,368699 0,001724
кроме 1,368699 0,000862
канаду 2,490841 0,000784
подход 3,338139 0,001051
возник 4,031286 0,001269
давосе 4,031286 0,001269
вошли 1,994404 0,000628
чемпионата 0,735450 0,000463
лебедев 3,743604 0,001179
случаях 0,971016 0,000306
после 0,317714 0,000300
подкаминская 5,129899 0,001615
положении 2,732003 0,001720
кодекс 0,971016 0,000306
канаде 2,296685 0,000723
длительные 4,436752 0,001397
тип 1,871802 0,000589
статьи 0,524729 0,001652
старше 2,732003 0,000860
зубцом 5,129899 0,001615
канада 1,301257 0,000410
бобслей 1,238078 0,000390
исключения 3,050457 0,000960
news 2,185460 0,000688
чемпионаты 1,574551 0,000496
олег 1,951845 0,000615
современные 2,421849 0,000763
намного 2,932674 0,000923
включая 1,633391 0,000514
фигурного 3,743604 0,024753
одессы 4,436752 0,001397
кулуарные 5,129899 0,001615
служебные 0,986764 0,000311
культуре 2,296685 0,001446
статья 0,986764 0,004350
если 0,675551 0,000425
современный 2,357310 0,000742
позу 5,129899 0,001615
языках 0,986764 0,000311
wikimedia 0,986764 0,000311
петербургскому 4,436752 0,001397
лыжах 1,178655 0,000371
честь 2,085376 0,000657
шаблонами 1,664163 0,000524
групповое 4,436752 0,001397
свободной 0,986764 0,000932
мужских 2,357310 0,000742
карате 1,728701 0,000544
может 0,630089 0,000198
лондона 4,031286 0,001269
ελληνικά 1,086847 0,000342
фигуристам 4,031286 0,001269
получить 0,747872 0,000235
cast 5,129899 0,001615
приехали 3,050457 0,000960
марго 5,129899 0,001615
связанные 0,881403 0,000555
спиралями 5,129899 0,001615
заклон 5,129899 0,003230
новая 1,546380 0,000487
участники 1,518981 0,000478
отредактирована 0,986764 0,000311
melayu 1,368699 0,000431
creative 0,986764 0,000311
право 1,603538 0,000505
nederlands 1,019025 0,000321
wayback 1,633391 0,000514
italiano 1,035554 0,000326
год 0,687247 0,002380
ангелина 4,436752 0,001397
айсшток 1,728701 0,000544
улучшите 2,490841 0,000784
международным 1,871802 0,000589
международный 1,258698 0,000793
հայերեն 1,198073 0,000377
андрей 1,323236 0,000417
башҡортса 1,518981 0,000478
международные 1,238078 0,000390
снаряжение 4,031286 0,002539
создан 2,357310 0,000742
кайбара 5,129899 0,001615
посвященные 4,436752 0,001397
euskara 1,122566 0,000353
оценок 3,743604 0,001179
крупных 1,871802 0,001179
поэтому 1,392229 0,000877
commons 0,986764 0,000311
прочее 1,834062 0,000577
подкрутка 4,436752 0,001397
српскохрватски 1,416327 0,000446
подбору 4,031286 0,001269
улиг 5,129899 0,001615
бестия 5,129899 0,001615
web 1,279751 0,000806
подкрутки 5,129899 0,003230
давлением 3,743604 0,001179
даётся 3,183989 0,001003
учётную 0,986764 0,000311
bokmål 1,069456 0,000337
оборота 4,436752 0,001397
текущие 0,940244 0,000296
неожиданные 3,743604 0,001179
потенциала 4,436752 0,001397
тов 4,436752 0,001397
показанного 5,129899 0,001615
сразу 1,392229 0,000877
глима 1,762603 0,000555
лёд 3,743604 0,003536
создать 0,825834 0,000520
элегантных 5,129899 0,001615
аналогичными 5,129899 0,001615
такой 1,664163 0,000524
андерсона 4,436752 0,001397
международных 1,492313 0,000940
asturianu 1,323236 0,000417
ямамото 5,129899 0,001615
свяжитесь 0,986764 0,000311
کوردی 1,762603 0,000555
фигурному 3,183989 0,014035
печать 0,986764 0,000311
насчитывает 3,743604 0,001179
бедра 3,183989 0,001003
simple 1,140915 0,000359
летние 1,238078 0,000390
благодаря 1,441019 0,000454
необычные 4,436752 0,001397
различают 3,520461 0,001108
отталкивание 4,436752 0,001397
включать 2,932674 0,000923
пелота 1,728701 0,000544
фонд 0,940244 0,000296
совершенно 3,183989 0,001003
основная 1,323236 0,005000
обсуждение 0,881403 0,000555
союза 1,797694 0,001132
животных 5,129899 0,001615
наиболее 1,466337 0,000462
сложно 2,134166 0,000672
которая 1,052361 0,000331
соединения 3,743604 0,001179
засчитана 4,436752 0,001397
танцевальных 4,436752 0,002794
организации 0,812411 0,000256
товарный 0,986764 0,000311
историю 1,603538 0,000505
история 0,555188 0,002098
три 0,786093 0,000248
требующие 2,421849 0,000763
кандидаты 3,520461 0,001108
школа 2,185460 0,000688
возрасту 4,436752 0,001397
недостатков 1,633391 0,000514
татьяна 3,050457 0,000960
российская 0,799165 0,000252
элементов 2,357310 0,007422
чемпионами 1,664163 0,000524
школе 3,183989 0,001003
разделение 3,183989 0,001003
летних 1,911023 0,000602
печати 0,955511 0,000301
название 1,178655 0,000371
катании 2,732003 0,018064
более 0,853233 0,000537
поиск 0,735450 0,000232
чемпион 0,867219 0,000546
руководить 3,183989 0,001003
прыжках 2,827314 0,000890
площадке 2,085376 0,000657
условий 0,881403 0,000278
reveals 5,129899 0,001615
ритм 4,436752 0,002794
oldid 0,986764 0,000311
элементом 5,129899 0,001615
лыжи 1,019025 0,000321
катание 0,534779 0,007746
возрасте 2,357310 0,000742
как 0,232059 0,001315
алексей 1,238078 0,000780
истоки 3,520461 0,001108
фильм 2,644992 0,004164
фигу 4,436752 0,001397
достижение 2,038856 0,000642
катания 3,743604 0,033004
трамплина 1,159607 0,000365
тарашкевіца 1,198073 0,000377
коррективы 3,520461 0,001108
gets 3,743604 0,001179
этого 0,881403 0,000278
зима 2,932674 0,000923
выбросы 5,129899 0,004846
короткой 2,085376 0,001313
признал 3,183989 0,001003
катанию 3,183989 0,019048
тулуп 4,436752 0,004191
идёт 2,296685 0,000723
авторства 0,986764 0,000311
попало 4,436752 0,001397
проводились 1,603538 0,000505
яркий 3,520461 0,001108
прыжкам 3,183989 0,001003
второй 0,786093 0,000248
многих 1,546380 0,000487
условия 0,411400 0,000259
учеб 3,743604 0,001179
европейцам 4,436752 0,001397
австрии 2,421849 0,000763
català 1,086847 0,000342
dansk 1,069456 0,000337
новые 0,747872 0,000471
ещё 0,420369 0,000265
бсэ 4,436752 0,001397
чемпионатах 1,574551 0,000496
проверенная 2,644992 0,000833
теннис 0,495170 0,000312
программах 5,129899 0,001615
получило 3,338139 0,001051
сидзука 5,129899 0,001615
совместному 5,129899 0,001615
получили 1,664163 0,001048
специальные 2,421849 0,001525
делят 3,743604 0,002357
фигурном 2,827314 0,007122
фигурное 0,534779 0,005388
программам 5,129899 0,001615
риттбергер 4,436752 0,004191
финский 1,633391 0,000514
просмотры 0,986764 0,000311
петербург 1,633391 0,001029
فارسی 1,104547 0,000348
менее 1,258698 0,000396
видам 2,038856 0,000642
помощью 2,185460 0,000688
беларуская 1,069456 0,000673
изготавливать 4,436752 0,001397
важным 3,183989 0,001003
александр 0,925206 0,000874
исполнение 3,338139 0,002102
а 0,209918 0,000463
исполнении 2,932674 0,000923
в 0,017911 0,000733
оригинала 1,518981 0,000478
викимедиа 0,986764 0,000311
д 0,895792 0,000282
дополнительных 2,564949 0,000808
е 0,867219 0,000819
британской 3,743604 0,001179
копии 2,932674 0,000923
фигуры 3,520461 0,007759
и 0,023953 0,000566
качественный 3,520461 0,001108
политика 0,239550 0,000075
к 0,132686 0,000376
л 2,038856 0,000642
зрелищных 5,129899 0,001615
велоспорт 1,178655 0,000371
льду 2,421849 0,006863
связывают 3,743604 0,001179
одиночники 5,129899 0,001615
м 0,534779 0,000505
н 0,895792 0,000564
azərbaycanca 1,258698 0,000396
о 0,042302 0,000080
альпинизм 1,323236 0,000417
санкт 1,279751 0,002418
с 0,036149 0,000319
скейтбординг 1,762603 0,000555
т 1,368699 0,000862
у 0,342407 0,000431
ф 1,728701 0,000544
исследований 3,338139 0,001051
х 0,986764 0,001243
течение 1,238078 0,000390
дополнительные 0,986764 0,000311
скачать 0,895792 0,000564
сезон 1,368699 0,000431
они 0,760451 0,000239
норвегии 1,728701 0,000544
исполнению 5,129899 0,001615
исполнения 2,932674 0,003694
заглавная 0,986764 0,000311
э 2,296685 0,000723
удивительный 4,436752 0,001397
оно 2,038856 0,000642
олимпийскими 2,490841 0,000784
я 0,853233 0,000269
лутц 4,031286 0,003808
основных 2,357310 0,001484
льда 3,743604 0,002357
футбол 0,285712 0,000450
мир 1,546380 0,000487
атлетика 1,052361 0,000663
by 0,971016 0,000306
регби 0,955511 0,000602
видах 2,038856 0,000642
deadlink 2,038856 0,000642
англичанке 5,129899 0,001615
русский 0,839439 0,000264
копия 1,574551 0,000496
этап 1,392229 0,000877
cc 0,986764 0,000311
александрович 2,564949 0,000808
мячом 1,104547 0,000348
shqip 1,466337 0,000462
время 0,384967 0,000242
конец 2,421849 0,000763
бывших 3,338139 0,001051
staff 4,031286 0,001269
attainment 5,129899 0,003230
гамбурге 5,129899 0,001615
поведения 0,895792 0,000282
далеком 5,129899 0,001615
алфавиту 1,159607 0,000730
ресурсы 1,104547 0,000348
петербурга 2,732003 0,000860
победитель 1,258698 0,000396
петербурге 2,296685 0,002169
представились 0,986764 0,000311
фаланг 5,129899 0,001615
четверки 5,129899 0,001615
ульрих 3,520461 0,001108
наружное 5,129899 0,001615
hollywood 5,129899 0,001615
粵語 1,178655 0,000371
наряду 2,490841 0,000784
художественностью 5,129899 0,001615
викиданных 0,986764 0,000311
издал 4,031286 0,001269
проходили 2,085376 0,000657
викискладе 1,217876 0,000767
своего 1,368699 0,000431
сноуборд 1,238078 0,000390
сопровождению 5,129899 0,001615
основные 2,134166 0,002688
впоследствии 1,911023 0,000602
олимпийские 0,895792 0,002821
соревнованиям 3,050457 0,000960
задача 2,185460 0,000688
обратило 4,436752 0,001397
дополнить 3,338139 0,001051
ким 4,031286 0,001269
единства 5,129899 0,001615
хёрлинг 1,762603 0,000555
соревнованиях 1,159607 0,001826
вносит 4,436752 0,001397
читать 0,586604 0,000185
игр 0,367725 0,000347
сальхов 4,031286 0,005077
традиционными 4,031286 0,001269
полчаса 4,436752 0,001397
древние 3,743604 0,001179
шагами 5,129899 0,001615
робби 5,129899 0,001615
энн 4,031286 0,001269
дополните 3,338139 0,001051
относится 2,932674 0,000923
англ 1,159607 0,001460
командные 1,797694 0,000566
датская 1,518981 0,000478
толчком 3,520461 0,002217
группового 2,490841 0,000784
комбинации 3,338139 0,001051
комбинаций 3,338139 0,001051
всех 0,652562 0,000822
коломенкин 4,436752 0,002794
волейбол 1,019025 0,000321
title 0,986764 0,000311
всем 1,762603 0,000555
интересный 3,743604 0,001179
толчков 5,129899 0,001615
вызвал 4,031286 0,001269
олимпийских 0,799165 0,001007
плавание 1,198073 0,000754
биатлон 0,534779 0,000168
пожертвовать 0,986764 0,000311
этапа 1,664163 0,001048
поиску 0,971016 0,000306
музыкальному 5,129899 0,001615
музыкой 4,436752 0,001397
бывают 2,932674 0,000923
лишь 1,159607 0,000365
союзом 3,183989 0,001003
оскар 2,357310 0,000742
странах 1,574551 0,000496
произвольный 3,743604 0,002357
япония 1,994404 0,001256
одного 1,140915 0,000718
ссылка 0,786093 0,000495
skating 4,436752 0,001397
ото 4,031286 0,001269
джэёль 5,129899 0,001615
ссылки 0,839439 0,001586
размаха 5,129899 0,001615
внутреннее 5,129899 0,001615
srpskohrvatski 1,416327 0,000446
中文 1,035554 0,000326
середине 1,994404 0,000628
комбинацию 4,436752 0,001397
основе 1,466337 0,000462
первыми 1,762603 0,000555
выше 1,664163 0,001572
догилева 5,129899 0,001615
коньках 2,932674 0,009234
швейцария 1,603538 0,000505
среди 0,597299 0,000564
специфических 5,129899 0,001615
берегу 4,031286 0,001269
латвия 1,834062 0,000577
разделами 1,951845 0,001229
описал 3,743604 0,001179
отдельных 0,986764 0,000932
данному 3,520461 0,001108
хоккейных 3,050457 0,000960
https 0,699082 0,000220
континентов 3,183989 0,003008
филателии 3,183989 0,002005
квадах 1,762603 0,000555
юниоров 1,728701 0,000544
отдельный 4,031286 0,001269
гейнц 5,129899 0,001615
tiếng 1,140915 0,000359
עברית 1,052361 0,000331
index 0,986764 0,000311
большой 1,069456 0,000337
новисы 5,129899 0,001615
эта 0,867219 0,000273
приседе 5,129899 0,001615
большое 1,951845 0,000615
должен 1,122566 0,000707
избранные 0,971016 0,000306
подобные 3,338139 0,001051
танец 4,436752 0,006985
недалеко 3,520461 0,001108
котором 1,217876 0,000383
чем 0,747872 0,000471
планета 3,743604 0,001179
жора 5,129899 0,001615
kurdî 1,834062 0,000577
проявления 5,129899 0,001615
критерием 3,743604 0,001179
крикет 1,762603 0,000555
был 0,663991 0,000418
эти 1,323236 0,000417
раньше 2,038856 0,001284
это 0,277868 0,000262
позволил 3,520461 0,001108
крыжовников 5,129899 0,001615
триатлон 1,633391 0,000514
код 0,986764 0,007146
два 0,760451 0,000479
смена 2,357310 0,001484
медведева 2,564949 0,000808
лука 1,198073 0,000377
тодесы 5,129899 0,003230
спортсменов 0,786093 0,001238
тяжёлая 1,633391 0,000514
этих 1,301257 0,000410
две 1,019025 0,000642
url 0,986764 0,000311
поучиться 4,031286 0,001269
полоза 5,129899 0,001615
выполнении 2,932674 0,000923
позициях 3,743604 0,001179
machine 1,633391 0,000514
состязаний 2,932674 0,000923
сентября 1,069456 0,000337
стабильная 2,564949 0,000808
ginban 5,129899 0,001615
состязание 3,520461 0,001108
войти 0,735450 0,000232
гольф 1,574551 0,000496
аниме 4,436752 0,002794
или 0,576022 0,000544
катка 4,031286 0,001269
четырьмя 3,338139 0,001051
первых 1,518981 0,000478
отличие 1,834062 0,000577
қазақша 1,178655 0,000371
рное 5,129899 0,001615
спираль 5,129899 0,004846
особенные 5,129899 0,001615
спирали 5,129899 0,011306
удерживают 5,129899 0,001615
скобок 4,436752 0,001397
байдарках 1,603538 0,000505
использования 0,393700 0,000124
новой 1,574551 0,000496
international 2,357310 0,000742
музей 2,827314 0,000890
левая 4,436752 0,001397
скользящей 4,031286 0,001269
много 1,603538 0,000505
представляют 2,932674 0,000923
прыжков 3,338139 0,002102
инструменты 0,986764 0,000621
программе 1,834062 0,000577
затем 1,301257 0,000410
программа 1,574551 0,002479
судейская 3,743604 0,001179
фигурные 5,129899 0,004846
партнёров 2,932674 0,000923
важной 3,338139 0,001051
первым 1,238078 0,000390
первому 3,183989 0,001003
оцениваются 3,520461 0,001108
первые 0,971016 0,002752
финляндии 2,421849 0,002288
енни 5,129899 0,001615
тоҷикӣ 1,695912 0,000534
действий 2,357310 0,000742
обращения 0,925206 0,002039
программу 1,466337 0,003232
игры 0,376309 0,000474
первый 0,687247 0,001298
ритмических 5,129899 0,001615
техника 2,134166 0,000672
февраля 0,232059 0,000365
ошибке 0,955511 0,000301
вращений 4,436752 0,005588
обязательным 3,520461 0,001108
олимпийская 1,911023 0,000602
no 1,911023 0,000602
четырёх 1,603538 0,001515
программы 1,633391 0,003086
людмила 4,031286 0,001269
пять 1,368699 0,000431
обязательный 4,031286 0,001269
костяные 5,129899 0,001615
практически 1,664163 0,000524
события 0,663991 0,000209
техники 2,421849 0,000763
германии 1,323236 0,000417
обязательных 4,031286 0,001269
тогда 1,466337 0,000462
самых 1,546380 0,000974
эгидой 1,797694 0,001132
происходит 1,695912 0,000534
сеньоры 5,129899 0,001615
соревнования 0,663991 0,003763
deutsch 1,052361 0,000331
марта 0,881403 0,000555
исключённые 1,762603 0,000555
обязательные 4,436752 0,006985
рэй 3,520461 0,001108
вращение 4,436752 0,002794
on 2,239527 0,001410
лёгкая 1,238078 0,000390
прыжки 1,019025 0,004171
империя 3,743604 0,001179
групповому 4,436752 0,001397
впечатление 4,436752 0,001397
бильман 5,129899 0,003230
разъединения 5,129899 0,001615
важными 4,031286 0,001269
специфика 4,031286 0,001269
распространение 2,644992 0,000833
включает 2,038856 0,000642
чемпионатов 1,416327 0,002230
материал 0,825834 0,000260
мишин 4,031286 0,002539
дисциплиной 3,743604 0,001179
awards 3,183989 0,001003
вращения 4,031286 0,011424
самым 1,392229 0,000438
скиджоринг 1,762603 0,000555
скиинг 1,762603 0,000555
ph 1,762603 0,000555
империи 2,296685 0,000723
соревнований 0,881403 0,001943
самые 1,633391 0,000514
anime 4,436752 0,002794
зимних 1,633391 0,002057
планёрный 1,762603 0,000555
фукс 4,031286 0,001269
одиночниц 4,436752 0,001397
гиллеспи 5,129899 0,001615
ребра 5,129899 0,001615
ряд 1,797694 0,000566
навигация 0,986764 0,000621
страница 0,940244 0,000592
лицензии 0,986764 0,000311
странице 0,971016 0,000306
бургер 5,129899 0,003230
борьба 1,002764 0,000316
запись 0,955511 0,000301
навигации 0,986764 0,000311
qr 0,986764 0,000311
правила 0,910391 0,002007
включающие 4,436752 0,001397
роли 2,296685 0,001446
коэн 5,129899 0,001615
приехал 3,183989 0,001003
страницу 0,971016 0,000306
разнообразные 4,031286 0,001269
моментом 3,743604 0,001179
дорожки 3,338139 0,002102
ссылкой 2,732003 0,000860
мастера 3,183989 0,002005
возможности 1,994404 0,000628
санный 1,301257 0,000410
спиралью 5,129899 0,001615
страницы 0,971016 0,000611
зимние 1,159607 0,002191
саё 5,129899 0,001615
появились 1,664163 0,000524
吴语 1,238078 0,000390
олимпийскую 2,185460 0,000688
конькобежцев 3,520461 0,007759
фристайл 1,279751 0,000403
гимнастика 1,238078 0,000780
водное 1,492313 0,000470
собачьих 1,762603 0,000555
hrvatski 1,052361 0,000331
последовательностей 5,129899 0,001615
женщин 1,368699 0,001724
пластикой 5,129899 0,001615
ænglisc 2,564949 0,000808
россии 0,160085 0,000050
писал 4,436752 0,001397
ru 0,285712 0,000090
действовать 0,955511 0,000301
роке 1,762603 0,000555
упряжках 1,762603 0,000555
век 2,732003 0,000860
известны 2,932674 0,000923
ису 4,436752 0,004191
кубок 0,524729 0,000165
во 0,495170 0,000468
sa 0,986764 0,000311
occitan 1,466337 0,000462
перечень 3,743604 0,001179
уже 0,687247 0,000433
мужчин 1,492313 0,001410
дата 0,881403 0,001943
nynorsk 1,546380 0,000487
общая 2,296685 0,001446
внешние 1,122566 0,000353
того 0,955511 0,000903
организацией 2,357310 0,000742
вы 0,325878 0,000103
ногой 2,732003 0,001720
разнообразных 3,338139 0,001051
существует 1,762603 0,001110
своя 3,520461 0,001108
веб 2,644992 0,000833
st 3,183989 0,001003
пары 2,296685 0,003616
español 1,019025 0,000321
конце 1,518981 0,000957
спид 1,762603 0,000555
приобрели 3,743604 0,001179
литература 1,695912 0,001602
загребина 5,129899 0,001615
россия 0,699082 0,001101
го 1,279751 0,001209
yuri 5,129899 0,003230
миннеаполисе 5,129899 0,001615
энциклопедии 0,986764 0,000932
артистизм 4,436752 0,001397
кёрлинг 1,279751 0,000403
приемы 4,436752 0,001397
tagalog 1,911023 0,000602
технической 3,338139 0,001051
рёберные 5,129899 0,001615
bosanski 1,345709 0,000424
исполняемых 5,129899 0,003230
свои 1,238078 0,000780
ruff 5,129899 0,001615
associated 0,986764 0,000311
января 0,825834 0,001820
български 1,086847 0,000342
чтобы 0,773190 0,000487
ребром 4,436752 0,001397
персональные 0,971016 0,000306
здесь 1,911023 0,000602
брейкинг 1,762603 0,000555
настольный 1,238078 0,000390
пара 2,932674 0,000923
произошло 2,085376 0,000657
группами 5,129899 0,001615
рёберных 5,129899 0,001615
де 0,955511 0,000301
tv 2,564949 0,000808
послужило 4,436752 0,001397
большая 1,069456 0,001347
шайбой 1,122566 0,000353
сайт 0,773190 0,000487
культ 4,436752 0,001397
американский 1,258698 0,000396
до 0,239550 0,000302
рождение 4,031286 0,001269
ice 3,183989 0,002005
др 2,490841 0,002353
парных 3,743604 0,001179
рёберным 5,129899 0,001615
зарегистрированный 0,986764 0,000311
многочисленные 3,338139 0,001051
дорожек 3,520461 0,001108
современного 2,564949 0,000808
сюда 0,986764 0,000311
бостоне 4,436752 0,001397
участвуют 2,038856 0,000642
коньков 4,031286 0,002539
двух 1,002764 0,000316
называется 2,357310 0,000742
существующей 5,129899 0,001615
трек 1,159607 0,000365
ботинок 5,129899 0,001615
цитировать 0,986764 0,000311
коньком 5,129899 0,001615
лыжное 1,279751 0,000403
проведения 1,258698 0,000396
мироч 5,129899 0,001615
norsk 1,052361 0,000663
сохраняя 4,031286 0,001269
баскетбол 0,773190 0,000243
вызвала 4,031286 0,001269
параллельные 4,436752 0,001397
ido 1,546380 0,000487
для 0,146292 0,000368
одиночном 2,932674 0,003694
гребля 1,518981 0,000957
флаг 1,279751 0,000403
жаркий 5,129899 0,001615
одиночное 4,031286 0,003808
вид 1,104547 0,003130
же 0,925206 0,000874
неизменно 3,338139 0,001051
национальная 1,574551 0,000496
polski 1,035554 0,000326
тарасова 2,827314 0,000890
батуте 1,728701 0,000544
джоунз 5,129899 0,001615
что 0,239550 0,000226
предоставлено 5,129899 0,001615
составляющей 3,743604 0,001179
править 0,986764 0,014292
чему 2,827314 0,000890
победил 1,279751 0,000403
жё 1,728701 0,000544
софтбол 1,695912 0,000534
призёры 2,564949 0,000808
крюков 5,129899 0,003230
позиции 1,871802 0,002357
глазго 3,520461 0,001108
org 0,986764 0,000621
было 0,438551 0,000552
подробнее 0,723179 0,000228
женское 3,183989 0,005013
вычерчивать 5,129899 0,001615
настоящее 1,797694 0,000566
уделено 5,129899 0,003230
друга 2,296685 0,000723
были 0,799165 0,002265
неофициального 4,031286 0,001269
популярности 2,357310 0,000742
была 0,652562 0,000411
позиция 2,421849 0,000763
признано 3,520461 0,001108
оригинальный 3,183989 0,001003
из 0,106018 0,000434
оборот 4,031286 0,001269
им 1,198073 0,000377
рода 2,932674 0,000923
ин 3,743604 0,001179
августа 1,052361 0,000994
показательные 1,466337 0,000462
позволяет 2,239527 0,000705
швед 2,932674 0,000923
переменами 5,129899 0,001615
победителем 1,574551 0,000496
их 0,799165 0,000252
скрытые 1,122566 0,000353
формы 1,834062 0,000577
српски 1,035554 0,000326
группам 3,743604 0,001179
дней 1,416327 0,000892
представляло 4,436752 0,001397
хоккей 0,376309 0,000474
великобритании 2,134166 0,002016
участников 1,159607 0,000365
выброс 4,436752 0,001397
саду 4,436752 0,001397
танцы 4,031286 0,012693
движения 2,239527 0,000705
большого 2,085376 0,000657
двоеборье 1,217876 0,000383
технические 2,421849 0,001525
ски 1,069456 0,000337
импровизация 5,129899 0,001615
тела 2,134166 0,000672
srpski 1,035554 0,000326
движений 3,338139 0,003153
является 1,086847 0,001027
лейтенант 5,129899 0,001615
приглашены 3,520461 0,001108
лыжные 1,140915 0,000359
которые 0,760451 0,000479
произвольное 4,031286 0,001269
foundation 0,986764 0,000311
идея 2,296685 0,001446
николай 2,134166 0,001344
который 0,799165 0,000503
клуба 1,178655 0,000371
музыкальностью 5,129899 0,001615
конькобежный 1,238078 0,000780
танца 4,031286 0,002539
шаги 4,031286 0,010154
искусство 2,732003 0,000860
произвольной 2,564949 0,001615
клубы 1,392229 0,000877
qualifying 4,031286 0,001269
служат 3,520461 0,001108
например 1,603538 0,002524
судейства 2,732003 0,000860
следующим 2,564949 0,000808
следующий 1,574551 0,000496
которых 1,052361 0,000663
türkçe 1,052361 0,000331
панин 3,743604 0,002357
искусства 3,050457 0,001921
второму 3,520461 0,001108
корниенко 5,129899 0,001615
спортивная 1,159607 0,000365
елена 1,911023 0,000602
роман 2,085376 0,000657
трофим 5,129899 0,001615
носковых 5,129899 0,001615
первоначально 1,951845 0,001229
ролях 3,520461 0,004434
шагов 3,338139 0,004204
эдинбурге 3,743604 0,001179
kaleidoscope 4,436752 0,001397
한국어 1,035554 0,000326
поддержек 5,129899 0,001615
союз 1,762603 0,001110
создание 2,564949 0,000808
голландии 4,436752 0,002794
несколько 1,069456 0,000337
стран 1,546380 0,000487
костюмов 4,031286 0,001269
направлением 5,129899 0,001615
неквалификационные 5,129899 0,001615
собой 1,279751 0,000806
date 3,743604 0,001179
начало 1,633391 0,000514
место 0,597299 0,000188
освоивших 5,129899 0,001615
кантилевер 5,129899 0,001615
начали 1,546380 0,000487
современная 2,490841 0,000784
появилось 2,239527 0,001410
свежие 0,910391 0,000287
оговариваются 4,436752 0,001397
универсальная 2,085376 0,000657
участие 0,597299 0,000376
крокет 1,762603 0,000555
на 0,023953 0,000370
общественности 4,031286 0,001269
прошел 2,185460 0,001376
дуг 5,129899 0,001615
медалисты 3,338139 0,005255
старая 1,368699 0,000431
давала 4,436752 0,001397
петель 5,129899 0,001615
уровнями 4,436752 0,001397
анна 1,797694 0,001132
не 0,099461 0,000282
успеха 2,421849 0,000763
xii 3,183989 0,001003
троек 5,129899 0,003230
каждый 1,392229 0,000438
незавершёнными 3,338139 0,002102
стремительнейших 5,129899 0,001615
ни 1,603538 0,001515
ссылками 1,159607 0,000365
носковые 5,129899 0,001615
онлайн 0,773190 0,000243
архивной 3,183989 0,001003
бауэр 4,436752 0,001397
но 0,402511 0,000887
количества 2,421849 0,000763
xiv 2,490841 0,000784
модели 2,932674 0,000923
раздел 2,296685 0,001446
киев 2,827314 0,000890
стейн 5,129899 0,001615
водные 0,867219 0,000273
внешний 3,520461 0,001108
появление 2,732003 0,000860
категория 1,546380 0,000974
отсутствуют 3,520461 0,001108
проводимые 2,357310 0,000742
кривизна 4,436752 0,001397
бейсбол 1,466337 0,000923
magyar 1,086847 0,000342
русская 2,732003 0,000860
нами 0,853233 0,000269
международная 1,301257 0,000410
об 0,217244 0,000137
уровень 2,038856 0,000642
влияние 2,732003 0,000860
некоммерческой 0,986764 0,000311
советской 2,827314 0,000890
ои 0,812411 0,022766
нет 0,825834 0,000260
справка 0,986764 0,000311
правая 4,436752 0,001397
мужчины 1,019025 0,000321
флип 4,436752 0,004191
развитие 1,633391 0,001029
он 0,534779 0,000168
тхэквондо 1,633391 0,000514
даже 1,198073 0,000377
изумленным 5,129899 0,001615
году 0,630089 0,002777
категории 0,986764 0,000621
от 0,160085 0,000403
элементы 2,490841 0,006274
форум 0,881403 0,000278
статистика 0,652562 0,000205
официальный 1,104547 0,000348
бокс 0,576022 0,000363
гилберт 4,436752 0,001397
официальные 1,574551 0,001983
network 3,743604 0,001179
недоступная 2,357310 0,000742
трактат 5,129899 0,001615
годах 1,492313 0,001410
города 2,239527 0,000705
внимание 1,871802 0,001768
арборе 5,129899 0,001615
все 0,125952 0,000119
связующие 4,436752 0,002794
википедия 0,986764 0,003107
уровня 1,994404 0,001256
уровню 3,183989 0,002005
возможность 1,728701 0,000544
года 0,239550 0,001207
по 0,073653 0,000765
официальных 1,664163 0,001048
конечностей 4,031286 0,001269
монгол 1,518981 0,000478
inc 0,986764 0,000311
правда 2,421849 0,001525
указания 3,743604 0,001179
сведения 0,812411 0,000256
огромный 4,031286 0,001269
сайерс 4,436752 0,001397
português 1,035554 0,000326
элемента 3,743604 0,001179
ние 4,436752 0,001397
круг 1,951845 0,000615
отличаются 2,932674 0,001847
вандервела 5,129899 0,001615
очень 1,140915 0,000359
одиночников 4,436752 0,002794
академическая 1,574551 0,000496
выяснилось 3,743604 0,001179
кривич 5,129899 0,001615
книги 2,932674 0,001847
сообщество 0,986764 0,000311
видов 1,392229 0,000877
сёрфинг 1,762603 0,000555
википедии 0,986764 0,000621
максвелла 5,129899 0,001615
кости 3,183989 0,001003
источник 0,853233 0,000537
