ямаль 2,421849 0,001215
занимаются 3,183989 0,001598
пекине 2,932674 0,001471
формула 1,728701 0,000867
получились 4,436752 0,002226
лучшая 2,564949 0,001287
день 0,760451 0,000382
медалями 2,644992 0,002654
крылова 3,183989 0,001598
прокаты 2,644992 0,001327
пусто 5,129899 0,002574
стал 0,586604 0,000294
играх 0,699082 0,001403
случилось 2,732003 0,001371
заявил 1,441019 0,000723
апл 1,871802 0,000939
милане 2,038856 0,004092
центр 0,881403 0,000442
обошел 3,520461 0,001766
путешествие 3,520461 0,003533
одну 1,762603 0,000884
чуть 2,357310 0,001183
попробовали 5,129899 0,002574
под 0,723179 0,000363
парном 2,932674 0,001471
нетс 2,564949 0,001287
мало 2,732003 0,001371
систематизации 2,564949 0,001287
рожков 3,338139 0,001675
мали 2,644992 0,001327
вслух 5,129899 0,002574
те 1,834062 0,000920
реклама 0,735450 0,000369
волшебника 3,743604 0,001878
немного 2,038856 0,001023
фото 0,799165 0,001203
посредственно 4,436752 0,002226
лет 0,475938 0,000478
двусторонние 5,129899 0,002574
устюгов 2,490841 0,001250
то 0,652562 0,000655
лошадью 4,031286 0,002023
узнал 4,031286 0,002023
баскетболисты 2,296685 0,001152
финала 1,104547 0,001108
сейчас 1,104547 0,000554
суд 2,827314 0,001419
макс 2,185460 0,001097
управленческого 3,520461 0,001766
металлург 1,994404 0,001001
серхио 2,296685 0,001152
главные 1,086847 0,000545
хэмилтон 2,490841 0,001250
времен 3,743604 0,001878
поп 1,911023 0,000959
пор 1,574551 0,000790
победный 2,644992 0,001327
связи 1,159607 0,000582
лейкерс 2,239527 0,001124
весь 1,951845 0,000979
трибунепрожектор 2,644992 0,001327
вхл 1,664163 0,000835
терентьева 5,129899 0,002574
теперь 0,971016 0,000487
информационные 2,490841 0,001250
бакс 2,564949 0,001287
латыпов 2,564949 0,001287
пиршества 3,743604 0,001878
изменит 4,031286 0,002023
раздолбаи 5,129899 0,002574
при 0,367725 0,000369
данных 1,871802 0,000939
майе 3,743604 0,009392
про 1,301257 0,000653
письма 2,134166 0,001071
фе 2,644992 0,001327
винисиус 2,296685 0,001152
филадельфия 2,357310 0,001183
иванов 2,357310 0,001183
деревнях 4,436752 0,004452
адетокумбо 2,564949 0,001287
согласовать 4,436752 0,002226
x 1,279751 0,000642
территории 1,633391 0,000820
роберт 2,185460 0,001097
rds 1,911023 0,001918
нашли 1,994404 0,001001
псж 1,518981 0,001524
италия 0,867219 0,001305
коннор 2,357310 0,001183
дмитрий 1,345709 0,000675
лучшее 2,239527 0,001124
isu 1,603538 0,000805
ванкувера 4,031286 0,002023
шарапова 2,564949 0,001287
сыграет 1,603538 0,001609
чимаев 2,357310 0,001183
часа 1,911023 0,000959
подарили 2,827314 0,002837
васильев 2,932674 0,001471
драма 3,183989 0,001598
вакансиирекламаподдержка 2,644992 0,001327
камбэк 2,732003 0,001371
себя 0,940244 0,000472
алекс 2,239527 0,001124
спорта 0,342407 0,000859
системе 0,867219 0,000435
победы 0,971016 0,000487
арина 2,357310 0,001183
очаровательные 5,129899 0,002574
италии 1,002764 0,002013
дзюба 2,134166 0,001071
спаслась 3,183989 0,001598
макдэвид 2,421849 0,001215
гонка 1,871802 0,000939
любителей 1,762603 0,000884
дюрэнт 2,564949 0,001287
сторону 2,085376 0,001046
гаррос 2,421849 0,001215
рекомендательные 1,762603 0,000884
содружества 1,518981 0,000762
samsung 3,520461 0,001766
сундлинг 2,421849 0,001215
чм 1,492313 0,000749
минуту 2,932674 0,007357
гонки 1,002764 0,001006
россиянки 2,827314 0,001419
уимблдон 2,421849 0,001215
локомотив 0,910391 0,000457
завершена 4,436752 0,002226
live 1,518981 0,000762
каждому 2,827314 0,001419
колокольчик 5,129899 0,002574
барсы 3,050457 0,001531
последние 1,178655 0,000591
отставанием 3,743604 0,001878
булл 2,357310 0,001183
семененко 2,644992 0,001327
последним 2,134166 0,001071
авангард 2,038856 0,001023
бойкотируют 5,129899 0,002574
архив 1,258698 0,000632
владимира 2,490841 0,001250
олимпиадой 2,932674 0,002943
wada 3,338139 0,001675
дарья 2,085376 0,002093
арсенал 1,466337 0,000736
принципиальная 4,031286 0,002023
соглашениеполитика 2,644992 0,001327
сша 0,586604 0,000883
ферстаппен 2,490841 0,001250
лидер 2,296685 0,001152
спортивной 1,416327 0,000711
китайская 1,258698 0,000632
андреева 2,296685 0,001152
киберспорт 1,762603 0,000884
артур 1,664163 0,000835
финнов 3,743604 0,001878
вечен 3,743604 0,001878
карлссон 2,564949 0,001287
подряд 1,258698 0,000632
российской 1,178655 0,000591
куклина 2,644992 0,001327
индикар 2,564949 0,001287
биатлону 2,732003 0,002742
сборные 0,839439 0,001685
биатлоном 4,436752 0,002226
меняющим 4,436752 0,002226
ливерпуль 1,994404 0,001001
фигурке 5,129899 0,005148
видеоспортс 2,644992 0,001327
лучшие 1,019025 0,001023
екатерина 2,185460 0,001097
игроки 0,986764 0,000495
каменного 5,129899 0,002574
лос 1,518981 0,000762
фанат 3,743604 0,001878
панарин 2,357310 0,001183
команды 0,555188 0,001393
новостей 1,574551 0,000790
защищают 4,031286 0,002023
зенит 0,895792 0,001348
боттас 2,490841 0,001250
касаткина 2,421849 0,001215
команду 1,217876 0,000611
золоте 5,129899 0,002574
мадрид 1,834062 0,000920
века 1,441019 0,000723
пономарев 3,520461 0,001766
вapp 2,644992 0,001327
золото 1,217876 0,003666
нужно 1,492313 0,000749
системы 1,951845 0,000979
побрякушки 4,436752 0,002226
грусти 4,436752 0,002226
кросби 1,994404 0,002001
мерседес 2,490841 0,001250
объектах 3,743604 0,001878
леклер 2,490841 0,001250
наших 2,239527 0,003371
top 1,728701 0,000867
суперкамбэк 4,436752 0,002226
парней 4,436752 0,002226
малинин 3,743604 0,001878
въезд 4,031286 0,002023
украинские 2,932674 0,004414
спецпроект 3,050457 0,003061
шипулин 3,743604 0,001878
подготовки 1,633391 0,000820
норвежец 3,338139 0,001675
сезона 1,052361 0,000528
сильнейших 2,239527 0,001124
перро 4,436752 0,002226
головина 2,134166 0,001071
нашим 3,050457 0,001531
главную 3,050457 0,001531
вашингтон 2,296685 0,001152
биатлоне 2,932674 0,008829
кентен 4,031286 0,002023
пропущенных 2,490841 0,001250
загитова 2,357310 0,001183
лыжники 2,421849 0,001215
обделили 3,743604 0,001878
его 0,447767 0,000225
биатлона 3,050457 0,003061
функционеры 3,050457 0,001531
хвича 2,490841 0,001250
только 0,447767 0,000449
xxv 2,827314 0,001419
морэнт 2,644992 0,001327
жаклена 4,436752 0,002226
головин 2,085376 0,001046
бронзовая 3,183989 0,001598
нхл 0,925206 0,000464
стэйт 2,421849 0,001215
ландо 2,564949 0,001287
далеко 2,564949 0,001287
россиянам 2,732003 0,001371
паралимпиаду 3,520461 0,003533
мира 0,367725 0,001476
точно 1,911023 0,000959
рекордом 2,421849 0,001215
золотыми 3,338139 0,001675
репутация 4,436752 0,002226
почему 1,122566 0,001127
подумать 4,436752 0,002226
пополнили 2,732003 0,001371
продолжается 2,732003 0,001371
нэтан 2,564949 0,001287
хотим 3,743604 0,001878
когда 0,652562 0,000327
могли 1,664163 0,000835
карьера 2,038856 0,001023
базовых 3,183989 0,001598
фигуристы 2,490841 0,001250
гражданство 2,732003 0,002742
лыжами 4,436752 0,002226
миранчук 2,357310 0,001183
блоги 2,296685 0,002305
принимает 2,644992 0,001327
рекордно 3,338139 0,001675
общий 2,038856 0,001023
назад 1,140915 0,000572
имели 2,357310 0,001183
паралимпийские 3,520461 0,001766
сообщите 2,644992 0,001327
тексты 3,743604 0,001878
лаборатория 2,644992 0,001327
ян 2,038856 0,001023
никто 1,871802 0,000939
антхольц 4,436752 0,002226
расследование 3,183989 0,001598
другие 0,384967 0,000773
так 0,597299 0,000899
главное 1,574551 0,004740
там 1,603538 0,001609
маршанд 3,743604 0,001878
иногда 1,951845 0,001959
фернандо 2,239527 0,001124
винисиусом 2,564949 0,001287
где 0,675551 0,000339
психику 4,436752 0,002226
бундеслига 2,134166 0,001071
кортина 2,490841 0,001250
валиева 2,239527 0,001124
угрожает 3,520461 0,001766
применяются 1,466337 0,000736
маверикс 2,564949 0,001287
быть 0,773190 0,000776
расселл 2,296685 0,001152
федераций 2,134166 0,001071
него 1,368699 0,000687
тутберидзе 2,085376 0,001046
чемпионкой 2,564949 0,001287
мировым 3,050457 0,001531
федерации 0,663991 0,000333
повторила 3,743604 0,001878
швеции 1,664163 0,001670
слаломе 2,644992 0,002654
звонил 5,129899 0,002574
прожектор 3,183989 0,001598
есть 0,812411 0,000815
грузии 3,050457 0,001531
линия 2,296685 0,001152
спорт 0,224624 0,000451
емельяненко 2,421849 0,002430
коляда 2,644992 0,001327
растворялись 3,520461 0,001766
этой 1,052361 0,000528
мобильная 0,608110 0,000610
этом 0,565551 0,000284
экскурсией 4,436752 0,002226
франция 1,122566 0,002253
этот 0,825834 0,000414
шоу 1,441019 0,000723
безумие 3,743604 0,001878
детьми 5,129899 0,002574
главе 2,296685 0,001152
перестройку 3,183989 0,001598
крах 3,743604 0,001878
спонсоров 2,644992 0,001327
швеция 1,345709 0,001350
джокович 2,421849 0,001215
франции 1,035554 0,002598
марко 3,183989 0,001598
джордж 2,134166 0,001071
стала 0,881403 0,000442
кихара 4,436752 0,002226
нурмагомедов 2,357310 0,001183
историческое 3,743604 0,001878
миронова 2,644992 0,001327
можно 1,002764 0,000503
лагрейд 5,129899 0,002574
аделия 1,911023 0,000959
радиостанции 4,031286 0,002023
спортивные 1,104547 0,000554
трибуне 2,490841 0,003749
первая 0,867219 0,000435
буксировка 4,031286 0,002023
российские 1,301257 0,000653
мужской 2,134166 0,001071
впервые 0,839439 0,000421
женщины 0,881403 0,004865
вчерашние 3,520461 0,001766
патрулей 4,031286 0,002023
чемпионат 0,277868 0,000697
спортивных 1,279751 0,000642
пиастри 2,564949 0,001287
кирилл 1,797694 0,000902
российский 1,086847 0,000545
еле 3,743604 0,001878
тихонов 3,050457 0,001531
денвер 2,421849 0,001215
затраивается 4,436752 0,002226
версия 0,485508 0,000487
карлос 2,185460 0,002193
джошуа 2,357310 0,001183
интернет 1,695912 0,000851
макларен 2,490841 0,001250
шесть 1,546380 0,000776
реликвия 5,129899 0,002574
карен 2,357310 0,001183
ледниковый 2,564949 0,001287
европы 0,524729 0,000263
без 0,466460 0,000936
работе 2,134166 0,001071
народами 4,031286 0,002023
харден 2,644992 0,001327
поле 1,217876 0,000611
между 0,955511 0,000479
пятью 3,338139 0,001675
ульдал 5,129899 0,002574
отношения 1,951845 0,000979
чиновники 3,520461 0,003533
загрузите 2,185460 0,004386
белорусов 5,129899 0,002574
быстрейшими 5,129899 0,005148
тигрицы 5,129899 0,002574
догнал 4,031286 0,002023
спортсмены 1,140915 0,000572
российских 1,323236 0,001328
правообладателей 2,644992 0,001327
виды 0,773190 0,000388
итоге 1,797694 0,000902
блог 2,357310 0,009462
ислам 2,085376 0,001046
незабитым 4,031286 0,002023
манчестер 2,134166 0,001071
реала 2,564949 0,001287
альпин 2,490841 0,001250
период 1,159607 0,000582
фабьеном 5,129899 0,002574
становятся 2,827314 0,001419
перечне 3,338139 0,001675
йохан 4,436752 0,002226
унижать 4,436752 0,002226
кризис 2,827314 0,001419
сети 1,951845 0,000979
мария 1,834062 0,000920
гуменник 2,564949 0,002574
бавария 2,038856 0,001023
гасли 2,490841 0,001250
видели 3,183989 0,001598
евролига 1,664163 0,000835
йоханнеса 3,743604 0,001878
презервативы 3,520461 0,003533
чистим 4,436752 0,002226
поражение 1,546380 0,000776
привлекаем 5,129899 0,002574
тесты 1,871802 0,002818
объяснил 1,797694 0,000902
ред 1,603538 0,000805
астон 2,185460 0,001097
впереди 2,421849 0,001215
фийон 3,743604 0,009392
краснодар 0,925206 0,000464
заняли 2,134166 0,001071
мышление 4,436752 0,002226
немцы 3,338139 0,001675
канада 1,301257 0,001959
сноуборде 4,031286 0,002023
россией 2,296685 0,002305
бобслее 4,436752 0,002226
хоккеисты 2,134166 0,001071
никита 1,603538 0,000805
монетизация 2,644992 0,001327
федор 2,357310 0,001183
если 0,675551 0,001017
эльвира 4,436752 0,002226
лыжах 1,178655 0,001774
канады 1,217876 0,000611
йокич 2,644992 0,001327
медведев 1,834062 0,000920
экспертом 3,743604 0,001878
play 1,441019 0,000723
казахстанская 2,644992 0,001327
олимпиадах 2,296685 0,001152
мировой 1,392229 0,000699
биатлонист 3,183989 0,001598
эдуард 2,134166 0,001071
финансирования 2,932674 0,001471
дадим 4,436752 0,002226
больше 0,812411 0,001223
многие 1,728701 0,000867
наследие 3,520461 0,001766
крюгер 2,644992 0,001327
баха 4,436752 0,002226
презервативов 4,031286 0,002023
наггетс 2,490841 0,001250
смартфоны 2,932674 0,004414
хачанов 2,296685 0,001152
ответственным 4,031286 0,002023
алина 2,296685 0,001152
летней 2,564949 0,001287
прочие 1,345709 0,000675
самуэльссона 5,129899 0,002574
сделать 1,695912 0,000851
справедливость 4,031286 0,002023
встряске 3,338139 0,001675
пирате 5,129899 0,002574
взял 2,185460 0,002193
восьмой 2,932674 0,001471
ролан 2,239527 0,001124
спортом 2,827314 0,001419
можем 3,520461 0,001766
ганы 4,436752 0,002226
год 0,687247 0,000690
вембаньяма 2,644992 0,001327
андрей 1,323236 0,001992
гонок 2,732003 0,001371
матч 0,411400 0,000206
хемингуэя 4,436752 0,002226
международные 1,238078 0,000621
australian 2,185460 0,001097
выдвигаются 4,436752 0,002226
посоветовал 3,743604 0,001878
выиграли 1,518981 0,001524
большунов 2,357310 0,001183
заслуживает 3,520461 0,001766
антон 1,728701 0,001735
май 3,050457 0,001531
серебро 1,871802 0,001878
динамо 0,663991 0,000333
командном 2,296685 0,001152
партиям 4,436752 0,002226
встанут 4,436752 0,002226
рахмонов 2,564949 0,001287
уведомлений 2,564949 0,001287
турине 3,050457 0,001531
таннхаймер 5,129899 0,002574
определились 4,031286 0,002023
льюис 2,296685 0,001152
россияне 2,296685 0,001152
масс 2,827314 0,001419
предпочтениям 2,564949 0,001287
петр 2,239527 0,001124
инструмент 3,338139 0,001675
самое 2,085376 0,001046
команд 1,178655 0,000591
создать 0,825834 0,000829
выиграла 1,345709 0,002701
спортсе 2,644992 0,002654
кайри 2,490841 0,001250
спортса 2,644992 0,003981
лиги 0,895792 0,000449
удивлен 4,436752 0,002226
юлия 2,085376 0,001046
решений 3,050457 0,001531
олав 4,436752 0,002226
чемпионом 1,122566 0,000563
лига 0,402511 0,001414
александра 1,633391 0,000820
спортсменах 3,338139 0,001675
испытал 4,031286 0,004045
историй 3,520461 0,003533
догнать 3,050457 0,001531
спортсменам 1,871802 0,001878
дети 2,239527 0,001124
истории 0,630089 0,000316
том 0,895792 0,000449
олимпиаде 0,895792 0,005843
флагами 3,743604 0,001878
марк 2,085376 0,001046
топ 1,238078 0,000621
олимпиада 1,104547 0,007205
джонс 2,134166 0,001071
бобслеистки 4,436752 0,004452
нганну 2,644992 0,001327
барс 1,695912 0,000851
календарь 0,735450 0,001845
макгрегор 2,421849 0,001215
необычных 4,436752 0,002226
выехать 3,743604 0,001878
эстафетчица 4,436752 0,002226
тихонова 3,050457 0,004592
этери 2,564949 0,001287
олимпиаду 1,664163 0,000835
главная 1,323236 0,000664
носкова 2,644992 0,001327
историю 1,603538 0,000805
разбила 5,129899 0,002574
уведомления 2,564949 0,001287
дегтярев 2,564949 0,014157
таблица 0,925206 0,000464
олимпиады 0,925206 0,002785
три 0,786093 0,000394
минспорта 4,031286 0,002023
евгений 1,258698 0,001895
итальянцах 5,129899 0,002574
светлана 2,038856 0,001023
норвегия 1,834062 0,002761
закончено 5,129899 0,002574
доротея 2,490841 0,001250
чемпионами 1,664163 0,000835
четверными 5,129899 0,002574
военных 3,050457 0,001531
бои 1,633391 0,000820
приглашения 4,436752 0,002226
швентек 2,644992 0,001327
фэнтези 2,644992 0,002654
более 0,853233 0,000428
катании 2,732003 0,001371
последняя 2,644992 0,001327
джеймс 1,994404 0,002001
прыжках 2,827314 0,002837
авдохина 4,436752 0,002226
валттери 2,490841 0,001250
пьедестал 2,732003 0,001371
ушел 2,239527 0,001124
новак 2,564949 0,001287
лариса 2,490841 0,001250
лыжи 1,019025 0,000511
третья 2,644992 0,001327
катание 0,534779 0,000268
миура 4,436752 0,002226
боя 2,296685 0,001152
тысячу 3,743604 0,001878
как 0,232059 0,000349
важная 4,031286 0,002023
алексей 1,238078 0,000621
конфиденциальностиинформация 2,644992 0,001327
запрещать 4,436752 0,002226
елизавета 2,185460 0,001097
бьорндалена 4,031286 0,002023
расписание 1,695912 0,000851
тампа 2,490841 0,001250
трамплина 1,159607 0,000582
иванова 3,743604 0,001878
заубер 2,644992 0,001327
свечников 2,644992 0,001327
хегстад 2,644992 0,001327
короткой 2,085376 0,001046
велогонщика 4,031286 0,002023
ufc 1,441019 0,002169
nascar 2,644992 0,001327
мужская 2,644992 0,001327
хамзат 2,357310 0,001183
чемпионов 0,652562 0,000327
мана 2,490841 0,001250
проводились 1,603538 0,000805
вирер 2,564949 0,001287
семьи 2,932674 0,001471
готов 2,038856 0,001023
биатлониста 4,436752 0,002226
терентьев 2,490841 0,001250
новый 0,940244 0,000472
хотела 3,520461 0,001766
единая 1,728701 0,000867
рпл 1,140915 0,000572
семирунний 4,436752 0,002226
фаворитов 2,827314 0,001419
тур 1,546380 0,000776
медальный 1,911023 0,000959
еще 0,955511 0,001918
перепил 4,436752 0,002226
теннис 0,495170 0,000497
кевин 2,085376 0,001046
гагарина 2,085376 0,001046
получили 1,664163 0,001670
йоханнес 2,185460 0,003290
фигурное 0,534779 0,000268
превц 5,129899 0,002574
выборах 4,031286 0,002023
ждем 3,520461 0,001766
измена 5,129899 0,002574
дончич 2,564949 0,001287
важный 3,743604 0,001878
вернут 4,436752 0,002226
ставки 1,603538 0,000805
тренироваться 2,827314 0,001419
должно 1,762603 0,001769
выдают 3,743604 0,001878
польши 2,732003 0,001371
запасы 4,031286 0,002023
биатлонисты 2,296685 0,001152
забили 2,421849 0,001215
политику 3,743604 0,001878
александр 0,925206 0,003250
бесплатных 5,129899 0,002574
стефанос 2,564949 0,001287
а 0,209918 0,000527
должны 1,178655 0,000591
клопп 3,743604 0,003757
в 0,017911 0,000413
арнеклейв 5,129899 0,002574
гватемалой 4,031286 0,002023
д 0,895792 0,000449
е 0,867219 0,000435
биатлонную 4,436752 0,002226
чехии 1,911023 0,000959
квадами 5,129899 0,002574
и 0,023953 0,000421
джон 1,728701 0,000867
й 0,825834 0,000829
к 0,132686 0,000200
показывать 2,644992 0,001327
маркетплейсах 4,436752 0,002226
о 0,042302 0,000297
она 0,825834 0,000414
с 0,036149 0,000381
у 0,342407 0,003092
ф 1,728701 0,000867
авто 0,925206 0,000928
они 0,760451 0,000382
норвегии 1,728701 0,003470
неочевидное 4,436752 0,002226
относящихся 2,421849 0,001215
я 0,853233 0,007706
оно 2,038856 0,001023
пантани 4,031286 0,002023
русские 3,183989 0,001598
сочи 0,853233 0,000428
футбол 0,285712 0,000430
мейар 4,436752 0,002226
награждение 3,743604 0,001878
регби 0,955511 0,000479
месси 2,239527 0,001124
бруклин 2,421849 0,001215
моей 2,490841 0,001250
дэвиса 1,633391 0,000820
хабиб 2,421849 0,001215
миннесота 2,421849 0,001215
время 0,384967 0,000193
странное 3,743604 0,001878
симон 3,338139 0,005025
кругом 4,031286 0,002023
насредакцияконтакты 2,644992 0,001327
средства 2,644992 0,001327
okko 2,357310 0,004731
скорострельность 5,129899 0,002574
series 2,085376 0,001046
ранее 1,104547 0,000554
румынский 3,743604 0,001878
шавкат 2,644992 0,001327
новых 1,633391 0,000820
бабиков 2,644992 0,001327
сергей 1,392229 0,001397
бойцы 2,296685 0,001152
эмильен 4,031286 0,002023
побили 4,031286 0,002023
голден 2,357310 0,001183
василевский 2,564949 0,001287
обсуждать 3,520461 0,001766
ига 2,644992 0,001327
соцсетях 1,466337 0,000736
восемь 2,038856 0,001023
вторичный 4,031286 0,002023
выступить 2,732003 0,001371
извинился 3,183989 0,001598
показать 0,825834 0,001243
мма 1,069456 0,001073
надо 2,038856 0,001023
балет 3,338139 0,001675
вечность 5,129899 0,002574
отсутствие 2,038856 0,001023
фрида 2,644992 0,001327
олимпийские 0,895792 0,001348
олимпийским 1,492313 0,001498
репетиция 5,129899 0,002574
игр 0,367725 0,000554
fc 2,085376 0,001046
чувствую 4,031286 0,002023
сенсация 3,338139 0,001675
мысли 3,183989 0,001598
александер 2,357310 0,001183
командные 1,797694 0,000902
гран 1,518981 0,000762
карри 2,421849 0,001215
всех 0,652562 0,001637
салах 2,564949 0,001287
японии 1,664163 0,000835
чехию 2,932674 0,001471
всем 1,762603 0,000884
биатлон 0,534779 0,002415
олимпийских 0,799165 0,001604
сильно 2,134166 0,001071
бывают 2,932674 0,001471
стэнли 2,185460 0,001097
оскар 2,357310 0,001183
мог 1,762603 0,000884
выясняйте 3,338139 0,001675
провал 2,932674 0,001471
мок 1,574551 0,003160
gp 2,490841 0,001250
wrc 2,564949 0,001287
даллас 2,490841 0,001250
рейнджерс 2,038856 0,001023
вынесла 4,031286 0,002023
организаторы 2,564949 0,001287
основе 1,466337 0,000736
спринте 2,357310 0,001183
коньках 2,932674 0,002943
посетил 3,520461 0,001766
фуркад 3,743604 0,005635
любимую 2,932674 0,001471
среди 0,597299 0,000300
motogp 2,644992 0,001327
москва 0,760451 0,000382
меня 1,518981 0,002286
бодрее 4,436752 0,002226
остон 2,564949 0,001287
эмбиид 2,644992 0,001327
законодательства 4,436752 0,002226
моя 2,185460 0,002193
фьюри 2,357310 0,001183
юниоров 1,728701 0,000867
фонтаны 5,129899 0,002574
джейсон 2,490841 0,001250
скандал 1,871802 0,000939
позже 1,518981 0,000762
павел 1,871802 0,000939
результаты 0,910391 0,000457
офф 1,019025 0,000511
зимняя 2,932674 0,001471
возвращение 1,762603 0,000884
виктория 2,185460 0,001097
конечно 2,932674 0,001471
красотки 4,436752 0,002226
фрэнсис 2,564949 0,001287
стресса 5,129899 0,002574
предоставления 2,490841 0,001250
матчи 0,773190 0,000388
dog 2,564949 0,001287
мартин 2,085376 0,001046
реал 1,492313 0,001498
сливко 2,564949 0,001287
чем 0,747872 0,001126
даниил 1,834062 0,001841
бене 4,031286 0,002023
стать 1,441019 0,000723
вчера 1,518981 0,003049
был 0,663991 0,000333
бетербиев 2,421849 0,001215
эти 1,323236 0,000664
красная 1,994404 0,001001
ламин 2,490841 0,001250
это 0,277868 0,001534
лука 1,198073 0,000601
спортсменов 0,786093 0,001183
этих 1,301257 0,000653
шиффрин 2,932674 0,001471
половины 2,564949 0,001287
бэй 2,490841 0,001250
отсечки 4,436752 0,002226
михаил 1,392229 0,004191
надаль 2,564949 0,001287
томаса 3,338139 0,001675
убежден 4,436752 0,002226
статусом 3,520461 0,001766
новости 0,301585 0,001665
стефен 2,564949 0,001287
симен 2,644992 0,001327
старт 1,416327 0,000711
юрген 3,338139 0,003350
симуляцию 3,743604 0,003757
анджелес 1,834062 0,000920
память 2,932674 0,001471
питтсбург 2,421849 0,001215
радио 2,421849 0,001215
критику 2,827314 0,001419
жанмонно 4,031286 0,004045
минимум 2,239527 0,001124
пользовательское 2,185460 0,001097
новом 1,994404 0,001001
шварцман 2,644992 0,001327
много 1,603538 0,000805
медалей 1,238078 0,001242
мужскую 4,031286 0,006068
анализа 2,421849 0,001215
программе 1,834062 0,000920
говорят 2,827314 0,001419
артемий 2,421849 0,001215
миллиарды 3,183989 0,001598
домрачева 3,743604 0,001878
ошибку 1,834062 0,000920
трибуна 2,490841 0,002500
самоделкина 2,564949 0,001287
игры 0,376309 0,000755
джоэл 2,644992 0,001327
соболенко 2,357310 0,001183
февраля 0,232059 0,002212
мхл 1,603538 0,000805
непряева 2,932674 0,001471
бьорндален 4,031286 0,004045
всколыхнул 5,129899 0,002574
пять 1,368699 0,000687
минут 1,258698 0,000632
германии 1,323236 0,002656
вопрос 1,603538 0,000805
яннис 2,564949 0,001287
компания 1,279751 0,000642
шведок 5,129899 0,002574
устройств 3,520461 0,001766
деятельности 1,871802 0,000939
клэбо 2,644992 0,006636
соревнования 0,663991 0,000666
японцев 3,520461 0,001766
мбаппе 2,239527 0,001124
швейцарские 4,436752 0,002226
леброн 2,564949 0,001287
туктамышева 2,490841 0,001250
хуже 2,732003 0,001371
хаас 2,564949 0,001287
усик 2,296685 0,001152
прошлого 2,357310 0,001183
сестрами 5,129899 0,002574
бастони 3,743604 0,003757
sports 1,301257 0,002612
задваивается 4,436752 0,002226
кто 0,839439 0,000421
фиганы 4,436752 0,002226
технологии 1,574551 0,001580
побеждают 4,031286 0,002023
контрацепции 4,436752 0,002226
конкурс 2,827314 0,002837
вспомните 5,129899 0,005148
соревнований 0,881403 0,000442
конкурса 3,338139 0,001675
джа 2,644992 0,001327
гватемала 3,050457 0,001531
тоже 1,911023 0,000959
кулачные 2,564949 0,001287
серьгу 5,129899 0,002574
лента 1,633391 0,000820
ханна 2,564949 0,001287
пасслер 4,436752 0,002226
реванш 2,421849 0,001215
нейтральным 3,743604 0,001878
ак 1,695912 0,000851
платим 3,743604 0,001878
уильямс 2,357310 0,001183
замучили 3,183989 0,001598
конкуренцию 3,183989 0,001598
роль 2,038856 0,001023
катаются 5,129899 0,002574
сборная 0,711058 0,009633
сердца 3,743604 0,001878
циципас 2,134166 0,001071
пятая 3,050457 0,001531
здоровую 5,129899 0,002574
бо 2,185460 0,003290
допинге 3,050457 0,001531
интереснее 5,129899 0,002574
вообще 1,911023 0,000959
появились 1,664163 0,000835
нашу 3,520461 0,001766
йонна 2,421849 0,001215
допуске 3,183989 0,001598
бы 1,052361 0,001584
приложения 2,185460 0,002193
наши 1,323236 0,001992
сказал 1,762603 0,000884
допуска 4,031286 0,002023
кхл 0,760451 0,000382
россии 0,160085 0,001285
алонсо 2,421849 0,001215
вашу 3,743604 0,001878
ru 0,285712 0,000573
символической 4,436752 0,002226
наша 2,564949 0,001287
кубок 0,524729 0,002896
во 0,495170 0,000248
рублей 2,038856 0,001023
уорриорз 2,490841 0,001250
уже 0,687247 0,000690
мужчин 1,492313 0,000749
рублев 2,296685 0,001152
беллингем 2,644992 0,001327
мишлон 4,436752 0,002226
ваши 2,564949 0,001287
того 0,955511 0,000479
вы 0,325878 0,000164
лагрейда 5,129899 0,002574
барселона 1,834062 0,000920
ваша 4,436752 0,002226
зарплаты 2,239527 0,001124
слезы 3,743604 0,003757
лидирует 3,183989 0,001598
пары 2,296685 0,001152
мэттьюс 2,644992 0,001327
итогам 1,603538 0,000805
турниры 0,895792 0,003596
просто 1,492313 0,000749
россия 0,699082 0,000351
тест 2,827314 0,002837
store 2,490841 0,001250
трехкратной 4,031286 0,002023
рекорд 1,198073 0,000601
виктор 1,574551 0,000790
серохвостов 2,644992 0,001327
говорили 3,338139 0,001675
медиафутбол 2,564949 0,001287
софья 2,564949 0,001287
чтобы 0,773190 0,001552
всякие 4,436752 0,002226
ibu 2,239527 0,002247
здесь 1,911023 0,001918
плей 1,002764 0,000503
open 1,871802 0,002818
де 0,955511 0,000479
слежу 5,129899 0,002574
перед 0,839439 0,000842
до 0,239550 0,000240
коростелев 3,183989 0,001598
трусова 2,644992 0,001327
кристина 2,421849 0,001215
другое 1,834062 0,001841
мирра 2,357310 0,001183
выступать 1,633391 0,000820
медалях 3,743604 0,001878
перес 2,357310 0,001183
зайцева 3,183989 0,001598
us 2,038856 0,001023
олимпийцев 3,183989 0,001598
ее 1,871802 0,000939
отдать 3,338139 0,001675
пьер 2,134166 0,001071
регулярно 1,871802 0,000939
ход 2,732003 0,002742
баскетбол 0,773190 0,001164
бижутерией 4,436752 0,002226
кубка 0,825834 0,000414
тейтум 2,564949 0,001287
сидни 2,296685 0,001152
для 0,146292 0,000367
причина 3,050457 0,001531
лыжной 3,520461 0,001766
support 2,490841 0,001250
выберите 2,239527 0,002247
вид 1,104547 0,000554
кондратюк 2,644992 0,001327
mma 2,038856 0,001023
круче 3,183989 0,001598
сайнс 2,564949 0,001287
шамаев 4,436752 0,002226
спонсорские 3,520461 0,003533
ботн 4,436752 0,002226
российского 1,603538 0,000805
что 0,239550 0,001322
медали 0,971016 0,003410
стрем 5,129899 0,002574
за 0,125952 0,000885
победил 1,279751 0,000642
малкин 2,564949 0,001287
щербакова 2,644992 0,001327
медаль 1,416327 0,002132
бивол 2,421849 0,001215
было 0,438551 0,000440
энтони 2,038856 0,001023
подробнее 0,723179 0,000363
зачет 3,050457 0,001531
отправим 4,436752 0,004452
мостик 3,520461 0,001766
зачем 2,421849 0,001215
милуоки 2,490841 0,001250
зимней 2,239527 0,001124
пользователей 2,038856 0,001023
бесплатно 2,827314 0,001419
были 0,799165 0,000802
плющенко 2,239527 0,001124
теннисисты 2,421849 0,001215
ампеццо 2,490841 0,001250
дня 1,104547 0,001663
накажут 4,031286 0,002023
перейра 2,490841 0,001250
позиция 2,421849 0,001215
логинов 2,644992 0,001327
женской 2,134166 0,001071
петросян 1,441019 0,002169
пенальти 2,038856 0,001023
из 0,106018 0,000053
сказывается 3,338139 0,001675
ии 4,031286 0,002023
юве 3,338139 0,001675
победителей 2,085376 0,002093
играют 1,728701 0,000867
им 1,198073 0,000601
роналду 1,911023 0,000959
херль 5,129899 0,002574
гонщики 2,564949 0,001287
настоящие 5,129899 0,002574
ит 2,564949 0,001287
положениями 4,031286 0,002023
нба 1,546380 0,002328
их 0,799165 0,001203
компаниипромокоды 2,644992 0,001327
сюрприз 5,129899 0,002574
занятиям 4,436752 0,002226
тайсон 2,421849 0,001215
удовольствием 2,932674 0,001471
пятикратным 3,520461 0,001766
спартак 0,786093 0,000789
хоккей 0,376309 0,000566
нам 1,797694 0,000902
реплика 4,436752 0,004452
вgoogle 2,644992 0,001327
бобровский 2,644992 0,001327
хоккее 2,038856 0,001023
сих 2,421849 0,001215
нас 1,492313 0,001498
участников 1,159607 0,000582
распределении 3,338139 0,001675
ска 1,279751 0,001284
здоровье 1,664163 0,000835
закончились 3,338139 0,003350
серия 1,052361 0,000528
ски 1,069456 0,000537
цска 0,711058 0,000714
горных 3,520461 0,001766
россиян 1,762603 0,002653
сестер 5,129899 0,002574
овечкин 1,762603 0,000884
поедут 3,743604 0,001878
глазах 3,183989 0,001598
км 2,038856 0,002046
перестали 3,743604 0,001878
суперлига 1,574551 0,000790
кр 3,520461 0,001766
попавшейся 5,129899 0,002574
которые 0,760451 0,000382
сомнительная 4,436752 0,002226
ступак 2,644992 0,001327
неинтересен 4,436752 0,002226
кумира 5,129899 0,002574
ла 1,762603 0,001769
ле 2,038856 0,001023
камила 2,357310 0,001183
победа 1,238078 0,001242
никола 2,085376 0,001046
ли 1,198073 0,001202
киркеэйде 4,436752 0,006679
находящихся 2,185460 0,001097
олимпийской 1,911023 0,000959
вот 2,134166 0,001071
превзошел 4,031286 0,002023
взносах 3,743604 0,001878
норрис 2,421849 0,001215
вrustore 2,644992 0,001327
резцова 2,421849 0,001215
соревноваться 2,827314 0,001419
сити 1,546380 0,000776
сбора 2,296685 0,001152
конор 2,421849 0,001215
жить 3,520461 0,001766
мг 2,296685 0,001152
гилджес 2,644992 0,001327
камиль 4,031286 0,002023
рафаэль 2,357310 0,001183
будем 2,490841 0,001250
стран 1,546380 0,000776
герои 3,520461 0,001766
будет 0,825834 0,001657
место 0,597299 0,000300
радости 4,031286 0,002023
шарль 2,421849 0,001215
бостон 2,357310 0,001183
сборной 0,825834 0,000414
мы 0,925206 0,001857
дичь 4,436752 0,002226
мю 2,296685 0,001152
травмы 1,492313 0,000749
на 0,023953 0,000553
победила 1,762603 0,000884
махачев 2,134166 0,001071
анна 1,797694 0,000902
капризов 2,564949 0,001287
не 0,099461 0,001048
левандовски 2,644992 0,001327
феррари 2,490841 0,001250
онлайн 0,773190 0,000388
опыта 2,827314 0,001419
маленьким 5,129899 0,002574
выдали 3,520461 0,001766
но 0,402511 0,000808
ирвинг 2,490841 0,001250
олимпийцы 4,031286 0,002023
контрольные 2,644992 0,001327
плешкова 5,129899 0,002574
кучеров 2,357310 0,001183
места 1,198073 0,000601
об 0,217244 0,000327
нем 2,085376 0,001046
владимир 1,546380 0,001552
подняли 3,338139 0,001675
нет 0,825834 0,000414
ои 0,812411 0,000408
формат 2,185460 0,001097
мужчины 1,019025 0,004602
он 0,534779 0,000268
даже 1,198073 0,001803
от 0,160085 0,000402
этапах 2,827314 0,002837
пойдем 4,436752 0,002226
суды 4,031286 0,002023
вappgallery 2,644992 0,001327
статистика 0,652562 0,000327
официальный 1,104547 0,001108
бокс 0,576022 0,000578
статистике 3,743604 0,001878
официальные 1,574551 0,000790
победам 2,827314 0,001419
вернуть 2,185460 0,001097
сведений 2,239527 0,001124
все 0,125952 0,000379
алькарас 2,134166 0,001071
артема 3,520461 0,001766
challenger 2,490841 0,001250
городе 1,994404 0,001001
лыжников 3,338139 0,001675
рухнул 4,436752 0,002226
возможность 1,728701 0,000867
года 0,239550 0,000240
по 0,073653 0,000222
информации 1,518981 0,000762
эстафету 3,338139 0,008375
сведения 0,812411 0,000408
жаклен 4,031286 0,004045
жюлия 4,436752 0,004452
эстафеты 2,932674 0,002943
оберг 2,644992 0,005309
двойная 3,743604 0,001878
сменивших 4,436752 0,002226
хедегарт 3,050457 0,001531
втб 1,834062 0,000920
рб 2,357310 0,001183
эстафете 2,421849 0,002430
эстафета 2,564949 0,002574
отвечаю 3,743604 0,001878
селтикс 2,421849 0,001215
маккиннон 2,239527 0,001124
эмбахер 5,129899 0,002574
видов 1,392229 0,001397
