состояться 3,743604 0,000626
историей 4,031286 0,000674
табличку 4,436752 0,000742
скреплённых 5,129899 0,000858
latina 1,603538 0,000268
девять 2,296685 0,000384
день 0,760451 0,000254
последовали 2,932674 0,000491
экспорт 0,986764 0,000165
ним 1,695912 0,000284
прощание 3,743604 0,000626
န 2,134166 0,000357
играх 0,699082 0,001287
ဘ 2,134166 0,000357
ไทย 1,238078 0,000207
kernowek 3,520461 0,000589
မ 2,134166 0,000714
них 1,178655 0,000197
tatarça 1,392229 0,000233
играл 1,762603 0,000295
играм 2,421849 0,000405
маршалловы 4,436752 0,000742
သ 2,134166 0,000357
nova 2,932674 0,000491
частью 1,728701 0,000289
الدارجة 2,357310 0,000394
заявление 0,867219 0,000145
людей 2,134166 0,000357
множество 2,038856 0,000682
десятилетия 2,644992 0,000443
мали 2,644992 0,000443
mìng 2,827314 0,000473
основан 1,871802 0,000313
помещений 4,031286 0,000674
čeština 1,035554 0,000173
документально 4,436752 0,000742
суд 2,827314 0,000473
проекты 1,198073 0,000200
управленческого 3,520461 0,000589
hosting 5,129899 0,001717
викисклад 1,035554 0,000347
процессе 2,732003 0,000457
стараются 3,743604 0,000626
багамские 4,031286 0,000674
индия 3,183989 0,000533
slovenčina 1,069456 0,000179
юношеские 2,357310 0,000789
главой 3,050457 0,000510
очевидных 5,129899 0,000858
gnd 1,392229 0,000233
болгария 2,421849 0,000810
тонга 4,031286 0,000674
c 1,546380 0,000259
никарагуа 3,743604 0,000626
определены 4,436752 0,000742
честной 3,743604 0,000626
проект 1,728701 0,000578
македонски 1,258698 0,000211
отменено 2,644992 0,000443
быстро 2,038856 0,000341
весной 2,564949 0,000429
проблемы 1,871802 0,000313
i 1,762603 0,002359
j 1,466337 0,000245
финалы 2,185460 0,000366
доходов 2,827314 0,000946
n 2,421849 0,000405
серебряных 3,338139 0,001117
the 1,546380 0,002328
голосов 3,183989 0,001065
каждое 2,732003 0,000457
турах 3,183989 0,000533
t 2,732003 0,000457
u 1,345709 0,000225
v 1,951845 0,002286
каждой 1,546380 0,001035
w 0,955511 0,000160
x 1,279751 0,001285
луисе 4,031286 0,001349
колумбия 3,183989 0,000533
иной 2,827314 0,000473
митрофанова 4,436752 0,001485
имени 1,951845 0,000980
сборную 1,633391 0,000273
призы 2,827314 0,000473
проекта 2,564949 0,000429
индии 3,338139 0,000558
спорту 2,038856 0,000682
верхнем 4,436752 0,000742
украина 1,871802 0,000313
correct 5,129899 0,000858
коммерческих 3,183989 0,001065
барон 5,129899 0,002575
сильные 2,827314 0,000473
норвежская 1,603538 0,000268
степени 2,732003 0,000457
корее 2,827314 0,000473
эфиопия 3,338139 0,000558
почтовая 2,421849 0,000810
украины 1,797694 0,000301
историки 3,743604 0,000626
белоусов 5,129899 0,001717
флаги 3,743604 0,000626
верховная 5,129899 0,000858
лиллехаммер 3,183989 0,001598
саппоро 3,520461 0,003534
пришлась 4,031286 0,000674
флага 2,932674 0,002453
andrew 4,031286 0,000674
спорта 0,342407 0,000630
мавритания 4,031286 0,000674
спорте 2,038856 0,000341
июня 1,217876 0,000611
системе 0,867219 0,000290
объявляю 4,436752 0,000742
система 1,695912 0,000284
стадионом 3,050457 0,000510
каталогах 1,323236 0,000221
следующей 3,183989 0,000533
zeêuws 4,436752 0,000742
могут 0,760451 0,000382
шамони 3,183989 0,001598
корея 2,085376 0,001745
альбервиле 4,031286 0,000674
климатических 4,436752 0,000742
olympic 2,296685 0,001537
рико 3,338139 0,000558
успехом 2,644992 0,000443
торп 5,129899 0,000858
принявшим 5,129899 0,000858
цар 4,031286 0,000674
речей 5,129899 0,000858
различий 5,129899 0,000858
поджигается 5,129899 0,000858
приезжают 5,129899 0,000858
очков 1,198073 0,000200
доверяют 4,436752 0,000742
гаснет 5,129899 0,000858
рика 3,338139 0,000558
национального 2,564949 0,001287
заявка 4,031286 0,000674
монреале 2,827314 0,000473
ligure 3,520461 0,000589
заявки 3,743604 0,001879
заявку 3,183989 0,000533
последний 0,773190 0,000259
монголия 3,743604 0,000626
намибия 3,520461 0,000589
протестным 5,129899 0,000858
последние 1,178655 0,000592
лето 2,827314 0,000473
конгресса 4,031286 0,000674
комитету 5,129899 0,000858
ladin 3,338139 0,000558
конгрессе 2,644992 0,000443
некоторые 1,416327 0,000237
архив 1,258698 0,000211
avañe 2,732003 0,000457
uploads 5,129899 0,000858
монреаль 2,932674 0,001472
ванкувере 4,031286 0,000674
июля 1,035554 0,000866
pdf 0,940244 0,000157
последних 1,951845 0,000327
соломоновы 4,436752 0,000742
включают 2,732003 0,000457
sportspro 5,129899 0,000858
сша 0,586604 0,005300
описание 0,986764 0,000165
образцу 5,129899 0,000858
аппарат 3,520461 0,000589
раскопала 5,129899 0,000858
комитета 2,085376 0,000698
одессит 5,129899 0,000858
китайская 1,258698 0,000842
одновременно 1,762603 0,000590
тайного 5,129899 0,000858
юты 4,436752 0,000742
йские 3,743604 0,000626
культурой 5,129899 0,000858
поднятие 5,129899 0,003433
мероприятия 2,357310 0,000789
конгрессом 4,436752 0,000742
океания 2,490841 0,000417
меньших 5,129899 0,000858
нигерия 3,050457 0,000510
per 3,743604 0,000626
официального 2,421849 0,000405
коронавируса 3,338139 0,000558
бразилия 2,296685 0,001153
мориц 3,338139 0,004468
состязаниях 3,520461 0,000589
ноябрь 3,050457 0,000510
xvi 2,490841 0,001667
международное 2,185460 0,000366
ланка 4,031286 0,000674
worldcat 2,490841 0,000417
вклад 0,971016 0,000487
армии 2,932674 0,000491
indonesia 1,086847 0,000182
нижнем 4,031286 0,000674
текст 0,986764 0,000165
ноября 0,971016 0,000162
бурунди 4,031286 0,000674
lâm 1,762603 0,000295
солнца 4,436752 0,001485
очки 1,466337 0,000245
архивная 1,633391 0,003006
esperanto 1,198073 0,000200
тому 1,664163 0,000278
чемпиона 1,466337 0,000736
обнаружены 4,031286 0,000674
систему 2,732003 0,000457
перейти 0,867219 0,000290
подготовка 2,644992 0,000443
sunda 2,564949 0,000429
webcitation 2,038856 0,000341
счёт 1,603538 0,000268
xxxiii 3,520461 0,001178
олимпиад 2,564949 0,002575
интерес 2,564949 0,000429
томе 4,031286 0,000674
слова 1,574551 0,000263
спортсмена 1,834062 0,000307
бразилии 2,357310 0,000394
средств 2,421849 0,000405
подготовку 2,296685 0,000769
ненужными 5,129899 0,000858
оргкомитетов 5,129899 0,001717
taclḥit 4,436752 0,000742
бойкотированные 5,129899 0,000858
спортсмену 3,183989 0,000533
подготовки 1,633391 0,001093
заявок 4,436752 0,000742
нохчийн 2,296685 0,000384
парагвай 3,338139 0,000558
спортсмен 1,466337 0,000491
турин 3,050457 0,001531
штейнбах 3,743604 0,000626
микронезии 4,436752 0,000742
xxi 2,038856 0,001364
ответственности 0,971016 0,000162
звания 2,827314 0,000473
имеет 1,492313 0,000749
битв 5,129899 0,000858
его 0,447767 0,000225
собственными 3,743604 0,000626
чаша 4,436752 0,000742
чаше 4,436752 0,000742
только 0,447767 0,000225
звание 2,185460 0,000731
xxv 2,827314 0,001892
xxx 3,743604 0,001253
php 0,986764 0,000165
olympiques 5,129899 0,000858
золотых 1,911023 0,000959
зевса 5,129899 0,000858
окончания 2,085376 0,000349
держащий 5,129899 0,000858
проходят 1,728701 0,000578
миру 2,644992 0,000443
covid 2,564949 0,000858
гуам 4,436752 0,000742
каждого 1,633391 0,000273
мире 1,198073 0,000200
годом 2,085376 0,000349
аравия 1,951845 0,000327
мира 0,367725 0,000308
шевелева 5,129899 0,000858
отменены 3,183989 0,003729
frysk 1,762603 0,000295
чаще 1,834062 0,000307
реконструкцию 3,743604 0,000626
picard 2,827314 0,000473
идут 2,732003 0,000914
карьере 1,994404 0,000334
относительно 2,564949 0,000858
когда 0,652562 0,000437
могли 1,664163 0,000278
客家語 2,564949 0,000429
вконтакте 1,911023 0,000320
ввёл 3,338139 0,000558
включительно 2,827314 0,000473
проводятся 1,574551 0,001317
годов 1,301257 0,000653
предыдущих 2,827314 0,000946
سرائیکی 4,436752 0,000742
чего 1,345709 0,000225
куки 0,971016 0,000162
футболу 1,492313 0,000250
афганистан 4,031286 0,000674
паралимпийские 3,520461 0,000589
кука 3,743604 0,000626
тексты 3,743604 0,000626
виталий 2,564949 0,000429
престижным 3,183989 0,000533
готовят 3,743604 0,000626
происхождении 4,436752 0,000742
германская 3,520461 0,001178
татарика 4,436752 0,000742
международной 1,345709 0,000225
другие 0,384967 0,000193
так 0,597299 0,000700
says 4,436752 0,000742
там 1,603538 0,000268
иногда 1,951845 0,000327
федерация 1,002764 0,000168
другим 1,762603 0,000295
храм 5,129899 0,000858
деятель 4,031286 0,001349
других 0,853233 0,000286
кортина 2,490841 0,004167
деятеля 4,031286 0,000674
тура 1,728701 0,000289
мировые 2,827314 0,000473
туре 2,239527 0,000375
символ 3,050457 0,000510
мозамбик 3,520461 0,000589
порядковый 4,436752 0,000742
определение 3,183989 0,001065
уважаемым 5,129899 0,000858
честных 4,436752 0,000742
культуры 1,834062 0,000921
океан 2,732003 0,000457
пуэрто 3,338139 0,000558
учреждены 4,436752 0,001485
получающие 5,129899 0,000858
исключение 3,050457 0,000510
алфавитному 5,129899 0,000858
вести 2,421849 0,000405
греческой 3,743604 0,000626
есть 0,812411 0,000136
национальных 1,871802 0,000313
деревню 5,129899 0,000858
виргинские 4,031286 0,001349
спорт 0,224624 0,000038
этой 1,052361 0,000704
методик 4,436752 0,000742
этом 0,565551 0,000473
высшего 2,564949 0,000429
мальта 3,050457 0,000510
национальный 2,644992 0,000443
викисловарь 2,490841 0,000417
набрать 3,338139 0,000558
press 2,185460 0,000731
национальные 1,695912 0,000284
хельсинки 3,050457 0,003573
марка 2,038856 0,001023
главе 2,296685 0,000384
викисловаре 2,490841 0,000417
австралазия 5,129899 0,000858
признанным 4,436752 0,000742
швеция 1,345709 0,002702
qaraqalpaqsha 2,038856 0,000341
лесото 4,031286 0,000674
распространили 5,129899 0,000858
глава 1,546380 0,000259
иордания 3,520461 0,000589
античности 5,129899 0,002575
йемен 4,031286 0,002023
поднимается 4,436752 0,000742
известные 2,185460 0,001097
libris 4,436752 0,000742
бронзовых 3,520461 0,000589
считавшейся 5,129899 0,000858
сохранилось 4,031286 0,000674
ограниченными 3,743604 0,000626
cup 2,134166 0,000357
украинская 3,520461 0,000589
гамбия 3,743604 0,000626
полученные 3,743604 0,000626
français 1,019025 0,000170
māori 3,743604 0,000626
элемент 0,955511 0,000160
спортивные 1,104547 0,001109
alemannisch 2,357310 0,000394
немецким 3,743604 0,000626
спортивный 1,301257 0,000218
спортивным 2,296685 0,000769
афины 3,050457 0,004083
проходил 2,185460 0,000366
имеют 1,834062 0,000614
облик 4,031286 0,000674
трудностей 4,031286 0,000674
криминологического 5,129899 0,000858
женщины 0,881403 0,000147
открытие 2,357310 0,000789
спортивных 1,279751 0,000428
проходит 1,633391 0,000547
беженцев 4,436752 0,000742
оргкомитета 4,436752 0,002227
оргкомитеты 5,129899 0,000858
тех 1,217876 0,001426
прекращения 5,129899 0,000858
денвер 2,421849 0,000405
указанием 0,986764 0,000165
открытии 3,183989 0,000533
распада 2,564949 0,000429
зажигается 5,129899 0,000858
регулярные 2,932674 0,000491
ଓଡ 3,338139 0,000558
открытия 2,134166 0,001071
расходов 3,183989 0,000533
европы 0,524729 0,000088
тем 1,217876 0,000204
крупнейших 2,732003 0,000457
европе 1,492313 0,000499
считали 3,743604 0,001253
без 0,466460 0,000156
носившие 5,129899 0,000858
閩東語 2,827314 0,000473
между 0,955511 0,000480
трансляции 1,441019 0,000241
крупнейшие 2,732003 0,000457
продолжили 3,183989 0,000533
чӑвашла 2,134166 0,000357
долл 3,743604 0,008142
hak 2,564949 0,000429
соответствии 1,086847 0,000364
крупнейшим 3,743604 0,000626
европа 2,134166 0,000357
спортсмены 1,140915 0,000954
первого 1,258698 0,000211
исполнением 3,743604 0,002505
кандидат 4,436752 0,001485
виды 0,773190 0,000647
нечестное 5,129899 0,000858
особенности 3,183989 0,000533
чёрный 2,932674 0,000491
мексика 2,644992 0,001328
пока 1,159607 0,000194
идеалистические 5,129899 0,000858
период 1,159607 0,000388
कण 4,031286 0,000674
ಕನ 2,038856 0,000341
мериться 5,129899 0,000858
требует 1,951845 0,000327
центральный 2,185460 0,001097
выбывает 4,436752 0,000742
treccani 2,827314 0,000473
палестина 3,743604 0,000626
прилегающих 5,129899 0,000858
кроме 1,368699 0,000229
олимпийского 1,603538 0,004293
центральных 3,743604 0,000626
physique 5,129899 0,000858
всегда 1,258698 0,000632
греческие 4,031286 0,000674
каждая 2,134166 0,000357
beijing 4,031286 0,000674
оаэ 2,357310 0,000394
утверждаются 4,436752 0,000742
кодекс 0,971016 0,000162
впереди 2,421849 0,000405
канаде 2,296685 0,000384
документов 4,436752 0,001485
жуков 3,183989 0,000533
статье 2,085376 0,000698
статьи 0,524729 0,000527
белиз 5,129899 0,000858
комплектовали 5,129899 0,000858
канада 1,301257 0,001742
оар 5,129899 0,000858
компьютерную 5,129899 0,000858
консультационную 5,129899 0,000858
иных 3,183989 0,000533
комитетом 2,827314 0,000946
организует 4,031286 0,000674
затруднено 5,129899 0,000858
победителям 3,183989 0,000533
преодолеть 3,520461 0,000589
иным 4,031286 0,000674
марий 2,827314 0,000473
родезия 4,436752 0,000742
статья 0,986764 0,000660
если 0,675551 0,000113
подтверждённое 5,129899 0,000858
wikimedia 0,986764 0,000165
викицитатнике 2,827314 0,000473
неофициально 3,520461 0,001178
культуру 5,129899 0,000858
честь 2,085376 0,000349
молитву 5,129899 0,000858
претендовала 4,436752 0,000742
мировой 1,392229 0,002096
храме 5,129899 0,000858
проведшему 5,129899 0,000858
ελληνικά 1,086847 0,000182
финансирования 2,932674 0,000491
вопреки 4,031286 0,000674
задокументированные 5,129899 0,000858
многие 1,728701 0,000289
беларусь 1,368699 0,000229
язык 1,258698 0,000211
принимающих 4,031286 0,000674
исключительно 2,357310 0,000394
особенностями 5,129899 0,000858
circus 5,129899 0,000858
эмблему 3,520461 0,001178
অসম 2,644992 0,000443
сильнее 2,134166 0,000357
летней 2,564949 0,000429
lnb 4,031286 0,000674
целей 3,183989 0,000533
прочие 1,345709 0,000225
цфа 5,129899 0,000858
тщательно 4,031286 0,000674
разных 1,834062 0,000307
новая 1,546380 0,000517
милан 1,633391 0,000820
зелёный 2,732003 0,000457
спортом 2,827314 0,000946
подавляющем 4,436752 0,000742
алжир 3,338139 0,000558
creative 0,986764 0,000165
право 1,603538 0,002415
эмблема 2,732003 0,001371
nederlands 1,019025 0,000170
cppa 5,129899 0,000858
познакомить 5,129899 0,000858
wayback 1,633391 0,003006
разные 2,564949 0,000429
раза 1,834062 0,002455
стокгольме 3,050457 0,000510
отдан 3,743604 0,000626
эстония 2,490841 0,000417
правления 3,338139 0,000558
международным 1,871802 0,000940
международный 1,258698 0,000211
комитет 1,911023 0,001599
башҡортса 1,518981 0,000254
оды 5,129899 0,000858
международные 1,238078 0,000207
несколькими 2,644992 0,000443
вопросов 3,338139 0,000558
цымбалист 5,129899 0,000858
euskara 1,122566 0,000188
делегация 3,338139 0,000558
альбервиль 3,520461 0,001767
призёров 2,564949 0,000429
албания 2,932674 0,000491
даётся 3,183989 0,000533
турине 3,050457 0,000510
тыла 2,644992 0,000443
текущие 0,940244 0,000157
стране 1,951845 0,001959
initial 5,129899 0,000858
делегаций 5,129899 0,000858
столиц 4,436752 0,000742
люсия 5,129899 0,000858
вместо 1,633391 0,000547
страна 1,633391 0,000820
ведут 2,732003 0,000457
молдова 2,932674 0,000491
детали 3,183989 0,000533
штаты 4,031286 0,000674
ярослава 5,129899 0,000858
команд 1,178655 0,000789
создать 0,825834 0,000138
текущих 5,129899 0,000858
вместе 1,178655 0,000197
страны 1,052361 0,004930
изображён 4,436752 0,000742
народная 3,743604 0,000626
удмурт 5,129899 0,000858
малый 2,932674 0,000491
asturianu 1,323236 0,000221
страну 2,827314 0,000946
расходы 2,932674 0,003435
сомали 4,031286 0,000674
распределяются 3,520461 0,000589
винсент 3,520461 0,000589
экономику 5,129899 0,000858
کوردی 1,762603 0,000295
запрос 2,732003 0,000457
решение 1,238078 0,000414
печать 0,986764 0,000165
летние 1,238078 0,007250
íslenska 1,392229 0,000233
считается 1,664163 0,000557
том 0,895792 0,000450
олимпиаде 0,895792 0,000749
ввиду 2,732003 0,000457
стоимости 3,520461 0,000589
экономика 2,421849 0,000810
олимпиада 1,104547 0,001848
тот 1,416327 0,000237
основная 1,323236 0,001107
обсуждение 0,881403 0,000295
доставляют 5,129899 0,000858
организацию 2,564949 0,000429
организация 1,664163 0,000557
сложно 2,134166 0,000714
гайана 4,031286 0,000674
тринидад 3,338139 0,000558
организации 0,812411 0,000544
олимпиаду 1,664163 0,000557
товарный 0,986764 0,000165
перу 3,338139 0,000558
олимпиады 0,925206 0,003870
почти 1,323236 0,000443
три 0,786093 0,000263
лиллехаммере 5,129899 0,000858
довольны 3,520461 0,000589
閩南語 1,762603 0,000295
калгари 2,932674 0,001472
кандидаты 3,520461 0,000589
начиная 1,492313 0,001997
дважды 1,574551 0,000790
довольно 2,490841 0,000833
норвегия 1,834062 0,005523
университет 2,827314 0,000473
бог 4,031286 0,001349
реальные 3,743604 0,000626
летних 1,911023 0,002238
tacc 3,520461 0,000589
печати 0,955511 0,000160
реальный 2,932674 0,000491
fortius 5,129899 0,000858
достижения 1,695912 0,000284
последняя 2,644992 0,000443
родоначальницы 5,129899 0,001717
пришедшихся 5,129899 0,000858
ванкувер 2,932674 0,001472
условий 0,881403 0,000147
бруней 4,031286 0,000674
представительства 4,031286 0,000674
набравший 3,520461 0,000589
хозяйки 3,338139 0,003351
как 0,232059 0,000699
citius 5,129899 0,000858
гаити 3,338139 0,000558
дошло 4,436752 0,000742
венчает 5,129899 0,000858
следует 2,038856 0,000682
посвящали 5,129899 0,000858
родоначальнице 5,129899 0,000858
xiii 2,932674 0,002453
дошла 2,932674 0,000491
тарашкевіца 1,198073 0,000200
положительное 5,129899 0,000858
париже 1,664163 0,000835
богемия 5,129899 0,000858
cymraeg 1,574551 0,000263
финансирование 3,183989 0,001598
способ 2,827314 0,000473
идёт 2,296685 0,001153
учётом 2,732003 0,000914
мокшень 3,520461 0,000589
событием 2,932674 0,000491
достижений 3,338139 0,000558
проводились 1,603538 0,002683
использовались 2,827314 0,000473
sicilianu 2,038856 0,000341
второй 0,786093 0,001052
проводящимся 4,436752 0,000742
условия 0,411400 0,000138
австрии 2,421849 0,000405
dansk 1,069456 0,000179
перемирие 5,129899 0,000858
спасением 5,129899 0,000858
ещё 0,420369 0,000070
ротацию 5,129899 0,000858
окр 3,183989 0,000533
бангладеш 3,520461 0,000589
дисциплинах 2,932674 0,000491
سنڌي 3,050457 0,000510
приняли 1,633391 0,000547
наибольшие 5,129899 0,000858
конному 4,436752 0,000742
организаторов 3,050457 0,000510
возможностями 3,338139 0,000558
менее 1,258698 0,000421
видам 2,038856 0,000682
берлин 3,050457 0,003062
помощью 2,185460 0,000366
мудрого 5,129899 0,000858
беларуская 1,069456 0,000358
греч 3,338139 0,000558
документацией 4,436752 0,000742
impact 3,743604 0,000626
объявляли 5,129899 0,000858
первой 1,019025 0,000682
чехословакия 2,421849 0,000405
итоговые 4,031286 0,000674
грек 4,436752 0,000742
превзойти 4,436752 0,000742
пожара 4,436752 0,000742
помощь 2,239527 0,000375
первом 1,052361 0,000176
судан 3,743604 0,001253
разрабатывают 5,129899 0,000858
а 0,209918 0,000808
в 0,017911 0,000647
олык 2,932674 0,000491
г 0,925206 0,000464
д 0,895792 0,001649
е 0,867219 0,000871
и 0,023953 0,000493
й 0,825834 0,000138
к 0,132686 0,000266
л 2,038856 0,001706
м 0,534779 0,000179
н 0,895792 0,001199
о 0,042302 0,000085
пакистан 4,031286 0,000674
ολυμπιακοί 5,129899 0,000858
санкт 1,279751 0,001927
венесуэла 3,338139 0,000558
силу 2,296685 0,000384
зрительского 5,129899 0,000858
с 0,036149 0,000278
т 1,368699 0,000229
у 0,342407 0,000115
китае 2,932674 0,000491
течение 1,238078 0,000414
какие 2,134166 0,000357
китай 2,038856 0,003070
скачать 0,895792 0,000300
они 0,760451 0,000509
э 2,296685 0,001153
заканчивается 2,827314 0,000473
я 0,853233 0,000286
оно 2,038856 0,000341
косово 3,338139 0,000558
атлетике 2,932674 0,000491
антигуа 4,031286 0,000674
принципами 4,031286 0,000674
футбол 0,285712 0,000096
итоговый 3,338139 0,000558
сценарии 5,129899 0,000858
видах 2,038856 0,000341
deadlink 2,038856 0,000341
исследования 2,732003 0,000457
португалия 2,296685 0,000384
копия 1,574551 0,003425
организатор 3,183989 0,002131
кенан 5,129899 0,000858
австрия 2,239527 0,002623
внеоче 5,129899 0,000858
классических 3,743604 0,000626
соответствующих 3,338139 0,000558
атлетики 3,338139 0,000558
каталанская 1,695912 0,000284
денежные 4,031286 0,000674
ангола 3,520461 0,000589
причём 1,951845 0,000327
пешин 5,129899 0,000858
представились 0,986764 0,000165
пьером 5,129899 0,000858
высших 3,183989 0,000533
моде 4,436752 0,000742
maximus 5,129899 0,000858
город 1,871802 0,002192
прежде 2,185460 0,000366
партенкирхен 3,520461 0,002356
верде 3,183989 0,000533
粵語 1,178655 0,000197
час 3,050457 0,000510
следующего 2,185460 0,000366
проносится 5,129899 0,000858
தம 1,492313 0,000250
региональный 4,436752 0,000742
либерия 4,031286 0,000674
нумерацию 5,129899 0,000858
викискладе 1,217876 0,000204
жанейро 2,421849 0,002026
закрытии 5,129899 0,001717
чад 4,436752 0,000742
закрытие 4,031286 0,000674
австралия 2,239527 0,002248
голубь 5,129899 0,000858
впоследствии 1,911023 0,000320
дискриминации 5,129899 0,000858
вооружённые 4,436752 0,000742
xvii 2,490841 0,002084
мест 1,951845 0,000653
нумерации 5,129899 0,000858
мегапроекта 5,129899 0,000858
ефрона 3,183989 0,001065
региональные 2,357310 0,000789
отдельными 4,436752 0,000742
бога 4,031286 0,000674
соревнованиях 1,159607 0,000194
комитетам 5,129899 0,000858
профессионалов 2,644992 0,000885
превышают 4,031286 0,000674
австралии 2,134166 0,000714
равно 2,827314 0,000473
արեւմտահայերէն 2,564949 0,000429
сумма 2,357310 0,000789
наибольшее 2,085376 0,000698
священное 5,129899 0,000858
принимающей 3,743604 0,000626
мысли 3,183989 0,000533
занимающимся 4,436752 0,000742
цитата 4,436752 0,000742
всех 0,652562 0,000655
японии 1,664163 0,000278
всей 1,871802 0,000626
title 0,986764 0,000165
интересный 3,743604 0,000626
всем 1,762603 0,000295
видео 0,699082 0,000117
чехия 1,518981 0,000254
обеих 2,296685 0,000384
польша 2,185460 0,000366
кубертеном 5,129899 0,000858
времён 2,644992 0,000443
пожертвовать 0,986764 0,000165
французов 3,743604 0,001253
именитые 4,436752 0,000742
цитаты 2,827314 0,000473
берлине 3,338139 0,000558
япония 1,994404 0,003670
ссылка 0,786093 0,000395
эпохи 3,050457 0,000510
kiswahili 2,185460 0,000366
графика 4,436752 0,000742
ссылки 0,839439 0,000702
духом 4,436752 0,000742
размаху 5,129899 0,000858
британские 3,338139 0,000558
chnf 5,129899 0,000858
суммам 5,129899 0,000858
объявляет 3,743604 0,000626
ನಡ 2,038856 0,000341
сувенирной 5,129899 0,000858
первыми 1,762603 0,000295
играми 3,050457 0,000510
джим 4,031286 0,000674
представителем 2,827314 0,000473
всемирные 3,050457 0,000510
феодосия 5,129899 0,000858
аполлона 4,436752 0,001485
швейцария 1,603538 0,001878
тыс 3,338139 0,001117
призёрам 5,129899 0,000858
стремится 3,520461 0,000589
представителей 2,239527 0,000375
приходом 3,338139 0,000558
выпускаемой 5,129899 0,000858
москве 1,518981 0,000508
преимущество 2,239527 0,000749
москва 0,760451 0,000636
отдельных 0,986764 0,000495
нигер 4,031286 0,000674
ᱥᱟᱱᱛᱟᱲᱤ 2,932674 0,000491
слабая 3,520461 0,000589
греции 2,732003 0,005485
хорватская 3,183989 0,000533
составитель 3,183989 0,000533
скромное 5,129899 0,000858
sudoc 2,932674 0,000491
швейцарии 2,296685 0,000384
проходящие 3,743604 0,000626
священным 5,129899 0,000858
священный 5,129899 0,000858
специальную 3,520461 0,000589
брисбен 3,743604 0,001879
эндрю 4,436752 0,000742
дания 2,085376 0,000349
свыше 3,338139 0,001117
отдельным 4,031286 0,000674
певцы 5,129899 0,000858
результаты 0,910391 0,000152
гренобль 3,520461 0,001767
деньги 1,994404 0,000667
греция 2,564949 0,003004
проводится 1,546380 0,000517
hindi 2,421849 0,000405
doc 4,436752 0,000742
проводят 2,421849 0,000405
олимпийскому 3,520461 0,001178
чем 0,747872 0,000125
рабочее 4,031286 0,000674
планета 3,743604 0,001253
состязания 2,490841 0,000417
ncvsm 5,129899 0,000858
стать 1,441019 0,000241
проведённом 5,129899 0,000858
кнр 3,743604 0,001253
обучение 2,827314 0,000473
summer 3,520461 0,000589
был 0,663991 0,000555
руанда 4,031286 0,000674
результате 1,728701 0,000578
文言 3,338139 0,000558
малайзия 3,183989 0,000533
равным 4,031286 0,000674
родственных 2,644992 0,000443
код 0,986764 0,002807
набрала 2,932674 0,000491
закрытия 3,050457 0,001531
may 3,338139 0,000558
возрождены 4,436752 0,000742
египет 3,183989 0,000533
половины 2,564949 0,000858
fiji 2,421849 0,000405
кот 3,338139 0,000558
url 0,986764 0,000165
половину 2,421849 0,000810
таиланд 2,932674 0,000491
machine 1,633391 0,003006
перенесённые 5,129899 0,000858
состязаний 2,932674 0,000491
войти 0,735450 0,000123
анджелес 1,834062 0,002762
сентябре 2,490841 0,000417
первых 1,518981 0,000254
ქართული 1,392229 0,000233
луис 2,644992 0,001328
вышли 1,797694 0,000301
антверпен 3,743604 0,001879
императоре 5,129899 0,000858
невис 5,129899 0,000858
талисманы 3,743604 0,000626
стадион 2,134166 0,000714
принсипи 4,031286 0,000674
зеландия 2,827314 0,000473
императора 4,031286 0,000674
медалей 1,238078 0,001450
ⵜⴰⵏⴰⵡⴰⵢⵜ 4,031286 0,000674
бельгия 2,296685 0,001537
malagasy 3,183989 0,000533
инструменты 0,986764 0,000330
ритуалы 5,129899 0,001717
современность 3,743604 0,000626
рейтинговым 5,129899 0,000858
храмовые 5,129899 0,000858
лежит 3,520461 0,000589
первым 1,238078 0,000414
тайвань 3,520461 0,000589
игровые 1,603538 0,000268
религиозным 5,129899 0,000858
оцениваются 3,520461 0,000589
первые 0,971016 0,000975
тоҷикӣ 1,695912 0,000284
обращения 0,925206 0,001548
программу 1,466337 0,000245
грандиозные 4,436752 0,000742
религиозный 5,129899 0,000858
первый 0,687247 0,000230
римской 3,338139 0,000558
февраля 0,232059 0,000349
достичь 3,743604 0,000626
программы 1,633391 0,000547
मर 1,574551 0,000263
пять 1,368699 0,000229
соответствующем 3,743604 0,000626
мнению 2,732003 0,000457
значение 2,490841 0,000417
यच 4,031286 0,000674
тогда 1,466337 0,000245
антитеррористической 5,129899 0,000858
symbols 4,436752 0,000742
словакия 1,834062 0,000307
деятельность 2,490841 0,000417
эгидой 1,797694 0,000301
pyeongchang 5,129899 0,000858
клятвы 5,129899 0,001717
деятельности 1,871802 0,000313
значения 1,416327 0,000474
зрелище 4,436752 0,000742
происходит 1,695912 0,000567
стилизованный 5,129899 0,000858
романтическо 5,129899 0,000858
пяти 1,574551 0,000527
существовавшая 4,436752 0,000742
проход 3,743604 0,001253
соответствующей 3,050457 0,000510
олимпи 4,031286 0,000674
кольцами 4,031286 0,000674
греческого 4,436752 0,000742
швейцарский 3,520461 0,000589
кто 0,839439 0,000281
феодосии 5,129899 0,000858
панайотису 5,129899 0,000858
клятва 4,436752 0,001485
цымбалисту 5,129899 0,000858
древностей 5,129899 0,000858
материал 0,825834 0,000138
самым 1,392229 0,000233
империи 2,296685 0,000769
кубертен 4,436752 0,002969
публике 3,743604 0,000626
самые 1,633391 0,000273
прошедшим 4,436752 0,000742
гватемала 3,050457 0,000510
китс 5,129899 0,000858
разработке 3,743604 0,000626
направляет 4,031286 0,000674
прошедших 3,183989 0,001065
instagram 1,911023 0,000320
туры 3,743604 0,000626
føroyskt 2,085376 0,000349
ао 2,564949 0,000429
ботсвана 3,743604 0,000626
навигация 0,986764 0,000330
борьбе 1,603538 0,000268
окружения 5,129899 0,000858
профессионалам 3,743604 0,000626
полотнище 5,129899 0,001717
кабо 3,338139 0,000558
экономисту 5,129899 0,000858
навигации 0,986764 0,000165
сборная 0,711058 0,000119
правила 0,910391 0,000457
сараево 3,050457 0,001531
борьбу 2,357310 0,000789
официальную 3,050457 0,000510
правило 1,633391 0,001640
ر 3,743604 0,000626
появились 1,664163 0,000278
борьбы 2,134166 0,000357
азербайджан 2,644992 0,000443
покровителем 5,129899 0,000858
характер 2,732003 0,000457
hrvatski 1,052361 0,000176
наши 1,323236 0,000221
сказал 1,762603 0,000295
оргкомитет 5,129899 0,001717
nordfriisk 4,031286 0,000674
традиционных 3,520461 0,001178
приоритеты 5,129899 0,000858
олимпия 3,338139 0,000558
аудио 1,951845 0,000327
xxxii 3,743604 0,001253
во 0,495170 0,000580
залпов 5,129899 0,000858
культа 5,129899 0,000858
лишён 5,129899 0,000858
австралийского 4,031286 0,000674
песков 4,436752 0,000742
рублей 2,038856 0,000341
occitan 1,466337 0,000245
статистически 4,436752 0,000742
начинаются 3,520461 0,000589
уже 0,687247 0,000230
неотъемлемой 3,743604 0,000626
цвет 2,357310 0,000394
очередь 2,239527 0,000749
вы 0,325878 0,000055
представления 3,743604 0,001253
восстановить 2,932674 0,000491
превысили 4,031286 0,000674
кипр 3,050457 0,000510
речь 3,183989 0,000533
феодосием 5,129899 0,000858
континенту 4,436752 0,000742
доброй 3,743604 0,000626
энциклопедии 0,986764 0,000330
олимпии 5,129899 0,006866
государства 2,932674 0,001472
представление 3,743604 0,001253
заппас 5,129899 0,000858
практикует 4,436752 0,000742
энциклопедия 2,239527 0,000375
xxxiv 3,520461 0,001178
associated 0,986764 0,000165
български 1,086847 0,000182
чтобы 0,773190 0,000517
инспектирует 5,129899 0,000858
панама 3,338139 0,000558
ведомости 3,338139 0,000558
журнал 2,185460 0,001097
проведение 2,134166 0,002142
де 0,955511 0,001759
объём 3,183989 0,000533
проведении 2,732003 0,000914
принадлежала 5,129899 0,000858
перед 0,839439 0,000140
сайт 0,773190 0,000129
numbers 5,129899 0,001717
буряад 3,338139 0,000558
до 0,239550 0,000521
др 2,490841 0,000833
жрица 5,129899 0,000858
зарегистрированный 0,986764 0,000165
бойкот 3,338139 0,000558
выступать 1,633391 0,000273
торжественный 5,129899 0,000858
специальном 3,050457 0,000510
сюда 0,986764 0,000330
специальной 2,421849 0,000810
независимые 3,183989 0,000533
аԥсшәа 4,031286 0,000674
презентацию 4,436752 0,000742
французском 3,520461 0,000589
сувениров 4,436752 0,000742
желанным 5,129899 0,000858
цитировать 0,986764 0,000165
скульптур 4,031286 0,000674
пьер 2,134166 0,001071
регулярно 1,871802 0,000626
азия 2,564949 0,000429
проведения 1,258698 0,004633
числе 1,546380 0,000259
лондон 2,490841 0,005418
число 1,392229 0,000699
американские 2,932674 0,000981
ido 1,546380 0,000259
запрещённых 2,932674 0,000491
числу 1,546380 0,000259
принимают 2,085376 0,001047
её 1,104547 0,000554
же 0,925206 0,000929
bibsys 4,436752 0,000742
драйверах 5,129899 0,000858
русиньскый 2,732003 0,000457
финалистов 3,338139 0,001117
данной 2,732003 0,000457
утеряны 5,129899 0,000858
данное 3,743604 0,000626
превышали 4,436752 0,000742
произносятся 5,129899 0,000858
путь 1,834062 0,000307
российского 1,603538 0,000268
сингапур 3,183989 0,000533
деятелем 4,436752 0,000742
что 0,239550 0,000481
позитивного 5,129899 0,000858
лезги 3,183989 0,000533
править 0,986764 0,005613
за 0,125952 0,000695
среднем 2,239527 0,000375
анджелесе 2,564949 0,000858
призёры 2,564949 0,002146
медаль 1,416327 0,000711
проводившийся 4,031286 0,000674
расположения 3,338139 0,000558
честью 4,031286 0,000674
недопуска 4,031286 0,001349
basa 2,732003 0,000457
было 0,438551 0,000367
подробнее 0,723179 0,000242
составляет 2,085376 0,000349
маркетинговой 4,436752 0,000742
документы 2,564949 0,000429
четырёхлетнего 4,436752 0,000742
были 0,799165 0,001872
несмотря 1,762603 0,000295
vèneto 2,357310 0,000394
прекращать 5,129899 0,000858
венгрия 2,564949 0,001287
настоящими 5,129899 0,000858
напоминает 3,743604 0,000626
была 0,652562 0,000218
августе 2,296685 0,000384
национальными 4,031286 0,000674
из 0,106018 0,000621
плакат 5,129899 0,000858
исчезла 5,129899 0,000858
runa 2,732003 0,000457
им 1,198073 0,000200
специалистов 2,644992 0,000443
августа 1,052361 0,000352
позволяет 2,239527 0,000375
книгу 4,031286 0,000674
члены 2,421849 0,000405
сурдлимпийские 4,436752 0,000742
их 0,799165 0,001070
скрытые 1,122566 0,000188
konknni 4,031286 0,000674
восточный 3,338139 0,000558
затрат 4,031286 0,003372
кувейт 3,520461 0,000589
games 2,038856 0,001023
хоккее 2,038856 0,000341
экстремальные 3,520461 0,000589
английском 2,732003 0,000457
žemaitėška 2,732003 0,000457
coubertin 5,129899 0,000858
ряду 3,743604 0,001253
исключением 1,994404 0,000667
движения 2,239527 0,000749
произносит 4,436752 0,000742
относят 4,031286 0,000674
техническим 2,564949 0,000429
управления 2,644992 0,000885
словения 2,490841 0,000417
стадионе 1,994404 0,000334
гераклом 5,129899 0,000858
ряде 2,421849 0,000405
стокгольм 3,520461 0,001767
зимбабве 3,338139 0,000558
estremeñu 2,827314 0,000473
воплотил 4,436752 0,000742
мадагаскар 3,520461 0,000589
выгоды 4,436752 0,000742
стадиону 3,338139 0,000558
srpski 1,035554 0,000173
движение 2,185460 0,001463
фразой 4,436752 0,000742
парламента 4,436752 0,000742
вызывает 3,520461 0,000589
движении 3,520461 0,000589
канадцев 3,520461 0,000589
доверено 4,436752 0,000742
марокко 2,932674 0,000491
является 1,086847 0,000909
lingua 3,050457 0,000510
атланте 3,743604 0,000626
поддерживал 4,031286 0,000674
октября 1,086847 0,000364
iii 2,490841 0,002500
вместимостью 4,031286 0,000674
атланта 2,932674 0,001472
учёта 2,732003 0,000914
foundation 0,986764 0,000165
следующих 2,134166 0,000357
императором 5,129899 0,000858
планы 3,050457 0,000510
турция 2,421849 0,000405
судействе 3,338139 0,000558
месяце 3,338139 0,000558
объединяют 5,129899 0,000858
выбирает 3,520461 0,000589
футбольные 2,239527 0,000375
месяцы 4,436752 0,000742
основателем 3,520461 0,000589
строит 5,129899 0,000858
facebook 1,994404 0,000334
президент 1,416327 0,000237
считают 2,827314 0,000473
аполлон 4,436752 0,001485
кения 3,183989 0,000533
первоначально 1,951845 0,000653
продукции 3,743604 0,000626
сити 1,546380 0,001811
한국어 1,035554 0,000173
culture 3,338139 0,000558
создании 2,827314 0,000473
американское 4,031286 0,000674
собой 1,279751 0,000214
ހ 4,031286 0,000674
место 0,597299 0,001199
развития 1,797694 0,000301
ខ 3,183989 0,000533
судей 1,797694 0,000301
участвовал 2,732003 0,000457
давало 3,743604 0,000626
метрополитена 4,436752 0,000742
ބ 4,031286 0,000674
ވ 4,031286 0,000674
фасо 3,520461 0,000589
строений 5,129899 0,000858
ދ 4,031286 0,000674
римлян 4,031286 0,000674
решаемых 5,129899 0,000858
ސ 4,031286 0,000674
участие 0,597299 0,000700
пик 3,743604 0,000626
на 0,023953 0,000329
медалисты 3,338139 0,001675
участий 3,520461 0,000589
старая 1,368699 0,000229
прибыли 3,743604 0,000626
брокгауза 3,183989 0,001065
ភ 3,183989 0,000533
не 0,099461 0,000549
ម 3,183989 0,000533
каждый 1,392229 0,000466
រ 3,183989 0,000533
ссылками 1,159607 0,000776
выставками 5,129899 0,000858
лат 3,338139 0,000558
доходы 2,644992 0,001328
онлайн 0,773190 0,000129
опыта 2,827314 0,000473
ស 3,183989 0,000533
проблем 2,490841 0,000417
саар 5,129899 0,000858
но 0,402511 0,000337
тренировкам 2,932674 0,000491
арабские 4,031286 0,000674
nouormand 5,129899 0,000858
хартии 4,436752 0,000742
талисман 4,436752 0,001485
magyar 1,086847 0,000182
выгодном 4,436752 0,000742
андорра 3,050457 0,000510
нами 0,853233 0,000143
места 1,198073 0,001604
об 0,217244 0,000109
отдельной 3,338139 0,000558
заключение 4,436752 0,000742
оман 3,743604 0,000626
советском 2,932674 0,000491
продолжительность 2,490841 0,000417
антверпене 3,520461 0,000589
ои 0,812411 0,000136
справка 0,986764 0,000495
подраздел 5,129899 0,000858
он 0,534779 0,000358
развитие 1,633391 0,000547
привлекают 4,031286 0,000674
αγώνες 5,129899 0,000858
категории 0,986764 0,000330
от 0,160085 0,000723
лучи 5,129899 0,000858
форум 0,881403 0,000147
pona 3,338139 0,000558
городу 5,129899 0,000858
панамериканские 3,743604 0,000626
получал 2,732003 0,000457
winter 3,520461 0,001178
названием 1,871802 0,000313
официальный 1,104547 0,000185
лагеря 3,743604 0,000626
официальные 1,574551 0,000527
zazaki 2,239527 0,000375
годах 1,492313 0,000250
официальным 2,644992 0,000443
ларусса 3,338139 0,000558
города 2,239527 0,001873
все 0,125952 0,000084
википедия 0,986764 0,000825
доминиканская 4,031286 0,000674
огня 5,129899 0,004291
гореть 5,129899 0,000858
уровня 1,994404 0,000334
городе 1,994404 0,000667
ngṳ 2,827314 0,000473
по 0,073653 0,000481
официальных 1,664163 0,000278
inc 0,986764 0,000165
сведения 0,812411 0,000272
колец 4,031286 0,002023
каждые 2,732003 0,000914
português 1,035554 0,000173
глобализации 4,436752 0,000742
тувалу 5,129899 0,000858
всё 1,159607 0,000388
очень 1,140915 0,000382
уставу 5,129899 0,000858
персоны 4,436752 0,000742
сообщество 0,986764 0,000165
занятие 4,031286 0,000674
боливия 3,520461 0,000589
видов 1,392229 0,000233
википедии 0,986764 0,000330
kabɩyɛ 3,338139 0,000558
термин 2,732003 0,000457
центральному 4,436752 0,000742
париж 2,357310 0,003944
декабре 2,490841 0,000417
пекине 2,932674 0,002453
голосования 3,338139 0,001117
гӏалгӏай 5,129899 0,000858
англии 2,038856 0,000341
лучшая 2,564949 0,000429
наблюдалось 5,129899 0,000858
плэсиде 3,743604 0,000626
буркина 3,520461 0,000589
объединённая 3,338139 0,002792
корпорации 4,436752 0,000742
pierre 5,129899 0,000858
содержания 5,129899 0,000858
lccn 1,492313 0,000250
стал 0,586604 0,000196
непременно 5,129899 0,000858
ложится 4,031286 0,000674
указан 1,301257 0,000218
vii 3,183989 0,002664
см 0,955511 0,001119
утверждённые 4,436752 0,000742
日本語 1,035554 0,000173
со 0,447767 0,000749
включения 3,743604 0,000626
декабря 0,881403 0,001475
располагается 2,932674 0,000491
slovenščina 1,345709 0,000225
под 0,723179 0,000726
неоднократно 2,421849 0,000810
равноправных 5,129899 0,000858
плотного 4,436752 0,000742
одни 2,644992 0,000443
brezhoneg 2,038856 0,000341
македония 2,732003 0,000457
подробные 5,129899 0,000858
человек 1,178655 0,000197
оливковую 5,129899 0,000858
частности 1,994404 0,000334
те 1,834062 0,000307
содержание 0,971016 0,000325
фото 0,799165 0,000134
eesti 1,069456 0,000179
лет 0,475938 0,000557
مصرى 1,546380 0,000259
то 0,652562 0,000546
салюта 5,129899 0,000858
сложности 2,134166 0,000357
сейчас 1,104547 0,000185
структур 3,743604 0,000626
родине 3,520461 0,000589
brookings 5,129899 0,000858
распространённой 4,436752 0,000742
britannica 1,518981 0,000254
кирибати 4,436752 0,000742
социальных 1,871802 0,000313
лидерство 2,827314 0,000473
конфиденциальности 0,317714 0,000053
неудачной 3,743604 0,000626
דיש 2,644992 0,000443
lëtzebuergesch 1,762603 0,000295
своей 1,002764 0,000336
wikipedia 0,986764 0,000330
теперь 0,971016 0,000162
вест 3,520461 0,000589
scots 1,695912 0,000284
возникновении 4,436752 0,000742
afrikaans 1,441019 0,000241
весьма 2,644992 0,000885
plattdüütsch 2,357310 0,000394
расовым 5,129899 0,000858
при 0,367725 0,000554
различимого 5,129899 0,000858
коморы 4,031286 0,000674
республика 2,564949 0,003004
ситуация 2,357310 0,000394
හල 1,834062 0,000307
джибути 4,031286 0,000674
также 0,663991 0,002111
фр 2,421849 0,000405
республики 2,827314 0,000473
литовская 2,085376 0,000349
العربية 1,069456 0,000179
гармиш 3,520461 0,002356
одной 1,238078 0,000207
италия 0,867219 0,001306
republic 5,129899 0,000858
зрителей 1,797694 0,000301
беспристрастном 5,129899 0,000858
блока 3,183989 0,000533
библиографических 1,323236 0,000221
разработчики 0,986764 0,000165
командах 2,827314 0,000473
символика 3,338139 0,000558
афинах 2,932674 0,002453
лучшем 4,031286 0,000674
сначала 1,664163 0,000278
аруба 4,031286 0,000674
наконец 2,296685 0,000384
света 2,827314 0,000946
держатся 5,129899 0,000858
вклада 4,436752 0,000742
символику 4,031286 0,000674
kindle 5,129899 0,000858
свете 4,031286 0,000674
правки 0,986764 0,000330
олимпстрой 5,129899 0,000858
международного 1,911023 0,000639
нагано 2,827314 0,001419
однако 1,069456 0,001074
представляет 1,871802 0,000313
бахрейн 4,031286 0,000674
южном 3,743604 0,001253
победу 0,910391 0,000152
летие 3,743604 0,000626
южной 1,797694 0,000602
деметриус 5,129899 0,000858
проектах 0,986764 0,000330
символы 3,520461 0,002945
изменить 3,338139 0,000558
стремятся 4,031286 0,000674
việt 1,140915 0,000191
отказ 0,910391 0,000152
италии 1,002764 0,000168
сохранением 0,986764 0,000165
получил 1,002764 0,000503
выстраиваются 4,031286 0,001349
стороны 1,546380 0,000776
старокожева 5,129899 0,000858
языческие 4,436752 0,000742
один 0,711058 0,000238
инсбруке 3,743604 0,000626
количеством 2,085376 0,000349
прошли 1,762603 0,000885
всему 2,357310 0,000394
ливан 3,338139 0,000558
поэту 5,129899 0,000858
часть 1,441019 0,001688
физической 1,664163 0,000278
препаратов 3,520461 0,000589
гвинея 3,520461 0,002356
символа 5,129899 0,000858
осталось 2,421849 0,000405
осуществляет 4,031286 0,000674
свобода 3,338139 0,000558
участвовали 2,421849 0,001216
возродить 5,129899 0,000858
принимали 2,134166 0,001071
пекин 2,732003 0,002743
столетие 3,743604 0,000626
сетях 1,871802 0,000313
часто 1,574551 0,000527
флагов 4,436752 0,000742
олимпиадой 2,932674 0,000491
кндр 3,050457 0,000510
евангелис 5,129899 0,000858
займёт 4,436752 0,000742
вручение 5,129899 0,000858
добраться 4,031286 0,000674
хобби 4,436752 0,000742
флагом 2,185460 0,000366
процесс 2,732003 0,000457
испытало 5,129899 0,000858
южный 4,031286 0,001349
заменить 1,951845 0,000327
bahasa 1,086847 0,000364
अ 3,338139 0,000558
хотел 2,421849 0,000810
камерун 3,520461 0,000589
номер 1,994404 0,001335
членов 2,644992 0,001328
تۆرکجه 1,762603 0,000295
через 0,971016 0,000650
क 2,421849 0,000810
организационный 4,436752 0,002227
российской 1,178655 0,000197
габон 3,520461 0,000589
ग 3,183989 0,001065
lietuvių 1,140915 0,000191
выдвинули 4,436752 0,000742
допускается 2,564949 0,000429
соблюдения 4,031286 0,000674
остаётся 1,994404 0,000334
rio 3,520461 0,000589
организационным 5,129899 0,000858
словарь 2,296685 0,000384
парад 5,129899 0,000858
ठ 1,574551 0,000263
официально 1,159607 0,000388
бойкотировали 4,436752 0,002227
थ 2,932674 0,000491
саха 2,644992 0,000443
द 1,546380 0,000259
olympics 3,743604 0,001879
словари 1,217876 0,000204
न 1,518981 0,000762
команда 0,663991 0,000889
игроки 0,986764 0,000165
प 1,911023 0,000639
общекомандном 3,743604 0,002505
бойкотировала 5,129899 0,000858
старое 4,031286 0,000674
лучшим 1,951845 0,000327
भ 2,239527 0,000375
цикла 3,520461 0,000589
лос 1,518981 0,002796
команде 1,258698 0,000211
म 2,932674 0,000491
jeux 4,436752 0,000742
toki 3,338139 0,000558
ивуар 3,338139 0,000558
ल 1,911023 0,000959
команды 0,555188 0,000093
поднятием 4,436752 0,000742
лучших 1,198073 0,000401
ष 2,296685 0,000384
киберспортивные 4,031286 0,000674
ह 1,546380 0,000259
промежуточных 4,031286 0,000674
списки 3,050457 0,000510
узбекистан 2,932674 0,000491
произносится 5,129899 0,000858
списке 2,644992 0,000443
кольца 3,183989 0,000533
греков 4,031286 0,000674
века 1,441019 0,000723
тянулись 5,129899 0,000858
зафиксировано 3,520461 0,000589
портал 1,518981 0,000762
одним 1,416327 0,000474
mirandés 2,732003 0,000457
африканские 3,520461 0,000589
українська 1,035554 0,000173
завоёванная 5,129899 0,000858
прусской 5,129899 0,000858
скорректировано 5,129899 0,000858
огонь 4,436752 0,004454
xviii 2,421849 0,001621
какому 3,743604 0,000626
региональная 3,743604 0,000626
проводили 2,827314 0,001892
пропущенные 5,129899 0,000858
лучей 5,129899 0,000858
несения 5,129899 0,000858
группой 3,743604 0,000626
universalis 1,951845 0,000653
физическая 3,743604 0,000626
цикл 2,932674 0,000491
официальное 2,421849 0,000405
пропускали 5,129899 0,000858
жизнь 1,728701 0,000289
причин 2,490841 0,000417
использовалось 3,743604 0,000626
используется 1,633391 0,000273
группы 1,695912 0,000851
cite 1,258698 0,000421
официальном 2,296685 0,000384
африканских 3,520461 0,000589
нельзя 2,296685 0,000384
европейские 2,038856 0,000341
жилых 5,129899 0,000858
профессионализма 4,031286 0,000674
соревнованием 2,732003 0,000457
кыргызстан 3,050457 0,000510
моряки 4,436752 0,000742
подробной 5,129899 0,000858
отслеживать 5,129899 0,000858
xxviii 3,743604 0,001253
võro 2,932674 0,000491
четырёхлетний 4,436752 0,000742
cent 5,129899 0,000858
дальше 1,492313 0,000250
мотивам 3,743604 0,000626
чикаго 3,183989 0,000533
ватлин 5,129899 0,000858
случаев 2,185460 0,001463
bbkvh 5,129899 0,000858
билетов 2,932674 0,000491
точно 1,911023 0,000320
строжайшей 5,129899 0,000858
pages 0,986764 0,000165
местом 2,564949 0,000429
риски 5,129899 0,000858
почему 1,122566 0,000188
замбия 3,520461 0,000589
суцосу 5,129899 0,000858
красный 2,357310 0,000394
девиз 5,129899 0,001717
предшественниками 4,436752 0,000742
командами 1,911023 0,000639
всего 0,812411 0,001223
ব 1,416327 0,000237
объединение 3,050457 0,000510
членами 2,827314 0,000473
য 2,644992 0,000443
председателем 2,932674 0,000491
черногория 2,732003 0,000914
ল 1,416327 0,000237
викелас 5,129899 0,000858
svenska 1,035554 0,000173
общий 2,038856 0,000682
объединения 2,644992 0,000443
зрелищ 4,436752 0,000742
общим 2,732003 0,000457
клюве 5,129899 0,000858
список 1,198073 0,000802
международному 4,436752 0,000742
желание 3,338139 0,000558
ссср 0,940244 0,004247
профессиональные 2,421849 0,000405
доступен 0,971016 0,000162
французских 4,031286 0,000674
эритрея 4,436752 0,000742
башкирская 3,743604 0,000626
судьями 3,050457 0,000510
утверждены 2,932674 0,000491
марино 2,827314 0,000473
дизайн 2,932674 0,000981
altius 5,129899 0,000858
состоялись 2,564949 0,001287
французские 3,183989 0,001598
and 1,762603 0,000295
передаёт 4,031286 0,001349
традицию 3,743604 0,000626
традиция 3,338139 0,000558
французским 3,743604 0,000626
именно 1,492313 0,000499
igbo 3,338139 0,000558
французский 1,392229 0,000233
трлн 5,129899 0,001717
interlingua 1,603538 0,000268
запрещены 2,421849 0,000405
румыния 2,239527 0,000749
содержавших 5,129899 0,000858
примечания 1,002764 0,000503
interlingue 2,239527 0,000375
любительский 2,085376 0,000698
где 0,675551 0,000565
любительским 4,031286 0,000674
внеочередных 5,129899 0,000858
плэсид 3,183989 0,003196
гдр 2,038856 0,003411
затраты 4,436752 0,003712
спортсменами 2,644992 0,000443
заявочную 5,129899 0,000858
вновь 1,574551 0,000263
величие 5,129899 0,000858
papiamentu 2,732003 0,000457
sardu 2,932674 0,000491
внеочередные 3,743604 0,000626
сообщить 0,799165 0,000134
быть 0,773190 0,000259
орудийный 5,129899 0,000858
мельбурн 4,031286 0,002023
получали 3,183989 0,000533
пьера 3,520461 0,001178
лёгкой 3,183989 0,001065
нарушали 4,436752 0,000742
залп 5,129899 0,000858
жёлтый 3,183989 0,000533
инсбрук 3,183989 0,003196
сирия 3,520461 0,000589
limburgs 2,134166 0,000357
алиев 4,436752 0,000742
сальвадор 3,743604 0,000626
грузия 2,644992 0,000443
мобильная 0,608110 0,000102
подавших 4,031286 0,000674
english 0,925206 0,000310
франция 1,122566 0,002817
прямого 3,338139 0,000558
ਜ 1,664163 0,000278
шоу 1,441019 0,000241
посылает 5,129899 0,000858
четыре 1,140915 0,000764
голубое 4,436752 0,000742
suomi 1,052361 0,000176
тунис 3,520461 0,000589
вечном 4,436752 0,000742
удаётся 3,743604 0,000626
всемирными 5,129899 0,000858
спонсоров 2,644992 0,000443
ladino 3,743604 0,000626
ਪ 1,664163 0,000278
многократных 3,520461 0,000589
ਬ 1,664163 0,000278
голубой 3,520461 0,000589
занятого 3,743604 0,000626
viaf 2,490841 0,000833
франции 1,035554 0,000520
описывающих 4,436752 0,000742
произнесение 5,129899 0,002575
ценах 5,129899 0,000858
стала 0,881403 0,000295
схема 2,732003 0,000457
раскопок 4,436752 0,000742
являются 1,466337 0,000981
calculations 5,129899 0,000858
стали 0,971016 0,000162
română 1,122566 0,000188
гасится 5,129899 0,000858
непал 4,031286 0,000674
зачёт 1,951845 0,011756
современности 3,743604 0,001253
проанализированных 5,129899 0,000858
nkc 1,574551 0,000263
причинам 2,564949 0,000858
первая 0,867219 0,000145
млрд 2,564949 0,007295
шри 3,520461 0,000589
сьерра 3,520461 0,000589
сорбонне 5,129899 0,000858
впервые 0,839439 0,000421
weibo 3,338139 0,000558
бенин 3,520461 0,000589
ngî 2,564949 0,000429
oʻzbekcha 1,140915 0,000191
раз 0,504926 0,000845
ўзбекча 1,140915 0,000191
случайная 0,986764 0,000165
latviešu 1,052361 0,000176
доказать 3,520461 0,000589
президента 1,762603 0,000590
испания 1,466337 0,000736
постоянная 0,986764 0,000165
продолжались 4,031286 0,000674
президенту 3,743604 0,000626
зажёг 4,436752 0,000742
своему 2,644992 0,000443
символизирующих 5,129899 0,000858
немалую 5,129899 0,000858
факел 2,357310 0,002761
версия 0,485508 0,000244
спустя 1,911023 0,000320
конкретному 5,129899 0,000858
языческого 5,129899 0,000858
шесть 1,546380 0,000259
jawa 1,911023 0,000320
обычно 1,695912 0,000851
версии 1,546380 0,000517
израиль 2,490841 0,000417
спортивного 1,574551 0,000263
اردو 1,574551 0,000263
сложные 3,743604 0,000626
gõychi 4,031286 0,000674
подиуме 4,436752 0,000742
меняли 4,031286 0,000674
театрализованного 5,129899 0,000858
пхёнчхане 4,436752 0,000742
сооружения 4,436752 0,000742
поступают 3,338139 0,000558
спецэффектам 5,129899 0,000858
музыку 3,183989 0,000533
знак 0,986764 0,000165
мюнхен 2,932674 0,001472
представил 2,932674 0,000491
представитель 2,564949 0,000858
представителю 4,436752 0,000742
сеул 3,050457 0,001531
представителя 2,827314 0,000473
представить 3,743604 0,001253
отношению 3,050457 0,000510
передачи 2,134166 0,000357
австралийских 4,436752 0,000742
поражения 1,834062 0,000307
сессии 3,050457 0,001021
евро 1,466337 0,000491
равном 3,183989 0,000533
кубертена 4,436752 0,002969
велли 4,031286 0,000674
осмысливая 5,129899 0,000858
начисляемых 4,436752 0,000742
медиафайлы 1,217876 0,000204
кризис 2,827314 0,000473
архивировано 1,104547 0,001848
galego 1,178655 0,000197
name 4,031286 0,000674
раскопки 5,129899 0,000858
автор 2,421849 0,000405
преданию 5,129899 0,000858
короткий 0,971016 0,000162
gàidhlig 2,644992 0,000443
знаменосец 5,129899 0,000858
доминика 4,436752 0,000742
тобаго 3,183989 0,000533
внести 4,436752 0,000742
войны 1,871802 0,003132
слонах 5,129899 0,000858
высоко 3,520461 0,000589
случаях 0,971016 0,000325
смешанная 3,743604 0,000626
после 0,317714 0,000532
войну 3,743604 0,000626
получает 2,038856 0,000682
символизирующее 5,129899 0,000858
редные 5,129899 0,000858
central 2,732003 0,000457
положение 1,797694 0,000301
будущие 3,183989 0,000533
мышление 4,436752 0,000742
южная 1,797694 0,000301
войне 3,520461 0,000589
театрализованное 5,129899 0,000858
нидерландские 4,436752 0,000742
уругвай 3,183989 0,000533
современные 2,421849 0,001216
включая 1,633391 0,000273
ирак 3,520461 0,000589
разработана 3,338139 0,000558
пандемии 2,421849 0,001216
фейерверка 5,129899 0,000858
иран 3,183989 0,000533
tokyo 3,338139 0,000558
служебные 0,986764 0,000165
языках 0,986764 0,000330
современных 2,932674 0,000491
торжественно 4,436752 0,000742
положения 2,357310 0,000394
азиатские 2,932674 0,000491
лондоне 2,357310 0,001183
подсчитать 5,129899 0,000858
свободной 0,986764 0,000165
государственных 3,743604 0,001253
ଆ 3,338139 0,000558
руководством 2,134166 0,000357
может 0,630089 0,000105
больше 0,812411 0,000136
получить 0,747872 0,000125
спортивному 3,050457 0,000510
монако 1,994404 0,000334
нидерланды 1,728701 0,000868
эквадор 3,050457 0,000510
государственные 4,436752 0,000742
tiktok 2,490841 0,000417
олимпиадам 4,436752 0,000742
передать 3,520461 0,000589
יי 2,644992 0,000443
порядку 4,436752 0,000742
связанные 0,881403 0,000147
оказывать 4,436752 0,000742
фактически 2,357310 0,000394
viii 2,932674 0,001963
сделать 1,695912 0,000284
фрг 2,564949 0,001287
босния 2,732003 0,000914
риа 1,466337 0,000245
участники 1,518981 0,000254
отредактирована 0,986764 0,000165
леоне 3,520461 0,000589
викицитатник 2,827314 0,000946
melayu 1,368699 0,000229
сценариев 5,129899 0,000858
трёх 1,441019 0,000241
порядке 2,490841 0,000833
стрелков 4,031286 0,000674
времена 2,490841 0,000833
объектов 4,031286 0,000674
ищенко 4,436752 0,000742
времени 1,140915 0,000191
italiano 1,035554 0,000173
год 0,687247 0,001265
итальянская 2,357310 0,000394
zimbalist 5,129899 0,000858
հայերեն 1,198073 0,000200
стремился 4,436752 0,000742
сент 2,564949 0,003433
голосованием 4,031286 0,000674
гана 3,520461 0,000589
сербия 2,357310 0,000789
бермудские 4,436752 0,000742
мая 1,104547 0,000185
языке 2,421849 0,001216
бутан 4,031286 0,000674
старых 3,743604 0,000626
commons 0,986764 0,000165
воли 3,183989 0,000533
српскохрватски 1,416327 0,000237
празднование 3,743604 0,000626
организовывали 5,129899 0,000858
названия 1,664163 0,000278
рим 2,932674 0,001963
web 1,279751 0,000428
рио 2,296685 0,001921
продаж 4,436752 0,001485
катар 3,520461 0,000589
учётную 0,986764 0,000165
bokmål 1,069456 0,000179
самом 1,994404 0,000334
ноки 5,129899 0,001717
vepsän 3,183989 0,000533
президентом 1,834062 0,001227
more 2,932674 0,000981
быстрее 2,732003 0,000457
мальдивы 4,436752 0,000742
молодёжные 2,490841 0,000417
доклад 3,520461 0,000589
гры 3,743604 0,000626
семи 2,134166 0,000357
такой 1,664163 0,000278
samoa 3,050457 0,000510
forbes 3,743604 0,001253
intitution 5,129899 0,000858
зависимости 1,911023 0,000320
очередные 4,031286 0,000674
актёры 3,743604 0,000626
руки 2,038856 0,000341
economic 4,436752 0,001485
атрибут 4,436752 0,000742
свяжитесь 0,986764 0,000165
сгорел 4,436752 0,000742
принципы 2,932674 0,000491
военные 2,644992 0,000443
simple 1,140915 0,000191
генеральным 2,932674 0,000491
сценаристов 5,129899 0,000858
спортсменам 1,871802 0,000313
истории 0,630089 0,000105
фонд 0,940244 0,000157
флагами 3,743604 0,001253
процессом 3,743604 0,000626
самоа 3,743604 0,001253
лихтенштейн 3,183989 0,000533
осло 3,050457 0,001531
наиболее 1,466337 0,000736
определённое 3,050457 0,000510
союзе 3,050457 0,000510
небольшие 5,129899 0,000858
историю 1,603538 0,000268
строительство 2,827314 0,000473
сеуле 3,050457 0,000510
история 0,555188 0,000186
объединённой 4,436752 0,000742
непосредственно 2,134166 0,000714
bân 1,762603 0,000295
регионального 3,743604 0,000626
российская 0,799165 0,000134
источники 1,633391 0,000273
ழ 1,492313 0,000250
либо 1,140915 0,000573
хорватия 2,357310 0,000394
открытыми 4,031286 0,000674
согласно 1,574551 0,001317
названий 4,436752 0,000742
общекомандный 5,129899 0,000858
название 1,178655 0,000394
допускали 4,436752 0,000742
более 0,853233 0,000286
сооружениях 4,436752 0,000742
поиск 0,735450 0,000123
исторический 2,644992 0,000443
oldid 0,986764 0,000165
исторические 3,183989 0,000533
медленно 4,031286 0,000674
неприменении 5,129899 0,000858
порядка 2,644992 0,000443
строительства 2,827314 0,000473
первое 1,279751 0,000428
ливия 3,520461 0,000589
парку 5,129899 0,000858
billion 5,129899 0,000858
казалось 3,743604 0,000626
саудовская 1,951845 0,000327
суринам 4,031286 0,000674
malti 2,732003 0,000457
рекорды 1,762603 0,000295
высоких 2,827314 0,000473
герцеговина 2,732003 0,000914
кампании 3,743604 0,000626
принять 2,134166 0,000357
негативное 5,129899 0,000858
начинается 1,994404 0,000667
этого 0,881403 0,000442
обитаемых 4,436752 0,000742
принимал 3,050457 0,000510
правнук 5,129899 0,000858
авторства 0,986764 0,000165
принято 1,871802 0,000313
чемпионов 0,652562 0,000109
полушарии 4,436752 0,001485
учитывают 5,129899 0,000858
придумать 4,031286 0,000674
català 1,086847 0,000182
новый 0,940244 0,000157
государствами 4,436752 0,000742
новые 0,747872 0,000125
hausa 2,732003 0,000457
перенаправляется 2,732003 0,000457
медальный 1,911023 0,002558
xxiv 3,338139 0,002234
xxix 3,743604 0,001253
транспортной 5,129899 0,000858
గ 2,038856 0,000341
xxii 3,338139 0,003351
литва 2,644992 0,000443
гренада 4,436752 0,000742
просмотры 0,986764 0,000165
бойкотом 5,129899 0,000858
فارسی 1,104547 0,000185
должно 1,762603 0,000590
лаос 4,031286 0,000674
త 2,038856 0,000341
пробегает 4,031286 0,000674
ⵜⴰⵎⴰⵣⵉⵖⵜ 4,031286 0,000674
конго 3,183989 0,001065
гера 5,129899 0,000858
приходятся 4,436752 0,000742
соответствует 3,050457 0,000510
исполнение 3,338139 0,000558
участвующий 4,436752 0,000742
должны 1,178655 0,000197
оригинала 1,518981 0,000508
ల 2,038856 0,000341
открытых 3,338139 0,000558
викимедиа 0,986764 0,000165
студенты 3,520461 0,000589
политика 0,239550 0,000080
камбоджа 4,031286 0,000674
определяется 2,038856 0,001364
сиднее 2,827314 0,000946
районов 4,436752 0,000742
коми 3,050457 0,000510
вплоть 1,871802 0,000313
azərbaycanca 1,258698 0,000211
сидней 3,338139 0,001675
выдающихся 3,183989 0,000533
экс 1,994404 0,000334
теория 2,732003 0,000457
дополнительные 0,986764 0,000165
норвегии 1,728701 0,000289
заглавная 0,986764 0,000165
bn 5,129899 0,000858
олимпийскими 2,490841 0,000833
отменённые 5,129899 0,000858
сочи 0,853233 0,001428
мир 1,546380 0,000259
никольский 5,129899 0,000858
by 0,971016 0,000487
должна 1,238078 0,000207
выбирается 3,520461 0,000589
мифов 4,436752 0,000742
означает 2,490841 0,000417
русский 0,839439 0,000140
зрителям 3,520461 0,000589
обнаружили 4,031286 0,000674
cc 0,986764 0,000165
небольшое 4,031286 0,000674
практика 3,183989 0,000533
shqip 1,466337 0,000245
время 0,384967 0,000451
исландия 2,644992 0,000443
оперативно 5,129899 0,000858
поведения 0,895792 0,000150
победителя 1,911023 0,000320
ресурсы 1,104547 0,000185
средства 2,644992 0,000443
новым 1,664163 0,000278
ранее 1,104547 0,000185
победитель 1,258698 0,000211
bikol 2,732003 0,000457
планируемые 4,436752 0,000742
несут 4,436752 0,000742
малайя 5,129899 0,000858
de 1,871802 0,000313
брит 4,436752 0,000742
неофициальный 4,031286 0,000674
پنجابی 2,239527 0,000375
разному 3,743604 0,000626
рук 2,644992 0,000443
неофициальные 3,183989 0,000533
штрихов 5,129899 0,000858
викиданных 0,986764 0,000165
проходила 2,827314 0,000473
рус 1,368699 0,000229
северный 3,520461 0,000589
возрождение 3,183989 0,001598
взаимопонимание 5,129899 0,000858
проходили 2,085376 0,001396
franca 3,050457 0,000510
месяцами 5,129899 0,000858
подсчёта 3,520461 0,000589
руб 4,031286 0,000674
отсутствие 2,038856 0,000341
окончательные 5,129899 0,000858
олимпийские 0,895792 0,008243
индонезия 3,050457 0,000510
эсватини 4,436752 0,000742
хотя 1,546380 0,000517
отличались 3,338139 0,000558
документооборота 5,129899 0,000858
участницу 5,129899 0,000858
олимпийским 1,492313 0,000749
северные 4,031286 0,000674
олимпийский 0,853233 0,000857
пошли 4,031286 0,000674
комплексные 4,031286 0,000674
читать 0,586604 0,000098
игр 0,367725 0,004860
антильские 5,129899 0,000858
возрождения 3,338139 0,000558
начислялись 4,436752 0,000742
стандартов 4,436752 0,000742
городской 4,031286 0,000674
относится 2,932674 0,000491
англ 1,159607 0,000582
датская 1,518981 0,000254
for 2,239527 0,000375
обязательно 2,357310 0,000394
летнюю 3,183989 0,000533
инфографика 3,743604 0,000626
оценки 2,421849 0,000405
олимпийских 0,799165 0,005348
выявить 3,520461 0,000589
хронология 2,827314 0,000473
поиску 0,971016 0,000162
бьют 4,031286 0,000674
странам 3,183989 0,000533
солдат 4,031286 0,000674
нескольких 1,834062 0,000307
такого 2,134166 0,000357
лишь 1,159607 0,000194
социалистических 4,436752 0,000742
туркменистан 3,520461 0,000589
piemontèis 2,564949 0,000429
острова 2,932674 0,004416
странах 1,574551 0,001054
постсоветской 3,743604 0,000626
основы 3,338139 0,000558
одного 1,140915 0,000191
gamble 5,129899 0,000858
мок 1,574551 0,007903
момент 1,301257 0,000218
летняя 2,085376 0,000349
крупной 2,932674 0,000491
srpskohrvatski 1,416327 0,000237
тимор 4,436752 0,000742
中文 1,035554 0,000173
организаторы 2,564949 0,000858
помимо 1,911023 0,000320
алфавитного 5,129899 0,000858
выше 1,664163 0,000278
изд 2,564949 0,000429
викитеку 4,031286 0,000674
среди 0,597299 0,000200
мьянма 4,031286 0,000674
таджикистан 3,520461 0,000589
покрывают 5,129899 0,000858
латвия 1,834062 0,000307
yorùbá 2,732003 0,000457
приём 3,183989 0,000533
похожие 4,436752 0,000742
https 0,699082 0,000117
мехико 2,932674 0,001472
масштабам 5,129899 0,000858
ii 2,239527 0,002248
позже 1,518981 0,000254
результат 1,416327 0,000237
татарча 1,392229 0,000233
tiếng 1,140915 0,000191
большом 3,338139 0,000558
коды 3,520461 0,000589
особенно 2,038856 0,000341
עברית 1,052361 0,000176
index 0,986764 0,000165
большой 1,069456 0,000537
эта 0,867219 0,000145
городам 4,031286 0,001349
iv 2,644992 0,002655
далее 2,185460 0,000366
должен 1,122566 0,000376
ix 2,564949 0,001717
изначально 2,038856 0,000341
тасс 1,695912 0,000567
proспорт 5,129899 0,000858
dĕ 2,827314 0,000473
гостеприимного 5,129899 0,000858
бессмысленными 5,129899 0,000858
особенностей 3,520461 0,000589
избранные 0,971016 0,000162
ള 1,695912 0,000284
которое 1,871802 0,000313
которой 1,238078 0,001243
северное 4,436752 0,000742
пронести 5,129899 0,000858
сравнение 3,520461 0,000589
лица 2,827314 0,000473
конфликты 5,129899 0,000858
последующие 3,050457 0,000510
котором 1,217876 0,000611
сдвинуты 5,129899 0,000858
преддверии 3,520461 0,000589
зародилась 3,338139 0,000558
пройдут 2,644992 0,000443
kurdî 1,834062 0,000307
сильного 3,183989 0,000533
древней 3,183989 0,002664
эти 1,323236 0,000221
world 1,416327 0,000237
большинстве 2,239527 0,000375
массовым 4,031286 0,000674
эгоизм 5,129899 0,000858
это 0,277868 0,000465
любителями 4,031286 0,000674
этим 1,834062 0,000307
aragonés 1,762603 0,000295
taqbaylit 3,183989 0,000533
два 0,760451 0,000509
гимна 3,183989 0,003196
кругу 3,338139 0,000558
маврикий 4,436752 0,000742
использует 2,827314 0,000473
gaeilge 1,951845 0,000327
спортсменов 0,786093 0,000789
этих 1,301257 0,001089
gí 1,762603 0,000295
полупрофессионально 5,129899 0,000858
массовых 2,134166 0,000357
социалистического 4,031286 0,001349
викитеке 4,031286 0,000674
филиппины 3,183989 0,000533
la 2,932674 0,000491
report 3,183989 0,000533
снабжает 4,436752 0,000742
зажжение 5,129899 0,000858
производится 2,357310 0,000394
управлять 4,436752 0,000742
белое 5,129899 0,000858
или 0,576022 0,000771
финляндия 1,492313 0,002247
қазақша 1,178655 0,000197
барбуда 4,031286 0,000674
xxvi 3,520461 0,002356
download 5,129899 0,000858
иллюстрирует 4,436752 0,000742
силами 3,338139 0,000558
включить 3,183989 0,000533
than 3,743604 0,001253
bne 2,932674 0,000491
ямайка 2,932674 0,000491
использования 0,393700 0,000066
югославия 2,421849 0,001621
bnf 1,834062 0,000307
зажжения 5,129899 0,001717
германия 1,140915 0,004199
гонконг 3,520461 0,000589
насовсем 5,129899 0,000858
анализа 2,421849 0,000405
федеративные 4,436752 0,000742
затем 1,301257 0,000218
архивированная 3,520461 0,001178
византии 5,129899 0,000858
пхёнчхан 3,520461 0,001767
ng 2,827314 0,000473
сенегал 3,520461 0,000589
солт 2,644992 0,003098
игры 0,376309 0,007744
вэлли 3,743604 0,001253
ошибке 0,955511 0,000160
олимпийская 1,911023 0,002238
behind 5,129899 0,000858
no 1,911023 0,000320
археологические 5,129899 0,000858
ස 1,834062 0,000307
хартией 5,129899 0,000858
xxxv 4,436752 0,001485
гренадины 3,743604 0,000626
события 0,663991 0,000111
xxxi 3,520461 0,001767
германии 1,323236 0,000221
франко 3,743604 0,000626
сдвинуто 5,129899 0,000858
лицам 4,031286 0,000674
поскольку 1,728701 0,000289
археологических 4,436752 0,000742
соревнования 0,663991 0,001000
of 1,695912 0,000284
deutsch 1,052361 0,000176
kâ 2,564949 0,000429
безуспешно 4,436752 0,000742
марта 0,881403 0,000442
скво 3,183989 0,001598
kriyòl 3,743604 0,000626
большим 2,085376 0,000349
ветвь 5,129899 0,000858
молодёжь 4,031286 0,000674
совмещены 5,129899 0,000858
лирическую 5,129899 0,000858
ماز 2,490841 0,000417
потеряли 3,183989 0,000533
событий 2,421849 0,000405
распространение 2,644992 0,000885
чили 2,932674 0,000491
событие 3,050457 0,000510
rumantsch 2,564949 0,000429
чемпионатов 1,416327 0,000237
пособия 4,031286 0,000674
ph 1,762603 0,000295
общественным 5,129899 0,000858
общественный 4,031286 0,000674
соревнований 0,881403 0,000147
зимних 1,633391 0,002186
снижаться 5,129899 0,000858
стадионах 3,050457 0,000510
ничем 3,743604 0,000626
лейк 2,357310 0,005522
пользовались 3,743604 0,000626
красочные 5,129899 0,000858
античные 4,436752 0,001485
ряд 1,797694 0,000301
страница 0,940244 0,000472
лицензии 0,986764 0,000165
странице 0,971016 0,000162
сан 2,085376 0,000698
античных 4,031286 0,001349
признаются 4,031286 0,002023
запись 0,955511 0,000160
qr 0,986764 0,000165
африка 2,644992 0,000443
допинга 3,183989 0,000533
сути 3,338139 0,000558
переходя 5,129899 0,000858
страницу 0,971016 0,000162
страницы 0,971016 0,000325
зимние 1,159607 0,005044
banyumasan 4,436752 0,000742
吴语 1,238078 0,000207
олимпийскую 2,185460 0,000366
даты 2,644992 0,000885
барселоне 2,644992 0,000885
ænglisc 2,564949 0,000429
россии 0,160085 0,000080
ru 0,285712 0,000143
действовать 0,955511 0,000160
ilokano 3,050457 0,000510
организовать 2,932674 0,000491
simi 2,732003 0,000457
sa 0,986764 0,000165
церемонию 4,031286 0,000674
дата 0,881403 0,001475
kel 3,183989 0,000533
nynorsk 1,546380 0,000259
общая 2,296685 0,000769
внешние 1,122566 0,000188
того 0,955511 0,000320
своё 1,664163 0,000557
существует 1,762603 0,000295
барселона 1,834062 0,000921
запада 3,743604 0,000626
приветственных 5,129899 0,000858
свою 1,217876 0,001019
нужды 4,436752 0,000742
español 1,019025 0,000170
церемоний 5,129899 0,001717
наименьшее 3,520461 0,000589
изложены 5,129899 0,000858
конце 1,518981 0,001017
турниры 0,895792 0,000300
игрового 2,732003 0,000457
россия 0,699082 0,001170
существенно 2,932674 0,000491
церемонии 2,732003 0,002743
winaray 2,490841 0,000417
tagalog 1,911023 0,000320
целях 2,732003 0,000457
bosanski 1,345709 0,000225
کٲش 3,743604 0,000626
свой 1,217876 0,000204
перенесены 3,050457 0,001531
свои 1,238078 0,000829
አማርኛ 3,183989 0,000533
января 0,825834 0,000138
персональные 0,971016 0,000162
созданный 3,520461 0,000589
произошло 2,085376 0,000698
почётным 4,436752 0,002969
причине 2,490841 0,000417
гондурас 3,520461 0,000589
казахстан 1,301257 0,000218
большая 1,069456 0,001431
доставляется 5,129899 0,001717
сроки 2,827314 0,000473
communis 5,129899 0,000858
папуа 3,743604 0,000626
xxiii 3,520461 0,002356
популярность 2,239527 0,000749
солнечных 5,129899 0,000858
us 2,038856 0,000682
люксембург 2,732003 0,000457
несущий 5,129899 0,001717
морице 4,031286 0,000674
составили 3,050457 0,001021
науру 5,129899 0,000858
norsk 1,052361 0,000352
gagana 3,050457 0,000510
праздник 3,338139 0,000558
vi 2,732003 0,002285
которому 2,134166 0,000357
зачёте 2,644992 0,001770
масштабов 5,129899 0,000858
для 0,146292 0,000245
заплыве 4,436752 0,000742
флаг 1,279751 0,001071
атлетов 2,732003 0,000457
интересом 4,031286 0,000674
sina 3,338139 0,000558
ẽ 2,732003 0,000457
путём 2,644992 0,000443
полях 3,520461 0,000589
титулованным 3,338139 0,000558
тренеров 1,728701 0,000578
активную 4,436752 0,000742
polski 1,035554 0,000173
самолётах 5,129899 0,000858
юар 2,490841 0,000417
площадках 3,338139 0,000558
snapchat 5,129899 0,000858
куба 3,183989 0,001065
livvinkarjala 3,050457 0,000510
wt 4,436752 0,000742
зимнем 3,520461 0,000589
org 0,986764 0,000165
ритуалов 5,129899 0,000858
зимней 2,239527 0,001124
xi 2,932674 0,001963
ампеццо 2,490841 0,004167
даваться 5,129899 0,000858
великобритания 2,185460 0,004388
токио 2,296685 0,004227
walon 2,827314 0,000473
традиционно 2,296685 0,000384
корейской 2,239527 0,000375
зажги 5,129899 0,000858
оригинальный 3,183989 0,000533
xv 2,732003 0,001828
xx 1,546380 0,001294
победителей 2,085376 0,000349
соревнованиями 2,357310 0,000394
показательные 1,466337 0,000245
окончательного 5,129899 0,000858
экваториальная 4,436752 0,000742
красоте 4,436752 0,000742
малави 3,743604 0,000626
аспектам 4,436752 0,000742
эффекта 4,031286 0,001349
теми 4,436752 0,000742
српски 1,035554 0,000173
над 0,986764 0,000165
дней 1,416327 0,000474
педагога 4,436752 0,000742
аудиторов 5,129899 0,000858
фиджи 3,743604 0,000626
нам 1,797694 0,000301
представляли 3,050457 0,000510
амстердам 4,031286 0,002023
великобритании 2,134166 0,000357
предложение 3,183989 0,000533
участников 1,159607 0,000582
дали 3,183989 0,000533
телетрансляций 4,031286 0,000674
ведётся 2,827314 0,000473
анализ 4,031286 0,000674
белый 2,357310 0,000394
аргентина 2,421849 0,000405
предложению 3,183989 0,001065
глазах 3,183989 0,000533
белых 3,050457 0,000510
решением 2,932674 0,000491
частей 3,050457 0,000510
уганда 3,183989 0,000533
ག 2,564949 0,000429
веток 5,129899 0,000858
городов 2,932674 0,001472
считались 4,031286 0,000674
отчёты 3,743604 0,000626
которые 0,760451 0,000891
безопасность 3,050457 0,001021
ирландия 2,421849 0,000405
идея 2,296685 0,000769
который 0,799165 0,000267
религиозного 5,129899 0,000858
инфраструктуры 4,436752 0,001485
ད 2,564949 0,000429
которым 1,518981 0,000254
тайне 5,129899 0,000858
например 1,603538 0,000805
رونی 2,490841 0,000417
བ 2,564949 0,000429
проведены 2,357310 0,001578
разными 3,183989 0,000533
которых 1,052361 0,000880
türkçe 1,052361 0,000176
проведено 2,564949 0,000429
признавал 5,129899 0,000858
олимпийском 2,490841 0,000417
обозначающих 5,129899 0,000858
ཡ 2,564949 0,000429
napulitano 2,932674 0,000491
политическим 3,743604 0,001253
вьетнам 3,520461 0,000589
периода 2,085376 0,000349
идеи 3,520461 0,001767
вануату 4,436752 0,000742
олимпийской 1,911023 0,001279
случае 1,441019 0,000241
иероглифах 5,129899 0,000858
секретарём 4,031286 0,000674
поступлений 4,436752 0,000742
спускаются 5,129899 0,000858
менеджеров 3,743604 0,000626
америка 1,797694 0,000301
общественного 3,338139 0,000558
случая 3,338139 0,000558
олимпийское 2,490841 0,002084
америке 2,564949 0,000429
несколько 1,069456 0,000716
стран 1,546380 0,003363
будет 0,825834 0,000138
предоставляется 3,743604 0,000626
дух 3,520461 0,001178
никакой 3,520461 0,000589
бисау 3,338139 0,000558
снг 2,490841 0,000417
условиях 2,239527 0,000375
свежие 0,910391 0,000152
количеству 1,574551 0,001317
gwiyannen 3,743604 0,000626
начала 1,238078 0,000414
универсальная 2,085376 0,000349
барбадос 3,743604 0,000626
комплекс 3,183989 0,000533
успеха 2,421849 0,000405
xii 3,183989 0,002664
танзания 3,743604 0,000626
ລາວ 2,932674 0,000491
xiv 2,490841 0,001667
xix 1,834062 0,001534
апреля 1,052361 0,000704
проводимые 2,357310 0,000394
количество 1,217876 0,000611
бейсбол 1,466337 0,000491
альпы 4,031286 0,002023
интереса 3,050457 0,000510
бойкота 4,436752 0,002227
любители 1,797694 0,000602
стараясь 4,436752 0,000742
составить 3,183989 0,000533
влияние 2,732003 0,000457
некоммерческой 0,986764 0,000165
нет 0,825834 0,000138
годы 1,258698 0,000421
армения 2,827314 0,000473
количестве 2,827314 0,000946
youtube 1,797694 0,000301
северная 2,357310 0,000394
даже 1,198073 0,000401
году 0,630089 0,001265
xxvii 3,338139 0,002792
правилами 1,323236 0,000221
статистика 0,652562 0,000109
принимающего 4,436752 0,001485
палау 4,436752 0,000742
борнео 5,129899 0,000858
മലയ 1,695912 0,000284
страниц 3,183989 0,000533
года 0,239550 0,002204
информации 1,518981 0,000254
интересы 3,520461 0,000589
монгол 1,518981 0,000254
выбору 5,129899 0,000858
cost 5,129899 0,001717
уникальный 3,743604 0,000626
кандидатов 3,338139 0,001675
коста 2,932674 0,000491
эстафеты 2,932674 0,000981
уникальным 4,436752 0,000742
орлов 2,827314 0,000473
французского 2,932674 0,000491
держат 4,031286 0,000674
эстафета 2,564949 0,001287
интерфакс 4,436752 0,000742
выборы 2,827314 0,000473
сейшелы 4,031286 0,000674
источник 0,853233 0,000143
кайман 5,129899 0,000858
