latina 1,603538 0,000224
формула 1,728701 0,000241
размером 2,732003 0,000381
присудили 4,436752 0,000619
лузофонские 5,129899 0,000716
экспорт 0,986764 0,000138
отдыха 3,183989 0,000444
японской 3,338139 0,000466
ним 1,695912 0,000237
approved 4,436752 0,000619
играх 0,699082 0,000390
направленные 3,743604 0,000522
ไทย 1,238078 0,000173
них 1,178655 0,000493
попросить 4,436752 0,000619
tatarça 1,392229 0,000194
отличается 2,644992 0,000738
некоторых 1,762603 0,000246
частью 1,728701 0,000723
الدارجة 2,357310 0,000329
заявление 0,867219 0,000121
удобную 5,129899 0,000716
множество 2,038856 0,000284
пункт 3,050457 0,000426
ари 3,183989 0,000444
появилась 2,185460 0,000305
čeština 1,035554 0,000144
дубае 2,357310 0,000329
продолжаться 4,031286 0,000562
коллекция 3,743604 0,000522
серебряные 2,239527 0,000312
minangkabau 2,564949 0,000358
проекты 1,198073 0,000167
викисклад 1,035554 0,000289
дольше 2,932674 0,000409
переходящий 4,031286 0,000562
назвал 1,323236 0,000185
корфбол 1,762603 0,000246
вторым 1,911023 0,000533
процессе 2,732003 0,000762
китаец 3,520461 0,000491
cev 5,129899 0,002147
praze 5,129899 0,000716
пройти 2,239527 0,000312
свистка 3,743604 0,001044
sama 5,129899 0,000716
продолжает 2,421849 0,000676
универсиады 2,732003 0,000381
slovenčina 1,069456 0,000149
gnd 1,392229 0,000194
болгария 2,421849 0,001013
юношеский 3,520461 0,000491
нападающего 2,564949 0,000358
мужского 2,357310 0,000658
gaelg 3,338139 0,000466
болгарии 3,520461 0,001473
македонски 1,258698 0,000176
отменено 2,644992 0,000369
номинированы 5,129899 0,000716
проблемы 1,871802 0,000261
определено 4,031286 0,000562
j 1,466337 0,000205
каната 1,762603 0,000246
национальной 2,085376 0,000291
минтонет 5,129899 0,000716
голосов 3,183989 0,000444
имена 2,564949 0,000358
фернандес 3,520461 0,000491
мастерства 3,743604 0,000522
u 1,345709 0,000188
v 1,951845 0,000272
каждой 1,546380 0,001510
exciting 4,436752 0,000619
w 0,955511 0,000133
x 1,279751 0,000536
темпом 5,129899 0,003578
последнее 2,296685 0,000320
либеро 4,031286 0,013496
верхней 3,520461 0,000491
дмитрий 1,345709 0,000188
варьировались 4,436752 0,000619
каждую 2,932674 0,000409
продолжали 2,932674 0,000409
легко 2,932674 0,000409
норвежская 1,603538 0,000224
краях 5,129899 0,000716
степени 2,732003 0,000381
инну 5,129899 0,000716
корее 2,827314 0,000394
кореи 2,644992 0,000738
находиться 2,185460 0,000915
дыл 5,129899 0,000716
групповые 3,183989 0,000444
развлечение 4,031286 0,000562
окончании 1,911023 0,000533
групповым 4,436752 0,000619
использующие 1,633391 0,000228
аут 3,050457 0,001702
качествами 4,031286 0,000562
инна 4,031286 0,001125
краёв 3,520461 0,000491
судью 3,520461 0,000491
судья 1,834062 0,000767
полина 3,743604 0,000522
заступ 5,129899 0,002147
волейбольного 5,129899 0,001431
меркулова 5,129899 0,000716
закрыть 4,031286 0,000562
партией 4,436752 0,000619
спорта 0,342407 0,000478
готовы 3,050457 0,000426
системе 0,867219 0,000484
июня 1,217876 0,000510
система 1,695912 0,000237
клубом 1,994404 0,000278
каталогах 1,323236 0,000185
следующей 3,183989 0,000444
могут 0,760451 0,001061
сакаи 5,129899 0,000716
корея 2,085376 0,000291
несильным 5,129899 0,000716
лауреатов 5,129899 0,000716
падении 3,338139 0,000466
конфедерация 3,338139 0,000466
выполненный 4,436752 0,000619
olympic 2,296685 0,000320
выглядело 5,129899 0,000716
понимается 4,436752 0,000619
синхронное 1,664163 0,000232
одиночным 5,129899 0,000716
иметь 2,239527 0,000625
очков 1,198073 0,001838
судьи 1,574551 0,000439
успехов 2,732003 0,000762
национального 2,564949 0,000358
проводившемся 4,436752 0,000619
гонки 1,002764 0,000280
вступившей 5,129899 0,000716
заявки 3,743604 0,000522
заявку 3,183989 0,000444
выход 1,574551 0,000879
изменилось 4,436752 0,000619
последний 0,773190 0,000324
наций 1,797694 0,000752
усовершенствованием 5,129899 0,000716
надеть 5,129899 0,000716
конгрессе 2,644992 0,002214
инициативой 3,743604 0,000522
некоторые 1,416327 0,000395
углом 3,050457 0,000851
leonardo 5,129899 0,000716
архив 1,258698 0,000176
инвентарь 2,134166 0,000298
монреаль 2,932674 0,000409
июля 1,035554 0,000867
инвентаря 3,743604 0,000522
pdf 0,940244 0,000131
участием 1,518981 0,000424
кацутоси 4,436752 0,000619
сша 0,586604 0,001637
описание 0,986764 0,000138
спортивном 2,038856 0,000284
комитета 2,085376 0,000291
игроков 1,238078 0,005354
атакуют 4,436752 0,001857
цзичжун 5,129899 0,000716
китайская 1,258698 0,000176
bislama 5,129899 0,000716
административного 5,129899 0,000716
игроком 1,762603 0,001229
применялись 3,520461 0,000491
разъяснения 5,129899 0,000716
конгрессом 4,436752 0,000619
сборным 3,520461 0,000491
подряд 1,258698 0,000527
ученики 4,031286 0,000562
неустойчивой 5,129899 0,000716
океания 2,490841 0,000347
стопы 3,183989 0,000444
block 4,436752 0,000619
сборные 0,839439 0,000468
очерки 5,129899 0,000716
ноябре 3,183989 0,000444
средиземноморские 4,436752 0,000619
размеры 3,050457 0,000851
известность 3,743604 0,000522
бразилия 2,296685 0,005126
конференции 2,421849 0,000338
секунд 1,994404 0,000835
разъяснений 5,129899 0,000716
переводу 4,436752 0,000619
сквош 1,728701 0,000241
вклад 0,971016 0,000135
indonesia 1,086847 0,000152
зоны 2,185460 0,007012
поставить 3,743604 0,000522
текст 0,986764 0,000138
колледжа 3,520461 0,000491
очко 1,911023 0,003999
прямоугольной 3,338139 0,000466
хорошем 3,743604 0,000522
новостей 1,574551 0,000220
ноября 0,971016 0,003251
биомеханике 5,129899 0,000716
lâm 1,762603 0,000246
зону 2,421849 0,003040
очки 1,466337 0,000409
золота 2,932674 0,000409
архивная 1,633391 0,000456
esperanto 1,198073 0,000167
volleyball 4,436752 0,002476
разъяснение 5,129899 0,000716
чемпиона 1,466337 0,000205
зона 2,134166 0,001786
уточнению 5,129899 0,000716
очка 1,574551 0,001098
японским 4,436752 0,000619
перейти 0,867219 0,000242
sunda 2,564949 0,000358
зоне 2,421849 0,001689
webcitation 2,038856 0,000284
золото 1,217876 0,000510
счёт 1,603538 0,001118
boarisch 2,357310 0,000329
траекторию 4,031286 0,000562
метрических 4,436752 0,000619
бразилии 2,357310 0,000986
тугой 5,129899 0,000716
собственной 3,338139 0,000466
создающий 4,436752 0,000619
парковый 5,129899 0,000716
находится 1,492313 0,001249
лякросс 1,762603 0,000246
рикошеты 5,129899 0,000716
перемещается 3,743604 0,000522
нохчийн 2,296685 0,000320
возникли 3,743604 0,000522
подготовке 2,085376 0,000291
сильнейших 2,239527 0,000312
меняя 4,436752 0,000619
наказывается 3,520461 0,000491
траектории 3,743604 0,001044
xxi 2,038856 0,000853
планирующая 5,129899 0,001431
ответственности 0,971016 0,000406
золотые 1,728701 0,000965
сборных 1,911023 0,000533
игровая 3,338139 0,000466
имеет 1,492313 0,000833
его 0,447767 0,000687
аналогичное 5,129899 0,000716
дюймов 3,183989 0,000444
двенадцатью 4,436752 0,000619
только 0,447767 0,001062
звание 2,185460 0,000305
php 0,986764 0,000138
бронзовая 3,183989 0,000444
окончания 2,085376 0,000582
количественный 5,129899 0,000716
com 0,925206 0,000387
правилах 2,357310 0,001315
клещёв 5,129899 0,000716
сэт 5,129899 0,000716
каждого 1,633391 0,000228
далеко 2,564949 0,000358
призванное 5,129899 0,000716
турнир 0,699082 0,000098
пояса 2,827314 0,000394
мире 1,198073 0,000501
правилам 1,664163 0,000696
идеально 4,436752 0,000619
мира 0,367725 0,000667
тройным 5,129899 0,000716
текущую 4,436752 0,000619
frysk 1,762603 0,000246
классического 3,050457 0,000426
продолжается 2,732003 0,000381
pipe 5,129899 0,000716
организованный 3,520461 0,000491
бразилец 2,932674 0,000818
хороший 2,732003 0,000762
когда 0,652562 0,000637
дисквалификация 2,732003 0,000381
могли 1,664163 0,000232
позицией 3,520461 0,000491
выражений 5,129899 0,001431
тренерских 4,436752 0,000619
сокращении 4,436752 0,000619
проводятся 1,574551 0,000220
защитник 1,574551 0,000439
годов 1,301257 0,001815
разрешена 4,031286 0,000562
загумный 5,129899 0,000716
чего 1,345709 0,000375
продолжать 2,827314 0,000394
куки 0,971016 0,000135
устанавливался 5,129899 0,000716
могло 3,338139 0,000466
переместиться 4,436752 0,000619
разрешено 2,490841 0,000347
допускавшее 5,129899 0,000716
паралимпийский 3,743604 0,000522
происхождение 3,743604 0,001044
выполнить 3,050457 0,000426
набирать 3,338139 0,000466
вербов 4,436752 0,000619
дисквалифицированный 4,031286 0,000562
перетягивание 1,762603 0,000246
международной 1,345709 0,000563
против 0,747872 0,000209
тай 2,827314 0,000789
другие 0,384967 0,000054
разрешены 2,732003 0,000762
так 0,597299 0,000833
ужесточающего 5,129899 0,000716
целью 1,797694 0,000251
линией 2,932674 0,001636
иногда 1,951845 0,000545
федерация 1,002764 0,001539
стороной 3,050457 0,000426
türkmençe 2,185460 0,000305
перевести 3,743604 0,000522
коммерческое 4,436752 0,000619
мини 2,185460 0,000305
других 0,853233 0,000476
хальстеда 5,129899 0,000716
беляева 3,743604 0,000522
расширяться 4,031286 0,000562
образом 1,546380 0,000863
пятиборье 1,574551 0,000220
сленга 5,129899 0,000716
sport 1,122566 0,000157
федерации 0,663991 0,000648
мировым 3,050457 0,000426
твт 5,129899 0,001431
линиям 4,031286 0,000562
культуры 1,834062 0,000512
частота 5,129899 0,000716
национальным 3,183989 0,000444
csv 5,129899 0,000716
ошибкой 3,743604 0,000522
скалолазание 1,728701 0,000241
есть 0,812411 0,000680
национальных 1,871802 0,000261
вести 2,421849 0,000338
линию 2,564949 0,001073
претендентов 2,827314 0,000789
преподаватель 3,520461 0,000491
спорт 0,224624 0,000470
этой 1,052361 0,000294
этом 0,565551 0,000789
линии 1,951845 0,009257
линий 3,338139 0,000931
края 3,050457 0,000851
викисловарь 2,490841 0,000347
национальные 1,695912 0,000710
этот 0,825834 0,000346
определяющим 4,031286 0,000562
справочник 2,564949 0,000358
викисловаре 2,490841 0,000347
определения 2,421849 0,000338
определению 3,338139 0,000466
швеция 1,345709 0,000188
неограниченное 3,520461 0,000491
qaraqalpaqsha 2,038856 0,000284
определяющий 5,129899 0,000716
связующему 5,129899 0,001431
товарищеского 4,031286 0,000562
соревнуются 2,732003 0,000381
глава 1,546380 0,000216
основной 1,834062 0,000256
художественная 1,633391 0,000228
край 3,183989 0,000444
ограничен 5,129899 0,000716
пропорциях 5,129899 0,000716
ибис 5,129899 0,000716
учреждена 2,932674 0,000409
настоящему 2,732003 0,000381
заносится 5,129899 0,000716
français 1,019025 0,000142
элемент 0,955511 0,000133
позволить 4,436752 0,000619
тыва 4,436752 0,000619
уланова 5,129899 0,000716
заседания 4,436752 0,000619
спортивные 1,104547 0,000462
alemannisch 2,357310 0,000329
построенный 4,436752 0,000619
спортивный 1,301257 0,000182
игрок 1,258698 0,005092
афины 3,050457 0,000426
имеют 1,834062 0,000256
удобнее 3,338139 0,000466
женщины 0,881403 0,003320
выполняются 3,743604 0,001044
волейболиста 5,129899 0,001431
kreyòl 2,490841 0,000347
волна 4,436752 0,001857
исход 2,644992 0,000369
комбинационный 5,129899 0,000716
цель 2,296685 0,000961
тех 1,217876 0,000170
выиграть 1,466337 0,000409
заступил 4,031286 0,000562
условно 3,338139 0,000466
указанием 0,986764 0,000138
росту 4,031286 0,000562
подключает 5,129899 0,001431
снизу 3,520461 0,000982
ниже 1,762603 0,001229
выходом 3,338139 0,000466
оскорбительного 5,129899 0,001431
ему 1,323236 0,000185
поля 1,603538 0,000224
поль 4,436752 0,000619
находящийся 4,031286 0,000562
standing 4,436752 0,000619
гамова 5,129899 0,000716
европы 0,524729 0,000512
тем 1,217876 0,000680
поло 1,441019 0,000402
европе 1,492313 0,000208
без 0,466460 0,000130
поле 1,217876 0,000170
проводился 2,038856 0,000284
между 0,955511 0,001999
зафиксирован 3,520461 0,000982
пола 2,490841 0,001390
азеведо 5,129899 0,001431
судейские 4,436752 0,000619
крупнейшие 2,732003 0,000762
взятое 5,129899 0,000716
чӑвашла 2,134166 0,000298
собравший 4,436752 0,000619
руководство 1,603538 0,000224
роста 3,050457 0,000426
ограничения 2,239527 0,000312
соответствии 1,086847 0,000152
стопой 4,031286 0,000562
европа 2,134166 0,000298
курьёзных 5,129899 0,000716
направление 3,338139 0,001863
первого 1,258698 0,000878
выигрывают 4,031286 0,000562
last 4,031286 0,000562
виды 0,773190 0,000539
передвигаясь 4,436752 0,000619
пока 1,159607 0,000162
кайсери 5,129899 0,000716
период 1,159607 0,000485
कण 4,031286 0,000562
мексики 3,520461 0,000491
ಕನ 2,038856 0,000284
центральный 2,185460 0,000610
мысленного 5,129899 0,000716
противоположных 4,031286 0,000562
центральным 3,338139 0,000466
вида 1,664163 0,000464
возврат 4,031286 0,001125
кроме 1,368699 0,000573
олимпийского 1,603538 0,000224
ассоциации 2,185460 0,000610
вошли 1,994404 0,000278
праге 4,436752 0,000619
подавать 3,743604 0,001044
евролига 1,664163 0,000464
играющий 3,183989 0,000444
всегда 1,258698 0,000702
каждая 2,134166 0,000298
вертикальную 4,436752 0,000619
оба 1,911023 0,000267
определяющее 5,129899 0,000716
евролиги 5,129899 0,000716
высокорослые 5,129899 0,000716
кодекс 0,971016 0,000135
играющих 3,743604 0,000522
зотто 5,129899 0,000716
прага 3,050457 0,000851
статьи 0,524729 0,000439
произойдёт 4,031286 0,000562
характерен 4,031286 0,000562
бобслей 1,238078 0,000173
общ 5,129899 0,000716
повторяется 3,743604 0,000522
vosa 3,743604 0,000522
если 0,675551 0,001131
статья 0,986764 0,000826
wikimedia 0,986764 0,000138
передаётся 3,183989 0,000444
перелетающий 5,129899 0,000716
доигровщики 5,129899 0,000716
уменьшения 3,743604 0,000522
уменьшению 5,129899 0,000716
мировой 1,392229 0,000971
часовой 3,743604 0,000522
карате 1,728701 0,000241
групповой 2,085376 0,000582
доигровщика 5,129899 0,000716
обратными 5,129899 0,000716
ελληνικά 1,086847 0,000152
занимающихся 3,183989 0,000444
затрудняет 4,436752 0,001238
язык 1,258698 0,000176
возможного 3,050457 0,000426
атакой 4,031286 0,001687
принимающий 4,031286 0,000562
уменьшении 5,129899 0,001431
অসম 2,644992 0,000369
стоят 3,338139 0,000931
russian 4,031286 0,000562
разных 1,834062 0,000256
выходит 2,932674 0,002045
новая 1,546380 0,000216
обратная 1,441019 0,000201
различные 1,951845 0,000272
серебра 2,932674 0,000818
инициативе 2,644992 0,000369
creative 0,986764 0,000138
право 1,603538 0,000447
исключительная 5,129899 0,000716
nederlands 1,019025 0,000142
wayback 1,633391 0,000456
обладает 4,031286 0,000562
стокгольме 3,050457 0,000426
права 1,518981 0,000424
различных 1,728701 0,000482
максим 1,994404 0,000278
нападающему 4,031286 0,000562
связующего 5,129899 0,002147
международный 1,258698 0,000176
малых 4,436752 0,001238
комитет 1,911023 0,000267
башҡортса 1,518981 0,000212
матч 0,411400 0,000230
международные 1,238078 0,000518
передачам 4,031286 0,000562
учитывая 3,743604 0,000522
euskara 1,122566 0,000157
делегация 3,338139 0,000466
вторую 2,421849 0,000676
волей 5,129899 0,001431
крупный 3,338139 0,000466
призёров 2,564949 0,000358
серебро 1,871802 0,000783
обязательном 4,031286 0,000562
универсальные 5,129899 0,000716
партиях 4,031286 0,001125
текущие 0,940244 0,000131
текущий 2,357310 0,000329
экспресс 1,416327 0,000593
сформировались 4,436752 0,000619
взамен 3,743604 0,000522
вместо 1,633391 0,000456
волейбо 5,129899 0,000716
детали 3,183989 0,000444
volejbalu 5,129899 0,000716
взаимодействиях 5,129899 0,000716
той 1,994404 0,000835
сразу 1,392229 0,000194
глима 1,762603 0,000246
batak 3,050457 0,000426
оттуда 3,520461 0,000491
команд 1,178655 0,001973
создать 0,825834 0,000115
профилактической 5,129899 0,000716
страны 1,052361 0,000147
вместе 1,178655 0,000493
выиграла 1,345709 0,000188
международных 1,492313 0,000624
ударом 2,564949 0,001073
игрокам 1,951845 0,000545
asturianu 1,323236 0,000185
ложном 5,129899 0,000716
ударов 2,085376 0,000873
вуйтович 5,129899 0,000716
разбег 4,031286 0,001125
ближе 2,490841 0,002085
участвует 2,932674 0,000409
отправить 2,490841 0,000347
волейболистом 5,129899 0,000716
کوردی 1,762603 0,000246
продолжить 2,134166 0,000298
решение 1,238078 0,000691
проходить 2,644992 0,000738
печать 0,986764 0,000138
массой 4,031286 0,001125
выиграно 4,436752 0,000619
летние 1,238078 0,000345
íslenska 1,392229 0,000194
волейболистов 5,129899 0,001431
различают 3,520461 0,000491
сложна 4,436752 0,000619
включать 2,932674 0,000409
пелота 1,728701 0,000241
считается 1,664163 0,000696
том 0,895792 0,000375
наличием 4,436752 0,000619
забайкалкой 5,129899 0,000716
выпрыгивающий 5,129899 0,000716
фамилии 3,743604 0,000522
тот 1,416327 0,000988
основная 1,323236 0,001292
обсуждение 0,881403 0,000246
встают 5,129899 0,001431
неспортивного 5,129899 0,000716
тренера 1,546380 0,000647
протокол 2,732003 0,000381
организация 1,664163 0,000464
кириллова 5,129899 0,000716
крест 4,031286 0,002249
розыгрыш 2,239527 0,000625
делает 2,357310 0,000329
савина 4,436752 0,000619
организации 0,812411 0,000340
товарный 0,986764 0,000138
перу 3,338139 0,000466
росир 5,129899 0,000716
олимпиады 0,925206 0,000387
почти 1,323236 0,000369
три 0,786093 0,000329
history 1,762603 0,000738
островов 4,031286 0,000562
閩南語 1,762603 0,000246
дважды 1,574551 0,000220
площадь 2,827314 0,000394
страховка 4,436752 0,000619
фивб 5,129899 0,002147
элементов 2,357310 0,000329
вдоль 3,338139 0,000466
печати 0,955511 0,000133
бол 4,436752 0,000619
перерыва 2,134166 0,000298
площадка 2,421849 0,001013
допустил 2,932674 0,000409
площадке 2,085376 0,005236
условий 0,881403 0,000123
площадки 2,296685 0,003524
применяемая 5,129899 0,000716
соперниками 2,038856 0,000284
лыжи 1,019025 0,000142
катание 0,534779 0,000075
массачусетс 4,031286 0,000562
как 0,232059 0,000550
участник 2,296685 0,000320
железняка 5,129899 0,001431
площадку 2,564949 0,002147
касанием 4,031286 0,001125
лицевых 4,031286 0,000562
полиной 5,129899 0,000716
втором 1,695912 0,000237
дошла 2,932674 0,000409
тарашкевіца 1,198073 0,000167
париже 1,664163 0,000232
замечание 5,129899 0,001431
cymraeg 1,574551 0,000220
проводит 2,038856 0,000284
изменяет 4,436752 0,000619
установлен 2,357310 0,000986
отыграться 3,050457 0,000426
способ 2,827314 0,000394
тренеру 2,732003 0,001524
идёт 2,296685 0,000961
достижении 4,436752 0,001238
проводились 1,603538 0,000224
активно 2,239527 0,000312
sicilianu 2,038856 0,000284
второй 0,786093 0,000658
заранее 2,932674 0,000409
многих 1,546380 0,000216
условия 0,411400 0,000115
получила 1,728701 0,000241
определяют 2,827314 0,000394
толкованию 5,129899 0,000716
играет 1,994404 0,000835
dansk 1,069456 0,000149
специальных 2,932674 0,000409
uyghurche 2,644992 0,000369
наибольших 4,031286 0,000562
ещё 0,420369 0,000117
атакует 4,031286 0,000562
окр 3,183989 0,000444
бангладеш 3,520461 0,000491
получило 3,338139 0,000466
эшелон 4,436752 0,001857
сброс 5,129899 0,000716
фигурное 0,534779 0,000075
послевоенная 5,129899 0,001431
физического 3,050457 0,000426
организаторов 3,050457 0,000426
касаться 4,031286 0,001687
видеопросмотров 5,129899 0,000716
беларуская 1,069456 0,000298
задуманную 5,129899 0,000716
profile 4,031286 0,001125
польши 2,732003 0,002287
удара 2,357310 0,002959
чехословакия 2,421849 0,001013
первом 1,052361 0,000147
а 0,209918 0,000644
в 0,017911 0,000587
г 0,925206 0,000258
ударе 3,520461 0,000982
д 0,895792 0,000250
е 0,867219 0,001089
и 0,023953 0,000511
качественный 3,520461 0,000491
й 0,825834 0,001382
обычной 3,743604 0,000522
siswati 5,129899 0,000716
к 0,132686 0,000407
принимающая 4,436752 0,001238
трёхкратный 3,050457 0,000851
л 2,038856 0,000569
велоспорт 1,178655 0,000164
м 0,534779 0,001268
н 0,895792 0,000125
о 0,042302 0,000059
альпинизм 1,323236 0,000185
луиджи 5,129899 0,000716
чехословакии 2,932674 0,001636
с 0,036149 0,000373
она 0,825834 0,000230
скейтбординг 1,762603 0,000246
т 1,368699 0,000191
у 0,342407 0,000143
х 0,986764 0,001239
китай 2,038856 0,002275
скачать 0,895792 0,000250
морган 4,031286 0,001687
они 0,760451 0,000636
атакующему 5,129899 0,001431
возможностей 3,050457 0,000426
удары 2,564949 0,001789
заканчивается 2,827314 0,000394
ю 1,834062 0,001791
оно 2,038856 0,000284
вариант 1,994404 0,000835
футбол 0,285712 0,000199
сила 2,564949 0,000358
задержка 4,031286 0,001125
объединяет 2,827314 0,000394
атлетика 1,052361 0,000294
грбич 5,129899 0,000716
применяется 2,732003 0,000762
deadlink 2,038856 0,000284
гандболу 3,338139 0,000931
копия 1,574551 0,000439
методике 4,031286 0,000562
пересекает 3,743604 0,000522
выбирают 2,732003 0,000381
томаш 3,338139 0,000466
возрождён 4,436752 0,000619
ауты 5,129899 0,001431
пришедшие 4,436752 0,000619
каталанская 1,695912 0,000473
мощные 4,436752 0,000619
алфавиту 1,159607 0,000162
предъявляются 4,436752 0,001238
мощный 3,743604 0,000522
аута 3,743604 0,000522
соответствующий 3,050457 0,000426
причём 1,951845 0,000272
ауто 4,436752 0,000619
выбегая 5,129899 0,000716
представились 0,986764 0,000138
объявлен 3,520461 0,000982
методика 3,183989 0,000444
пальцами 3,743604 0,000522
сергей 1,392229 0,000388
прежде 2,185460 0,000610
пляжных 5,129899 0,000716
dig 5,129899 0,000716
восточной 2,564949 0,000358
粵語 1,178655 0,000164
выполняет 2,827314 0,001578
брейк 3,338139 0,000931
боди 4,436752 0,000619
совершенствовались 5,129899 0,000716
तम 2,644992 0,000369
தம 1,492313 0,000208
пойнт 4,436752 0,001857
сектор 3,520461 0,000491
блокирования 4,436752 0,001238
nāhuatl 4,031286 0,000562
последнего 2,038856 0,000284
викискладе 1,217876 0,000340
первую 1,518981 0,000424
телевидения 3,743604 0,000522
блэйзерс 4,436752 0,000619
жанейро 2,421849 0,000338
комфортно 5,129899 0,000716
переворот 5,129899 0,000716
сноуборд 1,238078 0,000173
соперников 1,664163 0,000696
выиграет 2,644992 0,000369
самсунг 5,129899 0,000716
пляжный 1,728701 0,000241
мировая 3,050457 0,000851
впоследствии 1,911023 0,000267
отлетает 5,129899 0,000716
последствий 3,743604 0,000522
грубого 5,129899 0,002147
выигрыш 3,050457 0,000851
наибольшей 4,436752 0,000619
ирина 2,827314 0,000394
хёрлинг 1,762603 0,000246
соревнованиях 1,159607 0,000324
արեւմտահայերէն 2,564949 0,000358
наибольшее 2,085376 0,000291
предъявления 4,436752 0,000619
принимающей 3,743604 0,001567
разрешили 4,436752 0,000619
гран 1,518981 0,000636
комбинации 3,338139 0,004191
переходит 2,644992 0,000738
всех 0,652562 0,000546
комбинаций 3,338139 0,000466
японии 1,664163 0,001161
назначены 4,436752 0,000619
всей 1,871802 0,000261
title 0,986764 0,000138
всем 1,762603 0,000246
чехия 1,518981 0,000212
польша 2,185460 0,001829
обеих 2,296685 0,000320
плавание 1,198073 0,000334
биатлон 0,534779 0,000075
сильно 2,134166 0,000298
пожертвовать 0,986764 0,000138
играли 1,762603 0,000492
дзюнго 5,129899 0,000716
помощи 2,296685 0,000320
кубинка 5,129899 0,000716
metodika 5,129899 0,000716
reception 5,129899 0,000716
расстановка 3,743604 0,001044
центрального 2,932674 0,000818
япония 1,994404 0,003060
ссылка 0,786093 0,000329
расстановке 4,436752 0,001238
kiswahili 2,185460 0,000305
vahcuengh 3,743604 0,000522
ссылки 0,839439 0,000703
bajau 5,129899 0,000716
lingála 3,050457 0,000426
расстановку 5,129899 0,001431
середине 1,994404 0,000278
ನಡ 2,038856 0,000284
расстановки 4,436752 0,001238
комбинация 3,183989 0,000888
первыми 1,762603 0,000246
кругосвет 1,994404 0,000278
комбинациях 5,129899 0,000716
president 3,338139 0,000466
всемирные 3,050457 0,000426
вторая 1,345709 0,000188
разделённой 4,436752 0,000619
истечении 3,183989 0,000444
всемирный 3,050457 0,000426
руках 2,932674 0,000409
сидя 3,520461 0,000491
представителей 2,239527 0,000312
рева 5,129899 0,000716
становится 1,664163 0,000232
преимущество 2,239527 0,000312
москва 0,760451 0,000318
počátky 5,129899 0,000716
атака 2,732003 0,001905
девушки 2,421849 0,004054
отдельных 0,986764 0,000138
жребию 4,436752 0,000619
атаке 2,932674 0,003682
составитель 3,183989 0,000444
специализируются 5,129899 0,001431
sudoc 2,932674 0,000409
атаки 2,357310 0,004932
чжан 3,520461 0,000491
квадах 1,762603 0,000246
достигло 3,520461 0,000491
атаку 3,050457 0,002553
стоящие 4,436752 0,000619
находясь 2,932674 0,000409
чеш 5,129899 0,000716
азербайджанской 5,129899 0,000716
матча 1,002764 0,001259
მარგალური 2,490841 0,000347
проводится 1,546380 0,001079
матчи 0,773190 0,000216
перебрасывать 5,129899 0,000716
чем 0,747872 0,000209
матче 0,747872 0,000417
блоком 4,436752 0,000619
ежегодное 3,520461 0,000491
бронзы 3,183989 0,000888
подбросил 5,129899 0,000716
девятью 4,031286 0,000562
был 0,663991 0,000926
создаётся 4,031286 0,000562
схемах 5,129899 0,000716
результате 1,728701 0,000965
красная 1,994404 0,001113
ожидаемого 5,129899 0,000716
выполнением 4,436752 0,000619
man 3,338139 0,000466
родственных 2,644992 0,000369
код 0,986764 0,004542
лука 1,198073 0,000167
дохе 2,296685 0,000320
хитати 5,129899 0,000716
бронза 2,644992 0,000738
рядом 2,185460 0,000610
координация 4,436752 0,000619
половины 2,564949 0,000716
преимуществе 5,129899 0,001431
зашло 5,129899 0,000716
url 0,986764 0,000275
мусэрский 5,129899 0,000716
половину 2,421849 0,001013
неприятный 5,129899 0,000716
таиланд 2,932674 0,000409
читинской 5,129899 0,000716
machine 1,633391 0,000456
расстановках 5,129899 0,002147
кальдерон 5,129899 0,000716
сентября 1,069456 0,000895
половине 1,911023 0,000800
войти 0,735450 0,000103
критике 3,338139 0,000466
гольф 1,574551 0,000220
анджелес 1,834062 0,000512
котёл 5,129899 0,000716
трогать 4,031286 0,000562
скрестно 5,129899 0,000716
первых 1,518981 0,000636
ქართული 1,392229 0,000194
действия 1,797694 0,001505
защита 1,797694 0,000752
байдарках 1,603538 0,000224
расположенных 4,436752 0,000619
защите 2,932674 0,001227
диагонали 3,520461 0,000491
жиба 5,129899 0,000716
красивая 4,031286 0,000562
прыгучесть 5,129899 0,000716
особые 3,743604 0,000522
тупик 4,436752 0,000619
старших 3,520461 0,000491
жаргона 5,129899 0,000716
боливарианские 4,436752 0,000619
медалей 1,238078 0,000173
антенн 5,129899 0,001431
пасующим 5,129899 0,000716
обучения 2,732003 0,000381
волейболисты 4,436752 0,001238
игровых 2,827314 0,000394
играть 1,368699 0,000191
инструменты 0,986764 0,000275
equipment 5,129899 0,000716
препятствует 4,031286 0,000562
ئۇيغۇرچە 2,644992 0,000369
первым 1,238078 0,000691
защиты 2,134166 0,000298
игровые 1,603538 0,000447
действие 2,644992 0,000369
сняться 5,129899 0,000716
первые 0,971016 0,000542
пасующий 5,129899 0,000716
классическом 4,031286 0,000562
тоҷикӣ 1,695912 0,000237
действий 2,357310 0,000986
боковая 4,031286 0,000562
обращения 0,925206 0,004130
программу 1,466337 0,000205
первый 0,687247 0,000767
неудачно 2,732003 0,000381
пост 2,134166 0,000298
игровым 3,743604 0,001044
техника 2,134166 0,000893
февраля 0,232059 0,000194
славы 2,085376 0,000582
betawi 2,732003 0,000381
मर 1,574551 0,000220
пять 1,368699 0,000191
минут 1,258698 0,000176
подавала 5,129899 0,000716
противником 3,520461 0,000491
यच 4,031286 0,000562
характерна 4,436752 0,000619
бельгии 3,338139 0,000466
посту 2,827314 0,000394
ball 2,827314 0,000789
эгидой 1,797694 0,000752
bali 2,827314 0,000394
значения 1,416327 0,000198
размер 2,827314 0,000394
высшей 2,421849 0,000338
leadership 5,129899 0,000716
футбольном 2,644992 0,000369
прыжки 1,019025 0,000426
вводом 4,436752 0,000619
кто 0,839439 0,000234
считаться 2,932674 0,000409
прыжке 3,183989 0,001332
потерей 4,436752 0,000619
сузились 5,129899 0,000716
отведённый 5,129899 0,000716
самый 1,416327 0,000198
материал 0,825834 0,000115
самым 1,392229 0,000194
смешанными 4,031286 0,000562
скиджоринг 1,762603 0,000246
самые 1,633391 0,000456
уго 5,129899 0,000716
разработке 3,743604 0,000522
ограничивалось 5,129899 0,000716
возникает 3,743604 0,001044
партию 3,743604 0,000522
удэ 4,436752 0,001238
føroyskt 2,085376 0,000291
партия 3,520461 0,000982
засчитывается 2,644992 0,001107
советская 2,296685 0,000320
навигация 0,986764 0,000275
успешной 3,050457 0,000426
контрольное 5,129899 0,000716
борьба 1,002764 0,000140
полёте 4,436752 0,000619
навигации 0,986764 0,000138
сборная 0,711058 0,000198
правила 0,910391 0,003048
коснётся 3,743604 0,000522
полёта 4,031286 0,000562
балканиада 5,129899 0,000716
счётом 1,834062 0,000512
возможности 1,994404 0,000835
троса 5,129899 0,000716
партий 3,743604 0,001567
вообще 1,911023 0,000267
правило 1,633391 0,000684
появились 1,664163 0,000464
телегеничности 5,129899 0,000716
сами 2,644992 0,000738
азербайджан 2,644992 0,000369
партии 3,338139 0,008381
гимнастика 1,238078 0,000345
бы 1,052361 0,000147
водное 1,492313 0,000208
собачьих 1,762603 0,000246
hrvatski 1,052361 0,000147
произведены 5,129899 0,000716
лишается 4,436752 0,000619
быстрого 3,743604 0,000522
разыгрывали 3,183989 0,000444
привело 2,564949 0,000358
роке 1,762603 0,000246
упряжках 1,762603 0,000246
ymca 4,436752 0,001238
кубок 0,524729 0,000659
во 0,495170 0,001105
вес 2,357310 0,000329
японского 3,520461 0,000491
occitan 1,466337 0,000205
лимит 3,338139 0,000466
мячу 3,338139 0,001863
уже 0,687247 0,000383
azerisport 5,129899 0,000716
позволено 4,031286 0,000562
нашего 2,932674 0,000409
соблюдаться 4,436752 0,000619
вы 0,325878 0,000045
веб 2,644992 0,000369
рагимовой 5,129899 0,000716
мяча 1,834062 0,005117
нэкода 5,129899 0,000716
отложить 4,436752 0,000619
итогам 1,603538 0,000224
доброй 3,743604 0,000522
простой 4,436752 0,000619
энциклопедии 0,986764 0,000275
кёрлинг 1,279751 0,000179
кистью 4,436752 0,000619
морином 5,129899 0,000716
увеличилась 4,031286 0,000562
xxxix 5,129899 0,000716
энциклопедия 2,239527 0,000312
добились 2,932674 0,000409
xxxiv 3,520461 0,000491
associated 0,986764 0,000138
български 1,086847 0,000152
volleywood 5,129899 0,000716
чтобы 0,773190 0,000863
зарегистрированных 3,520461 0,000491
брейкинг 1,762603 0,000246
господствующим 5,129899 0,000716
fivb 5,129899 0,021467
пас 2,564949 0,001431
журнал 2,185460 0,000305
де 0,955511 0,000267
дж 3,338139 0,000466
проведении 2,732003 0,000381
маракана 5,129899 0,000716
перед 0,839439 0,000585
шайбой 1,122566 0,000157
сайт 0,773190 0,000539
правильно 3,183989 0,000444
самуэле 5,129899 0,000716
американский 1,258698 0,000176
до 0,239550 0,001002
соотечественник 4,436752 0,000619
зарегистрированный 0,986764 0,000138
многочисленные 3,338139 0,000931
сборными 2,827314 0,001578
файр 5,129899 0,000716
специальном 3,050457 0,000426
другой 1,492313 0,000624
прижились 5,129899 0,000716
сюда 0,986764 0,000138
специальной 2,421849 0,000676
другом 2,564949 0,000358
состоявшемся 5,129899 0,000716
участвуют 2,038856 0,001138
двух 1,002764 0,000420
трек 1,159607 0,000162
цитировать 0,986764 0,000138
параллельных 3,520461 0,000491
баскетбольный 3,520461 0,000491
какую 3,338139 0,000466
азия 2,564949 0,000358
собственным 3,520461 0,000491
числе 1,546380 0,000216
проведения 1,258698 0,000176
лондон 2,490841 0,000347
атакующего 4,031286 0,002249
задевать 5,129899 0,000716
поставив 5,129899 0,000716
баскетбол 0,773190 0,000108
азии 2,085376 0,001454
elected 4,031286 0,000562
число 1,392229 0,000388
ставят 5,129899 0,000716
американские 2,932674 0,000409
ido 1,546380 0,000216
схемой 4,031286 0,000562
гребля 1,518981 0,000424
её 1,104547 0,000770
принимают 2,085376 0,000291
вид 1,104547 0,000770
же 0,925206 0,001291
введены 2,827314 0,000394
привычную 4,436752 0,000619
выигравшая 3,743604 0,000522
строго 2,564949 0,000716
isbn 1,633391 0,001367
rule 3,338139 0,000931
обманные 5,129899 0,001431
игровую 3,183989 0,001777
батуте 1,728701 0,000241
что 0,239550 0,000234
реализацию 3,520461 0,000491
медали 0,971016 0,000542
обманный 5,129899 0,000716
править 0,986764 0,009084
зайцев 3,338139 0,000466
строгую 5,129899 0,000716
за 0,125952 0,000422
размера 3,183989 0,000444
жё 1,728701 0,000241
средней 2,564949 0,000358
софтбол 1,695912 0,000237
призёры 2,564949 0,000716
форма 1,695912 0,000237
позиций 3,050457 0,000426
проводившийся 4,031286 0,000562
basa 2,732003 0,000381
было 0,438551 0,000673
подробнее 0,723179 0,000101
заканчиваться 5,129899 0,000716
сторон 2,185460 0,000610
реализации 3,743604 0,000522
профессиональная 3,743604 0,000522
перемещаются 4,436752 0,001238
признана 2,827314 0,000394
настоящее 1,797694 0,000251
венгрии 3,050457 0,000426
следующую 3,743604 0,000522
были 0,799165 0,001003
vèneto 2,357310 0,000329
увеличил 4,031286 0,000562
блокировать 3,743604 0,001567
тысяч 1,762603 0,000246
считаются 2,357310 0,000329
была 0,652562 0,000455
позицию 2,827314 0,000394
райвел 5,129899 0,000716
отличаться 2,357310 0,000329
разделена 4,031286 0,001125
из 0,106018 0,000577
терминов 2,827314 0,001183
игровой 2,357310 0,001644
приёму 5,129899 0,000716
перемещаться 4,436752 0,000619
играют 1,728701 0,000482
runa 2,732003 0,000381
им 1,198073 0,000334
специалистов 2,644992 0,000369
партнёру 5,129899 0,000716
августа 1,052361 0,000734
накхонпатхоме 5,129899 0,000716
позволяет 2,239527 0,001250
приёмы 3,183989 0,000444
их 0,799165 0,000669
скрытые 1,122566 0,000157
konknni 4,031286 0,000562
формы 1,834062 0,000256
успевают 5,129899 0,000716
регламент 2,296685 0,001281
повышение 3,050457 0,000426
хоккей 0,376309 0,000210
сервис 3,743604 0,001044
свободного 2,932674 0,000409
сторонами 3,743604 0,000522
žemaitėška 2,732003 0,000381
удаляется 3,338139 0,000466
исключением 1,994404 0,000556
очковая 4,436752 0,000619
технический 2,421849 0,000338
стадионе 1,994404 0,000278
октябре 2,827314 0,000394
технические 2,421849 0,000676
называемая 3,520461 0,000982
выдержка 5,129899 0,000716
ралли 2,357310 0,000658
токийской 4,436752 0,000619
имитирует 5,129899 0,001431
nedersaksies 3,183989 0,000444
слева 2,564949 0,000716
замен 3,743604 0,001044
srpski 1,035554 0,000144
юноши 3,050457 0,005106
предложила 4,031286 0,000562
награду 3,050457 0,000426
холиоке 4,436752 0,001857
заносятся 5,129899 0,000716
влево 3,743604 0,000522
является 1,086847 0,000455
кэш 4,436752 0,000619
октября 1,086847 0,003942
атланта 2,932674 0,000409
решить 3,338139 0,000931
foundation 0,986764 0,000138
профессиональном 3,338139 0,001863
двое 2,564949 0,000358
турция 2,421849 0,000338
закрывающий 5,129899 0,000716
судейства 2,732003 0,000381
следующий 1,574551 0,000220
дальнейшего 3,743604 0,000522
выполняемый 4,031286 0,000562
выбирает 3,520461 0,000491
никола 2,085376 0,000291
второму 3,520461 0,000491
спортивная 1,159607 0,000647
находящихся 2,185460 0,000305
sudan 5,129899 0,000716
одержали 2,421849 0,000338
крайние 3,743604 0,000522
вот 2,134166 0,000298
получившая 2,932674 0,000409
разбега 4,031286 0,000562
приёма 3,338139 0,001863
организованном 4,436752 0,000619
приёме 4,436752 0,005570
dawns 5,129899 0,000716
дальние 5,129899 0,000716
американской 3,050457 0,000426
한국어 1,035554 0,000144
доктор 3,338139 0,000466
рукой 2,564949 0,000358
блокировании 5,129899 0,000716
блокирование 5,129899 0,002862
франческа 5,129899 0,000716
партнёра 3,183989 0,000444
сверху 2,932674 0,000818
иван 1,951845 0,000272
доводится 5,129899 0,000716
мл 4,031286 0,006748
успешные 4,031286 0,000562
развития 1,797694 0,000502
место 0,597299 0,000083
примерно 2,085376 0,000291
ខ 3,183989 0,000444
пасом 5,129899 0,001431
судей 1,797694 0,000251
успешный 3,338139 0,000466
выигранного 4,436752 0,000619
задействованы 5,129899 0,000716
нанесения 3,050457 0,000426
float 5,129899 0,000716
mandailing 3,338139 0,000466
верхнего 3,743604 0,001044
сборной 0,825834 0,000230
крайне 3,183989 0,000444
участие 0,597299 0,000167
направляется 4,031286 0,001687
крокет 1,762603 0,000246
океана 4,031286 0,000562
на 0,023953 0,000434
смогла 2,185460 0,000305
пин 5,129899 0,000716
старая 1,368699 0,000191
ភ 3,183989 0,000444
не 0,099461 0,000680
лан 5,129899 0,000716
ម 3,183989 0,000444
государств 2,827314 0,000394
каждый 1,392229 0,000194
រ 3,183989 0,000444
ни 1,603538 0,000224
ссылками 1,159607 0,000647
продолжительная 3,520461 0,000491
онлайн 0,773190 0,000108
ស 3,183989 0,000444
успешного 4,436752 0,000619
но 0,402511 0,000505
арабские 4,031286 0,000562
зонах 5,129899 0,002147
водные 0,867219 0,000121
категория 1,546380 0,000431
московской 2,827314 0,000394
совершаемый 5,129899 0,000716
уровне 1,695912 0,000237
magyar 1,086847 0,000152
выдерживает 4,031286 0,000562
нами 0,853233 0,000119
об 0,217244 0,000121
места 1,198073 0,000167
завоевала 1,695912 0,000237
португалии 2,827314 0,000394
советском 2,932674 0,000409
советской 2,827314 0,000394
ои 0,812411 0,010086
завоевали 2,038856 0,000284
справка 0,986764 0,000138
месте 1,492313 0,000416
он 0,534779 0,000448
развитие 1,633391 0,000456
усложнить 5,129899 0,000716
тхэквондо 1,633391 0,000228
категории 0,986764 0,000275
от 0,160085 0,000536
валевска 5,129899 0,000716
форум 0,881403 0,000123
панамериканские 3,743604 0,000522
открыт 2,644992 0,000369
названием 1,871802 0,000261
распространенной 5,129899 0,000716
официальный 1,104547 0,000616
бокс 0,576022 0,000161
панамериканский 3,743604 0,000522
появления 2,932674 0,000409
официальные 1,574551 0,001537
недоступная 2,357310 0,000329
находящемуся 3,743604 0,000522
готовой 5,129899 0,000716
zazaki 2,239527 0,000312
годах 1,492313 0,001041
продолжительности 3,743604 0,002089
официальным 2,644992 0,000369
все 0,125952 0,000123
принимать 2,134166 0,000893
википедия 0,986764 0,000688
стадиона 2,490841 0,000347
городе 1,994404 0,000278
позади 3,338139 0,000466
технических 2,644992 0,000738
по 0,073653 0,000627
официальных 1,664163 0,000232
inc 0,986764 0,000138
границы 2,827314 0,000394
выигравший 2,932674 0,000409
сведения 0,812411 0,000113
português 1,035554 0,000144
допущенных 5,129899 0,000716
всё 1,159607 0,000162
performance 4,031286 0,000562
академическая 1,574551 0,000220
видом 1,871802 0,000261
упростить 4,436752 0,000619
касается 2,421849 0,000338
наличие 2,932674 0,000409
обратный 5,129899 0,000716
сообщество 0,986764 0,000138
википедии 0,986764 0,000275
примером 4,436752 0,000619
париж 2,357310 0,000329
образованы 4,436752 0,000619
vakaviti 3,743604 0,000522
меняются 3,743604 0,000522
сержио 5,129899 0,000716
нарушила 4,436752 0,000619
зарабатывая 4,436752 0,000619
быстрой 3,520461 0,000491
названная 5,129899 0,000716
газета 1,633391 0,000228
lccn 1,492313 0,000208
санкция 4,436752 0,000619
стал 0,586604 0,000164
соперничество 2,732003 0,000381
водно 1,762603 0,000246
указан 1,301257 0,000182
ikinyarwanda 3,338139 0,000466
защищающихся 4,436752 0,000619
см 0,955511 0,001599
постукивание 5,129899 0,000716
日本語 1,035554 0,000144
со 0,447767 0,000625
правом 3,183989 0,000888
ст 3,743604 0,002611
одну 1,762603 0,000246
декабря 0,881403 0,000738
воду 1,492313 0,000208
slovenščina 1,345709 0,000188
под 0,723179 0,000908
парусный 1,574551 0,000220
таким 1,664163 0,000929
утверждённый 4,436752 0,000619
неоднократно 2,421849 0,000338
одно 1,664163 0,000464
обратно 2,732003 0,000762
образована 3,520461 0,000491
пол 2,357310 0,000658
пом 1,695912 0,000237
таких 1,762603 0,000246
человек 1,178655 0,000329
дополнительно 2,932674 0,000409
вфв 4,436752 0,001238
проявляются 5,129899 0,000716
те 1,834062 0,000512
одна 1,392229 0,000388
волейболист 5,129899 0,000716
содержание 0,971016 0,000271
eesti 1,069456 0,000149
производит 4,031286 0,000562
مصرى 1,546380 0,000216
принятое 4,436752 0,000619
то 0,652562 0,001183
раскрытой 5,129899 0,000716
неспортивное 3,520461 0,000982
карч 5,129899 0,001431
тактические 3,520461 0,001964
организовывать 4,436752 0,000619
предложено 3,743604 0,000522
главные 1,086847 0,000152
проигрышем 5,129899 0,001431
распространённое 5,129899 0,000716
britannica 1,518981 0,000212
пор 1,574551 0,000220
каноэ 1,633391 0,000228
тактических 4,031286 0,000562
конфиденциальности 0,317714 0,000044
окружностью 5,129899 0,001431
скоростной 3,338139 0,000466
неудачной 3,743604 0,000522
пятой 2,932674 0,001636
эксперимент 4,436752 0,001238
неудачном 5,129899 0,000716
lëtzebuergesch 1,762603 0,000246
своей 1,002764 0,000979
wikipedia 0,986764 0,000275
фиксируется 3,520461 0,000491
afrikaans 1,441019 0,000201
plattdüütsch 2,357310 0,000329
рассмотреть 4,436752 0,000619
альфреда 5,129899 0,000716
уши 3,520461 0,000491
матчбол 5,129899 0,000716
при 0,367725 0,002257
демонстрирует 3,743604 0,000522
простоте 4,436752 0,000619
внесении 4,436752 0,000619
защитники 2,564949 0,000358
ушу 1,728701 0,000241
состоялся 1,664163 0,000929
данный 2,357310 0,000329
викиновости 1,238078 0,000173
республика 2,564949 0,000358
ситуация 2,357310 0,000329
හල 1,834062 0,000256
максимально 2,644992 0,000369
второго 1,466337 0,000818
рыскаль 5,129899 0,002147
также 0,663991 0,000926
العربية 1,069456 0,000149
фризский 1,762603 0,000246
блоке 4,436752 0,003094
ace 4,436752 0,000619
одной 1,238078 0,000863
италия 0,867219 0,001210
зрителей 1,797694 0,000502
блока 3,183989 0,003997
библиографических 1,323236 0,000185
разработчики 0,986764 0,000138
командах 2,827314 0,000394
футов 3,520461 0,000491
траве 1,466337 0,000409
лучшей 2,296685 0,000320
блоку 5,129899 0,000716
зал 2,239527 0,000625
сначала 1,664163 0,000464
тысячелетия 3,338139 0,000466
изменение 2,932674 0,000409
эффективного 4,031286 0,000562
силовой 3,183989 0,000888
правки 0,986764 0,000275
международного 1,911023 0,000533
конгресс 2,827314 0,001183
запрещают 4,436752 0,001238
летит 4,436752 0,000619
доведённым 5,129899 0,000716
проекции 5,129899 0,000716
однако 1,069456 0,000597
должности 3,743604 0,000522
себя 0,940244 0,000131
tolışi 1,871802 0,000261
проходившего 4,031286 0,000562
баскская 1,762603 0,000246
южной 1,797694 0,001003
нападении 3,520461 0,001473
пасующего 5,129899 0,000716
проектах 0,986764 0,000275
победы 0,971016 0,000135
việt 1,140915 0,000159
отказ 0,910391 0,000127
италии 1,002764 0,000560
южноамериканские 3,520461 0,000491
сохранением 0,986764 0,000138
волейболисткой 5,129899 0,001431
дзюдо 1,466337 0,000205
стороны 1,546380 0,000216
нападения 3,050457 0,000426
один 0,711058 0,000694
любителей 1,762603 0,000492
сторону 2,085376 0,002618
полностью 1,546380 0,000647
входит 1,871802 0,000261
стремясь 3,520461 0,000491
часть 1,441019 0,000402
физической 1,664163 0,000232
джамбос 5,129899 0,001431
подач 3,338139 0,000466
теннисную 5,129899 0,000716
принимали 2,134166 0,000298
пекин 2,732003 0,000381
часто 1,574551 0,000659
исчез 5,129899 0,000716
кндр 3,050457 0,000426
изменения 1,728701 0,000965
стороне 2,421849 0,001013
варшаве 4,436752 0,001238
family 4,436752 0,000619
стремительный 4,436752 0,000619
заменить 1,951845 0,000272
создавало 4,436752 0,000619
атакующими 4,031286 0,000562
bahasa 1,086847 0,000303
качестве 1,574551 0,000220
повторить 3,743604 0,000522
нарушить 5,129899 0,000716
фернанда 5,129899 0,000716
تۆرکجه 1,762603 0,000246
через 0,971016 0,000271
क 2,421849 0,000676
руками 2,357310 0,000658
ग 3,183989 0,000444
lietuvių 1,140915 0,000159
допускается 2,564949 0,000716
ивойлов 5,129899 0,000716
замена 3,338139 0,000466
предъявляется 5,129899 0,001431
таиланда 4,436752 0,000619
словарь 2,296685 0,000961
такая 2,827314 0,000394
современное 1,574551 0,000220
ट 4,436752 0,000619
удалённых 5,129899 0,000716
стрельба 1,492313 0,000416
ठ 1,574551 0,000220
торрес 4,436752 0,001238
ड 4,436752 0,000619
портнова 5,129899 0,001431
ответвившиеся 5,129899 0,000716
द 1,546380 0,000216
словари 1,217876 0,000170
न 1,518981 0,000424
команда 0,663991 0,000463
екатерина 2,185460 0,000610
игроки 0,986764 0,002891
жюри 4,031286 0,000562
प 1,911023 0,000267
удалённый 4,031286 0,000562
лучшим 1,951845 0,000272
команде 1,258698 0,001405
вэй 5,129899 0,000716
лос 1,518981 0,000424
игрока 1,492313 0,002498
ल 1,911023 0,000533
команды 0,555188 0,001394
лучших 1,198073 0,000167
командная 2,085376 0,000291
проводиться 2,038856 0,000569
значимым 4,031286 0,000562
воздухе 3,520461 0,000982
коснуться 4,031286 0,000562
никогда 1,951845 0,000272
स 2,644992 0,000738
ह 1,546380 0,000216
карибский 4,436752 0,000619
делятся 2,564949 0,000358
частичная 2,932674 0,000409
карибские 4,031286 0,000562
века 1,441019 0,000804
существуют 1,441019 0,000402
засчитывалось 4,436752 0,000619
прямо 2,296685 0,000320
портал 1,518981 0,000848
веке 1,994404 0,000556
атакующие 4,031286 0,001687
скелетон 1,258698 0,000176
африканские 3,520461 0,000491
українська 1,035554 0,000144
заменённый 4,436752 0,000619
марущака 5,129899 0,000716
наших 2,239527 0,000312
ограничена 3,338139 0,000931
проводила 3,050457 0,000426
сообщает 1,994404 0,000278
era 4,436752 0,000619
переносить 3,743604 0,001567
xviii 2,421849 0,000338
переднюю 4,436752 0,000619
игроку 2,421849 0,003716
рост 2,421849 0,000338
всём 2,827314 0,000394
опубликованы 3,743604 0,000522
современном 2,644992 0,002214
universalis 1,951845 0,000272
милькович 5,129899 0,000716
рэкетс 1,728701 0,000241
комиссия 2,644992 0,001107
физическая 3,743604 0,000522
удачный 4,436752 0,000619
атакующих 3,743604 0,001567
ndl 1,834062 0,000256
используется 1,633391 0,000456
cite 1,258698 0,000527
атакующий 2,564949 0,001073
шорт 1,086847 0,000152
замены 2,644992 0,001107
способах 5,129899 0,000716
бадминтон 1,546380 0,000216
комиссии 3,183989 0,000444
выбран 3,183989 0,000444
нельзя 2,296685 0,000320
атакующим 4,031286 0,001125
европейские 2,038856 0,000284
противнику 3,183989 0,000444
нарушения 2,296685 0,000641
трое 2,239527 0,000312
выполняют 3,183989 0,000444
случаев 2,185460 0,000305
горнолыжный 1,301257 0,000182
атакующем 5,129899 0,001431
порту 2,932674 0,000409
связанной 3,520461 0,000491
рекордом 2,421849 0,000338
pages 0,986764 0,000138
огромном 5,129899 0,000716
меняясь 5,129899 0,000716
расшифровка 4,436752 0,000619
тренировки 1,546380 0,000216
ежегодно 2,185460 0,000610
net 2,421849 0,000676
свиридов 5,129899 0,000716
гэльский 1,762603 0,000246
быстрый 2,732003 0,000381
замеры 5,129899 0,000716
new 2,038856 0,000853
леонардо 5,129899 0,000716
воениздат 5,129899 0,000716
командами 1,911023 0,000267
touch 4,436752 0,000619
любую 3,183989 0,000444
всего 0,812411 0,000227
ব 1,416327 0,000198
вверх 2,421849 0,001013
членами 2,827314 0,000789
нововведение 4,436752 0,001238
нарушение 1,797694 0,000251
য 2,644992 0,000369
регламентировалось 5,129899 0,000716
гандбол 1,178655 0,000493
ল 1,416327 0,000198
общие 2,827314 0,000789
выдающиеся 4,031286 0,001125
сменил 2,564949 0,000358
тыльной 4,436752 0,000619
svenska 1,035554 0,000144
назад 1,140915 0,000159
моторный 1,762603 0,000246
список 1,198073 0,000167
невысоким 4,436752 0,000619
сложная 5,129899 0,001431
дополнение 3,338139 0,000466
ссср 0,940244 0,002361
профессиональные 2,421849 0,000338
отвлекая 5,129899 0,000716
доступен 0,971016 0,000135
комментариями 4,436752 0,000619
будо 1,762603 0,000246
подвесил 5,129899 0,000716
назначаются 3,520461 0,000491
тетюхин 4,436752 0,001238
утверждены 2,932674 0,000818
доигровщик 4,436752 0,000619
основания 1,834062 0,000256
позволяющий 4,436752 0,000619
фехтование 1,546380 0,000216
and 1,762603 0,000738
высота 2,827314 0,001578
передаёт 4,031286 0,001125
высоте 2,421849 0,000338
матчей 0,940244 0,000131
именно 1,492313 0,000208
характерное 5,129899 0,000716
французский 1,392229 0,000388
interlingua 1,603538 0,000224
румыния 2,239527 0,000625
женского 2,490841 0,000695
примечания 1,002764 0,000280
где 0,675551 0,000283
допускают 3,520461 0,000491
летнего 2,239527 0,000312
матчем 2,085376 0,000291
собирается 3,050457 0,000426
жеребьёвку 3,520461 0,000491
ввода 4,436752 0,000619
гдр 2,038856 0,000853
противника 2,490841 0,004517
угрожает 3,520461 0,000491
жеребьёвка 3,050457 0,000426
исключая 3,520461 0,000491
точки 2,421849 0,000338
участвовать 1,518981 0,000636
papiamentu 2,732003 0,000381
точке 3,743604 0,000522
сообщить 0,799165 0,000111
выходя 4,436752 0,000619
быть 0,773190 0,000755
посередине 3,050457 0,000851
европейский 2,357310 0,000329
запрещено 2,421849 0,000338
позитивный 4,031286 0,000562
физкультура 2,421849 0,001013
плоскость 5,129899 0,000716
эдельман 5,129899 0,000716
варианты 2,827314 0,000789
лёгком 4,031286 0,000562
tetyukhin 5,129899 0,000716
зале 2,827314 0,000394
укороченная 4,436752 0,000619
совершённая 5,129899 0,000716
съём 5,129899 0,002862
падением 3,338139 0,000466
поверхности 2,644992 0,000738
произвольно 3,743604 0,000522
воспитания 3,050457 0,000426
конный 1,664163 0,000232
схемы 3,338139 0,003259
мобильная 0,608110 0,000085
спрингфилде 4,436752 0,000619
атлетической 5,129899 0,000716
english 0,925206 0,000258
франция 1,122566 0,000313
выполнять 2,932674 0,000818
ਜ 1,664163 0,000232
четыре 1,140915 0,000477
suomi 1,052361 0,000147
стало 1,217876 0,000340
бланже 5,129899 0,000716
друг 1,834062 0,000512
карточкой 3,520461 0,000491
зон 3,743604 0,000522
спонсоров 2,644992 0,000369
ਪ 1,664163 0,000232
ਬ 1,664163 0,000232
тайм 2,085376 0,001164
франции 1,035554 0,000144
выпрыгнуть 4,436752 0,000619
стала 0,881403 0,000369
схема 2,732003 0,002287
составе 1,546380 0,000647
силовая 4,436752 0,000619
схеме 2,732003 0,001905
являются 1,466337 0,000614
можно 1,002764 0,000699
аналогична 4,031286 0,000562
стали 0,971016 0,000677
добивались 3,183989 0,000444
потолок 4,031286 0,000562
română 1,122566 0,000157
совершенствоваться 5,129899 0,000716
работал 3,743604 0,000522
диагональный 5,129899 0,001431
nkc 1,574551 0,000220
раш 5,129899 0,000716
составы 2,357310 0,000329
накладывает 5,129899 0,000716
пасующему 5,129899 0,001431
диагональных 4,436752 0,000619
первая 0,867219 0,000242
высокой 2,421849 0,000338
загнать 4,436752 0,001238
graça 5,129899 0,000716
рубен 3,743604 0,000522
требования 2,421849 0,001351
волейбольной 3,743604 0,000522
впервые 0,839439 0,000234
oʻzbekcha 1,140915 0,000159
раз 0,504926 0,000352
чемпионат 0,277868 0,000698
ўзбекча 1,140915 0,000159
внесено 4,031286 0,000562
случайная 0,986764 0,000138
оставить 3,338139 0,000931
latviešu 1,052361 0,000147
заднюю 3,520461 0,000491
российский 1,086847 0,000152
президента 1,762603 0,000492
фестиваль 3,050457 0,000426
изобретателем 5,129899 0,000716
решающей 3,520461 0,000491
постоянная 0,986764 0,000138
профессора 3,743604 0,000522
своему 2,644992 0,000369
улан 5,129899 0,001431
командой 1,664163 0,000464
передач 2,490841 0,000347
версия 0,485508 0,000203
некорректный 3,338139 0,000466
ary 5,129899 0,000716
шесть 1,546380 0,000431
jawa 1,911023 0,000267
обычно 1,695912 0,002839
вячеслав 2,357310 0,000329
спортивного 1,574551 0,000220
спиной 3,050457 0,000851
اردو 1,574551 0,000220
gõychi 4,031286 0,000562
волейболи 5,129899 0,000716
волейболе 5,129899 0,007156
боковым 4,031286 0,000562
выполнение 3,520461 0,000491
волейбола 3,743604 0,018799
уругвая 4,031286 0,000562
знак 0,986764 0,000138
работу 2,085376 0,000291
представители 1,633391 0,000228
штат 2,732003 0,000381
увеличить 3,520461 0,000491
мюнхен 2,932674 0,000409
разработаны 3,183989 0,000444
боковые 3,050457 0,000426
сеул 3,050457 0,000426
австралийский 1,728701 0,000241
передачи 2,134166 0,002679
тактика 2,732003 0,002287
характеристика 4,031286 0,000562
блок 3,338139 0,006519
помеху 4,436752 0,000619
пиччинини 5,129899 0,000716
передача 3,520461 0,000982
сессии 3,050457 0,000851
островные 5,129899 0,000716
сантиметров 3,743604 0,000522
наказаний 4,031286 0,000562
итоги 1,834062 0,000256
наказание 2,932674 0,000409
передачу 2,827314 0,002761
принимается 4,436752 0,000619
медиафайлы 1,217876 0,000340
неожиданно 3,050457 0,000426
розыгрышами 5,129899 0,000716
волейболу 2,932674 0,002045
невысоко 4,436752 0,000619
архивировано 1,104547 0,005238
galego 1,178655 0,000164
коротким 5,129899 0,000716
требуется 2,932674 0,000409
короткий 0,971016 0,000271
остальные 2,239527 0,000625
баскетбола 2,827314 0,000394
ростом 3,520461 0,000491
сокращением 4,436752 0,000619
высокого 3,183989 0,000888
войны 1,871802 0,000261
чемпионата 0,735450 0,000513
высоко 3,520461 0,000491
случаях 0,971016 0,000135
чемпионате 1,178655 0,000329
рекордным 3,743604 0,000522
после 0,317714 0,000709
ред 1,603538 0,000895
avc 5,129899 0,000716
получает 2,038856 0,000284
остальных 2,932674 0,000409
central 2,732003 0,000381
покинуть 2,732003 0,000762
пользу 1,911023 0,000267
закрывать 4,031286 0,000562
южная 1,797694 0,000251
задеть 4,436752 0,000619
двойным 5,129899 0,000716
распространённые 3,743604 0,000522
postponed 5,129899 0,000716
европейская 2,421849 0,000338
пространстве 4,031286 0,000562
скоростные 3,743604 0,000522
контакты 1,258698 0,000176
функциям 4,436752 0,000619
современные 2,421849 0,000338
скоростным 4,031286 0,000562
двумя 1,664163 0,000232
максимальные 3,743604 0,000522
вероятное 5,129899 0,000716
монстр 4,031286 0,000562
находился 3,050457 0,000426
применяться 3,743604 0,000522
сложных 3,743604 0,000522
служебные 0,986764 0,000138
языках 0,986764 0,000138
играться 5,129899 0,000716
набрал 2,185460 0,000305
лыжах 1,178655 0,000164
согласованных 5,129899 0,001431
повсеместно 4,031286 0,000562
пространства 3,743604 0,000522
колледжей 4,031286 0,000562
азиатские 2,932674 0,000409
фактов 2,732003 0,000381
свободной 0,986764 0,000413
мужских 2,357310 0,001644
олимпиадах 2,296685 0,000320
может 0,630089 0,001318
внутри 2,421849 0,000338
больше 0,812411 0,000227
получить 0,747872 0,000104
низкой 3,743604 0,001044
направить 4,436752 0,000619
отведён 5,129899 0,000716
результативности 3,050457 0,000426
нидерланды 1,728701 0,000965
трибунах 3,050457 0,000426
замыслу 4,031286 0,000562
связанные 0,881403 0,000246
кшиштоф 5,129899 0,000716
сделать 1,695912 0,000237
банглапедия 3,743604 0,000522
ренан 4,436752 0,000619
отредактирована 0,986764 0,000138
melayu 1,368699 0,000191
планер 5,129899 0,000716
трёх 1,441019 0,001206
переизбиравшийся 5,129899 0,000716
адвокат 3,743604 0,000522
порядке 2,490841 0,001390
сферическим 5,129899 0,000716
лучшими 2,827314 0,000394
времени 1,140915 0,000637
italiano 1,035554 0,000144
год 0,687247 0,000575
разрешается 2,932674 0,002045
ставя 4,436752 0,000619
айсшток 1,728701 0,000241
հայերեն 1,198073 0,000167
совета 2,085376 0,000291
характерные 5,129899 0,000716
сербия 2,357310 0,000986
мая 1,104547 0,000154
поэтому 1,392229 0,000194
commons 0,986764 0,000138
сербии 3,338139 0,000931
воли 3,183989 0,000444
српскохрватски 1,416327 0,000198
дриблинг 4,031286 0,000562
рим 2,932674 0,000409
названия 1,664163 0,000232
web 1,279751 0,000536
рио 2,296685 0,000320
нидерландов 2,732003 0,000381
молодёжных 2,827314 0,000394
учётную 0,986764 0,000138
bokmål 1,069456 0,000149
самой 1,574551 0,000439
замахе 5,129899 0,000716
президентом 1,834062 0,000512
советы 3,183989 0,000444
типу 5,129899 0,000716
принимающими 5,129899 0,000716
молодёжный 2,564949 0,000358
отразившийся 5,129899 0,000716
самое 2,085376 0,000291
пляжном 5,129899 0,000716
неожиданных 3,743604 0,000522
опускающемуся 5,129899 0,000716
samoa 3,050457 0,000426
ровно 3,338139 0,000931
заставить 4,436752 0,000619
руки 2,038856 0,000853
лиги 0,895792 0,000250
свяжитесь 0,986764 0,000138
выступила 2,490841 0,000347
руке 3,520461 0,000491
юлия 2,085376 0,000291
лига 0,402511 0,000281
формируются 4,031286 0,000562
накануне 3,183989 0,000444
военные 2,644992 0,000369
simple 1,140915 0,000159
благодаря 1,441019 0,000201
истории 0,630089 0,000088
фонд 0,940244 0,000131
расширению 4,031286 0,000562
состав 1,238078 0,000173
определённой 3,183989 0,000444
приходится 2,296685 0,000320
граса 5,129899 0,000716
наиболее 1,466337 0,001636
рамках 1,518981 0,000424
которая 1,052361 0,000440
ударяется 4,436752 0,000619
союзе 3,050457 0,000426
блокирующих 5,129899 0,001431
cavb 5,129899 0,000716
сеуле 3,050457 0,000426
ударами 3,050457 0,000426
отборочного 3,338139 0,000466
история 0,555188 0,000465
блокирующим 5,129899 0,001431
непосредственно 2,134166 0,000595
обрабатывать 5,129899 0,000716
блокирующий 5,129899 0,000716
bân 1,762603 0,000246
блокирующие 5,129899 0,000716
российская 0,799165 0,000223
избран 3,050457 0,000426
ழ 1,492313 0,000208
розыгрыша 2,239527 0,001250
поднимающий 5,129899 0,000716
либо 1,140915 0,001432
чемпионами 1,664163 0,000232
мусил 5,129899 0,000716
розыгрыше 2,239527 0,000625
согласно 1,574551 0,000439
названий 4,436752 0,000619
хара 5,129899 0,000716
выгодно 4,031286 0,000562
название 1,178655 0,000329
редко 2,490841 0,000347
более 0,853233 0,000952
амплуа 3,520461 0,002946
поиск 0,735450 0,000103
чемпион 0,867219 0,000242
volley 4,031286 0,000562
лёту 5,129899 0,000716
революционное 5,129899 0,000716
oldid 0,986764 0,000138
неконтактный 5,129899 0,000716
алексей 1,238078 0,000173
южнокорейским 5,129899 0,000716
рекорды 1,762603 0,000492
присутствии 2,932674 0,000409
командную 3,743604 0,000522
добить 5,129899 0,002147
пятую 4,031286 0,000562
грасы 5,129899 0,000716
египта 4,436752 0,000619
жаргонных 5,129899 0,002147
трамплина 1,159607 0,000162
переводом 4,031286 0,000562
постоянно 2,644992 0,000369
принять 2,134166 0,000298
приняты 3,520461 0,000982
начинается 1,994404 0,000278
этого 0,881403 0,000492
переводить 5,129899 0,000716
своих 1,345709 0,000188
высокие 2,932674 0,000409
ayisyen 2,490841 0,000347
бруклине 5,129899 0,000716
мужская 2,644992 0,000738
авторства 0,986764 0,000138
принято 1,871802 0,000783
заменил 3,338139 0,000466
чемпионов 0,652562 0,000091
сделано 2,827314 0,000394
волейбольная 4,436752 0,001857
volejbal 5,129899 0,000716
подача 3,338139 0,006053
лицевой 3,743604 0,000522
финал 1,258698 0,000176
català 1,086847 0,000152
подачи 2,827314 0,009465
определённые 3,183989 0,000444
новый 0,940244 0,000131
волейболистка 5,129899 0,000716
поведение 2,932674 0,001227
новые 0,747872 0,000313
подаче 3,338139 0,002794
академия 2,085376 0,000582
чемпионатах 1,574551 0,000220
частично 2,932674 0,000409
подачу 3,183989 0,003997
теннис 0,495170 0,000138
గ 2,038856 0,000284
возвращается 2,564949 0,000358
лакку 3,743604 0,000522
финский 1,633391 0,000228
возвращаясь 4,436752 0,000619
просмотры 0,986764 0,000138
проведён 2,038856 0,000284
فارسی 1,104547 0,000154
удар 2,185460 0,003353
клубном 3,520461 0,000982
центральной 3,050457 0,000426
эпизодов 5,129899 0,000716
должно 1,762603 0,000246
эйр 3,743604 0,000522
త 2,038856 0,000284
эйс 5,129899 0,001431
турнирах 1,871802 0,000522
антенны 5,129899 0,002862
остался 2,564949 0,000358
должны 1,178655 0,000986
волейбольных 5,129899 0,003578
оригинала 1,518981 0,001271
as 2,564949 0,000716
ల 2,038856 0,000284
викимедиа 0,986764 0,000138
закрывает 5,129899 0,000716
передней 3,183989 0,006218
определённых 3,050457 0,000851
политика 0,239550 0,000033
золотая 2,827314 0,000394
замещает 5,129899 0,001431
коми 3,050457 0,000426
вплоть 1,871802 0,000522
azərbaycanca 1,258698 0,000176
сидней 3,338139 0,000466
ошибок 3,050457 0,000426
выдающихся 3,183989 0,000444
теория 2,732003 0,000381
дополнительные 0,986764 0,000138
подающей 5,129899 0,001431
заглавная 0,986764 0,000138
нарушил 3,183989 0,000444
пляжного 3,743604 0,000522
основных 2,357310 0,000329
раздельно 4,031286 0,000562
проигрыш 3,520461 0,000491
касаний 5,129899 0,003578
by 0,971016 0,000135
регби 0,955511 0,000267
должна 1,238078 0,000518
экз 2,732003 0,002287
русский 0,839439 0,000117
norceca 5,129899 0,001431
касание 3,520461 0,005893
набравшей 5,129899 0,000716
cc 0,986764 0,000138
стрелке 5,129899 0,000716
мячом 1,104547 0,000924
христиан 5,129899 0,001431
set 3,520461 0,000491
касания 3,338139 0,001397
практика 3,183989 0,000444
касанию 4,436752 0,000619
метров 1,762603 0,000492
shqip 1,466337 0,000205
время 0,384967 0,000752
поймал 4,436752 0,000619
поведения 0,895792 0,000875
практике 3,050457 0,000426
выходить 3,520461 0,000491
ресурсы 1,104547 0,000154
бьёт 3,743604 0,001044
новым 1,664163 0,000696
ранее 1,104547 0,000308
победитель 1,258698 0,000176
cz 5,129899 0,000716
bikol 2,732003 0,000381
отдаёт 4,031286 0,002249
несут 4,436752 0,000619
флот 5,129899 0,000716
новых 1,633391 0,000684
вправо 3,743604 0,000522
پنجابی 2,239527 0,000312
скидок 5,129899 0,001431
мастранджело 5,129899 0,000716
викиданных 0,986764 0,000138
млн 1,728701 0,000723
dr 4,436752 0,000619
подсчёта 3,520461 0,000491
основные 2,134166 0,000298
олимпийские 0,895792 0,000625
хотя 1,546380 0,000647
олимпийским 1,492313 0,000208
порядок 2,421849 0,000338
подняться 3,520461 0,000491
приземлить 4,436752 0,000619
олимпийский 0,853233 0,000357
сетах 3,743604 0,000522
энд 3,520461 0,000491
читать 0,586604 0,000082
игр 0,367725 0,000308
счете 3,520461 0,000491
англ 1,159607 0,003397
волейбольные 4,436752 0,001238
командные 1,797694 0,000251
датская 1,518981 0,000212
for 2,239527 0,000312
волейбол 1,019025 0,005544
обязательно 2,357310 0,000329
этапе 1,633391 0,000228
опроса 4,436752 0,000619
волейбольный 4,031286 0,002812
использовавшей 5,129899 0,000716
длился 3,520461 0,000491
overhand 5,129899 0,000716
зрелищности 3,520461 0,000982
олимпийских 0,799165 0,001003
поиску 0,971016 0,000135
лишь 1,159607 0,000162
historie 5,129899 0,000716
странах 1,574551 0,000439
мог 1,762603 0,000246
завершить 2,827314 0,000394
одного 1,140915 0,000318
жёлтой 3,183989 0,000444
мок 1,574551 0,000220
мол 3,050457 0,006808
момент 1,301257 0,000545
srpskohrvatski 1,416327 0,000198
командных 2,932674 0,000409
中文 1,035554 0,000144
удаление 2,421849 0,000338
канадская 2,490841 0,000347
management 3,520461 0,000491
константин 2,357310 0,000329
сможет 2,827314 0,000394
основе 1,466337 0,000205
sergey 5,129899 0,000716
выше 1,664163 0,001161
сост 3,050457 0,000426
congress 4,436752 0,000619
изд 2,564949 0,000716
среди 0,597299 0,000583
скидки 2,239527 0,000625
прежним 4,436752 0,000619
латвия 1,834062 0,000256
пристроиться 5,129899 0,000716
инчхон 5,129899 0,000716
narod 4,436752 0,000619
yorùbá 2,732003 0,000381
скидка 5,129899 0,000716
приём 3,183989 0,007106
фабио 2,932674 0,000818
join 3,743604 0,000522
https 0,699082 0,000098
мехико 2,932674 0,000409
предупреждение 2,932674 0,000409
позже 1,518981 0,000212
результат 1,416327 0,000395
татарча 1,392229 0,000194
tiếng 1,140915 0,000159
конфликта 2,732003 0,000762
особенно 2,038856 0,000284
עברית 1,052361 0,000147
index 0,986764 0,000138
павел 1,871802 0,000261
издательства 5,129899 0,000716
эта 0,867219 0,000363
большое 1,951845 0,000272
должен 1,122566 0,000940
паузу 3,338139 0,000466
избранные 0,971016 0,000135
ള 1,695912 0,000237
которое 1,871802 0,000261
южноазиатские 5,129899 0,000716
پښتو 2,732003 0,000381
которой 1,238078 0,001036
зачехлить 5,129899 0,000716
северной 2,185460 0,000305
ирон 2,827314 0,000394
котором 1,217876 0,000510
михайлов 3,183989 0,000444
существенное 3,743604 0,000522
разновидности 3,050457 0,000426
основную 2,827314 0,000394
смены 2,732003 0,000381
повторный 4,031286 0,001125
kurdî 1,834062 0,000256
редакции 1,951845 0,000545
опередившая 5,129899 0,000716
крикет 1,762603 0,000246
индийского 5,129899 0,000716
эти 1,323236 0,000185
world 1,416327 0,000198
раньше 2,038856 0,000284
действуют 3,520461 0,000491
это 0,277868 0,000271
которого 1,345709 0,000188
любителями 4,031286 0,000562
действующими 4,436752 0,000619
обработке 4,031286 0,000562
эту 1,492313 0,000208
aragonés 1,762603 0,000246
триатлон 1,633391 0,000228
противоположностью 4,436752 0,000619
смена 2,357310 0,000329
два 0,760451 0,000849
опрос 3,338139 0,000466
установила 3,050457 0,000426
спортсменов 0,786093 0,000219
блокирующего 5,129899 0,001431
break 4,031286 0,000562
тяжёлая 1,633391 0,000228
игначак 5,129899 0,000716
gí 1,762603 0,000246
две 1,019025 0,000853
момента 1,994404 0,000278
новую 1,664163 0,000232
выполнения 2,644992 0,000738
тренер 0,895792 0,000500
двойное 4,031286 0,000562
филиппины 3,183989 0,000444
номера 2,421849 0,001351
всероссийская 3,183989 0,001332
агрессивное 5,129899 0,000716
corporate 5,129899 0,001431
двойной 3,183989 0,000888
ладони 3,743604 0,000522
соприкосновении 4,436752 0,000619
установили 3,050457 0,000426
тапочки 5,129899 0,000716
стартовый 3,520461 0,000491
производится 2,357310 0,000986
аутов 4,436752 0,000619
держать 3,520461 0,000491
использовалась 3,050457 0,000426
или 0,576022 0,002893
финляндия 1,492313 0,000208
федерація 5,129899 0,000716
изменениями 3,338139 0,000466
қазақша 1,178655 0,000164
тойотой 5,129899 0,000716
обязанностью 5,129899 0,000716
границ 3,743604 0,000522
kosovo 5,129899 0,000716
защищающаяся 5,129899 0,000716
основного 2,185460 0,000305
использования 0,393700 0,000055
югославия 2,421849 0,001013
новой 1,574551 0,000439
bnf 1,834062 0,000256
новое 2,134166 0,000298
общенациональные 5,129899 0,000716
направо 3,520461 0,000982
югославии 2,932674 0,000409
молодых 2,564949 0,000716
рубена 5,129899 0,000716
марселе 4,031286 0,000562
затем 1,301257 0,000363
повторно 3,743604 0,000522
атаковать 3,338139 0,003259
партнёров 2,932674 0,000409
ошибку 1,834062 0,000256
na 2,490841 0,000347
приземлился 4,031286 0,000562
арбитражная 5,129899 0,000716
разыгрываться 3,338139 0,000466
игры 0,376309 0,002782
ошибки 2,185460 0,000305
ошибке 0,955511 0,000133
no 1,911023 0,000267
четырёх 1,603538 0,000895
ස 1,834062 0,000256
игру 1,466337 0,000818
ошибка 2,644992 0,000369
практически 1,664163 0,000232
события 0,663991 0,000093
xxxi 3,520461 0,000491
вопрос 1,603538 0,000224
игре 1,198073 0,000668
игра 1,301257 0,001271
поскольку 1,728701 0,000241
произвести 5,129899 0,001431
dribbling 5,129899 0,000716
путей 4,031286 0,000562
соревнования 0,663991 0,000463
переход 2,490841 0,000347
of 1,695912 0,000237
deutsch 1,052361 0,000147
ошибиться 5,129899 0,000716
марта 0,881403 0,000369
исключённые 1,762603 0,000246
телом 3,743604 0,000522
отдают 3,743604 0,000522
хуже 2,732003 0,000381
тихоокеанские 4,436752 0,000619
ставить 3,520461 0,000491
прошлого 2,357310 0,000329
лёгкая 1,238078 0,000173
ансан 5,129899 0,000716
ловит 4,436752 0,000619
рагимова 5,129899 0,000716
итальянец 3,050457 0,000426
ماز 2,490841 0,000347
поединок 2,564949 0,000358
rumantsch 2,564949 0,000358
реакция 3,520461 0,000491
чемпионатов 1,416327 0,000198
уильям 3,050457 0,000851
ровесник 5,129899 0,000716
распространения 3,520461 0,000491
скиинг 1,762603 0,000246
соревнование 1,664163 0,000464
ph 1,762603 0,000246
сантос 3,338139 0,000466
доступности 5,129899 0,000716
соревнований 0,881403 0,000492
успешно 1,911023 0,000267
темпа 5,129899 0,005009
перенесёнными 5,129899 0,000716
кальяри 4,031286 0,000562
мимо 4,031286 0,000562
продолжение 3,050457 0,000426
планёрный 1,762603 0,000246
strategic 4,436752 0,000619
румынии 3,050457 0,001277
карточка 3,338139 0,000931
посещаемости 2,827314 0,000789
неудобных 5,129899 0,000716
страница 0,940244 0,000262
лицензии 0,986764 0,000138
карточки 3,520461 0,001964
нападающих 2,644992 0,002583
пауз 4,436752 0,000619
странице 0,971016 0,000135
нагрузку 4,031286 0,000562
завершился 2,421849 0,000338
запись 0,955511 0,000133
qr 0,986764 0,000138
кореан 5,129899 0,000716
африка 2,644992 0,000369
продолжения 3,520461 0,000982
снегу 3,520461 0,000491
година 5,129899 0,000716
страницу 0,971016 0,000135
специализацию 5,129899 0,000716
доведён 5,129899 0,000716
африки 2,932674 0,000818
школ 2,564949 0,000358
нападающий 1,797694 0,001505
мешали 4,436752 0,000619
образован 3,743604 0,000522
санный 1,301257 0,000182
принял 1,664163 0,000232
доигровка 5,129899 0,001431
страницы 0,971016 0,000406
зимние 1,159607 0,000162
проводимое 3,743604 0,000522
吴语 1,238078 0,000173
перехода 2,490841 0,001042
фристайл 1,279751 0,000179
доигровки 5,129899 0,001431
блюфэнгс 5,129899 0,000716
лейпциге 5,129899 0,000716
женщин 1,368699 0,001336
взлёт 5,129899 0,003578
диг 5,129899 0,001431
ænglisc 2,564949 0,000358
россии 0,160085 0,000022
применения 2,357310 0,000986
ru 0,285712 0,000080
действовать 0,955511 0,000133
организовать 2,932674 0,000818
пасует 5,129899 0,000716
трёхметровой 5,129899 0,003578
исп 3,183989 0,000444
simi 2,732003 0,000381
третий 1,416327 0,000395
женских 2,134166 0,000595
нерабочими 2,644992 0,000369
sa 0,986764 0,000138
мужчин 1,492313 0,000416
дата 0,881403 0,003934
вернуться 1,911023 0,000267
nynorsk 1,546380 0,000216
sh 1,797694 0,000502
внешние 1,122566 0,000157
того 0,955511 0,000267
ногой 2,732003 0,000762
барселона 1,834062 0,000256
существует 1,762603 0,000246
доигровщиков 5,129899 0,001431
действует 2,421849 0,000338
свою 1,217876 0,000849
проводить 1,797694 0,000251
перекрывая 5,129899 0,000716
español 1,019025 0,000142
турниры 0,895792 0,000250
спид 1,762603 0,000246
сайтов 3,743604 0,000522
литература 1,695912 0,000473
которую 1,728701 0,000241
makes 4,436752 0,000619
игрового 2,732003 0,000381
россия 0,699082 0,000683
никакая 4,436752 0,000619
функции 4,031286 0,000562
атак 3,338139 0,000931
россию 1,951845 0,000272
частое 4,436752 0,000619
конца 1,546380 0,000431
monster 4,436752 0,000619
tagalog 1,911023 0,000267
рекорд 1,198073 0,001170
bosanski 1,345709 0,000188
свои 1,238078 0,000173
произошли 2,827314 0,000394
эффективной 4,031286 0,000562
свод 3,743604 0,000522
января 0,825834 0,000346
мысленные 5,129899 0,000716
персональные 0,971016 0,000135
настольный 1,238078 0,000173
произошло 2,085376 0,000291
развит 3,743604 0,000522
чёткой 5,129899 0,000716
эшелона 4,436752 0,000619
большая 1,069456 0,000746
коснулся 3,183989 0,000444
турнира 0,839439 0,000117
утвердила 3,183989 0,000444
третьей 2,296685 0,000320
акосты 4,436752 0,000619
папи 5,129899 0,000716
популярность 2,239527 0,000312
турниру 2,932674 0,000409
увеличивает 3,743604 0,000522
йозеф 3,338139 0,000466
называются 2,827314 0,000394
перемещение 3,520461 0,000491
прерывая 5,129899 0,000716
перемещений 5,129899 0,000716
лыжное 1,279751 0,000179
полевых 3,050457 0,000426
подходят 4,436752 0,000619
ход 2,732003 0,000381
norsk 1,052361 0,000294
gagana 3,050457 0,000426
праздник 3,338139 0,000466
опробована 4,436752 0,000619
антеннами 5,129899 0,002147
зонами 4,436752 0,001238
подавал 4,436752 0,000619
выравниванию 5,129899 0,000716
для 0,146292 0,000633
составила 2,564949 0,000358
флаг 1,279751 0,000179
планирующую 5,129899 0,000716
сет 3,520461 0,000491
elects 5,129899 0,000716
кубы 4,031286 0,000562
волшебные 1,695912 0,000237
метрах 3,338139 0,000466
опробовано 5,129899 0,000716
тренеров 1,728701 0,000482
национальная 1,574551 0,000220
polski 1,035554 0,000144
опава 5,129899 0,000716
сопровождается 4,031286 0,000562
защищающейся 3,743604 0,000522
отталкиваясь 5,129899 0,000716
площадках 3,338139 0,000466
куба 3,183989 0,003109
важнейшими 3,743604 0,000522
условное 4,436752 0,000619
соперника 1,279751 0,002499
другу 2,732003 0,000381
рейтинг 0,565551 0,000079
конте 4,031286 0,000562
сумасшествие 5,129899 0,000716
акоста 5,129899 0,000716
org 0,986764 0,000275
держит 4,031286 0,001125
сыграть 2,421849 0,000338
отправил 2,932674 0,000409
ходу 1,834062 0,000512
leyva 5,129899 0,000716
фута 3,743604 0,000522
брейковое 5,129899 0,001431
прыгучие 5,129899 0,000716
кубинский 5,129899 0,000716
упразднённые 3,183989 0,000444
официальными 3,183989 0,000444
незначительными 4,436752 0,000619
любое 2,644992 0,000369
дивизион 2,185460 0,000610
токио 2,296685 0,001922
затяжки 5,129899 0,000716
любой 2,038856 0,001422
walon 2,827314 0,000394
женском 2,038856 0,000284
корейской 2,239527 0,000312
любом 2,357310 0,000329
добавились 3,338139 0,000466
xx 1,546380 0,000431
мяч 1,546380 0,009275
шкуру 5,129899 0,000716
показательные 1,466337 0,000205
темп 3,183989 0,000888
очками 2,490841 0,000347
лейва 5,129899 0,000716
ограничением 3,743604 0,000522
эффекта 4,031286 0,000562
српски 1,035554 0,000144
над 0,986764 0,001239
дней 1,416327 0,000198
сил 2,564949 0,000358
даль 5,129899 0,000716
петер 4,436752 0,000619
качеством 5,129899 0,000716
около 1,518981 0,000212
ёсиэ 5,129899 0,000716
морита 5,129899 0,000716
двоеборье 1,217876 0,000170
дало 3,338139 0,000466
ведётся 2,827314 0,000789
юго 3,743604 0,000522
третьим 2,644992 0,000369
тактическая 5,129899 0,000716
выходящий 5,129899 0,000716
кунянский 5,129899 0,000716
ушёл 2,421849 0,000338
ски 1,069456 0,000149
распространена 5,129899 0,000716
пионербол 5,129899 0,000716
довести 4,436752 0,000619
аргентина 2,421849 0,001013
близко 3,520461 0,000491
предложению 3,183989 0,000888
капитаном 2,732003 0,001143
тела 2,134166 0,000893
стоять 4,436752 0,001238
капитанов 4,031286 0,000562
демонстрировалась 5,129899 0,000716
вперёд 2,085376 0,000291
подвергнуто 5,129899 0,000716
ག 2,564949 0,000358
максимум 2,827314 0,000394
совершает 3,743604 0,000522
реальность 4,031286 0,000562
south 3,520461 0,000491
подачей 4,436752 0,001238
мориты 5,129899 0,000716
лыжные 1,140915 0,000159
которые 0,760451 0,000424
пайп 4,436752 0,002476
martinez 5,129899 0,000716
перемещения 3,743604 0,001044
который 0,799165 0,001115
конькобежный 1,238078 0,000173
класса 2,357310 0,000329
ད 2,564949 0,000358
произведения 3,743604 0,000522
например 1,603538 0,000671
رونی 2,490841 0,000347
བ 2,564949 0,000358
проведены 2,357310 0,000329
правил 1,323236 0,001846
которых 1,052361 0,001028
türkçe 1,052361 0,000147
женская 2,239527 0,000625
спортзалах 5,129899 0,000716
разученных 5,129899 0,000716
ཡ 2,564949 0,000358
выбрать 3,050457 0,000426
выигранное 5,129899 0,000716
елена 1,911023 0,000267
случае 1,441019 0,000402
вентурини 5,129899 0,000716
случай 2,644992 0,002214
регла 5,129899 0,001431
америка 1,797694 0,000752
архитектор 4,436752 0,000619
акв 5,129899 0,000716
центральноамериканский 5,129899 0,000716
союз 1,762603 0,000246
жёлтая 3,743604 0,002089
америки 1,695912 0,000946
перестала 4,031286 0,000562
несколько 1,069456 0,000298
центральноамериканские 4,436752 0,001238
стран 1,546380 0,001079
сомкнутый 5,129899 0,000716
задней 3,338139 0,008847
будет 0,825834 0,000230
сетки 2,827314 0,007888
апреле 2,239527 0,000312
сетке 3,050457 0,002979
располагаться 4,436752 0,001238
снг 2,490841 0,000347
начале 1,301257 0,000182
свежие 0,910391 0,000127
количеству 1,574551 0,000220
начала 1,238078 0,000345
сеткой 3,743604 0,004700
травмы 1,492313 0,000208
применялось 4,436752 0,000619
сетку 2,732003 0,000762
непопулярный 5,129899 0,000716
другого 2,644992 0,000369
ລາວ 2,932674 0,000409
апреля 1,052361 0,001468
неё 1,797694 0,000251
количество 1,217876 0,001189
перечислены 4,436752 0,000619
бейсбол 1,466337 0,000409
ней 1,762603 0,000492
международная 1,301257 0,001634
тенденции 3,743604 0,000522
заменять 3,520461 0,000491
некоммерческой 0,986764 0,000138
орган 4,031286 0,000562
нет 0,825834 0,000115
годы 1,258698 0,000878
мужчины 1,019025 0,003838
регламенте 2,932674 0,000409
отталкиваться 5,129899 0,000716
северная 2,357310 0,000329
кирай 5,129899 0,001431
году 0,630089 0,002109
связующих 5,129899 0,002862
такэсита 5,129899 0,000716
hero 5,129899 0,000716
статистика 0,652562 0,000091
способствовать 4,436752 0,000619
совершенствование 5,129899 0,000716
связующий 5,129899 0,008587
ана 5,129899 0,000716
связующие 4,436752 0,000619
മലയ 1,695912 0,000237
связующим 4,031286 0,001125
года 0,239550 0,002072
повторное 4,031286 0,001125
монгол 1,518981 0,000212
защитный 3,520461 0,000491
совершенствованию 5,129899 0,000716
элемента 3,743604 0,000522
куинсайз 5,129899 0,000716
любительски 5,129899 0,000716
защитных 3,743604 0,000522
аспектах 5,129899 0,000716
прямые 3,338139 0,000466
игроками 1,695912 0,001183
кыргызча 2,085376 0,000291
сёрфинг 1,762603 0,000246
источник 0,853233 0,000119
