tennisi 5,129899 0,019864
формула 1,728701 0,001673
день 0,760451 0,000736
легендарная 3,183989 0,003082
рпл 1,140915 0,002209
новые 0,747872 0,000724
ios 3,520461 0,003408
ещё 0,420369 0,000814
фаворитов 2,827314 0,002737
обновлённую 4,031286 0,003903
теннис 0,495170 0,003355
кевин 2,085376 0,002019
болеть 2,932674 0,002839
марафон 2,827314 0,010948
февраляолимпиада 5,129899 0,029796
заявил 1,441019 0,001395
фигурное 0,534779 0,002071
апл 1,871802 0,001812
vip 3,183989 0,006165
центр 0,881403 0,000853
абсолютной 3,520461 0,003408
ставки 1,603538 0,004657
февраляставки 5,129899 0,014898
систематизации 2,564949 0,002483
обходят 5,129899 0,004966
первом 1,052361 0,001019
а 0,209918 0,000406
в 0,017911 0,000451
г 0,925206 0,000896
реклама 0,735450 0,001424
е 0,867219 0,001679
кому 2,644992 0,002560
интер 1,633391 0,001581
и 0,023953 0,000301
лет 0,475938 0,000461
политика 0,239550 0,000464
депозит 5,129899 0,009932
четверг 2,732003 0,002645
демо 4,436752 0,004295
комо 2,421849 0,002344
к 0,132686 0,000128
велоспорт 1,178655 0,001141
поставили 2,932674 0,002839
м 0,534779 0,001035
о 0,042302 0,000205
особенной 5,129899 0,004966
сложнее 3,520461 0,003408
финала 1,104547 0,002139
с 0,036149 0,000525
занимает 2,185460 0,002116
у 0,342407 0,000663
проекты 1,198073 0,001160
olimpbet 3,050457 0,011812
разгромил 2,296685 0,002223
балл 3,743604 0,003624
скачать 0,895792 0,000867
февраляфутбол 5,129899 0,024830
adfox 5,129899 0,004966
главные 1,086847 0,004209
относящихся 2,421849 0,002344
ю 1,834062 0,001775
назвал 1,323236 0,001281
футбол 0,285712 0,003872
букмекерские 3,520461 0,003408
пятое 2,490841 0,002411
конфиденциальности 0,317714 0,000308
атлетика 1,052361 0,001019
ювентус 2,421849 0,002344
даби 2,827314 0,002737
ресурсе 2,296685 0,002223
компонентам 5,129899 0,004966
информационные 2,490841 0,002411
русским 3,520461 0,003408
четвертьфинале 1,994404 0,001931
при 0,367725 0,000356
тебе 2,932674 0,002839
m 2,296685 0,006670
про 1,301257 0,001260
ооо 1,871802 0,001812
новым 1,664163 0,003222
мелбет 1,762603 0,010238
проблема 2,932674 0,002839
покеру 5,129899 0,004966
территории 1,633391 0,001581
мериде 3,520461 0,003408
ногами 2,827314 0,002737
набора 3,743604 0,003624
псж 1,518981 0,001470
мобильной 5,129899 0,004966
классный 5,129899 0,004966
сыграет 1,603538 0,003105
bet 3,743604 0,010872
добили 5,129899 0,004966
бездепозитные 5,129899 0,009932
колыванов 3,338139 0,003231
ставок 1,664163 0,022554
зарубежные 4,436752 0,004295
сыграв 2,932674 0,002839
соперников 1,664163 0,001611
испортила 5,129899 0,004966
мма 1,069456 0,004141
надо 2,038856 0,001974
унизительной 4,436752 0,004295
овертайме 2,038856 0,001974
бетбум 5,129899 0,009932
задача 2,185460 0,002116
диверсия 5,129899 0,004966
сенсационная 5,129899 0,004966
сауся 4,436752 0,004295
отправляется 3,743604 0,003624
хайкиным 4,031286 0,003903
спорта 0,342407 0,003315
индиан 4,031286 0,003903
игр 0,367725 0,000356
отключили 5,129899 0,004966
сколько 1,834062 0,001775
победы 0,971016 0,000940
разряда 3,050457 0,002953
корея 2,085376 0,002019
допустили 3,183989 0,003082
италии 1,002764 0,001941
совести 4,436752 0,004295
джокером 5,129899 0,004966
депозитом 5,129899 0,004966
тишине 5,129899 0,004966
волейбол 1,019025 0,002959
всей 1,871802 0,001812
судьи 1,574551 0,001524
треке 3,183989 0,003082
россиянку 5,129899 0,004966
оценки 2,421849 0,002344
рекомендательные 1,762603 0,001706
биатлон 0,534779 0,001553
сенсационно 3,338139 0,003231
чм 1,492313 0,001445
футболист 1,951845 0,001889
заявка 4,031286 0,003903
поиску 0,971016 0,000940
путаница 5,129899 0,004966
live 1,518981 0,001470
счетом 2,239527 0,002168
разобрали 5,129899 0,004966
напросился 5,129899 0,004966
газеты 2,490841 0,002411
завершить 2,827314 0,002737
мок 1,574551 0,003049
фаворит 3,338139 0,003231
шутят 5,129899 0,004966
американцев 4,031286 0,003903
защищены 2,490841 0,002411
вернули 3,183989 0,003082
основе 1,466337 0,001419
переосмыслили 5,129899 0,004966
балтбет 4,031286 0,015610
карта 2,644992 0,002560
японки 4,031286 0,003903
швейцарию 2,732003 0,002645
киберспорт 1,762603 0,001706
эксклюзивы 2,732003 0,002645
русском 2,421849 0,002344
становится 1,664163 0,001611
канадский 2,564949 0,002483
подряд 1,258698 0,001218
атака 2,732003 0,002645
российской 1,178655 0,001141
гениальный 4,436752 0,004295
фьюри 2,357310 0,002282
wta 2,038856 0,003947
лучшие 1,019025 0,002959
ловко 3,743604 0,003624
leon 3,183989 0,012329
лучший 1,368699 0,001325
большое 1,951845 0,001889
пассивность 4,436752 0,004295
жаровский 5,129899 0,004966
команды 0,555188 0,000537
бонусы 2,732003 0,031737
киберспортивные 4,031286 0,003903
фонтана 3,338139 0,003231
предоставления 2,490841 0,002411
матчи 0,773190 0,000748
матче 0,747872 0,001448
надавил 5,129899 0,004966
махать 5,129899 0,004966
версией 4,031286 0,003903
шнайдер 4,031286 0,003903
золото 1,217876 0,002358
отличные 3,520461 0,003408
алькарасом 4,436752 0,004295
кросби 1,994404 0,001931
напряжение 4,031286 0,003903
лещук 3,520461 0,003408
кого 2,085376 0,002019
это 0,277868 0,000269
запретили 3,183989 0,003082
станет 1,911023 0,001850
американец 3,050457 0,002953
дохе 2,296685 0,002223
спортсмен 1,466337 0,001419
нашим 3,050457 0,002953
головина 2,134166 0,002066
взять 2,239527 0,002168
раздаёт 5,129899 0,004966
шансы 1,951845 0,003779
раздавлен 5,129899 0,004966
только 0,447767 0,000867
происходило 4,436752 0,004295
шорт 1,086847 0,004209
головин 2,085376 0,002019
новости 0,301585 0,001460
тонкая 5,129899 0,004966
нхл 0,925206 0,000896
абсурдные 5,129899 0,004966
гордона 2,932674 0,002839
или 0,576022 0,000558
финляндия 1,492313 0,001445
ущемляют 5,129899 0,004966
фонбет 1,466337 0,008517
мире 1,198073 0,001160
сафонов 2,644992 0,002560
чехией 3,050457 0,002953
точно 1,911023 0,001850
почему 1,122566 0,001087
татуировкой 5,129899 0,004966
тренды 2,239527 0,002168
идут 2,732003 0,002645
winline 2,564949 0,009932
анализа 2,421849 0,002344
женскую 4,031286 0,003903
гандбол 1,178655 0,001141
будё 2,827314 0,002737
шахматы 1,871802 0,001812
первый 0,687247 0,001331
фигуристок 4,436752 0,004295
конторы 3,338139 0,003231
старты 2,827314 0,002737
карьеру 1,518981 0,001470
февраля 0,232059 0,002471
программы 1,633391 0,001581
игру 1,466337 0,001419
беспроигрышную 3,183989 0,003082
события 0,663991 0,001286
трофи 4,031286 0,003903
зимнюю 3,743604 0,003624
промокоды 4,436752 0,034360
фехтование 1,546380 0,001497
заткнуться 5,129899 0,004966
легальные 5,129899 0,009932
японцев 3,520461 0,003408
переход 2,490841 0,002411
московского 2,296685 0,002223
матчей 0,940244 0,000910
главное 1,574551 0,001524
так 0,597299 0,000578
бонусами 5,129899 0,009932
лёгкая 1,238078 0,001199
установку 4,436752 0,008590
фанаты 2,490841 0,002411
где 0,675551 0,001308
интервью 0,971016 0,000940
одолела 3,520461 0,003408
кто 0,839439 0,001625
zenit 3,743604 0,018120
бундеслига 2,134166 0,002066
компании 1,301257 0,002519
февраляистории 5,129899 0,009932
винисиуса 2,644992 0,002560
краснодара 2,490841 0,002411
планирует 3,183989 0,003082
технологии 1,574551 0,003049
валиева 2,239527 0,002168
реакция 3,520461 0,003408
betboom 3,338139 0,012926
ёкодзуны 5,129899 0,004966
применяются 1,466337 0,001419
трансферы 1,664163 0,001611
тутберидзе 2,085376 0,002019
федерации 0,663991 0,000643
зимних 1,633391 0,001581
спорт 0,224624 0,001305
обыграл 1,574551 0,001524
ставками 4,031286 0,003903
балтику 3,520461 0,003408
сам 1,871802 0,001812
борьба 1,002764 0,000971
прошлое 3,520461 0,003408
сборная 0,711058 0,002065
продлил 2,827314 0,002737
бк 3,183989 0,070892
информационном 2,239527 0,002168
циципас 2,134166 0,002066
javascript 5,129899 0,004966
легенды 1,994404 0,001931
боселли 3,338139 0,003231
трекист 4,031286 0,003903
сделали 2,134166 0,002066
безумный 4,436752 0,004295
олимпийскую 2,185460 0,002116
приложения 2,185460 0,006347
сборах 2,827314 0,002737
аделия 1,911023 0,003700
наши 1,323236 0,001281
женщин 1,368699 0,001325
кхл 0,760451 0,002208
рассчитывают 4,031286 0,003903
россии 0,160085 0,001240
нужен 2,827314 0,002737
составы 2,357310 0,002282
филиппова 3,183989 0,003082
кубок 0,524729 0,000508
легенда 2,134166 0,002066
во 0,495170 0,000479
затмили 5,129899 0,004966
выступление 1,762603 0,001706
важно 2,827314 0,002737
сайта 1,574551 0,001524
сайте 1,217876 0,001179
аделии 2,827314 0,005474
кешбэк 5,129899 0,004966
вы 0,325878 0,000315
минимальным 3,050457 0,002953
дюбуа 3,183989 0,003082
букмекеры 1,664163 0,019332
бьорген 3,743604 0,003624
намеренный 5,129899 0,004966
накинулся 4,436752 0,004295
интернет 1,695912 0,001642
го 1,279751 0,001239
смотреть 1,695912 0,001642
коэффициентами 4,031286 0,003903
абу 2,827314 0,002737
рассказала 2,296685 0,002223
абы 3,338139 0,003231
open 1,871802 0,001812
без 0,466460 0,004516
работе 2,134166 0,002066
игорь 1,951845 0,001889
перед 0,839439 0,000813
родниной 5,129899 0,004966
большая 1,069456 0,001035
чернышов 4,031286 0,003903
до 0,239550 0,000232
турнира 0,839439 0,000813
музыку 3,183989 0,003082
разгромных 4,436752 0,004295
турнире 1,198073 0,001160
рождения 1,664163 0,001611
крупнейшие 2,732003 0,002645
лучше 1,695912 0,001642
пересмотрели 5,129899 0,004966
ограничения 2,239527 0,002168
промежуточное 4,031286 0,003903
atp 1,994404 0,001931
карабах 2,038856 0,001974
зайцева 3,183989 0,003082
трек 1,159607 0,002245
us 2,038856 0,001974
завтра 1,951845 0,003779
виды 0,773190 0,001497
редакция 2,732003 0,002645
баскетбол 0,773190 0,002994
розенштайн 4,031286 0,003903
фрибеты 5,129899 0,049660
число 1,392229 0,002696
сети 1,951845 0,003779
знать 2,827314 0,002737
для 0,146292 0,001275
забивает 3,520461 0,003408
mma 2,038856 0,003947
гуменник 2,564949 0,002483
android 2,185460 0,002116
паспорта 4,031286 0,003903
надежности 5,129899 0,009932
организационная 5,129899 0,004966
всегда 1,258698 0,001218
никиты 2,732003 0,002645
вошла 3,183989 0,003082
после 0,317714 0,000615
что 0,239550 0,001159
медали 0,971016 0,001880
краснодар 0,925206 0,000896
букмекеров 1,198073 0,006959
южная 1,797694 0,001740
за 0,125952 0,000854
жест 3,338139 0,003231
статьи 0,524729 0,000508
сумо 4,031286 0,007805
соперника 1,279751 0,001239
талалаев 4,031286 0,003903
бобслей 1,238078 0,001199
рейтинг 0,565551 0,001642
медаль 1,416327 0,004113
трансляцию 3,050457 0,002953
было 0,438551 0,000425
отправил 2,932674 0,002839
зачем 2,421849 0,002344
прокат 3,338139 0,003231
пользователей 2,038856 0,001974
несмотря 1,762603 0,001706
редакционная 4,031286 0,003903
советский 2,038856 0,003947
дня 1,104547 0,002139
правовая 2,296685 0,002223
бетсити 1,633391 0,006325
медведев 1,834062 0,001775
канады 1,217876 0,001179
петросян 1,441019 0,011160
винлайн 1,834062 0,005326
узнаете 4,031286 0,003903
из 0,106018 0,000308
архиву 5,129899 0,004966
олимпиадах 2,296685 0,002223
фигуристам 4,031286 0,003903
формы 1,834062 0,001775
больше 0,812411 0,000786
вспомнив 5,129899 0,004966
архива 4,436752 0,004295
безумного 5,129899 0,004966
монако 1,994404 0,001931
ови 2,490841 0,002411
хоккей 0,376309 0,003279
хачанов 2,296685 0,002223
следим 4,031286 0,003903
нам 1,797694 0,001740
нас 1,492313 0,002889
участников 1,159607 0,001123
неуважения 5,129899 0,004966
полуфинале 2,038856 0,001974
смотрит 3,520461 0,003408
взял 2,185460 0,002116
милан 1,633391 0,001581
харламов 3,338139 0,003231
трёх 1,441019 0,001395
серию 1,466337 0,001419
серия 1,052361 0,001019
соколовской 5,129899 0,004966
россиян 1,762603 0,003413
овечкин 1,762603 0,001706
лучшими 2,827314 0,002737
права 1,518981 0,001470
депозита 5,129899 0,009932
скандала 2,421849 0,002344
матч 0,411400 0,001195
мексику 4,436752 0,004295
вскрыл 5,129899 0,004966
турнирную 3,520461 0,003408
соперник 2,239527 0,002168
генич 2,644992 0,002560
лыжный 1,728701 0,001673
клуба 1,178655 0,001141
ньюкасл 2,085376 0,002019
прочее 1,834062 0,001775
произвольной 2,564949 0,002483
ла 1,762603 0,001706
динамо 0,663991 0,000643
следующий 1,574551 0,001524
клубу 2,239527 0,002168
прогнозы 2,085376 0,036338
победа 1,238078 0,001199
советского 2,421849 0,004689
спортивная 1,159607 0,001123
находящихся 2,185460 0,002116
загадка 4,031286 0,003903
предпочтениям 2,564949 0,002483
лч 2,185460 0,004231
такой 1,664163 0,001611
руку 2,644992 0,002560
сбора 2,296685 0,002223
выиграла 1,345709 0,002605
игрокам 1,951845 0,001889
сохраняет 3,743604 0,003624
лиги 0,895792 0,000867
глимт 2,038856 0,001974
будет 0,825834 0,000799
место 0,597299 0,001156
акции 3,050457 0,002953
побед 1,301257 0,001260
продолжить 2,134166 0,002066
лиге 1,368699 0,001325
лига 0,402511 0,003117
рассказал 1,238078 0,002397
диана 3,520461 0,003408
ради 2,421849 0,002344
благодаря 1,441019 0,002790
истории 0,630089 0,001220
сборной 0,825834 0,001599
олимпиаде 0,895792 0,001734
на 0,023953 0,001159
цупис 5,129899 0,009932
топ 1,238078 0,001199
олимпиада 1,104547 0,005346
не 0,099461 0,000385
пройдёт 2,932674 0,002839
вошёл 2,239527 0,002168
травму 1,911023 0,001850
bettery 1,871802 0,007248
произвольную 4,436752 0,004295
но 0,402511 0,000779
олимпиаду 1,664163 0,001611
приложением 5,129899 0,009932
уэллсом 5,129899 0,004966
водные 0,867219 0,000840
олимпиады 0,925206 0,001791
больнее 5,129899 0,004966
страховка 4,436752 0,004295
кучеров 2,357310 0,002282
карпина 3,338139 0,003231
незаменимых 5,129899 0,004966
карпине 4,031286 0,003903
намедни 5,129899 0,004966
ои 0,812411 0,003146
нет 0,825834 0,000799
розыгрыши 3,050457 0,002953
таблицу 3,183989 0,003082
поиск 0,735450 0,000712
сафонова 3,050457 0,002953
даже 1,198073 0,001160
успехами 4,031286 0,003903
клебо 2,490841 0,002411
бокс 0,576022 0,002788
правду 4,436752 0,004295
катание 0,534779 0,002071
голкипера 4,031286 0,003903
как 0,232059 0,000225
сведений 2,239527 0,002168
все 0,125952 0,000732
титулом 4,031286 0,003903
pari 1,603538 0,010866
по 0,073653 0,000214
информации 1,518981 0,001470
эстафету 3,338139 0,003231
информация 1,035554 0,001002
дистанции 1,911023 0,001850
попала 2,732003 0,002645
всё 1,159607 0,002245
ufc 1,441019 0,001395
вничью 1,797694 0,001740
высокий 2,932674 0,002839
маккиннон 2,239527 0,002168
чемпионов 0,652562 0,001895
одумались 5,129899 0,004966
