занимаются 3,183989 0,000313
latina 1,603538 0,000158
размером 2,732003 0,000537
hall 3,520461 0,000346
суйэйдзюцу 5,129899 0,000504
экспорт 0,986764 0,000097
японской 3,338139 0,001312
мастерскими 5,129899 0,000504
любить 4,436752 0,000436
掛け 5,129899 0,000504
косоротов 5,129899 0,002521
ten 5,129899 0,000504
отличается 2,644992 0,000520
составляющую 4,436752 0,000436
некоторых 1,762603 0,000173
белград 4,031286 0,000396
الدارجة 2,357310 0,000232
основал 3,520461 0,000346
японское 4,436752 0,000436
иностранные 4,031286 0,000396
савата 4,031286 0,000396
тагора 5,129899 0,000504
moore 5,129899 0,000504
ари 3,183989 0,004694
дзюдоистов 5,129899 0,006555
следующая 3,743604 0,000368
макэ 5,129899 0,003025
čeština 1,035554 0,000102
взятые 4,031286 0,000396
создателя 3,743604 0,000368
возрождающегося 5,129899 0,000504
неограниченный 5,129899 0,000504
lombard 3,338139 0,000656
minangkabau 2,564949 0,000252
серебряный 1,994404 0,000196
дополнительного 2,932674 0,000288
создатель 3,743604 0,000368
балл 3,743604 0,000368
викисклад 1,035554 0,000204
дольше 2,932674 0,000288
корфбол 1,762603 0,000173
gold 3,520461 0,000346
баку 3,183989 0,000626
аси 4,436752 0,001308
судят 4,031286 0,000396
продолжает 2,421849 0,000238
after 3,743604 0,000736
a 1,392229 0,000684
d 2,185460 0,000215
e 1,603538 0,000158
македонски 1,258698 0,000124
слишком 2,644992 0,000260
быстро 2,038856 0,000401
h 2,490841 0,000245
i 1,762603 0,000173
весовой 3,338139 0,000656
каждом 1,871802 0,000184
j 1,466337 0,000288
атэ 5,129899 0,001513
каната 1,762603 0,000173
призёр 2,185460 0,000644
m 2,296685 0,000226
o 2,932674 0,000288
крови 3,338139 0,000328
серебряных 3,338139 0,000984
the 1,546380 0,003344
p 1,951845 0,000384
r 2,085376 0,000205
каждое 2,732003 0,000269
s 1,664163 0,000654
даёт 3,050457 0,000600
u 1,345709 0,000265
каждой 1,546380 0,000304
w 0,955511 0,000094
x 1,279751 0,000377
information 3,743604 0,000736
имени 1,951845 0,000192
сформулировал 5,129899 0,000504
убийства 5,129899 0,000504
достигается 3,520461 0,000346
ногами 2,827314 0,000278
офицера 5,129899 0,000504
верхней 3,520461 0,000346
друзей 4,436752 0,000436
дмитрий 1,345709 0,000132
каждую 2,932674 0,000288
обуви 3,520461 0,000346
предварительно 4,436752 0,000436
приведение 5,129899 0,000504
кореи 2,644992 0,000260
разбору 5,129899 0,000504
боевые 3,520461 0,002076
окончании 1,911023 0,000376
боевым 4,031286 0,000396
украины 1,797694 0,000177
боевых 3,183989 0,001878
судья 1,834062 0,001082
студентов 2,732003 0,000537
специальности 5,129899 0,000504
болевого 4,436752 0,001744
следующем 1,951845 0,000192
системе 0,867219 0,000597
июня 1,217876 0,001436
камадзюцу 4,436752 0,000436
система 1,695912 0,001500
бразильском 5,129899 0,000504
могут 0,760451 0,000299
клубов 1,603538 0,000473
дзюдоистка 4,436752 0,000436
следующее 4,031286 0,000396
бразильское 4,436752 0,000436
июнь 3,183989 0,000313
падении 3,338139 0,000328
база 1,871802 0,000184
постепенно 2,296685 0,000226
olympic 2,296685 0,001129
успехом 2,644992 0,000520
консервативно 5,129899 0,000504
синхронное 1,664163 0,000164
тэцубодзюцу 4,436752 0,000436
судье 2,827314 0,000278
иметь 2,239527 0,000220
признания 4,031286 0,000792
судьи 1,574551 0,000619
очков 1,198073 0,000353
национального 2,564949 0,000504
различия 3,520461 0,000346
проводившемся 4,436752 0,000436
хантэй 5,129899 0,000504
ligure 3,520461 0,000346
линдер 5,129899 0,000504
выход 1,574551 0,000155
последний 0,773190 0,000076
оценивается 3,743604 0,000368
последние 1,178655 0,000116
инициативой 3,743604 0,000368
некоторые 1,416327 0,000696
каппо 5,129899 0,001008
мадэ 5,129899 0,000504
июля 1,035554 0,002952
кацутоси 4,436752 0,000436
курс 3,743604 0,000368
арсенал 1,466337 0,000721
сша 0,586604 0,000865
масахико 5,129899 0,001008
метод 3,520461 0,000692
спортивное 2,134166 0,001678
спортивном 2,038856 0,001002
английского 2,932674 0,000577
спортивной 1,416327 0,000278
техник 4,031286 0,000792
китайская 1,258698 0,000124
осака 4,436752 0,000436
швейцарией 4,436752 0,000436
юношеском 4,031286 0,000396
перевода 4,031286 0,000396
order 5,129899 0,000504
присуждения 4,436752 0,000872
секунд 1,994404 0,001372
сквош 1,728701 0,000170
вклад 0,971016 0,000095
indonesia 1,086847 0,000107
зрения 2,421849 0,000238
провели 2,085376 0,000410
очко 1,911023 0,000188
параллельно 2,357310 0,000232
ноября 0,971016 0,002577
людвигсхафен 5,129899 0,000504
очки 1,466337 0,000288
провела 2,421849 0,000238
зрению 5,129899 0,000504
японским 4,436752 0,000436
систему 2,732003 0,001074
очка 1,574551 0,000155
перейти 0,867219 0,000170
подготовка 2,644992 0,000520
японский 3,183989 0,000626
webcitation 2,038856 0,000200
японские 3,338139 0,000328
счёт 1,603538 0,000473
системы 1,951845 0,000576
boarisch 2,357310 0,000232
спортсмена 1,834062 0,000361
перре 5,129899 0,000504
ниппон 5,129899 0,001008
гурума 5,129899 0,000504
top 1,728701 0,000340
гаване 5,129899 0,000504
совместные 4,031286 0,000396
японских 3,743604 0,001472
лякросс 1,762603 0,000173
спортсмену 3,183989 0,000313
онном 5,129899 0,000504
подготовки 1,633391 0,000803
чёрных 3,743604 0,000736
нохчийн 2,296685 0,000226
слово 2,239527 0,000220
подготовке 2,085376 0,000205
nakashima 5,129899 0,000504
окончанию 4,436752 0,000436
наказывается 3,520461 0,000692
кусаригамадзюцу 4,436752 0,000436
синий 2,827314 0,000556
золотые 1,728701 0,000170
посоха 5,129899 0,000504
имеет 1,492313 0,000440
средних 4,031286 0,000396
только 0,447767 0,000572
золотых 1,911023 0,000564
синих 3,520461 0,000692
окончания 2,085376 0,000205
com 0,925206 0,001819
проходят 1,728701 0,000680
сэн 4,436752 0,000436
творческого 5,129899 0,000504
правилах 2,357310 0,000695
講道館 5,129899 0,000504
мире 1,198073 0,001060
правилам 1,664163 0,000654
мира 0,367725 0,000470
оценках 5,129899 0,000504
весовая 4,031286 0,000396
оценкам 3,338139 0,000328
вопросам 2,490841 0,000245
относительно 2,564949 0,000252
утешением 4,436752 0,000872
включено 3,338139 0,000328
разнообразия 5,129899 0,000504
спортивную 2,932674 0,000288
поощряют 5,129899 0,000504
ввёл 3,338139 0,000656
сокращение 3,183989 0,000313
nokaut 4,436752 0,000436
включены 2,357310 0,000927
всухую 3,183989 0,000313
куки 0,971016 0,000095
могло 3,338139 0,000328
требуют 2,490841 0,000490
разрешено 2,490841 0,000245
дзюдоистом 5,129899 0,000504
фильма 3,743604 0,000368
типов 3,743604 0,000368
university 2,644992 0,000520
институт 4,031286 0,000792
решительно 4,436752 0,000436
подсечки 5,129899 0,000504
присуждение 5,129899 0,000504
effective 4,436752 0,000436
международном 2,732003 0,000269
происхождения 3,183989 0,000313
перетягивание 1,762603 0,000173
международной 1,345709 0,001058
тай 2,827314 0,000278
так 0,597299 0,000646
разрешены 2,732003 0,001343
там 1,603538 0,000158
сдачи 4,031286 0,000396
стоуна 5,129899 0,000504
турне 3,183989 0,000313
титула 2,421849 0,000476
повязывать 5,129899 0,000504
sport 1,122566 0,000221
культуры 1,834062 0,000721
japan 4,031286 0,000792
скалолазание 1,728701 0,000170
маэду 5,129899 0,000504
эссен 5,129899 0,000504
многолетней 5,129899 0,000504
古式の形 5,129899 0,000504
лишний 3,743604 0,000368
этой 1,052361 0,000310
этом 0,565551 0,000334
мягкости 5,129899 0,000504
викисловарь 2,490841 0,000245
этот 0,825834 0,000081
главе 2,296685 0,000226
средняя 2,827314 0,000834
действующие 2,564949 0,000504
викисловаре 2,490841 0,000245
неограниченное 3,520461 0,000692
хакама 5,129899 0,000504
сикаку 5,129899 0,000504
бронзовый 2,038856 0,000200
дзюдоисты 4,436752 0,002617
сиода 5,129899 0,000504
студентами 4,031286 0,000396
отметить 4,031286 0,000396
листе 5,129899 0,000504
художественная 1,633391 0,000161
маэда 5,129899 0,001513
тяжёлый 4,031286 0,000396
бронзовых 3,520461 0,001038
наоки 5,129899 0,000504
обязательную 5,129899 0,000504
entertainment 4,436752 0,000436
toronto 3,338139 0,000328
элемент 0,955511 0,000094
спортивные 1,104547 0,000217
направлению 3,743604 0,000368
снятия 4,031286 0,000396
выступлений 1,664163 0,000164
цели 2,296685 0,000226
two 4,031286 0,000396
выступление 1,762603 0,000173
челябинск 2,564949 0,000504
базовым 4,436752 0,000436
спортивным 2,296685 0,000226
paralympic 3,743604 0,000368
рэнкохо 5,129899 0,000504
имеют 1,834062 0,000361
выполняются 3,743604 0,000368
спортивных 1,279751 0,000377
сталинской 5,129899 0,000504
локтя 4,031286 0,000792
выступления 1,546380 0,000304
указанием 0,986764 0,000097
международную 2,644992 0,000260
хаори 5,129899 0,000504
басами 5,129899 0,000504
अवध 3,338139 0,000328
популярных 2,732003 0,000269
тем 1,217876 0,000120
популярный 2,932674 0,003171
fuji 5,129899 0,000504
без 0,466460 0,000550
бёдер 4,031286 0,000396
проводился 2,038856 0,000200
развиваются 4,436752 0,000872
применено 4,436752 0,000436
последующую 5,129899 0,000504
крупнейшие 2,732003 0,000269
запрет 2,732003 0,000806
скручиванием 5,129899 0,001008
бег 2,827314 0,000278
спортсмены 1,140915 0,000112
иппон 5,129899 0,008067
чёрный 2,932674 0,001153
athletes 4,031286 0,000396
разбирательства 5,129899 0,000504
период 1,159607 0,000228
требует 1,951845 0,000192
миллионов 1,911023 0,000376
ассоциация 2,038856 0,000401
ассоциацию 3,520461 0,000692
преподавал 4,436752 0,000436
синтай 5,129899 0,000504
кроме 1,368699 0,000269
олимпийского 1,603538 0,000158
ассоциаций 2,732003 0,000269
весовым 4,436752 0,000436
метательным 5,129899 0,000504
дзюдоиста 5,129899 0,002017
всегда 1,258698 0,000124
цепи 5,129899 0,000504
весовых 3,520461 0,001384
beijing 4,031286 0,000396
дзюдоист 4,031286 0,003170
кодекс 0,971016 0,000095
канаде 2,296685 0,000226
мифунэ 5,129899 0,000504
тайику 5,129899 0,001008
упором 4,436752 0,000436
тип 1,871802 0,000184
статьи 0,524729 0,000464
икиой 5,129899 0,000504
военно 3,338139 0,000656
иных 3,183989 0,000313
center 4,031286 0,000396
культура 2,732003 0,000537
бросковой 5,129899 0,001008
stars 4,031286 0,000396
структуризации 5,129899 0,000504
мягкость 5,129899 0,001008
статью 1,728701 0,000170
柔道 5,129899 0,001008
статья 0,986764 0,000679
культуре 2,296685 0,000226
весовые 3,743604 0,003680
основой 3,520461 0,000346
полную 3,520461 0,000346
карате 1,728701 0,000340
ицуцу 5,129899 0,001008
ελληνικά 1,086847 0,000107
занимающихся 3,183989 0,001565
язык 1,258698 0,000247
karate 4,436752 0,000436
golden 3,520461 0,000346
синъё 5,129899 0,001513
проведённых 2,490841 0,000245
летней 2,564949 0,000504
lnb 4,031286 0,000396
тщательно 4,031286 0,000396
разных 1,834062 0,000361
встречами 5,129899 0,000504
неправильных 5,129899 0,000504
различные 1,951845 0,000576
зелёный 2,732003 0,000537
creative 0,986764 0,000097
nederlands 1,019025 0,000100
разным 3,338139 0,000328
этикетом 5,129899 0,000504
wayback 1,633391 0,000321
права 1,518981 0,000149
различных 1,728701 0,000170
наставлений 5,129899 0,000504
проведённый 4,436752 0,000436
athletic 3,743604 0,000368
матэ 5,129899 0,000504
международные 1,238078 0,000243
euskara 1,122566 0,000110
крупных 1,871802 0,000184
наставления 5,129899 0,000504
ученическая 5,129899 0,000504
предстоящих 4,031286 0,000396
указывал 4,436752 0,000436
кусаридзюцу 5,129899 0,000504
джитсу 4,436752 0,003489
мата 4,436752 0,000872
советского 2,421849 0,000476
sentinel 5,129899 0,000504
текущие 0,940244 0,000092
отображаются 5,129899 0,000504
добавлено 4,031286 0,000396
вместо 1,633391 0,000161
глима 1,762603 0,000173
руководитель 2,644992 0,000260
добавлены 3,743604 0,000368
страны 1,052361 0,000207
международных 1,492313 0,000880
полуфинал 1,633391 0,000161
asturianu 1,323236 0,000130
отчасти 3,520461 0,000346
ударов 2,085376 0,000205
کوردی 1,762603 0,000173
летние 1,238078 0,000365
íslenska 1,392229 0,000137
наилучшее 4,436752 0,000436
считается 1,664163 0,000164
том 0,895792 0,000616
разделению 5,129899 0,001008
олимпиаде 0,895792 0,000088
dan 4,031286 0,000792
дзюдоистам 5,129899 0,001008
разделения 3,520461 0,000346
бразильцем 4,031286 0,000396
тот 1,416327 0,000557
обсуждение 0,881403 0,000173
последнюю 3,520461 0,000692
обвив 5,129899 0,000504
три 0,786093 0,000155
олимпиады 0,925206 0,000182
猪熊 5,129899 0,000504
corps 5,129899 0,001513
пацаном 5,129899 0,000504
уэсиба 5,129899 0,000504
довольно 2,490841 0,000245
полученных 2,932674 0,000288
университет 2,827314 0,000556
элементов 2,357310 0,000927
noicon 5,129899 0,000504
разделение 3,183989 0,000939
полусредняя 5,129899 0,001008
наглым 5,129899 0,000504
летних 1,911023 0,000564
бой 2,134166 0,000839
бок 3,520461 0,000346
присваивались 4,436752 0,000436
тодзюцу 5,129899 0,000504
ямасита 5,129899 0,000504
clnk 5,129899 0,000504
ковром 5,129899 0,000504
соперниками 2,038856 0,000200
оценкой 4,436752 0,000436
катание 0,534779 0,000053
бою 2,827314 0,000278
боя 2,296685 0,000677
прекращая 5,129899 0,000504
declining 5,129899 0,000504
как 0,232059 0,000753
родом 3,520461 0,000346
дистанцию 2,564949 0,000252
кан 4,436752 0,000872
ltd 4,031286 0,000396
фильм 2,644992 0,001040
встреча 2,085376 0,000205
втором 1,695912 0,000167
методов 4,031286 0,000396
встречи 2,490841 0,000490
методом 4,031286 0,000396
тарашкевіца 1,198073 0,000118
проводит 2,038856 0,000601
уралгуфк 4,436752 0,000436
этикета 4,436752 0,000872
ufc 1,441019 0,000708
帯をギュッとね 5,129899 0,000504
учётом 2,732003 0,000269
мокшень 3,520461 0,000346
активно 2,239527 0,000440
второй 0,786093 0,000155
многих 1,546380 0,000304
получила 1,728701 0,000170
неэффективно 5,129899 0,000504
броска 3,050457 0,002099
атакует 4,031286 0,000396
броске 4,436752 0,001308
броски 3,183989 0,005007
получило 3,338139 0,000328
симэ 5,129899 0,000504
получили 1,664163 0,000164
سنڌي 3,050457 0,000300
слушателей 5,129899 0,000504
фигурное 0,534779 0,000053
физического 3,050457 0,000300
возможностями 3,338139 0,000656
пришлось 2,296685 0,000226
гарами 5,129899 0,001008
profile 4,031286 0,000792
помощь 2,239527 0,000220
а 0,209918 0,000805
б 1,466337 0,000144
в 0,017911 0,000743
знаменитой 4,436752 0,000436
г 0,925206 0,000455
д 0,895792 0,000176
е 0,867219 0,000085
и 0,023953 0,000558
силы 2,296685 0,000677
й 0,825834 0,001948
к 0,132686 0,000456
м 0,534779 0,001051
н 0,895792 0,000176
о 0,042302 0,000067
п 1,086847 0,000320
силу 2,296685 0,000903
р 2,239527 0,000220
с 0,036149 0,000423
скейтбординг 1,762603 0,000173
т 1,368699 0,000404
у 0,342407 0,000135
течение 1,238078 0,000730
х 0,986764 0,000679
внедрять 5,129899 0,000504
возможностей 3,050457 0,000300
э 2,296685 0,000226
ю 1,834062 0,000180
кей 4,031286 0,000396
я 0,853233 0,000168
journal 3,050457 0,000300
атлетика 1,052361 0,000207
структура 2,421849 0,000238
рокуро 5,129899 0,000504
срыв 4,436752 0,000436
видах 2,038856 0,000200
deadlink 2,038856 0,000200
исследования 2,732003 0,000269
приёмов 3,183989 0,010327
копия 1,574551 0,000929
горла 4,436752 0,000436
методике 4,031286 0,000396
gōzō 5,129899 0,000504
соответствующих 3,338139 0,000328
атлетики 3,338139 0,000328
существования 2,827314 0,000278
причём 1,951845 0,000192
представились 0,986764 0,000097
кризисе 5,129899 0,000504
сергей 1,392229 0,000411
кинса 5,129899 0,001513
added 4,436752 0,000436
粵語 1,178655 0,000116
выполняет 2,827314 0,000278
kurenai 5,129899 0,000504
полиции 5,129899 0,001513
остановил 3,743604 0,000368
сноуборд 1,238078 0,000122
соперников 1,664163 0,000327
info 1,951845 0,000192
впоследствии 1,911023 0,001127
традиционной 4,031286 0,000396
традиционном 5,129899 0,000504
косидзюцу 5,129899 0,000504
наибольшей 4,436752 0,000436
вход 2,239527 0,000220
хёрлинг 1,762603 0,000173
направлен 4,031286 0,000396
соревнованиях 1,159607 0,001710
真捨身技 5,129899 0,000504
артерии 5,129899 0,000504
австралии 2,134166 0,000210
изучал 5,129899 0,000504
emilio 5,129899 0,000504
успешному 4,436752 0,000436
сдавался 5,129899 0,000504
развивал 5,129899 0,000504
традиционное 4,436752 0,000436
мысли 3,183989 0,000313
заказу 3,338139 0,000328
гран 1,518981 0,000299
толчком 3,520461 0,000346
переходит 2,644992 0,000260
цвета 1,911023 0,001315
японии 1,664163 0,004253
техническая 3,520461 0,000346
title 0,986764 0,000097
видео 0,699082 0,000069
states 3,520461 0,000692
действуй 5,129899 0,000504
состоящий 4,031286 0,000396
плавание 1,198073 0,000471
биатлон 0,534779 0,000053
сильно 2,134166 0,000210
помощи 2,296685 0,000226
показанных 4,436752 0,000436
назначено 4,031286 0,000396
япония 1,994404 0,000392
kiswahili 2,185460 0,000215
противоположность 5,129899 0,000504
ранняя 5,129899 0,000504
середины 2,421849 0,000238
спину 2,932674 0,001153
henry 4,436752 0,000436
спины 4,436752 0,000872
кровяное 5,129899 0,000504
конечности 4,436752 0,000872
вторая 1,345709 0,000265
спине 2,932674 0,000288
наработка 4,436752 0,000436
всемирный 3,050457 0,000600
девушке 5,129899 0,000504
ᱥᱟᱱᱛᱟᱲᱤ 2,932674 0,000288
феодальной 5,129899 0,000504
соревнуется 4,436752 0,000436
nishioka 5,129899 0,000504
дзюцу 5,129899 0,002017
сидо 4,436752 0,003925
волчек 4,031286 0,000396
тренировочных 3,520461 0,000346
опыт 2,564949 0,000252
авасэтэ 5,129899 0,000504
достигли 3,050457 0,000300
classification 5,129899 0,000504
свыше 3,338139 0,001969
дисквалификацией 3,743604 0,000736
выступает 2,421849 0,000238
koryu 5,129899 0,001008
field 3,183989 0,000313
მარგალური 2,490841 0,000245
принципах 4,031286 0,000396
проводится 1,546380 0,000152
doc 4,436752 0,000872
содержанием 2,827314 0,000278
doh 5,129899 0,000504
dog 2,564949 0,000252
утвердил 3,520461 0,000692
олимпийскому 3,520461 0,000692
матче 0,747872 0,000074
don 4,031286 0,000396
satoshi 5,129899 0,000504
различаться 3,743604 0,000368
равных 2,932674 0,000577
разделе 1,728701 0,000170
неправильное 4,436752 0,000436
присвоению 5,129899 0,000504
присвоения 4,031286 0,000396
удержания 5,129899 0,002521
обучение 2,827314 0,000556
удержание 4,031286 0,002774
объявив 5,129899 0,000504
был 0,663991 0,001175
равные 3,743604 0,000368
романа 2,932674 0,000288
man 3,338139 0,000328
удержаний 5,129899 0,001008
разделы 5,129899 0,000504
код 0,986764 0,003104
маастрихт 5,129899 0,001008
остановки 2,827314 0,000278
рядом 2,185460 0,000215
приуроченной 5,129899 0,000504
удушающего 5,129899 0,001513
url 0,986764 0,000097
подразделения 5,129899 0,000504
половину 2,421849 0,000238
хидэн 5,129899 0,001008
вахун 5,129899 0,000504
раздела 2,644992 0,000780
половине 1,911023 0,000188
тюй 5,129899 0,000504
выступали 2,490841 0,000245
дзюдзи 5,129899 0,001008
usa 3,050457 0,000300
мельница 4,436752 0,000436
состоявшихся 3,743604 0,000368
греко 4,031286 0,000792
yoshiaki 5,129899 0,000504
бросок 2,932674 0,002306
годовщину 4,031286 0,000396
воздействия 4,031286 0,000396
действия 1,797694 0,001237
расценивалось 4,436752 0,000436
байдарках 1,603538 0,000158
сиай 5,129899 0,001008
сиаи 5,129899 0,000504
обучения 2,732003 0,000806
инструменты 0,986764 0,000194
классическое 3,743604 0,000368
martial 4,031286 0,001189
действие 2,644992 0,000260
оцениваются 3,520461 0,000346
классическом 4,031286 0,000396
действий 2,357310 0,001622
критика 4,436752 0,000436
обозначая 5,129899 0,000504
метода 5,129899 0,000504
техника 2,134166 0,003566
римской 3,338139 0,000328
взятии 5,129899 0,000504
техники 2,421849 0,001190
безопасными 4,436752 0,000436
технике 3,183989 0,000626
посту 2,827314 0,000278
эгидой 1,797694 0,000177
британская 3,183989 0,000313
явара 5,129899 0,000504
происходит 1,695912 0,000333
значения 1,416327 0,000139
технику 2,932674 0,000288
попросту 4,031286 0,000396
возвышать 5,129899 0,000504
сотворение 5,129899 0,000504
изучаться 5,129899 0,001008
куртки 5,129899 0,001008
специфики 4,436752 0,000436
прыжки 1,019025 0,000300
приёмам 4,436752 0,000872
кто 0,839439 0,000413
открывший 5,129899 0,000504
взятия 3,520461 0,000346
назывались 3,183989 0,000313
самый 1,416327 0,000557
материал 0,825834 0,000081
самым 1,392229 0,000137
выбирать 3,183989 0,000313
anime 4,436752 0,000436
приёмах 4,436752 0,000436
返し技 5,129899 0,000504
боевое 3,338139 0,001312
входят 1,994404 0,000392
сделанном 5,129899 0,000504
боевом 4,436752 0,000436
присуждалась 5,129899 0,001008
азов 4,436752 0,000436
удэ 4,436752 0,001308
ам 4,031286 0,000396
осава 5,129899 0,000504
роль 2,038856 0,000200
stripes 5,129899 0,000504
навигация 0,986764 0,000194
успешной 3,050457 0,000300
сваливает 5,129899 0,000504
борьбе 1,603538 0,001261
борьба 1,002764 0,000690
удп 5,129899 0,000504
навигации 0,986764 0,000097
правила 0,910391 0,000984
тренировок 2,421849 0,001190
римская 3,743604 0,000368
роли 2,296685 0,000451
би 3,183989 0,000626
кансэцу 5,129899 0,001008
занимавшейся 5,129899 0,000504
оценивают 3,743604 0,000368
гимнастику 3,743604 0,000368
борьбу 2,357310 0,000232
официальную 3,050457 0,000600
правило 1,633391 0,000161
романов 3,338139 0,000328
вытеснение 5,129899 0,000504
гуманистическую 5,129899 0,000504
борьбы 2,134166 0,002727
духовному 5,129899 0,000504
гимнастика 1,238078 0,000243
японо 4,436752 0,000436
характер 2,732003 0,000269
hrvatski 1,052361 0,000103
контактных 4,436752 0,000436
сказал 1,762603 0,000173
вд 4,436752 0,000436
роке 1,762603 0,000173
ценить 5,129899 0,000504
association 2,827314 0,000278
полулёгкая 5,129899 0,000504
фазе 3,520461 0,000346
утешительными 5,129899 0,000504
во 0,495170 0,000535
японского 3,520461 0,001038
уже 0,687247 0,000405
традиционные 3,743604 0,000368
скорости 2,421849 0,000238
традиционным 3,520461 0,000346
очередь 2,239527 0,001101
фазу 4,436752 0,000436
вы 0,325878 0,000064
дзюдзюцу 5,129899 0,006555
фазы 4,436752 0,002180
гг 3,183989 0,000939
ги 4,031286 0,000396
разрешённых 3,520461 0,001384
го 1,279751 0,000377
ёсиды 5,129899 0,000504
узи 5,129899 0,000504
техническое 3,183989 0,000313
возвращена 5,129899 0,000504
ёсида 5,129899 0,000504
associated 0,986764 0,000194
чтобы 0,773190 0,000456
некоторой 5,129899 0,000504
open 1,871802 0,000368
оружия 2,827314 0,000556
проведение 2,134166 0,000629
diane 5,129899 0,000504
де 0,955511 0,000376
приводят 4,031286 0,000396
перед 0,839439 0,000413
сайт 0,773190 0,000152
до 0,239550 0,000989
распределяется 3,743604 0,000368
введено 3,338139 0,000984
соревновательного 3,743604 0,000368
японцы 3,338139 0,000328
выступать 1,633391 0,000161
введена 3,183989 0,000313
строится 5,129899 0,000504
очкам 2,644992 0,000260
двух 1,002764 0,000296
посвящена 4,436752 0,000872
клетки 4,031286 0,000396
цитировать 0,986764 0,000097
собственные 2,732003 0,000269
искусств 3,743604 0,002208
духа 4,031286 0,000792
морихэй 5,129899 0,000504
необходимости 2,644992 0,000780
проведения 1,258698 0,001361
числе 1,546380 0,000912
каваиси 5,129899 0,001513
сатоси 5,129899 0,000504
баскетбол 0,773190 0,000152
очках 3,743604 0,000368
датой 3,050457 0,000300
партере 4,031286 0,002774
ситуациях 3,520461 0,000346
запрещённых 2,932674 0,000288
её 1,104547 0,000651
принимают 2,085376 0,000205
вид 1,104547 0,000869
какари 5,129899 0,000504
же 0,925206 0,000455
введены 2,827314 0,000556
укэ 5,129899 0,000504
аспекты 4,436752 0,000872
данной 2,732003 0,000269
данное 3,743604 0,000368
путь 1,834062 0,000541
заносись 5,129899 0,000504
батуте 1,728701 0,000170
создателей 5,129899 0,000504
править 0,986764 0,006207
уязвимых 5,129899 0,000504
скорби 5,129899 0,000504
за 0,125952 0,000347
победил 1,279751 0,000126
жё 1,728701 0,000170
квадратном 5,129899 0,000504
bath 4,436752 0,000872
софтбол 1,695912 0,000167
присваивался 5,129899 0,000504
самурайском 5,129899 0,000504
гражданских 4,031286 0,000396
скручивание 4,436752 0,000436
многими 3,520461 0,000692
содэгарамидзюцу 5,129899 0,000504
пути 2,296685 0,000677
было 0,438551 0,000862
аналогичная 3,338139 0,000328
импульс 5,129899 0,000504
уязвимым 4,436752 0,000436
были 0,799165 0,001335
костюм 4,031286 0,000396
штыкового 5,129899 0,000504
была 0,652562 0,000962
советские 2,732003 0,000269
из 0,106018 0,000594
им 1,198073 0,000118
сансиро 5,129899 0,003025
рода 2,932674 0,000288
августа 1,052361 0,005586
советских 2,827314 0,000834
приёмы 3,183989 0,006572
их 0,799165 0,000550
скрытые 1,122566 0,000110
франкфурта 5,129899 0,000504
восточные 5,129899 0,000504
событиям 4,436752 0,000436
начались 2,932674 0,000288
элиу 5,129899 0,001008
английском 2,732003 0,000269
большого 2,085376 0,000205
чёрного 3,183989 0,000313
техническим 2,564949 0,000504
пересмотрено 5,129899 0,000504
технический 2,421849 0,000952
голландец 3,743604 0,000368
технические 2,421849 0,000714
событиях 3,338139 0,000328
ряде 2,421849 0,000714
skoss 5,129899 0,000504
books 3,183989 0,000939
ряда 2,644992 0,000260
ка 3,743604 0,000368
токийской 4,436752 0,000436
слева 2,564949 0,000252
повлияло 3,743604 0,000368
писателя 4,436752 0,000436
srpski 1,035554 0,000102
кг 2,185460 0,006874
парламента 4,436752 0,000436
очевиден 5,129899 0,001008
ограничивает 4,031286 0,000396
continental 5,129899 0,001008
ко 2,421849 0,000952
является 1,086847 0,000641
нанго 5,129899 0,000504
lingua 3,050457 0,000300
внр 5,129899 0,000504
круглый 4,031286 0,000396
подражают 5,129899 0,000504
транслитерации 5,129899 0,000504
тренировочной 3,743604 0,000368
соперник 2,239527 0,000220
младший 2,932674 0,000577
foundation 0,986764 0,000291
следующих 2,134166 0,000629
кю 4,436752 0,006541
пехоты 5,129899 0,000504
следующим 2,564949 0,000504
балла 2,564949 0,000504
вне 2,038856 0,000601
тренировочном 4,031286 0,000396
следующие 1,834062 0,000901
кэса 5,129899 0,001008
ло 3,743604 0,000368
спортивная 1,159607 0,000228
основателем 3,520461 0,001038
роман 2,085376 0,000205
приёма 3,338139 0,003281
ль 4,436752 0,000436
сити 1,546380 0,000304
ролях 3,520461 0,000346
вниз 2,932674 0,000288
нормальной 5,129899 0,000504
ёсими 5,129899 0,000504
рукой 2,564949 0,000252
доктор 3,338139 0,000328
партнёра 3,183989 0,000313
место 0,597299 0,000352
развития 1,797694 0,000530
побед 1,301257 0,000256
являлся 3,183989 0,000313
судей 1,797694 0,000883
развитию 2,134166 0,000629
современная 2,490841 0,000245
неполужирная 5,129899 0,000504
вольная 4,031286 0,000396
кэндзюцу 4,436752 0,000436
сообщества 3,338139 0,000328
aartial 5,129899 0,000504
дзоку 5,129899 0,000504
на 0,023953 0,000280
каждых 4,436752 0,000436
не 0,099461 0,000420
нужную 3,743604 0,000368
обретение 5,129899 0,000504
html 3,338139 0,000328
ни 1,603538 0,000788
онлайн 0,773190 0,000076
переживали 4,031286 0,000396
но 0,402511 0,001543
обнаружен 4,436752 0,000436
раздел 2,296685 0,000451
ути 5,129899 0,001008
сиро 5,129899 0,000504
категория 1,546380 0,000152
эфире 2,564949 0,000252
обладателем 2,296685 0,000226
уровне 1,695912 0,000167
нэ 5,129899 0,002017
транслитерация 4,436752 0,000436
места 1,198073 0,000236
об 0,217244 0,000021
уровень 2,038856 0,000200
благоденствуя 5,129899 0,000504
продолжительность 2,490841 0,000245
ои 0,812411 0,007107
месте 1,492313 0,000293
развитие 1,633391 0,000803
он 0,534779 0,000210
занятия 3,183989 0,001878
хадзимэ 5,129899 0,000504
умереть 4,436752 0,000436
категорий 3,183989 0,001252
категории 0,986764 0,001358
от 0,160085 0,000425
собственно 2,932674 0,000288
пула 5,129899 0,000504
названием 1,871802 0,000552
официальный 1,104547 0,000109
панамериканский 3,743604 0,000368
развили 5,129899 0,000504
недоступная 2,357310 0,000232
принципов 3,050457 0,000600
柔 5,129899 0,001513
все 0,125952 0,000037
уровня 1,994404 0,001372
жёсткость 4,436752 0,000436
уровню 3,183989 0,000313
технических 2,644992 0,001300
по 0,073653 0,000804
сведения 0,812411 0,000319
увлекаются 5,129899 0,000504
принципом 5,129899 0,000504
промежутка 4,436752 0,000436
command 5,129899 0,000504
неправильная 5,129899 0,000504
повышения 2,644992 0,000260
ра 3,520461 0,000346
тантодзюцу 5,129899 0,000504
всё 1,159607 0,000114
академическая 1,574551 0,000155
видом 1,871802 0,000552
занятий 2,932674 0,002306
сообщество 0,986764 0,000097
занятие 4,031286 0,000396
видов 1,392229 0,000547
японскую 4,436752 0,000436
ро 5,129899 0,000504
париж 2,357310 0,001158
копподзюцу 5,129899 0,000504
рф 1,871802 0,000368
факты 2,827314 0,000278
стягивания 5,129899 0,000504
рю 4,031286 0,003566
са 3,743604 0,000368
стал 0,586604 0,000173
указан 1,301257 0,000256
водно 1,762603 0,000173
всеяпонского 5,129899 0,000504
стаж 4,436752 0,000436
владение 3,050457 0,001199
стиля 3,050457 0,001799
стилю 3,520461 0,000346
см 0,955511 0,000094
став 2,296685 0,000226
日本語 1,035554 0,000102
со 0,447767 0,000308
одетая 5,129899 0,000504
декабря 0,881403 0,000173
согласия 3,183989 0,000313
воду 1,492313 0,000147
стили 3,338139 0,000328
утверждённый 4,436752 0,000436
выползания 5,129899 0,000504
неоднократно 2,421849 0,000238
утверждённых 5,129899 0,001008
утверждениями 2,134166 0,000210
嘉納 5,129899 0,000504
дополнительно 2,932674 0,000577
томики 5,129899 0,001008
лично 3,050457 0,000300
атэми 5,129899 0,003530
eesti 1,069456 0,000105
лет 0,475938 0,000187
مصرى 1,546380 0,000152
ноги 2,296685 0,001580
то 0,652562 0,000770
майне 5,129899 0,000504
оказался 2,085376 0,000205
тэ 4,031286 0,000792
предпосылок 5,129899 0,000504
britannica 1,518981 0,000149
необходимых 3,743604 0,000736
субъективным 4,436752 0,000436
уд 5,129899 0,000504
каноэ 1,633391 0,000161
силой 2,932674 0,000577
бомбея 5,129899 0,000504
lëtzebuergesch 1,762603 0,000173
wikipedia 0,986764 0,000194
вест 3,520461 0,000346
теперь 0,971016 0,000095
afrikaans 1,441019 0,000142
sweep 4,031286 0,000396
верхах 5,129899 0,000504
website 3,520461 0,000346
ушу 1,728701 0,000170
eju 5,129899 0,001513
родину 3,338139 0,000328
односторонних 5,129899 0,000504
викиновости 1,238078 0,000122
хлопает 5,129899 0,000504
самообороны 3,743604 0,003680
истлэйк 5,129899 0,000504
имитацию 5,129899 0,000504
второго 1,466337 0,000144
фризский 1,762603 0,000173
книг 4,031286 0,000396
присуждаю 5,129899 0,000504
терминология 3,338139 0,000328
official 2,932674 0,000577
отработка 4,436752 0,000436
терминологии 4,031286 0,000396
присуждал 5,129899 0,000504
incorporated 5,129899 0,000504
изменение 2,932674 0,000288
субаку 5,129899 0,000504
отработки 4,436752 0,000872
будоквай 5,129899 0,001008
международного 1,911023 0,000564
однако 1,069456 0,000105
технического 2,932674 0,001153
победу 0,910391 0,000358
травмоопасные 5,129899 0,000504
людьми 4,031286 0,000396
исчисления 5,129899 0,000504
canada 3,520461 0,000346
проектах 0,986764 0,000194
ударной 4,031286 0,000792
победы 0,971016 0,000191
начинали 4,031286 0,000396
отказ 0,910391 0,000268
việt 1,140915 0,000112
сохранением 0,986764 0,000097
дзюдо 1,466337 0,041941
стилей 3,338139 0,000984
моротэ 5,129899 0,000504
стороны 1,546380 0,000152
узлы 5,129899 0,000504
наказанием 4,031286 0,000396
сторону 2,085376 0,000205
полностью 1,546380 0,000152
прошли 1,762603 0,000173
vol 2,932674 0,000288
ставшим 4,436752 0,000436
medal 4,031286 0,000396
часть 1,441019 0,000850
ставшие 2,827314 0,000278
привлекло 4,031286 0,000396
свобода 3,338139 0,000328
участвовали 2,421849 0,000476
нему 2,564949 0,000252
техникой 3,743604 0,000368
часто 1,574551 0,000155
nishime 5,129899 0,000504
вена 4,031286 0,000792
части 1,664163 0,000327
изнутри 4,436752 0,000436
советскими 4,436752 0,000436
изменения 1,728701 0,000850
специально 2,185460 0,000215
способность 4,031286 0,000396
заменить 1,951845 0,000192
равновесия 4,436752 0,002180
education 5,129899 0,000504
взрослых 3,050457 0,000899
помешала 4,436752 0,000436
удушающих 4,436752 0,000436
следствие 3,520461 0,000346
российское 2,932674 0,000288
годичном 5,129899 0,000504
членов 2,644992 0,000260
букв 3,743604 0,004415
самбо 1,994404 0,003921
через 0,971016 0,000954
вып 3,743604 0,004415
российской 1,178655 0,000348
передвижения 3,338139 0,000328
гёкутэдзюцу 5,129899 0,000504
lietuvių 1,140915 0,000112
соблюдения 4,031286 0,000792
членом 3,183989 0,000939
лозанна 4,031286 0,000396
kurt 5,129899 0,000504
самбисты 5,129899 0,001008
борцов 4,436752 0,001308
официально 1,159607 0,000114
демонстрировались 4,436752 0,000436
द 1,546380 0,000152
урал 2,134166 0,000420
न 1,518981 0,000448
команда 0,663991 0,000261
парах 3,183989 0,001252
neil 5,129899 0,002521
प 1,911023 0,000376
भ 2,239527 0,000220
лос 1,518981 0,000299
хиросэ 5,129899 0,000504
команде 1,258698 0,000124
открыта 3,520461 0,000346
toki 3,338139 0,000328
ल 1,911023 0,000376
переименованы 5,129899 0,000504
пугайся 5,129899 0,000504
единых 3,743604 0,000368
ष 2,296685 0,000226
ह 1,546380 0,000152
команду 1,217876 0,000120
века 1,441019 0,000283
травмоопасных 4,436752 0,000436
удушение 5,129899 0,001008
кубковые 4,031286 0,000396
портал 1,518981 0,000299
иероглиф 5,129899 0,000504
скелетон 1,258698 0,000124
разыграно 3,743604 0,000368
ремейков 5,129899 0,000504
парисян 5,129899 0,000504
television 3,743604 0,000368
удушения 4,436752 0,000872
judoka 5,129899 0,001008
бокса 2,827314 0,000556
самбиста 5,129899 0,000504
способам 4,031286 0,000396
использовалось 3,743604 0,000736
опасное 4,436752 0,000436
сковывающих 5,129899 0,000504
наивысшего 4,031286 0,000396
шорт 1,086847 0,000214
твёрдая 5,129899 0,000504
выбран 3,183989 0,000313
европейские 2,038856 0,000200
противнику 3,183989 0,000939
精力善用国民体育の形 5,129899 0,000504
yawara 5,129899 0,001008
дзюдоистами 5,129899 0,002521
изменила 3,338139 0,000328
левицкий 5,129899 0,000504
sanshiro 5,129899 0,000504
горнолыжный 1,301257 0,000128
точно 1,911023 0,000188
pages 0,986764 0,000097
ухода 2,421849 0,000238
手技 5,129899 0,000504
мерах 5,129899 0,000504
тренировки 1,546380 0,000456
net 2,421849 0,000476
быстрый 2,732003 0,000269
new 2,038856 0,000601
разделяет 3,520461 0,000346
тренировка 2,732003 0,000806
красный 2,357310 0,000695
теоретические 4,436752 0,000872
значит 2,644992 0,000260
самоконтроля 5,129899 0,001008
всего 0,812411 0,000319
ব 1,416327 0,000139
членами 2,827314 0,000278
полуфиналистов 4,436752 0,000436
য 2,644992 0,000260
гандбол 1,178655 0,000348
ল 1,416327 0,000139
общие 2,827314 0,000834
кэйкоги 5,129899 0,001513
хейн 5,129899 0,000504
svenska 1,035554 0,000102
моторный 1,762603 0,000173
ссср 0,940244 0,001294
доступен 0,971016 0,000095
комментариями 4,436752 0,000436
будо 1,762603 0,003118
тацуо 5,129899 0,000504
великой 2,827314 0,000278
iosd 5,129899 0,000504
назначаются 3,520461 0,000346
утверждены 2,932674 0,000288
ёсиаки 5,129899 0,000504
яп 4,031286 0,018227
shioda 5,129899 0,000504
профессиональных 2,357310 0,000232
состоялись 2,564949 0,000252
полутяжёлая 5,129899 0,001513
древними 5,129899 0,000504
общем 3,338139 0,000328
представителями 3,338139 0,000328
французский 1,392229 0,000137
interlingua 1,603538 0,000158
сасуматадзюцу 5,129899 0,000504
примечания 1,002764 0,000197
где 0,675551 0,000133
выдающегося 3,743604 0,000368
гдр 2,038856 0,000200
противника 2,490841 0,002203
противнике 5,129899 0,000504
силах 4,436752 0,000436
ohlenkamp 5,129899 0,002521
одноруких 5,129899 0,000504
точки 2,421849 0,000238
удушающие 4,436752 0,002617
европейский 2,357310 0,000927
быть 0,773190 0,000228
получали 3,183989 0,000313
позволяют 3,183989 0,000313
борьбой 4,436752 0,000872
nndb 5,129899 0,000504
немедленному 5,129899 0,000504
чистой 4,031286 0,000396
skills 5,129899 0,000504
пойнте 5,129899 0,000504
сумай 5,129899 0,000504
воспитания 3,050457 0,001199
публикует 3,743604 0,000368
мобильная 0,608110 0,000060
вадза 5,129899 0,031261
ਜ 1,664163 0,000164
неизвестно 3,743604 0,000368
получало 5,129899 0,000504
протяжении 1,951845 0,000192
suomi 1,052361 0,000103
стало 1,217876 0,000479
ਪ 1,664163 0,000164
ਬ 1,664163 0,000164
многократный 3,743604 0,000368
боевого 3,520461 0,000346
ставятся 4,436752 0,000436
хакуси 5,129899 0,000504
стала 0,881403 0,000173
стали 0,971016 0,000382
аттестационную 5,129899 0,000504
nkc 1,574551 0,000155
students 5,129899 0,000504
стоя 2,932674 0,001441
методический 5,129899 0,006051
впервые 0,839439 0,000578
oʻzbekcha 1,140915 0,000112
disabled 4,436752 0,000436
latviešu 1,052361 0,000103
философия 3,183989 0,000313
российский 1,086847 0,000107
человека 3,050457 0,000300
black 3,520461 0,002422
тяжеловеса 5,129899 0,000504
философии 5,129899 0,000504
италией 4,031286 0,000396
шеста 5,129899 0,000504
прошёл 1,574551 0,000155
назначению 4,031286 0,000396
jawa 1,911023 0,000188
назначения 3,183989 0,000313
classic 4,436752 0,000436
генри 3,743604 0,000368
требование 3,520461 0,000346
булгаков 4,031286 0,000396
требований 3,743604 0,000368
спортивного 1,574551 0,000464
技あり 5,129899 0,000504
спиной 3,050457 0,000600
наказания 3,338139 0,000656
цунэо 5,129899 0,001008
знак 0,986764 0,000097
research 5,129899 0,000504
мюнхен 2,932674 0,000288
разработаны 3,183989 0,000313
болевые 4,436752 0,004361
знай 5,129899 0,000504
ગ 3,338139 0,000328
разделяются 3,183989 0,000939
тактика 2,732003 0,000269
скептически 4,436752 0,000436
болевых 4,436752 0,000872
поражения 1,834062 0,000180
раскачиванием 5,129899 0,000504
ત 3,338139 0,000328
итоге 1,797694 0,000177
наказаний 4,031286 0,000792
умирали 5,129899 0,000504
равном 3,183989 0,000313
гати 5,129899 0,001008
наказание 2,932674 0,001153
медиафайлы 1,217876 0,000239
отправился 3,183989 0,000313
уровнем 3,050457 0,000300
рандори 5,129899 0,004538
уровней 4,436752 0,000872
верхом 5,129899 0,000504
короткий 0,971016 0,000095
духовные 4,031286 0,000396
остальные 2,239527 0,000220
bernard 5,129899 0,000504
blind 4,436752 0,000436
томиты 5,129899 0,001008
classes 4,436752 0,000436
чемпионата 0,735450 0,000072
упразднена 3,520461 0,000346
поражение 1,546380 0,000152
固技 5,129899 0,000504
чемпионате 1,178655 0,000695
после 0,317714 0,000312
положении 2,732003 0,000269
получает 2,038856 0,000200
способствуют 4,031286 0,001189
положение 1,797694 0,000707
кадзухиро 5,129899 0,000504
отечественного 2,564949 0,000252
news 2,185460 0,000215
чемпионаты 1,574551 0,000464
judopedia 5,129899 0,000504
набранных 2,564949 0,000252
разработана 3,338139 0,000328
травматизм 4,031286 0,001189
sambo 4,436752 0,000436
way 4,436752 0,000436
способных 4,436752 0,000436
языках 0,986764 0,000291
лыжах 1,178655 0,000116
разработано 4,436752 0,000436
положению 4,031286 0,000396
положения 2,357310 0,001158
оценивалась 5,129899 0,000504
лондоне 2,357310 0,000463
руководством 2,134166 0,000420
визуальному 5,129899 0,000504
issues 4,436752 0,000436
захватов 4,436752 0,002180
получить 0,747872 0,000074
опасных 4,031286 0,000792
спортивному 3,050457 0,000300
ударная 3,743604 0,000368
захватом 5,129899 0,001513
государственный 4,031286 0,000396
сделать 1,695912 0,000333
фрг 2,564949 0,000252
катамэ 5,129899 0,004538
отредактирована 0,986764 0,000097
melayu 1,368699 0,000135
изучались 5,129899 0,000504
italiano 1,035554 0,000102
год 0,687247 0,000338
足技 5,129899 0,000504
оценённые 5,129899 0,000504
стимулируют 4,436752 0,000436
томиту 5,129899 0,000504
соображениям 4,031286 0,000792
контракт 1,518981 0,000149
широкое 3,520461 0,000692
joshi 5,129899 0,000504
мая 1,104547 0,000543
кихон 5,129899 0,001008
jbbf 5,129899 0,001008
commons 0,986764 0,000097
началом 1,834062 0,000180
пределы 2,564949 0,000504
web 1,279751 0,000252
намаэ 5,129899 0,000504
антона 3,743604 0,000736
классическая 4,031286 0,000396
учётную 0,986764 0,000097
самой 1,574551 0,000619
отмечал 4,031286 0,000396
ограничениями 4,436752 0,000436
вещи 3,743604 0,000368
битва 3,050457 0,000600
видеокамерами 5,129899 0,000504
сохранялась 5,129899 0,000504
гатамэ 5,129899 0,001513
organization 4,436752 0,000872
рукопожатия 5,129899 0,000504
гений 4,436752 0,001744
предела 4,031286 0,000396
квадрата 4,031286 0,000396
очередные 4,031286 0,000396
сделаны 3,743604 0,000368
гакэ 5,129899 0,000504
feg 5,129899 0,001008
широкий 4,031286 0,000396
стойкам 5,129899 0,000504
союза 1,797694 0,000353
рамках 1,518981 0,000149
которая 1,052361 0,000310
проще 3,183989 0,000313
кудзи 5,129899 0,000504
сеуле 3,050457 0,000300
survival 5,129899 0,000504
едином 5,129899 0,000504
чистая 3,743604 0,000736
раннем 4,436752 0,000436
bân 1,762603 0,000173
igor 5,129899 0,000504
российская 0,799165 0,000079
ழ 1,492313 0,000147
либо 1,140915 0,000673
who 4,031286 0,000396
более 0,853233 0,001006
участившимися 5,129899 0,000504
поиск 0,735450 0,000072
госиндзюцу 5,129899 0,002521
исторический 2,644992 0,000260
why 3,743604 0,000368
борцами 4,436752 0,000436
альберта 3,743604 0,000368
oldid 0,986764 0,000097
кюдзо 5,129899 0,000504
исторических 3,338139 0,000328
цукури 5,129899 0,001008
опасные 3,743604 0,000368
развитием 3,520461 0,000692
masahiko 5,129899 0,000504
ощепковым 5,129899 0,000504
трамплина 1,159607 0,000114
переводом 4,031286 0,000396
иванова 3,743604 0,000368
приняты 3,520461 0,000346
босиком 4,436752 0,000436
стилях 4,436752 0,000436
ayisyen 2,490841 0,000245
решающих 4,436752 0,000436
узел 4,436752 0,001308
принято 1,871802 0,000184
català 1,086847 0,000107
служащее 5,129899 0,000504
дальнейшем 2,357310 0,000232
горбылёв 5,129899 0,005042
новый 0,940244 0,000185
効果 5,129899 0,000504
новые 0,747872 0,000221
рэнси 5,129899 0,000504
чемпионатах 1,574551 0,000619
గ 2,038856 0,000200
rank 5,129899 0,000504
заняв 2,827314 0,000278
побеждал 3,743604 0,000368
сбоку 4,436752 0,000436
просмотры 0,986764 0,000097
проведён 2,038856 0,000401
فارسی 1,104547 0,000109
рангов 5,129899 0,000504
త 2,038856 0,000200
живот 3,743604 0,000368
степенями 5,129899 0,000504
an 2,644992 0,000260
готовность 4,031286 0,000396
as 2,564949 0,000252
ల 2,038856 0,000200
открытых 3,338139 0,000328
at 2,732003 0,000537
дополнительных 2,564949 0,000504
бросает 4,031286 0,001189
определённых 3,050457 0,000300
определяется 2,038856 0,000401
сиднее 2,827314 0,000278
jigoro 5,129899 0,002521
leslie 5,129899 0,000504
знакомства 5,129899 0,000504
дополнительные 0,986764 0,000097
кланяются 5,129899 0,001008
заглавная 0,986764 0,000097
основных 2,357310 0,000232
systems 4,436752 0,000436
by 0,971016 0,000382
практику 3,743604 0,000368
большую 2,239527 0,000440
дружбы 3,743604 0,000368
верховая 5,129899 0,000504
cc 0,986764 0,000097
cd 5,129899 0,000504
usja 5,129899 0,001008
метров 1,762603 0,000520
единственным 2,239527 0,000440
бывший 1,762603 0,000173
shqip 1,466337 0,000144
usji 5,129899 0,000504
хосе 3,338139 0,000328
usjf 5,129899 0,001008
говоря 4,436752 0,000436
исполняла 5,129899 0,000504
практике 3,050457 0,000600
поединка 2,827314 0,000556
коку 5,129899 0,000504
ct 5,129899 0,000504
ресурсы 1,104547 0,000109
новым 1,664163 0,000164
прототип 4,436752 0,000436
interview 5,129899 0,000504
essential 5,129899 0,001008
dc 4,436752 0,000436
پنجابی 2,239527 0,000220
кока 4,436752 0,001308
состоит 1,546380 0,000304
викиданных 0,986764 0,000097
исполнительницы 5,129899 0,000504
вычисляемый 5,129899 0,000504
подходящего 5,129899 0,000504
полицейского 4,436752 0,000436
возрождение 3,183989 0,000313
проходили 2,085376 0,000205
乱取り 5,129899 0,000504
бдительности 5,129899 0,000504
своего 1,368699 0,000135
justin 5,129899 0,000504
usjudo 5,129899 0,000504
отсутствия 2,421849 0,000238
основные 2,134166 0,000210
отсутствие 2,038856 0,000401
олимпийские 0,895792 0,000352
счету 2,357310 0,000232
существующую 5,129899 0,000504
хотя 1,546380 0,000304
作り 5,129899 0,000504
нагинатадзюцу 4,436752 0,000436
олимпийским 1,492313 0,000587
confrontation 5,129899 0,000504
олимпийский 0,853233 0,000252
представленное 5,129899 0,000504
следствием 4,031286 0,000396
fc 2,085376 0,000205
относится 2,932674 0,000288
разнообразием 5,129899 0,000504
командные 1,797694 0,000353
for 2,239527 0,000880
этапе 1,633391 0,000161
летнюю 3,183989 0,000313
fu 5,129899 0,000504
отобранные 3,743604 0,000368
олимпийских 0,799165 0,001335
поиску 0,971016 0,000095
такого 2,134166 0,000210
有効 5,129899 0,000504
лишь 1,159607 0,000228
мог 1,762603 0,000346
gi 5,129899 0,000504
основы 3,338139 0,001641
gl 5,129899 0,000504
гесинк 5,129899 0,000504
мок 1,574551 0,000155
еганов 5,129899 0,000504
впрочем 2,732003 0,000269
основу 2,932674 0,000865
wrl 5,129899 0,000504
устойчивого 5,129899 0,000504
академии 2,490841 0,000245
obi 5,129899 0,000504
основе 1,466337 0,000865
wrestling 4,436752 0,000872
козырей 5,129899 0,000504
hl 5,129899 0,000504
оценивались 4,436752 0,002180
подразделяются 4,436752 0,000872
травматизма 3,520461 0,000346
турнирами 4,031286 0,000396
гесинка 5,129899 0,001008
роттердам 4,436752 0,000436
голденскора 5,129899 0,000504
суперлёгкая 5,129899 0,000504
подхват 5,129899 0,000504
fra 5,129899 0,001008
айкидо 5,129899 0,001513
https 0,699082 0,000137
fractures 5,129899 0,000504
братья 2,932674 0,000288
методам 5,129899 0,000504
моё 2,932674 0,000288
мехико 2,932674 0,000288
ii 2,239527 0,000660
сравнению 2,732003 0,000269
леваллуа 5,129899 0,000504
результат 1,416327 0,000418
in 1,911023 0,000564
index 0,986764 0,000097
большой 1,069456 0,000315
is 2,932674 0,000288
эта 0,867219 0,000170
избранным 5,129899 0,000504
дай 4,436752 0,000872
предупреждений 4,436752 0,000872
дал 2,239527 0,000220
пассивность 4,436752 0,000436
traditional 4,436752 0,000436
избранные 0,971016 0,000095
ള 1,695912 0,000167
پښتو 2,732003 0,000269
которой 1,238078 0,000122
северной 2,185460 0,000215
ирон 2,827314 0,000278
котором 1,217876 0,000359
включённых 4,436752 0,000436
преподававший 5,129899 0,000504
затяни 5,129899 0,000504
смены 2,732003 0,000269
производные 5,129899 0,000504
разновидность 3,183989 0,000313
критерием 3,743604 0,000368
возможно 1,664163 0,000164
смерти 2,239527 0,000440
дан 4,031286 0,003962
эти 1,323236 0,000520
предупреждения 4,436752 0,000436
категориям 4,031286 0,000396
это 0,277868 0,000109
обработка 2,827314 0,000278
которого 1,345709 0,000397
сбрасывание 5,129899 0,000504
эту 1,492313 0,000293
инокума 5,129899 0,000504
aragonés 1,762603 0,000173
два 0,760451 0,000598
блокируют 5,129899 0,000504
кругу 3,338139 0,000328
категориях 3,183989 0,000313
юити 5,129899 0,000504
gí 1,762603 0,000173
две 1,019025 0,000100
езда 4,436752 0,000436
новую 1,664163 0,000327
прежней 3,743604 0,000368
общеобразовательных 4,436752 0,000872
стойкой 4,436752 0,000436
изменениями 3,338139 0,000328
чтении 5,129899 0,000504
отличие 1,834062 0,000901
потому 2,085376 0,000205
личности 3,743604 0,000368
мечом 3,743604 0,000368
қазақша 1,178655 0,000116
рангам 5,129899 0,000504
наполнил 5,129899 0,000504
юсей 5,129899 0,001008
носили 3,183989 0,000313
www 1,392229 0,000547
отличия 3,743604 0,001840
минимум 2,239527 0,000440
основного 2,185460 0,000430
ножницы 5,129899 0,000504
новой 1,574551 0,000155
contest 4,436752 0,000436
присуждается 3,050457 0,000899
земле 3,050457 0,000300
выбором 4,031286 0,000396
арбитрами 4,436752 0,000436
партнёром 3,338139 0,000328
my 4,031286 0,000396
партнёров 2,932674 0,000577
архивированная 3,520461 0,001384
гэйко 5,129899 0,000504
subcommittee 5,129899 0,000504
nd 4,031286 0,000396
занимался 3,743604 0,000368
nl 5,129899 0,000504
занимается 2,732003 0,000537
no 1,911023 0,001127
олимпийская 1,911023 0,000188
лист 3,050457 0,000300
мотивации 4,436752 0,000436
ස 1,834062 0,000180
практически 1,664163 0,000327
хансоку 5,129899 0,003025
разгибанием 5,129899 0,000504
mixed 3,520461 0,000346
мягкий 4,031286 0,000792
дополнительное 2,239527 0,000220
kodokan 5,129899 0,003025
поскольку 1,728701 0,000680
бестселлер 5,129899 0,000504
проигравшим 4,436752 0,000436
соревнования 0,663991 0,001697
дзиттэдзюцу 4,436752 0,000436
of 1,695912 0,003501
deutsch 1,052361 0,000103
повседневной 4,436752 0,000436
марта 0,881403 0,001299
сёгусоку 5,129899 0,000504
on 2,239527 0,000220
большим 2,085376 0,000205
or 3,338139 0,000328
больший 3,743604 0,000736
sports 1,301257 0,000640
генеральной 4,436752 0,000436
дальнейшим 5,129899 0,000504
большие 2,644992 0,000260
актрисы 5,129899 0,000504
поединок 2,564949 0,000252
хидэхико 5,129899 0,000504
распространение 2,644992 0,000780
окончился 4,436752 0,000436
пропагандировал 5,129899 0,000504
friction 5,129899 0,000504
гонконге 4,436752 0,000436
чемпионатов 1,416327 0,000278
ph 1,762603 0,000173
соревнований 0,881403 0,002339
результатов 1,951845 0,000192
успешно 1,911023 0,000564
молодёжи 3,050457 0,000300
преступников 5,129899 0,000504
большей 2,932674 0,000288
френсиса 5,129899 0,000504
продолжение 3,050457 0,000300
большее 2,932674 0,000865
страной 4,031286 0,000396
целям 5,129899 0,000504
присвоена 5,129899 0,000504
сантаной 5,129899 0,000504
выдающимися 3,743604 0,000368
續姿三四郎 5,129899 0,000504
страница 0,940244 0,000185
формальные 4,436752 0,000436
странице 0,971016 0,000095
gracie 4,436752 0,000436
qr 0,986764 0,000097
цветов 2,932674 0,001153
делается 3,183989 0,000626
онашвили 5,129899 0,000504
страницу 0,971016 0,000095
мастера 3,183989 0,000939
вальдемаром 5,129899 0,000504
санный 1,301257 0,000128
принял 1,664163 0,000164
страницы 0,971016 0,000286
исии 5,129899 0,000504
зимние 1,159607 0,000114
teachings 5,129899 0,000504
фристайл 1,279751 0,000126
дзю 5,129899 0,005546
применении 3,743604 0,000368
существующие 4,031286 0,000396
женские 2,490841 0,000245
женщин 1,368699 0,000538
пресс 1,086847 0,000320
применения 2,357310 0,000232
ru 0,285712 0,000140
применению 5,129899 0,001008
организовать 2,932674 0,000577
strikeforce 4,436752 0,000436
визуальных 5,129899 0,000504
нерабочими 2,644992 0,000260
sa 0,986764 0,000097
nynorsk 1,546380 0,000152
sh 1,797694 0,000177
того 0,955511 0,000282
origins 3,743604 0,000368
ногой 2,732003 0,000269
lecture 5,129899 0,001008
своё 1,664163 0,000164
служит 4,436752 0,000872
настроенных 5,129899 0,000504
свою 1,217876 0,000479
мастерс 3,743604 0,000736
sr 5,129899 0,000504
st 3,183989 0,000313
разрешёнными 4,031286 0,000396
español 1,019025 0,000100
конце 1,518981 0,000299
турниры 0,895792 0,000176
fights 4,436752 0,000436
литература 1,695912 0,000333
существенно 2,932674 0,000288
конца 1,546380 0,000304
литературе 3,520461 0,001038
фунтов 3,183989 0,000939
целях 2,732003 0,000269
bosanski 1,345709 0,000132
активное 3,743604 0,000368
тайсабаки 5,129899 0,000504
свой 1,217876 0,000239
свои 1,238078 0,000243
th 2,185460 0,000430
基本 5,129899 0,000504
to 2,038856 0,001202
персональные 0,971016 0,000095
третьем 1,951845 0,000384
country 4,031286 0,000396
морского 5,129899 0,000504
висбадена 5,129899 0,000504
tv 2,564949 0,000252
excellence 5,129899 0,000504
большая 1,069456 0,000526
смертельная 5,129899 0,001008
rules 2,490841 0,000979
положена 5,129899 0,000504
полезный 4,436752 0,000436
точек 4,031286 0,000396
турнире 1,198073 0,000118
родоначальное 4,436752 0,000436
круговой 3,743604 0,000368
срывы 5,129899 0,000504
us 2,038856 0,000601
инвалидов 3,520461 0,000346
combatives 5,129899 0,000504
воинским 4,436752 0,000436
китайской 4,031286 0,000396
norsk 1,052361 0,000207
воинские 5,129899 0,005546
разделов 5,129899 0,000504
которому 2,134166 0,000839
воздействием 5,129899 0,000504
гамильтон 5,129899 0,000504
для 0,146292 0,000935
флаг 1,279751 0,000126
муром 5,129899 0,000504
воинских 5,129899 0,000504
грэйси 5,129899 0,001008
соревновались 2,827314 0,000278
орудий 5,129899 0,000504
polski 1,035554 0,000102
выступлениях 3,338139 0,000328
клубами 2,644992 0,000260
контрприёмов 5,129899 0,000504
составляющей 3,743604 0,000368
иерархии 4,436752 0,000436
журнале 3,520461 0,000346
укэми 5,129899 0,000504
сумо 4,031286 0,000792
ходе 2,085376 0,000615
дом 2,239527 0,000660
org 0,986764 0,000291
формальных 4,436752 0,000436
шестаков 4,436752 0,000436
сумиюки 5,129899 0,000504
айки 5,129899 0,000504
эссене 5,129899 0,000504
женской 2,134166 0,000210
вызвано 3,743604 0,000368
корейской 2,239527 0,000220
xx 1,546380 0,000152
腰技 5,129899 0,000504
победителей 2,085376 0,000205
соревнованиями 2,357310 0,000232
gokyo 5,129899 0,000504
применяемых 5,129899 0,000504
competition 3,743604 0,001104
кислорода 4,031286 0,000396
возглавленное 5,129899 0,000504
суперкубок 2,296685 0,000226
каскадера 5,129899 0,000504
над 0,986764 0,000097
занятиям 4,436752 0,000436
дней 1,416327 0,000278
комплексе 4,436752 0,000436
ташкент 3,520461 0,000346
участников 1,159607 0,000798
продолжают 2,644992 0,000260
дорожные 5,129899 0,000504
родоначальник 4,436752 0,000436
третьих 3,183989 0,000313
изучавших 5,129899 0,000504
комплекта 3,338139 0,000328
рассматривавшееся 5,129899 0,000504
комплексы 3,743604 0,000368
предложения 3,520461 0,000346
предложению 3,183989 0,000313
тела 2,134166 0,000420
практиковавшиеся 5,129899 0,000504
теодора 5,129899 0,000504
вперёд 2,085376 0,000205
решением 2,932674 0,000288
искусстве 3,338139 0,000656
начинались 4,436752 0,000436
ག 2,564949 0,000252
имевших 3,743604 0,000368
которые 0,760451 0,000523
который 0,799165 0,000157
конькобежный 1,238078 0,000122
искусство 2,732003 0,001611
ད 2,564949 0,000252
которым 1,518981 0,000299
начатых 5,129899 0,000504
служат 3,520461 0,001038
кодокане 5,129899 0,002017
བ 2,564949 0,000252
которых 1,052361 0,000621
course 3,520461 0,000692
победа 1,238078 0,000365
искусства 3,050457 0,005097
кодокана 5,129899 0,000504
ཡ 2,564949 0,000252
увеличено 3,050457 0,000300
thom 5,129899 0,000504
олимпийской 1,911023 0,000751
присуждаются 3,183989 0,000313
случае 1,441019 0,001133
нда 5,129899 0,000504
воинской 5,129899 0,000504
投の形 5,129899 0,000504
америке 2,564949 0,000252
разыгранных 4,436752 0,000436
self 5,129899 0,000504
несколько 1,069456 0,000210
стартов 3,050457 0,000300
никакой 3,520461 0,000346
дух 3,520461 0,000346
иппону 5,129899 0,000504
накамура 5,129899 0,000504
наименее 3,743604 0,000368
рахлин 5,129899 0,000504
publishers 3,743604 0,000736
кюдзюцу 5,129899 0,000504
другого 2,644992 0,000260
лицом 2,932674 0,000288
development 3,743604 0,001472
xix 1,834062 0,000180
уральский 3,743604 0,000368
коси 5,129899 0,002017
апреля 1,052361 0,000621
каэси 5,129899 0,000504
ветеранов 2,490841 0,000245
неё 1,797694 0,000177
корю 5,129899 0,000504
количество 1,217876 0,000599
международная 1,301257 0,000640
практикующих 5,129899 0,000504
нем 2,085376 0,000205
обездвиживания 5,129899 0,000504
techniques 5,129899 0,001513
кириллица 5,129899 0,000504
обдумывай 5,129899 0,000504
нет 0,825834 0,000081
мужчины 1,019025 0,000300
количестве 2,827314 0,000278
полымя 5,129899 0,000504
голденскор 5,129899 0,000504
внутреннюю 4,436752 0,000436
маита 5,129899 0,000504
монгол 1,518981 0,000149
публикуется 4,436752 0,000436
объединяю 5,129899 0,000504
arpetan 3,520461 0,000346
хибари 5,129899 0,000504
необходимой 4,436752 0,000436
кыргызча 2,085376 0,000205
неотделима 5,129899 0,000504
никак 3,338139 0,000328
юко 5,129899 0,001513
называемым 4,031286 0,000396
день 0,760451 0,000075
называемые 3,050457 0,000300
последовало 3,743604 0,000368
составлен 4,436752 0,000436
န 2,134166 0,000210
играх 0,699082 0,000275
целом 1,994404 0,000392
ไทย 1,238078 0,000122
ဘ 2,134166 0,000210
မ 2,134166 0,000420
них 1,178655 0,000348
tatarça 1,392229 0,000137
лежащих 5,129899 0,000504
играм 2,421849 0,000238
သ 2,134166 0,000210
старинных 4,031286 0,000396
nova 2,932674 0,000288
вынесения 4,031286 0,000396
заявление 0,867219 0,000085
создана 1,834062 0,000721
десятилетия 2,644992 0,000260
соответствовать 3,520461 0,000346
новшество 4,436752 0,000436
rondarousey 5,129899 0,000504
захваты 3,743604 0,000736
присутствуют 3,743604 0,000368
училища 4,436752 0,000436
процессе 2,732003 0,000537
индия 3,183989 0,000313
slovenčina 1,069456 0,000105
gnd 1,392229 0,000137
процесса 2,932674 0,000288
сугавара 5,129899 0,000504
деле 2,421849 0,000714
царской 5,129899 0,000504
секреты 4,436752 0,000436
union 3,183989 0,000939
постижения 5,129899 0,000504
национальной 2,085376 0,000205
дела 2,644992 0,000260
горбылёва 5,129899 0,001008
ощепков 5,129899 0,000504
сутэми 5,129899 0,002521
ronda 5,129899 0,001008
мастерства 3,743604 0,001472
отменена 3,520461 0,000692
противодействия 5,129899 0,000504
критериям 3,183989 0,000313
сборную 1,633391 0,000161
одноимённый 4,031286 0,000792
коричневый 4,436752 0,001308
спорту 2,038856 0,000200
harmony 5,129899 0,000504
реанимации 5,129899 0,000504
степени 2,732003 0,000806
риме 2,644992 0,000260
степень 4,031286 0,000396
почтовая 2,421849 0,000476
использующие 1,633391 0,000161
начаты 5,129899 0,000504
единоборств 3,338139 0,000984
легли 4,436752 0,000436
ног 2,644992 0,000260
european 3,050457 0,000899
захвата 4,031286 0,000792
существу 4,436752 0,000436
list 3,743604 0,001104
спорта 0,342407 0,000639
ружья 5,129899 0,000504
каталогах 1,323236 0,000130
объясняющий 5,129899 0,000504
усилиями 4,031286 0,000792
деятельный 5,129899 0,000504
описания 4,436752 0,000436
здоровья 2,421849 0,000476
выступил 2,490841 0,000245
young 5,129899 0,000504
редакцией 2,490841 0,000490
тори 5,129899 0,000504
значительные 3,050457 0,000300
контролировать 2,932674 0,000288
гонки 1,002764 0,000197
минуты 1,871802 0,000184
систем 3,743604 0,000736
необходимыми 5,129899 0,001008
аудиостатей 5,129899 0,000504
evolution 3,743604 0,000368
навадзюцу 5,129899 0,000504
portrait 5,129899 0,000504
издательский 3,520461 0,001038
являлась 3,520461 0,000346
архив 1,258698 0,000124
avañe 2,732003 0,000269
with 2,827314 0,000556
сгибанием 5,129899 0,000504
pdf 0,940244 0,000370
фиксацию 4,436752 0,000436
включают 2,732003 0,000269
личные 3,050457 0,000300
арабаджиев 5,129899 0,001008
описание 0,986764 0,000097
описании 5,129899 0,000504
таковых 4,436752 0,000436
magazine 3,520461 0,000692
групп 2,296685 0,000677
комитета 2,085376 0,000205
причинами 4,436752 0,000436
american 3,050457 0,000600
суммирования 5,129899 0,000504
меньшим 3,743604 0,000368
грудной 5,129899 0,000504
russia 3,050457 0,000300
ученики 4,031286 0,001189
таковое 5,129899 0,000504
стопы 3,183989 0,000313
подмывало 5,129899 0,000504
одиночку 3,743604 0,000368
quantico 5,129899 0,000504
ученика 4,031286 0,000792
федеральное 2,827314 0,000278
перекате 5,129899 0,000504
theodore 5,129899 0,000504
назначить 3,743604 0,000368
армии 2,932674 0,000288
эссинк 5,129899 0,000504
текст 0,986764 0,000097
lâm 1,762603 0,000173
солнца 4,436752 0,000436
архивная 1,633391 0,000321
esperanto 1,198073 0,000118
базируется 4,031286 0,000396
тому 1,664163 0,000491
популяризации 3,338139 0,000328
схватках 5,129899 0,000504
чемпиона 1,466337 0,000144
интерес 2,564949 0,000252
бразилии 2,357310 0,000463
организовали 3,183989 0,000313
ограниченная 4,436752 0,000436
мисоры 5,129899 0,000504
присваивал 5,129899 0,000504
кодоканом 5,129899 0,000504
сустав 4,031286 0,000792
западной 2,732003 0,000269
взяты 4,031286 0,000396
практического 4,436752 0,000436
ответственности 0,971016 0,000095
взять 2,239527 0,000220
pacific 3,743604 0,000368
его 0,447767 0,000748
масутэми 5,129899 0,000504
проходившей 4,031286 0,000396
звание 2,185460 0,000215
проходившем 3,743604 0,000368
белого 2,827314 0,001389
рычаг 5,129899 0,001513
xxv 2,827314 0,000278
шидо 5,129899 0,000504
php 0,986764 0,000097
усмотрению 4,436752 0,000436
мисора 5,129899 0,000504
недостойное 5,129899 0,000504
дорога 3,743604 0,000368
пояса 2,827314 0,002223
проходившие 3,743604 0,000368
мастерская 5,129899 0,000504
точкам 5,129899 0,000504
американская 2,421849 0,000238
судьёй 3,183989 0,000313
нихонго 5,129899 0,000504
классического 3,050457 0,000600
называемое 3,743604 0,000736
называемой 4,031286 0,000396
организована 3,183989 0,000313
когда 0,652562 0,001026
дисквалификация 2,732003 0,000269
позицией 3,520461 0,000346
army 4,436752 0,000436
паралимпийских 3,050457 0,000600
проводятся 1,574551 0,001238
царских 5,129899 0,000504
годов 1,301257 0,000640
бесконтактными 5,129899 0,000504
дисквалификации 2,732003 0,000269
обеспечивается 4,031286 0,000396
virginia 5,129899 0,000504
basic 5,129899 0,000504
rising 5,129899 0,000504
состоянии 2,421849 0,000238
паралимпийским 3,743604 0,000368
combat 4,031286 0,001585
судьям 3,183989 0,000626
ходзёдзюцу 5,129899 0,000504
новичков 2,421849 0,000238
другие 0,384967 0,000076
целью 1,797694 0,000530
department 5,129899 0,000504
кимуры 5,129899 0,000504
федерация 1,002764 0,001281
федерацию 3,338139 0,000984
другим 1,762603 0,000173
мировых 2,421849 0,000238
türkmençe 2,185460 0,000215
общества 2,827314 0,000278
других 0,853233 0,001090
значимость 4,031286 0,000396
докладе 5,129899 0,000504
деятеля 4,031286 0,000396
состоянию 1,911023 0,000564
источников 1,518981 0,000448
голову 3,338139 0,000328
четвёрку 4,436752 0,000436
мировые 2,827314 0,000278
заимствования 5,129899 0,000504
символ 3,050457 0,000300
образом 1,546380 0,000456
пятиборье 1,574551 0,000155
изменённым 4,436752 0,000436
влиятельной 5,129899 0,000504
федераций 2,134166 0,000210
федерации 0,663991 0,000522
определение 3,183989 0,000313
шаблоне 3,743604 0,000368
вести 2,421849 0,000238
национальных 1,871802 0,000552
есть 0,812411 0,000399
олма 4,031286 0,000396
мэйдзи 5,129899 0,001008
спорт 0,224624 0,000508
классификации 3,338139 0,000656
линии 1,951845 0,000192
講道館護身術 5,129899 0,000504
национальный 2,644992 0,000780
национальные 1,695912 0,000167
марка 2,038856 0,000401
колесо 4,031286 0,000396
определения 2,421849 0,000714
речью 5,129899 0,000504
содержал 5,129899 0,000504
qaraqalpaqsha 2,038856 0,000200
классификация 3,050457 0,000300
занимающимися 5,129899 0,000504
основном 1,951845 0,000384
известные 2,185460 0,000215
завоевавшая 3,338139 0,000328
известным 2,644992 0,000260
сугата 5,129899 0,002017
кимура 5,129899 0,000504
известный 2,239527 0,000880
français 1,019025 0,000100
выкручивание 5,129899 0,000504
поселился 5,129899 0,000504
alemannisch 2,357310 0,000232
facts 3,743604 0,000368
colors 5,129899 0,001008
marine 5,129899 0,001513
pop 5,129899 0,000504
дзэнъё 5,129899 0,001008
педро 3,743604 0,000368
урасавы 5,129899 0,000504
defense 5,129899 0,000504
открытие 2,357310 0,000232
женщины 0,881403 0,000260
kreyòl 2,490841 0,000245
arts 3,743604 0,001104
grading 5,129899 0,000504
морской 3,743604 0,000736
ниже 1,762603 0,000346
плавности 5,129899 0,000504
ему 1,323236 0,000390
yau 5,129899 0,000504
рузвельта 5,129899 0,000504
нью 2,185460 0,000215
ходзюцу 5,129899 0,000504
европы 0,524729 0,000155
доме 2,827314 0,000278
поло 1,441019 0,000283
следовательно 4,031286 0,000396
европе 1,492313 0,000293
投技 5,129899 0,000504
направленность 5,129899 0,000504
между 0,955511 0,000470
фиксирования 5,129899 0,000504
записанная 5,129899 0,000504
предназначенное 4,436752 0,000436
соответствии 1,086847 0,000107
school 3,520461 0,000346
включала 4,436752 0,000436
руководства 2,564949 0,000252
садамото 5,129899 0,000504
given 4,436752 0,000872
первого 1,258698 0,000371
виды 0,773190 0,000076
сгибайся 5,129899 0,000504
включало 5,129899 0,000504
weight 4,436752 0,000436
виду 2,490841 0,000490
абсолютные 5,129899 0,000504
ಕನ 2,038856 0,000200
учеников 3,338139 0,000656
подверглись 5,129899 0,000504
сущность 3,743604 0,000368
вида 1,664163 0,000327
пережимания 5,129899 0,000504
treccani 2,827314 0,000278
чрезмерным 5,129899 0,000504
ареста 4,436752 0,000436
подход 3,338139 0,000328
владимиром 2,932674 0,000288
изучаются 5,129899 0,002017
заданным 5,129899 0,000504
оба 1,911023 0,000564
защитная 4,031286 0,000396
неверная 5,129899 0,000504
боковыми 3,743604 0,000368
бобслей 1,238078 0,000122
комитетом 2,827314 0,000278
являлись 3,050457 0,000300
райн 5,129899 0,000504
мавари 5,129899 0,000504
астана 4,031286 0,000792
набор 2,644992 0,000260
если 0,675551 0,000199
оби 5,129899 0,000504
wikimedia 0,986764 0,000097
федерациях 4,436752 0,000436
ограничение 2,932674 0,000288
мировом 2,827314 0,000278
широко 2,644992 0,000260
европейского 2,827314 0,000556
учебник 3,050457 0,000600
фгуп 4,031286 0,000792
последовательности 3,520461 0,000346
разыгрывается 2,827314 0,000278
捨身技 5,129899 0,000504
включением 4,031286 0,000396
অসম 2,644992 0,000260
синего 3,338139 0,000656
judo 4,436752 0,024857
оккупационных 5,129899 0,000504
ганкока 5,129899 0,000504
наград 2,134166 0,000420
образу 5,129899 0,000504
раза 1,834062 0,000361
bruno 5,129899 0,000504
образе 2,421849 0,000238
использующей 5,129899 0,000504
акцент 3,743604 0,000368
ничейными 5,129899 0,000504
башҡортса 1,518981 0,000149
росло 4,436752 0,000436
обнуляется 5,129899 0,000504
waza 5,129899 0,001008
кодокан 5,129899 0,013614
победивший 3,743604 0,000368
оценок 3,743604 0,003312
выиграли 1,518981 0,000299
прочее 1,834062 0,000180
постепенной 5,129899 0,000504
юности 3,520461 0,000692
последовательность 4,031286 0,000396
судебного 4,436752 0,000436
потере 4,031286 0,000396
сразу 1,392229 0,000137
итал 4,031286 0,000396
создать 0,825834 0,000081
дословно 4,436752 0,000436
задержания 5,129899 0,000504
использован 4,436752 0,000436
defeated 5,129899 0,000504
соотношения 4,436752 0,000872
решение 1,238078 0,000122
печать 0,986764 0,000097
уклон 4,436752 0,000436
включать 2,932674 0,000288
рукопашный 4,436752 0,000872
пелота 1,728701 0,000170
попав 3,743604 0,000368
his 4,031286 0,000396
જર 3,338139 0,000328
основная 1,323236 0,000650
организацию 2,564949 0,000504
立ち技 5,129899 0,000504
просвещённого 5,129899 0,000504
организация 1,664163 0,000327
переучивали 5,129899 0,000504
group 2,357310 0,000232
организации 0,812411 0,000399
плечо 4,031286 0,001189
микиносукэ 5,129899 0,000504
товарный 0,986764 0,000097
организаций 2,421849 0,000238
уверенности 4,031286 0,000396
почти 1,323236 0,000260
history 1,762603 0,000693
школы 2,239527 0,001101
閩南語 1,762603 0,000173
начиная 1,492313 0,000147
решения 1,834062 0,000180
площадь 2,827314 0,000278
клубный 1,871802 0,000184
школе 3,183989 0,000313
холли 4,436752 0,000436
плечи 3,520461 0,000692
печати 0,955511 0,000094
достижения 1,695912 0,000500
условий 0,881403 0,000087
голландией 5,129899 0,000504
коснулись 4,031286 0,000396
лыжи 1,019025 0,000100
september 4,031286 0,000396
участник 2,296685 0,000226
состоявшейся 4,436752 0,000436
смешанного 4,031286 0,000396
аналогии 4,436752 0,000436
вступили 3,743604 0,001104
помогать 4,436752 0,000436
поднимает 4,436752 0,000436
баттодзюцу 5,129899 0,000504
chen 4,436752 0,000872
заданную 5,129899 0,000504
санкционировал 4,436752 0,000436
комбинированный 5,129899 0,000504
париже 1,664163 0,000654
cymraeg 1,574551 0,000155
третье 1,603538 0,000158
сисэй 5,129899 0,000504
условия 0,411400 0,000081
преобразован 5,129899 0,000504
выступавшие 3,520461 0,000346
dansk 1,069456 0,000105
воспитать 5,129899 0,000504
ещё 0,420369 0,000124
бирмингем 5,129899 0,000504
пояс 3,183989 0,001252
сайго 5,129899 0,000504
каноны 5,129899 0,001008
видами 3,338139 0,000328
менее 1,258698 0,000247
умение 3,183989 0,000313
беларуская 1,069456 0,000210
первой 1,019025 0,000200
удара 2,357310 0,000232
самообороной 5,129899 0,000504
велоспорт 1,178655 0,000116
данного 2,644992 0,000260
альпинизм 1,323236 0,000130
грубое 4,031286 0,000396
скачать 0,895792 0,000176
они 0,760451 0,000299
удары 2,564949 0,001261
сформирована 3,743604 0,000736
каким 2,490841 0,000245
оно 2,038856 0,000601
вариант 1,994404 0,000196
смешанной 3,520461 0,000346
футбол 0,285712 0,000168
гэндай 5,129899 0,000504
рычаги 5,129899 0,000504
боец 2,827314 0,000278
австрия 2,239527 0,000220
ковре 4,436752 0,000436
ооо 1,871802 0,001840
каталанская 1,695912 0,000333
алфавиту 1,159607 0,000114
june 3,743604 0,000736
утешительных 5,129899 0,001008
организаторским 5,129899 0,000504
высших 3,183989 0,000626
добродетели 5,129899 0,000504
василию 5,129899 0,000504
кудзурэ 5,129899 0,000504
наряду 2,490841 0,000490
дзюдоги 5,129899 0,005042
понимания 4,436752 0,000872
தம 1,492313 0,000147
кудзуси 5,129899 0,001513
первую 1,518981 0,000299
викискладе 1,217876 0,000239
жанейро 2,421849 0,000714
василий 2,490841 0,000490
снимавшаяся 5,129899 0,000504
победить 2,732003 0,000269
richard 4,031286 0,000396
понимание 5,129899 0,000504
мировая 3,050457 0,000600
бразильского 3,520461 0,001384
пархомович 5,129899 0,001008
seemann 5,129899 0,000504
нагэ 5,129899 0,003530
мужественный 5,129899 0,000504
excerpt 5,129899 0,000504
предварительного 3,183989 0,000313
сопротивляющимся 5,129899 0,000504
физиологического 5,129899 0,000504
предназначено 4,031286 0,000396
родиться 5,129899 0,000504
всех 0,652562 0,000257
органом 3,183989 0,000313
обеих 2,296685 0,000226
времён 2,644992 0,000260
пожертвовать 0,986764 0,000097
соревновательных 3,743604 0,000736
рукопашного 4,031286 0,000792
ссылка 0,786093 0,000155
ссылки 0,839439 0,000495
lingála 3,050457 0,000300
туловища 3,743604 0,000368
своём 1,871802 0,000368
повествует 4,436752 0,000436
championships 2,932674 0,000865
джиу 4,436752 0,003489
получившей 3,520461 0,000346
тэссэндзюцу 5,129899 0,000504
ನಡ 2,038856 0,000200
властей 3,520461 0,000346
кругосвет 1,994404 0,000196
джин 2,134166 0,000210
истечении 3,183989 0,000313
оценками 3,743604 0,000368
представителей 2,239527 0,000220
москва 0,760451 0,000149
атака 2,732003 0,000269
отдельных 0,986764 0,000097
гибкий 4,436752 0,000436
атаки 2,357310 0,000463
квадах 1,762603 0,000173
юниоров 1,728701 0,000170
belt 4,031286 0,003566
континентального 4,436752 0,000436
отдельные 2,239527 0,000220
эффективности 4,436752 0,000872
мбард 5,129899 0,000504
результаты 0,910391 0,000089
hindi 2,421849 0,000238
рукопашному 4,436752 0,000436
чем 0,747872 0,000147
господствовала 5,129899 0,000504
неудивительно 4,436752 0,000436
rotterdam 5,129899 0,000504
атама 5,129899 0,000504
robert 3,050457 0,000300
результате 1,728701 0,000680
fila 5,129899 0,001008
родственных 2,644992 0,000260
вакари 5,129899 0,000504
лука 1,198073 0,000236
будапешт 4,436752 0,001308
научно 3,050457 0,003598
abstracts 5,129899 0,000504
доха 3,743604 0,000368
связаны 3,183989 0,000313
fiji 2,421849 0,000238
армейских 3,520461 0,000346
machine 1,633391 0,000321
бодзюцу 4,436752 0,000436
состязаний 2,932674 0,000288
сентября 1,069456 0,000631
французы 3,183989 0,000313
войти 0,735450 0,000072
гольф 1,574551 0,000155
разгибание 5,129899 0,000504
данов 4,436752 0,001308
психологическая 5,129899 0,000504
ქართული 1,392229 0,000137
недели 2,357310 0,000232
лишение 4,436752 0,000436
вышли 1,797694 0,000177
красно 2,490841 0,000979
аудиостатьи 5,129899 0,000504
ясиро 5,129899 0,000504
international 2,357310 0,003012
тюмень 2,644992 0,000260
смешанные 2,644992 0,000520
медалей 1,238078 0,000365
южнокалифорнийского 5,129899 0,000504
рейтинговых 4,031286 0,000396
современность 3,743604 0,000736
защиту 2,827314 0,000556
полномасштабных 5,129899 0,000504
феврале 2,038856 0,000200
котани 5,129899 0,000504
смешанных 2,490841 0,000245
первым 1,238078 0,000243
кисти 3,338139 0,000328
защиты 2,134166 0,000210
отнеслись 5,129899 0,000504
principles 4,436752 0,000436
первые 0,971016 0,000477
памяти 2,564949 0,000252
тоҷикӣ 1,695912 0,000167
обращения 0,925206 0,006820
программу 1,466337 0,001297
минск 1,834062 0,000180
первый 0,687247 0,000473
пост 2,134166 0,000210
февраля 0,232059 0,000319
уклад 5,129899 0,000504
жокей 5,129899 0,000504
пять 1,368699 0,000269
главного 1,728701 0,000170
минут 1,258698 0,000124
февраль 3,520461 0,000692
мнению 2,732003 0,000269
противником 3,520461 0,000346
летального 5,129899 0,000504
гэнкоцу 5,129899 0,000504
тогда 1,466337 0,000577
деятельность 2,490841 0,000245
ересь 5,129899 0,000504
деятельности 1,871802 0,000184
запрещён 3,183989 0,001252
яридзюцу 5,129899 0,000504
пяти 1,574551 0,000155
тэндзин 5,129899 0,001513
старший 2,644992 0,000520
присуждался 4,436752 0,000436
взвешивание 5,129899 0,000504
запрета 3,743604 0,000368
следовало 4,031286 0,000396
аттестационной 5,129899 0,000504
составляют 2,732003 0,000537
пользующиеся 5,129899 0,000504
изучают 4,031286 0,000396
скиджоринг 1,762603 0,000173
империи 2,296685 0,000226
скоростью 3,050457 0,000600
кито 5,129899 0,001008
прошедших 3,183989 0,000313
contribution 5,129899 0,000504
反則負け 5,129899 0,001008
бадзюцу 5,129899 0,000504
учителя 4,436752 0,001308
взаимная 5,129899 0,000504
сборная 0,711058 0,000280
одержав 2,644992 0,000260
коидзуми 5,129899 0,001008
федерацией 2,185460 0,001289
счётом 1,834062 0,000180
возможности 1,994404 0,000196
вообще 1,911023 0,000188
травматизмом 5,129899 0,000504
появились 1,664163 0,000164
рбси 5,129899 0,000504
водное 1,492313 0,000147
собачьих 1,762603 0,000173
кунном 5,129899 0,000504
упряжках 1,762603 0,000173
поддаться 5,129899 0,000504
курсанты 4,436752 0,000436
кубок 0,524729 0,000052
штанов 5,129899 0,000504
баллов 2,564949 0,001513
occitan 1,466337 0,000144
перечень 3,743604 0,000736
сайте 1,217876 0,000120
цвет 2,357310 0,000232
разнообразных 3,338139 0,000328
bolduc 5,129899 0,000504
выступающий 3,183989 0,000313
освоении 5,129899 0,001008
орденом 3,520461 0,000346
недостаточной 4,436752 0,000872
значительной 4,031286 0,000396
недостаточное 4,436752 0,000436
энциклопедии 0,986764 0,000194
кёрлинг 1,279751 0,000126
тридцати 4,031286 0,000396
face 4,436752 0,000436
試合 5,129899 0,000504
български 1,086847 0,000107
ranking 3,520461 0,001730
оружием 3,743604 0,000736
брейкинг 1,762603 0,000173
журнал 2,185460 0,000215
многочисленных 2,827314 0,000278
курэнай 5,129899 0,001008
шайбой 1,122566 0,000110
практикуются 4,031286 0,000396
американский 1,258698 0,000247
мастерских 5,129899 0,000504
задач 3,743604 0,000368
зарегистрированный 0,986764 0,000097
сборными 2,827314 0,000278
другой 1,492313 0,000147
традиционного 4,031286 0,000396
сюда 0,986764 0,000097
другом 2,564949 0,000252
партер 4,436752 0,000436
cosneck 5,129899 0,000504
трек 1,159607 0,000114
имеется 3,338139 0,000656
бросков 2,644992 0,000780
кино 2,134166 0,000210
существовавший 4,436752 0,000436
учебных 3,520461 0,000346
томоэ 5,129899 0,000504
кимэ 5,129899 0,001513
ido 1,546380 0,000152
борцы 4,436752 0,000436
существовавшие 5,129899 0,000504
контролю 4,436752 0,000436
гребля 1,518981 0,000299
шпионы 5,129899 0,000504
ощепкову 5,129899 0,000504
меньшую 4,031286 0,000792
ощепкова 4,436752 0,000436
reasons 5,129899 0,000504
анджелеса 4,031286 0,000396
сборник 4,436752 0,004797
строго 2,564949 0,000504
русиньскый 2,732003 0,000269
isbn 1,633391 0,002248
amateur 3,520461 0,000692
shugyo 5,129899 0,000504
что 0,239550 0,000353
медали 0,971016 0,000095
кавадзу 5,129899 0,000504
анджелесе 2,564949 0,000252
форма 1,695912 0,000500
форме 2,085376 0,001230
секция 3,183989 0,000313
составляет 2,085376 0,000205
подробнее 0,723179 0,000071
настоящее 1,797694 0,000530
несмотря 1,762603 0,000173
приёмами 3,743604 0,000368
секций 5,129899 0,000504
тысяч 1,762603 0,000346
ужесточение 4,031286 0,000396
годзо 5,129899 0,000504
терминов 2,827314 0,000278
сказывается 3,338139 0,000328
позволяет 2,239527 0,000220
броскам 4,031286 0,000396
направил 5,129899 0,001008
многоязычная 5,129899 0,000504
ёсинкан 5,129899 0,000504
границу 3,183989 0,000313
games 2,038856 0,000200
хоккей 0,376309 0,000148
žemaitėška 2,732003 0,000269
куросавой 5,129899 0,001513
произносит 4,436752 0,000436
управления 2,644992 0,000260
относились 5,129899 0,000504
pride 4,031286 0,000792
движение 2,185460 0,000215
выдержки 5,129899 0,000504
движений 3,338139 0,000328
выполняемых 5,129899 0,000504
считаю 3,520461 0,000346
серий 3,183989 0,000313
каваи 5,129899 0,000504
схваток 4,436752 0,000436
включающая 4,031286 0,000396
октября 1,086847 0,000214
iii 2,490841 0,000245
клуба 1,178655 0,000116
обладая 4,031286 0,000396
присутствует 2,932674 0,000288
очерк 4,436752 0,002617
клубы 1,392229 0,000137
выполняемые 4,436752 0,000436
видимому 4,031286 0,000396
судейства 2,732003 0,000537
месяца 2,296685 0,000226
выполняемый 4,031286 0,000396
event 4,436752 0,000872
создания 2,038856 0,000401
изучать 4,436752 0,001744
созданию 4,031286 0,000396
ijf 5,129899 0,005042
五の形 5,129899 0,000504
учимся 5,129899 0,000504
первоначально 1,951845 0,000384
한국어 1,035554 0,000102
изучается 4,436752 0,000872
создание 2,564949 0,000252
применимы 5,129899 0,000504
тикаракурабэ 5,129899 0,000504
вариативных 4,436752 0,000872
нанесения 3,050457 0,000300
мозгу 5,129899 0,000504
сборной 0,825834 0,000162
давали 4,436752 0,000436
reference 4,436752 0,000436
участие 0,597299 0,000176
крокет 1,762603 0,000173
общественности 4,031286 0,000396
старая 1,368699 0,000135
from 2,827314 0,000278
ссылками 1,159607 0,000456
мицуё 5,129899 0,002017
выдали 3,520461 0,000346
тренировкам 2,932674 0,000288
arresting 5,129899 0,000504
коленях 4,436752 0,000436
водные 0,867219 0,000085
победили 1,951845 0,000192
университета 2,296685 0,000226
factions 5,129899 0,000504
magyar 1,086847 0,000107
нами 0,853233 0,000084
владимир 1,546380 0,000152
механизм 4,031286 0,000396
yamashita 5,129899 0,000504
исхода 4,031286 0,000396
завоевали 2,038856 0,000200
справка 0,986764 0,000194
тхэквондо 1,633391 0,000161
схватке 3,520461 0,000692
форум 0,881403 0,000087
pona 3,338139 0,000328
схватки 4,031286 0,005151
подчеркнуть 4,031286 0,000792
бокс 0,576022 0,000113
боку 4,436752 0,000436
схватка 3,338139 0,001969
network 3,743604 0,000368
годах 1,492313 0,000147
внимание 1,871802 0,000368
википедия 0,986764 0,000679
возможность 1,728701 0,000340
inc 0,986764 0,000194
видеоповтора 3,743604 0,000368
português 1,035554 0,000102
безопасным 5,129899 0,000504
завершения 2,357310 0,000232
восходящего 5,129899 0,000504
прекращали 5,129899 0,000504
разработан 3,338139 0,000328
разработал 3,743604 0,000736
紅三四郎 5,129899 0,000504
вничью 1,797694 0,000177
книги 2,932674 0,000288
какой 1,911023 0,000188
growth 4,436752 0,000436
википедии 0,986764 0,000194
comic 5,129899 0,000504
stevens 5,129899 0,000504
книга 2,932674 0,000288
участия 1,633391 0,000321
пекине 2,932674 0,000577
реставрации 5,129899 0,001008
головой 3,743604 0,000368
этому 1,728701 0,000340
lccn 1,492313 0,000147
score 3,743604 0,000368
физические 4,031286 0,000396
ката 4,436752 0,023113
чья 4,031286 0,000396
эффективный 3,743604 0,000368
эффективным 4,436752 0,000436
семиклассниках 5,129899 0,000504
йорк 2,644992 0,000260
slovenščina 1,345709 0,000132
под 0,723179 0,000640
парусный 1,574551 0,000155
одно 1,664163 0,000164
бывшего 2,644992 0,000260
пом 1,695912 0,000167
любительской 3,183989 0,000626
brezhoneg 2,038856 0,000200
человек 1,178655 0,000232
частности 1,994404 0,000784
подножка 4,031286 0,000396
содержание 0,971016 0,000191
institute 4,436752 0,000436
использованием 2,564949 0,000252
подножки 4,031286 0,000396
принятой 5,129899 0,000504
кокумин 5,129899 0,001008
崩し 5,129899 0,000504
primer 5,129899 0,000504
возникновения 4,436752 0,000436
каро 5,129899 0,000504
manual 3,743604 0,000368
зарождения 4,436752 0,000436
конфиденциальности 0,317714 0,000031
aau 4,436752 0,000872
связи 1,159607 0,000228
דיש 2,644992 0,000260
наружу 3,743604 0,000368
своей 1,002764 0,000099
преимущественно 2,490841 0,000490
plattdüütsch 2,357310 0,000232
federation 3,050457 0,002998
дебюту 5,129899 0,000504
при 0,367725 0,000831
данных 1,871802 0,000184
вольной 3,743604 0,000736
состоялся 1,664163 0,000164
данным 2,357310 0,000232
හල 1,834062 0,000180
главных 1,994404 0,000392
также 0,663991 0,002349
العربية 1,069456 0,000105
травм 2,296685 0,001129
библиографических 1,323236 0,000130
разработчики 0,986764 0,000097
защищается 4,436752 0,000436
траве 1,466337 0,000288
афинах 2,932674 0,000288
единоборство 3,520461 0,000692
снова 1,574551 0,000310
зал 2,239527 0,000220
rei 5,129899 0,001008
yearbook 5,129899 0,000504
встреч 2,421849 0,000476
канэ 5,129899 0,000504
пэров 5,129899 0,000504
силовой 3,183989 0,000313
правки 0,986764 0,000194
конгресс 2,827314 0,000278
хэнка 5,129899 0,000504
нищете 5,129899 0,000504
кано 5,129899 0,019160
серьёзные 2,644992 0,000260
себя 0,940244 0,000370
постоянную 5,129899 0,001008
tolışi 1,871802 0,000184
баскская 1,762603 0,000173
южной 1,797694 0,000177
копьем 5,129899 0,000504
washington 3,338139 0,000328
практикуется 5,129899 0,000504
united 2,827314 0,000556
один 0,711058 0,000419
себе 1,546380 0,000152
входит 1,871802 0,000552
самостраховке 5,129899 0,000504
дисциплины 2,134166 0,000420
бутокукай 5,129899 0,001008
отстранение 3,520461 0,000346
самостраховки 5,129899 0,001008
провёл 2,134166 0,000210
суставе 5,129899 0,002017
физической 1,664163 0,000654
наблюдательности 5,129899 0,000504
искусствах 5,129899 0,000504
демонстрацию 4,031286 0,000792
олимпиадой 2,932674 0,000288
единоборства 2,239527 0,000440
дыхательное 5,129899 0,000504
какэ 5,129899 0,001008
искусствам 5,129899 0,001008
детектив 4,436752 0,000436
способствовал 4,031286 0,000396
формой 2,644992 0,000260
bahasa 1,086847 0,000214
хотел 2,421849 0,000238
качестве 1,574551 0,000774
теряй 5,129899 0,000504
цикле 4,436752 0,000436
король 3,520461 0,000346
качество 3,050457 0,000300
تۆرکجه 1,762603 0,000173
руками 2,357310 0,000463
вечер 3,050457 0,000300
допускается 2,564949 0,000252
современной 2,490841 0,000245
словарь 2,296685 0,000226
такая 2,827314 0,000556
навыки 3,520461 0,000346
современное 1,574551 0,000155
дзёдзюцу 4,436752 0,000436
вариантов 2,932674 0,000288
падениям 5,129899 0,000504
стрельба 1,492313 0,000587
一本 5,129899 0,000504
лучшие 1,019025 0,000100
словари 1,217876 0,000120
тиба 4,436752 0,000436
посетившего 5,129899 0,000504
известия 3,050457 0,000600
system 3,183989 0,000939
матчевые 4,436752 0,000436
проводиться 2,038856 0,000401
потерпев 3,743604 0,000368
боях 3,743604 0,000368
делятся 2,564949 0,000252
fundamentals 5,129899 0,000504
жизни 1,122566 0,000331
каир 5,129899 0,000504
нужно 1,492313 0,000147
одним 1,416327 0,000278
українська 1,035554 0,000102
красного 3,183989 0,000626
группе 2,421849 0,000238
ципурский 5,129899 0,000504
защищающегося 5,129899 0,000504
группа 1,834062 0,000180
aja 5,129899 0,001008
падениях 5,129899 0,000504
преобладающей 5,129899 0,000504
всём 2,827314 0,000278
shindokan 5,129899 0,000504
современном 2,644992 0,000260
universalis 1,951845 0,000192
рэкетс 1,728701 0,000170
большего 2,644992 0,000260
физическая 3,743604 0,001104
занимались 4,436752 0,000872
используется 1,633391 0,001124
группы 1,695912 0,000667
cite 1,258698 0,000247
передняя 3,338139 0,000328
уделяется 3,520461 0,000346
movement 4,031286 0,000396
бадминтон 1,546380 0,000152
рывком 5,129899 0,000504
репрессиям 5,129899 0,000504
движениях 4,031286 0,000396
выходе 2,732003 0,000269
нарушения 2,296685 0,001129
трое 2,239527 0,000220
случаев 2,185460 0,000644
сэйрёку 5,129899 0,001008
shockwave 5,129899 0,000504
табло 2,357310 0,000232
хорошего 3,520461 0,000346
гэльский 1,762603 0,000173
ассоциацией 2,827314 0,000278
сжатия 5,129899 0,000504
начинающиеся 5,129899 0,000504
нововведений 4,436752 0,000436
вверх 2,421849 0,000238
жизненном 5,129899 0,000504
нарушение 1,797694 0,000530
михал 5,129899 0,000504
подхваты 5,129899 0,000504
пережимают 5,129899 0,000504
docplayer 5,129899 0,000504
список 1,198073 0,000236
остановиться 3,743604 0,000368
дополнение 3,338139 0,000328
знаком 4,031286 0,000396
гармоничному 5,129899 0,000504
знаков 4,031286 0,000396
основания 1,834062 0,000541
ꮳꮃꭹ 4,436752 0,000436
juniors 5,129899 0,000504
фехтование 1,546380 0,000152
поясов 4,436752 0,004361
нововведения 4,436752 0,000436
нравственности 5,129899 0,000504
and 1,762603 0,001732
любительских 3,338139 0,000328
поясом 3,743604 0,000368
запрещены 2,421849 0,001666
дзиро 5,129899 0,000504
основании 2,827314 0,000278
指導 5,129899 0,001008
aikido 5,129899 0,000504
спортсменами 2,644992 0,000520
кумиката 5,129899 0,000504
применяются 1,466337 0,000144
sardu 2,932674 0,000288
сообщить 0,799165 0,000079
ученик 5,129899 0,001008
фехтования 4,031286 0,000396
равноправными 4,436752 0,000436
приводит 2,357310 0,000463
позитивный 4,031286 0,000396
физкультура 2,421849 0,000238
разновидностях 5,129899 0,001008
падал 4,436752 0,000436
определением 4,436752 0,000436
жёлтый 3,183989 0,000626
одеты 4,436752 0,000872
падением 3,338139 0,001312
конный 1,664163 0,000164
limburgs 2,134166 0,000210
физкультурных 4,436752 0,000436
english 0,925206 0,000182
интересовался 5,129899 0,000504
франция 1,122566 0,000110
exclusive 4,436752 0,000436
образования 2,644992 0,000260
друг 1,834062 0,000541
spirits 5,129899 0,000504
подтверждены 4,436752 0,000436
франции 1,035554 0,000102
тикай 5,129899 0,001513
схеме 2,732003 0,000537
являются 1,466337 0,000288
можно 1,002764 0,000099
нарушало 4,436752 0,000436
goshinho 5,129899 0,000504
română 1,122566 0,000110
монополию 5,129899 0,000504
первая 0,867219 0,000085
раз 0,504926 0,000099
чемпионат 0,277868 0,000218
ўзбекча 1,140915 0,000112
случайная 0,986764 0,000097
образовании 4,436752 0,000436
президента 1,762603 0,000346
усмотрели 5,129899 0,000504
необходимо 1,994404 0,000196
art 2,827314 0,000278
постоянная 0,986764 0,000097
версия 0,485508 0,000191
увеличило 4,031286 0,000396
спустя 1,911023 0,000188
bowen 5,129899 0,000504
любительского 2,932674 0,000288
обычно 1,695912 0,000167
выделить 3,050457 0,000300
версии 1,546380 0,000304
просьбе 5,129899 0,001008
американского 2,490841 0,000490
اردو 1,574551 0,000155
сложные 3,743604 0,000368
выполнение 3,520461 0,001730
подхода 4,436752 0,000436
представители 1,633391 0,000321
сеул 3,050457 0,000300
представителя 2,827314 0,000278
сонные 5,129899 0,000504
австралийский 1,728701 0,000340
руководящим 3,743604 0,000368
сессии 3,050457 0,000300
holland 4,436752 0,000436
gyuttone 5,129899 0,000504
разгромным 3,743604 0,000368
aug 5,129899 0,001008
низкая 4,031286 0,000396
архивировано 1,104547 0,008794
марракеш 5,129899 0,000504
galego 1,178655 0,000116
лукашев 5,129899 0,000504
записываться 5,129899 0,000504
gàidhlig 2,644992 0,000260
старые 2,490841 0,000245
снято 4,436752 0,000436
войны 1,871802 0,000184
edition 4,031286 0,000792
случаях 0,971016 0,000382
незамедлительное 5,129899 0,000504
street 3,743604 0,000368
война 3,050457 0,000600
сдаюсь 5,129899 0,000504
будзюцу 5,129899 0,000504
поверхность 2,932674 0,000288
уехавшие 5,129899 0,000504
современные 2,421849 0,000238
включая 1,633391 0,000161
поначалу 3,338139 0,000328
bong 4,436752 0,000436
двумя 1,664163 0,000491
tokyo 3,338139 0,000328
современным 3,520461 0,000346
удачному 5,129899 0,000504
служебные 0,986764 0,000097
свободные 3,338139 0,000328
современных 2,932674 0,000865
повсеместно 4,031286 0,000396
чемпионки 3,050457 0,000600
свободной 0,986764 0,000097
мужских 2,357310 0,000232
может 0,630089 0,000248
внутри 2,421849 0,000714
jim 3,743604 0,000368
снят 3,520461 0,001038
низкой 3,743604 0,000368
мужские 2,644992 0,000260
цунэдзиро 5,129899 0,000504
יי 2,644992 0,000260
связанные 0,881403 0,000087
теоретически 4,436752 0,000436
вузов 4,031286 0,000396
участники 1,518981 0,000299
трёх 1,441019 0,000425
порядке 2,490841 0,000490
времена 2,490841 0,000245
связанных 1,911023 0,000188
занимающегося 5,129899 0,000504
участвуя 5,129899 0,000504
времени 1,140915 0,001346
рейтинга 2,564949 0,000504
совместно 2,732003 0,000269
style 2,085376 0,000205
айсшток 1,728701 0,000170
care 5,129899 0,000504
резким 5,129899 0,000504
հայերեն 1,198073 0,000118
ёко 5,129899 0,001008
языка 2,932674 0,000288
языке 2,421849 0,000714
запрещается 3,183989 0,000313
показывают 3,743604 0,000368
српскохрватски 1,416327 0,000139
названия 1,664163 0,000491
антон 1,728701 0,000170
rousey 5,129899 0,001008
controversional 5,129899 0,000504
агентство 2,185460 0,000215
отоси 5,129899 0,000504
рио 2,296685 0,000677
единоборствах 4,436752 0,000436
относили 5,129899 0,000504
гундзи 5,129899 0,001008
bokmål 1,069456 0,000105
more 2,932674 0,000288
секциях 5,129899 0,000504
повышенный 5,129899 0,000504
справа 2,932674 0,000288
руку 2,644992 0,000260
сходный 5,129899 0,000504
типа 2,932674 0,000577
зависимости 1,911023 0,000751
позитивно 4,436752 0,000436
руки 2,038856 0,001603
завещал 5,129899 0,000504
свяжитесь 0,986764 0,000097
выступила 2,490841 0,000245
принципы 2,932674 0,000288
используются 1,994404 0,001372
бедро 5,129899 0,000504
рука 3,338139 0,000328
костюма 4,436752 0,000436
бедра 3,183989 0,000313
simple 1,140915 0,000112
благодаря 1,441019 0,000567
спортсменам 1,871802 0,000368
истории 0,630089 0,000434
коблев 5,129899 0,000504
прослушать 5,129899 0,000504
стойки 2,932674 0,001153
фонд 0,940244 0,000092
фоне 2,932674 0,000288
состав 1,238078 0,000122
стойка 3,338139 0,000656
наиболее 1,466337 0,000721
стойке 3,520461 0,002422
засчитана 4,436752 0,000436
фиолетовый 4,436752 0,000436
история 0,555188 0,000546
избран 3,050457 0,000600
сложившуюся 5,129899 0,000504
военных 3,050457 0,000300
итоговой 3,743604 0,000368
названии 3,338139 0,000656
название 1,178655 0,000463
технически 5,129899 0,000504
какого 2,732003 0,000269
joe 4,436752 0,000436
чемпион 0,867219 0,000256
подписал 1,911023 0,000188
молодой 2,490841 0,000245
medalist 5,129899 0,000504
низкие 3,183989 0,000313
первое 1,279751 0,000126
алексей 1,238078 0,000608
немедленной 5,129899 0,000504
ishii 5,129899 0,000504
original 3,520461 0,000346
соревновательную 5,129899 0,000504
киайдзюцу 5,129899 0,000504
jpn 4,436752 0,000436
постоянно 2,644992 0,000260
существовало 2,932674 0,001441
содзюцу 4,436752 0,000436
начинается 1,994404 0,000784
этого 0,881403 0,000087
своих 1,345709 0,000529
применением 3,338139 0,000328
форм 3,743604 0,000368
авторства 0,986764 0,000097
точности 4,436752 0,000436
принципу 2,564949 0,000252
самбовках 5,129899 0,000504
существовала 3,743604 0,000368
детства 4,031286 0,000396
финал 1,258698 0,000124
отмечена 4,436752 0,000436
canon 5,129899 0,000504
частично 2,932674 0,000288
проверенная 2,644992 0,000260
подачу 3,183989 0,000313
теннис 0,495170 0,000097
финский 1,633391 0,000161
абсолютной 3,520461 0,000692
kyuzo 5,129899 0,000504
турнирах 1,871802 0,000552
полный 2,134166 0,000420
автоматически 2,644992 0,000260
воспоминания 4,031286 0,000396
hidehiko 5,129899 0,000504
соответствует 3,050457 0,000300
исполнение 3,338139 0,000328
оригинала 1,518981 0,001493
викимедиа 0,986764 0,000097
политика 0,239550 0,000047
ёси 5,129899 0,000504
вплоть 1,871802 0,000184
azərbaycanca 1,258698 0,000124
теория 2,732003 0,000269
победителе 4,436752 0,000436
исполнения 2,932674 0,000288
нарушил 3,183989 0,000313
eyes 5,129899 0,000504
проигрыш 3,520461 0,000692
опасного 5,129899 0,000504
sakata 5,129899 0,000504
регби 0,955511 0,000188
сознания 4,436752 0,002180
даби 2,827314 0,000278
татами 4,436752 0,007413
русский 0,839439 0,000248
固の形 5,129899 0,001008
мячом 1,104547 0,000109
самозащиты 4,436752 0,000872
время 0,384967 0,000643
настойчивости 4,436752 0,000872
medicine 4,436752 0,000872
поведения 0,895792 0,000088
объявлялась 4,031286 0,000396
победителя 1,911023 0,000751
ранее 1,104547 0,000109
победитель 1,258698 0,000247
издавалась 5,129899 0,000504
fighter 4,031286 0,000396
тюрьме 4,436752 0,000436
judoinside 5,129899 0,003530
развивалось 4,436752 0,000436
рук 2,644992 0,000260
информационная 5,129899 0,000504
пределами 2,239527 0,000880
армянского 5,129899 0,000504
выпущен 4,436752 0,000436
рус 1,368699 0,003363
продеваемым 5,129899 0,000504
потребности 4,436752 0,000436
изменено 3,743604 0,000368
franca 3,050457 0,000300
петербургской 3,743604 0,000368
изменены 4,436752 0,000436
получения 2,421849 0,000238
степеней 5,129899 0,001513
kimura 5,129899 0,000504
ранги 5,129899 0,001008
включили 5,129899 0,000504
посвящён 5,129899 0,000504
иди 4,436752 0,000436
выражать 5,129899 0,000504
читать 0,586604 0,000058
игр 0,367725 0,000470
сокровенные 5,129899 0,000504
философских 5,129899 0,000504
начислялись 4,436752 0,000436
манрикидзюцу 5,129899 0,000504
англ 1,159607 0,006725
японскими 4,436752 0,000436
датская 1,518981 0,000149
оценка 3,338139 0,001969
волейбол 1,019025 0,000100
оценке 3,183989 0,000313
оценки 2,421849 0,001190
выработки 4,436752 0,000436
signs 5,129899 0,000504
предложил 2,038856 0,000200
шлем 1,951845 0,000384
оценку 3,520461 0,001038
способствовали 3,743604 0,000368
нескольких 1,834062 0,000180
выработке 4,436752 0,000436
соотносить 5,129899 0,000504
союзом 3,183989 0,000313
piemontèis 2,564949 0,000252
одного 1,140915 0,000112
момент 1,301257 0,000256
дифференциации 5,129899 0,000504
srpskohrvatski 1,416327 0,000139
разбитых 5,129899 0,000504
hayward 5,129899 0,000504
中文 1,035554 0,000102
помимо 1,911023 0,000751
формируется 3,520461 0,000346
ктор 5,129899 0,000504
сможет 2,827314 0,000278
отвечало 4,436752 0,000436
big 3,743604 0,000368
ударам 4,436752 0,000436
калифорнии 3,743604 0,000368
фукибаридзюцу 5,129899 0,000504
становление 3,743604 0,000368
среди 0,597299 0,000587
аудиозапись 5,129899 0,000504
русском 2,421849 0,000476
приём 3,183989 0,001252
тати 5,129899 0,002017
локтевом 5,129899 0,001008
локтевой 4,031286 0,000792
анатолий 2,490841 0,000245
bjj 5,129899 0,000504
соро 5,129899 0,000504
сергеевичу 5,129899 0,000504
татарча 1,392229 0,000137
tiếng 1,140915 0,000112
עברית 1,052361 0,000103
кимоно 5,129899 0,001008
далее 2,185460 0,000644
калифорния 4,436752 0,000436
lung 5,129899 0,000504
набирал 5,129899 0,000504
john 2,732003 0,000269
ejudo 5,129899 0,000504
существенное 3,743604 0,000368
возвращении 2,827314 0,000278
дика 5,129899 0,000504
имея 2,827314 0,000278
объединённых 5,129899 0,000504
актуальна 5,129899 0,000504
редакции 1,951845 0,000192
крикет 1,762603 0,000173
имел 2,357310 0,000463
world 1,416327 0,000835
издательство 3,520461 0,000692
tradition 5,129899 0,000504
этим 1,834062 0,000180
спортсменом 2,827314 0,000278
триатлон 1,633391 0,000161
вырабатываемая 5,129899 0,000504
cunningham 5,129899 0,000504
дзигоро 5,129899 0,013110
прямой 2,239527 0,000220
gaeilge 1,951845 0,000192
спортсменов 0,786093 0,001236
тяжёлая 1,633391 0,000482
огнестрельным 5,129899 0,000504
этих 1,301257 0,000256
выполнению 5,129899 0,000504
выполнения 2,644992 0,002080
детей 2,038856 0,000200
выполнении 2,932674 0,000288
перемещениям 5,129899 0,000504
стабильная 2,564949 0,000252
аниме 4,436752 0,000436
или 0,576022 0,001812
турниров 1,664163 0,000164
самозащите 5,129899 0,000504
завладевай 5,129899 0,000504
выработал 5,129899 0,000504
радио 2,421849 0,000238
арбитр 3,050457 0,000300
достигшими 5,129899 0,000504
изучение 4,031286 0,000396
использования 0,393700 0,000077
mifune 5,129899 0,000504
bnf 1,834062 0,000180
капитуляцией 5,129899 0,000504
helio 5,129899 0,000504
вернулся 1,911023 0,000188
белом 3,183989 0,000313
дворовым 5,129899 0,000504
judoinfo 5,129899 0,006051
spb 4,436752 0,000436
правильного 4,436752 0,000436
kano 5,129899 0,002521
затем 1,301257 0,000256
throws 5,129899 0,000504
атаковать 3,338139 0,000328
изучению 4,436752 0,000436
изучения 4,031286 0,001981
橫捨身技 5,129899 0,000504
путин 3,183989 0,000626
разного 3,183989 0,000313
имеющийся 4,031286 0,000396
солт 2,644992 0,000520
путиным 4,436752 0,000436
игры 0,376309 0,000111
ошибки 2,185460 0,000215
ошибке 0,955511 0,000094
оранжевый 4,031286 0,000792
события 0,663991 0,000065
германии 1,323236 0,000130
песни 3,743604 0,000368
четырём 4,031286 0,000396
игра 1,301257 0,000128
песня 3,338139 0,000328
песню 4,436752 0,000872
переход 2,490841 0,000245
униформу 5,129899 0,000504
исключённые 1,762603 0,000173
лёгкая 1,238078 0,000487
реакции 3,338139 0,000328
budokwai 5,129899 0,001008
философской 5,129899 0,000504
становления 3,743604 0,000368
обучающихся 5,129899 0,000504
rumantsch 2,564949 0,000252
использование 1,104547 0,000434
включает 2,038856 0,001002
расширен 3,520461 0,000346
бёдра 4,436752 0,000436
скиинг 1,762603 0,000173
hoare 5,129899 0,001008
柔の形 5,129899 0,000504
планёрный 1,762603 0,000173
koshiki 5,129899 0,000504
лейк 2,357310 0,000463
самосовершенствования 5,129899 0,000504
fighting 4,436752 0,000436
воображения 4,436752 0,000436
ряд 1,797694 0,001414
высокоразвитая 5,129899 0,000504
выносливости 4,031286 0,000792
лицензии 0,986764 0,000097
yoshida 5,129899 0,000504
сам 1,871802 0,000184
четвертьфиналов 3,520461 0,000346
сан 2,085376 0,000205
иная 4,031286 0,000396
запись 0,955511 0,000094
небольшими 4,031286 0,000396
школ 2,564949 0,001513
образован 3,743604 0,000368
сопернику 2,564949 0,000504
吴语 1,238078 0,000122
кумиюси 5,129899 0,000504
соцстран 5,129899 0,000504
госи 5,129899 0,000504
interpreted 5,129899 0,000504
квалификации 1,951845 0,000384
косэн 5,129899 0,001008
барселоне 2,644992 0,000780
россии 0,160085 0,000236
коленном 5,129899 0,000504
дыхания 4,031286 0,000396
действовать 0,955511 0,000094
возможным 3,338139 0,000328
певицы 5,129899 0,000504
ценности 3,183989 0,000939
абсолютная 4,436752 0,002180
палаты 4,031286 0,000792
произошла 2,421849 0,000238
sun 4,031286 0,000396
кубинско 5,129899 0,000504
полицейской 5,129899 0,000504
дата 0,881403 0,006584
мужчин 1,492313 0,000440
keo 5,129899 0,000504
внешние 1,122566 0,000110
срочном 4,436752 0,000436
существует 1,762603 0,000173
барселона 1,834062 0,000541
додзё 5,129899 0,005042
проводить 1,797694 0,000353
осаэкоми 5,129899 0,000504
спид 1,762603 0,000173
мастером 4,031286 0,000396
лежа 5,129899 0,001008
разрешён 3,183989 0,000626
выполнил 3,183989 0,000313
winaray 2,490841 0,000245
мастеров 2,564949 0,000756
tagalog 1,911023 0,000188
желаемую 5,129899 0,000504
kata 5,129899 0,000504
абу 2,827314 0,000278
января 0,825834 0,000568
созданный 3,520461 0,000692
настольный 1,238078 0,000122
кэндзи 5,129899 0,000504
причине 2,490841 0,000245
введения 2,827314 0,000556
хадзуми 5,129899 0,000504
рождения 1,664163 0,000164
выбывания 5,129899 0,000504
преподаваемых 5,129899 0,000504
присутствовала 3,743604 0,000368
дыхательного 5,129899 0,000504
популярность 2,239527 0,000220
результатами 3,050457 0,000300
введение 2,932674 0,000577
тренировочного 5,129899 0,000504
отсечена 5,129899 0,000504
athlete 4,031286 0,000396
лыжное 1,279751 0,000126
degree 5,129899 0,001008
арсенале 4,436752 0,000436
великобританией 5,129899 0,000504
достигшие 4,031286 0,000396
лидеров 2,421849 0,000238
умей 5,129899 0,000504
ẽ 2,732003 0,000269
путём 2,644992 0,000520
syd 5,129899 0,001008
кэндо 4,436752 0,000436
волшебные 1,695912 0,000167
манга 4,031286 0,000792
шлема 2,827314 0,000278
попасть 2,185460 0,000215
нарушившего 5,129899 0,000504
даны 3,743604 0,003312
соперника 1,279751 0,000503
другу 2,732003 0,000537
издана 5,129899 0,000504
упражнений 3,050457 0,000300
рейтинг 0,565551 0,000222
сопоставимый 5,129899 0,000504
временем 2,644992 0,000260
прогресса 3,743604 0,000368
друга 2,296685 0,000226
сид 2,490841 0,000245
stone 3,520461 0,000346
официальными 3,183989 0,000313
мастерами 4,031286 0,000396
zatsepin 5,129899 0,000504
дана 3,520461 0,000346
тщательной 5,129899 0,000504
любое 2,644992 0,000260
велась 2,932674 0,000577
токио 2,296685 0,001806
гокё 5,129899 0,000504
косики 5,129899 0,001008
любой 2,038856 0,000200
традиционно 2,296685 0,000226
фиксированным 5,129899 0,000504
добавились 3,338139 0,000328
kodansha 5,129899 0,001513
правильность 4,436752 0,000436
временной 4,436752 0,000436
синоним 4,436752 0,000436
последовавший 4,436752 0,000436
кружков 4,436752 0,000436
показательные 1,466337 0,000432
сэойнагэ 5,129899 0,001513
српски 1,035554 0,000102
педагога 4,436752 0,000436
治五郎 5,129899 0,000504
поясница 5,129899 0,000504
талантам 5,129899 0,000504
великобритании 2,134166 0,000210
guide 3,338139 0,000656
занимающиеся 4,436752 0,000436
около 1,518981 0,001194
миге 5,129899 0,000504
двоеборье 1,217876 0,000120
входящих 5,129899 0,000504
заниматься 3,050457 0,000300
ведётся 2,827314 0,000278
белые 2,827314 0,000278
белый 2,357310 0,001158
противник 3,338139 0,000984
ски 1,069456 0,000105
минимизации 4,436752 0,000436
белых 3,050457 0,000600
континентальных 3,338139 0,000984
перепевающие 5,129899 0,000504
добавлен 3,743604 0,000368
проживал 5,129899 0,000504
отчёты 3,743604 0,000368
лыжные 1,140915 0,000112
постоянные 3,520461 0,000346
континентальный 3,183989 0,000313
безопасность 3,050457 0,000600
континентальные 3,520461 0,000346
выведение 5,129899 0,002521
сорок 3,520461 0,000346
класса 2,357310 0,000463
преподавание 5,129899 0,000504
например 1,603538 0,001576
обязано 4,031286 0,000792
проведены 2,357310 0,000695
правил 1,323236 0,001951
türkçe 1,052361 0,000103
проведено 2,564949 0,000252
привести 3,183989 0,000313
形 5,129899 0,000504
выбрать 3,050457 0,000300
периода 2,085376 0,000205
развиваемом 5,129899 0,000504
cavalcanti 5,129899 0,000504
укрепления 4,031286 0,000396
site 4,031286 0,000396
госинхо 5,129899 0,000504
общественного 3,338139 0,000328
правильный 4,031286 0,000396
показательных 3,050457 0,000300
союз 1,762603 0,001386
submission 4,436752 0,000436
будет 0,825834 0,000244
герой 2,827314 0,000278
начало 1,633391 0,000321
начали 1,546380 0,000152
начале 1,301257 0,000256
рабиндраната 5,129899 0,000504
тайдзюцу 5,129899 0,000504
суставах 5,129899 0,001008
свежие 0,910391 0,000089
leaders 4,436752 0,000436
начала 1,238078 0,000487
сюрикэндзюцу 5,129899 0,000504
безопасны 5,129899 0,000504
комплекс 3,183989 0,000626
временно 2,932674 0,000288
проводимых 3,183989 0,000939
полезно 4,436752 0,000436
hector 5,129899 0,001008
проводимые 2,357310 0,000695
основатель 3,050457 0,000899
бейсбол 1,466337 0,000288
ranks 5,129899 0,000504
потуже 5,129899 0,000504
снижается 3,743604 0,000368
некоммерческой 0,986764 0,000097
годы 1,258698 0,000247
referees 5,129899 0,000504
безопасности 2,644992 0,000260
механически 5,129899 0,000504
даже 1,198073 0,000118
году 0,630089 0,003344
квалификационных 2,932674 0,000288
одежду 4,031286 0,000396
правилами 1,323236 0,000520
статистика 0,652562 0,000064
одежды 3,338139 0,000328
невозможно 2,564949 0,000252
оцененных 5,129899 0,000504
paris 4,436752 0,001308
самбистов 5,129899 0,002521
созданное 4,031286 0,000396
മലയ 1,695912 0,000167
объявить 3,520461 0,000692
года 0,239550 0,003132
сюжет 3,520461 0,000346
информация 1,035554 0,000102
совершенствования 4,436752 0,001744
переработан 5,129899 0,001008
当て身技 5,129899 0,000504
захват 3,743604 0,001104
одежде 4,031286 0,000396
основными 2,644992 0,000260
сёрфинг 1,762603 0,000173
источник 0,853233 0,000335
