ру 1,994404 0,000911
лучшая 2,564949 0,001171
день 0,760451 0,001389
плэсиде 3,743604 0,001709
неплохо 3,338139 0,003049
газета 1,633391 0,000746
сакамото 3,520461 0,001608
выигрывать 3,338139 0,001524
стал 0,586604 0,000536
играх 0,699082 0,000638
выиграл 1,178655 0,000538
заявил 1,441019 0,001316
них 1,178655 0,000538
милане 2,038856 0,001862
со 0,447767 0,000818
центр 0,881403 0,000402
давайте 3,743604 0,001709
поставила 3,743604 0,001709
долго 3,338139 0,001524
заявлении 4,436752 0,006078
оскорблениями 4,436752 0,002026
коэффициенты 3,743604 0,005128
опережает 4,031286 0,001841
тв 1,633391 0,000746
реклама 0,735450 0,000672
фото 0,799165 0,000365
лет 0,475938 0,000217
связь 1,392229 0,001907
использованием 2,564949 0,001171
то 0,652562 0,001490
финала 1,104547 0,002522
сейчас 1,104547 0,001009
четвертьфинал 1,951845 0,000891
проекты 1,198073 0,000547
представлены 2,564949 0,001171
матчах 1,574551 0,002876
ты 2,421849 0,002212
главные 1,086847 0,000496
назвал 1,323236 0,003021
коньки 2,564949 0,001171
вторым 1,911023 0,000873
пор 1,574551 0,000719
конфиденциальности 0,317714 0,000435
урманова 5,129899 0,002342
вероятности 4,436752 0,002026
связи 1,159607 0,000530
столкнулись 3,520461 0,001608
теперь 0,971016 0,000887
разгромив 3,338139 0,001524
нападающего 2,564949 0,001171
закрепило 4,031286 0,001841
при 0,367725 0,000672
осознавать 5,129899 0,002342
обвинение 3,183989 0,002908
крови 3,338139 0,001524
главным 1,633391 0,000746
винисиус 2,296685 0,002097
финалу 3,338139 0,001524
главный 1,035554 0,000473
x 1,279751 0,009350
проекте 1,546380 0,001412
второго 1,466337 0,001339
появиться 4,031286 0,001841
вступил 2,932674 0,001339
красную 2,644992 0,001208
фиксированной 4,031286 0,001841
италия 0,867219 0,001980
туризма 3,743604 0,003419
сыграет 1,603538 0,002929
наконец 2,296685 0,002097
окончании 1,911023 0,001745
часа 1,911023 0,000873
уступила 2,085376 0,001904
подписания 3,743604 0,003419
разгромно 3,520461 0,001608
однако 1,069456 0,000488
олимпизм 1,466337 0,004017
себя 0,940244 0,000429
спорта 0,342407 0,001407
победу 0,910391 0,000416
южной 1,797694 0,000821
афк 2,827314 0,001291
материалов 1,217876 0,001112
корея 2,085376 0,000952
италии 1,002764 0,000458
спортс 1,871802 0,015385
получил 1,002764 0,002289
стороны 1,546380 0,000706
обыграла 1,911023 0,000873
прошла 1,994404 0,001821
повреждение 3,743604 0,001709
один 0,711058 0,000325
себе 1,546380 0,001412
любителей 1,762603 0,000805
дают 2,421849 0,001106
говоришь 4,031286 0,001841
очков 1,198073 0,000547
дрэгонс 2,932674 0,001339
полностью 1,546380 0,000706
дэн 3,743604 0,001709
чм 1,492313 0,000681
физическое 3,743604 0,001709
барсе 4,031286 0,001841
локомотив 0,910391 0,001247
выход 1,574551 0,002876
вильярреала 4,031286 0,001841
юнайтед 2,185460 0,000998
единого 3,050457 0,001393
журналист 2,932674 0,002678
телеведущая 3,743604 0,001709
части 1,664163 0,001520
постыдно 4,031286 0,001841
арсенал 1,466337 0,000670
сша 0,586604 0,001339
колумбиец 4,436752 0,002026
игроков 1,238078 0,001131
сообщалось 3,743604 0,001709
говорить 3,520461 0,001608
канала 2,564949 0,001171
качестве 1,574551 0,000719
инциденту 4,436752 0,004052
самбо 1,994404 0,003643
корабелка 4,031286 0,001841
подряд 1,258698 0,001149
стычку 4,031286 0,001841
трансфер 2,827314 0,001291
сборные 0,839439 0,001533
потерпел 2,732003 0,001247
нижней 3,743604 0,003419
протон 4,436752 0,002026
одинцово 3,743604 0,001709
проиграл 1,633391 0,000746
команда 0,663991 0,001516
лучший 1,368699 0,001875
игроки 0,986764 0,000451
лучшим 1,951845 0,000891
заречье 4,031286 0,001841
команде 1,258698 0,000575
будут 1,392229 0,000636
игрока 1,492313 0,000681
команды 0,555188 0,000254
новостей 1,574551 0,000719
зенит 0,895792 0,001636
никогда 1,951845 0,001783
лоб 4,031286 0,003682
кошта 3,743604 0,001709
очка 1,574551 0,002157
жизни 1,122566 0,000513
показал 2,085376 0,000952
золото 1,217876 0,001668
слова 1,574551 0,000719
кросби 1,994404 0,000911
сообщает 1,994404 0,000911
минчанка 4,436752 0,002026
находится 1,492313 0,002044
шапочке 3,743604 0,001709
почве 3,743604 0,003419
спортсмен 1,466337 0,001339
леон 1,797694 0,001642
разница 2,490841 0,001137
четырех 3,050457 0,001393
завоевал 1,911023 0,000873
его 0,447767 0,001431
звание 2,185460 0,000998
только 0,447767 0,000204
шорт 1,086847 0,001489
нхл 0,925206 0,002112
гордона 2,932674 0,001339
дальше 1,492313 0,003407
турнир 0,699082 0,001277
фонбет 1,466337 0,001339
мире 1,198073 0,001094
шла 3,520461 0,001608
мадридцев 4,031286 0,003682
аравия 1,951845 0,001783
кристиана 4,031286 0,001841
мира 0,367725 0,000672
чехией 3,050457 0,001393
выиграют 3,743604 0,001709
интересен 3,743604 0,001709
финальном 2,564949 0,002342
почему 1,122566 0,000513
кордобу 3,743604 0,001709
зачете 4,436752 0,002026
енисей 2,421849 0,001106
хороший 2,732003 0,001247
завершен 2,732003 0,014970
когда 0,652562 0,000894
значит 2,644992 0,001208
всего 0,812411 0,000371
эйонга 4,031286 0,001841
паралимпийских 3,050457 0,004179
оренбург 1,323236 0,001208
защитник 1,574551 0,002157
карьеры 2,085376 0,001904
буду 2,296685 0,001049
дисквалификации 2,732003 0,001247
шахматы 1,871802 0,001709
общим 2,732003 0,001247
выйдут 4,031286 0,001841
футболу 1,492313 0,000681
ссср 0,940244 0,000859
паралимпийский 3,743604 0,001709
главном 3,183989 0,001454
буде 2,564949 0,003514
сильнейшей 2,932674 0,001339
международном 2,732003 0,001247
шашки 4,031286 0,003682
произвольная 3,520461 0,001608
статус 1,871802 0,000855
международной 1,345709 0,000614
матчей 0,940244 0,001288
против 0,747872 0,001366
другие 0,384967 0,000703
так 0,597299 0,000545
салават 2,134166 0,000975
нового 1,574551 0,000719
винисиусом 2,564949 0,001171
наверное 3,520461 0,001608
летнего 2,239527 0,001023
точку 3,050457 0,001393
кортина 2,490841 0,002275
валиева 2,239527 0,003068
англия 1,574551 0,002157
ньюкаслу 3,743604 0,001709
тура 1,728701 0,000789
футболкой 4,436752 0,004052
наполи 2,644992 0,002416
расовой 4,436752 0,004052
йенсу 4,436752 0,002026
быть 0,773190 0,000706
sport 1,122566 0,002563
него 1,368699 0,000625
федерации 0,663991 0,000303
швеции 1,664163 0,000760
есть 0,812411 0,000371
национальных 1,871802 0,000855
спорт 0,224624 0,002051
таки 2,296685 0,001049
емельяненко 2,421849 0,001106
впечатлила 4,436752 0,002026
этом 0,565551 0,001549
обыграл 1,574551 0,000719
франция 1,122566 0,001025
сильное 3,338139 0,001524
этот 0,825834 0,001508
четыре 1,140915 0,001042
вингер 3,743604 0,003419
швеция 1,345709 0,000614
шайдорова 4,436752 0,002026
делом 3,338139 0,001524
продать 3,338139 0,004573
потасовка 4,436752 0,002026
тайм 2,085376 0,003809
трекист 4,031286 0,003682
хавбек 3,183989 0,002908
стала 0,881403 0,000402
фигуристка 2,644992 0,001208
составе 1,546380 0,000706
нарратив 4,031286 0,001841
настоящему 2,732003 0,001247
фигуристки 2,932674 0,001339
опровергла 4,031286 0,001841
немецкий 2,421849 0,001106
вовлечен 4,436752 0,002026
испании 1,834062 0,000837
спортивные 1,104547 0,000504
выступлений 1,664163 0,000760
первая 0,867219 0,000792
игрой 2,185460 0,000998
высокой 2,421849 0,001106
чимаева 3,520461 0,001608
аделии 2,827314 0,001291
женщины 0,881403 0,000805
открытие 2,357310 0,002153
раз 0,504926 0,000461
чемпионат 0,277868 0,000381
педри 4,031286 0,001841
дюбуа 3,183989 0,001454
реалу 3,338139 0,001524
испания 1,466337 0,002009
ожидании 3,520461 0,001608
выиграть 1,466337 0,001339
болельщиков 1,574551 0,000719
спустя 1,911023 0,000873
ему 1,323236 0,000604
диас 3,743604 0,001709
открытия 2,134166 0,000975
массимилиано 4,436752 0,004052
рбк 1,797694 0,000821
тем 1,217876 0,000556
доме 2,827314 0,001291
президенты 2,732003 0,001247
ммавсе 5,129899 0,002342
напрыганности 4,436752 0,002026
без 0,466460 0,000426
этта 3,338139 0,001524
дома 1,695912 0,000774
поле 1,217876 0,000556
поступают 3,338139 0,001524
бен 2,932674 0,001339
трансляции 1,441019 0,000658
представители 1,633391 0,001492
бет 1,834062 0,001675
даути 3,743604 0,001709
опоздал 3,338139 0,001524
лучше 1,695912 0,000774
принесла 3,183989 0,001454
моуринью 2,932674 0,001339
амур 2,732003 0,001247
разбирательство 3,743604 0,003419
спортсмены 1,140915 0,000521
российских 1,323236 0,001813
поражения 1,834062 0,001675
евро 1,466337 0,002678
скамейке 3,050457 0,002786
спрашивали 4,031286 0,001841
итоги 1,834062 0,000837
пока 1,159607 0,000530
ислам 2,085376 0,001904
посол 5,129899 0,002342
реала 2,564949 0,003514
период 1,159607 0,000530
сибирь 2,134166 0,000975
клуб 0,940244 0,001288
миллионов 1,911023 0,001745
волейболу 2,932674 0,002678
вида 1,664163 0,000760
брата 3,338139 0,001524
комплектов 2,644992 0,001208
канаду 2,490841 0,001137
нижний 1,159607 0,001059
бавария 2,038856 0,000931
чемпионата 0,735450 0,000336
катаниевсе 5,129899 0,002342
всегда 1,258698 0,000575
поражение 1,546380 0,001412
вильярреал 2,827314 0,001291
ростов 1,002764 0,000916
чемпионате 1,178655 0,000538
купер 2,932674 0,001339
после 0,317714 0,001306
краснодар 0,925206 0,001267
заняли 2,134166 0,000975
букмекеров 1,198073 0,002735
вышел 1,574551 0,000719
южная 1,797694 0,000821
разбил 3,743604 0,003419
заняла 1,951845 0,000891
канада 1,301257 0,001783
сессия 4,031286 0,001841
целиком 4,436752 0,002026
замыкает 4,031286 0,001841
никита 1,603538 0,001464
думала 4,031286 0,003682
федор 2,357310 0,001076
если 0,675551 0,000925
периодом 3,338139 0,001524
вторник 3,338139 0,003049
удалось 2,085376 0,000952
групповой 2,085376 0,000952
может 0,630089 0,000288
липницкая 5,129899 0,002342
больше 0,812411 0,000371
беларусь 1,368699 0,001875
необоснованное 3,743604 0,003419
взаимными 4,436752 0,002026
следить 3,338139 0,001524
настолько 3,050457 0,001393
прочие 1,345709 0,001843
казань 1,345709 0,001229
обратная 1,441019 0,001974
риа 1,466337 0,000670
милан 1,633391 0,002238
стыковых 3,050457 0,002786
миланцы 5,129899 0,002342
олимпиакоса 3,743604 0,001709
министр 2,421849 0,001106
контракт 1,518981 0,001387
международный 1,258698 0,000575
разыграют 3,050457 0,001393
интера 2,732003 0,002495
скандала 2,421849 0,001106
комитет 1,911023 0,000873
матч 0,411400 0,000939
головами 3,743604 0,001709
скандале 3,743604 0,001709
мба 3,183989 0,002908
генич 2,644992 0,001208
выиграли 1,518981 0,000694
ньюкасл 2,085376 0,001904
поэтому 1,392229 0,000636
олимпиакос 2,085376 0,000952
маи 3,338139 0,003049
динамо 0,663991 0,003335
семь 2,038856 0,000931
президентом 1,834062 0,000837
стране 1,951845 0,000891
экспресс 1,416327 0,001940
сегодня 0,881403 0,000402
звездной 5,129899 0,002342
постараюсь 3,743604 0,001709
сразу 1,392229 0,000636
последовательно 3,338139 0,001524
ложное 4,031286 0,003682
выиграла 1,345709 0,000614
полуфинал 1,633391 0,000746
важен 3,520461 0,001608
рады 3,520461 0,001608
отстает 3,743604 0,001709
проигрывает 3,050457 0,001393
лиги 0,895792 0,002454
глимт 2,038856 0,002793
проведет 3,338139 0,001524
лиге 1,368699 0,000625
проигрывала 3,520461 0,001608
виктора 2,732003 0,001247
фиас 5,129899 0,002342
лига 0,402511 0,003125
франсуа 3,520461 0,003215
бедра 3,183989 0,001454
истории 0,630089 0,001151
летний 1,834062 0,000837
том 0,895792 0,000818
олимпиаде 0,895792 0,000818
стоимости 3,520461 0,001608
совершенно 3,183989 0,001454
центре 2,185460 0,000998
олимпиада 1,104547 0,000504
тот 1,416327 0,000647
единой 2,644992 0,001208
приходится 2,296685 0,001049
барс 1,695912 0,000774
календарь 0,735450 0,000672
союза 1,797694 0,000821
bettery 1,871802 0,001709
тихонова 3,050457 0,001393
делает 2,357310 0,001076
альпинизма 5,129899 0,002342
олимпиаду 1,664163 0,000760
шанхай 2,644992 0,001208
олимпиады 0,925206 0,002535
таблица 0,925206 0,001267
довольно 2,490841 0,001137
норвегия 1,834062 0,000837
российская 0,799165 0,000365
либо 1,140915 0,000521
встретится 3,183989 0,001454
дорогих 3,743604 0,001709
бой 2,134166 0,000975
чемпион 0,867219 0,000396
джанлука 3,743604 0,003419
допустит 4,436752 0,002026
ушел 2,239527 0,001023
пьедестал 2,732003 0,001247
голов 1,871802 0,001709
катание 0,534779 0,001465
оказывали 4,436752 0,002026
первое 1,279751 0,001169
как 0,232059 0,000212
встречу 3,338139 0,001524
саудовская 1,951845 0,001783
купили 4,031286 0,003682
условие 3,183989 0,001454
премьер 1,217876 0,003893
pari 1,603538 0,001464
отвечать 3,520461 0,001608
расписание 1,695912 0,000774
встрече 2,296685 0,001049
дистанции 1,911023 0,001745
забеге 3,050457 0,001393
скрывать 4,031286 0,001841
этого 0,881403 0,000402
танцуй 3,338139 0,001524
ufc 1,441019 0,001316
отыграться 3,050457 0,001393
отличился 3,183989 0,001454
чемпионов 0,652562 0,003278
своим 1,728701 0,000789
второй 0,786093 0,000718
условия 0,411400 0,000188
готов 2,038856 0,001862
шайб 2,490841 0,001137
играет 1,994404 0,000911
аркадаг 3,520461 0,001608
ленинградка 3,338139 0,004573
рпл 1,140915 0,001042
ещё 0,420369 0,000960
вероятностью 4,436752 0,002026
тур 1,546380 0,001412
испанский 3,050457 0,001393
еще 0,955511 0,001309
теннис 0,495170 0,001131
выйти 2,038856 0,001862
рот 3,743604 0,003419
ахмат 1,217876 0,001112
фигурное 0,534779 0,001465
менее 1,258698 0,000575
рейс 2,732003 0,001247
тренироваться 2,827314 0,001291
ставки 1,603538 0,001464
должно 1,762603 0,000805
первой 1,019025 0,000465
польши 2,732003 0,001247
ставку 2,421849 0,001106
чехословакию 4,031286 0,001841
конфликт 2,357310 0,001076
соответствует 3,050457 0,001393
помощь 2,239527 0,001023
первом 1,052361 0,000961
лидирующего 4,031286 0,001841
исполнении 2,932674 0,001339
а 0,209918 0,000288
б 1,466337 0,000670
в 0,017911 0,000736
as 2,564949 0,001171
д 0,895792 0,000818
чехии 1,911023 0,000873
и 0,023953 0,000350
политика 0,239550 0,000328
интер 1,633391 0,001492
й 0,825834 0,002640
четверг 2,732003 0,001247
комо 2,421849 0,004423
м 0,534779 0,000488
н 0,895792 0,000818
о 0,042302 0,000309
п 1,086847 0,017370
почетное 5,129899 0,002342
с 0,036149 0,000363
т 1,368699 0,001250
у 0,342407 0,001251
бенфики 2,827314 0,005164
отыграть 3,743604 0,001709
авто 0,925206 0,002112
они 0,760451 0,001736
звезд 2,185460 0,000998
победители 1,797694 0,000821
репортажи 1,797694 0,000821
реваншем 4,436752 0,002026
я 0,853233 0,002727
бенфика 2,644992 0,001208
сочи 0,853233 0,000779
футбол 0,285712 0,003914
мир 1,546380 0,000706
бум 1,911023 0,001745
ювентус 2,421849 0,001106
бенфику 2,932674 0,002678
моей 2,490841 0,001137
этап 1,392229 0,000636
четвертьфинале 1,994404 0,000911
метров 1,762603 0,000805
время 0,384967 0,000879
досталась 3,338139 0,001524
тебе 2,932674 0,001339
атлетико 1,911023 0,003490
четверку 4,436752 0,002026
новгород 1,217876 0,001112
кем 2,932674 0,001339
белорусских 3,743604 0,003419
символов 3,520461 0,001608
мелбет 1,762603 0,001610
руй 3,183989 0,001454
соцсетях 1,466337 0,000670
млн 1,728701 0,001579
шанс 2,185460 0,001996
зарубежный 1,911023 0,002618
первую 1,518981 0,000694
кровотечение 3,743604 0,001709
ставок 1,664163 0,001520
суммы 3,338139 0,001524
соперников 1,664163 0,000760
выиграет 2,644992 0,001208
показать 0,825834 0,000377
оскорблял 4,436752 0,004052
мма 1,069456 0,002442
собираюсь 3,183989 0,001454
допинговой 4,436752 0,002026
впоследствии 1,911023 0,001745
алиса 4,436752 0,002026
олимпийские 0,895792 0,000409
счету 2,357310 0,001076
юлаев 2,185460 0,000998
филиппов 3,050457 0,002786
перенесенном 3,520461 0,003215
счет 1,797694 0,001642
олимпийский 0,853233 0,001169
прокомментировала 3,183989 0,001454
тяжелые 4,436752 0,002026
читать 0,586604 0,001339
хамзата 5,129899 0,002342
игр 0,367725 0,001175
счете 3,520461 0,001608
равно 2,827314 0,001291
вендел 2,490841 0,001137
приятным 5,129899 0,002342
всех 0,652562 0,000596
представлен 3,183989 0,001454
соревновательный 3,520461 0,001608
этапе 1,633391 0,000746
отразил 4,031286 0,001841
расистов 3,520461 0,001608
видео 0,699082 0,000319
чехия 1,518981 0,000694
спросил 4,436752 0,002026
польша 2,185460 0,000998
биатлон 0,534779 0,001221
предложил 2,038856 0,001862
лишь 1,159607 0,001059
раздевалку 2,932674 0,001339
счетом 2,239527 0,005113
заплатила 4,031286 0,001841
московский 2,296685 0,001049
одного 1,140915 0,000521
мой 2,421849 0,002212
случилась 3,520461 0,001608
мол 3,050457 0,001393
говорится 3,520461 0,004823
стартовом 2,732003 0,001247
хоккею 1,603538 0,000732
любимым 3,338139 0,001524
середине 1,994404 0,001821
представителем 2,827314 0,002582
подтрибунке 4,436752 0,002026
швейцария 1,603538 0,002197
отрабатывать 3,743604 0,001709
накатанности 4,436752 0,002026
среди 0,597299 0,000273
жги 3,520461 0,001608
канадский 2,564949 0,002342
москва 0,760451 0,000347
меня 1,518981 0,002774
олимп 1,762603 0,001610
данному 3,520461 0,003215
удивительно 5,129899 0,002342
послом 3,520461 0,001608
сказала 3,338139 0,001524
джейкобс 4,031286 0,001841
результат 1,416327 0,000647
голкипер 2,827314 0,001291
опережают 4,031286 0,001841
особенно 2,038856 0,000931
далее 2,185460 0,000998
офф 1,019025 0,000931
должен 1,122566 0,001538
дал 2,239527 0,001023
тасс 1,695912 0,001549
матча 1,002764 0,002289
матчи 0,773190 0,000353
торпедо 1,574551 0,001438
котором 1,217876 0,000556
реал 1,492313 0,001363
матче 0,747872 0,003073
чен 3,743604 0,001709
лужниках 3,520461 0,001608
мск 2,421849 0,025435
зетре 4,436752 0,002026
хедман 3,743604 0,003419
большинства 2,732003 0,001247
стать 1,441019 0,000658
акрон 1,279751 0,001169
работать 2,296685 0,002097
романо 3,183989 0,001454
жен 2,564949 0,002342
поедет 4,031286 0,001841
был 0,663991 0,000910
керлинг 3,183989 0,001454
провести 1,951845 0,000891
это 0,277868 0,000634
станет 1,911023 0,000873
два 0,760451 0,000347
спортсменов 0,786093 0,000359
бронза 2,644992 0,001208
тренер 0,895792 0,000818
остальной 4,436752 0,002026
номера 2,421849 0,001106
утверждение 3,050457 0,001393
отмороженной 4,436752 0,002026
новости 0,301585 0,001102
старт 1,416327 0,000647
розен 4,436752 0,002026
шестое 2,732003 0,001247
mail 1,301257 0,005348
или 0,576022 0,000263
финляндия 1,492313 0,001363
стыковой 4,031286 0,001841
шестой 2,827314 0,001291
вышло 2,564949 0,001171
арбитру 3,520461 0,003215
северсталь 2,134166 0,000975
омичка 4,436752 0,004052
вини 3,338139 0,001524
использования 0,393700 0,000180
василием 4,436752 0,002026
повели 3,183989 0,002908
омичке 4,031286 0,001841
брюгге 1,951845 0,001783
белом 3,183989 0,001454
подошло 4,031286 0,001841
германия 1,140915 0,001563
медалей 1,238078 0,000565
увидели 3,050457 0,001393
программа 1,574551 0,000719
начал 1,951845 0,001783
ван 2,296685 0,002097
стыковом 2,564949 0,002342
сараевской 4,436752 0,002026
игровые 1,603538 0,002197
теории 3,743604 0,001709
игры 0,376309 0,000515
февраля 0,232059 0,002013
продолжил 2,827314 0,001291
аргентинский 3,520461 0,001608
игру 1,466337 0,002009
минут 1,258698 0,000575
события 0,663991 0,000303
полузащитник 2,490841 0,001137
игре 1,198073 0,001094
штольц 4,031286 0,001841
тогда 1,466337 0,000670
словакия 1,834062 0,000837
самых 1,546380 0,000706
проигнорирует 5,129899 0,004685
игра 1,301257 0,000594
вауту 4,436752 0,002026
компания 1,279751 0,001169
фабрицио 4,031286 0,001841
марта 0,881403 0,000402
континентальной 3,183989 0,001454
заплатить 2,932674 0,001339
титул 1,603538 0,000732
краснодаре 2,732003 0,001247
большим 2,085376 0,000952
прыжки 1,019025 0,000465
присутствовать 3,520461 0,001608
уралочка 3,743604 0,001709
возрващение 4,436752 0,002026
азербайджанский 4,436752 0,002026
моргунов 4,031286 0,001841
компании 1,301257 0,000594
неделю 2,038856 0,001862
использование 1,104547 0,001009
пора 2,827314 0,001291
рекомендаций 1,871802 0,002564
самым 1,392229 0,000636
рубин 1,217876 0,001112
неправ 4,031286 0,001841
престианни 3,338139 0,004573
советов 1,217876 0,001112
вредный 3,743604 0,001709
зимних 1,633391 0,001492
тоже 1,911023 0,000873
ничем 3,743604 0,001709
лейк 2,357310 0,001076
биннингтоне 3,743604 0,001709
летексье 4,436752 0,004052
ак 1,695912 0,000774
рома 2,827314 0,001291
балтика 1,258698 0,002299
шестаковым 5,129899 0,002342
уверенную 3,743604 0,001709
поддержал 2,827314 0,001291
заинтересован 3,338139 0,001524
туров 2,564949 0,001171
советская 2,296685 0,001049
месяц 2,564949 0,001171
метар 3,743604 0,001709
сам 1,871802 0,000855
министерства 3,050457 0,001393
сборная 0,711058 0,000649
соперники 2,490841 0,001137
аталанты 4,436752 0,002026
нападающий 1,797694 0,000821
ra 4,031286 0,001841
возможности 1,994404 0,000911
переходе 2,239527 0,001023
министерство 3,338139 0,001524
бы 1,052361 0,000961
уефа 1,466337 0,001339
сказал 1,762603 0,003219
кхл 0,760451 0,003820
россии 0,160085 0,000804
английский 2,732003 0,001247
фитнес 1,574551 0,002157
кубок 0,524729 0,000958
во 0,495170 0,001131
баллов 2,564949 0,001171
обязан 2,490841 0,001137
возможных 2,644992 0,001208
церемония 2,732003 0,001247
уже 0,687247 0,001255
одержал 1,871802 0,000855
общая 2,296685 0,001049
организацией 2,357310 0,001076
сообщают 4,436752 0,002026
букмекеры 1,664163 0,001520
лидирует 3,183989 0,001454
трактор 2,134166 0,000975
обезьяной 3,743604 0,003419
речь 3,183989 0,001454
просто 1,492313 0,000681
конце 1,518981 0,000694
го 1,279751 0,001169
церемонии 2,732003 0,001247
видимо 4,436752 0,002026
конца 1,546380 0,000706
свой 1,217876 0,000556
доброfon 4,436752 0,002026
говорили 3,338139 0,001524
барселоны 2,827314 0,001291
пари 1,301257 0,001188
свое 2,490841 0,001137
учетом 4,436752 0,002026
хромая 4,031286 0,001841
получиться 4,436752 0,002026
отстают 4,436752 0,002026
ibu 2,239527 0,001023
плей 1,002764 0,000916
казахстан 1,301257 0,001783
тулица 4,436752 0,002026
шайбой 1,122566 0,000513
перед 0,839439 0,000383
американский 1,258698 0,001149
до 0,239550 0,000547
стивен 3,520461 0,001608
турнире 1,198073 0,002188
гостях 2,239527 0,001023
другой 1,492313 0,000681
началось 2,490841 0,001137
обследуют 3,743604 0,003419
карабах 2,038856 0,002793
трек 1,159607 0,000530
окей 3,743604 0,003419
ее 1,871802 0,000855
скорее 2,564949 0,001171
бросков 2,644992 0,001208
разминки 4,031286 0,001841
арсеналу 3,183989 0,001454
попытаемся 4,031286 0,001841
баскетбол 0,773190 0,000353
разминке 3,183989 0,001454
столкновение 3,338139 0,001524
факт 3,338139 0,001524
vk 1,441019 0,000658
пропустил 2,185460 0,000998
для 0,146292 0,000334
атлетов 2,732003 0,001247
турнирная 1,441019 0,001974
кореей 3,743604 0,001709
mma 2,038856 0,000931
мото 1,574551 0,003595
мастер 1,911023 0,000873
кубке 1,441019 0,000658
секунды 2,490841 0,001137
что 0,239550 0,001860
за 0,125952 0,001208
победил 1,279751 0,001753
ходе 2,085376 0,001904
минское 2,564949 0,001171
рейтинг 0,565551 0,001808
было 0,438551 0,000601
ваут 4,031286 0,001841
энтони 2,038856 0,000931
женское 3,183989 0,001454
показатель 2,644992 0,002416
американка 2,932674 0,001339
занимаюсь 4,031286 0,001841
карточку 2,644992 0,001208
расистского 3,338139 0,001524
плющенко 2,239527 0,001023
дверь 3,743604 0,003419
ампеццо 2,490841 0,002275
технологиях 1,911023 0,002618
чемпионство 2,357310 0,001076
дня 1,104547 0,001009
была 0,652562 0,000298
гола 1,951845 0,001783
бетсити 1,633391 0,001492
петросян 1,441019 0,002632
винлайн 1,834062 0,001675
из 0,106018 0,000387
играют 1,728701 0,000789
еврокубки 1,546380 0,002118
наш 2,357310 0,001076
роналду 1,911023 0,000873
их 0,799165 0,000365
наср 3,338139 0,001524
авербух 3,183989 0,001454
удовольствием 2,932674 0,001339
хоккей 0,376309 0,003437
спартак 0,786093 0,001436
аллегри 3,743604 0,003419
нам 1,797694 0,001642
мелле 4,031286 0,001841
хоккее 2,038856 0,000931
сих 2,421849 0,001106
около 1,518981 0,000694
ска 1,279751 0,000584
байер 1,994404 0,000911
четырехлетия 5,129899 0,002342
ски 1,069456 0,000488
серия 1,052361 0,000481
цска 0,711058 0,001948
россиян 1,762603 0,000805
тела 2,134166 0,001949
жирный 4,031286 0,003682
даку 3,183989 0,002908
серии 1,159607 0,001589
является 1,086847 0,000496
суперлига 1,574551 0,000719
забыли 3,520461 0,001608
разгромило 3,183989 0,001454
которые 0,760451 0,000347
лыжный 1,728701 0,003947
который 0,799165 0,000365
клуба 1,178655 0,001615
действительности 4,436752 0,002026
класса 2,357310 0,001076
идет 2,490841 0,001137
которым 1,518981 0,000694
закрыл 3,520461 0,003215
напряженной 3,743604 0,001709
балла 2,564949 0,001171
крылья 1,258698 0,001149
победа 1,238078 0,000565
камила 2,357310 0,002153
трансферной 3,743604 0,001709
периода 2,085376 0,000952
байером 4,031286 0,001841
президент 1,416327 0,001293
лч 2,185460 0,003992
ожидается 4,031286 0,001841
лю 3,338139 0,001524
нидерланд 4,436752 0,002026
россонери 4,436752 0,002026
олимпийское 2,490841 0,001137
пирола 4,031286 0,003682
мн 2,490841 0,001137
место 0,597299 0,000818
примерно 2,085376 0,000952
побед 1,301257 0,001188
перешел 2,490841 0,001137
тайма 2,644992 0,001208
мх 1,728701 0,001579
нее 3,050457 0,001393
мы 0,925206 0,000845
мю 2,296685 0,001049
травмы 1,492313 0,000681
на 0,023953 0,000317
смогла 2,185460 0,000998
махачев 2,134166 0,002924
вингеру 3,743604 0,001709
не 0,099461 0,000772
форвард 2,421849 0,004423
ведомства 4,436752 0,002026
прикрыв 4,436752 0,004052
травму 1,911023 0,001745
медальном 3,743604 0,001709
но 0,402511 0,000735
xiv 2,490841 0,001137
намерен 3,520461 0,001608
бонусов 4,031286 0,001841
водные 0,867219 0,001980
сервисов 1,834062 0,000837
скотт 3,743604 0,001709
эфире 2,564949 0,001171
владивостоке 4,031286 0,001841
хватает 1,762603 0,000805
аль 2,644992 0,001208
ней 1,762603 0,000805
об 0,217244 0,000298
нем 2,085376 0,000952
вулверхэмптон 2,564949 0,001171
хоккейной 2,644992 0,001208
мужчины 1,019025 0,001861
он 0,534779 0,001465
от 0,160085 0,000658
переходить 3,743604 0,001709
бразильца 3,050457 0,002786
альвареса 4,031286 0,003682
статистика 0,652562 0,000298
бокс 0,576022 0,001315
все 0,125952 0,001093
комментатор 2,564949 0,001171
года 0,239550 0,000219
по 0,073653 0,000370
туркменский 4,436752 0,002026
информации 1,518981 0,000694
взгляд 3,050457 0,002786
травме 3,520461 0,001608
сыграла 2,827314 0,002582
кандидатов 3,338139 0,001524
завершения 2,357310 0,001076
амбициозные 3,743604 0,001709
втб 1,834062 0,000837
запасных 2,827314 0,001291
киву 5,129899 0,002342
вничью 1,797694 0,001642
какой 1,911023 0,000873
видов 1,392229 0,000636
леванте 2,932674 0,005356
бомбардир 2,644992 0,001208
итальянца 3,743604 0,001709
участия 1,633391 0,001492
