грачёв 4,031286 0,005418
злобин 5,129899 0,006895
сертификация 4,436752 0,017890
бывальцев 5,129899 0,006895
новожилов 5,129899 0,006895
линия 2,296685 0,003087
тур 1,546380 0,008314
будущего 3,050457 0,049201
поездку 5,129899 0,006895
согласие 2,564949 0,003448
шоу 1,441019 0,001937
центр 0,881403 0,005923
барыс 3,050457 0,004100
стало 1,217876 0,001637
вратарь 1,728701 0,009294
юридический 4,031286 0,005418
майорова 4,436752 0,005963
бодров 4,031286 0,005418
александр 0,925206 0,002487
нападающий 1,797694 0,053158
кукштель 5,129899 0,006895
декабрь 3,183989 0,034236
легенды 1,994404 0,008042
принял 1,664163 0,002237
в 0,017911 0,000361
д 0,895792 0,002408
фото 0,799165 0,004297
лет 0,475938 0,003838
и 0,023953 0,000322
политика 0,239550 0,000322
к 0,132686 0,000178
илья 1,911023 0,007706
наши 1,323236 0,007114
о 0,042302 0,000114
санкт 1,279751 0,001720
cup 2,134166 0,002869
получилась 5,129899 0,006895
кхл 0,760451 0,002044
пресс 1,086847 0,002922
россии 0,160085 0,001506
с 0,036149 0,000049
семаку 4,436752 0,005963
ru 0,285712 0,001152
теория 2,732003 0,011016
х 0,986764 0,005305
филиппова 3,183989 0,004280
кубок 0,524729 0,013400
главные 1,086847 0,001461
персональных 2,185460 0,005875
цели 2,296685 0,009261
ионин 5,129899 0,006895
женских 2,134166 0,002869
церемония 2,732003 0,011016
вхл 1,664163 0,004474
структура 2,421849 0,009766
ул 2,732003 0,003672
вы 0,325878 0,000438
юношеские 2,357310 0,003168
кирилл 1,797694 0,002416
екатеринбург 2,490841 0,003348
таратухин 5,129899 0,006895
юрьев 5,129899 0,006895
иихф 3,743604 0,010063
речь 3,183989 0,017118
турниры 0,895792 0,004816
лиг 2,732003 0,011016
jastar 5,129899 0,006895
при 0,367725 0,000494
данных 1,871802 0,005032
россия 0,699082 0,021611
проскуряков 4,436752 0,005963
бакика 5,129899 0,006895
минске 4,031286 0,005418
минспорт 3,743604 0,010063
виктор 1,574551 0,002116
u 1,345709 0,047027
окоряк 5,129899 0,006895
главный 1,035554 0,001392
свое 2,490841 0,003348
x 1,279751 0,001720
петербурге 2,296685 0,003087
сильных 2,827314 0,003800
методика 3,183989 0,012839
январь 2,827314 0,007600
прошедший 3,050457 0,004100
партнеры 2,296685 0,009261
колмыкова 5,129899 0,006895
сергей 1,392229 0,001871
легенд 3,050457 0,012300
автозаводская 4,436752 0,005963
игорь 1,951845 0,002623
реестр 4,436752 0,017890
введения 2,827314 0,011400
казахстан 1,301257 0,005247
фотография 3,520461 0,004732
схл 5,129899 0,013790
новикова 4,436752 0,005963
сайт 0,773190 0,001039
рождения 1,664163 0,002237
руководство 1,603538 0,006466
зал 2,239527 0,009030
адрес 2,038856 0,005481
ивр 5,129899 0,013790
квартальнов 3,050457 0,004100
ставок 1,664163 0,008947
климкина 5,129899 0,006895
соперников 1,664163 0,002237
задачи 2,827314 0,011400
руководителей 3,743604 0,005032
кнопку 2,732003 0,003672
олимпийские 0,895792 0,003612
инна 4,031286 0,005418
детско 2,932674 0,003942
первого 1,258698 0,010151
пеньковский 5,129899 0,006895
медицина 3,338139 0,013460
победе 1,951845 0,002623
чечелев 5,129899 0,006895
en 2,932674 0,003942
готовы 3,050457 0,004100
игр 0,367725 0,000494
для 0,146292 0,000197
материалов 1,217876 0,001637
семен 3,743604 0,005032
хорошая 3,183989 0,004280
артём 2,357310 0,006337
регионов 2,421849 0,006510
прямая 3,050457 0,016400
инновационная 5,129899 0,020685
тренеров 1,728701 0,006971
мастер 1,911023 0,005137
видео 0,699082 0,008457
денис 2,564949 0,003448
пашинин 4,436752 0,005963
что 0,239550 0,000322
дюбанок 5,129899 0,006895
обязательна 3,050457 0,004100
дни 2,490841 0,003348
отечественного 2,564949 0,003448
лужнецкая 3,520461 0,004732
морозова 3,520461 0,004732
ковалёв 4,031286 0,005418
чемпионаты 1,574551 0,012698
контакты 1,258698 0,008459
класс 2,732003 0,003672
ссылка 0,786093 0,001057
документы 2,564949 0,010343
вкс 5,129899 0,013790
астана 4,031286 0,005418
никита 1,603538 0,004311
валерий 2,239527 0,003010
наб 4,436752 0,005963
фотографий 4,436752 0,023854
пройдет 2,421849 0,003255
нппх 5,129899 0,041370
новогорске 4,436752 0,005963
константин 2,357310 0,003168
последних 1,951845 0,002623
хоккея 2,239527 0,033111
дюс 5,129899 0,013790
будьте 4,436752 0,005963
темы 3,183989 0,004280
отношении 2,421849 0,003255
антидопинг 3,183989 0,012839
мировой 1,392229 0,003743
канала 2,564949 0,020685
исполняет 4,436752 0,011927
над 0,986764 0,001326
буйван 5,129899 0,006895
беларусь 1,368699 0,012878
мечты 3,050457 0,008200
москва 0,760451 0,002044
клатчер 5,129899 0,006895
тема 2,490841 0,010044
хоккей 0,376309 0,006575
сборные 0,839439 0,001128
беларуси 2,644992 0,003555
лучшие 1,019025 0,005479
распределении 3,338139 0,004487
павел 1,871802 0,007548
науменков 4,436752 0,005963
самсонов 3,743604 0,005032
большой 1,069456 0,005750
куликов 3,743604 0,005032
подписаться 2,932674 0,007884
каштанов 4,436752 0,005963
максим 1,994404 0,002681
машина 3,183989 0,017118
мах 4,031286 0,005418
обработки 2,296685 0,003087
андрей 1,323236 0,003557
матч 0,411400 0,005530
даниил 1,834062 0,002465
алёна 3,743604 0,005032
международные 1,238078 0,001664
креган 5,129899 0,006895
аккредитация 3,338139 0,013460
обработку 2,932674 0,003942
средств 2,421849 0,003255
горячая 3,743604 0,005032
антон 1,728701 0,002324
красная 1,994404 0,010723
динамо 0,663991 0,000892
тула 2,732003 0,003672
релизы 2,357310 0,006337
романа 2,932674 0,003942
массовый 3,050457 0,012300
проскурнин 5,129899 0,006895
леонов 4,031286 0,005418
поколения 3,050457 0,004100
жхл 4,031286 0,010837
победа 1,238078 0,001664
моменты 2,357310 0,012674
чеченского 5,129899 0,006895
рабочую 4,436752 0,005963
стратегическая 5,129899 0,006895
гоголев 5,129899 0,006895
аверкин 5,129899 0,006895
побеждать 3,050457 0,004100
президент 1,416327 0,001904
сборных 1,911023 0,007706
команд 1,178655 0,003168
тренер 0,895792 0,003612
бориса 3,050457 0,004100
страны 1,052361 0,004243
михаил 1,392229 0,001871
арена 1,762603 0,002369
eurasia 4,436752 0,005963
иван 1,951845 0,005247
xhl 5,129899 0,013790
квочко 5,129899 0,006895
новости 0,301585 0,006891
ротенберга 4,436752 0,005963
поздравляем 3,520461 0,009464
фактический 5,129899 0,006895
александра 1,633391 0,002195
лига 0,402511 0,002164
попихин 4,436752 0,005963
нмхл 4,031286 0,010837
истории 0,630089 0,002541
сборной 0,825834 0,008880
дети 2,239527 0,003010
лилит 5,129899 0,006895
мира 0,367725 0,001483
на 0,023953 0,000064
анна 1,797694 0,002416
не 0,099461 0,000134
спонсоры 1,911023 0,002569
александру 3,338139 0,004487
молодежной 3,743604 0,005032
товарищеский 3,520461 0,018927
главная 1,323236 0,005336
школу 3,050457 0,024600
билеты 2,564949 0,010343
яковенко 4,436752 0,005963
алексея 2,490841 0,003348
харькин 5,129899 0,006895
история 0,555188 0,002985
совершил 4,031286 0,005418
белоруссия 3,743604 0,020127
суперсерии 4,031286 0,016255
программа 1,574551 0,006349
евгений 1,258698 0,003384
светлана 2,038856 0,002740
защиты 2,134166 0,002869
владимир 1,546380 0,004157
защитник 1,574551 0,025396
владислав 2,185460 0,005875
игры 0,376309 0,001517
нажимая 2,827314 0,003800
славы 2,085376 0,008409
мхл 1,603538 0,004311
спб 2,827314 0,007600
от 0,160085 0,000215
февраль 3,520461 0,037854
науменко 5,129899 0,006895
официальный 1,104547 0,001485
зборовский 4,436752 0,005963
фхр 4,031286 0,032510
официальные 1,574551 0,002116
капитан 1,871802 0,002516
азартных 4,031286 0,005418
все 0,125952 0,000677
соревнования 0,663991 0,000892
алексей 1,238078 0,003328
кароян 5,129899 0,006895
федерация 1,002764 0,001348
курсе 3,743604 0,005032
третьяк 3,743604 0,005032
волков 3,050457 0,004100
дьяков 4,031286 0,005418
информация 1,035554 0,001392
торжественная 4,436752 0,011927
событий 2,421849 0,003255
показали 2,296685 0,003087
юниоры 2,732003 0,003672
fhr 5,129899 0,013790
использовании 2,564949 0,003448
предоставляете 5,129899 0,006895
федерации 0,663991 0,002677
