декабре 2,490841 0,001442
фотофиниша 4,436752 0,002569
ним 1,695912 0,000982
стал 0,586604 0,000679
проката 3,050457 0,001766
играх 0,699082 0,004453
километровой 5,129899 0,002970
выбежала 3,520461 0,004077
милане 2,038856 0,002361
со 0,447767 0,000259
ушиб 4,436752 0,002569
лыжная 3,520461 0,002038
стиле 2,932674 0,001698
одну 1,762603 0,001021
су 4,436752 0,005138
финишировали 4,031286 0,004669
итальянских 4,436752 0,002569
одни 2,644992 0,001532
сэ 2,932674 0,001698
горнолыжницы 4,436752 0,005138
тв 1,633391 0,000946
реклама 0,735450 0,000852
лес 3,743604 0,006503
связь 1,392229 0,002418
ноги 2,296685 0,002660
пеллегрино 4,031286 0,002334
сейчас 1,104547 0,000640
проекты 1,198073 0,000694
серебряный 1,994404 0,001155
вторым 1,911023 0,001107
немки 5,129899 0,002970
конфиденциальности 0,317714 0,000552
фростад 4,436752 0,010276
майя 3,338139 0,001933
пройти 2,239527 0,001297
итальянский 2,732003 0,001582
акробатика 3,338139 0,001933
изнурительными 5,129899 0,002970
национальном 3,183989 0,001844
акробатике 3,520461 0,004077
родину 3,338139 0,001933
лыжникам 4,436752 0,005138
проекте 1,546380 0,001791
второго 1,466337 0,000849
также 0,663991 0,000769
финале 1,633391 0,000946
дарьи 3,743604 0,002168
италия 0,867219 0,001506
дмитрий 1,345709 0,000779
сначала 1,664163 0,000964
финишу 3,520461 0,006115
трехкратный 4,436752 0,002569
пса 5,129899 0,002970
дарье 5,129899 0,002970
нагано 2,827314 0,001637
шумахер 3,520461 0,002038
однако 1,069456 0,001239
берцовой 5,129899 0,002970
олимпизм 1,466337 0,002547
цирком 5,129899 0,002970
спорта 0,342407 0,000991
победу 0,910391 0,001581
материалов 1,217876 0,001410
отказ 0,910391 0,001054
италии 1,002764 0,008129
падение 2,732003 0,001582
получил 1,002764 0,000581
гонка 1,871802 0,001084
богатых 3,338139 0,001933
гонке 2,185460 0,001265
сноубордист 5,129899 0,002970
дисциплине 3,183989 0,003687
прошли 1,762603 0,001021
офтебру 5,129899 0,005941
потеряв 4,031286 0,002334
сундлинг 2,421849 0,001402
падения 2,644992 0,003063
гонки 1,002764 0,000581
раскрыла 3,520461 0,002038
кировске 5,129899 0,002970
локомотив 0,910391 0,001054
панжинский 5,129899 0,005941
сообщали 5,129899 0,002970
afp 4,436752 0,002569
бежать 4,436752 0,002569
последним 2,134166 0,001236
досталось 3,520461 0,002038
участием 1,518981 0,000880
дарья 2,085376 0,004830
сша 0,586604 0,001019
китайская 1,258698 0,000729
говорить 3,520461 0,002038
савелия 4,031286 0,002334
примут 2,564949 0,002970
создает 5,129899 0,002970
лыжниц 4,031286 0,002334
через 0,971016 0,000562
страшного 4,436752 0,002569
атле 4,436752 0,005138
сборные 0,839439 0,001458
равновесие 4,436752 0,002569
лучший 1,368699 0,000793
заработает 4,031286 0,002334
будут 1,392229 0,002418
проверках 5,129899 0,002970
ноября 0,971016 0,000562
зенит 0,895792 0,002075
лучших 1,198073 0,000694
воздухе 3,520461 0,002038
проиграв 2,644992 0,001532
чемпиона 1,466337 0,002547
золото 1,217876 0,004936
нужно 1,492313 0,000864
альп 5,129899 0,002970
слова 1,574551 0,001823
штраф 2,932674 0,001698
сообщает 1,994404 0,001155
удостоверения 4,436752 0,002569
достижениях 4,436752 0,002569
норвежец 3,338139 0,003866
приближались 5,129899 0,002970
джейк 4,436752 0,002569
американец 3,050457 0,001766
спортсмен 1,466337 0,000849
леон 1,797694 0,002082
разобраться 4,031286 0,002334
спуску 5,129899 0,002970
четырех 3,050457 0,001766
комиссия 2,644992 0,001532
выбыл 2,732003 0,001582
стельвио 5,129899 0,002970
завоевал 1,911023 0,005533
савелий 3,338139 0,005799
лыжники 2,421849 0,002805
его 0,447767 0,000259
шансы 1,951845 0,001130
лыжника 4,031286 0,007003
фристайлу 4,031286 0,004669
австрийцу 5,129899 0,002970
савелию 5,129899 0,002970
мужа 3,520461 0,002038
нхл 0,925206 0,001607
дальше 1,492313 0,000864
далеко 2,564949 0,001485
турнир 0,699082 0,001214
фонбет 1,466337 0,001698
мира 0,367725 0,000639
фигуриста 2,932674 0,001698
гас 5,129899 0,002970
американская 2,421849 0,002805
финальном 2,564949 0,002970
почему 1,122566 0,001300
шведские 4,436752 0,002569
когда 0,652562 0,000756
всего 0,812411 0,001411
лыжами 4,436752 0,002569
оренбург 1,323236 0,001532
включены 2,357310 0,001365
чего 1,345709 0,001558
отстранен 5,129899 0,005941
большуновым 4,436752 0,002569
скоростному 5,129899 0,002970
состоянии 2,421849 0,001402
горнолыжница 3,520461 0,004077
кадры 3,338139 0,001933
австриец 4,031286 0,002334
петра 2,421849 0,001402
табанелли 5,129899 0,002970
другие 0,384967 0,000669
отправятся 5,129899 0,002970
нового 1,574551 0,000912
ведь 3,050457 0,001766
выездная 4,436752 0,002569
интервью 0,971016 0,000562
связки 3,338139 0,001933
тонкости 4,031286 0,002334
напомним 4,031286 0,009337
кортина 2,490841 0,001442
трехкратного 5,129899 0,008911
лыжник 4,031286 0,002334
мнением 3,520461 0,002038
участвовать 1,518981 0,000880
нонеса 5,129899 0,002970
приводит 2,357310 0,001365
чемпионкой 2,564949 0,001485
федерации 0,663991 0,000384
швеции 1,664163 0,001927
слаломе 2,644992 0,001532
гиммлер 4,436752 0,002569
главы 2,644992 0,001532
спорт 0,224624 0,006373
этой 1,052361 0,001219
этом 0,565551 0,000655
перерыв 2,490841 0,002885
слалома 5,129899 0,002970
четыре 1,140915 0,000661
стало 1,217876 0,001410
обещают 5,129899 0,002970
бронзовые 2,239527 0,002594
камеру 4,031286 0,002334
швеция 1,345709 0,000779
соревнуются 2,732003 0,001582
зацепившись 4,436752 0,002569
пересекла 5,129899 0,002970
спортсменками 4,031286 0,002334
стала 0,881403 0,001531
александром 3,183989 0,001844
илькке 5,129899 0,002970
сошел 4,436752 0,002569
филиппова 3,183989 0,001844
российские 1,301257 0,002260
чемпионам 4,031286 0,002334
мужской 2,134166 0,001236
мужском 2,644992 0,001532
проходит 1,633391 0,000946
чемпионат 0,277868 0,000322
российским 1,994404 0,002310
вяльбе 4,436752 0,005138
ридзек 4,436752 0,002569
спустя 1,911023 0,001107
дальквист 4,031286 0,002334
считает 2,134166 0,001236
рбк 1,797694 0,002082
россиянина 2,732003 0,001582
варвара 4,436752 0,002569
европе 1,492313 0,000864
бен 2,932674 0,001698
между 0,955511 0,001107
трансляции 1,441019 0,000834
бет 1,834062 0,002124
представитель 2,564949 0,001485
лучше 1,695912 0,001964
спринт 2,296685 0,001330
спортсмены 1,140915 0,002643
иначе 1,834062 0,001062
виду 2,490841 0,001442
вынужден 3,520461 0,002038
ограждение 4,436752 0,005138
вида 1,664163 0,002891
прохорова 3,743604 0,002168
бороться 2,185460 0,001265
сноуборда 5,129899 0,002970
олимпийского 1,603538 0,003714
нижний 1,159607 0,001343
йоханнеса 3,743604 0,002168
всегда 1,258698 0,000729
никиты 2,732003 0,001582
ростов 1,002764 0,001161
чемпионате 1,178655 0,000682
объяснил 1,797694 0,002082
смешанная 3,743604 0,002168
флора 5,129899 0,002970
после 0,317714 0,002760
пользу 1,911023 0,002213
краснодар 0,925206 0,001071
букмекеров 1,198073 0,003469
погодных 3,338139 0,001933
заняла 1,951845 0,001130
сообщила 2,564949 0,002970
если 0,675551 0,001174
шванцер 5,129899 0,002970
набрал 2,185460 0,001265
контакта 3,338139 0,001933
лыжах 1,178655 0,002047
биг 4,031286 0,009337
крестообразной 4,031286 0,002334
вторник 3,338139 0,001933
турмуд 5,129899 0,005941
позднее 2,421849 0,002805
фалуне 5,129899 0,002970
больше 0,812411 0,000470
движется 4,436752 0,002569
беларусь 1,368699 0,002378
финишную 3,520461 0,004077
фон 3,520461 0,002038
вонн 3,743604 0,015174
снял 4,031286 0,002334
преодолели 3,520461 0,004077
отбросил 5,129899 0,002970
сделать 1,695912 0,000982
ливиньо 4,031286 0,009337
казань 1,345709 0,000779
обратная 1,441019 0,002503
риа 1,466337 0,000849
выбежал 5,129899 0,002970
участники 1,518981 0,000880
взял 2,185460 0,002531
бакурова 5,129899 0,005941
непряевой 3,743604 0,004335
йоханнесу 5,129899 0,002970
выздоровлению 5,129899 0,002970
бакурову 5,129899 0,002970
собака 3,050457 0,003533
рюкзаке 4,436752 0,002569
матч 0,411400 0,000715
гонок 2,732003 0,001582
скандале 3,743604 0,002168
линдси 3,743604 0,004335
выиграли 1,518981 0,000880
поэтому 1,392229 0,000806
большунов 2,357310 0,005460
нейтрального 4,436752 0,002569
серебро 1,871802 0,002168
динамо 0,663991 0,001538
командном 2,296685 0,005319
мак 3,743604 0,002168
жены 3,183989 0,001844
семь 2,038856 0,001181
альпинизму 5,129899 0,002970
экспресс 1,416327 0,004101
пропустят 4,436752 0,002569
страна 1,633391 0,000946
жена 2,932674 0,006793
бормио 4,436752 0,002569
пропустить 3,520461 0,002038
жене 4,031286 0,002334
стартуют 3,520461 0,002038
страны 1,052361 0,001219
гонках 3,183989 0,001844
риторика 5,129899 0,002970
такое 2,185460 0,001265
выиграла 1,345709 0,000779
гонкам 3,520461 0,008154
разрыва 3,743604 0,002168
выступила 2,490841 0,001442
чемпионом 1,122566 0,000650
останутся 3,743604 0,002168
решение 1,238078 0,000717
лига 0,402511 0,001631
александра 1,633391 0,005675
истории 0,630089 0,000365
летний 1,834062 0,002124
олимпиаде 0,895792 0,009855
фоне 2,932674 0,001698
тот 1,416327 0,000820
приходится 2,296685 0,001330
календарь 0,735450 0,000852
александру 3,338139 0,001933
bettery 1,871802 0,002168
называют 2,185460 0,001265
барп 4,436752 0,002569
таблица 0,925206 0,001071
олимпиады 0,925206 0,002143
хасегава 5,129899 0,002970
российская 0,799165 0,000925
чемпион 0,867219 0,001506
условий 0,881403 0,000510
огден 4,031286 0,002334
клебо 2,490841 0,007211
ушел 2,239527 0,002594
лыжи 1,019025 0,000590
катание 0,534779 0,000929
матей 4,436752 0,002569
как 0,232059 0,000672
дистанцию 2,564949 0,002970
добавленной 4,436752 0,002569
премьер 1,217876 0,003526
горнолыжник 4,031286 0,004669
pari 1,603538 0,001857
забеге 3,050457 0,003533
гуменника 2,564949 0,001485
трамплина 1,159607 0,001343
забега 3,743604 0,002168
ставшего 3,520461 0,002038
этого 0,881403 0,001531
короткой 2,085376 0,001208
третье 1,603538 0,001857
попало 4,436752 0,002569
второе 1,603538 0,001857
прыжкам 3,183989 0,001844
второй 0,786093 0,001366
провала 4,031286 0,002334
условия 0,411400 0,000238
получила 1,728701 0,001001
новый 0,940244 0,001089
занял 2,085376 0,001208
ещё 0,420369 0,000243
еще 0,955511 0,001660
теннис 0,495170 0,000860
невероятные 4,436752 0,002569
ахмат 1,217876 0,001410
йоханнес 2,185460 0,002531
фигурное 0,534779 0,000929
пойти 3,338139 0,003866
пришлось 2,296685 0,002660
эйр 3,743604 0,002168
первой 1,019025 0,001180
конфликт 2,357310 0,001365
александр 0,925206 0,001071
а 0,209918 0,000365
должны 1,178655 0,001365
в 0,017911 0,000892
словам 2,932674 0,001698
макграт 5,129899 0,005941
фристайлист 4,436752 0,005138
д 0,895792 0,000519
е 0,867219 0,000502
и 0,023953 0,000499
политика 0,239550 0,000416
четверг 2,732003 0,001582
показаны 3,520461 0,002038
к 0,132686 0,000384
н 0,895792 0,001037
о 0,042302 0,000416
альпинизм 1,323236 0,002299
п 1,086847 0,001259
она 0,825834 0,001435
с 0,036149 0,000293
у 0,342407 0,000397
китай 2,038856 0,001181
авто 0,925206 0,001607
они 0,760451 0,001321
норвегии 1,728701 0,001001
репортажи 1,797694 0,001041
наполненными 5,129899 0,002970
я 0,853233 0,000988
сочи 0,853233 0,000988
футбол 0,285712 0,000827
сообщается 2,932674 0,001698
бум 1,911023 0,002213
поделился 3,520461 0,002038
этап 1,392229 0,000806
время 0,384967 0,001337
федерико 4,031286 0,002334
новгород 1,217876 0,001410
мелбет 1,762603 0,002041
ранее 1,104547 0,000640
надин 4,436752 0,002569
страшное 4,436752 0,002569
японец 5,129899 0,002970
эйре 4,436752 0,007707
уступив 2,644992 0,001532
соцсетях 1,466337 0,000849
получении 3,743604 0,002168
полуфинального 3,520461 0,002038
надя 4,436752 0,002569
эйнар 3,050457 0,001766
зарубежный 1,911023 0,003320
первую 1,518981 0,000880
своего 1,368699 0,000793
ставок 1,664163 0,001927
американцы 2,932674 0,001698
показать 0,825834 0,000478
тайга 5,129899 0,002970
мма 1,069456 0,001858
русских 3,050457 0,001766
сумме 1,994404 0,001155
участницы 3,520461 0,002038
статусе 2,490841 0,002885
олимпийские 0,895792 0,000519
олимпийским 1,492313 0,000864
счет 1,797694 0,002082
ощущается 4,436752 0,002569
олимпийский 0,853233 0,002964
авторами 4,436752 0,002569
соревнованиях 1,159607 0,002014
врезался 3,743604 0,002168
читать 0,586604 0,000340
перелез 5,129899 0,002970
игр 0,367725 0,001278
рассматривать 4,031286 0,002334
нейтральном 3,183989 0,003687
мне 1,871802 0,001084
командный 1,994404 0,001155
всех 0,652562 0,000378
этапе 1,633391 0,002837
биатлон 0,534779 0,000929
олимпийских 0,799165 0,006016
спринты 3,743604 0,002168
статуса 2,827314 0,001637
зацепил 4,031286 0,002334
простые 4,436752 0,002569
мое 2,827314 0,001637
спортсменка 2,085376 0,003623
кажется 2,644992 0,001532
летняя 2,085376 0,001208
сахалинске 4,031286 0,002334
спринта 2,564949 0,001485
спину 2,932674 0,001698
имин 5,129899 0,002970
организаторы 2,564949 0,001485
направился 5,129899 0,002970
канадская 2,490841 0,002885
спринте 2,357310 0,008190
лидировал 4,031286 0,002334
форхенд 5,129899 0,002970
руках 2,932674 0,001698
понимаю 3,520461 0,004077
олимп 1,762603 0,002041
результат 1,416327 0,000820
большой 1,069456 0,000619
должен 1,122566 0,001300
тасс 1,695912 0,004910
конечно 2,932674 0,001698
имина 5,129899 0,002970
которой 1,238078 0,000717
животное 4,436752 0,002569
олдем 5,129899 0,005941
пересек 5,129899 0,002970
возвращении 2,827314 0,001637
операций 5,129899 0,002970
операции 3,743604 0,002168
акрон 1,279751 0,001482
южно 3,743604 0,002168
возможно 1,664163 0,000964
смерти 2,239527 0,001297
тяжелую 5,129899 0,002970
швейцарки 4,436752 0,002569
был 0,663991 0,001538
результате 1,728701 0,001001
лыжню 5,129899 0,008911
которого 1,345709 0,000779
прямом 2,932674 0,001698
спортсменов 0,786093 0,000910
бронза 2,644992 0,001532
назвала 3,183989 0,001844
упал 3,183989 0,003687
тренер 0,895792 0,000519
бронзу 2,085376 0,001208
новости 0,301585 0,000524
старт 1,416327 0,000820
mail 1,301257 0,011302
или 0,576022 0,000334
суперсильная 5,129899 0,002970
призер 2,564949 0,001485
личности 3,743604 0,002168
забраться 5,129899 0,002970
использования 0,393700 0,000228
новой 1,574551 0,001823
обнюхала 5,129899 0,002970
много 1,603538 0,000929
соперничать 4,436752 0,005138
высказалась 4,031286 0,002334
большунова 3,183989 0,020280
игровые 1,603538 0,002786
фристайлистка 3,743604 0,006503
финну 5,129899 0,002970
первые 0,971016 0,000562
программу 1,466337 0,001698
игры 0,376309 0,000218
февраля 0,232059 0,004031
непряева 2,932674 0,010189
программы 1,633391 0,000946
минут 1,258698 0,001458
кратным 3,338139 0,001933
карин 4,031286 0,002334
франко 3,743604 0,002168
самых 1,546380 0,000895
компания 1,279751 0,001482
пришел 4,031286 0,002334
возвращению 4,436752 0,002569
соревнования 0,663991 0,001538
марта 0,881403 0,000510
слоупстайле 5,129899 0,002970
нонес 5,129899 0,005941
четвероногий 5,129899 0,002970
прыжки 1,019025 0,000590
эйлин 4,436752 0,002569
кто 0,839439 0,000486
событий 2,421849 0,001402
реакции 3,338139 0,001933
компании 1,301257 0,000753
бакуровым 4,436752 0,005138
неделю 2,038856 0,001181
использование 1,104547 0,001279
пережила 4,031286 0,002334
дисциплиной 3,743604 0,002168
рекомендаций 1,871802 0,003252
рубин 1,217876 0,001410
соревнований 0,881403 0,001531
советов 1,217876 0,001410
зимних 1,633391 0,002837
тонкостей 5,129899 0,002970
балтика 1,258698 0,002915
вторыми 3,183989 0,003687
доломитовых 5,129899 0,002970
кантер 5,129899 0,002970
сердце 3,050457 0,001766
сборная 0,711058 0,000823
правила 0,910391 0,000527
коростелева 3,743604 0,002168
женский 1,441019 0,000834
зимние 1,159607 0,001343
йонна 2,421849 0,001402
борьбы 2,134166 0,001236
коростелеву 5,129899 0,002970
бы 1,052361 0,002437
йенс 3,743604 0,002168
квалификации 1,951845 0,002260
сказал 1,762603 0,001021
кхл 0,760451 0,001321
россии 0,160085 0,000463
фитнес 1,574551 0,002735
перелом 4,031286 0,002334
вертолете 4,436752 0,002569
во 0,495170 0,001720
золотую 2,827314 0,001637
колетта 5,129899 0,002970
горы 4,436752 0,002569
известно 1,871802 0,002168
сайте 1,217876 0,000705
гору 4,031286 0,002334
вы 0,325878 0,000189
букмекеры 1,664163 0,001927
просто 1,492313 0,000864
конце 1,518981 0,001759
потрясающе 4,436752 0,002569
россия 0,699082 0,000405
лаура 4,436752 0,002569
россию 1,951845 0,001130
трехкратной 4,031286 0,002334
сестра 4,436752 0,005138
гу 4,031286 0,002334
перенесены 3,050457 0,003533
вслед 2,564949 0,001485
пари 1,301257 0,001507
рассказала 2,296685 0,006649
января 0,825834 0,000478
неблагоприятных 5,129899 0,002970
захватывающими 5,129899 0,002970
херолае 5,129899 0,002970
ворота 1,797694 0,001041
казахстан 1,301257 0,002260
палки 4,436752 0,002569
станут 3,520461 0,002038
коростелев 3,183989 0,007375
утра 3,050457 0,001766
потом 2,564949 0,002970
выступать 1,633391 0,000946
двух 1,002764 0,000581
лампартеру 5,129899 0,002970
ее 1,871802 0,001084
проведения 1,258698 0,000729
отреагировал 2,644992 0,001532
кубка 0,825834 0,001913
черту 5,129899 0,005941
vk 1,441019 0,000834
эвакуирована 5,129899 0,002970
для 0,146292 0,000339
контроль 2,421849 0,002805
вызвали 3,338139 0,001933
лыжной 3,520461 0,004077
лыжном 4,436752 0,007707
турнирная 1,441019 0,001669
вид 1,104547 0,001279
отреагировали 3,050457 0,001766
сорта 4,436752 0,002569
меган 5,129899 0,002970
мото 1,574551 0,002735
гонками 3,743604 0,002168
дебютирует 3,338139 0,003866
российского 1,603538 0,000929
секунды 2,490841 0,005769
что 0,239550 0,001110
медали 0,971016 0,000562
килдоу 5,129899 0,002970
за 0,125952 0,000802
победил 1,279751 0,000741
рейтинг 0,565551 0,002292
медаль 1,416327 0,000820
недопуска 4,031286 0,002334
недопуске 5,129899 0,005941
было 0,438551 0,000762
трассы 2,932674 0,003396
зимней 2,239527 0,001297
келин 4,031286 0,002334
были 0,799165 0,001851
скимо 5,129899 0,002970
вернулась 2,932674 0,001698
ампеццо 2,490841 0,001442
технологиях 1,911023 0,003320
пройдет 2,421849 0,001402
была 0,652562 0,000378
бетсити 1,633391 0,001892
винлайн 1,834062 0,002124
женском 2,038856 0,003542
из 0,106018 0,000430
элиа 5,129899 0,002970
еврокубки 1,546380 0,002686
тему 1,664163 0,000964
обвинен 4,436752 0,002569
врете 5,129899 0,002970
попыток 2,932674 0,001698
домой 2,932674 0,001698
губерниев 3,743604 0,004335
хоккей 0,376309 0,001089
спартак 0,786093 0,000910
егор 2,085376 0,001208
фендрих 4,031286 0,002334
исключением 1,994404 0,001155
большого 2,085376 0,002415
ворот 2,644992 0,001532
двоеборье 1,217876 0,001410
стадионе 1,994404 0,001155
ски 1,069456 0,002477
цска 0,711058 0,000823
актуальные 1,834062 0,001062
первенстве 1,994404 0,001155
адреналином 5,129899 0,002970
лыжным 3,520461 0,006115
считаю 3,520461 0,002038
норвежцы 4,031286 0,002334
км 2,038856 0,001181
готовится 3,338139 0,001933
которые 0,760451 0,000881
лыжный 1,728701 0,026026
чемпионкам 5,129899 0,002970
например 1,603538 0,000929
составил 2,239527 0,001297
лыжных 3,520461 0,004077
следующий 1,574551 0,000912
балла 2,564949 0,005941
крылья 1,258698 0,001458
допинг 2,185460 0,003796
ли 1,198073 0,001387
спуститься 5,129899 0,002970
олимпийской 1,911023 0,003320
норвежца 3,183989 0,001844
елена 1,911023 0,001107
получившая 2,932674 0,001698
президент 1,416327 0,000820
сми 1,546380 0,000895
одержала 2,134166 0,002472
расположенное 4,436752 0,002569
американской 3,050457 0,001766
будет 0,825834 0,000478
место 0,597299 0,001038
мх 1,728701 0,002002
попытки 2,421849 0,001402
попытке 3,743604 0,004335
мы 0,925206 0,000536
болельщик 2,827314 0,001637
участие 0,597299 0,000692
травмы 1,492313 0,002592
на 0,023953 0,000902
подъема 5,129899 0,002970
анна 1,797694 0,002082
не 0,099461 0,000461
травму 1,911023 0,001107
временно 2,932674 0,003396
нанесении 4,436752 0,002569
водные 0,867219 0,001506
сервисов 1,834062 0,001062
победили 1,951845 0,001130
эфире 2,564949 0,001485
норвежский 3,183989 0,007375
завоевала 1,695912 0,000982
об 0,217244 0,000252
нем 2,085376 0,001208
перенесла 4,031286 0,002334
награды 1,728701 0,002002
ои 0,812411 0,001411
нет 0,825834 0,000478
завоевали 2,038856 0,002361
перенесли 3,743604 0,002168
он 0,534779 0,000310
даже 1,198073 0,002081
году 0,630089 0,000365
от 0,160085 0,000093
лыжницы 5,129899 0,002970
телеведущий 4,031286 0,002334
бокс 0,576022 0,001001
участке 4,031286 0,002334
cas 3,338139 0,001933
вернутся 4,436752 0,002569
все 0,125952 0,000438
комментатор 2,564949 0,001485
итальянцы 3,743604 0,002168
года 0,239550 0,000694
по 0,073653 0,000469
лыжница 4,031286 0,002334
завершения 2,357310 0,001365
апелляцию 4,436752 0,002569
хедегарт 3,050457 0,001766
эстафета 2,564949 0,001485
сорин 5,129899 0,002970
победительницей 3,338139 0,001933
определенном 4,436752 0,002569
кости 3,183989 0,001844
участия 1,633391 0,000946
