швеции 1,664163 0,002506
рф 1,871802 0,008457
рпл 1,140915 0,001718
ответила 3,338139 0,005027
устарела 3,520461 0,005302
спорт 0,224624 0,000338
стал 0,586604 0,001767
проката 3,050457 0,004594
рот 3,743604 0,005638
загружается 5,129899 0,007726
мама 4,031286 0,006071
страница 0,940244 0,001416
фотофиниш 3,743604 0,005638
ахмат 1,217876 0,001834
константиновкой 5,129899 0,007726
милане 2,038856 0,064482
выбежала 3,520461 0,005302
министерства 3,050457 0,004594
решилась 3,743604 0,005638
сборная 0,711058 0,003213
важный 3,743604 0,005638
сбу 5,129899 0,007726
подушкина 5,129899 0,007726
помощью 2,185460 0,003291
под 0,723179 0,002178
людей 2,134166 0,003214
первой 1,019025 0,001535
возможное 3,338139 0,005027
александр 0,925206 0,004180
остался 2,564949 0,003863
первом 1,052361 0,001585
а 0,209918 0,000316
в 0,017911 0,002158
проигрыша 3,050457 0,004594
е 0,867219 0,001306
лес 3,743604 0,005638
и 0,023953 0,000541
лет 0,475938 0,000717
грозит 3,743604 0,005638
м 0,534779 0,000805
можно 1,002764 0,001510
о 0,042302 0,000064
аделия 1,911023 0,002878
допуска 4,031286 0,006071
кхл 0,760451 0,002291
россии 0,160085 0,000964
с 0,036149 0,000381
четвертьфинал 1,951845 0,002940
ru 0,285712 0,000430
триколор 4,436752 0,006682
задержали 3,050457 0,004594
истязании 5,129899 0,007726
наша 2,564949 0,003863
подлянкой 5,129899 0,007726
спортивные 1,104547 0,001663
браузера 4,031286 0,006071
пояснила 5,129899 0,007726
во 0,495170 0,000746
назвал 1,323236 0,001993
вс 3,183989 0,004795
программой 3,743604 0,005638
уже 0,687247 0,001035
слухи 2,564949 0,003863
драку 3,338139 0,005027
связи 1,159607 0,001746
освободили 5,129899 0,007726
пятой 2,932674 0,004417
бросил 4,031286 0,006071
миф 4,031286 0,006071
чемпионат 0,277868 0,000418
вяльбе 4,436752 0,013364
сво 2,932674 0,004417
погибшим 4,436752 0,006682
уилсон 3,050457 0,004594
дело 2,038856 0,003071
израиле 3,338139 0,005027
выступления 1,546380 0,002329
вырвал 3,050457 0,004594
тцк 3,743604 0,005638
при 0,367725 0,000554
версия 0,485508 0,000731
весной 2,564949 0,003863
время 0,384967 0,000580
интернет 1,695912 0,002554
ему 1,323236 0,003986
кёрлинг 1,279751 0,001927
аренду 2,357310 0,003550
скорость 2,421849 0,003647
минспорт 3,743604 0,005638
рекорд 1,198073 0,001804
переговорщики 5,129899 0,007726
возмутиться 5,129899 0,007726
позвали 3,520461 0,005302
считает 2,134166 0,003214
свой 1,217876 0,001834
защитника 2,644992 0,003983
фк 1,951845 0,005879
болельщики 1,834062 0,002762
заткнула 5,129899 0,007726
эпштейна 4,031286 0,006071
плей 1,002764 0,001510
критикам 4,436752 0,006682
зная 5,129899 0,007726
овечкина 3,050457 0,004594
проверьте 2,827314 0,004258
украина 1,871802 0,011276
без 0,466460 0,000702
перед 0,839439 0,001264
дмитрий 1,345709 0,004053
час 3,050457 0,004594
до 0,239550 0,000361
украине 2,490841 0,003751
бойкот 3,338139 0,005027
post 3,520461 0,005302
хк 2,827314 0,004258
лайфу 5,129899 0,007726
сахалине 5,129899 0,007726
такера 3,520461 0,005302
украины 1,797694 0,002707
карабах 2,038856 0,003071
журова 3,520461 0,010604
соперников 1,664163 0,002506
коммуникаций 2,296685 0,003459
разгромно 3,520461 0,005302
овертайме 2,038856 0,006141
руси 4,031286 0,006071
судья 1,834062 0,002762
олимпийским 1,492313 0,002247
флага 2,932674 0,008833
спорта 0,342407 0,000516
киеве 3,520461 0,005302
победу 0,910391 0,001371
низкая 4,031286 0,006071
победы 0,971016 0,001462
washington 3,338139 0,005027
её 1,104547 0,001663
италии 1,002764 0,001510
поддержке 3,338139 0,005027
родителям 5,129899 0,007726
олимпийского 1,603538 0,002415
попробуйте 2,932674 0,004417
обыграла 1,911023 0,002878
обыграло 3,743604 0,005638
дрэгонс 2,932674 0,004417
совет 1,994404 0,003004
объяснил 1,797694 0,002707
life 3,338139 0,010055
после 0,317714 0,002392
обновить 4,436752 0,006682
биатлонистом 3,520461 0,005302
поддержку 2,732003 0,004114
времён 2,644992 0,003983
что 0,239550 0,001443
биатлон 0,534779 0,000805
хлусевича 2,932674 0,004417
котле 5,129899 0,007726
сочувствует 5,129899 0,007726
падения 2,644992 0,003983
поставил 2,732003 0,004114
за 0,125952 0,000569
гонки 1,002764 0,001510
совсем 2,827314 0,004258
религия 4,031286 0,006071
патриотами 4,436752 0,006682
говорит 3,338139 0,005027
последние 1,178655 0,001775
обошли 4,436752 0,006682
мок 1,574551 0,002371
нигилистом 5,129899 0,007726
обвинил 3,743604 0,005638
вован 5,129899 0,015452
трассу 2,932674 0,004417
триумф 3,520461 0,005302
экономическую 5,129899 0,007726
спринта 2,564949 0,003863
военная 3,743604 0,005638
специальная 3,050457 0,004594
казахстанец 4,436752 0,006682
хозяин 3,520461 0,005302
дня 1,104547 0,001663
хоккею 1,603538 0,007245
сша 0,586604 0,001767
канады 1,217876 0,001834
петросян 1,441019 0,015191
из 0,106018 0,000479
финансовой 2,932674 0,004417
интернета 5,129899 0,007726
показательные 1,466337 0,002208
запреты 3,743604 0,005638
может 0,630089 0,000949
швейцарию 2,732003 0,004114
латвию 4,436752 0,006682
российское 2,932674 0,004417
завели 5,129899 0,007726
хоккейный 2,185460 0,003291
над 0,986764 0,001486
русском 2,421849 0,003647
придумали 4,031286 0,006071
канадский 2,564949 0,003863
глумится 5,129899 0,007726
комментарии 2,357310 0,003550
москва 0,760451 0,001145
российской 1,178655 0,001775
губерниев 3,743604 0,011276
спартак 0,786093 0,002368
эпично 5,129899 0,007726
сотрудником 4,436752 0,006682
послом 3,520461 0,005302
вариантов 2,932674 0,004417
проиграл 1,633391 0,002460
офф 1,019025 0,001535
ушёл 2,421849 0,003647
криничное 5,129899 0,007726
дал 2,239527 0,003373
возвращение 1,762603 0,002655
пингвином 5,129899 0,007726
россиян 1,762603 0,005309
красном 3,743604 0,005638
дегтярёв 4,031286 0,006071
лучших 1,198073 0,001804
овечкин 1,762603 0,002655
ахмату 4,436752 0,006682
восторге 4,436752 0,006682
отдал 2,732003 0,004114
торпедо 1,574551 0,004743
предложила 4,031286 0,006071
матче 0,747872 0,001126
образе 2,421849 0,003647
собака 3,050457 0,004594
лыжным 3,520461 0,005302
матч 0,411400 0,000620
кс 5,129899 0,007726
стать 1,441019 0,002170
лыжные 1,140915 0,001718
одним 1,416327 0,002133
свитеров 4,436752 0,006682
функционирует 4,031286 0,006071
повторил 2,490841 0,003751
возможно 1,664163 0,002506
наумова 4,436752 0,006682
произвольной 2,564949 0,003863
вчера 1,518981 0,002288
пранкерами 4,031286 0,006071
никаких 2,644992 0,003983
провести 1,951845 0,002940
операция 4,031286 0,006071
экстремалы 4,436752 0,006682
крещения 5,129899 0,007726
признался 2,644992 0,003983
допинг 2,185460 0,003291
норвежец 3,338139 0,005027
рабочую 4,436752 0,006682
группу 2,732003 0,004114
олимпийском 2,490841 0,003751
гимна 3,183989 0,004795
президентом 1,834062 0,002762
побил 2,421849 0,003647
сегодня 0,881403 0,047787
елена 1,911023 0,002878
вашингтон 2,296685 0,003459
лексус 5,129899 0,015452
роман 2,085376 0,003141
чехов 3,520461 0,005302
лч 2,185460 0,003291
обеспечило 3,520461 0,005302
массовых 2,134166 0,003214
файлы 3,338139 0,005027
его 0,447767 0,001349
тренер 0,895792 0,001349
михаил 1,392229 0,002097
разгромила 4,031286 0,006071
полуфинал 1,633391 0,007380
только 0,447767 0,000674
посвятил 4,436752 0,006682
упц 5,129899 0,007726
гонкам 3,520461 0,005302
смене 3,050457 0,004594
новости 0,301585 0,001363
нельзя 2,296685 0,003459
трогайте 5,129899 0,007726
развития 1,797694 0,002707
место 0,597299 0,001799
регион 2,732003 0,004114
чемпионом 1,122566 0,001691
судей 1,797694 0,002707
лига 0,402511 0,000606
финляндия 1,492313 0,002247
вышла 1,466337 0,008833
боксёр 3,520461 0,005302
паралимпиаду 3,520461 0,005302
сборной 0,825834 0,001244
олимпиаде 0,895792 0,013491
болельщик 2,827314 0,004258
на 0,023953 0,000866
победила 1,762603 0,002655
фигуриста 2,932674 0,004417
олимпиада 1,104547 0,034933
тестами 5,129899 0,007726
костомаров 4,031286 0,012142
не 0,099461 0,001198
тренера 1,546380 0,002329
почему 1,122566 0,003381
госдума 4,436752 0,006682
но 0,402511 0,000606
карлсона 3,520461 0,005302
шанхай 2,644992 0,003983
история 0,555188 0,000836
украинского 3,338139 0,005027
дегтярев 2,564949 0,003863
программе 1,834062 0,005524
олимпиады 0,925206 0,008360
вступился 5,129899 0,007726
животные 5,129899 0,007726
максима 3,338139 0,005027
евгений 1,258698 0,001896
пранкеры 5,129899 0,015452
хватает 1,762603 0,002655
стыковом 2,564949 0,003863
читаемое 4,436752 0,006682
светлана 2,038856 0,003071
об 0,217244 0,000327
пронёс 4,436752 0,006682
развеяла 5,129899 0,007726
гражданства 3,520461 0,005302
ои 0,812411 0,001224
первый 0,687247 0,001035
советское 3,183989 0,004795
февраля 0,232059 0,000349
ссср 0,940244 0,001416
непряева 2,932674 0,004417
всу 4,031286 0,006071
от 0,160085 0,000482
соединение 4,031286 0,006071
события 0,663991 0,001000
кратным 3,338139 0,005027
клебо 2,490841 0,003751
бокс 0,576022 0,001735
лыжи 1,019025 0,001535
футболиста 2,421849 0,003647
цифрового 4,436752 0,006682
петра 2,421849 0,003647
как 0,232059 0,001048
все 0,125952 0,000190
комментатор 2,564949 0,003863
высоте 2,421849 0,003647
по 0,073653 0,000444
усик 2,296685 0,013835
дошли 3,050457 0,004594
создадут 5,129899 0,007726
интервью 0,971016 0,001462
лыжница 4,031286 0,006071
отель 4,436752 0,006682
хоккеист 2,644992 0,003983
забеге 3,050457 0,004594
гуменника 2,564949 0,007726
анонсировал 4,436752 0,006682
попала 2,732003 0,004114
этого 0,881403 0,001327
заявила 2,732003 0,004114
ньюкаслу 3,743604 0,005638
короткой 2,085376 0,006281
мем 4,436752 0,006682
видом 1,871802 0,005638
харьковку 5,129899 0,007726
триксель 5,129899 0,007726
словакии 2,732003 0,008229
чемпионов 0,652562 0,000983
ставшая 3,520461 0,005302
сыграли 2,421849 0,003647
федерации 0,663991 0,001000
