болельщикам 2,296685 0,004767
апр 5,129899 0,013311
гбпоу 5,129899 0,007986
партнером 4,031286 0,002092
артиги 5,129899 0,007986
cуперлига 5,129899 0,026621
артиге 5,129899 0,002662
новый 0,940244 0,000488
академию 4,031286 0,004184
чертаново 4,436752 0,011512
рпл 1,140915 0,007697
артига 4,031286 0,010460
академия 2,085376 0,007575
сб 4,436752 0,050653
специальные 2,421849 0,001257
ахмат 1,217876 0,001264
рубине 4,031286 0,002092
согласие 2,564949 0,001331
ср 3,050457 0,003166
петербург 1,633391 0,000848
частью 1,728701 0,000897
декабря 0,881403 0,000457
chukcha 5,129899 0,002662
кдв 5,129899 0,002662
первой 1,019025 0,000529
рожков 3,338139 0,001732
александр 0,925206 0,000480
тв 1,633391 0,002543
а 0,209918 0,000109
б 1,466337 0,007609
в 0,017911 0,000158
г 0,925206 0,000480
пахтакор 3,520461 0,007308
left 2,085376 0,002164
и 0,023953 0,000137
политика 0,239550 0,000124
к 0,132686 0,000138
м 0,534779 0,012211
разговор 3,183989 0,001652
переводичка 5,129899 0,002662
о 0,042302 0,000110
п 1,086847 0,001128
тс 5,129899 0,002662
санкт 1,279751 0,000664
финала 1,104547 0,000573
р 2,239527 0,001162
с 0,036149 0,000188
х 0,986764 0,000512
сезон 1,368699 0,001421
бомбер 4,436752 0,009210
кристалл 3,183989 0,001652
металлург 1,994404 0,001035
уралец 5,129899 0,002662
тактический 4,436752 0,002302
я 0,853233 0,000443
сочи 0,853233 0,001328
футбол 0,285712 0,000593
конфиденциальности 0,317714 0,000330
мир 1,546380 0,011235
связи 1,159607 0,001204
пахтакором 4,436752 0,002302
уралвагонзавод 5,129899 0,002662
портнов 5,129899 0,005324
русский 0,839439 0,000871
репортаж 3,183989 0,104095
этап 1,392229 0,000722
востока 3,520461 0,003654
дардан 4,436752 0,002302
время 0,384967 0,000999
поведения 0,895792 0,000930
призёр 2,185460 0,001134
ооо 1,871802 0,000971
иванов 2,357310 0,001223
u 1,345709 0,013967
фк 1,951845 0,141805
победитель 1,258698 0,001306
присоединиться 4,031286 0,002092
также 0,663991 0,000345
партнеры 2,296685 0,003576
грозный 2,564949 0,001331
приглашаем 5,129899 0,002662
одном 1,603538 0,000832
дмитрий 1,345709 0,000698
командах 2,827314 0,001467
руслан 2,827314 0,001467
сыграет 1,603538 0,001664
галерея 3,520461 0,003654
рус 1,368699 0,000710
мобильное 2,296685 0,001192
div 2,357310 0,002447
волной 4,436752 0,002302
ложи 3,743604 0,003885
иву 4,031286 0,002092
показать 0,825834 0,000857
васильев 2,932674 0,001522
itn 5,129899 0,002662
парковка 4,031286 0,004184
вход 2,239527 0,002324
тахери 4,436752 0,002302
игр 0,367725 0,000382
фиджитал 5,129899 0,005324
победы 0,971016 0,001512
база 1,871802 0,019427
ресторан 4,031286 0,004184
купить 2,932674 0,003044
базе 2,932674 0,003044
ёлка 5,129899 0,002662
группового 2,490841 0,001293
хайлайты 5,129899 0,010648
товары 4,031286 0,002092
ближайшие 3,050457 0,001583
полностью 1,546380 0,001605
видео 0,699082 0,000363
содружества 1,518981 0,000788
этапа 1,664163 0,000864
пользоваться 3,183989 0,001652
свитшот 5,129899 0,002662
персонал 3,050457 0,003166
итогов 2,827314 0,001467
локомотив 0,910391 0,002362
шабанхаджай 4,436752 0,002302
рубина 2,932674 0,003044
пфк 3,520461 0,001827
подарочные 4,436752 0,002302
counter 1,911023 0,000992
химик 3,338139 0,003465
июля 1,035554 0,000537
оставаясь 3,743604 0,001943
добраться 4,031286 0,004184
академии 2,490841 0,005170
арсенал 1,466337 0,002283
карта 2,644992 0,002745
вторая 1,345709 0,006983
отпуска 4,031286 0,002092
скидки 2,239527 0,001162
струга 5,129899 0,007986
москва 0,760451 0,000395
серый 4,031286 0,002092
https 0,699082 0,000726
id 2,732003 0,001418
краснодаром 3,050457 0,003166
химки 2,644992 0,001373
cookie 3,050457 0,004749
позже 1,518981 0,003941
атаку 3,050457 0,001583
урал 2,134166 0,003323
воспитанники 3,338139 0,003465
салют 4,031286 0,002092
команда 0,663991 0,003446
leon 3,183989 0,016523
игроки 0,986764 0,000512
офф 1,019025 0,000529
йочич 4,436752 0,002302
будут 1,392229 0,003612
игрока 1,492313 0,001549
конференция 2,644992 0,002745
команды 0,555188 0,000576
матча 1,002764 0,003122
ноября 0,971016 0,008566
зенит 0,895792 0,002789
франка 5,129899 0,007986
очки 1,466337 0,001522
политикой 2,732003 0,001418
провела 2,421849 0,001257
матчи 0,773190 0,006420
матче 0,747872 0,001552
стать 1,441019 0,000748
js 2,827314 0,001467
gloria 4,031286 0,008368
акрон 1,279751 0,001992
юных 3,338139 0,001732
был 0,663991 0,000345
подготовку 2,296685 0,001192
двукратный 2,239527 0,001162
top 1,728701 0,001794
юфл 3,338139 0,020788
красная 1,994404 0,001035
группа 1,834062 0,009518
носта 5,129899 0,002662
безруков 4,436752 0,002302
зеленый 5,129899 0,005324
сезона 1,052361 0,000546
опубликованы 3,743604 0,009714
использует 2,827314 0,002934
две 1,019025 0,000529
крытый 5,129899 0,002662
кабинете 5,129899 0,002662
футболисток 4,436752 0,002302
черная 4,436752 0,002302
даёте 5,129899 0,002662
сентября 1,069456 0,007215
касра 4,436752 0,002302
новости 0,301585 0,000939
наборы 5,129899 0,002662
mail 1,301257 0,001351
хайлатйы 5,129899 0,002662
стадион 2,134166 0,017720
теплый 4,031286 0,004184
нижегородовым 5,129899 0,002662
mc 2,421849 0,001257
новом 1,994404 0,001035
rubin 4,436752 0,002302
енисей 2,421849 0,002514
вернулся 1,911023 0,000992
лояльности 4,031286 0,004184
футбола 1,762603 0,001829
свитер 4,031286 0,002092
winline 2,564949 0,013311
александар 4,031286 0,002092
дворовый 4,436752 0,004605
тренировке 2,827314 0,001467
alt 2,185460 0,002268
области 1,951845 0,001013
программа 1,574551 0,001634
имт 5,129899 0,005324
оренбург 1,323236 0,002060
na 2,490841 0,001293
детские 3,520461 0,003654
принимает 2,644992 0,001373
медиа 1,834062 0,001904
защитник 1,574551 0,004085
тренерский 2,185460 0,002268
женис 5,129899 0,013311
ne 5,129899 0,002662
position 2,085376 0,002164
игры 0,376309 0,003710
первый 0,687247 0,000713
февраля 0,232059 0,000723
франке 5,129899 0,002662
тесленко 4,436752 0,002302
микрофон 4,436752 0,002302
fwz 2,827314 0,001467
полузащитник 2,490841 0,011633
дизайн 2,932674 0,001522
функциональную 5,129899 0,002662
сентябрёв 4,436752 0,004605
футболиста 2,421849 0,001257
марта 0,881403 0,001372
женского 2,490841 0,001293
интервью 0,971016 0,001512
src 2,239527 0,002324
футбольное 3,050457 0,001583
встретился 2,827314 0,002934
стань 5,129899 0,002662
использование 1,104547 0,000573
fonbet 2,827314 0,001467
фев 3,050457 0,003166
рубин 1,217876 0,172538
пособия 4,031286 0,004184
кабутов 4,436752 0,002302
sport 1,122566 0,002330
советов 1,217876 0,002528
федерации 0,663991 0,000345
зорлу 5,129899 0,005324
малая 4,031286 0,002092
игор 4,031286 0,002092
px 2,185460 0,002268
манеж 3,520461 0,001827
ак 1,695912 0,002640
черный 5,129899 0,002662
балтика 1,258698 0,000653
разработка 3,183989 0,001652
роль 2,038856 0,001058
english 0,925206 0,000960
вдв 4,436752 0,002302
камеры 4,436752 0,004605
приложение 1,994404 0,003105
ффно 5,129899 0,007986
подведение 5,129899 0,002662
правила 0,910391 0,000945
продлил 2,827314 0,001467
бронзовый 2,038856 0,001058
нападающий 1,797694 0,002799
сбор 2,644992 0,001373
легенды 1,994404 0,002070
пополнение 4,436752 0,002302
характер 2,732003 0,001418
илья 1,911023 0,000992
наши 1,323236 0,001373
уефа 1,466337 0,001522
пресс 1,086847 0,001128
россии 0,160085 0,000415
ru 0,285712 0,000593
стремление 3,520461 0,001827
рубиновая 4,436752 0,002302
кубок 0,524729 0,000817
зотов 4,436752 0,002302
мирлинд 4,031286 0,002092
вс 3,183989 0,042960
челябинск 2,564949 0,001331
вт 4,436752 0,002302
дата 0,881403 0,002287
прекрасен 5,129899 0,002662
сайте 1,217876 0,000632
удобнее 3,338139 0,001732
вы 0,325878 0,000169
магазин 2,421849 0,003770
детям 3,743604 0,003885
своё 1,664163 0,000864
фестиваль 3,050457 0,001583
январе 2,421849 0,001257
su 4,031286 0,002092
угочукву 4,436752 0,002302
болельщиков 1,574551 0,001634
факел 2,357310 0,001223
вижу 4,436752 0,002302
вуячич 4,436752 0,002302
методические 4,436752 0,004605
школьника 5,129899 0,005324
watch 2,357310 0,001223
absolute 2,296685 0,002384
розовый 5,129899 0,002662
пари 1,301257 0,001351
европы 0,524729 0,000272
хранения 4,031286 0,004184
января 0,825834 0,000857
чтобы 0,773190 0,000401
носит 3,183989 0,001652
плей 1,002764 0,000520
пас 2,564949 0,022628
сайт 0,773190 0,001204
поле 1,217876 0,010744
четвертый 3,183989 0,001652
arena 4,436752 0,009210
болельщика 2,932674 0,004566
руководство 1,603538 0,003329
соответствии 1,086847 0,000564
работа 2,564949 0,001331
двери 5,129899 0,002662
обладатель 2,185460 0,002268
газпром 2,732003 0,001418
поражения 1,834062 0,001904
вип 5,129899 0,005324
сапсан 4,436752 0,004605
кюршадом 5,129899 0,005324
кубка 0,825834 0,001286
воротам 2,932674 0,001522
клуб 0,940244 0,005367
центральный 2,185460 0,006805
для 0,146292 0,000304
турнирная 1,441019 0,002243
регионов 2,421849 0,001257
амкар 2,827314 0,001467
рашида 5,129899 0,005324
мастер 1,911023 0,004959
чемпионата 0,735450 0,000382
выведи 5,129899 0,007986
ростов 1,002764 0,004163
кубке 1,441019 0,002243
qbiq 5,129899 0,002662
после 0,317714 0,000165
путь 1,834062 0,000952
краснодар 0,925206 0,002401
вышел 1,574551 0,000817
за 0,125952 0,000065
соперника 1,279751 0,000664
форма 1,695912 0,001760
было 0,438551 0,000228
локомотивом 2,932674 0,003044
олег 1,951845 0,001013
подробнее 0,723179 0,000375
документы 2,564949 0,002662
никита 1,603538 0,000832
из 0,106018 0,000055
kazan 4,436752 0,002302
покупки 3,743604 0,001943
им 1,198073 0,001243
новогорск 4,436752 0,002302
наш 2,357310 0,002447
августа 1,052361 0,005461
темп 3,183989 0,001652
точные 4,031286 0,010460
суперкубок 2,296685 0,001192
спартак 0,786093 0,001632
егор 2,085376 0,001082
богдан 3,338139 0,001732
четвертьфиналист 4,031286 0,002092
упор 3,520461 0,001827
участников 1,159607 0,000602
гол 1,546380 0,013642
нижегородской 4,031286 0,002092
полуфинале 2,038856 0,001058
казань 1,345709 0,001397
дениль 4,436752 0,002302
стадионе 1,994404 0,002070
толстовка 5,129899 0,002662
цска 0,711058 0,001476
дневник 5,129899 0,005324
движение 2,185460 0,001134
год 0,687247 0,000357
style 2,085376 0,002164
жфк 3,338139 0,079686
даку 3,183989 0,001652
молодежная 3,520461 0,036538
контракт 1,518981 0,000788
мальдонадо 4,436752 0,002302
матч 0,411400 0,000854
октябрь 3,050457 0,001583
абонементы 3,743604 0,003885
октября 1,086847 0,007332
турции 2,185460 0,002268
сборе 3,520461 0,003654
клуба 1,178655 0,001223
юниор 3,050457 0,003166
совкомбанк 4,031286 0,002092
футбольный 1,951845 0,002026
уор 4,031286 0,006276
динамо 0,663991 0,003101
крылья 1,258698 0,002613
открывает 5,129899 0,002662
сафиуллин 4,031286 0,004184
мар 4,031286 0,006276
никола 2,085376 0,001082
межпланетный 5,129899 0,002662
женская 2,239527 0,015108
поступление 4,436752 0,004605
спортивная 1,159607 0,000602
футболка 3,338139 0,006929
текущий 2,357310 0,001223
правление 4,031286 0,004184
сми 1,546380 0,001605
файлы 3,338139 0,003465
одержала 2,134166 0,001108
арена 1,762603 0,012806
комнаты 4,031286 0,004184
инфраструктура 3,183989 0,003305
лиги 0,895792 0,001395
место 0,597299 0,000310
мо 2,932674 0,004566
акции 3,050457 0,001583
апшацев 4,436752 0,002302
лига 0,402511 0,006684
гераклион 5,129899 0,002662
участие 0,597299 0,000310
на 0,023953 0,000236
состав 1,238078 0,001285
товарищеские 2,644992 0,008236
барс 1,695912 0,002640
спонсоры 1,911023 0,000992
календарь 0,735450 0,000763
навбахор 5,129899 0,013311
суперкубка 2,932674 0,001522
оверсайз 5,129899 0,002662
рязань 4,031286 0,004184
нн 2,564949 0,002662
утб 4,436752 0,002302
главная 1,323236 0,004120
билеты 2,564949 0,006655
регистрируйся 5,129899 0,002662
история 0,555188 0,000576
апреля 1,052361 0,002731
чумич 4,436752 0,002302
таблица 0,925206 0,001440
звезда 1,871802 0,000971
евгений 1,258698 0,001306
дважды 1,574551 0,000817
об 0,217244 0,000225
мгн 3,743604 0,003885
ок 4,436752 0,002302
юкич 4,436752 0,002302
месте 1,492313 0,000774
более 0,853233 0,000443
поиск 0,735450 0,000382
img 2,185460 0,002268
площадка 2,421849 0,001257
сатурн 2,732003 0,007089
чемпион 0,867219 0,000450
статистика 0,652562 0,000677
франк 3,520461 0,009135
официальный 1,104547 0,000573
ничьи 2,932674 0,003044
официальные 1,574551 0,001634
черенкова 4,436752 0,002302
как 0,232059 0,000482
участник 2,296685 0,001192
все 0,125952 0,000327
алексей 1,238078 0,000642
васильевым 4,031286 0,002092
абонемент 4,436752 0,002302
пн 4,436752 0,006907
девочек 3,743604 0,001943
пт 4,436752 0,025327
рахимова 4,436752 0,004605
кеняйкин 5,129899 0,002662
втб 1,834062 0,000952
yandex 2,239527 0,001162
медосмотр 4,436752 0,002302
чемпионов 0,652562 0,000339
марат 3,520461 0,005481
