обыграв 2,134166 0,003587
миксте 3,743604 0,012584
ещё 0,420369 0,000707
балтика 1,258698 0,008462
еще 0,955511 0,001606
спорт 0,224624 0,005285
теннис 0,495170 0,002497
успешном 4,436752 0,007457
играх 0,699082 0,002350
обыграл 1,574551 0,002646
си 4,031286 0,006775
франция 1,122566 0,001887
парного 3,743604 0,006292
ахмат 1,217876 0,004094
подопечных 4,436752 0,007457
фигурное 0,534779 0,002696
со 0,447767 0,000753
ифань 4,436752 0,007457
бронзовые 2,239527 0,003764
парном 2,932674 0,009858
линь 4,436752 0,007457
бадминтонистки 5,129899 0,008622
в 0,017911 0,000722
георгий 2,490841 0,004186
реклама 0,735450 0,002472
и 0,023953 0,000564
политика 0,239550 0,001208
связь 1,392229 0,007020
санкции 3,050457 0,005127
к 0,132686 0,000223
стали 0,971016 0,004896
н 0,895792 0,003011
о 0,042302 0,000640
п 1,086847 0,003653
кхл 0,760451 0,003834
пресс 1,086847 0,001827
россии 0,160085 0,001345
с 0,036149 0,000243
она 0,825834 0,001388
хуанг 5,129899 0,008622
ru 0,285712 0,000480
фитнес 1,574551 0,007939
проекты 1,198073 0,002014
вей 5,129899 0,008622
известны 2,932674 0,004929
выступлении 3,338139 0,005610
авто 0,925206 0,004665
китайского 3,743604 0,012584
репортажи 1,797694 0,003021
олимпийскими 2,490841 0,004186
я 0,853233 0,001434
сочи 0,853233 0,002868
футбол 0,285712 0,002401
конфиденциальности 0,317714 0,001602
китаец 3,520461 0,005917
мужском 2,644992 0,004445
всемирная 3,050457 0,020507
чемпионат 0,277868 0,001401
антропов 5,129899 0,008622
бум 1,911023 0,006424
мужского 2,357310 0,003962
букмекеры 1,664163 0,005594
пары 2,296685 0,003860
китайские 3,338139 0,011221
время 0,384967 0,001294
китая 2,932674 0,009858
испанским 4,031286 0,006775
национальной 2,085376 0,007010
новгород 1,217876 0,004094
белорусских 3,743604 0,006292
одиночного 4,031286 0,006775
китайцев 4,436752 0,014913
мелбет 1,762603 0,005925
пари 1,301257 0,004374
проекте 1,546380 0,005198
финале 1,633391 0,005490
хочешь 3,520461 0,005917
появится 3,338139 0,005610
допустила 2,827314 0,004752
казахстан 1,301257 0,006561
италия 0,867219 0,001458
соцсетях 1,466337 0,002464
турнира 0,839439 0,002822
до 0,239550 0,000403
представители 1,633391 0,002745
бет 1,834062 0,006165
зарубежный 1,911023 0,009635
бадминтона 4,031286 0,040652
ставок 1,664163 0,005594
взяли 2,732003 0,004592
поводу 2,732003 0,004592
травмированную 5,129899 0,008622
мма 1,069456 0,005392
российских 1,323236 0,002224
статусе 2,490841 0,004186
соревнованиям 3,050457 0,005127
соперницу 5,129899 0,008622
олимпизм 1,466337 0,007393
счет 1,797694 0,006043
олимпийский 0,853233 0,005736
bwf 4,436752 0,007457
читать 0,586604 0,000986
vk 1,441019 0,002422
игр 0,367725 0,003090
продлила 3,743604 0,012584
разряда 3,050457 0,010254
победы 0,971016 0,001632
материалов 1,217876 0,004094
одиночном 2,932674 0,009858
разряде 3,338139 0,022441
борисов 3,743604 0,006292
турнирная 1,441019 0,004844
нейтральном 3,183989 0,005351
мото 1,574551 0,007939
нижний 1,159607 0,003898
чемпионата 0,735450 0,001236
впечатлениях 5,129899 0,008622
японии 1,664163 0,002797
ростов 1,002764 0,003371
председатель 2,239527 0,003764
чи 4,436752 0,007457
биатлон 0,534779 0,002696
олимпийских 0,799165 0,004029
краснодар 0,925206 0,003110
букмекеров 1,198073 0,010068
чр 3,050457 0,005127
южнокорейская 5,129899 0,008622
локомотив 0,910391 0,003060
счетом 2,239527 0,003764
рейтинг 0,565551 0,006654
медаль 1,416327 0,002380
сообщила 2,564949 0,004311
спортсменка 2,085376 0,003505
тайбэя 5,129899 0,017243
никита 1,603538 0,002695
бадминтонисты 4,436752 0,029827
технологиях 1,911023 0,009635
флагом 2,185460 0,003673
бетсити 1,633391 0,005490
винлайн 1,834062 0,006165
отношении 2,421849 0,004070
из 0,106018 0,000535
приостановку 5,129899 0,008622
лондоне 2,357310 0,003962
печенкин 5,129899 0,008622
еврокубки 1,546380 0,007797
тему 1,664163 0,002797
августа 1,052361 0,017687
разделили 4,031286 0,006775
артур 1,664163 0,002797
беларусь 1,368699 0,006901
чэнь 4,031286 0,006775
хоккей 0,376309 0,003162
спартак 0,786093 0,002642
олимп 1,762603 0,005925
подмосковном 3,743604 0,006292
сборные 0,839439 0,004232
казань 1,345709 0,002262
служба 2,134166 0,003587
обратная 1,441019 0,007266
риа 1,466337 0,002464
членства 4,436752 0,007457
цска 0,711058 0,002390
актуальные 1,834062 0,003082
россиян 1,762603 0,002962
чжень 5,129899 0,008622
зенит 0,895792 0,006022
уроках 5,129899 0,008622
андрей 1,323236 0,002224
совета 2,085376 0,003505
матч 0,411400 0,001383
октября 1,086847 0,001827
золото 1,217876 0,014328
малайзии 4,031286 0,006775
акрон 1,279751 0,004302
лыжный 1,728701 0,008716
выиграли 1,518981 0,012765
который 0,799165 0,001343
победителями 2,357310 0,003962
серебро 1,871802 0,003146
динамо 0,663991 0,004464
крылья 1,258698 0,004231
ли 1,198073 0,002014
серебряную 3,183989 0,005351
бадминтоне 4,436752 0,022370
леон 1,797694 0,006043
спортсменов 0,786093 0,001321
экспресс 1,416327 0,007141
побеждать 3,050457 0,005127
бадминтону 4,436752 0,029827
думай 5,129899 0,008622
кьон 5,129899 0,008622
завоевал 1,911023 0,003212
карпов 4,031286 0,027101
выиграла 1,345709 0,002262
полуфинал 1,633391 0,002745
китаянка 3,743604 0,006292
сентября 1,069456 0,001797
бадминтон 1,546380 0,028589
новости 0,301585 0,001521
com 0,925206 0,003110
полуфиналисты 3,183989 0,005351
нхл 0,925206 0,004665
mail 1,301257 0,015309
лига 0,402511 0,004735
вышла 1,466337 0,002464
рассказал 1,238078 0,002081
евгения 2,421849 0,004070
дальше 1,492313 0,002508
турнир 0,699082 0,003525
мх 1,728701 0,005811
фонбет 1,466337 0,004929
летние 1,238078 0,004162
вышли 1,797694 0,003021
мы 0,925206 0,001555
олимпиаде 0,895792 0,004517
на 0,023953 0,000322
прошел 2,185460 0,003673
сергея 2,644992 0,004445
календарь 0,735450 0,002472
использования 0,393700 0,000662
физкультуры 2,932674 0,004929
bettery 1,871802 0,006292
организации 0,812411 0,001365
аксельсен 5,129899 0,008622
завоевавшего 5,129899 0,008622
история 0,555188 0,000933
апреля 1,052361 0,001769
водные 0,867219 0,004373
сервисов 1,834062 0,003082
таблица 0,925206 0,003110
олимпиады 0,925206 0,003110
сиранта 5,129899 0,008622
цзя 5,129899 0,008622
ван 2,296685 0,003860
оренбург 1,323236 0,004448
игровые 1,603538 0,008085
награды 1,728701 0,002905
раменском 4,031286 0,006775
завоевали 2,038856 0,003427
февраля 0,232059 0,000780
допустит 4,436752 0,007457
пьедестал 2,732003 0,004592
бокс 0,576022 0,002904
ян 2,038856 0,003427
катание 0,534779 0,002696
компания 1,279751 0,004302
косецкая 5,129899 0,025865
как 0,232059 0,000390
все 0,125952 0,000847
датчанин 4,031286 0,006775
премьер 1,217876 0,010234
другие 0,384967 0,001941
так 0,597299 0,001004
pari 1,603538 0,005390
года 0,239550 0,001208
по 0,073653 0,000619
поддержала 4,031286 0,006775
женского 2,490841 0,004186
федерация 1,002764 0,006741
интервью 0,971016 0,001632
компании 1,301257 0,002187
париже 1,664163 0,013985
цинчэнь 5,129899 0,008622
своих 1,345709 0,004523
использование 1,104547 0,003713
рекомендаций 1,871802 0,009438
рубин 1,217876 0,004094
чемпионками 3,520461 0,005917
соревнований 0,881403 0,001481
необычной 4,031286 0,006775
условия 0,411400 0,000691
советов 1,217876 0,004094
федерации 0,663991 0,002232
