называемый 2,421849 0,000279
latina 1,603538 0,000185
формула 1,728701 0,000598
девять 2,296685 0,000265
день 0,760451 0,000614
медалями 2,644992 0,000305
экспорт 0,986764 0,000114
поочерёдно 3,338139 0,000385
ним 1,695912 0,000196
န 2,134166 0,000246
играх 0,699082 0,000564
случилось 2,732003 0,000315
fútbol 4,436752 0,000512
ဘ 2,134166 0,000492
ไทย 1,238078 0,000143
မ 2,134166 0,000492
них 1,178655 0,000272
tatarça 1,392229 0,000161
играл 1,762603 0,000406
дженнингс 4,436752 0,000512
ဝ 5,129899 0,000591
သ 2,134166 0,000492
путешествие 3,520461 0,000406
пушкаша 4,031286 0,000465
частью 1,728701 0,000199
الدارجة 2,357310 0,000272
заявление 0,867219 0,000100
теофило 4,436752 0,000512
народным 4,436752 0,000512
участвовавшая 5,129899 0,001183
принадлежит 2,239527 0,000775
mìng 2,827314 0,000326
isixhosa 3,338139 0,000385
основан 1,871802 0,000216
девяти 3,183989 0,000367
оверата 5,129899 0,000591
барези 5,129899 0,000591
неоднозначно 4,436752 0,000512
графстрём 4,031286 0,000465
čeština 1,035554 0,000119
коллекция 3,743604 0,000432
леопард 5,129899 0,000591
финала 1,104547 0,002292
minangkabau 2,564949 0,000296
государствах 4,436752 0,000512
завоёвывала 4,436752 0,001023
викисклад 1,035554 0,000239
дольше 2,932674 0,000338
дель 4,436752 0,000512
пеле 4,031286 0,002324
войной 3,338139 0,000770
индия 3,183989 0,001468
дополнением 5,129899 0,000591
пройти 2,239527 0,000775
slovenčina 1,069456 0,000123
представителям 3,743604 0,000863
gnd 1,392229 0,000161
болгария 2,421849 0,000838
индивидуальных 2,644992 0,000305
честной 3,743604 0,000432
проект 1,728701 0,000399
македонски 1,258698 0,000145
отменено 2,644992 0,000305
слишком 2,644992 0,000305
определено 4,031286 0,000930
j 1,466337 0,000169
добиваться 5,129899 0,000591
финалы 2,185460 0,000252
моложе 3,743604 0,000432
n 2,421849 0,000279
вторые 2,827314 0,000326
the 1,546380 0,000535
s 1,664163 0,001919
u 1,345709 0,000155
каждой 1,546380 0,001070
w 0,955511 0,000110
x 1,279751 0,000443
сильных 2,827314 0,000326
колумбия 3,183989 0,001468
территории 1,633391 0,000188
победившими 5,129899 0,000591
одиннадцати 3,743604 0,000432
роберт 2,185460 0,000252
имени 1,951845 0,000225
финале 1,633391 0,002072
сборную 1,633391 0,000753
выходят 2,932674 0,000676
украина 1,871802 0,000432
футзал 2,085376 0,000240
дмитрий 1,345709 0,000155
каждую 2,932674 0,000338
колясках 2,932674 0,000338
брайтнер 5,129899 0,000591
норвежская 1,603538 0,000185
риме 2,644992 0,001525
феррети 5,129899 0,000591
адидас 5,129899 0,001774
корее 2,827314 0,000326
кореи 2,644992 0,000610
окленд 5,129899 0,001183
окончании 1,911023 0,000220
индор 4,436752 0,000512
chi 4,031286 0,000465
групповых 3,520461 0,000406
юношеских 2,644992 0,000305
брендов 4,031286 0,000465
вышедшей 4,436752 0,000512
спорта 0,342407 0,000079
системе 0,867219 0,000400
июня 1,217876 0,000562
авеланж 4,031286 0,000465
неудобной 4,436752 0,000512
афк 2,827314 0,002608
росас 5,129899 0,000591
каталогах 1,323236 0,000153
могут 0,760451 0,000175
клубов 1,603538 0,000185
усилиями 4,031286 0,000465
корея 2,085376 0,003607
нефутбольными 5,129899 0,000591
справедливой 4,031286 0,000465
июнь 3,183989 0,000734
пробивать 4,436752 0,000512
конфедерация 3,338139 0,000385
успехом 2,644992 0,000305
рики 4,436752 0,000512
председатель 2,239527 0,000258
очков 1,198073 0,000276
совет 1,994404 0,000230
встретились 2,644992 0,000305
успехов 2,732003 0,000315
рика 3,338139 0,000770
заявке 3,520461 0,000406
одинакова 4,436752 0,000512
футболист 1,951845 0,001125
заявки 3,743604 0,000863
заявку 3,183989 0,000734
отношениями 4,031286 0,000465
боске 5,129899 0,000591
последний 0,773190 0,000267
уступавшие 5,129899 0,000591
наций 1,797694 0,000415
немец 4,031286 0,000465
конфедерации 3,520461 0,002030
становившиеся 4,031286 0,000465
занимала 3,183989 0,000367
конгрессе 2,644992 0,000305
avañe 2,732003 0,000315
конфедераций 4,031286 0,001859
обошла 4,031286 0,000465
июля 1,035554 0,001313
возрастные 3,743604 0,000863
pdf 0,940244 0,000108
участием 1,518981 0,000175
последних 1,951845 0,000450
конгрессы 4,031286 0,000465
стыке 3,743604 0,000432
курт 4,031286 0,000465
сша 0,586604 0,001759
другая 2,357310 0,000272
описание 0,986764 0,000114
избежать 3,183989 0,000367
worldfootball 2,932674 0,000338
групп 2,296685 0,003972
комитета 2,085376 0,000240
игроков 1,238078 0,000428
руффинен 4,031286 0,000465
китайская 1,258698 0,000145
одновременно 1,762603 0,000813
сохранила 5,129899 0,000591
старейший 3,338139 0,000385
выигрывала 3,183989 0,000367
примут 2,564949 0,000296
проводящихся 4,436752 0,000512
игроком 1,762603 0,000203
океании 3,050457 0,002462
выигрывали 3,183989 0,003671
родоначальников 5,129899 0,000591
сборным 3,520461 0,000406
вручается 2,827314 0,002282
подряд 1,258698 0,002177
менял 4,031286 0,000465
океания 2,490841 0,000574
переводе 4,031286 0,000465
вследствие 3,338139 0,000385
нигерия 3,050457 0,000703
сборные 0,839439 0,002807
официального 2,421849 0,000558
блаттер 4,031286 0,002324
исса 4,031286 0,000465
бразилия 2,296685 0,013505
этике 3,743604 0,000432
чемпионский 2,490841 0,000287
кэшем 2,421849 0,000279
чемпиону 3,338139 0,000385
международное 2,185460 0,000252
чемпионских 3,050457 0,000703
worldcat 2,490841 0,000287
вклад 0,971016 0,000112
indonesia 1,086847 0,000125
зоны 2,185460 0,000252
текст 0,986764 0,000114
ноября 0,971016 0,000560
полагали 5,129899 0,000591
lâm 1,762603 0,000203
золота 2,932674 0,000338
архивная 1,633391 0,000942
esperanto 1,198073 0,000138
бразилию 3,743604 0,000432
тому 1,664163 0,000384
юные 3,520461 0,000406
чемпиона 1,466337 0,001014
women 2,827314 0,000326
зона 2,134166 0,000246
очка 1,574551 0,000545
перейти 0,867219 0,000200
чилийцы 5,129899 0,000591
золото 1,217876 0,000702
счёт 1,603538 0,000555
boarisch 2,357310 0,000272
интерес 2,564949 0,000296
бразилии 2,357310 0,005164
принимавший 4,031286 0,000465
бейсболу 4,436752 0,000512
возникло 3,183989 0,000367
нохчийн 2,296685 0,000265
ответственность 2,827314 0,000326
парагвай 3,338139 0,001924
сильнейших 2,239527 0,000516
разница 2,490841 0,000287
изучить 4,436752 0,000512
xxi 2,038856 0,000235
диего 3,183989 0,000367
ответственности 0,971016 0,000112
звания 2,827314 0,000652
золотые 1,728701 0,000199
сборных 1,911023 0,004848
имеет 1,492313 0,000172
сильнейшие 3,050457 0,000352
его 0,447767 0,000207
аналогичной 4,436752 0,000512
колаусси 5,129899 0,000591
подкупа 5,129899 0,001183
начертанием 5,129899 0,000591
только 0,447767 0,001084
парагвая 4,436752 0,000512
звание 2,185460 0,001008
php 0,986764 0,000114
званий 3,520461 0,000406
английская 3,338139 0,000385
противостоянии 3,338139 0,000385
золотых 1,911023 0,000220
окончания 2,085376 0,000481
сводила 5,129899 0,000591
цен 4,031286 0,000465
кигали 4,031286 0,000465
com 0,925206 0,000533
проходят 1,728701 0,000199
миру 2,644992 0,000305
сэр 5,129899 0,000591
посмотрели 4,436752 0,000512
каждого 1,633391 0,000377
турнир 0,699082 0,002096
маркус 3,183989 0,000367
мире 1,198073 0,000553
адемир 5,129899 0,000591
аравия 1,951845 0,001350
мира 0,367725 0,008522
отменены 3,183989 0,000367
каттнер 4,031286 0,000465
frysk 1,762603 0,000203
чаще 1,834062 0,000423
west 2,827314 0,000652
продолжается 2,732003 0,000315
футбола 1,762603 0,001626
килиан 4,436752 0,001023
имело 3,743604 0,000432
когда 0,652562 0,000752
учитываются 2,732003 0,000315
могли 1,664163 0,000192
предыдущие 3,338139 0,000385
цепочка 5,129899 0,000591
客家語 2,564949 0,000296
финалисты 3,520461 0,000406
тематические 2,185460 0,000252
пеллеруд 5,129899 0,000591
обыгравший 5,129899 0,000591
проводятся 1,574551 0,000726
испытывал 4,436752 0,000512
фонтен 5,129899 0,001774
годов 1,301257 0,001800
предыдущих 2,827314 0,000326
куки 0,971016 0,000112
футболу 1,492313 0,008775
саленко 4,436752 0,001023
имели 2,357310 0,000272
скобках 4,031286 0,000930
шандор 5,129899 0,000591
завоёвывали 3,520461 0,000812
демпси 4,436752 0,001023
постигла 5,129899 0,000591
флорболу 4,436752 0,000512
заслуги 3,338139 0,000385
попадания 2,827314 0,000326
выполнить 3,050457 0,000352
австриец 4,031286 0,000465
чемпионы 1,871802 0,000647
титулы 3,050457 0,000352
капитан 1,871802 0,000216
встречено 5,129899 0,000591
статус 1,871802 0,000216
именами 4,031286 0,000465
слабых 4,436752 0,000512
соблюдавшей 5,129899 0,000591
против 0,747872 0,000345
другие 0,384967 0,000133
так 0,597299 0,000275
иногда 1,951845 0,000450
фифа 1,728701 0,013155
федерация 1,002764 0,000347
vlams 2,827314 0,000326
бразильских 4,436752 0,000512
мировых 2,421849 0,000279
türkmençe 2,185460 0,000252
становившийся 4,031286 0,000465
вопросах 4,031286 0,000465
пейтноуд 5,129899 0,000591
мини 2,185460 0,000252
других 0,853233 0,000689
запорожье 5,129899 0,000591
состоянию 1,911023 0,000661
корзины 4,436752 0,001023
источников 1,518981 0,000175
тура 1,728701 0,000399
монтевидео 4,031286 0,000465
четвёрку 4,436752 0,000512
образом 1,546380 0,000891
хёттгеса 5,129899 0,000591
титула 2,421849 0,000838
исполком 3,520461 0,000406
sport 1,122566 0,000129
федерации 0,663991 0,000153
мировым 3,050457 0,000352
обыграв 2,134166 0,000246
сталкивались 4,436752 0,000512
швеции 1,664163 0,000192
посчитал 4,436752 0,000512
определении 3,743604 0,000432
есть 0,812411 0,000187
претендентов 2,827314 0,000652
этой 1,052361 0,000607
этом 0,565551 0,000391
национальные 1,695912 0,000196
этот 0,825834 0,000667
действующие 2,564949 0,000296
питер 3,520461 0,000406
действующий 2,357310 0,001359
бронзовые 2,239527 0,000516
определения 2,421849 0,000558
швеция 1,345709 0,002483
qaraqalpaqsha 2,038856 0,000235
побеждавших 3,743604 0,000432
тойна 5,129899 0,000591
глава 1,546380 0,000178
иордания 3,520461 0,000406
основном 1,951845 0,000900
известным 2,644992 0,000305
известный 2,239527 0,000516
основное 2,134166 0,000246
cup 2,134166 0,000492
камерунец 5,129899 0,000591
français 1,019025 0,000117
немецкий 2,421849 0,000279
бонне 5,129899 0,000591
элемент 0,955511 0,000110
хаяту 4,031286 0,000465
спортивные 1,104547 0,000255
alemannisch 2,357310 0,000272
выступлений 1,664163 0,000384
игрок 1,258698 0,001306
состязанием 4,436752 0,001023
проходил 2,185460 0,000504
чемпионское 3,743604 0,000432
спортивным 2,296685 0,000265
следом 4,436752 0,000512
имеют 1,834062 0,000211
женщины 0,881403 0,002134
проходит 1,633391 0,000753
пожалуйста 1,633391 0,000188
выступления 1,546380 0,000178
тех 1,217876 0,000843
выиграть 1,466337 0,000169
выбывала 4,436752 0,000512
словом 3,743604 0,000432
финалом 4,436752 0,000512
указанием 0,986764 0,000114
болельщиков 1,574551 0,000545
ниже 1,762603 0,000610
экономическим 4,436752 0,000512
дичикко 5,129899 0,000591
ଓଡ 3,338139 0,000385
милла 5,129899 0,001774
европы 0,524729 0,001150
попавших 3,520461 0,000406
тем 1,217876 0,000702
насчитывается 3,520461 0,000406
поло 1,441019 0,000166
финалов 3,183989 0,001468
европе 1,492313 0,001893
без 0,466460 0,000323
поле 1,217876 0,000562
閩東語 2,827314 0,000326
проводился 2,038856 0,001881
между 0,955511 0,001322
мондрагон 5,129899 0,000591
карбахаль 5,129899 0,000591
европу 2,564949 0,000296
hak 2,564949 0,000296
соответствии 1,086847 0,000251
принесла 3,183989 0,000367
чиновники 3,520461 0,000406
крупнейшим 3,743604 0,000432
европа 2,134166 0,001476
назначалась 5,129899 0,000591
эллис 4,436752 0,001023
первого 1,258698 0,000871
виды 0,773190 0,000089
регионом 4,436752 0,000512
иначе 1,834062 0,000211
мексика 2,644992 0,007624
суппичи 5,129899 0,000591
менялся 3,743604 0,000432
пока 1,159607 0,000267
ပအ 5,129899 0,000591
защищать 3,520461 0,000406
futbol 4,031286 0,000465
менотти 5,129899 0,000591
нередко 2,827314 0,000326
мексики 3,520461 0,001624
ಕನ 2,038856 0,000235
клуб 0,940244 0,000217
миллионов 1,911023 0,000220
мексике 4,031286 0,000930
росси 4,031286 0,000465
британцы 4,031286 0,000465
регионов 2,421849 0,000838
абсолютный 3,338139 0,000385
кроме 1,368699 0,000789
виде 1,368699 0,000158
олимпийского 1,603538 0,000185
ассоциаций 2,732003 0,000315
вошли 1,994404 0,000230
chewa 4,031286 0,000465
оаэ 2,357310 0,000272
каждая 2,134166 0,000246
оба 1,911023 0,000441
кодекс 0,971016 0,000224
канаде 2,296685 0,000530
заняли 2,134166 0,000246
ends 5,129899 0,000591
немцы 3,338139 0,000385
длительным 4,436752 0,000512
статьи 0,524729 0,000545
произойдёт 4,031286 0,000465
заняла 1,951845 0,000225
канада 1,301257 0,000900
исключения 3,050457 0,000352
загало 5,129899 0,000591
олег 1,951845 0,000225
rotation 5,129899 0,000591
чередовать 5,129899 0,000591
игнорировали 5,129899 0,000591
марий 2,827314 0,000326
профессионального 2,732003 0,000315
статью 1,728701 0,000199
марио 3,743604 0,001727
обе 2,085376 0,000721
если 0,675551 0,000545
статья 0,986764 0,001365
хозяин 3,520461 0,008118
соответственно 2,134166 0,001230
wikimedia 0,986764 0,000114
федерациях 4,436752 0,000512
пятеро 4,436752 0,000512
честь 2,085376 0,000240
мировом 2,827314 0,000326
шаблонами 1,664163 0,000192
позднее 2,421849 0,000279
определяет 2,827314 0,000326
европейского 2,827314 0,000326
возрастной 2,827314 0,000978
мировой 1,392229 0,001605
групповой 2,085376 0,000481
паррейра 5,129899 0,000591
ελληνικά 1,086847 0,000125
групповом 2,644992 0,000305
многие 1,728701 0,000199
преодолела 3,338139 0,000385
язык 1,258698 0,000145
выявления 4,031286 0,000465
исключительно 2,357310 0,000272
нём 1,911023 0,000661
অসম 2,644992 0,000305
проведённых 2,490841 0,000287
разу 2,932674 0,001014
прочие 1,345709 0,000155
разных 1,834062 0,000211
новая 1,546380 0,000535
обладателями 2,932674 0,000676
вышедшая 4,436752 0,000512
удавалось 3,183989 0,001101
серебра 2,932674 0,000338
алжир 3,338139 0,000385
creative 0,986764 0,000114
право 1,603538 0,000740
выходил 3,338139 0,000770
nederlands 1,019025 0,000117
наград 2,134166 0,000246
разным 3,338139 0,000385
wayback 1,633391 0,000942
разные 2,564949 0,000296
раза 1,834062 0,004652
различных 1,728701 0,000199
проведённым 4,436752 0,000512
защитить 3,338139 0,000385
андрес 3,520461 0,000406
улучшите 2,490841 0,000287
международным 1,871802 0,000216
международный 1,258698 0,000145
майера 5,129899 0,000591
комитет 1,911023 0,000441
башҡортса 1,518981 0,000175
матч 0,411400 0,000664
мексику 4,436752 0,000512
международные 1,238078 0,000286
euskara 1,122566 0,000129
выиграли 1,518981 0,000350
лято 5,129899 0,001774
победившие 3,520461 0,000406
прочее 1,834062 0,000211
заявляли 5,129899 0,000591
серебро 1,871802 0,001295
родригес 4,031286 0,000465
становился 2,932674 0,000338
маркес 4,436752 0,000512
турине 3,050457 0,000352
тыла 2,644992 0,000305
текущие 0,940244 0,000108
чарльз 3,338139 0,000385
стране 1,951845 0,000900
попадали 3,338139 0,000385
кубильяс 5,129899 0,000591
вместо 1,633391 0,000377
страна 1,633391 0,000753
помощник 2,827314 0,000326
сразу 1,392229 0,000482
команд 1,178655 0,004756
создать 0,825834 0,000095
страны 1,052361 0,001213
вместе 1,178655 0,000136
мараканасо 5,129899 0,001183
выиграла 1,345709 0,000621
полуфинал 1,633391 0,000942
игрокам 1,951845 0,000225
asturianu 1,323236 0,000153
разрыва 3,743604 0,000432
страну 2,827314 0,000326
проигрывает 3,050457 0,000703
ограничивается 4,031286 0,000465
паоло 4,031286 0,000465
телевидение 4,031286 0,000930
ближе 2,490841 0,000287
дрюри 4,031286 0,000465
участвует 2,932674 0,000676
کوردی 1,762603 0,000203
запрос 2,732003 0,000315
финалист 2,421849 0,000279
решение 1,238078 0,000428
печать 0,986764 0,000114
хельмут 4,031286 0,001394
íslenska 1,392229 0,000161
проигрывали 4,436752 0,001023
новыми 2,932674 0,000338
получилось 3,050457 0,000352
जप 3,520461 0,000406
считается 1,664163 0,000192
том 0,895792 0,000103
исторически 3,050457 0,000352
экономика 2,421849 0,000279
જર 3,338139 0,000385
основная 1,323236 0,001526
тот 1,416327 0,000653
обсуждение 0,881403 0,000203
тренера 1,546380 0,000357
пройдёт 2,932674 0,001353
выходов 4,436752 0,001023
выиграны 4,436752 0,000512
премия 3,050457 0,000703
тринидад 3,338139 0,000385
зидан 4,436752 0,000512
организации 0,812411 0,000281
товарный 0,986764 0,000114
перу 3,338139 0,000770
грабовски 5,129899 0,000591
format 3,743604 0,000432
три 0,786093 0,001088
хозяйка 4,436752 0,001535
островов 4,031286 0,000465
инфантино 3,520461 0,000406
閩南語 1,762603 0,000203
кандидаты 3,520461 0,000406
начиная 1,492313 0,001032
дважды 1,574551 0,002179
географией 5,129899 0,000591
клубный 1,871802 0,000432
норвегия 1,834062 0,000211
голоса 3,520461 0,000812
попадает 3,743604 0,000432
витторио 5,129899 0,000591
групповую 4,436752 0,000512
цюрих 3,743604 0,003885
лионель 3,743604 0,003021
печати 0,955511 0,000110
владислав 2,185460 0,000252
бок 3,520461 0,000812
достижения 1,695912 0,000391
перерыва 2,134166 0,000246
снявшиеся 5,129899 0,000591
последняя 2,644992 0,000610
оставался 3,050457 0,000352
хозяйку 5,129899 0,000591
условий 0,881403 0,000102
серебряными 2,932674 0,000338
третья 2,644992 0,000305
corsu 4,436752 0,000512
хозяйки 3,338139 0,001155
пепе 5,129899 0,000591
как 0,232059 0,000696
участник 2,296685 0,000265
гаити 3,338139 0,000385
хозяева 3,050457 0,000703
хозяйке 4,436752 0,001023
участниц 3,338139 0,000385
дощечка 5,129899 0,000591
mundial 4,031286 0,001394
каф 3,743604 0,002158
текущем 2,932674 0,000338
фильм 2,644992 0,000305
отказались 3,050457 0,001055
куаутемок 5,129899 0,000591
втором 1,695912 0,000196
стоимость 2,827314 0,000326
дошла 2,932674 0,001014
тарашкевіца 1,198073 0,000138
дорогостоящим 5,129899 0,000591
сводная 2,932674 0,000338
форлан 5,129899 0,000591
cymraeg 1,574551 0,000182
третье 1,603538 0,001479
вручаются 4,436752 0,000512
второе 1,603538 0,000185
проводились 1,603538 0,001109
тренеры 1,911023 0,000441
sicilianu 2,038856 0,000235
заранее 2,932674 0,001014
второй 0,786093 0,001088
условия 0,411400 0,000142
термина 1,695912 0,000196
получила 1,728701 0,000399
австрии 2,421849 0,000279
определяют 2,827314 0,000326
dansk 1,069456 0,000123
uyghurche 2,644992 0,000305
ожидает 4,436752 0,001023
ещё 0,420369 0,000339
знаменитом 3,743604 0,000432
ответила 3,338139 0,000385
наибольшим 3,520461 0,000406
приняло 2,732003 0,000315
найд 5,129899 0,000591
феола 5,129899 0,000591
получили 1,664163 0,000384
приняли 1,633391 0,000377
организаторов 3,050457 0,000352
авторы 3,520461 0,000812
менее 1,258698 0,000581
рейтингом 4,031286 0,000465
пришлось 2,296685 0,000530
берлин 3,050457 0,000352
видам 2,038856 0,000235
беларуская 1,069456 0,000247
очных 4,436752 0,000512
первой 1,019025 0,000587
защитили 5,129899 0,000591
чехословакия 2,421849 0,001117
организатором 3,743604 0,000432
грен 5,129899 0,000591
гасман 4,031286 0,000465
а 0,209918 0,000896
в 0,017911 0,000838
месяцев 2,296685 0,000265
олык 2,932674 0,000338
г 0,925206 0,000747
д 0,895792 0,000103
е 0,867219 0,002000
мирослав 5,129899 0,002366
и 0,023953 0,000707
ротации 4,031286 0,000930
й 0,825834 0,000476
к 0,132686 0,000260
конмебол 3,743604 0,002158
м 0,534779 0,000678
о 0,042302 0,000034
чехословакии 2,932674 0,000338
с 0,036149 0,000354
она 0,825834 0,000286
т 1,368699 0,000473
суммарная 3,520461 0,000406
у 0,342407 0,000632
течение 1,238078 0,000286
х 0,986764 0,002844
китай 2,038856 0,000705
ч 2,644992 0,004879
текущая 2,421849 0,000279
скачать 0,895792 0,000207
они 0,760451 0,000088
лораном 5,129899 0,000591
оно 2,038856 0,000235
футбол 0,285712 0,000329
мулинхаус 4,031286 0,000465
сыгранных 2,827314 0,000652
применяется 2,732003 0,000315
ювентус 2,421849 0,000279
четвертьфиналы 2,732003 0,000315
месси 2,239527 0,001808
португалия 2,296685 0,003707
гандболу 3,338139 0,000385
копия 1,574551 0,000908
гуардадо 5,129899 0,000591
организатор 3,183989 0,000734
заставило 3,743604 0,000432
четвертьфинале 1,994404 0,000230
признаёт 5,129899 0,000591
австрия 2,239527 0,001549
фулеко 5,129899 0,000591
каталанская 1,695912 0,000196
томас 2,932674 0,000676
ангола 3,520461 0,000406
вызванным 5,129899 0,000591
алфавиту 1,159607 0,000134
причём 1,951845 0,000450
представились 0,986764 0,000114
региональных 3,183989 0,000367
верде 3,183989 0,000367
粵語 1,178655 0,000136
организован 3,183989 0,000367
следующего 2,185460 0,000252
наряду 2,490841 0,000287
организовал 3,743604 0,000432
ничьей 2,732003 0,000315
தம 1,492313 0,000172
fifa 3,050457 0,003517
льва 3,050457 0,000352
последнего 2,038856 0,000470
викискладе 1,217876 0,000140
coupe 4,436752 0,000512
жанейро 2,421849 0,000279
соперников 1,664163 0,000192
победить 2,732003 0,000945
получивших 3,743604 0,000432
пляжный 1,728701 0,000199
австралия 2,239527 0,001549
удалена 2,038856 0,000235
сумме 1,994404 0,000230
впоследствии 1,911023 0,000220
уменьшить 3,183989 0,000367
мест 1,951845 0,001125
последствий 3,743604 0,000863
hatnote 3,520461 0,000406
региональные 2,357310 0,000272
соревнованиях 1,159607 0,000267
профессионалов 2,644992 0,000610
вручался 4,031286 0,000465
австралии 2,134166 0,000246
արեւմտահայերէն 2,564949 0,000296
наибольшее 2,085376 0,002404
британских 3,743604 0,000432
предварительного 3,183989 0,000367
группового 2,490841 0,001436
всех 0,652562 0,000752
достигали 5,129899 0,000591
японии 1,664163 0,000384
назначены 4,436752 0,000512
title 0,986764 0,000114
звёздочками 5,129899 0,000591
чехия 1,518981 0,000175
видео 0,699082 0,000081
ост 5,129899 0,000591
органом 3,183989 0,000367
польша 2,185460 0,001764
пожертвовать 0,986764 0,000114
играли 1,762603 0,002439
заканчивает 4,436752 0,000512
меньше 2,038856 0,000705
швейцарцы 4,436752 0,000512
французом 5,129899 0,000591
вылетела 3,520461 0,000406
играла 2,490841 0,000287
берт 4,436752 0,000512
сносок 1,951845 0,000225
приняла 2,644992 0,000610
япония 1,994404 0,002070
ссылка 0,786093 0,000181
вернулись 3,050457 0,000352
kiswahili 2,185460 0,000252
эйсебио 4,436752 0,000512
богатейших 5,129899 0,000591
ссылки 0,839439 0,000581
раунд 2,134166 0,000492
своём 1,871802 0,000432
хоккею 1,603538 0,000740
ನಡ 2,038856 0,000235
зональному 5,129899 0,000591
первыми 1,762603 0,000203
аншлюса 5,129899 0,001183
жребий 4,031286 0,000465
финансовой 2,932674 0,000338
переезжал 5,129899 0,000591
вава 5,129899 0,001183
пришла 3,050457 0,000703
всемирный 3,050457 0,000352
швейцария 1,603538 0,001294
матчу 2,732003 0,000315
остаться 3,183989 0,000367
разделами 1,951845 0,000675
преимущество 2,239527 0,000516
москва 0,760451 0,000088
ᱥᱟᱱᱛᱟᱲᱤ 2,932674 0,000338
отдельных 0,986764 0,000114
уэльсом 4,436752 0,000512
офк 3,338139 0,003079
скандал 1,871802 0,000216
дания 2,085376 0,000240
проходящим 4,436752 0,000512
сенегала 5,129899 0,000591
результаты 0,910391 0,000315
офф 1,019025 0,001762
греция 2,564949 0,000887
увенчались 4,436752 0,000512
матча 1,002764 0,000809
проводится 1,546380 0,000357
клозе 5,129899 0,003549
hindi 2,421849 0,000279
проводят 2,421849 0,000279
чей 3,743604 0,000432
матчи 0,773190 0,001070
чем 0,747872 0,000259
матче 0,747872 0,000604
бронзы 3,183989 0,000367
фарид 4,031286 0,000465
половина 3,050457 0,000352
разделе 1,728701 0,000399
дорранс 5,129899 0,000591
результата 2,564949 0,000296
предыдущего 3,050457 0,001055
занимают 2,932674 0,000338
южно 3,743604 0,001295
хозяев 2,644992 0,002745
бутса 5,129899 0,001183
установленный 3,338139 0,000385
связано 2,134166 0,000246
был 0,663991 0,001225
результате 1,728701 0,000199
хозяек 4,436752 0,000512
文言 3,338139 0,000385
фейр 3,520461 0,000812
родоначальники 5,129899 0,000591
миллиарда 3,050457 0,000352
неедлы 5,129899 0,000591
малайзия 3,183989 0,000367
код 0,986764 0,003413
набрала 2,932674 0,000338
эссам 5,129899 0,001774
научно 3,050457 0,000352
бронза 2,644992 0,001525
египет 3,183989 0,002203
fiji 2,421849 0,000279
кот 3,338139 0,000385
url 0,986764 0,000114
ссылок 1,911023 0,000441
грандиозными 5,129899 0,000591
отказе 3,520461 0,000406
проезда 4,436752 0,000512
таиланд 2,932674 0,000338
machine 1,633391 0,000942
отказа 3,743604 0,000432
бронзу 2,085376 0,000481
хакан 5,129899 0,000591
новости 0,301585 0,000035
французы 3,183989 0,000367
войти 0,735450 0,000085
отстаивал 5,129899 0,000591
юрген 3,338139 0,000385
выступали 2,490841 0,000287
furlan 3,050457 0,000352
вышла 1,466337 0,000169
шахт 5,129899 0,000591
ковач 3,743604 0,000432
первых 1,518981 0,000525
ქართული 1,392229 0,000161
возраст 3,050457 0,000352
вышли 1,797694 0,000207
жером 4,031286 0,000465
стадион 2,134166 0,000492
талисманы 3,743604 0,000432
выступала 2,732003 0,000315
зеландия 2,827314 0,000978
финалах 2,644992 0,000305
мишель 4,031286 0,000465
смешанные 2,644992 0,000610
медалей 1,238078 0,000571
ⵜⴰⵏⴰⵡⴰⵢⵜ 4,031286 0,000465
бельгия 2,296685 0,001854
бельгию 4,031286 0,000465
шведами 4,436752 0,000512
инструменты 0,986764 0,000228
ئۇيغۇرچە 2,644992 0,000305
зеландии 3,183989 0,000367
первым 1,238078 0,000571
первому 3,183989 0,000367
девушек 2,932674 0,000676
первые 0,971016 0,001008
тоҷикӣ 1,695912 0,000196
обращения 0,925206 0,000213
послевоенной 5,129899 0,000591
первый 0,687247 0,000792
модулем 3,520461 0,000406
игровым 3,743604 0,000432
февраля 0,232059 0,000054
betawi 2,732003 0,000315
программы 1,633391 0,000377
मर 1,574551 0,000182
пять 1,368699 0,000473
главного 1,728701 0,000399
антонио 3,050457 0,000352
best 3,183989 0,001101
бельгии 3,338139 0,000770
одинаковым 3,520461 0,000406
словакия 1,834062 0,000211
эгидой 1,797694 0,000207
bali 2,827314 0,000326
значения 1,416327 0,000327
заполнена 5,129899 0,000591
уве 4,436752 0,000512
men 2,932674 0,000338
конфедерациям 5,129899 0,000591
швайнштайгер 5,129899 0,000591
титул 1,603538 0,000555
принимались 5,129899 0,000591
срок 2,085376 0,000240
футбольное 3,050457 0,000352
сычёв 4,031286 0,000465
превышал 4,031286 0,000465
считаться 2,932674 0,000676
оуэн 5,129899 0,000591
футбольной 2,564949 0,000887
следовало 4,031286 0,000465
самый 1,416327 0,001143
служили 4,436752 0,000512
гарсии 3,743604 0,000432
материал 0,825834 0,000095
проверяема 2,038856 0,000235
самым 1,392229 0,000161
отменён 3,183989 0,000367
полуфинальных 4,436752 0,000512
бастиан 5,129899 0,000591
самые 1,633391 0,000565
сохозяин 5,129899 0,004732
очередного 3,520461 0,000406
доходили 4,031286 0,000465
добавив 1,911023 0,000220
instagram 1,911023 0,000220
føroyskt 2,085376 0,000240
президентская 4,031286 0,000465
лотар 5,129899 0,001183
навигация 0,986764 0,000228
вторыми 3,183989 0,000367
разделены 3,743604 0,000863
водному 3,743604 0,000432
проверки 2,239527 0,000258
кабо 3,338139 0,000385
навигации 0,986764 0,000114
сборная 0,711058 0,003525
правила 0,910391 0,000210
лиссабон 5,129899 0,000591
кюрасао 5,129899 0,000591
стоичков 5,129899 0,000591
счётом 1,834062 0,001480
правило 1,633391 0,000188
вообще 1,911023 0,000220
талисманами 5,129899 0,000591
маттеус 5,129899 0,001183
можете 1,695912 0,000196
перешла 3,743604 0,000432
бы 1,052361 0,000364
предназначен 5,129899 0,000591
сайты 1,994404 0,000230
hrvatski 1,052361 0,000121
липтон 5,129899 0,001183
уефа 1,466337 0,000676
трик 3,183989 0,000367
разыгрывали 3,183989 0,000367
аудио 1,951845 0,000225
кубок 0,524729 0,002118
во 0,495170 0,000457
привели 3,050457 0,000352
начинаются 3,520461 0,000406
организовавшего 5,129899 0,000591
уже 0,687247 0,000238
лидеры 2,085376 0,000481
сайте 1,217876 0,000140
вы 0,325878 0,000075
распределённые 2,644992 0,000305
преодолевшая 5,129899 0,000591
партнёр 2,932674 0,000338
гг 3,183989 0,000734
континенты 5,129899 0,000591
мяча 1,834062 0,000634
итогам 1,603538 0,000370
просто 1,492313 0,000172
предусматривает 3,743604 0,000432
континенту 4,436752 0,000512
го 1,279751 0,001033
энциклопедии 0,986764 0,000228
лучшему 3,338139 0,001155
государства 2,932674 0,000338
показателям 3,338139 0,000385
континенте 4,031286 0,000930
добились 2,932674 0,000338
радовать 5,129899 0,000591
associated 0,986764 0,000114
български 1,086847 0,000125
образовательный 3,520461 0,000406
континента 3,050457 0,000703
панама 3,338139 0,000770
чтобы 0,773190 0,000089
британцев 3,743604 0,000432
плей 1,002764 0,001966
хозяевами 4,031286 0,000465
журнал 2,185460 0,000504
проведение 2,134166 0,001230
пат 4,436752 0,000512
де 0,955511 0,000110
проведении 2,732003 0,000630
вынесенные 4,436752 0,000512
перед 0,839439 0,000097
шайбой 1,122566 0,000129
сайт 0,773190 0,000267
американский 1,258698 0,000145
до 0,239550 0,001105
др 2,490841 0,000287
жаке 5,129899 0,000591
зарегистрированный 0,986764 0,000114
трех 2,732003 0,000315
японцы 3,338139 0,000385
рабочие 4,436752 0,000512
сборными 2,827314 0,000326
сюда 0,986764 0,000228
закончившийся 4,031286 0,000465
двух 1,002764 0,001041
континент 5,129899 0,000591
европейскими 4,031286 0,000465
цитировать 0,986764 0,000114
ей 1,834062 0,000423
числа 2,357310 0,000815
регулярно 1,871802 0,000432
азия 2,564949 0,001183
необходимости 2,644992 0,000305
домашних 2,827314 0,000326
проведения 1,258698 0,002903
числе 1,546380 0,000178
лондон 2,490841 0,000287
двум 3,050457 0,000352
швейцарец 3,520461 0,000406
дидье 5,129899 0,000591
азии 2,085376 0,001683
кубка 0,825834 0,000571
число 1,392229 0,001445
финалистом 3,743604 0,000432
ido 1,546380 0,000178
числу 1,546380 0,000357
monde 4,436752 0,000512
равенстве 3,183989 0,000367
её 1,104547 0,000255
полуфиналах 4,031286 0,001394
же 0,925206 0,000853
выигравшая 3,743604 0,001295
роже 5,129899 0,001774
bibsys 4,436752 0,000512
победив 2,564949 0,001183
соперникам 2,827314 0,000326
шукюр 5,129899 0,000591
русиньскый 2,732003 0,000315
сингапур 3,183989 0,000367
что 0,239550 0,000470
медали 0,971016 0,000560
править 0,986764 0,006826
за 0,125952 0,000537
анджелесе 2,564949 0,000296
ожидать 5,129899 0,000591
позиции 1,871802 0,000216
basa 2,732003 0,000315
было 0,438551 0,000455
подробнее 0,723179 0,000083
аналогичная 3,338139 0,000385
альберт 2,827314 0,000326
поццо 5,129899 0,001183
настоящее 1,797694 0,000207
венгрии 3,050457 0,000352
дзофф 5,129899 0,000591
были 0,799165 0,001198
vèneto 2,357310 0,000272
тысяч 1,762603 0,000203
венгрия 2,564949 0,002366
была 0,652562 0,000903
принцип 2,827314 0,000326
независимыми 4,031286 0,000465
пенальти 2,038856 0,002116
из 0,106018 0,000807
играют 1,728701 0,000598
оговорено 5,129899 0,000591
runa 2,732003 0,000315
роналду 1,911023 0,000661
каком 3,338139 0,000385
мундиа 5,129899 0,000591
августа 1,052361 0,000243
роналдо 4,436752 0,001535
выходившие 4,031286 0,000465
море 5,129899 0,000591
их 0,799165 0,000461
скрытые 1,122566 0,000129
сеяными 5,129899 0,000591
никому 2,732003 0,000945
потерпела 2,732003 0,000315
регламент 2,296685 0,000265
auckland 5,129899 0,000591
составляли 3,183989 0,000367
кувейт 3,520461 0,000406
проявившим 5,129899 0,000591
группах 2,932674 0,002705
выбранной 3,743604 0,000863
предполагаемого 4,436752 0,000512
исключением 1,994404 0,000920
признала 3,743604 0,000432
словения 2,490841 0,000287
стадионе 1,994404 0,000230
назначалось 5,129899 0,000591
серию 1,466337 0,000169
серия 1,052361 0,000364
домашнем 2,732003 0,000630
броненосец 5,129899 0,000591
стокгольм 3,520461 0,000812
зимбабве 3,338139 0,000385
леонидас 4,436752 0,000512
эксплуатацию 3,743604 0,000432
пен 3,520461 0,001218
ежедневно 2,357310 0,000272
srpski 1,035554 0,000119
доверено 4,436752 0,000512
серии 1,159607 0,000401
скиллачи 5,129899 0,000591
марокко 2,932674 0,005072
worldcup 5,129899 0,000591
является 1,086847 0,000251
выигравшей 3,743604 0,000863
октября 1,086847 0,000752
завоевать 2,644992 0,000305
турции 2,185460 0,000252
ку 3,338139 0,000770
круглых 4,031286 0,000465
скалони 5,129899 0,000591
учёта 2,732003 0,000315
foundation 0,986764 0,000114
двое 2,564949 0,000296
футбольных 2,038856 0,000705
хозяина 4,436752 0,000512
восьми 2,185460 0,001008
клубы 1,392229 0,000161
футбольный 1,951845 0,000900
турция 2,421849 0,001955
награда 2,932674 0,001353
выигрывавших 3,743604 0,000432
фелипе 4,031286 0,000465
доходивших 5,129899 0,000591
следующий 1,574551 0,000363
родной 3,338139 0,000385
месяце 3,338139 0,000385
месяца 2,296685 0,001324
доставались 4,031286 0,000465
ли 1,198073 0,000138
увеличен 3,520461 0,000406
исполнительного 5,129899 0,000591
одержали 2,421849 0,000279
facebook 1,994404 0,000230
лу 3,183989 0,000734
президент 1,416327 0,000163
рудольф 3,520461 0,000406
достанутся 5,129899 0,000591
типам 2,732003 0,000315
ль 4,436752 0,000512
первоначально 1,951845 0,000450
한국어 1,035554 0,000119
ми 2,932674 0,001353
изменён 2,732003 0,000630
навечно 3,743604 0,000432
собой 1,279751 0,000590
примерно 2,085376 0,000481
отборе 4,031286 0,000465
место 0,597299 0,002686
ខ 3,183989 0,000367
побед 1,301257 0,000450
участвовал 2,732003 0,000630
отбора 4,031286 0,000465
участь 5,129899 0,001183
лучшего 2,421849 0,000279
попытки 2,421849 0,000279
выпала 5,129899 0,000591
сборной 0,825834 0,001904
участие 0,597299 0,000758
действительно 2,644992 0,000305
на 0,023953 0,000351
беккенбауэр 4,436752 0,002046
смогла 2,185460 0,001008
победила 1,762603 0,000203
урс 4,031286 0,000465
розыгрышей 3,520461 0,000406
участий 3,520461 0,000812
старая 1,368699 0,000158
лам 5,129899 0,000591
ភ 3,183989 0,000367
не 0,099461 0,000894
ម 3,183989 0,000367
каждый 1,392229 0,000161
незавершёнными 3,338139 0,000770
រ 3,183989 0,000367
ни 1,603538 0,001109
пущен 5,129899 0,000591
смогли 2,239527 0,000258
ссылками 1,159607 0,000267
каждым 2,564949 0,000296
онлайн 0,773190 0,000089
участи 5,129899 0,000591
ស 3,183989 0,000367
проблем 2,490841 0,000287
но 0,402511 0,000603
превысила 3,743604 0,000432
раздел 2,296685 0,000530
победили 1,951845 0,000675
счёта 3,183989 0,000367
возможностью 3,743604 0,000432
талисман 4,436752 0,001535
независимо 2,932674 0,000338
magyar 1,086847 0,000125
финансовые 3,520461 0,000406
нами 0,853233 0,000098
места 1,198073 0,003177
завоевала 1,695912 0,000196
об 0,217244 0,000050
португалии 2,827314 0,000326
злую 5,129899 0,000591
награды 1,728701 0,001395
справка 0,986764 0,000114
превышает 3,183989 0,000367
попытку 3,183989 0,000367
развитие 1,633391 0,000565
он 0,534779 0,000247
балой 5,129899 0,000591
категории 0,986764 0,000228
от 0,160085 0,000351
форум 0,881403 0,000102
получал 2,732003 0,000630
названием 1,871802 0,000432
официальный 1,104547 0,000382
всю 1,994404 0,000460
недоступная 2,357310 0,000272
победам 2,827314 0,000326
zazaki 2,239527 0,000258
годах 1,492313 0,001721
официальным 2,644992 0,000305
все 0,125952 0,000160
википедия 0,986764 0,001138
оказалась 2,732003 0,000315
кандидатуры 4,031286 0,000930
ngṳ 2,827314 0,000326
возможность 1,728701 0,000199
выигравших 5,129899 0,000591
по 0,073653 0,001087
inc 0,986764 0,000114
футзалу 3,338139 0,000385
сведения 0,812411 0,000281
português 1,035554 0,000119
особом 5,129899 0,000591
яшина 2,932674 0,000338
равного 3,743604 0,000432
региональную 5,129899 0,000591
ра 3,520461 0,001624
финальная 3,520461 0,000406
всё 1,159607 0,000267
херст 5,129899 0,000591
вничью 1,797694 0,000207
участию 2,732003 0,000315
какой 1,911023 0,000220
сообщество 0,986764 0,000114
основаниях 5,129899 0,001183
боливия 3,520461 0,000406
википедии 0,986764 0,000228
проводившиеся 4,031286 0,000465
участия 1,633391 0,002448
бомбардир 2,644992 0,000610
париж 2,357310 0,000272
доверила 5,129899 0,000591
республику 4,436752 0,000512
голосования 3,338139 0,000385
iol 5,129899 0,000591
англии 2,038856 0,001175
лев 2,932674 0,000338
билардо 5,129899 0,000591
газета 1,633391 0,000188
lccn 1,492313 0,000172
стал 0,586604 0,000406
указан 1,301257 0,000150
выиграл 1,178655 0,000136
проголосовало 4,436752 0,000512
чья 4,031286 0,000465
см 0,955511 0,000881
северо 3,183989 0,000367
ситуации 1,994404 0,000230
日本語 1,035554 0,000119
со 0,447767 0,000774
вальке 4,031286 0,000465
ср 3,050457 0,000352
одну 1,762603 0,000203
вратарю 3,338139 0,000385
декабря 0,881403 0,000610
slovenščina 1,345709 0,000155
под 0,723179 0,000334
африканскую 5,129899 0,000591
добивалась 5,129899 0,000591
таким 1,664163 0,000959
сторонником 4,436752 0,000512
неоднократно 2,421849 0,000279
четырёхкратных 5,129899 0,000591
предусмотрена 3,743604 0,000432
проиграть 3,183989 0,000367
стабиле 5,129899 0,000591
brezhoneg 2,038856 0,000235
человек 1,178655 0,000272
одна 1,392229 0,000482
содержание 0,971016 0,000224
фото 0,799165 0,000092
eesti 1,069456 0,000123
лет 0,475938 0,001701
مصرى 1,546380 0,000178
то 0,652562 0,000301
такие 1,518981 0,000175
сложности 2,134166 0,000984
считавшихся 4,031286 0,000465
европейской 2,932674 0,000676
родине 3,520461 0,000812
оказался 2,085376 0,000481
матчах 1,574551 0,001997
главные 1,086847 0,000125
britannica 1,518981 0,000175
карл 2,932674 0,000338
японией 4,436752 0,000512
социальных 1,871802 0,000216
пор 1,574551 0,001271
пятое 2,490841 0,000287
конфиденциальности 0,317714 0,000037
побеждала 5,129899 0,002366
связи 1,159607 0,000535
lëtzebuergesch 1,762603 0,000203
своей 1,002764 0,000116
шаг 2,732003 0,000315
wikipedia 0,986764 0,000228
вест 3,520461 0,000812
теперь 0,971016 0,000224
побеждали 3,743604 0,001295
scots 1,695912 0,000196
afrikaans 1,441019 0,000166
пропустила 4,436752 0,000512
отредактировать 2,038856 0,000235
южную 3,338139 0,000770
abc 4,031286 0,000465
профи 4,436752 0,000512
при 0,367725 0,000339
сегодняшний 4,031286 0,000465
третьего 2,357310 0,000544
транслированным 5,129899 0,000591
верх 3,743604 0,000432
состоялся 1,664163 0,000192
иванов 2,357310 0,000272
данный 2,357310 0,000272
викиновости 1,238078 0,000143
республика 2,564949 0,004436
главный 1,035554 0,000239
данные 1,834062 0,000423
හල 1,834062 0,000211
голосовании 4,031286 0,000465
главных 1,994404 0,000460
также 0,663991 0,001914
фр 2,421849 0,000279
республики 2,827314 0,000652
представлена 2,732003 0,000315
член 2,644992 0,001525
العربية 1,069456 0,000123
италию 3,338139 0,000770
одной 1,238078 0,000571
одном 1,603538 0,000740
италия 0,867219 0,003800
награждается 4,031286 0,000465
зрителей 1,797694 0,001036
джефф 3,050457 0,000352
библиографических 1,323236 0,000153
разработчики 0,986764 0,000114
летнему 3,050457 0,000703
кемпес 5,129899 0,001183
траве 1,466337 0,000169
финального 2,932674 0,002705
отборочной 4,031286 0,000465
отборочном 3,338139 0,000770
снова 1,574551 0,000363
африканской 4,436752 0,001023
света 2,827314 0,000978
однажды 3,050457 0,000703
гави 5,129899 0,000591
правки 0,986764 0,000228
серьёзным 4,031286 0,000465
конгресс 2,827314 0,000652
правка 2,732003 0,000945
сыграл 1,951845 0,000450
берёт 2,932674 0,000338
отбор 2,564949 0,000887
однако 1,069456 0,001726
формально 3,520461 0,000406
рекордное 4,436752 0,000512
южноамериканских 5,129899 0,000591
себя 0,940244 0,000542
индустриальное 5,129899 0,000591
победу 0,910391 0,000210
южной 1,797694 0,003316
командам 2,827314 0,000652
квадратных 5,129899 0,000591
проектах 0,986764 0,000114
победы 0,971016 0,000896
http 3,183989 0,000367
việt 1,140915 0,000132
отказ 0,910391 0,000105
италии 1,002764 0,001387
южноамериканские 3,520461 0,001624
посылать 4,031286 0,000465
сохранением 0,986764 0,000114
очищаемым 2,421849 0,000279
поддержке 3,338139 0,000385
послематчевые 4,031286 0,000930
получил 1,002764 0,000231
стороны 1,546380 0,000535
хозяйках 5,129899 0,000591
выигранных 2,932674 0,000676
прошла 1,994404 0,000460
один 0,711058 0,001148
получит 3,183989 0,000367
любителей 1,762603 0,000203
вначале 3,183989 0,000367
количеством 2,085376 0,000240
столетия 2,932674 0,000676
прошли 1,762603 0,000610
выигранный 4,436752 0,000512
вручения 4,031286 0,000465
всему 2,357310 0,000272
подал 2,932674 0,000338
чм 1,492313 0,007055
часть 1,441019 0,000831
авторитетные 2,038856 0,000235
всеми 2,732003 0,000315
участвовали 2,421849 0,001955
принимали 2,134166 0,000738
майкл 2,564949 0,000296
сетях 1,871802 0,000216
талисманом 5,129899 0,001183
часто 1,574551 0,000182
части 1,664163 0,000192
кндр 3,050457 0,000703
голео 5,129899 0,000591
организуется 3,743604 0,000432
заявками 5,129899 0,000591
стороне 2,421849 0,000279
участвовала 3,183989 0,002570
обыграна 4,436752 0,000512
разыгрывают 3,520461 0,000406
отборочные 3,743604 0,000863
жюст 5,129899 0,001183
bahasa 1,086847 0,000251
самая 1,911023 0,000661
качестве 1,574551 0,001271
криштиану 2,932674 0,001014
камерун 3,520461 0,002435
побеждает 3,338139 0,000385
сменой 4,436752 0,000512
артур 1,664163 0,000192
членов 2,644992 0,000915
отборочных 3,520461 0,001624
заканчивалось 5,129899 0,000591
تۆرکجه 1,762603 0,000203
прервала 3,338139 0,000385
lietuvių 1,140915 0,000132
столько 2,564949 0,000296
отборочный 3,183989 0,002203
ठ 1,574551 0,000182
официально 1,159607 0,000401
финальную 3,183989 0,000367
थ 2,932674 0,000338
саха 2,644992 0,000305
лучшие 1,019025 0,001175
द 1,546380 0,000178
словари 1,217876 0,000140
न 1,518981 0,000525
команда 0,663991 0,001072
лучший 1,368699 0,000631
беспристрастным 5,129899 0,000591
प 1,911023 0,000441
разыграли 4,031286 0,000465
роуз 3,338139 0,000385
भ 2,239527 0,000516
лос 1,518981 0,000175
курсивом 5,129899 0,001183
команде 1,258698 0,000290
म 2,932674 0,000338
र 3,520461 0,000406
будут 1,392229 0,000482
игрока 1,492313 0,000860
ивуар 3,338139 0,000385
ल 1,911023 0,000661
команды 0,555188 0,003521
лучших 1,198073 0,000691
ष 2,296685 0,000265
ह 1,546380 0,000178
узбекистан 2,932674 0,000676
команду 1,217876 0,000140
делятся 2,564949 0,000296
наоборот 3,743604 0,000432
проиграв 2,644992 0,000305
достался 3,520461 0,000406
века 1,441019 0,000166
существуют 1,441019 0,000166
общих 3,743604 0,000863
называли 2,827314 0,000652
веке 1,994404 0,000460
портал 1,518981 0,000175
селдрейерс 4,031286 0,000465
нужно 1,492313 0,000172
одним 1,416327 0,000327
африканские 3,520461 0,000406
гарантированных 5,129899 0,000591
українська 1,035554 0,000119
группе 2,421849 0,002513
сколари 5,129899 0,000591
беарзот 5,129899 0,000591
разыгрывать 3,743604 0,000432
группа 1,834062 0,000634
делоне 4,031286 0,000465
единственная 3,050457 0,001407
француз 2,827314 0,000326
шотландия 2,490841 0,001149
игроку 2,421849 0,000279
гимн 2,357310 0,000272
группу 2,732003 0,000315
всём 2,827314 0,000652
universalis 1,951845 0,000450
комиссию 4,436752 0,000512
итальянцами 4,436752 0,000512
начавшаяся 4,436752 0,000512
пропущенных 2,490841 0,000287
маскерано 5,129899 0,000591
имеющие 3,520461 0,000406
организаторами 4,031286 0,000465
группы 1,695912 0,002933
используется 1,633391 0,000188
cite 1,258698 0,000145
наивысшего 4,031286 0,000465
африканских 3,520461 0,000812
усложняющие 5,129899 0,000591
выбран 3,183989 0,000367
европейские 2,038856 0,001881
соревнованием 2,732003 0,000315
хиддинк 4,031286 0,000465
повторению 5,129899 0,000591
трики 2,732003 0,000315
кезер 4,031286 0,000465
pages 0,986764 0,000114
финальной 2,827314 0,001630
местом 2,564949 0,000296
финальном 2,564949 0,004140
конкакаф 3,338139 0,003079
рекордов 2,932674 0,000338
выхода 2,239527 0,000258
net 2,421849 0,000279
титулованная 4,436752 0,000512
быстрый 2,732003 0,000315
разделяет 3,520461 0,000406
командами 1,911023 0,000881
финальному 4,436752 0,000512
всего 0,812411 0,001124
ব 1,416327 0,000163
учесть 5,129899 0,000591
য 2,644992 0,000305
черногория 2,732003 0,000630
ল 1,416327 0,000163
общие 2,827314 0,000652
жюль 3,520461 0,000406
жюля 4,436752 0,001023
svenska 1,035554 0,000119
назад 1,140915 0,000263
список 1,198073 0,001243
двоих 3,520461 0,000406
профессиональные 2,421849 0,000279
ссср 0,940244 0,000434
луи 3,520461 0,000406
коррупционный 3,743604 0,000432
доступен 0,971016 0,000112
люсьеном 5,129899 0,000591
относилась 4,436752 0,000512
вилли 4,436752 0,000512
никто 1,871802 0,000216
яп 4,031286 0,000465
состоялись 2,564949 0,000591
прервана 4,031286 0,000930
любительских 3,338139 0,000385
традицию 3,743604 0,000432
становилась 3,743604 0,000863
матчей 0,940244 0,000650
общей 1,951845 0,000900
именно 1,492313 0,000172
главное 1,574551 0,000182
interlingua 1,603538 0,000185
румыния 2,239527 0,000516
примечания 1,002764 0,000231
союзная 4,436752 0,000512
interlingue 2,239527 0,000258
любительский 2,085376 0,000481
где 0,675551 0,000234
летнего 2,239527 0,000258
араб 4,436752 0,000512
матчем 2,085376 0,000481
жеребьёвку 3,520461 0,000406
наблюдали 5,129899 0,000591
гдр 2,038856 0,000235
европейских 2,038856 0,000705
англия 1,574551 0,003812
континентами 5,129899 0,000591
участвовать 1,518981 0,000876
papiamentu 2,732003 0,000315
сообщить 0,799165 0,000092
шилтон 5,129899 0,000591
южноамериканской 4,436752 0,000512
европейский 2,357310 0,000272
формул 4,031286 0,000465
жеребьёвки 2,932674 0,000338
быть 0,773190 0,000446
доходила 4,436752 0,000512
возникшего 5,129899 0,000591
повторила 3,743604 0,000432
серьёзное 4,031286 0,000465
финальный 2,644992 0,002135
указаны 3,338139 0,000770
мнимую 5,129899 0,000591
финальных 3,520461 0,004059
предшествующих 5,129899 0,000591
limburgs 2,134166 0,000246
занявшей 4,031286 0,000930
сальвадор 3,743604 0,000863
мобильная 0,608110 0,000070
english 0,925206 0,000213
франция 1,122566 0,003883
финальные 3,338139 0,000770
ਜ 1,664163 0,000192
неизвестно 3,743604 0,000432
францию 3,338139 0,000385
четыре 1,140915 0,001447
сеяных 4,436752 0,000512
протяжении 1,951845 0,000225
suomi 1,052361 0,000121
угольных 5,129899 0,000591
увеличится 4,436752 0,002558
тунис 3,520461 0,001218
спонсоров 2,644992 0,000305
ਪ 1,664163 0,000192
ਬ 1,664163 0,000192
мирового 2,134166 0,000246
аналогично 3,520461 0,000406
вечное 3,338139 0,000385
viaf 2,490841 0,000574
франции 1,035554 0,000597
сеяные 5,129899 0,000591
клинсман 5,129899 0,000591
нидерландская 4,436752 0,000512
состава 2,085376 0,000240
линекер 5,129899 0,001183
стала 0,881403 0,000813
схема 2,732003 0,000315
ныне 2,357310 0,000544
остаются 2,732003 0,000315
стали 0,971016 0,000336
добивались 3,183989 0,001101
română 1,122566 0,000129
майзль 5,129899 0,000591
липпи 5,129899 0,000591
испании 1,834062 0,001480
забивал 3,743604 0,000432
nkc 1,574551 0,000182
кризисом 5,129899 0,000591
составы 2,357310 0,000272
первая 0,867219 0,000300
млрд 2,564949 0,000887
хранение 2,827314 0,000652
чемпионам 4,031286 0,000465
впервые 0,839439 0,001065
weibo 3,338139 0,000385
ngî 2,564949 0,000296
oʻzbekcha 1,140915 0,000132
похищен 5,129899 0,000591
раз 0,504926 0,001397
чемпионат 0,277868 0,002659
ўзбекча 1,140915 0,000132
rsssf 4,031286 0,000465
случайная 0,986764 0,000114
latviešu 1,052361 0,000121
заир 5,129899 0,001183
испанию 4,031286 0,000465
ран 3,520461 0,000812
хиршман 4,031286 0,000465
кочиш 4,436752 0,001023
президента 1,762603 0,000203
фестиваль 3,050457 0,000352
испания 1,466337 0,004565
мексиканцы 5,129899 0,000591
вильям 3,520461 0,000406
постоянная 0,986764 0,000114
кейн 4,031286 0,000465
шести 1,911023 0,000441
шутку 3,743604 0,000432
командой 1,664163 0,001151
версия 0,485508 0,000280
южноамериканцев 4,436752 0,000512
зинедин 4,436752 0,000512
африканская 3,743604 0,000432
спустя 1,911023 0,000661
nawat 5,129899 0,000591
прошёл 1,574551 0,000726
шесть 1,546380 0,000357
крикету 4,436752 0,000512
jawa 1,911023 0,000220
обычно 1,695912 0,000196
подавшей 5,129899 0,000591
проводилось 4,436752 0,001535
англичане 4,031286 0,000465
израиль 2,490841 0,000287
версии 1,546380 0,000535
штаб 1,797694 0,000207
президенты 2,732003 0,000315
морейра 5,129899 0,000591
израиля 3,520461 0,000406
اردو 1,574551 0,000182
латинской 3,743604 0,000432
джанни 3,743604 0,000432
chishona 4,031286 0,000465
уругвая 4,031286 0,003718
знак 0,986764 0,000114
уругваю 5,129899 0,001774
четырежды 3,183989 0,001468
представители 1,633391 0,000188
лучше 1,695912 0,000196
ગ 3,338139 0,000385
разделяются 3,183989 0,000367
поражения 1,834062 0,000211
ત 3,338139 0,000385
итоге 1,797694 0,001036
пробивались 5,129899 0,000591
пляжному 3,520461 0,000406
медиафайлы 1,217876 0,000140
разгромным 3,743604 0,000432
уровнем 3,050457 0,000352
архивировано 1,104547 0,000255
волейболу 2,932674 0,000338
galego 1,178655 0,000136
автор 2,421849 0,000279
достижениями 4,031286 0,000465
короткий 0,971016 0,000112
поровну 3,743604 0,000432
остальные 2,239527 0,000258
возник 4,031286 0,000465
тобаго 3,183989 0,000367
привлекает 3,743604 0,000432
войны 1,871802 0,001511
чемпионата 0,735450 0,005088
занявшие 2,644992 0,002745
случаях 0,971016 0,000336
поражение 1,546380 0,000357
чемпионате 1,178655 0,003533
объяснил 1,797694 0,000207
сентенарио 5,129899 0,001774
после 0,317714 0,000586
получает 2,038856 0,001410
пользу 1,911023 0,000220
объясняется 5,129899 0,000591
южная 1,797694 0,000622
применявшихся 5,129899 0,000591
поражений 2,490841 0,000287
старше 2,732003 0,000630
уогмен 5,129899 0,000591
война 3,050457 0,000352
будущим 3,520461 0,000406
европейская 2,421849 0,000558
проблемами 3,743604 0,000432
баскетболу 3,050457 0,000703
уругвай 3,183989 0,009912
чемпионаты 1,574551 0,002179
призовое 3,743604 0,000432
забитых 2,564949 0,000591
процедуру 3,338139 0,000385
поначалу 3,338139 0,000385
современные 2,421849 0,000279
включая 1,633391 0,000377
ирак 3,520461 0,000406
дисциплинарный 3,743604 0,000432
двумя 1,664163 0,000192
гари 4,436752 0,000512
иран 3,183989 0,000367
ничейный 4,031286 0,000465
нацистская 5,129899 0,001183
служебные 0,986764 0,000114
языках 0,986764 0,000114
занявших 3,520461 0,000812
загалло 5,129899 0,002366
чемпионату 2,732003 0,000945
удалось 2,085376 0,000962
свободной 0,986764 0,000114
ଆ 3,338139 0,000385
дешам 5,129899 0,002366
может 0,630089 0,000436
футбо 3,520461 0,000812
жеребьёвкой 4,031286 0,000465
больше 0,812411 0,000562
получить 0,747872 0,000086
стремительное 5,129899 0,000591
мужские 2,644992 0,000305
нидерланды 1,728701 0,002193
эквадор 3,050457 0,000352
tiktok 2,490841 0,000287
добивавшиеся 4,436752 0,000512
согласились 3,183989 0,000367
орден 3,338139 0,000385
гол 1,546380 0,000357
связанные 0,881403 0,000203
именовался 5,129899 0,000591
сделать 1,695912 0,000196
фактически 2,357310 0,000544
квартира 3,050457 0,000352
босния 2,732003 0,000315
фрг 2,564949 0,008576
марадона 4,031286 0,000465
санчес 4,031286 0,000465
участники 1,518981 0,000350
отредактирована 0,986764 0,000114
melayu 1,368699 0,000158
жоао 3,183989 0,000367
трёх 1,441019 0,000997
стыковых 3,050457 0,001759
рейтинги 2,490841 0,000287
послематчевых 2,644992 0,000305
красной 2,296685 0,000265
лучшими 2,827314 0,000652
времени 1,140915 0,000263
italiano 1,035554 0,000119
год 0,687247 0,000475
египтянин 5,129899 0,000591
совместно 2,732003 0,000315
ничью 2,827314 0,000326
стыковые 2,732003 0,000630
увеличение 3,520461 0,000406
широкое 3,520461 0,000406
հայերեն 1,198073 0,000138
бомбардиры 2,357310 0,001631
скандала 2,421849 0,000279
голосованием 4,031286 0,000930
гана 3,520461 0,001624
сербия 2,357310 0,000815
автоголы 4,436752 0,000512
мая 1,104547 0,000891
залах 3,338139 0,000385
поэтому 1,392229 0,000161
commons 0,986764 0,000114
српскохрватски 1,416327 0,000163
волк 4,031286 0,000465
названия 1,664163 0,000384
рим 2,932674 0,000338
web 1,279751 0,000148
рио 2,296685 0,000265
семь 2,038856 0,000470
катар 3,520461 0,002435
нидерландов 2,732003 0,001260
давлением 3,743604 0,000432
молодёжных 2,827314 0,000652
южноамериканская 4,031286 0,000465
приз 2,134166 0,001969
учётную 0,986764 0,000114
bokmål 1,069456 0,000123
самой 1,574551 0,000363
непростыми 4,436752 0,000512
прислали 5,129899 0,000591
молодёжный 2,564949 0,000296
лёв 5,129899 0,000591
самое 2,085376 0,000721
доклад 3,520461 0,000406
семи 2,134166 0,000246
очередным 3,520461 0,000406
миклош 5,129899 0,000591
такое 2,185460 0,000252
ровно 3,338139 0,000385
прохождения 3,050457 0,000352
свяжитесь 0,986764 0,000114
соглашения 2,357310 0,000272
принципы 2,932674 0,000338
используются 1,994404 0,000230
катаре 2,932674 0,001014
чемпионом 1,122566 0,000647
лига 0,402511 0,000046
генеральный 1,951845 0,000225
решалась 3,338139 0,000385
внеочередной 4,031286 0,000465
simple 1,140915 0,000132
благодаря 1,441019 0,000166
пилле 5,129899 0,000591
истории 0,630089 0,000944
фонд 0,940244 0,000108
состав 1,238078 0,000428
генеральные 3,743604 0,000432
спонсоры 1,911023 0,000441
наиболее 1,466337 0,000169
рамках 1,518981 0,000175
которая 1,052361 0,000849
хорватии 3,338139 0,000385
называют 2,185460 0,000252
спонсорство 3,743604 0,000432
историю 1,603538 0,000370
отборочного 3,338139 0,000770
история 0,555188 0,000320
таблица 0,925206 0,000107
итальянцам 5,129899 0,000591
склонить 5,129899 0,000591
переигровка 3,520461 0,000812
бланко 5,129899 0,000591
таблице 2,296685 0,000265
bân 1,762603 0,000203
недостатков 1,633391 0,000188
российская 0,799165 0,000184
источники 1,633391 0,000565
ழ 1,492313 0,000172
розыгрыша 2,239527 0,000516
чемпионами 1,664163 0,001343
либо 1,140915 0,000132
хорватия 2,357310 0,001359
бомбардиру 4,436752 0,000512
небольшим 3,050457 0,000352
редко 2,490841 0,000287
сняли 3,520461 0,000406
более 0,853233 0,000689
поиск 0,735450 0,000085
чемпион 0,867219 0,001100
gĩkũyũ 3,743604 0,000432
отказом 3,338139 0,000385
решающий 3,338139 0,000770
франц 3,338139 0,000385
молодой 2,490841 0,000287
кафу 4,436752 0,000512
превосходит 4,436752 0,000512
oldid 0,986764 0,000114
ничьи 2,932674 0,000338
азиатской 3,743604 0,001727
голов 1,871802 0,000863
финишировавших 4,436752 0,000512
кубковой 3,743604 0,000432
первое 1,279751 0,000295
ливия 3,520461 0,000406
саудовская 1,951845 0,001350
колоссальную 5,129899 0,000591
шукер 5,129899 0,000591
стадии 2,085376 0,001924
истоки 3,520461 0,000406
malti 2,732003 0,000315
soccer 2,827314 0,000326
вилья 4,436752 0,000512
титулов 2,357310 0,001087
рекорды 1,762603 0,000406
присутствии 2,932674 0,000338
местах 3,183989 0,000367
герцеговина 2,732003 0,000315
стадий 4,031286 0,000465
главными 3,050457 0,000352
принять 2,134166 0,000246
этого 0,881403 0,000813
заявила 2,732003 0,000315
своих 1,345709 0,000621
брали 4,436752 0,000512
превосходил 5,129899 0,000591
авторства 0,986764 0,000114
чемпионов 0,652562 0,001053
принципу 2,564949 0,000591
принято 1,871802 0,000216
стадию 3,050457 0,000352
определённым 4,031286 0,000465
финал 1,258698 0,001016
гжегож 4,031286 0,000930
català 1,086847 0,000125
сильвио 5,129899 0,000591
дальнейшем 2,357310 0,000272
назначается 2,827314 0,000326
новый 0,940244 0,000434
новые 0,747872 0,000086
hausa 2,732003 0,000315
перенаправляется 2,732003 0,000315
фаворитов 2,827314 0,000326
организатора 4,031286 0,001394
выигрышем 4,031286 0,000465
чемпионатах 1,574551 0,005083
проверенная 2,644992 0,000305
выйти 2,038856 0,000235
గ 2,038856 0,000235
обзор 2,134166 0,000246
возвращается 2,564949 0,000296
выделенные 5,129899 0,000591
любая 3,338139 0,000385
просмотры 0,986764 0,000114
проведён 2,038856 0,000705
فارسی 1,104547 0,000127
секретари 4,031286 0,000465
త 2,038856 0,000235
турнирах 1,871802 0,001295
автоматически 2,644992 0,000305
полный 2,134166 0,000246
зрелищный 4,031286 0,000465
европейскому 5,129899 0,000591
ⵜⴰⵎⴰⵣⵉⵖⵜ 4,031286 0,000465
конго 3,183989 0,000367
показано 3,743604 0,000432
выделенных 4,031286 0,000465
жмуда 5,129899 0,000591
герд 5,129899 0,000591
перчатка 4,031286 0,000465
секретарь 3,338139 0,000770
футбольного 2,296685 0,000265
оригинала 1,518981 0,000350
ల 2,038856 0,000235
викимедиа 0,986764 0,000114
политика 0,239550 0,000028
определяется 2,038856 0,000705
золотая 2,827314 0,000978
голосовать 4,436752 0,000512
вплоть 1,871802 0,000216
azərbaycanca 1,258698 0,000145
робер 4,031286 0,000465
шён 5,129899 0,000591
дополнительные 0,986764 0,000455
победители 1,797694 0,002073
пиола 5,129899 0,000591
заглавная 0,986764 0,000114
пауль 5,129899 0,000591
спортивными 3,338139 0,000385
уэльс 2,932674 0,000338
гуннар 5,129899 0,000591
by 0,971016 0,000112
основным 2,421849 0,000279
регби 0,955511 0,000220
большую 2,239527 0,000258
должна 1,238078 0,000143
означает 2,490841 0,000574
русский 0,839439 0,000097
этап 1,392229 0,000803
герен 4,031286 0,000465
cc 0,986764 0,000114
востока 3,520461 0,000406
хадари 5,129899 0,001774
мячом 1,104547 0,000127
кола 5,129899 0,000591
единственным 2,239527 0,000516
shqip 1,466337 0,000169
время 0,384967 0,000666
единственный 2,296685 0,001854
бывших 3,338139 0,000385
маленькое 5,129899 0,000591
исландия 2,644992 0,000305
выигрыша 3,183989 0,000734
единственные 4,436752 0,000512
испанским 4,031286 0,000465
поведения 0,895792 0,000103
практике 3,050457 0,000352
выходить 3,520461 0,000812
победителю 2,357310 0,000544
победителя 1,911023 0,000881
ресурсы 1,104547 0,000127
ранее 1,104547 0,000637
победитель 1,258698 0,001306
отдаёт 4,031286 0,000465
двукратными 4,031286 0,000465
de 1,871802 0,000216
разногласия 4,031286 0,000465
پنجابی 2,239527 0,000258
уступив 2,644992 0,000305
кока 4,436752 0,000512
состоит 1,546380 0,000178
переигрывались 5,129899 0,000591
восемь 2,038856 0,000470
пределами 2,239527 0,000516
викиданных 0,986764 0,000114
удостаивались 5,129899 0,000591
рус 1,368699 0,000158
du 4,031286 0,000465
иво 3,338139 0,000385
батистута 5,129899 0,000591
юбилею 4,031286 0,000930
южноамериканского 4,031286 0,000465
основные 2,134166 0,000246
отсутствие 2,038856 0,000235
статусе 2,490841 0,000574
межконтинентальные 4,031286 0,000465
участницы 3,520461 0,000406
олимпийские 0,895792 0,000207
счету 2,357310 0,000272
индонезия 3,050457 0,001055
собиралось 5,129899 0,000591
хотя 1,546380 0,000535
пригласил 3,338139 0,000385
предусматривался 4,436752 0,000512
дополнить 3,338139 0,000385
кодов 4,031286 0,000465
приводятся 4,436752 0,000512
мальдини 5,129899 0,000591
ранге 2,932674 0,000338
читать 0,586604 0,000068
игр 0,367725 0,000339
североамериканской 5,129899 0,000591
fc 2,085376 0,000240
континентах 3,743604 0,000432
дополните 3,338139 0,000385
поиски 4,436752 0,000512
англ 1,159607 0,000802
софтболу 4,436752 0,000512
датская 1,518981 0,000175
высокая 3,183989 0,000367
межконтинентальных 4,031286 0,000465
олимпийских 0,799165 0,000645
включается 4,031286 0,000465
выявить 3,520461 0,000406
этапа 1,664163 0,001919
davvisámegiella 3,520461 0,000406
поиску 0,971016 0,000224
странам 3,183989 0,000367
статуса 2,827314 0,000326
нескольких 1,834062 0,000211
такого 2,134166 0,000246
дино 5,129899 0,000591
стэнли 2,185460 0,000252
лишь 1,159607 0,001203
забит 3,338139 0,000385
счетом 2,239527 0,000258
странах 1,574551 0,000545
мог 1,762603 0,000203
задерживается 4,436752 0,000512
заменён 3,520461 0,000406
одного 1,140915 0,000789
закуми 5,129899 0,000591
мок 1,574551 0,000182
момент 1,301257 0,000900
football 2,239527 0,000258
американцев 4,031286 0,000465
srpskohrvatski 1,416327 0,000163
командных 2,932674 0,000338
отобрать 4,436752 0,000512
中文 1,035554 0,000119
организаторы 2,564949 0,000296
мюллер 4,436752 0,002046
сможет 2,827314 0,000326
поставщиками 5,129899 0,000591
суммарному 5,129899 0,000591
среде 3,338139 0,000385
подобный 3,743604 0,000432
испытание 4,031286 0,000465
мячей 1,871802 0,000216
среди 0,597299 0,000895
самура 4,031286 0,000465
латвия 1,834062 0,000211
полевой 4,031286 0,000465
линси 4,031286 0,000465
делегат 4,436752 0,000512
мечты 3,050457 0,000352
yorùbá 2,732003 0,000315
планировала 5,129899 0,000591
понимая 5,129899 0,000591
https 0,699082 0,000081
львёнок 5,129899 0,000591
континентов 3,183989 0,001468
джино 5,129899 0,000591
позже 1,518981 0,000175
результат 1,416327 0,000327
in 1,911023 0,000220
дав 3,743604 0,000432
tiếng 1,140915 0,000132
татарча 1,392229 0,000161
עברית 1,052361 0,000121
index 0,986764 0,000114
большой 1,069456 0,000247
эта 0,867219 0,000200
далее 2,185460 0,000252
большое 1,951845 0,000225
изначально 2,038856 0,000235
должен 1,122566 0,000129
окончательное 4,031286 0,000465
iz 5,129899 0,000591
dĕ 2,827314 0,000326
избранные 0,971016 0,000112
ള 1,695912 0,000196
которой 1,238078 0,000428
фонтана 3,338139 0,000385
приведены 3,520461 0,000406
ничего 2,732003 0,000315
совместного 4,436752 0,000512
северной 2,185460 0,001512
котором 1,217876 0,000421
смотрели 3,743604 0,000432
рамсей 5,129899 0,000591
имея 2,827314 0,000326
kurdî 1,834062 0,000211
устроена 4,436752 0,000512
зрительской 4,436752 0,000512
world 1,416327 0,000327
эти 1,323236 0,000610
раньше 2,038856 0,000470
круга 2,134166 0,000246
аспектов 3,743604 0,000432
провести 1,951845 0,000225
это 0,277868 0,000288
большинство 1,834062 0,000423
эту 1,492313 0,000172
вулфолл 4,031286 0,000465
фатма 4,031286 0,000465
aragonés 1,762603 0,000203
taqbaylit 3,183989 0,000367
дебютант 3,743604 0,000863
два 0,760451 0,000964
выходили 2,732003 0,000630
ko 3,183989 0,000367
gaeilge 1,951845 0,000225
этих 1,301257 0,000600
gí 1,762603 0,000203
две 1,019025 0,000822
момента 1,994404 0,000230
кёрлингу 4,031286 0,000465
draw 3,743604 0,000432
хватило 2,932674 0,000338
тренер 0,895792 0,000516
лопес 3,743604 0,000432
номера 2,421849 0,000279
продолжавшейся 5,129899 0,000591
выходила 3,338139 0,000770
стабильная 2,564949 0,000296
региона 3,743604 0,000432
или 0,576022 0,000465
сыграют 2,490841 0,000287
турниров 1,664163 0,000576
отличие 1,834062 0,000211
қазақша 1,178655 0,000136
судьба 2,932674 0,000338
носила 3,743604 0,000863
шестой 2,827314 0,000326
особо 3,050457 0,000352
мундиаля 5,129899 0,000591
зрелищной 4,031286 0,000465
ямайка 2,932674 0,000338
обещание 4,031286 0,000465
основного 2,185460 0,000252
использования 0,393700 0,000045
югославия 2,421849 0,001955
новой 1,574551 0,000182
мундиаль 5,129899 0,001183
германия 1,140915 0,004604
югославии 2,932674 0,000676
хет 2,296685 0,000530
германию 2,827314 0,000978
земле 3,050457 0,000352
релиз 5,129899 0,000591
ng 2,827314 0,000326
сенегал 3,520461 0,001218
игры 0,376309 0,000304
выборов 5,129899 0,001183
ошибке 0,955511 0,000110
кратный 2,644992 0,000305
четырёх 1,603538 0,000740
ස 1,834062 0,000211
корейцы 4,031286 0,000465
события 0,663991 0,000077
рекомендации 1,911023 0,000220
германии 1,323236 0,003051
игре 1,198073 0,000138
мануэль 3,743604 0,000432
футболисты 2,185460 0,000504
дополнительное 2,239527 0,001291
раунде 1,951845 0,000225
зеелер 5,129899 0,000591
поскольку 1,728701 0,000399
компания 1,279751 0,000148
соревнования 0,663991 0,000459
мбаппе 2,239527 0,000775
deutsch 1,052361 0,000121
kâ 2,564949 0,000296
континентальном 3,338139 0,000385
марта 0,881403 0,000102
исключён 5,129899 0,000591
регбилиг 3,743604 0,000432
побеждавшая 5,129899 0,000591
имя 1,603538 0,000185
неудачи 3,338139 0,000385
раунда 2,085376 0,000721
однокруговой 4,436752 0,000512
большим 2,085376 0,000240
итальянец 3,050457 0,000352
чемпионатом 2,732003 0,000315
поединок 2,564949 0,000296
чили 2,932674 0,003043
чемпионатов 1,416327 0,004899
расширен 3,520461 0,000406
awards 3,183989 0,000367
соревнование 1,664163 0,000384
больших 3,183989 0,000734
ph 1,762603 0,000203
одному 2,296685 0,000530
турниром 3,183989 0,000367
любого 2,932674 0,000338
латиноамериканские 4,436752 0,000512
соревнований 0,881403 0,000203
результатов 1,951845 0,000225
снялась 2,932674 0,000338
распределились 4,031286 0,000930
крупная 2,932674 0,000338
тоже 1,911023 0,000220
ференца 4,031286 0,000465
страной 4,031286 0,000930
румынии 3,050457 0,000352
представительством 5,129899 0,000591
существующих 4,031286 0,000930
западную 4,031286 0,000465
туров 2,564949 0,000296
титулован 3,183989 0,000367
ряд 1,797694 0,000207
страница 0,940244 0,000217
бумнижель 5,129899 0,000591
лицензии 0,986764 0,000114
странице 0,971016 0,000112
зрительскую 5,129899 0,001183
запись 0,955511 0,000110
линнеман 5,129899 0,000591
африке 4,031286 0,001394
qr 0,986764 0,000114
забивака 5,129899 0,000591
квалификацию 3,338139 0,000385
африка 2,644992 0,001525
old 3,183989 0,000367
квалификация 2,732003 0,001260
проигравший 3,338139 0,001155
страницу 0,971016 0,000112
выбрана 4,436752 0,000512
африки 2,932674 0,002029
континентальную 5,129899 0,000591
проигравшие 3,743604 0,000432
ссылкой 2,732003 0,000315
принял 1,664163 0,000384
страницы 0,971016 0,000448
проводимое 3,743604 0,000432
吴语 1,238078 0,000143
опередили 5,129899 0,000591
гарринча 5,129899 0,000591
образовал 5,129899 0,000591
шрикер 4,031286 0,000465
квалификации 1,951845 0,000675
давление 3,338139 0,000385
женщин 1,368699 0,000947
снейдер 5,129899 0,000591
пресс 1,086847 0,000125
россии 0,160085 0,000055
ru 0,285712 0,000033
действовать 0,955511 0,000110
результатам 1,911023 0,000220
исп 3,183989 0,001468
сделал 1,695912 0,000391
simi 2,732003 0,000315
третий 1,416327 0,000163
женских 2,134166 0,000246
интерактивный 3,743604 0,000432
нерабочими 2,644992 0,000305
sa 0,986764 0,000114
выделены 3,183989 0,001101
дата 0,881403 0,000305
мужчин 1,492313 0,000172
общая 2,296685 0,000265
внешние 1,122566 0,000129
того 0,955511 0,000771
своё 1,664163 0,000384
барселона 1,834062 0,000211
свою 1,217876 0,000140
пары 2,296685 0,000265
español 1,019025 0,000117
почётные 5,129899 0,000591
турниры 0,895792 0,001446
которую 1,728701 0,000199
россия 0,699082 0,000806
winaray 2,490841 0,000287
tagalog 1,911023 0,000220
рекорд 1,198073 0,000276
bosanski 1,345709 0,000155
свой 1,217876 0,000843
свои 1,238078 0,000428
አማርኛ 3,183989 0,000367
изменятся 5,129899 0,000591
января 0,825834 0,000095
персональные 0,971016 0,000112
завоёванный 4,436752 0,000512
поручил 4,031286 0,000465
гондурас 3,520461 0,000406
введения 2,827314 0,000326
казахстан 1,301257 0,000150
большая 1,069456 0,000863
станут 3,520461 0,000812
турнира 0,839439 0,003291
третьей 2,296685 0,000530
ua 3,520461 0,000406
турнире 1,198073 0,003315
использующаяся 5,129899 0,000591
soomaaliga 3,050457 0,000352
четвёртое 3,183989 0,000367
называется 2,357310 0,000272
интересно 4,031286 0,000930
результатами 3,050457 0,000352
турниру 2,932674 0,000338
люксембург 2,732003 0,000315
йозеф 3,338139 0,000385
единожды 4,436752 0,000512
отдать 3,338139 0,000385
получаемых 5,129899 0,000591
бомбардиров 3,050457 0,000352
специалисты 3,338139 0,000385
филипп 3,520461 0,000406
norsk 1,052361 0,000121
достижением 3,338139 0,000385
дебют 2,421849 0,001117
трижды 2,827314 0,001956
допустят 4,436752 0,000512
сек 3,183989 0,000367
для 0,146292 0,000354
составила 2,564949 0,000296
подобной 3,520461 0,000406
турнирная 1,441019 0,000332
sina 3,338139 0,000385
ẽ 2,732003 0,000315
выбывание 3,743604 0,001727
кореей 3,743604 0,000432
объявила 2,564949 0,000296
полях 3,520461 0,000406
доводилось 5,129899 0,000591
зепп 4,031286 0,001394
неизменно 3,338139 0,000385
тренеров 1,728701 0,000199
национальная 1,574551 0,000182
polski 1,035554 0,000119
юар 2,490841 0,002585
куба 3,183989 0,000367
комплекты 3,743604 0,000432
вильда 5,129899 0,000591
выбрано 4,031286 0,000465
приступить 4,031286 0,000465
нарастание 5,129899 0,000591
рейтинг 0,565551 0,000130
голы 2,134166 0,000246
доп 3,050457 0,002110
org 0,986764 0,000114
аншлюсом 5,129899 0,000591
применён 4,436752 0,000512
действующего 2,827314 0,000326
хербергер 5,129899 0,000591
великобритания 2,185460 0,000252
дня 1,104547 0,000637
популярности 2,357310 0,000272
беккенбауэра 5,129899 0,000591
гола 1,951845 0,000225
воздержался 5,129899 0,000591
токио 2,296685 0,000265
любой 2,038856 0,000235
аргентину 4,436752 0,000512
xx 1,546380 0,000357
победителей 2,085376 0,000240
представляла 4,436752 0,000512
мяч 1,546380 0,000713
аргентины 2,932674 0,002705
указание 3,520461 0,000406
завершённых 5,129899 0,000591
участником 2,564949 0,000296
телетрансляция 5,129899 0,000591
временное 4,031286 0,000465
победителем 1,574551 0,000363
српски 1,035554 0,000119
над 0,986764 0,000114
дней 1,416327 0,001796
габриэль 4,436752 0,000512
упадком 4,436752 0,000512
выходящих 5,129899 0,000591
представляли 3,050457 0,000352
сих 2,421849 0,000838
нас 1,492313 0,000172
участников 1,159607 0,001471
предложение 3,183989 0,000367
телетрансляций 4,031286 0,000465
низшие 5,129899 0,000591
проиграла 2,239527 0,000516
распределение 3,743604 0,000432
дала 3,183989 0,000367
получалось 3,338139 0,000385
полуфинала 2,564949 0,001183
дэниел 3,743604 0,000432
аргентина 2,421849 0,010332
маттиас 4,031286 0,000465
четвёртый 2,490841 0,000287
квота 4,031286 0,000465
аргентине 3,520461 0,000406
частей 3,050457 0,000352
ག 2,564949 0,000296
стыковочные 5,129899 0,000591
показавшей 5,129899 0,000591
которые 0,760451 0,000351
ирландия 2,421849 0,000838
исполнительный 3,050457 0,000352
который 0,799165 0,000645
америку 3,743604 0,000863
квоту 5,129899 0,000591
ད 2,564949 0,000296
сасаки 5,129899 0,000591
например 1,603538 0,001109
བ 2,564949 0,000296
проведены 2,357310 0,000272
которых 1,052361 0,000728
türkçe 1,052361 0,000121
победа 1,238078 0,000714
странами 4,436752 0,000512
napulitano 2,932674 0,000338
ཡ 2,564949 0,000296
вьетнам 3,520461 0,000406
случае 1,441019 0,000665
нетболу 4,436752 0,000512
таймз 5,129899 0,000591
америка 1,797694 0,001036
copa 5,129899 0,000591
автоматического 4,031286 0,000465
naijá 4,436752 0,000512
которыми 2,732003 0,000315
америке 2,564949 0,002366
рафаэль 2,357310 0,000272
америки 1,695912 0,002346
несколько 1,069456 0,000247
стран 1,546380 0,002140
будет 0,825834 0,000667
начало 1,633391 0,000188
полуфиналисты 3,183989 0,000734
твёрдое 4,436752 0,000512
свежие 0,910391 0,000105
именуемый 5,129899 0,000591
хавьер 3,183989 0,000367
количеству 1,574551 0,000545
начала 1,238078 0,000143
еркович 5,129899 0,000591
арены 2,357310 0,000272
европейцев 3,338139 0,000385
комплект 3,050457 0,000352
выбор 2,827314 0,000978
успеха 2,421849 0,000279
соккер 4,436752 0,001023
превзошла 5,129899 0,000591
золотой 1,911023 0,001763
другого 2,644992 0,000305
али 2,827314 0,000326
выбора 3,520461 0,000812
ລາວ 2,932674 0,000338
амстердаме 3,743604 0,000432
апреля 1,052361 0,000121
коррупция 3,743604 0,000432
получают 2,185460 0,000504
неё 1,797694 0,000207
управляющим 5,129899 0,000591
проводимые 2,357310 0,000272
несеянными 5,129899 0,000591
хватает 1,762603 0,000203
количество 1,217876 0,001264
постоянным 4,031286 0,000465
перечислены 4,436752 0,000512
ней 1,762603 0,000406
аль 2,644992 0,000915
интереса 3,050457 0,000352
нем 2,085376 0,000481
некоммерческой 0,986764 0,000114
формат 2,185460 0,000252
годы 1,258698 0,000435
регламента 3,050457 0,000352
мужчины 1,019025 0,002467
северная 2,357310 0,001087
любопытно 4,436752 0,000512
даже 1,198073 0,000553
году 0,630089 0,004141
квалификационных 2,932674 0,000338
годами 3,050457 0,000352
статистика 0,652562 0,000602
трофей 2,085376 0,001443
становились 2,239527 0,001291
മലയ 1,695912 0,000196
итальянцы 3,743604 0,000863
францией 4,436752 0,000512
значительно 1,911023 0,000220
несеянных 5,129899 0,000591
проиграли 2,421849 0,000838
пресса 3,338139 0,000770
аудиторией 4,031286 0,000465
года 0,239550 0,002210
player 3,338139 0,000770
монгол 1,518981 0,000175
правда 2,421849 0,000279
бразильцы 5,129899 0,001774
сыграла 2,827314 0,000326
коста 2,932674 0,001014
информация 1,035554 0,000119
аудитория 5,129899 0,001183
полужирным 4,436752 0,000512
квалификационные 3,050457 0,000352
принёс 2,827314 0,000326
аудиторию 4,031286 0,000930
кыргызча 2,085376 0,000240
выборы 2,827314 0,000326
помогло 3,743604 0,000432
единственной 2,421849 0,000838
источник 0,853233 0,000098
playmakerstats 2,932674 0,000338
