nareusya 5,129899 0,000557
состояться 1,140915 0,000124
долгий 1,728701 0,000188
состоять 1,279751 0,000139
င 5,129899 0,000557
latina 1,603538 0,000174
согнутый 3,743604 0,000407
koutur 4,436752 0,000482
дружелюбность 5,129899 0,000557
нокаут 2,827314 0,001228
кликеров 5,129899 0,000557
экспорт 0,986764 0,000107
youth 4,031286 0,000438
одноименный 2,827314 0,000307
န 2,134166 0,000232
oceania 4,436752 0,000482
ဘ 2,134166 0,000232
ไทย 1,238078 0,000134
မ 2,134166 0,000464
сасонним 5,129899 0,000557
окинавских 5,129899 0,000557
раскол 3,520461 0,001912
သ 2,134166 0,000232
nova 2,932674 0,000319
الدارجة 2,357310 0,000256
заявление 0,799165 0,000174
добросовестно 5,129899 0,000557
множество 1,951845 0,000424
нюансном 5,129899 0,001114
saju 5,129899 0,001672
арэ 5,129899 0,000557
meegook 5,129899 0,000557
отмечаться 3,050457 0,000331
соответствовать 2,296685 0,000748
петтис 5,129899 0,001114
симаков 5,129899 0,000557
universali 1,951845 0,000212
полгода 3,338139 0,000363
манера 3,338139 0,000725
демо 4,436752 0,000482
čeština 1,035554 0,000112
разговор 2,564949 0,000279
иностранный 2,185460 0,000237
продолжаться 1,951845 0,000212
aragoné 1,762603 0,000191
четвертьфинал 1,279751 0,000139
серебряный 1,368699 0,000297
снаружи 4,436752 0,000964
балл 1,871802 0,003253
область 1,633391 0,000177
викисклад 1,035554 0,000225
серхио 2,296685 0,000249
ата 4,031286 0,000876
корфбол 1,762603 0,000191
result 4,031286 0,000438
вонгука 5,129899 0,000557
юля 5,129899 0,000557
пройти 0,544931 0,000178
неумышленный 5,129899 0,000557
slovenčina 1,069456 0,000116
gnd 1,392229 0,000151
юношеский 1,574551 0,000342
оригинал 1,441019 0,000783
a 1,392229 0,001210
c 1,546380 0,000336
акробатика 2,732003 0,000594
танский 5,129899 0,000557
проект 0,457070 0,000099
e 1,603538 0,000174
слишком 2,644992 0,000287
весной 2,564949 0,000279
g 2,490841 0,002976
i 1,762603 0,000383
весовой 2,932674 0,003186
j 1,466337 0,000159
union 3,183989 0,001383
l 2,490841 0,000271
o 2,932674 0,000319
распределяться 2,932674 0,000637
таймазов 5,129899 0,000557
p 1,951845 0,000636
the 1,546380 0,000840
юна 4,436752 0,000482
тхэквондисты 5,129899 0,000557
r 2,085376 0,000227
s 1,664163 0,001085
t 2,732003 0,000594
blue 4,031286 0,000876
u 1,345709 0,000585
сильный 1,198073 0,000260
маркос 5,129899 0,000557
w 0,955511 0,000104
ричард 4,031286 0,000438
режим 2,644992 0,000862
taekwon 5,129899 0,012259
kwon 5,129899 0,005015
развернуть 3,520461 0,000765
обучать 4,031286 0,000438
рефери 2,932674 0,000637
шайба 0,986764 0,000107
индивидуальный 1,797694 0,000195
кукки 5,129899 0,006687
коричневый 4,031286 0,000876
украина 1,217876 0,000397
gok 5,129899 0,000557
лучевой 5,129899 0,000557
goo 5,129899 0,001114
пхума 5,129899 0,000557
고려시대 5,129899 0,000557
прием 1,911023 0,000623
плечевой 4,031286 0,000438
массовость 3,743604 0,000407
надевать 3,520461 0,000382
существо 3,743604 0,000407
степень 2,490841 0,000541
территория 1,518981 0,000495
находиться 0,925206 0,000201
кадровый 2,932674 0,000319
начать 1,279751 0,000417
окончание 1,546380 0,000336
pal 5,129899 0,001114
профессионал 2,134166 0,000464
незаконный 4,031286 0,000438
pan 4,436752 0,000482
тхэквондиста 5,129899 0,002229
клавиш 5,129899 0,000557
детско 2,932674 0,000319
european 3,050457 0,001657
судья 1,035554 0,000337
затылок 3,743604 0,000813
исполнитель 3,743604 0,000407
нок 3,183989 0,000692
andrew 3,338139 0,000363
алекс 2,185460 0,000237
приставка 4,436752 0,000482
sang 5,129899 0,001114
система 0,799165 0,001563
корея 1,695912 0,006632
пхумы 5,129899 0,000557
собрание 2,932674 0,000637
джойстик 5,129899 0,000557
падение 1,797694 0,000195
июнь 1,198073 0,002212
база 5,129899 0,000557
гонка 0,853233 0,000185
emiliàn 4,031286 0,000438
пластиковый 3,183989 0,000346
kyu 5,129899 0,000557
иметь 1,069456 0,000929
различие 3,050457 0,001325
tkd 5,129899 0,001672
совет 0,825834 0,000359
значительный 2,185460 0,000950
хэнуном 5,129899 0,000557
пример 1,994404 0,000867
вперед 1,797694 0,000781
куст 4,031286 0,000438
прыжковый 4,031286 0,000438
самостоятельный 2,932674 0,000319
контролировать 2,564949 0,000279
консудо 5,129899 0,001672
честность 4,436752 0,000482
практический 1,546380 0,000504
выход 1,178655 0,000128
кирьянов 5,129899 0,000557
последний 0,376309 0,000041
chosang 5,129899 0,000557
преобладать 3,183989 0,000346
минута 0,940244 0,000102
лето 1,911023 0,000208
верхний 2,296685 0,000998
некоторые 1,198073 0,000390
монреаль 2,357310 0,000256
wada 3,338139 0,000363
pdf 0,940244 0,000306
goon 5,129899 0,001114
арсенал 1,323236 0,000144
сша 0,586604 0,000446
описание 0,881403 0,000287
метод 3,050457 0,000663
лидер 1,258698 0,000137
июль 1,019025 0,001882
постамент 5,129899 0,000557
техник 1,695912 0,006263
хён 3,743604 0,000813
недостаток 1,574551 0,000171
освобождение 4,031286 0,000876
продвижение 3,338139 0,000363
одновременно 1,762603 0,000191
светло 3,520461 0,000382
american 3,050457 0,000994
квон 5,129899 0,000557
видимый 3,338139 0,000363
сопровождаться 3,050457 0,000331
легитимность 5,129899 0,001114
тоня 2,932674 0,000319
зрение 2,296685 0,000499
gtf 5,129899 0,006687
экосистема 4,436752 0,000482
становиться 1,159607 0,000252
легализация 4,436752 0,000964
аркебуз 5,129899 0,000557
этика 3,183989 0,000346
разработчик 0,971016 0,000105
ноябрь 0,955511 0,001038
xvi 2,490841 0,000271
назначить 1,871802 0,000203
признание 2,732003 0,000594
вклад 0,955511 0,000208
сквош 1,728701 0,000188
indonesia 1,086847 0,000118
опасность 3,338139 0,000363
текст 0,925206 0,000101
обозначение 3,183989 0,000346
сигнал 3,050457 0,000331
lâm 1,762603 0,000191
очки 0,940244 0,000204
esperanto 1,198073 0,000130
усилие 2,490841 0,000271
временить 1,140915 0,000372
стопа 2,932674 0,002230
зона 1,603538 0,001742
gun 5,129899 0,001114
перейти 0,586604 0,000127
подготовка 1,178655 0,001024
армия 2,296685 0,000249
чрезмерный 3,520461 0,000382
сын 2,239527 0,000243
японский 2,296685 0,001996
бить 2,357310 0,000768
медицинский 3,050457 0,000331
интерес 1,871802 0,000203
траектория 3,338139 0,000363
секундант 4,031286 0,000876
toi 5,129899 0,000557
желать 3,338139 0,000363
лякросс 1,762603 0,000191
голень 5,129899 0,000557
черточка 5,129899 0,001114
нохчийн 2,296685 0,000249
слово 1,035554 0,000450
сустав 3,743604 0,002440
чередоваться 3,338139 0,000363
ответственность 0,895792 0,000097
спортсмен 0,565551 0,002212
eugen 5,129899 0,000557
françai 1,019025 0,000111
asian 4,436752 0,000964
фитильный 5,129899 0,000557
вашингтон 1,994404 0,000217
синий 1,834062 0,001594
взять 1,159607 0,000126
его 0,447767 0,000292
только 0,447767 0,000438
chŏnt 5,129899 0,000557
php 0,986764 0,000107
средний 1,441019 0,001409
байдарка 1,603538 0,000174
декларировать 5,129899 0,000557
com 0,925206 0,000302
jayoo 5,129899 0,000557
отображение 4,436752 0,000964
бандаж 4,436752 0,000482
усложняться 5,129899 0,000557
этический 5,129899 0,000557
турнир 0,293617 0,000702
относиться 1,368699 0,000149
чаща 1,834062 0,000398
астрель 4,031286 0,000438
сбить 3,050457 0,000331
невероятно 3,743604 0,000407
заглавный 0,986764 0,000107
вмешательство 3,743604 0,000407
сенатор 5,129899 0,000557
picard 2,827314 0,000307
хороший 0,393700 0,000086
taegwondo 5,129899 0,000557
колено 2,296685 0,000499
moonhwasa 5,129899 0,000557
наносить 3,338139 0,001088
относительно 2,564949 0,000836
грудь 2,644992 0,000862
когда 0,652562 0,000213
терехов 5,129899 0,001114
рассчитать 2,490841 0,000271
рубить 4,031286 0,000438
сонгам 5,129899 0,001114
власть 2,421849 0,001315
гражданство 2,421849 0,000526
арканзас 5,129899 0,000557
gye 5,129899 0,000557
топтать 5,129899 0,000557
дисквалификации 2,732003 0,000297
чего 1,345709 0,000585
состояние 1,301257 0,000565
подсечка 4,436752 0,000482
websit 3,520461 0,000765
идти 1,159607 0,000126
происхождение 2,827314 0,000307
слабый 2,134166 0,000232
выполнить 1,834062 0,000598
заслуга 2,732003 0,000297
примерный 2,085376 0,000680
взаимоуважение 5,129899 0,000557
статус 1,279751 0,000417
перетягивание 1,762603 0,000191
онтарио 3,743604 0,000407
слаженность 4,031286 0,000438
hansol 5,129899 0,000557
наджунде 5,129899 0,000557
против 0,747872 0,000162
брюс 3,743604 0,000407
аттестация 5,129899 0,005015
отобраться 4,436752 0,000482
так 0,597299 0,000389
hansoo 5,129899 0,000557
pyong 5,129899 0,001114
там 1,603538 0,000348
тан 4,436752 0,000482
федерация 0,495170 0,001775
pediatr 4,436752 0,000482
голова 1,301257 0,001838
развиваться 2,185460 0,000712
глобальный 4,031286 0,001752
попадание 2,038856 0,000443
тая 2,827314 0,000307
пятиборье 1,574551 0,000171
порядковый 4,031286 0,000438
sport 0,760451 0,000165
пигаке 5,129899 0,000557
определение 2,085376 0,000227
распределить 2,421849 0,000526
исключение 1,695912 0,000368
скалолазание 1,695912 0,000184
вести 1,238078 0,000269
есть 0,812411 0,000618
lee 4,436752 0,000482
электронный 2,038856 0,001550
общепринятый 4,436752 0,001446
спорт 0,125952 0,000479
кулак 3,183989 0,002421
просмотр 0,925206 0,000201
ленточка 5,129899 0,000557
championship 2,296685 0,000748
национальный 0,839439 0,001824
убежденный 4,031286 0,000438
попадать 2,296685 0,000249
викисловарь 2,490841 0,000271
набрать 1,368699 0,000149
занос 4,436752 0,000482
state 3,183989 0,000346
этот 0,350775 0,000762
недоступный 2,296685 0,000499
марка 1,834062 0,000199
переехать 2,932674 0,001911
признанный 2,038856 0,000221
переднестоящая 5,129899 0,000557
викисловаре 2,490841 0,000271
跆拳道 5,129899 0,001114
насчитывать 3,338139 0,000363
qaraqalpaqsha 2,038856 0,000221
бронзовый 1,345709 0,000146
классификация 2,732003 0,001187
выдаваться 2,296685 0,000499
изготовить 3,183989 0,000346
экипировка 2,239527 0,001460
сохранить 2,085376 0,000227
основной 1,122566 0,001463
джордж 1,994404 0,000433
кикбоксерские 5,129899 0,000557
creativ 0,986764 0,000107
эмиграция 5,129899 0,000557
известный 0,986764 0,000429
ёнъи 5,129899 0,000557
нэрё 5,129899 0,001114
основное 1,368699 0,000595
cup 2,134166 0,000927
станислав 2,490841 0,000541
элемент 0,925206 0,000302
начисление 2,932674 0,000319
спортивный 0,301585 0,000786
женщина 0,663991 0,000433
выступление 0,955511 0,000623
щиток 3,338139 0,000363
базовый 2,490841 0,002706
открытие 1,695912 0,000184
возглавить 2,239527 0,000243
смертельный 3,338139 0,000363
пожалуйста 1,633391 0,000532
волна 2,827314 0,000307
palgwa 5,129899 0,005015
выиграть 0,485508 0,000158
заявлять 2,827314 0,000307
словом 3,743604 0,000407
условно 3,338139 0,000363
экономический 2,732003 0,000297
приехать 2,134166 0,000232
регулярный 1,951845 0,000212
gtftaekwondo 5,129899 0,000557
ଓଡ 3,338139 0,000363
основать 1,466337 0,001274
буквальный 2,732003 0,000594
отображаться 4,031286 0,000438
тем 1,217876 0,000265
популярный 1,392229 0,000151
выпрямить 4,031286 0,000438
поло 1,441019 0,000313
без 0,466460 0,000253
убедить 4,031286 0,000438
сэво 5,129899 0,000557
между 0,955511 0,000727
конфуцианство 5,129899 0,000557
hae 5,129899 0,000557
宋德基 5,129899 0,000557
нокдаун 4,031286 0,000876
особенность 2,421849 0,001578
руководство 1,301257 0,000424
судейский 2,421849 0,000263
school 3,338139 0,000363
преподавать 4,031286 0,000876
соответствие 1,002764 0,000109
сертификат 3,743604 0,001627
запрет 2,134166 0,000927
европа 0,393700 0,000171
шулики 5,129899 0,000557
вынудить 2,185460 0,000475
практиковать 3,743604 0,000407
бжж 4,436752 0,000482
направление 1,728701 0,002253
кандидат 2,296685 0,000249
оливер 3,520461 0,000382
редакция 0,940244 0,000306
пока 1,159607 0,000378
develop 3,743604 0,000407
переднестоящей 5,129899 0,001114
складываться 3,338139 0,000363
определять 2,185460 0,000237
период 1,035554 0,001687
태권도 5,129899 0,002786
ಕನ 2,038856 0,000221
клуб 0,652562 0,000567
оцениваться 2,827314 0,001536
центральный 1,603538 0,000174
ассоциация 1,416327 0,002154
page 0,986764 0,000322
абсолютный 2,038856 0,000221
aekwŏndo 5,129899 0,000557
кроме 1,368699 0,001041
juch 5,129899 0,001114
подход 3,183989 0,001383
нижний 0,955511 0,000519
твит 5,129899 0,002229
просуществовать 3,520461 0,000382
самообладание 5,129899 0,000557
всегда 1,258698 0,000137
оба 1,368699 0,000595
кодекс 0,971016 0,000211
мифический 5,129899 0,000557
предмет 2,421849 0,000789
saeara 5,129899 0,000557
карат 1,728701 0,000376
озаглавить 5,129899 0,000557
канада 0,867219 0,000283
бобслей 1,217876 0,000132
mirandé 2,732003 0,000297
достигаться 3,520461 0,000382
разделить 2,134166 0,000232
тхэбэк 5,129899 0,000557
публиковаться 3,743604 0,000407
олег 1,871802 0,000203
культура 1,392229 0,000454
ткд 5,129899 0,000557
толкать 3,743604 0,000407
набор 2,296685 0,000499
если 0,675551 0,001027
статья 0,495170 0,000753
kwang 5,129899 0,000557
chang 3,338139 0,000725
соответственно 2,134166 0,000232
wikimedia 0,986764 0,000107
автоматизированный 5,129899 0,000557
аббревиатура 3,183989 0,000346
ataonlin 5,129899 0,000557
муедоботхонджи 5,129899 0,000557
ограничение 1,834062 0,000398
rebecca 4,031286 0,000438
серийный 3,743604 0,000407
ассамблея 4,436752 0,000482
посвятить 1,994404 0,000217
возрастной 2,296685 0,000249
мировой 0,955511 0,000830
явный 3,338139 0,000363
полтора 2,827314 0,000307
ελληνικά 1,086847 0,000118
многий 2,296685 0,000499
многие 1,178655 0,000256
multi 4,031286 0,000876
выполняться 2,732003 0,001187
контакт 1,035554 0,000900
язык 0,925206 0,000503
исключительно 2,357310 0,000256
коллектив 2,644992 0,000287
разворот 5,129899 0,003343
различный 1,441019 0,001409
справедливость 3,338139 0,000363
demorest 4,436752 0,000482
каратэ 5,129899 0,001672
хурё 5,129899 0,000557
разный 1,368699 0,000446
chris 3,743604 0,000407
магия 4,436752 0,000482
happi 4,436752 0,000482
cheonkwon 5,129899 0,000557
защитить 1,633391 0,000177
максим 1,871802 0,000203
нюанс 3,743604 0,000407
улучшиться 3,743604 0,000407
международный 0,466460 0,001115
комитет 1,368699 0,000446
башҡортса 1,518981 0,000165
ရခ 5,129899 0,000557
januari 4,031286 0,000438
euskara 1,122566 0,000122
кёкпха 5,129899 0,001672
делегация 3,050457 0,000331
зачетный 3,743604 0,001220
демонстрационный 3,520461 0,001530
расстояние 2,085376 0,000680
невообразимый 5,129899 0,000557
серебро 1,695912 0,000184
артамон 5,129899 0,000557
инструктор 3,743604 0,000813
рамка 1,441019 0,000157
родригес 4,031286 0,000438
hanryu 5,129899 0,000557
последовательность 3,050457 0,000331
조의선인 5,129899 0,000557
барбоза 5,129899 0,000557
линда 5,129899 0,001114
текущий 0,867219 0,000283
последовать 2,421849 0,000263
страна 0,641262 0,000975
вместо 1,633391 0,000887
chavacano 5,129899 0,000557
улучшить 1,951845 0,000636
молдова 2,932674 0,000319
маньчжурия 5,129899 0,000557
субак 5,129899 0,003901
правление 2,932674 0,000319
помощник 2,134166 0,000232
просить 2,732003 0,000297
глима 1,762603 0,000191
создать 0,773190 0,000672
руководитель 2,239527 0,000487
деть 0,619039 0,000269
вместе 1,178655 0,000256
малый 2,134166 0,000232
asturianu 1,323236 0,000144
подводить 4,436752 0,000964
предпочитать 3,183989 0,000346
کوردی 1,762603 0,000191
продолжить 1,492313 0,000324
решение 0,839439 0,000274
яир 5,129899 0,000557
проходить 0,867219 0,000094
печать 0,955511 0,000208
уклон 3,520461 0,000382
сконцентрировать 5,129899 0,000557
brzozowski 5,129899 0,000557
íslenska 1,392229 0,000151
рукопашный 3,338139 0,001088
включать 1,323236 0,001006
пелота 1,728701 0,000188
летний 0,619039 0,000403
dan 4,031286 0,000438
ввиду 2,732003 0,000297
пинок 5,129899 0,001672
топ 1,238078 0,000134
олимпиада 0,576022 0,000375
имитировать 3,338139 0,000363
тот 0,393700 0,000941
обсуждение 0,867219 0,000188
календарь 0,675551 0,000147
зарождаться 3,743604 0,000407
организация 0,663991 0,003462
titl 0,986764 0,000107
гражданин 3,338139 0,000725
поздний 1,323236 0,000287
всадник 4,031286 0,000438
датчик 4,436752 0,001446
товарный 0,986764 0,000107
несогласный 5,129899 0,000557
разрешать 3,050457 0,000331
три 1,178655 0,000896
хозяйка 3,183989 0,000346
вскоре 2,239527 0,000243
противостоять 3,183989 0,000346
閩南語 1,762603 0,000191
школа 1,492313 0,001135
клубный 1,416327 0,000154
кёкусинкай 5,129899 0,000557
университет 1,911023 0,000208
боб 3,183989 0,000346
читхэ 5,129899 0,000557
histori 1,762603 0,000383
бой 1,279751 0,001251
владислав 2,038856 0,000221
реальный 1,871802 0,000203
sustain 4,031286 0,000438
семья 2,085376 0,000680
площадка 1,574551 0,000684
руководить 2,085376 0,000227
аналогичный 2,085376 0,000680
катание 0,514778 0,000056
general 5,129899 0,000557
участник 0,799165 0,000434
как 0,232059 0,000807
инициатива 2,134166 0,000232
лыжа 0,925206 0,000201
дистанция 1,728701 0,000376
когурё 5,129899 0,000557
кап 3,743604 0,000407
условие 0,334108 0,000109
насчитываться 3,183989 0,000692
отсутствовать 2,564949 0,000279
лучник 3,743604 0,000407
господин 5,129899 0,000557
достижение 1,279751 0,000278
тарашкевіца 1,198073 0,000130
соотношение 3,183989 0,000692
сплетение 5,129899 0,000557
эстрин 5,129899 0,000557
логика 3,743604 0,000407
риск 2,357310 0,000256
cymraeg 1,574551 0,000171
ufc 1,441019 0,000157
третье 1,035554 0,000112
способ 1,728701 0,000376
moskva 4,436752 0,000482
мана 2,421849 0,000263
гаисф 5,129899 0,000557
второе 0,839439 0,000365
эгида 1,728701 0,000188
sicilianu 2,038856 0,000221
второй 0,576022 0,000250
специальный 1,217876 0,000661
компромисс 3,743604 0,000407
dansk 1,069456 0,000116
сомнение 3,520461 0,000382
примкнуть 4,436752 0,000482
пояс 2,564949 0,011423
учет 2,185460 0,000712
еще 0,167054 0,000109
советник 3,520461 0,000382
teulgi 5,129899 0,000557
аспект 2,732003 0,000297
yoo 5,129899 0,000557
yon 5,129899 0,000557
хваран 5,129899 0,000557
менее 1,258698 0,000684
важный 0,986764 0,000643
наряд 2,357310 0,000512
мозг 3,050457 0,000331
беларуская 1,069456 0,000232
боковой 2,644992 0,000287
kyong 5,129899 0,000557
помощь 1,368699 0,000595
headquart 5,129899 0,000557
толкование 4,031286 0,000438
голеностоп 4,436752 0,000482
taekwondo 5,129899 0,026190
а 0,209918 0,001026
в 0,017911 0,000665
г 0,925206 0,000603
д 0,895792 0,001168
е 0,867219 0,000188
и 0,023953 0,000497
джон 1,633391 0,000177
й 0,825834 0,000179
к 0,132686 0,000331
велоспорт 1,178655 0,000128
м 0,534779 0,000349
н 0,895792 0,001265
о 0,042302 0,000032
tagb 5,129899 0,007801
альпинизм 1,301257 0,000141
п 1,086847 0,000118
с 0,036149 0,000401
она 0,597299 0,000130
коэффициент 2,490841 0,000541
исследование 2,038856 0,000221
скейтбординг 1,762603 0,000191
т 1,368699 0,000446
буддизм 5,129899 0,000557
у 0,342407 0,000298
х 0,986764 0,000643
течение 1,238078 0,000134
hon 5,129899 0,000557
буш 4,031286 0,000438
сравнительный 4,436752 0,000482
скачать 0,895792 0,000195
они 0,524729 0,000456
ю 1,834062 0,000797
я 0,747872 0,000162
немаловажный 3,743604 0,000407
вариант 1,492313 0,000648
футбол 0,247097 0,000161
сила 1,279751 0,000973
конкретный 2,644992 0,000287
атлетика 0,955511 0,000208
структура 1,574551 0,000342
сценарий 3,743604 0,000407
тонкий 3,050457 0,000331
копия 1,416327 0,000154
кикбоксинга 5,129899 0,001672
джуна 5,129899 0,001672
цветной 3,050457 0,003314
кикбоксинге 5,129899 0,000557
боец 1,797694 0,000195
chil 5,129899 0,001114
австрия 1,871802 0,001017
right 3,743604 0,000813
боев 2,932674 0,004141
june 3,743604 0,000407
meet 4,436752 0,000482
jung 5,129899 0,002229
grandmast 5,129899 0,000557
разрыв 3,338139 0,000363
раздеть 1,871802 0,001423
соответствующий 1,695912 0,000737
составлять 1,518981 0,000825
тхэ 5,129899 0,000557
вторжение 3,183989 0,000692
методика 2,644992 0,001149
перевод 2,490841 0,000541
фронт 3,520461 0,000382
сергей 1,301257 0,000141
город 1,069456 0,000232
die 4,031286 0,000876
японец 2,564949 0,000557
粵語 1,178655 0,000128
предписывать 4,031286 0,000438
кликеры 5,129899 0,000557
தம 1,492313 0,000162
сектор 2,564949 0,000279
региональный 1,871802 0,000610
каталанский 1,695912 0,000184
аккредитовать 5,129899 0,000557
down 4,031286 0,000438
построить 2,296685 0,000249
викискладе 1,217876 0,000265
club 2,490841 0,000541
forgotten 5,129899 0,000557
жанейро 2,421849 0,000263
требовать 1,466337 0,000319
세기교육사 5,129899 0,000557
сноуборд 1,178655 0,000128
понимание 4,031286 0,000438
впоследствии 1,911023 0,000623
maciel 4,436752 0,000482
макки 5,129899 0,000557
вступить 2,357310 0,000256
кик 4,031286 0,003503
недолгий 3,520461 0,000382
офис 3,050457 0,000331
вход 2,085376 0,000227
хёрлинг 1,762603 0,000191
закаливание 5,129899 0,000557
тхэккён 5,129899 0,004458
репрессия 4,436752 0,000482
тяжелый 0,940244 0,000204
спарринговой 5,129899 0,000557
евразийский 4,436752 0,000482
цифровой 3,743604 0,000407
сидячий 4,031286 0,000438
гран 1,518981 0,000330
родиться 2,827314 0,000614
пережить 3,183989 0,000346
최영의 5,129899 0,000557
революция 2,732003 0,000297
соревновательный 2,644992 0,004022
британский 2,239527 0,000243
eoullim 5,129899 0,000557
yul 5,129899 0,001114
choi 5,129899 0,001672
академический 1,546380 0,000168
плавание 1,178655 0,000256
биатлон 0,485508 0,000053
мера 2,296685 0,000748
пожертвовать 0,940244 0,000102
возрождаться 4,031286 0,000876
пользоваться 2,490841 0,000812
путаница 4,031286 0,000876
валенти 5,129899 0,000557
human 3,520461 0,000382
япония 1,279751 0,000139
ссылка 0,699082 0,000683
воссоздание 4,436752 0,000482
kiswahili 2,185460 0,000237
масутацу 5,129899 0,000557
grand 3,050457 0,000663
помочь 1,238078 0,000134
lingála 3,050457 0,000331
home 3,743604 0,000407
조의손인 5,129899 0,000557
раунд 1,546380 0,001344
акробатический 3,743604 0,000407
подсчет 2,732003 0,000297
туловище 3,338139 0,000363
ನಡ 2,038856 0,000221
комбинация 2,732003 0,000594
ось 4,031286 0,000438
кругосвет 1,994404 0,000217
истечение 2,732003 0,000297
наработка 4,436752 0,000964
делать 1,392229 0,000151
всемирный 1,762603 0,001340
остаться 1,301257 0,000283
baek 5,129899 0,000557
рахується 5,129899 0,000557
тхэгук 5,129899 0,000557
воспользоваться 2,644992 0,000287
атака 1,762603 0,000383
ᱥᱟᱱᱛᱟᱲᱤ 2,932674 0,000319
спина 2,134166 0,001159
соединить 2,932674 0,000637
чжан 3,520461 0,003059
karat 4,436752 0,000482
song 5,129899 0,000557
квадах 1,762603 0,000191
обязываться 4,031286 0,000438
отдельный 0,955511 0,000311
belt 4,031286 0,000876
chon 5,129899 0,000557
накладка 3,520461 0,000382
hong 4,436752 0,000482
эмигрант 4,436752 0,000482
honh 5,129899 0,000557
hwa 5,129899 0,001672
путевка 2,932674 0,000956
романизация 5,129899 0,000557
исключить 1,441019 0,000157
koryo 5,129899 0,001114
апрельский 5,129899 0,000557
родственный 2,239527 0,000243
различаться 2,644992 0,000287
стать 0,217244 0,000142
независимость 4,031286 0,000438
jeong 5,129899 0,000557
обучение 2,239527 0,000973
robert 3,050457 0,000331
yamang 5,129899 0,000557
керлинг 1,086847 0,000118
голый 3,743604 0,000407
обращение 0,910391 0,005439
вызывать 2,827314 0,000614
сэми 5,129899 0,000557
member 3,743604 0,001220
джек 3,338139 0,000725
код 0,971016 0,005063
лука 1,104547 0,000120
прыжок 0,940244 0,001226
rhee 5,129899 0,003901
may 3,338139 0,000363
ветеран 1,994404 0,000867
jstor 5,129899 0,000557
бронза 1,728701 0,000188
health 4,436752 0,000482
кор 3,338139 0,000725
quebec 4,436752 0,000482
бэк 5,129899 0,001114
url 0,986764 0,000107
остановка 2,421849 0,000263
сентябрь 1,035554 0,002025
михаил 1,301257 0,000283
сантиметр 0,955511 0,000519
зонтичный 5,129899 0,001672
hyo 5,129899 0,000557
войти 0,608110 0,000132
무예도보통지 5,129899 0,000557
гольф 1,574551 0,000171
furlan 3,050457 0,000331
омахе 5,129899 0,000557
макги 5,129899 0,003343
taekwondoitf 5,129899 0,000557
ქართული 1,392229 0,000151
main 4,436752 0,000482
миссиссога 5,129899 0,000557
возраст 1,871802 0,001017
бросок 2,644992 0,000287
convent 5,129899 0,000557
chul 5,129899 0,000557
омаху 5,129899 0,000557
защита 1,441019 0,002035
воздействие 3,338139 0,000725
считать 1,279751 0,000139
политик 0,224624 0,000024
буква 2,357310 0,000512
юниорки 3,743604 0,000407
общение 3,338139 0,000363
гиллис 5,129899 0,000557
алфавит 1,159607 0,000504
brook 3,743604 0,000407
основываться 3,050457 0,000331
сосредоточиться 3,338139 0,000363
грандмастера 5,129899 0,000557
играть 0,895792 0,000097
засчитываться 2,564949 0,000836
рейтинговый 3,050457 0,002651
фигурный 0,514778 0,000056
программа 0,799165 0,000608
обычный 2,038856 0,000221
martial 4,031286 0,002627
разделяться 2,644992 0,000287
действие 1,518981 0,000990
медик 4,436752 0,000964
смешанный 1,871802 0,000813
первый 0,317714 0,000207
разрешить 1,664163 0,001265
пост 2,085376 0,000453
техника 3,743604 0,000407
локальный 3,743604 0,000407
одинаковый 2,134166 0,000232
zhnai 5,129899 0,000557
корпус 2,932674 0,000956
предусматривать 2,421849 0,000263
пять 1,140915 0,000248
итог 0,867219 0,000094
обязательный 1,695912 0,000737
февраль 0,202645 0,000220
кисть 2,932674 0,000637
детально 4,436752 0,000482
объединять 2,239527 0,000243
значение 1,258698 0,000547
джунтхэ 5,129899 0,001114
носок 4,031286 0,000876
тогда 1,466337 0,000159
нигде 5,129899 0,000557
размер 1,911023 0,000830
андерсон 3,520461 0,000765
коллегия 4,436752 0,000482
türkmenç 2,185460 0,000237
старший 1,695912 0,000553
интерпретация 5,129899 0,000557
изучаться 4,436752 0,000482
империя 2,239527 0,000730
срок 1,546380 0,000336
nederland 1,019025 0,000111
считаться 1,441019 0,000470
competit 3,338139 0,000363
клятва 4,436752 0,001446
master 3,520461 0,001147
пора 1,392229 0,000151
август 1,035554 0,000787
самый 0,608110 0,000066
вступление 3,743604 0,000813
материал 0,309617 0,000034
джан 5,129899 0,000557
скиджоринг 1,762603 0,000191
выбирать 2,239527 0,000730
duk 5,129899 0,001114
обрамить 5,129899 0,000557
раундхаус 5,129899 0,000557
закончиться 1,834062 0,000199
кук 0,971016 0,000105
боевой 2,827314 0,006142
переплести 5,129899 0,000557
молодежный 1,159607 0,000126
about 2,827314 0,000307
конкуренция 2,038856 0,000221
ао 2,564949 0,000279
разработка 2,357310 0,000256
ап 5,129899 0,003901
роль 1,695912 0,000368
ввс 3,183989 0,000346
проверка 1,911023 0,000208
навигация 0,986764 0,000322
лодыжка 5,129899 0,000557
мочь 0,350775 0,000495
месяц 1,492313 0,000162
тхыльги 5,129899 0,000557
борьба 0,723179 0,000314
проверяться 2,490841 0,000271
сборная 0,342407 0,000112
проверять 1,834062 0,000199
би 3,183989 0,000346
клинчующих 5,129899 0,000557
муай 4,031286 0,000438
превратить 3,338139 0,000363
правило 0,986764 0,000643
министерство 2,732003 0,000297
пониматься 4,436752 0,000482
кибон 5,129899 0,000557
гимнастика 1,198073 0,000260
бы 1,052361 0,000229
сипчин 5,129899 0,000557
hrvatski 1,052361 0,000114
призвать 2,085376 0,000227
оружие 2,421849 0,001315
развести 4,436752 0,000482
кымган 5,129899 0,000557
английский 1,574551 0,000171
минимальный 2,185460 0,000237
век 1,258698 0,000410
перелом 3,183989 0,000346
fisu 4,436752 0,000482
стандарт 2,421849 0,000263
global 3,050457 0,000331
кубок 0,376309 0,000164
во 0,495170 0,001183
заготовить 5,129899 0,000557
вес 2,038856 0,000443
occitan 1,466337 0,000159
признать 1,834062 0,000598
перечень 2,827314 0,000307
чой 5,129899 0,000557
уже 0,687247 0,000224
важность 4,436752 0,000482
чон 5,129899 0,001114
традиционный 2,421849 0,000526
грандмастером 5,129899 0,000557
цвет 1,695912 0,001290
очередь 2,085376 0,000227
вы 0,309617 0,000034
mix 3,520461 0,000382
исчезнуть 2,932674 0,000319
ге 5,129899 0,001672
го 1,279751 0,000556
простой 2,239527 0,000243
국기원 5,129899 0,003343
скорость 1,951845 0,000212
энциклопедия 0,986764 0,000643
фаир 4,031286 0,000438
вежливый 5,129899 0,000557
български 1,086847 0,000118
гэ 5,129899 0,000557
чтобы 0,773190 0,000252
да 1,911023 0,004359
космический 4,031286 0,000438
брейкинг 1,762603 0,000191
проведение 1,104547 0,000480
де 0,955511 0,000208
kamsah 5,129899 0,000557
пах 5,129899 0,001114
авторский 2,732003 0,000297
необходимость 2,185460 0,000237
американский 0,910391 0,001088
до 0,239550 0,000833
многочисленный 2,239527 0,000243
крюк 4,031286 0,000438
райшауэр 5,129899 0,000557
нуждаться 2,732003 0,000297
останавливаться 2,827314 0,000307
выступать 0,940244 0,000102
другой 0,188256 0,000307
jhoon 5,129899 0,003901
хансу 5,129899 0,000557
сюда 0,986764 0,000107
континент 2,239527 0,000487
пак 3,743604 0,001627
партер 4,031286 0,000438
трек 1,104547 0,000120
давать 1,416327 0,000308
указ 3,050457 0,000331
уголовный 3,743604 0,000407
знаменитый 2,296685 0,000249
цитировать 0,925206 0,000101
ее 0,723179 0,000314
собственный 1,574551 0,000855
регулярно 1,871802 0,000203
схожий 3,183989 0,001729
ен 5,129899 0,000557
korei 5,129899 0,000557
лондон 1,911023 0,000208
локализация 4,436752 0,000482
баскетбол 0,723179 0,000079
учебный 2,490841 0,000541
korea 4,436752 0,000482
факт 1,797694 0,000586
sŏrim 5,129899 0,000557
ido 1,546380 0,000168
контроль 1,951845 0,000212
гребля 1,518981 0,000330
вид 0,393700 0,001454
производиться 2,239527 0,000730
же 0,853233 0,001205
mma 2,038856 0,000664
isbn 1,633391 0,001774
father 5,129899 0,000557
rule 2,357310 0,001536
освоить 3,338139 0,000725
роббинс 5,129899 0,000557
путь 1,518981 0,000495
превышение 3,743604 0,000407
что 0,195425 0,000425
common 0,986764 0,000107
договор 2,421849 0,000263
interest 5,129899 0,001114
править 0,544931 0,006452
за 0,125952 0,000342
укр 4,436752 0,000482
софтбол 1,633391 0,000177
presid 3,338139 0,000725
форма 1,086847 0,000944
отберутся 5,129899 0,000557
медаль 0,619039 0,000202
middl 4,031286 0,000438
энтони 2,038856 0,000221
уля 3,520461 0,000382
мероприятие 1,762603 0,000766
worldtaekwondo 5,129899 0,002229
несмотря 1,762603 0,000191
образец 2,421849 0,000263
затылочный 5,129899 0,000557
чун 5,129899 0,001114
советский 1,140915 0,000124
мокнуть 1,574551 0,000171
чхонгвон 5,129899 0,000557
принцип 1,695912 0,000737
позиция 1,392229 0,000151
кикс 5,129899 0,000557
jirugi 5,129899 0,000557
comment 5,129899 0,000557
отличаться 1,664163 0,001627
гражданский 3,338139 0,000725
осматривать 5,129899 0,000557
организм 3,338139 0,000363
из 0,106018 0,000530
игровой 1,104547 0,000120
художественный 1,518981 0,000165
ил 3,520461 0,000382
myong 5,129899 0,000557
случайный 0,986764 0,000107
скрытый 1,052361 0,000114
oleg 5,129899 0,000557
moo 5,129899 0,001114
их 0,799165 0,000347
восточный 1,911023 0,000415
напоминать 2,644992 0,000575
регламент 1,911023 0,000415
многоразовый 5,129899 0,000557
календарный 4,031286 0,000438
план 1,664163 0,000362
засчитывать 4,031286 0,000438
хоккей 0,285712 0,000124
дискуссия 2,421849 0,000263
кып 5,129899 0,001114
оккупация 4,436752 0,001446
изображение 2,239527 0,000243
президентский 3,338139 0,000363
музыкальный 3,338139 0,001088
технический 1,416327 0,001385
сработать 3,520461 0,000765
серия 0,586604 0,000127
средина 5,129899 0,000557
estremeñu 2,827314 0,000307
назначать 3,338139 0,000725
первенство 1,301257 0,000424
экран 2,932674 0,000319
srpski 1,035554 0,000112
движение 1,728701 0,000188
кг 2,185460 0,026588
bokyung 5,129899 0,000557
октябрь 1,019025 0,000664
ко 2,421849 0,000526
lingua 3,050457 0,000331
прозвать 3,743604 0,000407
соперник 0,853233 0,000463
завоевать 1,035554 0,000450
управление 2,239527 0,000243
решить 1,392229 0,000302
keumgang 5,129899 0,000557
награда 1,279751 0,000139
кю 4,436752 0,000482
следующий 0,853233 0,000556
ли 1,198073 0,001692
судейство 1,871802 0,001220
начисляться 2,827314 0,000307
изучать 4,031286 0,001314
вон 4,031286 0,000438
крайний 2,185460 0,000237
прибыть 2,732003 0,000297
вот 2,134166 0,000232
президент 1,035554 0,001125
обозначаться 3,338139 0,000363
дальний 2,644992 0,000287
соревноваться 1,871802 0,000203
строгий 2,239527 0,000730
한국어 1,035554 0,000112
택견 5,129899 0,001114
доктор 2,932674 0,000319
вод 1,466337 0,000159
ханча 5,129899 0,000557
синхронный 1,574551 0,000171
преимущественный 2,421849 0,000526
spar 5,129899 0,001114
сабомним 5,129899 0,000557
позиционировать 5,129899 0,001114
место 0,402511 0,000087
государство 2,134166 0,003477
успешный 1,345709 0,000585
фунакоси 5,129899 0,001114
му 3,743604 0,000813
ведомство 3,520461 0,000382
гфту 5,129899 0,000557
лежать 2,421849 0,000263
мы 0,195425 0,000042
участие 0,457070 0,000348
крокет 1,728701 0,000188
на 0,023953 0,000315
достигнуть 1,728701 0,000563
водный 0,723179 0,000236
образцов 4,436752 0,000482
simpl 1,140915 0,000124
кликают 5,129899 0,000557
не 0,099461 0,000389
каждый 0,812411 0,001412
онлайн 0,773190 0,000084
dhan 5,129899 0,001114
но 0,402511 0,000918
разделиться 3,183989 0,000346
педагогический 4,031286 0,000876
раздел 1,574551 0,001368
ответвление 5,129899 0,000557
появление 2,239527 0,000243
категория 0,881403 0,001245
ны 5,129899 0,000557
норвежский 1,345709 0,000146
независимо 2,932674 0,000319
magyar 1,086847 0,000118
транслитерация 4,436752 0,000482
подписать 1,492313 0,000162
об 0,217244 0,000024
уровень 1,086847 0,002243
владимир 1,392229 0,000302
федеральный 1,834062 0,000199
ои 0,812411 0,008031
справка 0,986764 0,000107
развитие 1,140915 0,002231
он 0,475938 0,000775
умереть 2,038856 0,000443
всесоюзный 2,644992 0,000287
тхэквондо 1,633391 0,021114
от 0,160085 0,000678
форум 0,867219 0,000094
pona 3,338139 0,000363
контактный 2,421849 0,000526
jade 5,129899 0,000557
боксерский 3,520461 0,000382
официальный 0,735450 0,000080
бокс 0,534779 0,000232
chung 5,129899 0,001114
слать 1,728701 0,000563
ларусса 3,338139 0,000363
внимание 1,695912 0,000368
принимать 0,955511 0,000519
все 0,067304 0,000132
википедия 0,986764 0,000857
неолимпийские 4,031286 0,001314
сведение 0,786093 0,000085
возможность 1,279751 0,000278
jita 5,129899 0,000557
по 0,073653 0,000520
inc 0,986764 0,000322
передавать 2,827314 0,000307
втф 5,129899 0,004458
португалец 3,338139 0,000363
видеоповтора 3,743604 0,000813
неолимпийских 5,129899 0,002229
пандэ 5,129899 0,000557
сжатый 4,436752 0,000482
нако 5,129899 0,000557
блоковый 5,129899 0,001114
itftkd 5,129899 0,000557
сайда 5,129899 0,000557
очень 1,140915 0,000124
демонстрироваться 3,520461 0,000382
세계태권도 5,129899 0,001672
вничью 1,797694 0,000195
нарыся 5,129899 0,000557
ambassador 5,129899 0,001114
ри 4,436752 0,000964
какой 1,002764 0,000327
сообщество 0,910391 0,000297
занятие 2,357310 0,000768
произойти 1,178655 0,000640
прикладной 3,520461 0,000382
википедии 0,986764 0,000214
принятие 2,564949 0,000279
книга 1,911023 0,001453
термин 1,345709 0,000585
oliv 5,129899 0,001114
negat 5,129899 0,000557
переноситься 3,743604 0,000407
непоколебимость 5,129899 0,000557
париж 1,392229 0,000151
scot 1,695912 0,000184
стандартный 2,185460 0,000237
дозировать 4,436752 0,000482
рф 1,871802 0,000203
чируги 5,129899 0,001672
рю 4,031286 0,000876
са 3,743604 0,000407
lccn 1,492313 0,000162
се 4,436752 0,000482
физический 1,392229 0,000302
владение 2,421849 0,000789
стиль 1,603538 0,010103
чхундокван 5,129899 0,000557
включение 2,564949 0,000836
эффективный 2,644992 0,000287
日本語 1,035554 0,000112
со 0,447767 0,000632
центр 0,773190 0,000084
придумывать 5,129899 0,000557
slovenščina 1,345709 0,000146
под 0,723179 0,001257
парусный 1,574551 0,000171
pyung 5,129899 0,000557
окружность 2,827314 0,000614
пол 0,910391 0,000297
связаться 0,867219 0,000094
декабрь 0,853233 0,000463
пхаль 5,129899 0,000557
пом 1,695912 0,000184
brezhoneg 2,038856 0,000221
дополнительно 2,932674 0,001593
человек 0,940244 0,000306
незавершенный 3,183989 0,001383
подробный 0,687247 0,000075
немного 2,038856 0,000221
содержание 0,955511 0,000208
eesti 1,069456 0,000116
связь 0,747872 0,000487
сонам 5,129899 0,000557
зарождение 3,520461 0,001147
амер 3,520461 0,001147
сейчас 1,104547 0,000120
канон 4,436752 0,000482
нога 1,664163 0,008315
передаваться 2,932674 0,000637
역사 5,129899 0,001114
manual 3,743604 0,000407
поинт 5,129899 0,000557
britannica 1,518981 0,000165
кёруги 5,129899 0,002229
каноэ 1,633391 0,000177
самооборона 3,743604 0,002033
весь 1,633391 0,000532
наружу 3,743604 0,000813
бритый 4,436752 0,000482
информационный 1,122566 0,000122
шаг 2,038856 0,001107
wikipedia 0,986764 0,000214
наткнуться 4,436752 0,000482
теперь 0,971016 0,000316
необходимый 2,357310 0,000256
plattdüütsch 2,357310 0,000256
опытный 1,994404 0,000217
расположить 1,574551 0,000342
отредактировать 0,986764 0,000107
называть 1,258698 0,000684
сегодняшний 3,338139 0,000363
создавать 2,357310 0,000256
chasin 5,129899 0,000557
социальный 1,603538 0,000174
ушу 1,728701 0,000188
иванов 3,338139 0,000363
викиновости 1,238078 0,000134
республика 2,134166 0,002086
ситуация 1,392229 0,000151
главный 0,565551 0,000061
හල 1,834062 0,000199
также 0,663991 0,001659
предисловие 5,129899 0,000557
член 1,416327 0,000615
العربية 1,069456 0,000116
появиться 1,159607 0,000126
фризский 1,762603 0,000191
этикет 4,031286 0,000438
император 3,743604 0,000407
терминология 3,183989 0,003113
джессика 4,031286 0,000438
допускать 2,564949 0,000557
распространяться 4,031286 0,000438
единоборство 1,994404 0,006066
трава 1,392229 0,000302
хи 5,129899 0,006687
почтительность 5,129899 0,000557
собачий 1,762603 0,000191
изменение 1,345709 0,000439
itf 4,031286 0,014013
библиографический 1,279751 0,000139
силовой 2,296685 0,000499
упрощение 5,129899 0,000557
семинар 4,436752 0,002410
феникс 3,520461 0,000382
конгресс 2,185460 0,000237
правка 0,986764 0,000322
отбор 2,296685 0,000748
однако 1,069456 0,000929
батут 1,728701 0,000188
хё 5,129899 0,000557
серфинг 1,762603 0,000191
себя 0,597299 0,000454
tolışi 1,871802 0,000203
полуавтоматизированном 5,129899 0,000557
це 5,129899 0,000557
kirʹi 5,129899 0,000557
силла 5,129899 0,000557
феноменальный 5,129899 0,000557
изменить 1,728701 0,000563
việt 1,140915 0,000124
отказ 0,839439 0,000091
нападение 2,357310 0,000256
дзюдо 1,466337 0,000319
субакдо 5,129899 0,000557
допускаться 1,911023 0,000208
поддержка 1,546380 0,000840
один 0,342407 0,001041
дисциплина 1,546380 0,001848
беженец 4,436752 0,000482
ча 5,129899 0,000557
гоннун 5,129899 0,000557
вначале 3,183989 0,000346
полностью 1,546380 0,000168
신라의 5,129899 0,000557
vol 2,932674 0,000637
пятка 3,743604 0,000813
длина 1,871802 0,000203
конгрессмен 5,129899 0,000557
жесткий 1,728701 0,000376
часть 1,104547 0,000600
квалифицированный 4,031286 0,000438
возродить 3,050457 0,000331
провинция 3,338139 0,000363
сторона 1,069456 0,000465
songahm 5,129899 0,003901
демонстрация 3,520461 0,000765
particip 4,436752 0,000482
часто 1,574551 0,000342
itfeurop 5,129899 0,000557
междуклубных 5,129899 0,000557
полуостров 4,436752 0,000964
кндр 3,050457 0,000994
изнутри 4,436752 0,000964
заявить 1,140915 0,000372
ресурс 0,812411 0,000088
междуклубные 5,129899 0,001672
age 3,520461 0,000382
заменить 1,546380 0,000168
южный 1,159607 0,000504
jang 5,129899 0,012259
наранхи 5,129899 0,000557
bahasa 1,086847 0,000236
joong 5,129899 0,000557
избрание 4,436752 0,000482
названый 2,490841 0,000271
номер 1,392229 0,000454
шея 2,932674 0,000637
качество 1,323236 0,000144
تۆرکجه 1,762603 0,000191
через 0,971016 0,000422
що 5,129899 0,000557
вып 3,743604 0,000407
lietuvių 1,140915 0,000124
взрослый 2,564949 0,001672
nam 5,129899 0,001114
череп 5,129899 0,000557
словарь 1,198073 0,000130
надеваться 5,129899 0,000557
стрельба 1,441019 0,000313
официально 1,159607 0,000252
посчитать 3,520461 0,000382
थ 2,932674 0,000319
поступить 3,183989 0,000346
द 1,546380 0,000168
न 1,518981 0,000330
команда 0,262364 0,000114
общероссийский 3,338139 0,000363
аннун 5,129899 0,000557
प 1,911023 0,000208
заказывать 4,436752 0,000482
भ 2,239527 0,000243
म 2,932674 0,000319
учредительный 4,031286 0,000438
боков 2,644992 0,000287
toki 3,338139 0,000363
довольный 1,994404 0,000217
ल 1,911023 0,000415
являться 1,019025 0,003099
issn 3,338139 0,000725
проводиться 1,086847 0,000944
ष 2,296685 0,000249
никогда 1,951845 0,000212
секунда 1,633391 0,000177
ह 1,546380 0,000168
единый 1,104547 0,000240
длиться 2,296685 0,000499
навык 3,050457 0,000331
zamboanga 5,129899 0,000557
тхон 5,129899 0,000557
tong 5,129899 0,000557
травмоопасных 4,436752 0,000482
нужно 1,492313 0,000648
скелетон 1,258698 0,000137
закрепить 2,490841 0,000271
квадратный 3,183989 0,000346
українська 1,035554 0,000112
ый 5,129899 0,000557
лоу 4,436752 0,000482
наступательный 4,436752 0,000482
ын 5,129899 0,000557
доска 3,183989 0,000692
группа 1,122566 0,000122
зеленый 2,185460 0,000950
рост 0,812411 0,000088
предусмотреть 2,932674 0,000956
молодая 1,762603 0,000191
заднестоящую 5,129899 0,001114
уссурийск 5,129899 0,000557
рэкетс 1,728701 0,000188
комиссия 2,239527 0,000487
начинаться 1,664163 0,000181
cism 4,436752 0,000482
ребрендинг 4,031286 0,000438
цикл 2,644992 0,000575
жизнь 0,881403 0,000191
ndl 1,834062 0,000199
менять 1,994404 0,000217
cite 1,258698 0,000273
джейд 5,129899 0,000557
студенческий 2,564949 0,000279
бадминтон 1,518981 0,000165
нельзя 2,296685 0,000499
sportaccord 5,129899 0,000557
шорты 1,035554 0,000112
кыргызстан 3,050457 0,000331
горнолыжный 1,301257 0,000141
точно 1,911023 0,000208
баскский 1,664163 0,000181
причем 1,871802 0,000407
смягчение 5,129899 0,001114
musul 5,129899 0,000557
тхэсудо 5,129899 0,000557
избежание 3,743604 0,000407
утвердить 1,871802 0,000407
ежегодно 2,185460 0,000237
гэльский 1,762603 0,000191
канат 1,762603 0,000191
универсальность 5,129899 0,001114
all 3,050457 0,000331
храмцов 4,436752 0,000482
new 2,038856 0,000664
тренировка 0,895792 0,000292
красный 1,069456 0,001162
локоть 3,338139 0,000363
междуклубными 5,129899 0,000557
готовиться 2,296685 0,000249
юк 5,129899 0,000557
ব 1,416327 0,000154
объединение 2,296685 0,000998
алматы 4,436752 0,000482
нарушение 1,416327 0,000769
силва 4,031286 0,000438
конфиденциальность 0,293617 0,000032
unit 2,644992 0,000287
гандбол 1,122566 0,000366
ল 1,416327 0,000154
обшиваться 5,129899 0,000557
svenska 1,035554 0,000112
общий 0,986764 0,000536
eui 5,129899 0,000557
назад 1,140915 0,000124
моторный 1,762603 0,000191
разводить 4,436752 0,000482
eun 5,129899 0,000557
масса 1,911023 0,000415
ссср 0,940244 0,000715
будо 1,762603 0,000191
понятие 3,183989 0,000346
ширина 2,357310 0,000512
продемонстрировать 3,183989 0,000692
открыть 1,279751 0,000973
media 3,050457 0,000663
як 5,129899 0,000557
фехтование 1,546380 0,000168
ольгуль 5,129899 0,000557
and 1,762603 0,000383
высота 1,762603 0,000383
태권도의 5,129899 0,000557
стратегия 2,239527 0,000243
традиция 2,134166 0,001159
именно 1,492313 0,000324
главное 0,524729 0,000114
профессиональный 1,052361 0,000114
французский 1,052361 0,000114
interlingua 1,603538 0,000174
румыния 2,038856 0,000221
креативность 4,436752 0,000482
любительский 1,416327 0,000308
где 0,675551 0,000514
основание 1,416327 0,000154
тоджане 5,129899 0,000557
таеквон 5,129899 0,000557
активный 1,546380 0,000336
korean 4,436752 0,000964
зафиксировать 1,994404 0,000433
позволять 1,664163 0,000542
всеять 1,871802 0,000407
участвовать 0,955511 0,000415
papiamentu 2,732003 0,000297
сообщить 0,447767 0,000049
примечание 1,002764 0,000218
техас 4,436752 0,000482
ученик 3,183989 0,001729
тоталитарный 5,129899 0,000557
быть 0,119263 0,000518
европейский 1,122566 0,000366
подразумевать 3,050457 0,000331
учение 4,436752 0,000482
точка 1,762603 0,000383
диаметр 2,732003 0,000297
зало 1,797694 0,000195
указательный 4,436752 0,000482
посольство 4,436752 0,000482
темный 3,183989 0,000346
shim 5,129899 0,000557
ён 4,436752 0,000482
пахнуть 4,436752 0,000964
ёп 5,129899 0,001672
пластик 3,520461 0,000382
установить 1,279751 0,000139
конный 1,574551 0,000171
разработать 1,728701 0,000376
грузия 2,296685 0,000249
бандаль 5,129899 0,000557
english 0,925206 0,000201
выполнять 1,994404 0,000217
четыре 0,910391 0,000791
спецтехник 5,129899 0,002229
отражать 3,338139 0,001088
джумок 5,129899 0,001114
глубокий 2,827314 0,000307
suomi 1,052361 0,000114
друг 1,518981 0,001650
тунис 3,338139 0,000363
асан 5,129899 0,000557
ближний 1,728701 0,000188
ladino 3,743604 0,000407
вадим 2,421849 0,000263
голубой 2,490841 0,000271
народ 2,564949 0,000279
можно 1,002764 0,000327
воздух 2,421849 0,000263
română 1,122566 0,000122
осложняться 4,436752 0,000482
альтернативный 2,932674 0,000319
сочетать 3,338139 0,000363
ларин 4,436752 0,000482
nkc 1,574551 0,000171
использоваться 1,159607 0,001386
рубеж 2,421849 0,000263
латинский 3,183989 0,000346
эдсон 5,129899 0,000557
кикбоксинг 3,743604 0,000407
portuguê 1,035554 0,000112
oʻzbekcha 1,140915 0,000124
раз 0,485508 0,000211
чемпионат 0,188256 0,000675
ўзбекча 1,140915 0,000124
latviešu 1,052361 0,000114
варьироваться 3,183989 0,000692
образование 2,038856 0,000221
разбить 2,564949 0,000279
bluecottagetkd 5,129899 0,000557
ливингстон 5,129899 0,000557
ран 3,520461 0,000382
дойти 2,490841 0,000541
российский 0,224624 0,000073
философия 3,183989 0,000346
popular 3,520461 0,000382
испания 1,159607 0,000630
art 2,644992 0,002011
протест 2,732003 0,000297
полномочие 3,183989 0,000346
версия 0,393700 0,001026
black 3,338139 0,000725
шесть 1,238078 0,000134
jawa 1,911023 0,000208
обычно 1,695912 0,000553
зарегистрировать 0,711058 0,000154
препятствие 3,050457 0,000331
требование 1,797694 0,000391
штаб 1,664163 0,001988
игорь 1,871802 0,000203
выполнение 2,185460 0,000475
четвертый 1,695912 0,000184
знак 0,986764 0,000107
jee 5,129899 0,002229
дэйв 4,436752 0,000482
arlington 5,129899 0,000557
сложный 1,871802 0,000203
штат 2,185460 0,001424
увеличить 2,038856 0,000443
правый 0,971016 0,000316
ударить 2,564949 0,000279
ata 5,129899 0,003343
эксодус 5,129899 0,000557
olymp 2,296685 0,000249
представитель 1,238078 0,000672
сеул 2,644992 0,000862
представить 1,518981 0,000495
разрешаться 2,490841 0,000271
саджа 5,129899 0,001672
австралийский 1,633391 0,000177
работа 1,086847 0,000354
тактика 2,421849 0,000263
обладатель 1,492313 0,000162
характеристика 2,732003 0,000297
блок 2,421849 0,002368
приземлиться 3,520461 0,000382
минин 5,129899 0,000557
might 5,129899 0,000557
запретить 1,178655 0,000640
посол 0,301585 0,000491
наказание 2,490841 0,000271
медиафайлы 1,217876 0,000265
звучать 3,050457 0,000331
военнослужащий 3,520461 0,001530
параметр 2,490841 0,000271
미래 5,129899 0,000557
galego 1,178655 0,000128
name 3,743604 0,000407
автор 1,466337 0,000637
старый 1,159607 0,000126
короткий 0,699082 0,000076
соги 5,129899 0,003343
kiev 5,129899 0,000557
공수도 5,129899 0,001114
числовой 5,129899 0,000557
внести 2,239527 0,000243
новосозданной 5,129899 0,000557
поражение 1,122566 0,000122
толлё 5,129899 0,002786
правительство 3,338139 0,001088
везде 4,031286 0,000438
служебный 0,955511 0,000104
central 2,732003 0,000297
покинуть 1,871802 0,000610
nov 4,436752 0,000482
чарёт 5,129899 0,000557
война 1,695912 0,000737
оказать 2,732003 0,000297
news 2,185460 0,000237
поверхность 2,239527 0,000243
associ 0,986764 0,000214
europ 3,338139 0,000725
торонто 3,183989 0,000346
максимальный 1,951845 0,000212
bong 4,436752 0,000482
намного 2,932674 0,000319
свободный 0,867219 0,000188
rodriguez 4,436752 0,000482
травматизм 3,520461 0,001530
tokyo 3,338139 0,000363
реж 4,031286 0,000438
процедура 2,490841 0,000271
существовать 1,122566 0,000244
современный 1,159607 0,000378
african 4,031286 0,000438
risk 4,436752 0,000482
отношение 1,301257 0,000283
оператор 5,129899 0,000557
leader 4,031286 0,000438
ଆ 3,338139 0,000363
приложить 4,436752 0,000482
юниорский 2,296685 0,000499
серьезный 1,633391 0,000177
получить 0,384967 0,000460
гранд 3,338139 0,000363
nara 5,129899 0,000557
направить 2,296685 0,000499
тангуна 5,129899 0,000557
чуке 5,129899 0,000557
внутрь 3,520461 0,001147
ilyeo 5,129899 0,000557
фактор 2,421849 0,000263
упор 3,050457 0,000663
архивировать 1,104547 0,006359
оказывать 3,183989 0,000346
аттестовываться 5,129899 0,000557
сделать 0,853233 0,000185
фактически 2,357310 0,000512
связанный 0,786093 0,000512
квартира 2,732003 0,003264
taebaek 5,129899 0,000557
нанести 2,185460 0,000237
melayu 1,368699 0,000149
вооруженный 2,732003 0,000297
рид 5,129899 0,000557
мультиспортивных 4,436752 0,000482
moon 4,436752 0,000482
восьмиугольном 5,129899 0,000557
сотрудничать 3,743604 0,000813
italiano 1,035554 0,000112
год 0,099461 0,001426
интенсивность 3,743604 0,000407
айсшток 1,728701 0,000188
역사와 5,129899 0,000557
ключникова 5,129899 0,000557
гок 5,129899 0,000557
характерный 2,564949 0,000557
приходиться 2,038856 0,000664
հայերեն 1,198073 0,000130
munhwasa 5,129899 0,000557
тхеквондо 5,129899 0,000557
pattern 5,129899 0,000557
мая 0,986764 0,001393
поэтому 1,392229 0,000454
квадрат 3,743604 0,000407
српскохрватски 1,416327 0,000154
modern 3,183989 0,000346
web 1,279751 0,000278
рио 2,296685 0,000249
регламентировать 3,338139 0,000363
bokmål 1,069456 0,000116
псевдоним 5,129899 0,002229
перебраться 3,050457 0,000331
жена 1,728701 0,000188
гитин 5,129899 0,001114
шаблон 1,441019 0,000313
kill 5,129899 0,000557
инструмент 0,881403 0,000191
такой 0,735450 0,001039
планерный 1,762603 0,000191
хилый 5,129899 0,000557
тесно 3,520461 0,000765
возвышение 4,031286 0,000438
ушибить 4,031286 0,000438
бедро 2,932674 0,000319
рука 1,392229 0,003025
русый 1,368699 0,001338
капитуляция 4,031286 0,000438
широкий 2,038856 0,000221
благодаря 1,441019 0,000157
военный 1,664163 0,000542
afrikaan 1,441019 0,000157
таэквондо 5,129899 0,001114
фонд 0,895792 0,000097
динамик 4,031286 0,000438
состав 0,867219 0,000471
джонс 2,085376 0,000227
격파 5,129899 0,000557
стойка 2,490841 0,002706
трамплин 1,140915 0,000124
наиболее 1,466337 0,000956
передний 2,490841 0,000271
указать 1,198073 0,000260
частить 1,664163 0,000542
соглашение 1,466337 0,000159
adam 3,520461 0,000382
choong 5,129899 0,002229
гтф 5,129899 0,005572
история 0,270086 0,000411
македонский 1,258698 0,000137
воин 2,932674 0,000319
тэквондо 5,129899 0,000557
длить 0,146292 0,000699
sung 5,129899 0,000557
евгений 3,520461 0,000382
bân 1,762603 0,000191
wha 5,129899 0,001114
татьяна 2,932674 0,000319
фут 3,338139 0,000725
останавливать 3,520461 0,000382
увеличиваться 3,338139 0,000363
ழ 1,492313 0,000162
либо 1,140915 0,001487
effect 3,743604 0,000407
согласно 1,574551 0,000513
мухаммед 3,520461 0,000382
нацфедерации 5,129899 0,000557
автономный 4,436752 0,000482
название 1,035554 0,002475
редко 2,490841 0,000271
who 4,031286 0,000438
поиск 0,711058 0,000154
game 1,797694 0,000391
тхве 5,129899 0,000557
бусабомним 5,129899 0,000557
соединение 3,338139 0,000725
исторический 1,762603 0,000383
придерживаться 3,050457 0,000331
oldid 0,986764 0,000107
национализм 5,129899 0,000557
момтон 5,129899 0,000557
первое 0,393700 0,000299
низкий 1,345709 0,000146
типичный 4,436752 0,000482
seung 5,129899 0,000557
алексей 1,140915 0,000124
запрещать 2,827314 0,000307
тыльный 4,031286 0,000438
зачисление 4,436752 0,000482
гун 5,129899 0,001114
sam 4,031286 0,002189
san 3,743604 0,001220
стадий 1,911023 0,000623
южнокорейский 4,031286 0,000438
оппонент 2,932674 0,000319
принять 0,786093 0,000683
рок 1,695912 0,000368
точность 2,932674 0,000319
авторство 0,986764 0,000107
высокий 0,760451 0,000743
сахёним 5,129899 0,000557
clinic 4,436752 0,000482
сместить 4,031286 0,000438
чистяк 4,031286 0,000438
лицевой 3,050457 0,000331
приводить 2,085376 0,000453
финал 0,699082 0,000228
català 1,086847 0,000118
записка 4,031286 0,000438
новый 0,239550 0,000208
образ 1,178655 0,000256
поведение 0,839439 0,000091
hausa 2,732003 0,000297
ввод 3,743604 0,000407
тобок 5,129899 0,000557
происходить 1,466337 0,000159
выйти 0,773190 0,000168
внутриклубный 5,129899 0,000557
теннис 0,475938 0,000103
полоска 3,183989 0,000346
пребывать 5,129899 0,000557
గ 2,038856 0,000221
заключаться 2,421849 0,000263
местный 2,490841 0,000271
ребенок 1,323236 0,000287
финский 1,518981 0,000165
rang 5,129899 0,000557
исключительный 3,520461 0,000382
فارسی 1,104547 0,000120
удар 1,633391 0,012420
выпускной 4,436752 0,000482
త 2,038856 0,000221
живот 3,183989 0,001038
предел 1,603538 0,000523
полный 0,940244 0,000204
мультиевропейские 5,129899 0,000557
гера 2,644992 0,000287
am 4,031286 0,001314
александр 0,839439 0,000091
исполнение 2,239527 0,000730
перчатка 2,732003 0,000890
готовность 2,932674 0,000319
коленный 4,031286 0,000438
ల 2,038856 0,000221
at 2,732003 0,000594
викимедиа 0,986764 0,000107
пхёнвон 5,129899 0,000557
ключица 5,129899 0,002229
показывать 1,762603 0,000191
azərbaycanca 1,258698 0,000137
frank 4,031286 0,000438
экс 1,994404 0,000433
применять 2,732003 0,000297
определить 1,301257 0,000848
теория 2,357310 0,000256
дополнительный 0,940244 0,000613
реформа 4,031286 0,000438
апперкот 4,031286 0,000438
проигрыш 2,490841 0,000271
мир 0,277868 0,000845
статистический 3,050457 0,000331
by 0,971016 0,000316
регби 0,955511 0,000208
экз 2,732003 0,000297
русский 0,760451 0,000330
входить 1,258698 0,000684
этап 0,895792 0,000195
cc 0,986764 0,000107
александрович 2,490841 0,000271
абсолютно 3,183989 0,000346
практика 4,031286 0,000438
грандмастер 5,129899 0,000557
небольшой 2,296685 0,000499
shqip 1,466337 0,000159
время 0,384967 0,000502
конец 1,035554 0,000112
анпальмок 5,129899 0,000557
единственный 1,392229 0,000151
прислать 2,490841 0,000271
выходить 1,695912 0,000184
tŏk 5,129899 0,000557
отменить 1,728701 0,000188
победитель 0,799165 0,000347
кокс 5,129899 0,000557
고구려의 5,129899 0,000557
bikol 2,732003 0,000297
рукопашная 4,436752 0,000482
настойчивость 4,436752 0,000482
получение 2,085376 0,000227
de 1,871802 0,000203
публикация 3,183989 0,000346
jun 5,129899 0,000557
носить 1,664163 0,000362
중심입니다 5,129899 0,000557
вправе 3,520461 0,000382
do 4,436752 0,015422
отец 2,239527 0,000243
восемь 1,695912 0,000368
викиданных 0,986764 0,000107
맨손무예 5,129899 0,000557
saebyeol 5,129899 0,000557
зависимость 1,911023 0,000623
северный 1,492313 0,000486
каталог 1,301257 0,000141
franca 3,050457 0,000331
won 3,743604 0,000813
переднестоящую 5,129899 0,000557
contact 4,436752 0,000482
화랑도 5,129899 0,001114
чоисонин 5,129899 0,000557
показать 0,504926 0,000055
шевронный 5,129899 0,000557
спарринг 3,743604 0,003253
ee 5,129899 0,002229
철학 5,129899 0,000557
отсутствие 1,664163 0,000181
кузница 5,129899 0,000557
разногласие 3,183989 0,000346
требоваться 2,827314 0,000921
задача 1,546380 0,000168
хотя 1,546380 0,000504
дополнить 2,827314 0,002150
порядок 1,664163 0,000181
платформа 3,743604 0,000813
межконтинентальный 3,050457 0,000331
устанавливать 2,932674 0,000319
олимпийский 0,342407 0,001599
ex 5,129899 0,000557
читать 0,555188 0,000060
описать 2,357310 0,001024
подъем 3,183989 0,000346
джунгу 5,129899 0,003901
древние 2,932674 0,000319
activ 4,436752 0,000964
bigak 5,129899 0,003343
тхэквондистов 5,129899 0,001114
генерал 3,520461 0,003059
прямая 1,441019 0,000626
англ 1,159607 0,002519
лайт 5,129899 0,000557
пощечина 4,436752 0,000482
оценка 1,797694 0,000781
origin 3,183989 0,000346
for 2,239527 0,000243
нынджа 5,129899 0,000557
волейбол 0,955511 0,000104
смесь 4,436752 0,000482
обязательно 2,357310 0,000256
выявить 2,732003 0,000594
sik 5,129899 0,000557
существенный 2,732003 0,000297
подтверждать 2,185460 0,000237
спонсировал 4,031286 0,000438
солдат 3,338139 0,000363
sin 5,129899 0,000557
оценить 1,603538 0,000174
лишь 1,159607 0,001386
туркменистан 3,183989 0,000346
корректив 3,520461 0,000382
over 3,743604 0,000407
수박 5,129899 0,001672
спортсменка 1,664163 0,000181
мой 1,368699 0,000446
go 3,050457 0,000663
момент 0,910391 0,000297
srpskohrvatski 1,416327 0,000154
petrigliano 4,436752 0,000482
незначительный 2,932674 0,000637
中文 1,035554 0,000112
помимо 1,911023 0,000208
константин 2,185460 0,000237
добавление 4,031286 0,000438
тереть 0,786093 0,000171
основа 1,301257 0,000424
потерять 1,951845 0,000424
foundat 0,986764 0,000107
hi 4,436752 0,000964
среда 1,871802 0,000203
среди 0,597299 0,000908
градус 3,520461 0,000765
анатолия 2,357310 0,000512
разъединение 4,436752 0,000482
делегат 3,338139 0,000363
развивать 2,827314 0,000614
biz 5,129899 0,001672
похожий 2,644992 0,000287
демонстрировать 2,932674 0,001274
decemb 4,031286 0,000438
https 0,699082 0,000076
локтевой 3,743604 0,000407
смерть 2,134166 0,000464
тата 3,520461 0,001147
il 5,129899 0,003343
анатолий 4,031286 0,000438
результат 0,524729 0,000513
поднимать 2,932674 0,000319
in 1,911023 0,001661
мобильный 0,555188 0,000060
tiếng 1,140915 0,000124
приглашать 3,183989 0,000346
гуманизм 5,129899 0,000557
особенно 2,038856 0,000886
wtf 5,129899 0,001114
עברית 1,052361 0,000114
лицо 1,695912 0,000921
index 0,986764 0,000107
большой 0,687247 0,000224
павел 1,834062 0,000199
далее 2,185460 0,000475
connot 5,129899 0,000557
должен 0,597299 0,000908
избранный 0,955511 0,000208
признаться 1,994404 0,000217
изначально 2,038856 0,000221
возвращение 1,466337 0,000159
ള 1,695912 0,000184
документ 2,038856 0,000221
john 2,644992 0,000287
ictf 5,129899 0,000557
ji 5,129899 0,001114
tafisa 5,129899 0,000557
kurdî 1,834062 0,000199
работать 1,518981 0,000330
вшить 5,129899 0,000557
позвоночник 3,743604 0,000813
крикет 1,695912 0,000184
дан 4,031286 0,002189
дао 5,129899 0,000557
world 1,416327 0,003846
хва 4,436752 0,000482
провести 0,799165 0,000434
novial 3,520461 0,000382
издательство 3,338139 0,000363
это 0,181139 0,000590
большинство 1,466337 0,000319
품새 5,129899 0,000557
упряжка 1,762603 0,000191
ki 5,129899 0,000557
триатлон 1,633391 0,000177
кинематограф 4,031286 0,000438
два 0,504926 0,000987
смена 1,762603 0,000383
прямой 1,695912 0,000368
break 3,520461 0,000382
안용규 5,129899 0,000557
gí 1,762603 0,000191
kr 5,129899 0,000557
огнестрельный 4,031286 0,000438
чхан 5,129899 0,011702
покрытие 2,490841 0,000271
пурпурный 5,129899 0,000557
дипломатический 5,129899 0,000557
정신 5,129899 0,000557
доступный 0,955511 0,000104
остальное 1,834062 0,000199
общеобразовательный 4,436752 0,000482
report 3,050457 0,000331
духовно 5,129899 0,000557
маккьюн 5,129899 0,000557
самозащита 4,436752 0,000482
ладонь 2,932674 0,000319
piemontèi 2,564949 0,000279
или 0,576022 0,001251
мун 4,031286 0,000438
пособие 3,338139 0,000363
отличие 1,695912 0,000737
қазақша 1,178655 0,000128
hanguk 5,129899 0,000557
jone 4,031286 0,000438
sok 5,129899 0,000557
jong 5,129899 0,000557
soo 5,129899 0,000557
пригласить 1,834062 0,000199
отстранить 2,296685 0,000249
включить 1,392229 0,000454
www 1,392229 0,001966
минимум 2,239527 0,000487
изучение 3,338139 0,000725
aekkyŏn 5,129899 0,000557
учетный 0,986764 0,000107
присваиваться 3,743604 0,000813
много 0,735450 0,000799
чхве 4,436752 0,006265
наноситься 3,183989 0,000346
представиться 0,986764 0,000107
мфт 5,129899 0,001672
литл 5,129899 0,000557
затем 1,301257 0,000565
атаковать 1,871802 0,000407
корейский 2,134166 0,007418
kibon 5,129899 0,000557
салатский 5,129899 0,001114
офицер 2,932674 0,000319
иль 5,129899 0,001672
survey 5,129899 0,000557
updat 3,338139 0,000363
зритель 1,518981 0,000165
матсоги 5,129899 0,000557
kang 5,129899 0,000557
birthday 4,436752 0,000482
означать 2,185460 0,000237
no 1,911023 0,000415
оранжевый 3,183989 0,000346
ස 1,834062 0,000199
ошибка 0,576022 0,000063
денисенко 5,129899 0,000557
вопрос 1,104547 0,000120
schedul 3,743604 0,000407
sipjin 5,129899 0,000557
чосон 5,129899 0,002229
германий 0,723179 0,000079
игра 0,112619 0,000208
jook 5,129899 0,001114
поскольку 1,728701 0,001127
произвести 2,732003 0,000297
атлет 1,951845 0,000424
joon 5,129899 0,000557
of 1,695912 0,000553
deutsch 1,052361 0,000114
руководствоваться 5,129899 0,000557
марта 0,853233 0,000556
oh 4,436752 0,000964
jhang 5,129899 0,000557
имя 1,178655 0,000128
датский 1,368699 0,000149
вращение 3,743604 0,000407
ставить 2,296685 0,000499
присутствовать 1,951845 0,000424
or 3,338139 0,000725
больший 0,457070 0,000348
джи 4,031286 0,000876
ماز 2,490841 0,000271
поединок 2,085376 0,003398
нечетный 2,827314 0,000307
oz 5,129899 0,000557
дальнейший 1,994404 0,000217
распространение 2,357310 0,000256
событие 0,565551 0,000123
использование 0,277868 0,000181
допустимый 2,644992 0,000287
скиинг 1,762603 0,000191
соревнование 0,411400 0,001430
ph 1,762603 0,000191
файтинг 5,129899 0,000557
общественный 2,038856 0,000221
po 5,129899 0,000557
хангыль 5,129899 0,000557
rulaw 5,129899 0,001114
продолжение 2,564949 0,000279
лицензия 0,971016 0,000105
терять 2,185460 0,000237
практиковаться 3,743604 0,000407
тёрнинг 5,129899 0,000557
архивный 1,518981 0,000165
급 5,129899 0,000557
черный 1,994404 0,004333
injuri 3,743604 0,000813
witold 5,129899 0,000557
фаланга 4,436752 0,000482
угол 2,421849 0,001052
представлять 1,217876 0,000926
зимний 0,663991 0,000072
сфера 2,038856 0,000221
карточка 1,951845 0,000212
ряд 1,198073 0,000260
страница 0,910391 0,000791
неизбежный 4,436752 0,000482
сам 0,747872 0,000406
сан 2,038856 0,000664
запись 0,910391 0,000099
qr 0,986764 0,000107
пхумсэ 5,129899 0,003343
трактованию 5,129899 0,000557
квалификация 1,695912 0,000184
санный 1,301257 0,000141
сохранение 0,971016 0,000105
吴语 1,238078 0,000134
фристайл 1,238078 0,000403
удаться 1,994404 0,000433
применение 2,085376 0,000453
дать 0,608110 0,001321
переднестоящюю 5,129899 0,000557
пресс 0,895792 0,000097
персональный 0,723179 0,000079
ænglisc 2,564949 0,000279
неблагоприятный 4,031286 0,000438
действовать 0,825834 0,000269
сходство 4,031286 0,000438
ru 0,285712 0,000093
организовать 1,466337 0,000159
смысл 3,183989 0,000692
присуждаться 2,827314 0,000614
смочь 1,069456 0,000232
himchari 5,129899 0,000557
третий 1,238078 0,000403
чхиль 5,129899 0,000557
sun 4,031286 0,000876
jensen 4,031286 0,000438
sa 0,986764 0,000322
cottag 5,129899 0,001114
se 4,031286 0,000438
дата 0,799165 0,004775
вернуться 0,986764 0,000107
makgi 5,129899 0,000557
nynorsk 1,546380 0,000168
sh 1,797694 0,000195
того 0,955511 0,001453
so 5,129899 0,000557
проводить 0,910391 0,000593
солнечный 4,031286 0,000438
китайский 1,069456 0,000581
intern 2,357310 0,002561
вариативность 5,129899 0,000557
español 1,019025 0,000111
специалист 1,797694 0,000781
соучредитель 4,031286 0,000438
профессор 3,520461 0,000382
спид 1,762603 0,000191
литература 1,695912 0,000368
ong 5,129899 0,000557
итф 5,129899 0,003901
россия 0,139466 0,000197
перестать 2,644992 0,000287
существенно 2,932674 0,000956
тест 1,546380 0,000168
winaray 2,490841 0,000271
станок 3,520461 0,000382
tagalog 1,911023 0,000208
emerg 4,031286 0,000438
bosanski 1,345709 0,000146
свой 0,586604 0,000191
th 2,185460 0,000237
ti 5,129899 0,003343
свое 0,457070 0,000149
зенцов 5,129899 0,000557
куда 2,564949 0,000557
январь 0,786093 0,001025
to 2,038856 0,000221
настольный 1,198073 0,000130
устройство 2,827314 0,000614
казахстан 1,217876 0,000265
кореец 4,031286 0,000438
pyongwon 5,129899 0,000557
рождение 1,518981 0,000165
колледж 2,827314 0,000307
ua 3,520461 0,000765
клинч 4,031286 0,001314
палка 3,050457 0,000331
круговой 3,050457 0,000331
countri 4,031286 0,000438
ul 5,129899 0,000557
популярность 1,797694 0,000781
us 2,038856 0,000221
заднестоящей 5,129899 0,001114
untold 5,129899 0,000557
бакулев 5,129899 0,000557
ход 1,279751 0,000139
norsk 1,052361 0,000229
дальневосточный 4,436752 0,000482
чхаги 5,129899 0,011702
brake 5,129899 0,000557
штрафной 2,038856 0,000443
сей 2,421849 0,000263
защитно 5,129899 0,000557
причина 1,368699 0,000446
кван 5,129899 0,000557
флаг 0,895792 0,000097
vs 3,050457 0,000331
правонаследники 5,129899 0,000557
разбивание 5,129899 0,004458
ударный 3,338139 0,001450
волшебный 1,695912 0,000184
бумажный 4,436752 0,000482
мастер 1,518981 0,002145
аллен 4,031286 0,000438
imprint 5,129899 0,000557
попасть 1,140915 0,000124
polski 1,035554 0,000112
wa 5,129899 0,000557
gae 5,129899 0,001672
тайсё 5,129899 0,000557
куби 5,129899 0,001114
куккивон 5,129899 0,003343
куккивоне 5,129899 0,000557
kim 4,436752 0,000964
кыпов 5,129899 0,000557
куккивона 5,129899 0,000557
хон 4,436752 0,015422
dang 5,129899 0,001114
упражнение 2,490841 0,000271
wt 4,436752 0,011567
делегировать 3,743604 0,000407
рейтинг 0,524729 0,000399
формальный 3,050457 0,004308
org 0,986764 0,000965
teach 4,436752 0,000482
сыграть 0,839439 0,000091
sŏul 5,129899 0,000557
геймпадом 5,129899 0,000557
зависеть 2,185460 0,000237
некоммерческий 0,986764 0,000107
великобритания 1,664163 0,000362
желтый 1,834062 0,000797
любой 1,238078 0,000807
ояма 5,129899 0,000557
walon 2,827314 0,000307
чучхе 5,129899 0,001114
оригинальный 2,827314 0,000921
xx 1,546380 0,000168
правильность 3,743604 0,000407
мяч 0,735450 0,000080
красота 3,050457 0,000331
естественный 2,827314 0,000307
учтивость 5,129899 0,000557
указание 0,986764 0,000214
кардинальный 3,050457 0,000331
хёнами 5,129899 0,000557
кость 3,183989 0,001038
показательный 1,279751 0,000417
томный 5,129899 0,001114
устареть 3,050457 0,000994
yi 5,129899 0,000557
српски 1,035554 0,000112
объединить 1,994404 0,000433
литературный 3,743604 0,000407
kkt 5,129899 0,000557
син 5,129899 0,000557
членство 3,183989 0,000346
оказаться 1,441019 0,000157
предложение 2,239527 0,000243
около 1,518981 0,000495
двоеборье 1,217876 0,000132
служба 1,279751 0,000139
здоровье 1,323236 0,000144
заниматься 1,574551 0,001026
тело 1,762603 0,000957
заднестоящая 5,129899 0,000557
противник 2,239527 0,000730
белый 1,574551 0,001368
иерархия 3,520461 0,000382
ски 1,069456 0,000116
тяжесть 2,932674 0,000319
onnuri 5,129899 0,000557
тансудо 5,129899 0,003901
выдавать 3,183989 0,000692
квота 4,031286 0,003503
ручной 3,338139 0,000725
feder 2,732003 0,003561
пхум 5,129899 0,001672
паккат 5,129899 0,000557
сотрясение 4,436752 0,000482
максимум 2,827314 0,000307
south 3,520461 0,000382
континентальный 1,871802 0,002440
безопасность 2,296685 0,000998
yook 5,129899 0,001114
yool 5,129899 0,000557
хук 4,031286 0,000876
лыжный 0,675551 0,000147
который 0,325878 0,001310
идея 1,871802 0,000203
юниор 1,345709 0,001023
постоянный 0,881403 0,000096
конькобежный 1,140915 0,000124
искусство 2,296685 0,007734
легкий 0,895792 0,000195
наталья 3,050457 0,000331
gen 4,436752 0,000482
преподавание 4,031286 0,000438
например 1,603538 0,001045
رونی 2,490841 0,000271
türkçe 1,052361 0,000114
королевский 3,050457 0,000331
power 3,183989 0,000346
победа 0,420369 0,000228
привести 1,466337 0,000319
знание 1,951845 0,000212
защищаться 2,564949 0,000279
паратхэквондо 2,490841 0,000271
политический 2,932674 0,000956
частный 4,436752 0,000482
bikkak 5,129899 0,000557
случай 0,867219 0,001036
сми 1,546380 0,000168
кадет 5,129899 0,000557
lead 4,031286 0,000438
соколов 3,050457 0,000331
help 4,436752 0,000482
америка 1,279751 0,000278
cebuano 2,932674 0,000319
жилет 4,436752 0,001928
палец 2,732003 0,000594
yong 5,129899 0,000557
периметр 3,743604 0,000407
союз 1,301257 0,000283
несколько 0,971016 0,000738
rumagnòl 4,031286 0,000438
athlet 2,932674 0,000319
небраска 5,129899 0,001114
начало 0,760451 0,000413
фактический 3,743604 0,000407
располагаться 1,951845 0,000212
дух 3,050457 0,001657
тоджан 5,129899 0,001114
духовная 3,743604 0,000407
свежий 0,839439 0,000091
комплекс 2,421849 0,005525
использовать 0,940244 0,001123
tae 5,129899 0,005015
задний 2,421849 0,000526
золотой 1,002764 0,000109
본부 5,129899 0,001672
любитель 1,238078 0,000134
xiv 2,490841 0,000271
апрель 0,986764 0,002037
внешний 1,104547 0,000240
основатель 2,564949 0,001950
начинать 1,140915 0,000124
количество 0,853233 0,001205
бейсбол 1,416327 0,000308
аля 2,827314 0,000307
ама 4,031286 0,000438
влияние 2,644992 0,000287
орган 2,134166 0,000232
поклон 4,436752 0,000482
нет 0,825834 0,002422
называться 1,603538 0,000174
обязать 2,038856 0,000221
коро 5,129899 0,000557
мужчина 0,812411 0,000441
даже 1,198073 0,000260
dave 4,436752 0,000482
кора 4,436752 0,002410
статистика 0,630089 0,000068
невозможно 2,564949 0,000279
понимать 2,644992 0,000287
kukkiwon 5,129899 0,000557
februari 4,436752 0,000482
тхыль 5,129899 0,000557
മലയ 1,695912 0,000184
значительно 1,911023 0,000415
당수도 5,129899 0,002229
завершиться 1,728701 0,000188
защитный 2,644992 0,001437
ульяновск 3,743604 0,000407
сократить 2,564949 0,000557
выпуск 2,134166 0,000232
информация 0,608110 0,000132
травма 1,122566 0,000854
легкое 2,732003 0,000297
одежда 2,827314 0,000307
проникать 5,129899 0,000557
наука 2,732003 0,000594
захват 3,520461 0,000382
квалификационный 2,085376 0,001586
кыргызча 2,085376 0,000227
голеностопный 5,129899 0,000557
проверить 1,368699 0,000149
приравниваться 3,520461 0,000382
переть 0,359214 0,000702
источник 0,786093 0,000171
