кук 0,971016 0,003735
покрыть 3,050457 0,011733
лицензия 0,971016 0,003735
специальный 1,217876 0,004684
случайный 0,986764 0,003795
новый 0,239550 0,000921
указание 0,986764 0,003795
поведение 0,839439 0,003229
экспорт 0,986764 0,003795
снаряд 2,490841 0,009580
получить 0,384967 0,001481
еще 0,167054 0,000643
спорт 0,125952 0,000484
язык 0,925206 0,003558
просмотр 0,925206 0,003558
навигация 0,986764 0,011386
страница 0,910391 0,031514
заснеженный 5,129899 0,019730
мочь 0,350775 0,001349
https 0,699082 0,002689
этот 0,350775 0,001349
со 0,447767 0,003444
запись 0,910391 0,003502
qr 0,986764 0,003795
отдельный 0,955511 0,003675
разработчик 0,971016 0,003735
связанный 0,786093 0,003023
заявление 0,799165 0,003074
мобильный 0,555188 0,002135
ноябрь 0,955511 0,003675
index 0,986764 0,003795
связаться 0,867219 0,003335
вклад 0,955511 0,003675
избранный 0,955511 0,003675
в 0,017911 0,000344
текст 0,925206 0,003558
сохранение 0,971016 0,003735
викимедиа 0,986764 0,003795
подробный 0,687247 0,002643
содержание 0,955511 0,003675
и 0,023953 0,000092
creativ 0,986764 0,003795
год 0,099461 0,000383
к 0,132686 0,001021
о 0,042302 0,000325
персональный 0,723179 0,002781
с 0,036149 0,000695
она 0,597299 0,002297
перейти 0,586604 0,004512
ru 0,285712 0,001099
действовать 0,825834 0,003176
снег 2,644992 0,010173
элемент 0,925206 0,003558
скачать 0,895792 0,006891
дополнительный 0,940244 0,003616
спортивный 0,301585 0,001160
постоянный 0,881403 0,003390
спуск 3,050457 0,023465
sa 0,986764 0,003795
скоростной 2,564949 0,019730
вернуться 0,986764 0,003795
доска 3,183989 0,024492
раз 0,485508 0,001867
by 0,971016 0,003735
вы 0,309617 0,002382
wikipedia 0,986764 0,007590
пожалуйста 1,633391 0,006282
русский 0,760451 0,002925
слово 1,035554 0,003983
ответственность 0,895792 0,003445
код 0,971016 0,007469
cc 0,986764 0,003795
отредактировать 0,986764 0,003795
проект 0,457070 0,003516
текущий 0,867219 0,003335
версия 0,393700 0,003028
инструмент 0,881403 0,006780
случай 0,867219 0,003335
url 0,986764 0,003795
склон 4,031286 0,031010
создать 0,773190 0,002974
его 0,447767 0,001722
энциклопедия 0,986764 0,003795
доступный 0,955511 0,003675
зарегистрировать 0,711058 0,002735
w 0,955511 0,003675
соответствующий 1,695912 0,006523
сантиметр 0,955511 0,007350
имитация 4,436752 0,017064
нужный 1,834062 0,007054
php 0,986764 0,003795
чтобы 0,773190 0,002974
также 0,663991 0,002554
войти 0,608110 0,002339
начало 0,760451 0,002925
или 0,576022 0,004431
печать 0,955511 0,007350
знак 0,986764 0,003795
викиданных 0,986764 0,003795
мы 0,195425 0,000752
участие 0,457070 0,001758
фонд 0,895792 0,003445
на 0,023953 0,000369
другой 0,188256 0,002172
свежий 0,839439 0,003229
политик 0,224624 0,000864
сюда 0,986764 0,007590
обсуждение 0,867219 0,006671
не 0,099461 0,000383
алфавит 1,159607 0,004460
заглавный 0,986764 0,003795
titl 0,986764 0,003795
учетный 0,986764 0,003795
организация 0,663991 0,002554
сноуборд 1,178655 0,031733
цитировать 0,925206 0,003558
добавить 1,518981 0,005842
товарный 0,986764 0,003795
представиться 0,986764 0,003795
правка 0,986764 0,007590
история 0,270086 0,001039
длить 0,146292 0,001125
категория 0,881403 0,003390
конфиденциальность 0,293617 0,001129
об 0,217244 0,000836
система 0,799165 0,003074
читать 0,555188 0,002135
отказ 0,839439 0,003229
page 0,986764 0,003795
справка 0,986764 0,003795
короткий 0,699082 0,002689
список 0,986764 0,003795
вид 0,393700 0,001514
название 1,035554 0,007966
snowboard 5,129899 0,039461
поиск 0,711058 0,008205
англ 1,159607 0,008920
от 0,160085 0,000616
форум 0,867219 0,003335
ошибка 0,576022 0,002215
попасть 1,140915 0,004388
значение 1,258698 0,014523
статистика 0,630089 0,002423
oldid 0,986764 0,003795
служебный 0,955511 0,003675
уточнить 3,050457 0,011733
кодекс 0,971016 0,003735
пожертвовать 0,940244 0,003616
как 0,232059 0,001785
common 0,986764 0,003795
править 0,544931 0,006288
википедия 0,986764 0,003795
сведение 0,786093 0,003023
условие 0,334108 0,003855
словосочетание 3,520461 0,013540
так 0,597299 0,002297
указывать 2,827314 0,010874
по 0,073653 0,000850
inc 0,986764 0,003795
последний 0,376309 0,001447
associ 0,986764 0,003795
ссылка 0,699082 0,013444
org 0,986764 0,003795
свободный 0,867219 0,003335
событие 0,565551 0,002175
использование 0,277868 0,001069
некоммерческий 0,986764 0,003795
статья 0,495170 0,013331
если 0,675551 0,002598
pdf 0,940244 0,003616
материал 0,309617 0,001191
авторство 0,986764 0,003795
wikimedia 0,986764 0,003795
сообщить 0,447767 0,001722
примечание 1,002764 0,003857
сообщество 0,910391 0,003502
описание 0,881403 0,003390
википедии 0,986764 0,011386
быть 0,119263 0,000459
foundat 0,986764 0,003795
источник 0,786093 0,003023
из 0,106018 0,000816
