леонид 2,732003 0,001481
банк 2,490841 0,001350
дельта 4,436752 0,002405
новый 0,239550 0,000390
день 0,699082 0,000379
поведение 0,839439 0,002275
образ 1,178655 0,000639
калин 4,031286 0,002185
академия 1,834062 0,020876
тур 1,159607 0,001886
сильвие 5,129899 0,005561
record 2,932674 0,001590
legalbet 4,436752 0,002405
обзор 1,911023 0,009322
ребенок 1,323236 0,001434
центр 0,773190 0,000838
прищеп 5,129899 0,005561
posit 1,951845 0,001058
шинник 2,732003 0,002962
вратарь 1,323236 0,003586
сунгатулин 5,129899 0,008341
полный 0,940244 0,002038
контур 5,129899 0,002780
александр 0,839439 0,001820
пол 0,910391 0,000987
тв 1,633391 0,004427
а 0,209918 0,000228
дубай 2,185460 0,001185
б 1,466337 0,000795
авиалиния 4,436752 0,002405
в 0,017911 0,000272
г 0,925206 0,002507
лео 5,129899 0,002780
подробный 0,687247 0,001490
left 2,085376 0,001130
фото 0,799165 0,002599
и 0,023953 0,000402
связь 0,747872 0,000405
й 0,825834 0,000448
к 0,132686 0,000072
м 0,534779 0,004638
о 0,042302 0,000275
п 1,086847 0,001178
с 0,036149 0,000235
рсг 5,129899 0,002780
тц 5,129899 0,002780
передаваться 2,932674 0,001590
определить 1,301257 0,000705
область 1,633391 0,001771
сезон 0,723179 0,004312
бомбер 4,436752 0,002405
разгар 4,436752 0,002405
объектив 5,129899 0,002780
они 0,524729 0,000284
kvecz 5,129899 0,002780
родина 2,296685 0,002490
радмира 5,129899 0,005561
ендальцев 5,129899 0,002780
сатучин 5,129899 0,002780
футбол 0,247097 0,000134
местоположение 4,436752 0,002405
тимофей 2,827314 0,001532
титульный 2,185460 0,001185
деловой 3,338139 0,001809
тимур 3,050457 0,003307
ул 2,732003 0,010365
успеть 3,050457 0,003307
информационный 1,122566 0,000608
гонсалу 4,436752 0,002405
екатеринбург 2,296685 0,017427
саратов 2,490841 0,002700
этаж 3,338139 0,001809
марков 3,743604 0,010145
проект 0,457070 0,000248
селихов 4,436752 0,007214
социальный 1,603538 0,006084
ооо 1,871802 0,004058
footballmania 5,129899 0,005561
фк 1,951845 0,019042
мелбет 1,762603 0,000955
главный 0,565551 0,007050
режим 2,644992 0,002867
развернуть 3,520461 0,001908
также 0,663991 0,000720
фронт 3,520461 0,001908
фс 2,085376 0,001130
чай 4,436752 0,002405
подробность 2,239527 0,002428
дмитрий 1,258698 0,003411
алферов 5,129899 0,002780
погибнуть 2,421849 0,001313
рифович 5,129899 0,002780
символика 2,732003 0,007404
молочный 5,129899 0,002780
джабаль 5,129899 0,002780
ekt 5,129899 0,002780
div 2,357310 0,001278
байбенков 5,129899 0,002780
изменение 1,345709 0,000729
обогреватель 5,129899 0,002780
мороз 2,564949 0,002780
info 1,951845 0,002116
хладокомбинат 5,129899 0,002780
en 2,932674 0,001590
рфс 2,564949 0,001390
акционер 3,050457 0,003307
иванисеня 5,129899 0,005561
завод 3,050457 0,001653
запланирвоана 5,129899 0,002780
яков 3,520461 0,001908
мигел 5,129899 0,005561
fc 2,085376 0,004521
мерч 5,129899 0,008341
купить 1,994404 0,005405
famili 4,436752 0,002405
видео 0,699082 0,000758
денис 2,296685 0,001245
академический 1,546380 0,000838
бегич 5,129899 0,008341
хайнецкий 5,129899 0,005561
учредитель 1,994404 0,001081
hard 3,743604 0,002029
вебмотор 5,129899 0,002780
персонал 2,827314 0,022986
часть 1,104547 0,000599
воронеж 2,732003 0,001481
последний 0,376309 0,000204
six 3,743604 0,002029
завершить 1,052361 0,001711
синара 5,129899 0,008341
ссылка 0,699082 0,000379
коммуникация 2,134166 0,001157
минута 0,940244 0,001019
филипенко 5,129899 0,005561
момент 0,910391 0,000987
флагманский 5,129899 0,002780
фотина 5,129899 0,002780
харин 4,436752 0,004809
арсенал 1,323236 0,001434
букмекер 1,140915 0,000618
июль 1,019025 0,002762
антидопинг 3,183989 0,008629
сидоров 4,436752 0,002405
форэс 5,129899 0,002780
хан 4,436752 0,004809
роскомнадзор 2,644992 0,001434
технология 0,786093 0,000426
золкин 4,436752 0,004809
полевой 2,357310 0,001278
betonmobil 5,129899 0,002780
москва 0,576022 0,000937
воспользоваться 2,644992 0,002867
предоставлять 2,932674 0,001590
бондарев 5,129899 0,008341
казанцев 4,031286 0,002185
трансфер 1,492313 0,000809
https 0,699082 0,000379
кулик 3,183989 0,001726
metar 3,338139 0,001809
мобильный 0,555188 0,000301
экскурсия 3,743604 0,010145
ip 5,129899 0,002780
урал 2,038856 0,093931
ковреченков 5,129899 0,002780
ноябрь 0,955511 0,000518
команда 0,262364 0,003555
павел 1,834062 0,001988
тренировочный 1,834062 0,003976
ишков 5,129899 0,008341
должен 0,597299 0,000324
программка 3,743604 0,010145
гонсалвес 5,129899 0,008341
богомольского 5,129899 0,005561
нападать 1,518981 0,003293
юный 2,490841 0,001350
очки 0,940244 0,001019
приезд 3,743604 0,004058
итало 5,129899 0,011122
мартин 2,038856 0,002210
торпедо 1,574551 0,001707
хотеть 1,104547 0,000599
газэнергобанк 5,129899 0,002780
кольцово 5,129899 0,002780
фан 3,338139 0,001809
перейти 0,586604 0,000318
даниил 1,728701 0,003748
программный 4,436752 0,002405
акрон 1,279751 0,001387
youtub 1,797694 0,000974
карапуз 5,129899 0,005561
стройтэк 5,129899 0,002780
группа 1,122566 0,000608
возобновление 2,644992 0,001434
птицефабрика 5,129899 0,002780
холодное 3,338139 0,001809
массовый 1,466337 0,000795
обработка 2,085376 0,001130
бештоев 5,129899 0,002780
еда 2,827314 0,001532
два 0,504926 0,000547
опрос 2,732003 0,007404
кострома 3,050457 0,003307
горнопромышленный 5,129899 0,002780
климентия 5,129899 0,002780
новость 0,285712 0,001084
настроить 3,743604 0,002029
савелий 3,338139 0,005428
сентябрь 1,035554 0,000561
михаил 1,301257 0,002116
доступный 0,955511 0,000518
жизнь 0,881403 0,000478
саркисян 4,436752 0,004809
нельзя 2,296685 0,001245
старт 1,035554 0,000561
отображение 4,436752 0,002405
заруцкий 5,129899 0,002780
или 0,576022 0,000937
малей 5,129899 0,005561
турнир 0,293617 0,000796
память 2,185460 0,007107
ленд 5,129899 0,002780
гостеприимство 5,129899 0,002780
стадион 1,518981 0,010703
политик 0,224624 0,000122
mc 2,421849 0,001313
регистрация 1,871802 0,001015
енисей 2,296685 0,002490
хороший 0,393700 0,001067
тренировка 0,895792 0,000486
окно 2,357310 0,001278
красный 1,069456 0,000580
корректный 5,129899 0,002780
отключить 4,031286 0,002185
alt 2,185460 0,001185
играть 0,895792 0,000486
готовиться 2,296685 0,001245
билет 2,085376 0,006782
вконтакте 1,911023 0,001036
ждать 1,492313 0,001618
программа 0,799165 0,000433
absolut 2,296685 0,001245
медиа 1,834062 0,004970
защитник 1,217876 0,002640
тренерский 1,871802 0,020291
общий 0,986764 0,002674
зритель 1,518981 0,004116
первый 0,317714 0,000344
usta 5,129899 0,002780
рахим 4,031286 0,002185
виталий 2,239527 0,003642
арсений 4,436752 0,002405
февраль 0,202645 0,001757
полузащитник 2,357310 0,005111
камаз 2,732003 0,005923
сокол 2,490841 0,002700
игра 0,112619 0,000427
кейтеринбург 5,129899 0,002780
эрик 3,520461 0,003816
компания 0,971016 0,001053
специализированный 3,183989 0,001726
men 2,932674 0,001590
марта 0,853233 0,000462
против 0,747872 0,000811
акбашев 5,129899 0,008341
фернандо 2,239527 0,002428
голова 1,301257 0,001411
интервью 0,971016 0,000526
где 0,675551 0,000366
src 2,239527 0,001214
издание 1,574551 0,000853
баз 1,664163 0,005412
галкин 5,129899 0,005561
сетевой 2,038856 0,001105
мосин 5,129899 0,008341
событие 0,565551 0,000307
пользователь 1,911023 0,002072
мамин 4,436752 0,012024
ирбитский 5,129899 0,002780
аюп 5,129899 0,008341
мина 2,932674 0,004769
рубин 1,198073 0,000649
чайка 3,050457 0,003307
выезд 2,296685 0,001245
щербак 5,129899 0,002780
ермак 4,436752 0,002405
быть 0,119263 0,000065
александров 3,338139 0,003619
matchday 5,129899 0,002780
px 2,185460 0,001185
молодежный 1,159607 0,000629
манеж 3,050457 0,013227
аэропорт 3,050457 0,001653
арабачян 5,129899 0,005561
ао 2,564949 0,005561
сквозь 3,183989 0,001726
разработка 2,357310 0,001278
сфера 2,038856 0,001105
электронный 2,038856 0,001105
карточка 1,951845 0,002116
ахмедьянов 5,129899 0,002780
страница 0,910391 0,002961
бах 4,031286 0,002185
черноморец 2,732003 0,002962
приобретение 3,183989 0,001726
отечественный 2,185460 0,001185
месяц 1,492313 0,004044
богомольский 5,129899 0,011122
фотоотчёты 5,129899 0,008341
этот 0,350775 0,000380
аренда 1,728701 0,006559
сам 0,747872 0,000811
свидетельство 2,134166 0,001157
брозовский 5,129899 0,002780
уверить 2,085376 0,001130
хабаровск 2,490841 0,002700
prinzip 5,129899 0,002780
сбор 1,368699 0,003709
анонс 2,564949 0,001390
юрий 1,994404 0,005405
илья 1,797694 0,004872
дать 0,608110 0,001978
пресс 0,895792 0,002428
персональный 0,723179 0,000392
почтить 1,279751 0,000694
ru 0,285712 0,000774
станислав 2,490841 0,002700
бикфалви 5,129899 0,005561
барнатович 5,129899 0,002780
эксклюзивный 2,564949 0,002780
кубок 0,376309 0,000204
третий 1,238078 0,000671
спортивный 0,301585 0,000163
спонсор 1,664163 0,012628
игрок 0,711058 0,013489
метина 5,129899 0,002780
челябинск 2,239527 0,003642
показ 3,338139 0,001809
уже 0,687247 0,000372
инфракрасный 5,129899 0,002780
сейвы 4,436752 0,002405
открытие 1,695912 0,000919
ассис 5,129899 0,008341
одноклассник 2,490841 0,001350
магазин 2,038856 0,008841
вы 0,309617 0,000839
зарубина 5,129899 0,005561
паря 1,217876 0,000660
фестиваль 2,564949 0,001390
стол 3,338139 0,009046
весенний 2,827314 0,001532
цель 1,238078 0,000671
выиграть 0,485508 0,000263
факел 2,296685 0,006224
версия 0,393700 0,000427
хрустовского 5,129899 0,013902
узнать 2,134166 0,004627
интернет 1,574551 0,005120
россия 0,139466 0,000076
горячий 2,564949 0,001390
смотреть 1,368699 0,000742
турнирный 1,086847 0,004124
основать 1,466337 0,000795
зарегистрировать 0,711058 0,000385
watch 2,357310 0,001278
макар 2,932674 0,001590
брозэкс 5,129899 0,002780
мегафон 3,743604 0,002029
свое 0,457070 0,000248
штаб 1,664163 0,018040
софья 2,421849 0,001313
встретиться 1,728701 0,000937
январь 0,786093 0,000426
чтобы 0,773190 0,000419
устройство 2,827314 0,001532
tv 2,564949 0,001390
плед 5,129899 0,002780
предупреждать 4,031286 0,002185
бел 3,183989 0,001726
сайт 0,411400 0,001561
seven 4,436752 0,002405
рождение 1,518981 0,000823
великий 2,239527 0,001214
матвей 2,490841 0,002700
руководство 1,301257 0,007053
адрес 1,994404 0,003243
другой 0,188256 0,000204
school 3,338139 0,003619
хатунцев 5,129899 0,002780
работа 1,086847 0,000589
весить 1,911023 0,002072
up 3,743604 0,002029
гажалов 5,129899 0,002780
черноголовка 5,129899 0,002780
рабочий 2,134166 0,005784
сысерть 5,129899 0,002780
сеть 1,258698 0,005458
шмель 4,436752 0,002405
cater 5,129899 0,002780
телефон 1,911023 0,001036
еремин 3,743604 0,002029
erid 2,239527 0,002428
редакция 0,940244 0,001019
опарин 5,129899 0,008341
логотип 2,357310 0,001278
фестивальный 5,129899 0,008341
роскомнадзора 5,129899 0,005561
праздник 2,732003 0,001481
ljn 5,129899 0,005561
репин 5,129899 0,002780
клуб 0,652562 0,010964
харина 5,129899 0,005561
металлургический 5,129899 0,002780
центральный 1,603538 0,000869
сообщение 2,732003 0,001481
нефтехимик 2,732003 0,002962
фортуна 2,421849 0,001313
видеокамера 4,436752 0,002405
жк 4,436752 0,007214
баран 4,436752 0,002405
поражение 1,122566 0,000608
оаэ 2,357310 0,003833
правительство 3,338139 0,001809
латыхов 5,129899 0,002780
pss 5,129899 0,002780
фаниль 5,129899 0,005561
покинуть 1,871802 0,001015
править 0,544931 0,001772
секач 5,129899 0,002780
стильный 3,743604 0,004058
детская 2,421849 0,003938
домашние 2,038856 0,001105
война 1,695912 0,000919
форма 1,086847 0,001767
свердловский 4,031286 0,002185
рейтинг 0,524729 0,000284
олег 1,871802 0,001015
сыграть 0,839439 0,000910
мероприятие 1,762603 0,000955
забитый 2,239527 0,002428
бекетов 5,129899 0,002780
железнов 5,129899 0,008341
никита 1,492313 0,002427
валерий 2,134166 0,001157
киселев 3,338139 0,001809
фнл 2,421849 0,001313
если 0,675551 0,000732
дивизион 2,038856 0,001105
позиция 1,392229 0,001509
желтый 1,834062 0,000994
бетсити 1,633391 0,004427
baden 5,129899 0,002780
честь 1,911023 0,002072
пенальти 2,038856 0,001105
игровой 1,104547 0,001796
линар 4,436752 0,004809
редактор 1,871802 0,001015
днем 2,827314 0,001532
получить 0,384967 0,000209
волга 2,490841 0,002700
контакт 1,035554 0,005613
рыжков 5,129899 0,005561
карагодин 5,129899 0,002780
twitter 3,743604 0,002029
умо 5,129899 0,002780
сим 5,129899 0,002780
faq 4,031286 0,002185
егор 1,951845 0,007405
спартак 0,711058 0,000771
государственный 1,871802 0,002029
холдинг 3,183989 0,003451
тигран 4,031286 0,004370
раида 5,129899 0,002780
гол 1,323236 0,001434
маргасов 4,436752 0,004809
ротор 2,644992 0,002867
ска 1,279751 0,001387
служба 1,279751 0,000694
здоровье 1,323236 0,000717
аит 5,129899 0,002780
технический 1,416327 0,000768
рефтинский 5,129899 0,002780
ковалевский 4,031286 0,002185
право 2,239527 0,002428
ворон 4,436752 0,002405
экран 2,932674 0,001590
год 0,099461 0,000054
style 2,085376 0,001130
максим 1,871802 0,003044
кк 4,031286 0,006555
кузнецов 2,239527 0,003642
международный 0,466460 0,000253
забота 3,338139 0,009046
матч 0,293617 0,005729
октябрь 1,019025 0,001105
мая 0,986764 0,002139
dednik 5,129899 0,002780
fest 5,129899 0,002780
обои 5,129899 0,013902
футбольный 1,345709 0,010941
скайбоксы 5,129899 0,002780
динамо 0,663991 0,002159
артем 1,951845 0,008463
трубный 5,129899 0,002780
победа 0,420369 0,000228
гостевой 2,421849 0,001313
поступление 3,743604 0,010145
грант 4,436752 0,004809
футболка 2,296685 0,003734
фоторепортаж 3,743604 0,002029
предстоящий 2,239527 0,003642
kfpba 5,129899 0,002780
петр 1,392229 0,003773
роман 1,797694 0,001949
сми 1,546380 0,004191
акция 2,357310 0,002555
соколов 3,050457 0,001653
такой 0,735450 0,000399
деть 0,619039 0,000336
вместе 1,178655 0,000639
арена 1,104547 0,010177
инфраструктура 2,564949 0,006951
иван 1,603538 0,006084
коллаборация 4,436752 0,002405
лига 0,325878 0,000883
cooki 2,564949 0,001390
евгения 1,178655 0,001278
русый 1,368699 0,000742
генеральный 1,664163 0,001804
вакансия 2,357310 0,006388
болельщик 1,086847 0,009425
на 0,023953 0,000247
шейнкмана 5,129899 0,002780
свежий 0,839439 0,000910
тот 0,393700 0,000213
использовать 0,940244 0,000510
не 0,099461 0,000108
календарь 0,675551 0,004394
бардачёв 4,436752 0,007214
товарищеский 1,994404 0,006486
гринвич 5,129899 0,005561
организация 0,663991 0,000360
бикмухаметов 5,129899 0,002780
смартфон 2,732003 0,001481
розыгрыш 1,762603 0,000955
шахматов 5,129899 0,005561
уральский 3,338139 0,003619
обеспечение 3,183989 0,003451
история 0,270086 0,000732
footbal 2,239527 0,001214
таблица 0,711058 0,002698
апрель 0,986764 0,000535
малькевич 5,129899 0,008341
появление 2,239527 0,001214
длить 0,146292 0,001982
школа 1,492313 0,010515
клубный 1,416327 0,000768
яндекс 2,490841 0,001350
об 0,217244 0,000118
аля 2,827314 0,001532
девелопмент 5,129899 0,002780
владимир 1,392229 0,000755
мгн 3,743604 0,008116
напиток 3,183989 0,001726
орган 2,134166 0,002313
федеральный 1,834062 0,000994
владислав 2,038856 0,005525
ural 4,436752 0,014428
img 2,185460 0,001185
переходить 2,185460 0,002369
от 0,160085 0,000087
форум 0,867219 0,002820
секулич 5,129899 0,008341
контактный 2,421849 0,002625
дикарев 4,436752 0,002405
статистика 0,630089 0,002391
официальный 0,735450 0,002392
застройщик 5,129899 0,005561
евраз 5,129899 0,002780
холод 4,031286 0,002185
все 0,067304 0,000219
бондаренко 4,031286 0,004370
алексей 1,140915 0,001237
трц 5,129899 0,002780
бажовия 5,129899 0,016683
продажа 2,239527 0,001214
pari 1,546380 0,000838
абонемент 3,338139 0,010856
по 0,073653 0,000359
встреча 1,368699 0,001484
расписание 1,664163 0,005412
информация 0,608110 0,003296
достижение 1,279751 0,003468
telegram 2,357310 0,001278
кордейру 5,129899 0,005561
маломобильный 5,129899 0,013902
немой 1,416327 0,000768
низ 4,436752 0,002405
надзор 2,357310 0,001278
оборудование 2,827314 0,001532
партнер 1,159607 0,006285
yandex 2,239527 0,001214
яркий 1,762603 0,001911
второй 0,576022 0,000312
уфа 2,134166 0,002313
