com 0,925206 0,008335
получение 2,085376 0,018787
альбом 3,338139 0,030073
без 0,466460 0,004202
личный 2,732003 0,024613
наш 0,652562 0,005879
или 0,576022 0,005189
сайт 0,411400 0,007413
регистрациярегистрация 5,129899 0,046215
до 0,239550 0,004316
многий 2,296685 0,020691
электронный 2,038856 0,018368
седжин 5,129899 0,046215
другой 0,188256 0,001696
изменение 1,345709 0,024247
каждый 0,812411 0,007319
со 0,447767 0,004034
отправка 3,050457 0,027482
мониторинг 5,129899 0,046215
загрузить 1,994404 0,017968
отсутствие 1,664163 0,014992
вставка 3,743604 0,033726
почта 2,185460 0,019689
полный 0,940244 0,008471
блог 2,357310 0,021237
изображение 2,239527 0,141231
тариф 5,129899 0,046215
длить 0,146292 0,003954
количество 0,853233 0,007687
в 0,017911 0,000645
реклама 0,687247 0,006191
параметр 2,490841 0,022440
и 0,023953 0,001079
год 0,099461 0,000896
обновление 2,185460 0,019689
vfl 5,129899 0,092431
временить 1,140915 0,010279
кабинет 3,050457 0,027482
с 0,036149 0,000326
ru 0,285712 0,005148
мессенджер 4,436752 0,039971
поддержка 1,546380 0,013931
форум 0,867219 0,007813
озон 5,129899 0,046215
один 0,342407 0,003085
ping 4,436752 0,039971
нужно 1,492313 0,013444
admin 5,129899 0,046215
работать 1,518981 0,013685
дизайн 2,490841 0,022440
фотохостинг 5,129899 0,138646
уже 0,687247 0,006191
хранение 2,564949 0,023108
раз 0,485508 0,004374
следующий 0,853233 0,007687
это 0,181139 0,001632
за 0,125952 0,001135
условие 0,334108 0,003010
программирование 5,129899 0,046215
возможность 1,279751 0,023059
необходимый 2,357310 0,021237
по 0,073653 0,001327
ссылка 0,699082 0,006298
проект 0,457070 0,004118
загрузка 3,338139 0,120293
пользователь 1,911023 0,034433
группировка 3,338139 0,030073
использование 0,277868 0,002503
доступный 0,955511 0,008608
зарегистрировать 0,711058 0,012812
удаление 2,038856 0,018368
мб 5,129899 0,046215
только 0,447767 0,004034
автоматический 2,932674 0,026420
войтивойти 5,129899 0,046215
концепция 3,183989 0,028685
зарегистрироваться 2,932674 0,026420
чтобы 0,773190 0,006966
любой 1,238078 0,011154
переть 0,359214 0,003236
войти 0,608110 0,005478
ограничение 1,834062 0,016523
