асланбек 5,129899 0,005836
финал 0,699082 0,001591
день 0,699082 0,000795
образ 1,178655 0,001341
рпл 1,140915 0,002596
пояс 2,564949 0,005836
вызов 2,357310 0,002682
еще 0,167054 0,001140
происходить 1,466337 0,001668
ангел 4,436752 0,005047
теннис 0,475938 0,001624
выйти 0,773190 0,002639
обзор 1,911023 0,002174
со 0,447767 0,001019
центр 0,773190 0,000880
юлаева 4,031286 0,004586
усман 4,031286 0,004586
карпин 3,050457 0,006941
потанин 4,031286 0,009172
предложить 1,441019 0,001639
карседо 3,338139 0,003798
александр 0,839439 0,000955
а 0,209918 0,000716
обыграть 1,122566 0,001277
б 1,466337 0,001668
в 0,017911 0,000672
яна 1,834062 0,002087
г 0,925206 0,002105
д 0,895792 0,001019
реклама 0,687247 0,000782
и 0,023953 0,000463
интер 1,633391 0,003716
к 0,132686 0,000453
о 0,042302 0,000144
с 0,036149 0,000535
автоспорт 3,338139 0,011393
четвертьфинал 1,279751 0,001456
у 0,342407 0,000390
экс 1,994404 0,002269
британец 2,490841 0,002834
сезон 0,723179 0,000823
они 0,524729 0,000597
валиев 2,185460 0,009945
бенфика 2,644992 0,003009
я 0,747872 0,001702
футбол 0,247097 0,001124
атлетика 0,955511 0,003261
ул 2,732003 0,003108
бенфику 2,932674 0,003336
шаг 2,038856 0,002320
дело 1,664163 0,001893
хабиб 2,296685 0,007839
этаж 3,338139 0,003798
проект 0,457070 0,000520
боец 1,797694 0,006135
единственный 1,392229 0,001584
атлетико 1,911023 0,004348
про 1,301257 0,001480
мадридский 3,050457 0,003470
доиграться 5,129899 0,005836
главный 0,565551 0,000643
туда 3,338139 0,003798
фс 2,085376 0,002372
прежде 2,185460 0,002486
псж 1,518981 0,003456
isu 1,603538 0,001824
россиянин 0,971016 0,002209
успокоиться 4,436752 0,005047
показать 0,504926 0,002872
победить 0,699082 0,002386
крутой 2,239527 0,007643
отсутствие 1,664163 0,003786
овертайма 4,031286 0,004586
юлаев 2,185460 0,002486
судья 1,035554 0,001178
счет 0,799165 0,001818
тяжеловес 3,520461 0,004005
расизм 3,183989 0,003622
тяжелый 0,940244 0,001070
сколько 1,834062 0,002087
отказ 0,839439 0,000955
вендел 2,490841 0,005667
дэвис 1,633391 0,001858
авербухом 5,129899 0,005836
доминиканский 3,743604 0,004259
родные 3,338139 0,003798
полностью 1,546380 0,001759
чехия 1,258698 0,008592
камил 2,239527 0,005096
видео 0,699082 0,000795
посетить 2,421849 0,002755
биатлон 0,485508 0,001657
перенести 1,633391 0,001858
геннадий 2,421849 0,002755
эфир 1,695912 0,001929
нацелиться 4,436752 0,005047
последний 0,376309 0,000428
завершить 1,052361 0,002394
улыбаться 5,129899 0,005836
аккерман 5,129899 0,011672
шанхайский 2,564949 0,005836
эпоха 2,085376 0,002372
помочь 1,238078 0,001409
букмекер 1,140915 0,003894
тереть 0,786093 0,000894
сша 0,586604 0,001335
потерять 1,951845 0,004441
остаться 1,301257 0,002961
уйти 1,392229 0,001584
киберспорт 1,762603 0,006016
анатолия 2,357310 0,002682
хоккейный 1,416327 0,001611
случиться 2,038856 0,002320
зрение 2,296685 0,005226
москва 0,576022 0,000655
джентельмен 5,129899 0,011672
трансфер 1,492313 0,001698
недопуском 5,129899 0,005836
скучный 3,743604 0,004259
амбиция 3,743604 0,004259
лицо 1,695912 0,001929
офф 1,019025 0,001159
должен 0,597299 0,000680
зато 3,183989 0,003622
поставить 1,633391 0,001858
фанат 1,762603 0,004010
возвращение 1,466337 0,001668
являться 1,019025 0,001159
зенит 0,867219 0,000987
pfl 2,421849 0,005510
нападать 1,518981 0,001728
тарасов 2,827314 0,006433
торпедо 1,574551 0,003583
реал 1,416327 0,006445
хотеть 1,104547 0,005026
нурмагомед 2,357310 0,008045
японский 2,296685 0,002613
гретцки 3,050457 0,006941
стать 0,217244 0,000247
работать 1,518981 0,003456
кросби 1,994404 0,006807
вальдо 5,129899 0,005836
прическа 4,436752 0,005047
отлучать 5,129899 0,005836
легендарный 1,871802 0,002129
слово 1,035554 0,003534
увольнять 4,436752 0,005047
kp 3,338139 0,007595
новость 0,285712 0,000650
синий 1,834062 0,002087
законодательство 2,932674 0,003336
его 0,447767 0,001528
тренер 0,555188 0,001263
жизнь 0,881403 0,001003
брат 2,134166 0,002428
выгнать 3,050457 0,003470
бизнесмен 3,050457 0,003470
ягудин 3,743604 0,008518
турнир 0,293617 0,000668
лишать 3,338139 0,003798
потому 2,085376 0,007117
стыковой 1,911023 0,002174
относиться 1,368699 0,001557
эл 2,134166 0,002428
отстоять 2,827314 0,003217
канал 1,416327 0,001611
северсталь 2,038856 0,004639
уход 1,834062 0,002087
почему 1,122566 0,002554
примерить 4,436752 0,005047
хороший 0,393700 0,001344
брюгге 1,951845 0,004441
пугать 5,129899 0,005836
тренировка 0,895792 0,002038
красный 1,069456 0,002433
когда 0,652562 0,000742
отреагировать 2,085376 0,002372
фигурный 0,514778 0,002343
побить 1,951845 0,006662
общий 0,986764 0,001123
глебов 3,050457 0,006941
высмеять 3,338139 0,003798
шахматы 1,834062 0,006260
зритель 1,518981 0,001728
минск 1,728701 0,003933
помириться 5,129899 0,005836
влюбить 4,436752 0,005047
носов 4,436752 0,005047
февраль 0,202645 0,003228
опубликовать 1,762603 0,002005
недопуск 4,436752 0,005047
буде 2,038856 0,004639
ян 4,436752 0,005047
игра 0,112619 0,000256
марта 0,853233 0,000971
против 0,747872 0,005956
заплатить 2,564949 0,002918
титул 1,301257 0,004441
салават 2,085376 0,004745
интервью 0,971016 0,001105
больший 0,457070 0,000520
где 0,675551 0,000769
издание 1,574551 0,001791
сетевой 2,038856 0,002320
раскрыть 1,871802 0,002129
винисиуса 2,644992 0,003009
неделя 1,217876 0,001386
сменить 1,466337 0,001668
мишин 3,520461 0,004005
хейбати 5,129899 0,011672
быть 0,119263 0,000407
аналитик 2,038856 0,002320
sport 0,760451 0,000865
тутберидзе 2,085376 0,004745
точка 1,762603 0,002005
ничей 1,951845 0,002221
карточка 1,951845 0,002221
спорт 0,125952 0,000573
таки 2,296685 0,002613
этот 0,350775 0,000399
сам 0,747872 0,001702
шоу 1,441019 0,001639
свидетельство 2,134166 0,002428
остановить 1,994404 0,002269
сказать 1,368699 0,001557
раскошелиться 5,129899 0,005836
сборная 0,342407 0,000390
дорожка 2,827314 0,003217
швеция 1,035554 0,002356
сбор 1,368699 0,004671
дракон 2,421849 0,005510
фигуристка 2,239527 0,005096
призвать 2,085376 0,002372
согласный 2,490841 0,002834
кхл 0,760451 0,008651
ru 0,285712 0,000650
фитнес 1,546380 0,003518
зарабатывать 2,644992 0,003009
спортивный 0,301585 0,000343
во 0,495170 0,000563
вес 2,038856 0,002320
прогноз 1,994404 0,009076
выступление 0,955511 0,003261
российский 0,224624 0,000256
цель 1,238078 0,001409
помещ 5,129899 0,005836
трактор 1,994404 0,004538
приехать 2,134166 0,002428
россия 0,139466 0,000476
смотреть 1,368699 0,015571
рекорд 0,955511 0,004348
зарегистрировать 0,711058 0,000809
ледниковый 2,564949 0,005836
свое 0,457070 0,000520
назвать 0,940244 0,001070
вячеслав 2,185460 0,002486
плей 1,002764 0,001141
без 0,466460 0,001061
поле 1,392229 0,001584
сайт 0,411400 0,000468
американский 0,910391 0,001036
до 0,239550 0,000818
правый 0,971016 0,002209
акосты 4,436752 0,005047
потом 2,564949 0,005836
адрес 1,994404 0,002269
другой 0,188256 0,000214
акосту 5,129899 0,005836
клетка 3,338139 0,003798
весить 1,911023 0,002174
долг 4,031286 0,004586
европа 0,393700 0,000896
амур 2,644992 0,006018
пар 1,416327 0,001611
евро 1,466337 0,001668
телефон 1,911023 0,002174
исток 3,050457 0,003470
моуриньо 5,129899 0,005836
посол 0,301585 0,000686
наказание 2,490841 0,002834
баскетбол 0,723179 0,002468
период 1,035554 0,002356
сибирь 2,038856 0,004639
клуб 0,652562 0,000742
галлямова 4,436752 0,005047
сульянова 4,436752 0,005047
mma 2,038856 0,009278
гуменник 2,564949 0,005836
всегда 1,258698 0,001432
оаэ 2,357310 0,005364
дагестанец 5,129899 0,005836
что 0,195425 0,002446
хлусевича 2,932674 0,003336
бизнес 2,296685 0,005226
за 0,125952 0,000573
унизительный 3,520461 0,004005
канада 0,867219 0,003946
совсем 2,827314 0,003217
трансляция 1,217876 0,009699
дом 1,911023 0,002174
сыграть 0,839439 0,008595
внедрить 4,031286 0,004586
роскомнадзором 3,520461 0,004005
валерий 2,134166 0,002428
плющенко 2,239527 0,005096
мокнуть 1,574551 0,001791
дагестан 3,183989 0,003622
жалоба 2,644992 0,003009
из 0,106018 0,000241
погрязнуть 5,129899 0,005836
наш 0,652562 0,000742
мировой 0,955511 0,002174
редактор 1,871802 0,002129
кардинальный 3,050457 0,003470
показательный 1,279751 0,002912
получить 0,384967 0,001314
контакт 1,035554 0,001178
губерниев 3,743604 0,008518
хоккей 0,285712 0,001300
спартак 0,711058 0,003236
объяснить 1,633391 0,011149
продавать 3,520461 0,004005
восторг 4,031286 0,004586
сделать 0,853233 0,000971
сульянов 5,129899 0,005836
связанный 0,786093 0,000894
гот 2,038856 0,002320
ска 1,279751 0,002912
байер 1,994404 0,004538
серия 0,586604 0,000667
цска 0,711058 0,000809
овечкин 1,695912 0,003859
стоять 3,520461 0,004005
год 0,099461 0,000226
защитить 1,633391 0,003716
полюбить 5,129899 0,005836
обратиться 2,732003 0,003108
бадаев 4,031286 0,009172
матч 0,293617 0,006347
кп 3,743604 0,004259
проползти 5,129899 0,005836
генич 2,644992 0,006018
который 0,325878 0,001112
легкий 0,895792 0,003057
кортес 5,129899 0,011672
олимпиакос 2,085376 0,004745
волк 2,644992 0,006018
динамо 0,663991 0,001511
катар 2,421849 0,002755
победа 0,420369 0,000956
камила 5,129899 0,005836
сослаться 4,031286 0,004586
допинг 1,871802 0,006388
привести 1,466337 0,001668
судейство 1,871802 0,004259
позвать 3,520461 0,004005
рассказать 1,122566 0,001277
петр 1,392229 0,001584
лч 2,185460 0,002486
кошмар 2,827314 0,003217
загитов 2,357310 0,005364
монсон 3,743604 0,004259
полуфинал 1,238078 0,002817
нужный 1,834062 0,002087
глимт 2,038856 0,004639
начало 0,760451 0,000865
лига 0,325878 0,003707
олесь 5,129899 0,005836
зацикливался 5,129899 0,005836
дуэ 3,520461 0,004005
опоздание 2,932674 0,006673
на 0,023953 0,000518
олимпиада 0,576022 0,004587
авербуха 5,129899 0,005836
тот 0,393700 0,000448
не 0,099461 0,000905
форвард 1,871802 0,002129
досрочно 2,421849 0,005510
смартфон 2,732003 0,003108
онлайн 0,773190 0,002639
но 0,402511 0,001832
дарить 3,520461 0,004005
почта 2,185460 0,002486
прокомментировать 2,085376 0,002372
вызвать 1,797694 0,002045
история 0,270086 0,000307
длить 0,146292 0,000166
категория 0,881403 0,001003
дважды 1,574551 0,001791
подписать 1,492313 0,001698
русская 1,797694 0,002045
татьяна 2,932674 0,003336
об 0,217244 0,000247
ои 0,812411 0,003697
худой 2,732003 0,003108
юмористический 5,129899 0,005836
бой 1,279751 0,001456
он 0,475938 0,000541
умереть 2,038856 0,002320
чемпион 0,334108 0,004181
даже 1,198073 0,001363
анисиной 5,129899 0,005836
от 0,160085 0,000546
жулин 4,031286 0,018345
навка 5,129899 0,011672
бокс 0,534779 0,001825
чтоб 5,129899 0,005836
катание 0,514778 0,002343
фигуристый 1,871802 0,002129
схватка 3,050457 0,003470
как 0,232059 0,002376
первое 0,393700 0,000896
вернуть 1,695912 0,001929
внимание 1,695912 0,001929
все 0,067304 0,000613
гореть 3,743604 0,004259
рестарт 3,743604 0,004259
завершиться 1,728701 0,001967
новодмитровская 5,129899 0,005836
выпуск 2,134166 0,002428
достижение 1,279751 0,001456
гуменника 2,564949 0,011672
травма 1,122566 0,002554
легкое 2,732003 0,003108
принять 0,786093 0,001789
ввести 1,695912 0,001929
очень 1,140915 0,001298
ufc 1,441019 0,003279
миллион 1,392229 0,001584
вничью 1,797694 0,002045
маккиннон 2,239527 0,005096
произойти 1,178655 0,001341
восприниматься 5,129899 0,005836
компьютерный 3,338139 0,007595
