поездка 3,520461 0,002651
польский 3,183989 0,002398
иштван 4,436752 0,003341
юхас 5,129899 0,003863
еще 0,167054 0,000503
теннис 0,475938 0,001075
метровка 4,436752 0,003341
река 3,743604 0,002819
ахмат 1,198073 0,001804
литва 2,239527 0,001686
ставка 0,799165 0,001204
успех 1,518981 0,001144
смущать 4,436752 0,003341
под 0,723179 0,001634
поменяться 3,183989 0,002398
предложить 1,441019 0,001085
декабрь 0,853233 0,000642
лайка 4,436752 0,003341
а 0,209918 0,000632
человек 0,940244 0,000708
в 0,017911 0,000863
реклама 0,687247 0,001035
отказаться 1,695912 0,002554
и 0,023953 0,000541
связь 0,747872 0,001689
к 0,132686 0,000500
трёхкратный 3,050457 0,004594
м 0,534779 0,003222
н 0,895792 0,001349
о 0,042302 0,000287
п 1,086847 0,001637
с 0,036149 0,000299
она 0,597299 0,000450
суд 2,421849 0,001824
серебряный 1,368699 0,001031
четверка 3,050457 0,004594
область 1,633391 0,002460
авто 0,925206 0,002090
сезон 0,723179 0,001089
они 0,524729 0,001581
я 0,747872 0,000563
каноэ 1,633391 0,018449
футбол 0,247097 0,000930
китаец 3,050457 0,002297
мир 0,277868 0,003348
пройти 0,544931 0,001231
бум 1,911023 0,002878
резервный 2,932674 0,002208
репортаж 1,633391 0,001230
теперь 0,971016 0,000731
дело 1,664163 0,002506
этап 0,895792 0,000675
организатор 1,951845 0,002940
парижский 3,183989 0,002398
проект 0,457070 0,001033
планировать 2,296685 0,003459
время 0,384967 0,000580
непригодный 5,129899 0,003863
возвращать 3,183989 0,002398
про 1,301257 0,001960
новгород 1,217876 0,001834
мелбет 1,762603 0,002655
сильный 1,198073 0,000902
ранее 1,104547 0,001663
главный 0,565551 0,000852
миланя 2,038856 0,009212
победитель 0,799165 0,001805
проблема 1,122566 0,000845
ситуация 1,392229 0,001048
также 0,663991 0,001500
белорусский 2,296685 0,003459
сергей 1,301257 0,001960
появиться 1,159607 0,000873
одобрить 2,827314 0,002129
украина 1,217876 0,000917
италия 0,524729 0,001185
прошлый 1,518981 0,001144
погибнуть 2,421849 0,001824
вица 2,134166 0,001607
соцсетях 1,466337 0,001104
легко 2,932674 0,002208
снова 1,574551 0,001186
россиянин 0,971016 0,003656
начаться 1,518981 0,001144
зарубежный 1,695912 0,003831
начать 1,279751 0,000964
выступить 1,238078 0,007458
требовать 1,466337 0,001104
показать 0,504926 0,001521
победить 0,699082 0,000526
эйгель 5,129899 0,003863
мма 1,069456 0,002416
австралия 1,664163 0,003759
впоследствии 1,911023 0,001439
въездной 5,129899 0,003863
отбор 2,296685 0,001729
бета 1,834062 0,002762
олимпизм 1,466337 0,003313
счет 0,799165 0,001204
шамшурин 5,129899 0,007726
себя 0,597299 0,000450
олимпийский 0,342407 0,001547
оформить 2,134166 0,001607
читать 0,555188 0,000418
далекий 1,416327 0,002133
некогда 4,436752 0,003341
уверенно 2,490841 0,001876
спортс 1,871802 0,002819
июнь 1,198073 0,003609
надеяться 2,421849 0,001824
совет 0,825834 0,001244
че 3,520461 0,007953
видео 0,699082 0,000526
польша 1,762603 0,001327
академический 1,546380 0,003493
биатлон 0,485508 0,001097
отстранение 2,644992 0,001992
чм 1,492313 0,008990
замечать 5,129899 0,003863
локомотив 0,839439 0,001264
последний 0,376309 0,000283
невозможность 3,338139 0,002514
журналист 1,951845 0,001470
минута 0,940244 0,002124
возобновить 3,183989 0,002398
момент 0,910391 0,000686
некоторые 1,198073 0,000902
шляпников 5,129899 0,007726
букмекер 1,140915 0,006014
тереть 0,786093 0,001776
свирин 5,129899 0,007726
лидер 1,258698 0,001896
процесс 1,664163 0,001253
июль 1,019025 0,000767
технология 0,786093 0,001776
римский 2,644992 0,001992
случиться 2,038856 0,001535
через 0,971016 0,000731
подряд 1,258698 0,000948
олимп 1,762603 0,002655
спина 2,134166 0,003214
результат 0,524729 0,001185
ноябрь 0,955511 0,000720
команда 0,262364 0,000198
екатерина 2,134166 0,003214
тренировочный 1,834062 0,002762
обрушение 5,129899 0,011589
павел 1,834062 0,002762
лос 1,518981 0,001144
должен 0,597299 0,000450
тасс 1,695912 0,011493
греция 1,994404 0,001502
текст 0,925206 0,000697
зенит 0,867219 0,002612
известие 3,050457 0,004594
секунда 1,633391 0,004920
узбекистан 2,732003 0,004114
финишировать 2,357310 0,001775
хотеть 1,104547 0,000832
половина 1,392229 0,002097
эмират 4,436752 0,003341
золото 1,140915 0,001718
стать 0,217244 0,000982
акрон 1,279751 0,001927
работать 1,518981 0,001144
закрепить 2,490841 0,001876
world 1,416327 0,001067
это 0,181139 0,000818
равный 1,466337 0,001104
юэбинь 5,129899 0,003863
гимн 1,994404 0,003004
рост 0,812411 0,001224
два 0,504926 0,001901
спортсмен 0,565551 0,002981
бронза 1,728701 0,001302
новость 0,285712 0,001076
сильнейший 1,546380 0,001164
взять 1,159607 0,000873
сентябрь 1,035554 0,002339
тренер 0,555188 0,000836
только 0,447767 0,000337
байдарка 1,603538 0,002415
стартовый 1,728701 0,001302
старт 1,035554 0,000780
com 0,925206 0,000697
держать 2,490841 0,001876
нхл 0,925206 0,002090
mail 1,301257 0,005879
анджелес 1,492313 0,001124
или 0,576022 0,000868
турнир 0,293617 0,001105
призер 1,178655 0,001775
фонбет 1,466337 0,002208
допустить 1,546380 0,002329
счесть 3,743604 0,002819
политик 0,224624 0,000507
считать 1,279751 0,000964
директор 1,871802 0,001409
быстрый 1,664163 0,001253
хороший 0,393700 0,000296
кисловодск 5,129899 0,003863
много 0,735450 0,000554
заключить 2,490841 0,001876
тренировка 0,895792 0,001349
когда 0,652562 0,000491
готовиться 2,296685 0,005188
белоруссия 2,827314 0,002129
фигурный 0,514778 0,001163
юй 5,129899 0,007726
плыть 4,031286 0,003036
власть 2,421849 0,001824
конфиденциальность 0,293617 0,000663
гражданство 2,421849 0,005471
оренбург 1,301257 0,001960
путин 4,436752 0,003341
игнорироваться 5,129899 0,003863
каноист 5,129899 0,003863
первый 0,317714 0,000478
орябинская 5,129899 0,003863
слалом 2,421849 0,010942
наверняка 4,436752 0,003341
пять 1,140915 0,001718
февраль 0,202645 0,000153
игра 0,112619 0,000424
компания 0,971016 0,002194
статус 1,279751 0,008673
четвертая 2,185460 0,001646
криштоф 5,129899 0,003863
марта 0,853233 0,001285
row 4,031286 0,003036
конкурировать 3,183989 0,002398
титул 1,301257 0,000980
федерация 0,495170 0,001864
рекомендация 1,217876 0,002751
расслабляться 5,129899 0,003863
империя 2,239527 0,001686
интервью 0,971016 0,000731
срок 1,546380 0,001164
одиночка 3,338139 0,017596
дисквалифицировать 2,085376 0,001570
использование 0,277868 0,000628
вновь 1,574551 0,001186
август 1,035554 0,005458
сменить 1,466337 0,003313
материал 0,309617 0,000466
рубин 1,198073 0,001804
участвовать 0,955511 0,000720
соревнование 0,411400 0,003098
сообщить 0,447767 0,001012
исполком 2,932674 0,002208
быть 0,119263 0,000269
sport 0,760451 0,000573
ростовский 2,932674 0,002208
присвоить 3,050457 0,004594
античный 3,338139 0,002514
нейтральный 2,185460 0,014811
балтика 1,217876 0,003668
реалия 5,129899 0,003863
спорт 0,125952 0,001897
мочь 0,350775 0,000792
сборная 0,342407 0,001805
ближний 1,728701 0,001302
бронзовый 1,345709 0,002027
сбор 1,368699 0,001031
глава 1,122566 0,000845
восьмерка 3,338139 0,005027
можно 1,002764 0,000755
кхл 0,760451 0,001718
пресс 0,895792 0,000675
почтить 1,279751 0,000964
фитнес 1,546380 0,004658
суск 5,129899 0,003863
смочь 1,069456 0,001611
кубок 0,376309 0,000283
спортивный 0,301585 0,000454
женщина 0,663991 0,000500
признать 1,834062 0,001381
уже 0,687247 0,000518
чемпионат 0,188256 0,001559
вы 0,309617 0,000233
кирилл 1,695912 0,002554
российский 0,224624 0,001861
паря 1,217876 0,002751
проводить 0,910391 0,000686
тонус 5,129899 0,003863
выиграть 0,485508 0,000731
отличиться 2,564949 0,001931
приехать 2,134166 0,001607
крыло 1,238078 0,001865
виза 4,031286 0,006071
чувствовать 3,050457 0,002297
россия 0,139466 0,001260
исправить 3,338139 0,002514
отнять 3,520461 0,002651
смотреть 1,368699 0,001031
турнирный 1,086847 0,001637
сочить 0,853233 0,001285
свой 0,586604 0,000883
свое 0,457070 0,000344
требование 1,797694 0,001354
рбк 1,797694 0,004061
тем 1,217876 0,000917
январь 0,786093 0,001776
гребец 4,436752 0,036750
без 0,466460 0,000351
казахстан 1,217876 0,002751
до 0,239550 0,000541
квинсленд 5,129899 0,003863
сложный 1,871802 0,001409
icf 5,129899 0,007726
штат 2,185460 0,001646
предприниматель 3,338139 0,005027
представитель 1,238078 0,000932
выступать 0,940244 0,002832
двойка 3,520461 0,010604
другой 0,188256 0,000425
европа 0,393700 0,000296
оставаться 1,301257 0,000980
направление 1,728701 0,001302
гребло 5,129899 0,042492
коллар 5,129899 0,003863
пока 1,159607 0,000873
кондратьев 4,436752 0,003341
посол 0,301585 0,000454
vk 1,441019 0,001085
гребля 1,518981 0,026308
флаг 0,895792 0,001349
вид 0,393700 0,000593
захар 4,031286 0,027320
мото 1,574551 0,003557
нижний 0,955511 0,001439
всегда 1,258698 0,000948
выпрямиться 5,129899 0,003863
ростов 2,827314 0,006387
декларация 3,743604 0,002819
миназова 5,129899 0,003863
что 0,195425 0,000883
краснодар 0,867219 0,001306
длительный 2,932674 0,002208
положение 1,416327 0,001067
за 0,125952 0,000759
рейтинг 0,524729 0,002766
форма 1,086847 0,000818
медаль 0,619039 0,001398
дон 2,357310 0,001775
поверхность 2,239527 0,001686
мероприятие 1,762603 0,001327
гребной 5,129899 0,038629
колония 4,436752 0,006682
образец 2,421849 0,001824
если 0,675551 0,000509
современный 1,159607 0,000873
каноистку 5,129899 0,003863
бетсити 1,633391 0,002460
токио 2,296685 0,001729
винлайн 1,834062 0,002762
из 0,106018 0,000639
рязанский 5,129899 0,003863
игровой 1,104547 0,002495
посвятить 1,994404 0,001502
перемещаться 3,050457 0,002297
еврокубки 1,546380 0,003493
наш 0,652562 0,001474
пятикратный 3,520461 0,002651
ходить 3,050457 0,002297
юниорский 2,296685 0,001729
тракай 5,129899 0,003863
их 0,799165 0,000602
получить 0,384967 0,001449
беларусь 1,279751 0,002891
объединить 1,994404 0,001502
пострадать 3,050457 0,002297
план 1,664163 0,001253
тема 1,104547 0,000832
пятикратным 3,520461 0,002651
хоккей 0,285712 0,001076
спартак 0,711058 0,001071
сервис 1,368699 0,001031
леона 1,633391 0,002460
казань 1,301257 0,000980
служба 1,279751 0,000964
риа 1,466337 0,003313
тело 1,762603 0,001327
планет 2,827314 0,002129
цска 0,711058 0,001071
первенство 1,301257 0,001960
актуальный 1,546380 0,001164
год 0,099461 0,000974
максим 1,871802 0,001409
зажатость 5,129899 0,003863
контракт 1,258698 0,000948
международный 0,466460 0,001756
октябрь 1,019025 0,000767
матч 0,293617 0,000442
чэньвэй 5,129899 0,003863
стараться 2,564949 0,001931
завоевать 1,035554 0,003119
мая 0,986764 0,005201
выжить 4,031286 0,003036
лыжный 0,675551 0,001526
который 0,325878 0,000982
юниор 1,345709 0,002027
поэтому 1,392229 0,001048
крокодил 5,129899 0,003863
серебро 1,695912 0,001277
динамо 0,663991 0,002000
сутулость 5,129899 0,003863
допинг 1,871802 0,001409
осанка 4,436752 0,006682
венгр 4,031286 0,003036
лодочный 5,129899 0,003863
рассказать 1,122566 0,000845
экспресс 1,416327 0,001067
елена 1,834062 0,001381
страна 0,641262 0,000966
президент 1,035554 0,000780
петр 1,392229 0,011532
пропустить 1,122566 0,000845
betteri 1,871802 0,002819
битва 2,421849 0,001824
вместе 1,178655 0,000888
правильный 2,827314 0,002129
рассказывать 2,564949 0,001931
арена 1,104547 0,000832
синхронный 1,574551 0,001186
иван 1,603538 0,003622
чемпионка 1,441019 0,001085
несколько 0,971016 0,000731
место 0,402511 0,000606
изготовление 3,338139 0,002514
лига 0,325878 0,001718
проходить 0,867219 0,001306
мх 1,728701 0,002603
мы 0,195425 0,000441
летний 0,619039 0,000466
корсет 5,129899 0,003863
участие 0,457070 0,000688
лишить 2,421849 0,001824
приговорить 4,436752 0,003341
действительно 2,644992 0,001992
на 0,023953 0,000721
состав 0,867219 0,000653
водный 0,723179 0,003267
олимпиада 0,576022 0,002603
штыль 5,129899 0,007726
тот 0,393700 0,000296
не 0,099461 0,000374
слушать 4,436752 0,003341
календарь 0,675551 0,001017
организация 0,663991 0,000500
отправиться 2,421849 0,001824
золотой 1,002764 0,000755
но 0,402511 0,000909
намерен 3,050457 0,002297
шанхай 2,490841 0,001876
боль 3,520461 0,002651
история 0,270086 0,000203
арабский 3,520461 0,002651
воин 2,932674 0,002208
таблица 0,711058 0,001071
апрель 0,986764 0,001486
длить 0,146292 0,000330
дважды 1,574551 0,001186
трибун 1,603538 0,003622
подписать 1,492313 0,001124
штылем 5,129899 0,007726
русская 1,797694 0,001354
об 0,217244 0,000818
либо 1,140915 0,000859
согласно 1,574551 0,001186
самарканд 4,031286 0,003036
он 0,475938 0,000358
чемпион 0,334108 0,001258
исторический 1,762603 0,001327
бокс 0,534779 0,001208
катание 0,514778 0,001163
галера 5,129899 0,003863
усталость 4,031286 0,003036
как 0,232059 0,000699
вернуть 1,695912 0,001277
все 0,067304 0,000405
дистанция 1,728701 0,007810
алексей 1,140915 0,000859
условие 0,334108 0,000252
помогать 2,134166 0,001607
премьер 1,198073 0,004511
возможность 1,279751 0,000964
pari 1,546380 0,002329
завершиться 1,728701 0,001302
по 0,073653 0,001054
фильм 2,185460 0,001646
плохой 1,994404 0,001502
думать 2,185460 0,001646
свинарев 5,129899 0,007726
занять 1,159607 0,000873
сообщать 1,951845 0,001470
раба 4,436752 0,003341
слаломист 5,129899 0,007726
третье 1,035554 0,001560
обратный 1,178655 0,002663
второе 0,839439 0,000632
красиво 3,743604 0,002819
второй 0,576022 0,000434
