состояться 1,140915 0,000973
париж 1,392229 0,001782
scot 1,695912 0,000724
личный 2,732003 0,001166
latina 1,603538 0,000684
лед 1,951845 0,000833
экспорт 0,986764 0,000421
lccn 1,492313 0,000637
vii 3,183989 0,001358
ไทย 1,238078 0,000528
патруль 3,743604 0,001597
日本語 1,035554 0,000442
со 0,447767 0,000573
whannel 5,129899 0,002189
лидий 4,436752 0,001893
су 4,436752 0,001893
под 0,723179 0,000617
заявление 0,799165 0,000341
парной 2,644992 0,002257
связаться 0,867219 0,000370
декабрь 0,853233 0,000364
mìng 2,827314 0,001206
tobi 5,129899 0,002189
подробный 0,687247 0,000293
illinoi 4,436752 0,011357
содержание 0,955511 0,000815
eesti 1,069456 0,000456
مصرى 1,546380 0,000660
одноместные 5,129899 0,002189
čeština 1,035554 0,000442
бюргер 5,129899 0,002189
луиса 2,239527 0,000955
minangkabau 2,564949 0,001094
викисклад 1,035554 0,000884
такаги 4,436752 0,001893
guttman 4,436752 0,003786
britannica 1,518981 0,000648
блан 5,129899 0,002189
скоростной 2,564949 0,001094
slovenčina 1,069456 0,000456
wikipedia 0,986764 0,000842
gnd 1,392229 0,000594
оригинал 1,441019 0,000615
a 1,392229 0,001782
отредактировать 0,986764 0,000421
c 1,546380 0,001319
акробатика 2,732003 0,002331
d 2,185460 0,001865
e 1,603538 0,000684
проект 0,457070 0,000390
i 1,762603 0,000752
j 1,466337 0,000626
m 2,296685 0,000980
n 2,421849 0,001033
the 1,546380 0,011875
гайзенбергер 5,129899 0,002189
r 2,085376 0,000890
s 1,664163 0,002130
викиновости 1,238078 0,000528
республика 2,134166 0,001821
u 1,345709 0,000574
v 1,951845 0,000833
проблема 1,122566 0,000479
w 0,955511 0,000408
x 1,279751 0,001092
шайба 0,986764 0,000842
также 0,663991 0,000850
фр 2,421849 0,002066
العربية 1,069456 0,000456
появиться 1,159607 0,000495
индивидуальный 1,797694 0,000767
гармиш 3,520461 0,004506
италия 0,524729 0,001567
isu 1,603538 0,000684
скобликова 4,436752 0,001893
россиянин 0,971016 0,000414
сначала 1,664163 0,000710
арианна 4,031286 0,001720
начать 1,279751 0,000546
томокатомока 5,129899 0,002189
tim 3,743604 0,001597
библиографический 1,279751 0,000546
могул 5,129899 0,004377
brownel 5,129899 0,002189
нагано 2,827314 0,002412
правка 0,986764 0,000842
лиллехаммер 3,183989 0,002717
нок 3,183989 0,004075
однако 1,069456 0,000456
jaim 5,129899 0,002189
anabol 5,129899 0,002189
саппоро 3,520461 0,004506
предназначить 2,490841 0,001063
transact 5,129899 0,002189
система 0,799165 0,000341
plymouth 5,129899 0,002189
шамони 3,183989 0,004075
việt 1,140915 0,000487
отказ 0,839439 0,000358
корея 1,695912 0,001447
washington 3,338139 0,001424
гонка 0,853233 0,005824
cheltenham 5,129899 0,002189
один 0,342407 0,000292
нормальный 3,050457 0,002603
дисциплина 1,546380 0,001319
одиночный 2,239527 0,000955
germani 5,129899 0,002189
генрих 3,520461 0,001502
последний 0,376309 0,000161
немец 2,564949 0,001094
пекин 2,185460 0,002797
михо 4,436752 0,001893
некоторые 1,198073 0,000511
монреаль 2,357310 0,001006
pdf 0,940244 0,000401
china 4,031286 0,001720
сша 0,586604 0,002002
ресурс 0,812411 0,000347
описание 0,881403 0,000376
лидер 1,258698 0,002148
хён 3,743604 0,001597
опасаться 3,520461 0,001502
viiie 5,129899 0,002189
bahasa 1,086847 0,000927
officiel 5,129899 0,002189
йские 3,743604 0,001597
elgar 5,129899 0,002189
через 0,971016 0,000414
lietuvių 1,140915 0,000487
словарь 1,198073 0,000511
становиться 1,159607 0,002474
heinemann 5,129899 0,002189
ठ 1,574551 0,000672
разработчик 0,971016 0,000414
мориц 3,050457 0,005206
саха 2,644992 0,001128
द 1,546380 0,000660
न 1,518981 0,000648
команда 0,262364 0,000560
xvi 2,490841 0,001063
littlefield 5,129899 0,004377
worldcat 2,490841 0,001063
вклад 0,955511 0,000408
भ 2,239527 0,000955
indonesia 1,086847 0,000464
лос 1,518981 0,001944
jeux 4,436752 0,001893
хафпайп 5,129899 0,004377
र 3,520461 0,001502
текст 0,925206 0,000395
lâm 1,762603 0,000752
проводиться 1,086847 0,004637
esperanto 1,198073 0,000511
ह 1,546380 0,000660
сидень 1,994404 0,000851
перейти 0,586604 0,000501
подготовка 1,178655 0,000503
портал 1,416327 0,001813
turnaround 5,129899 0,002189
альп 3,743604 0,003194
скелетон 1,258698 0,000537
українська 1,035554 0,000442
патронаж 5,129899 0,002189
xviii 2,421849 0,001033
марита 4,031286 0,005159
ответственность 0,895792 0,000382
спортсмен 0,565551 0,001448
турин 2,490841 0,002125
françai 1,019025 0,000869
xxi 2,038856 0,000870
прозвучать 3,743604 0,001597
kinet 3,520461 0,003004
только 0,447767 0,000191
тобиас 5,129899 0,004377
xxv 2,827314 0,001206
php 0,986764 0,000421
cite 1,258698 0,000537
mallon 5,129899 0,002189
movement 4,031286 0,005159
супергигант 5,129899 0,002189
olympiad 5,129899 0,002189
шорты 1,035554 0,001325
covid 2,564949 0,001094
нумероваться 5,129899 0,002189
preuss 5,129899 0,002189
davison 5,129899 0,002189
турнир 0,293617 0,000251
атлант 2,357310 0,001006
горнолыжный 1,301257 0,001665
чаща 1,834062 0,000782
frysk 1,762603 0,000752
заглавный 0,986764 0,000421
picard 2,827314 0,001206
шлепер 5,129899 0,004377
matthew 4,436752 0,001893
new 2,038856 0,011308
comparison 5,129899 0,002189
客家語 2,564949 0,001094
ব 1,416327 0,000604
конфиденциальность 0,293617 0,000125
unit 2,644992 0,004514
ল 1,416327 0,000604
svenska 1,035554 0,000442
общий 0,986764 0,006315
хюблер 4,436752 0,001893
список 0,986764 0,001263
дополнение 3,183989 0,001358
масса 1,911023 0,002446
седьмой 2,134166 0,000910
ссср 0,940244 0,001203
состояние 1,301257 0,000555
websit 3,520461 0,001502
продемонстрировать 3,183989 0,002717
media 3,050457 0,001301
ron 4,031286 0,001720
and 1,762603 0,006016
против 0,747872 0,000319
так 0,597299 0,000255
французский 1,052361 0,000898
федерация 0,495170 0,000422
ann 4,031286 0,001720
westport 5,129899 0,006566
плэсид 3,183989 0,005433
кортина 2,490841 0,006376
strategi 4,031286 0,001720
гдр 2,038856 0,000870
вновь 1,574551 0,000672
encyclopedia 2,932674 0,001251
символ 2,185460 0,000932
сообщить 0,447767 0,000191
примечание 1,002764 0,001283
пятиборье 1,574551 0,000672
быть 0,119263 0,000661
sport 0,760451 0,003244
мельбурн 3,183989 0,001358
pell 5,129899 0,004377
cultur 3,050457 0,002603
инсбрук 2,827314 0,004825
oxford 4,031286 0,003440
спорт 0,125952 0,001881
mountain 5,129899 0,002189
просмотр 0,925206 0,000395
помешать 2,239527 0,000955
schaffer 5,129899 0,002189
english 0,925206 0,000789
франция 0,675551 0,001729
alfr 5,129899 0,002189
les 4,031286 0,001720
этот 0,350775 0,000299
press 2,185460 0,006527
хельсинки 3,050457 0,002603
suomi 1,052361 0,000449
dictionari 3,743604 0,003194
wallechinski 5,129899 0,002189
швеция 1,035554 0,000442
iihf 3,743604 0,001597
viaf 2,490841 0,002125
многократный 2,421849 0,001033
основной 1,122566 0,000958
афина 2,421849 0,003100
creativ 0,986764 0,000421
разыграть 2,038856 0,000870
известный 0,986764 0,000421
română 1,122566 0,000479
немецкий 1,797694 0,000767
spectat 5,129899 0,002189
элемент 0,925206 0,000395
nkc 1,574551 0,000672
наталя 5,129899 0,002189
rapport 5,129899 0,002189
alemannisch 2,357310 0,001006
спортивный 0,301585 0,000129
женщина 0,663991 0,005099
буксировка 4,031286 0,001720
portuguê 1,035554 0,000442
мужской 1,198073 0,001533
впервые 0,839439 0,000358
ngî 2,564949 0,001094
oʻzbekcha 1,140915 0,000487
кросс 3,338139 0,004272
ernest 5,129899 0,004377
раз 0,485508 0,002278
ўзбекча 1,140915 0,000487
latviešu 1,052361 0,000449
российский 0,224624 0,000096
разговорный 4,031286 0,001720
выиграть 0,485508 0,000207
денвер 2,296685 0,000980
версия 0,393700 0,000504
сочить 0,853233 0,001092
шесть 1,238078 0,000528
googl 2,644992 0,001128
зарегистрировать 0,711058 0,000303
charl 3,743604 0,001597
акро 5,129899 0,002189
اردو 1,574551 0,000672
mahwah 5,129899 0,004377
smith 4,436752 0,001893
閩東語 2,827314 0,001206
между 0,955511 0,000408
знак 0,986764 0,000421
мюнхен 2,490841 0,001063
olymp 2,296685 0,015677
geoffrey 5,129899 0,002189
чӑвашла 2,134166 0,000910
structur 5,129899 0,002189
сеул 2,644992 0,001128
hak 2,564949 0,001094
представить 1,518981 0,000648
спринт 1,871802 0,003194
мексика 2,239527 0,000955
посол 0,301585 0,000129
период 1,035554 0,000884
медиафайлы 1,217876 0,000520
ಕನ 2,038856 0,000870
galego 1,178655 0,000503
старый 1,159607 0,000495
page 0,986764 0,000421
короткий 0,699082 0,000298
возвращаться 1,871802 0,000799
пандемия 2,421849 0,001033
book 2,932674 0,003753
millennium 5,129899 0,002189
километр 1,951845 0,001665
служебный 0,955511 0,000408
кодекс 0,971016 0,000414
garri 5,129899 0,002189
война 1,695912 0,002894
сессия 2,732003 0,001166
канада 0,867219 0,001110
бобслей 1,217876 0,001559
associ 0,986764 0,001263
бьёрн 5,129899 0,004377
свободный 0,867219 0,000370
loucki 5,129899 0,002189
статья 0,495170 0,001690
what 3,338139 0,001424
современный 1,159607 0,000495
wikimedia 0,986764 0,000421
биг 4,031286 0,003440
мировой 0,955511 0,001631
erich 4,436752 0,001893
ранний 1,492313 0,000637
ελληνικά 1,086847 0,000464
routledg 3,520461 0,006008
jim 3,743604 0,001597
получить 0,384967 0,000164
беларусь 1,279751 0,000546
язык 0,925206 0,000789
нидерланды 1,518981 0,001296
wcf 5,129899 0,002189
plan 3,743604 0,001597
архивировать 1,104547 0,000471
steroid 4,436752 0,001893
viii 2,932674 0,002502
связанный 0,786093 0,000335
милан 1,574551 0,001343
melayu 1,368699 0,000584
ирный 5,129899 0,004377
mottram 5,129899 0,002189
italiano 1,035554 0,000442
год 0,099461 0,001740
judd 5,129899 0,002189
айсшток 1,728701 0,000738
собака 2,827314 0,001206
gershon 5,129899 0,002189
международный 0,466460 0,001393
հայերեն 1,198073 0,000511
комитет 1,368699 0,001752
башҡортса 1,518981 0,000648
сент 2,564949 0,001094
альбервилл 5,129899 0,002189
champaign 4,436752 0,007571
euskara 1,122566 0,000479
прародитель 3,743604 0,001597
српскохрватски 1,416327 0,000604
крупный 1,198073 0,000511
демонстрационный 3,520461 0,006008
альбервиль 3,520461 0,003004
modern 3,183989 0,005433
рим 2,239527 0,000955
avé 5,129899 0,002189
web 1,279751 0,000546
рио 2,296685 0,000980
lebanon 5,129899 0,002189
семь 1,633391 0,000697
bokmål 1,069456 0,000456
пехштайн 5,129899 0,004377
текущий 0,867219 0,000370
страна 0,641262 0,001368
инструмент 0,881403 0,000752
гры 3,743604 0,001597
создать 0,773190 0,000330
librairi 5,129899 0,002189
деть 0,619039 0,000528
фишналлер 5,129899 0,004377
asturianu 1,323236 0,000565
чемпионка 1,441019 0,000615
olympiqu 4,436752 0,001893
advanc 5,129899 0,002189
мары 5,129899 0,002189
کوردی 1,762603 0,000752
проходить 0,867219 0,000740
печать 0,955511 0,000815
внеочередной 3,050457 0,001301
íslenska 1,392229 0,000594
военный 1,664163 0,000710
hampshir 5,129899 0,002189
летний 0,619039 0,003433
जप 3,520461 0,001502
afrikaan 1,441019 0,000615
фонд 0,895792 0,000382
состав 0,867219 0,000370
олимпиада 0,576022 0,000737
тот 0,393700 0,000840
brunswick 5,129899 0,002189
обсуждение 0,867219 0,000740
осло 3,050457 0,002603
хёсфлот 5,129899 0,006566
трамплин 1,140915 0,003407
titl 0,986764 0,000421
указать 1,198073 0,000511
организация 0,663991 0,000283
десять 1,797694 0,000767
group 2,357310 0,003017
поздний 1,323236 0,000565
england 3,520461 0,001502
товарный 0,986764 0,000421
история 0,270086 0,000576
daili 3,520461 0,001502
македонский 1,258698 0,000537
длить 0,146292 0,000125
閩南語 1,762603 0,000752
калгари 2,932674 0,002502
both 4,436752 0,001893
bân 1,762603 0,000752
норвегия 1,279751 0,006006
боб 3,183989 0,002717
ழ 1,492313 0,000637
сметанина 5,129899 0,002189
histori 1,762603 0,000752
общекомандный 3,520461 0,001502
skate 4,031286 0,001720
название 1,035554 0,000442
entertain 4,436752 0,001893
поиск 0,711058 0,000607
чемпион 0,334108 0,000285
game 1,797694 0,006135
мние 5,129899 0,002189
ванкувер 2,644992 0,002257
клебо 2,490841 0,003188
oldid 0,986764 0,000421
катание 0,514778 0,001977
как 0,232059 0,000495
первое 0,393700 0,000672
участник 0,799165 0,000341
условие 0,334108 0,000428
david 3,338139 0,002848
pari 1,546380 0,001319
chen 4,436752 0,001893
скиатлон 4,436752 0,001893
xiii 2,932674 0,001251
cashmor 5,129899 0,004377
тарашкевіца 1,198073 0,000511
kingdom 4,436752 0,007571
бьёрндален 4,031286 0,003440
histor 3,520461 0,003004
cymraeg 1,574551 0,000672
kimber 5,129899 0,004377
mean 5,129899 0,002189
авторство 0,986764 0,000421
эгида 1,728701 0,000738
cooper 4,436752 0,001893
второй 0,576022 0,000491
icmf 5,129899 0,002189
català 1,086847 0,000464
специальный 1,217876 0,002078
dee 5,129899 0,002189
dansk 1,069456 0,000456
fil 4,436752 0,001893
новый 0,239550 0,000102
complet 3,183989 0,001358
поведение 0,839439 0,000358
фигура 2,827314 0,002412
роландроланд 5,129899 0,002189
медальный 1,797694 0,001534
еще 0,167054 0,000214
fis 4,031286 0,001720
nazi 5,129899 0,002189
xxiv 3,338139 0,001424
xxii 3,338139 0,001424
barri 4,436752 0,001893
местный 2,490841 0,002125
йоханнес 2,085376 0,002669
enciclopedia 3,183989 0,001358
findl 5,129899 0,004377
فارسی 1,104547 0,000471
менее 1,258698 0,001611
берлин 2,644992 0,002257
эйр 3,743604 0,003194
беларуская 1,069456 0,000913
bill 3,520461 0,001502
предложить 1,441019 0,001230
мэдж 5,129899 0,002189
а 0,209918 0,000269
в 0,017911 0,000413
at 2,732003 0,002331
викимедиа 0,986764 0,000421
д 0,895792 0,002293
и 0,023953 0,000409
к 0,132686 0,000283
м 0,534779 0,002053
azərbaycanca 1,258698 0,000537
о 0,042302 0,000054
альпинизм 1,301257 0,000555
санкт 1,279751 0,002184
с 0,036149 0,000293
она 0,597299 0,000255
у 0,342407 0,002045
китай 1,695912 0,000724
скачать 0,895792 0,000764
дополнительный 0,940244 0,000401
сдвиг 5,129899 0,002189
вариант 1,492313 0,000637
конек 2,296685 0,000980
англичанка 4,031286 0,001720
by 0,971016 0,000414
franc 3,338139 0,001424
русский 0,760451 0,000324
cc 0,986764 0,000421
организатор 1,951845 0,001665
shqip 1,466337 0,000626
единственный 1,392229 0,000594
симон 3,183989 0,001358
австрия 1,871802 0,002396
егоров 3,743604 0,001597
figur 4,031286 0,001720
отменить 1,728701 0,002213
stage 5,129899 0,002189
победитель 0,799165 0,000682
fibt 4,436752 0,001893
интервал 3,338139 0,001424
сергей 1,301257 0,000555
ульрих 3,520461 0,001502
город 1,069456 0,000456
de 1,871802 0,001597
venu 5,129899 0,002189
неофициальный 2,134166 0,000910
london 2,932674 0,002502
партенкирхен 3,520461 0,004506
粵語 1,178655 0,000503
комплексный 2,932674 0,001251
beij 4,031286 0,001720
викиданных 0,986764 0,000421
தம 1,492313 0,000637
каталанский 1,695912 0,000724
северный 1,492313 0,001273
каталог 1,301257 0,000555
эйнар 3,050457 0,002603
викискладе 1,217876 0,000520
жанейро 2,421849 0,001033
выступить 1,238078 0,001056
сноуборд 1,178655 0,003017
победить 0,699082 0,001193
ed 3,520461 0,001502
richard 3,520461 0,003004
балет 3,338139 0,001424
xvii 2,490841 0,001063
олимпийский 0,342407 0,005551
бельмондо 4,436752 0,001893
vision 5,129899 0,002189
бьёрген 5,129899 0,006566
читать 0,555188 0,000237
демченко 4,436752 0,001893
susan 4,031286 0,001720
сальхов 4,031286 0,001720
сумма 1,518981 0,001296
англ 1,159607 0,015336
comité 5,129899 0,002189
командный 1,002764 0,003422
коломенкин 4,436752 0,001893
for 2,239527 0,001911
univers 2,564949 0,006566
биатлон 0,485508 0,001450
перенести 1,633391 0,000697
пожертвовать 0,940244 0,000401
jersey 4,436752 0,007571
мняя 5,129899 0,002189
human 3,520461 0,003004
раздельный 3,338139 0,001424
произвольный 1,994404 0,000851
япония 1,279751 0,002730
ссылка 0,699082 0,002684
sidoni 5,129899 0,002189
srpskohrvatski 1,416327 0,000604
michael 3,743604 0,001597
лаять 5,129899 0,002189
несостоявшийся 3,743604 0,001597
payn 5,129899 0,002189
中文 1,035554 0,000442
publish 2,932674 0,007507
ನಡ 2,038856 0,000870
комбинация 2,732003 0,001166
foundat 0,986764 0,000421
кругосвет 1,994404 0,000851
карта 2,085376 0,000890
предполагаться 3,338139 0,001424
тыл 2,564949 0,001094
фуркад 3,743604 0,001597
швейцария 1,258698 0,001611
среди 0,597299 0,000764
кырык 5,129899 0,002189
ski 3,520461 0,001502
yorùbá 2,732003 0,001166
москва 0,576022 0,000246
https 0,699082 0,000298
fri 4,436752 0,001893
sudoc 2,932674 0,001251
мехико 2,932674 0,001251
ii 2,239527 0,000955
macmillan 4,436752 0,001893
отдельный 0,955511 0,000408
in 1,911023 0,002446
мобильный 0,555188 0,000237
tiếng 1,140915 0,000487
брисбен 3,743604 0,001597
עברית 1,052361 0,000449
монобобы 5,129899 0,002189
index 0,986764 0,000421
большой 0,687247 0,000880
iv 2,644992 0,001128
manag 3,338139 0,001424
ix 2,564949 0,001094
гренобль 3,183989 0,002717
должен 0,597299 0,000255
признаться 1,994404 0,000851
избранный 0,955511 0,000408
dĕ 2,827314 0,001206
field 3,050457 0,001301
მარგალური 2,490841 0,001063
танец 2,932674 0,001251
پښتو 2,732003 0,001166
гигантский 3,520461 0,003004
john 2,644992 0,005642
амман 5,129899 0,002189
стать 0,217244 0,000278
summer 3,338139 0,002848
ахонен 5,129899 0,002189
стефаний 4,436752 0,001893
buchanan 5,129899 0,002189
керлинг 1,086847 0,001391
обращение 0,910391 0,000388
провести 0,799165 0,001023
это 0,181139 0,000077
map 5,129899 0,002189
код 0,971016 0,006628
прыжок 0,940244 0,001605
ko 3,183989 0,001358
gí 1,762603 0,000752
кол 3,743604 0,001597
yesali 5,129899 0,002189
url 0,986764 0,000421
exercis 4,436752 0,001893
доступный 0,955511 0,000408
la 2,827314 0,001206
report 3,050457 0,001301
сантиметр 0,955511 0,000408
войти 0,608110 0,000259
старт 1,035554 0,001767
или 0,576022 0,000246
анджелес 1,492313 0,001910
финляндия 1,323236 0,000565
призер 1,178655 0,001509
отличие 1,695912 0,000724
edward 4,031286 0,001720
қазақша 1,178655 0,000503
ქართული 1,392229 0,000594
xxvi 3,520461 0,001502
любовь 2,644992 0,001128
раиса 5,129899 0,002189
seligmann 5,129899 0,002189
антверпен 3,050457 0,002603
политик 0,224624 0,000096
включить 1,392229 0,002970
limit 3,743604 0,001597
югославия 2,134166 0,000910
bnf 1,834062 0,000782
учетный 0,986764 0,000421
rowman 5,129899 0,004377
много 0,735450 0,000628
представиться 0,986764 0,000421
нарты 5,129899 0,002189
фигурный 0,514778 0,000878
программа 0,799165 0,001023
пхёнчхан 3,520461 0,003004
тоҷикӣ 1,695912 0,000724
ng 2,827314 0,001206
солт 2,644992 0,004514
смешанный 1,871802 0,006388
первый 0,317714 0,000542
вэлли 3,743604 0,003194
слалом 2,421849 0,003100
मर 1,574551 0,000672
преследование 2,732003 0,001166
февраль 0,202645 0,000173
ошибка 0,576022 0,000246
германий 0,723179 0,002160
игра 0,112619 0,002546
transform 5,129899 0,002189
of 1,695912 0,009406
deutsch 1,052361 0,000449
kâ 2,564949 0,001094
türkmenç 2,185460 0,000932
представляться 4,436752 0,001893
скво 3,183989 0,002717
датский 1,368699 0,000584
олимпи 4,031286 0,001720
make 3,520461 0,001502
показываться 4,031286 0,001720
on 2,239527 0,000955
kay 5,129899 0,002189
больший 0,457070 0,001755
nederland 1,019025 0,000435
ماز 2,490841 0,001063
событие 0,565551 0,000483
использование 0,277868 0,000119
неделя 1,217876 0,002078
самый 0,608110 0,000259
pe 5,129899 0,002189
материал 0,309617 0,000132
offici 2,827314 0,002412
соревнование 0,411400 0,002633
слоупстайл 5,129899 0,004377
crawford 5,129899 0,002189
кук 0,971016 0,000414
лицензия 0,971016 0,000414
лейк 2,357310 0,008045
greyston 5,129899 0,002189
rutger 5,129899 0,002189
føroyskt 2,085376 0,000890
ан 2,932674 0,002502
зимний 0,663991 0,010764
конкуренция 2,038856 0,000870
сани 3,338139 0,002848
навигация 0,986764 0,001263
отменяться 5,129899 0,002189
страница 0,910391 0,002719
мочь 0,350775 0,000150
запись 0,910391 0,000388
qr 0,986764 0,000421
бе 5,129899 0,002189
сараево 3,050457 0,002603
санный 1,301257 0,003331
женский 0,663991 0,000567
сохранение 0,971016 0,000414
miller 5,129899 0,002189
吴语 1,238078 0,000528
фристайл 1,238078 0,000528
edexcel 5,129899 0,002189
hrvatski 1,052361 0,000449
персональный 0,723179 0,000309
мартена 4,031286 0,001720
ru 0,285712 0,000122
действовать 0,825834 0,000352
организовать 1,466337 0,000626
global 3,050457 0,002603
во 0,495170 0,000211
sa 0,986764 0,000421
occitan 1,466337 0,000626
mcdonald 4,436752 0,001893
дата 0,799165 0,000341
nynorsk 1,546380 0,000660
sh 1,797694 0,000767
ian 4,031286 0,001720
вы 0,309617 0,000132
industri 5,129899 0,002189
барселона 1,416327 0,000604
медалист 3,183989 0,001358
китайский 1,069456 0,000456
español 1,019025 0,000435
олимпиа 5,129899 0,004377
polit 4,031286 0,003440
литература 1,695912 0,001447
россия 0,139466 0,000297
личной 1,664163 0,000710
сарасара 5,129899 0,002189
скорость 1,951845 0,000833
stori 2,732003 0,001166
tagalog 1,911023 0,000815
bosanski 1,345709 0,000574
hill 3,520461 0,001502
энциклопедия 0,986764 0,000842
виктор 1,416327 0,000604
th 2,185460 0,000932
български 1,086847 0,000464
to 2,038856 0,000870
да 1,911023 0,001631
прошедший 1,951845 0,000833
ibu 2,239527 0,000955
проведение 1,104547 0,003299
де 0,955511 0,000408
вюст 5,129899 0,004377
выступать 0,940244 0,000802
manchest 4,031286 0,003440
касай 5,129899 0,004377
другой 0,188256 0,000161
uk 3,338139 0,001424
сюда 0,986764 0,000421
xxiii 3,520461 0,001502
популярность 1,797694 0,000767
трек 1,104547 0,001414
клаудия 5,129899 0,004377
пар 1,416327 0,000604
цитировать 0,925206 0,000395
lawrenc 4,436752 0,005678
mckay 4,436752 0,001893
norsk 1,052361 0,000898
лондон 1,911023 0,003261
параллельный 3,050457 0,002603
vi 2,732003 0,001166
ido 1,546380 0,000660
лошадь 3,743604 0,001597
ẽ 2,732003 0,001166
вид 0,393700 0,003359
же 0,853233 0,001092
волшебный 1,695912 0,000724
isbn 1,633391 0,018815
seattl 4,436752 0,001893
polski 1,035554 0,000442
life 3,338139 0,001424
hitler 5,129899 0,002189
что 0,195425 0,000250
common 0,986764 0,000421
править 0,544931 0,006974
за 0,125952 0,000269
фонтан 3,183989 0,001358
зи 4,436752 0,003786
медаль 0,619039 0,001849
propaganda 5,129899 0,002189
christoph 3,520461 0,001502
org 0,986764 0,000421
уля 3,520461 0,003004
зачет 1,416327 0,001813
четырёхлетнего 4,436752 0,001893
альберт 2,564949 0,001094
ампеццо 2,490841 0,006376
xi 2,932674 0,001251
некоммерческий 0,986764 0,000421
мокнуть 1,574551 0,002015
токио 2,296685 0,002939
televis 3,743604 0,001597
xv 2,732003 0,001166
из 0,106018 0,000317
xx 1,546380 0,000660
мяч 0,735450 0,000314
прекратить 2,296685 0,000980
случайный 0,986764 0,000421
указание 0,986764 0,000421
скрытый 1,052361 0,000449
швед 2,134166 0,000910
српски 1,035554 0,000442
объединить 1,994404 0,002553
хоккей 0,285712 0,000366
амстердам 3,183989 0,001358
двоеборье 1,217876 0,000520
holger 5,129899 0,002189
ски 1,069456 0,001369
стокгольм 2,644992 0,002257
первенство 1,301257 0,001110
columbia 4,436752 0,001893
ка 3,743604 0,001597
srpski 1,035554 0,000442
такэути 5,129899 0,004377
двухместные 5,129899 0,002189
educ 4,031286 0,001720
iii 2,490841 0,001063
лыжный 0,675551 0,004611
который 0,325878 0,000278
николай 1,994404 0,000851
идея 1,871802 0,000799
постоянный 0,881403 0,000376
спуск 3,050457 0,001301
конькобежный 1,140915 0,002920
награда 1,279751 0,010373
رونی 2,490841 0,001063
следующий 0,853233 0,000728
barukh 5,129899 0,002189
türkçe 1,052361 0,000449
power 3,183989 0,001358
панин 3,743604 0,001597
привести 1,466337 0,000626
мона 5,129899 0,002189
hazan 5,129899 0,002189
случай 0,867219 0,000740
первоначально 1,951845 0,000833
сити 1,546380 0,002639
greenwood 4,031286 0,005159
한국어 1,035554 0,000442
создание 1,633391 0,000697
revis 4,436752 0,001893
dello 3,183989 0,001358
место 0,402511 0,000687
начало 0,760451 0,000324
allen 3,743604 0,003194
avañ 2,732003 0,001166
титуловать 2,134166 0,000910
erlbaum 5,129899 0,004377
drug 4,436752 0,001893
мы 0,195425 0,000083
участие 0,457070 0,000780
на 0,023953 0,000184
piscataway 5,129899 0,002189
telecommun 5,129899 0,002189
свежий 0,839439 0,000358
simpl 1,140915 0,000487
комплект 1,911023 0,013860
анна 1,695912 0,000724
не 0,099461 0,000424
выбор 1,834062 0,000782
использовать 0,940244 0,000401
xii 3,183989 0,001358
sage 4,436752 0,001893
econom 4,031286 0,001720
золотой 1,002764 0,001283
онлайн 0,773190 0,000330
но 0,402511 0,000515
нориаки 5,129899 0,004377
sens 4,031286 0,001720
xiv 2,490841 0,001063
xix 1,834062 0,000782
senn 5,129899 0,002189
внешний 1,104547 0,000471
категория 0,881403 0,000752
норвежский 1,345709 0,000574
начинать 1,140915 0,000487
количество 0,853233 0,001820
об 0,217244 0,000093
финансовый 1,911023 0,000815
составить 1,546380 0,000660
ои 0,812411 0,000347
справка 0,986764 0,000421
называться 1,603538 0,000684
он 0,475938 0,000203
мужчина 0,812411 0,005545
от 0,160085 0,000137
xxvii 3,338139 0,001424
форум 0,867219 0,000370
winter 3,520461 0,007510
статистика 0,630089 0,000269
официальный 0,735450 0,000314
zazaki 2,239527 0,000955
public 4,436752 0,001893
ларусса 3,338139 0,001424
все 0,067304 0,000172
википедия 0,986764 0,000842
сведение 0,786093 0,000335
ngṳ 2,827314 0,001206
по 0,073653 0,000534
inc 0,986764 0,000842
монгол 1,518981 0,000648
арльт 5,129899 0,002189
янна 5,129899 0,002189
сайерс 4,436752 0,001893
connecticut 5,129899 0,006566
вендль 5,129899 0,002189
демонстрироваться 3,520461 0,001502
эстафета 1,871802 0,005590
долидович 5,129899 0,002189
york 2,564949 0,006566
сообщество 0,910391 0,000388
mandel 5,129899 0,002189
википедии 0,986764 0,000842
ioc 4,031286 0,001720
переть 0,359214 0,000306
источник 0,786093 0,000335
