состояться 1,140915 0,001048
париж 1,392229 0,001278
протез 5,129899 0,002355
личный 2,732003 0,001254
year 3,050457 0,001401
экспорт 0,986764 0,000453
газета 1,392229 0,000639
lccn 1,492313 0,000685
инвалидный 3,338139 0,003065
န 2,134166 0,000980
физический 1,392229 0,003196
vii 3,183989 0,002924
ဘ 2,134166 0,000980
ไทย 1,238078 0,000568
факто 3,183989 0,001462
မ 2,134166 0,001960
tatarça 1,392229 0,000639
日本語 1,035554 0,000475
со 0,447767 0,000411
ipc 5,129899 0,004711
သ 2,134166 0,000980
йорк 2,239527 0,002056
парусный 1,574551 0,000723
заявление 0,799165 0,000367
мали 2,644992 0,001214
связаться 0,867219 0,000398
декабрь 0,853233 0,001175
македония 2,732003 0,001254
человек 0,940244 0,002590
тв 1,633391 0,000750
подробный 0,687247 0,000316
содержание 0,955511 0,000877
фото 0,799165 0,000367
universali 1,951845 0,000896
eesti 1,069456 0,000491
связь 0,747872 0,000343
čeština 1,035554 0,000475
aragoné 1,762603 0,000809
студент 2,357310 0,001082
викисклад 1,035554 0,000951
britannica 1,518981 0,000697
собрать 2,357310 0,002165
кирибати 4,436752 0,002037
багамский 4,031286 0,001851
lëtzebuergesch 1,762603 0,000809
возникновение 2,644992 0,001214
информационный 1,122566 0,001031
slovenčina 1,069456 0,000491
machin 1,633391 0,000750
wikipedia 0,986764 0,000906
необходимый 2,357310 0,001082
gnd 1,392229 0,000639
болгария 2,185460 0,001003
окончательно 2,564949 0,001178
пауэрлифтинг 4,436752 0,002037
оригинал 1,441019 0,000662
индий 2,644992 0,001214
тонга 4,031286 0,001851
отредактировать 0,986764 0,000453
никарагуа 3,743604 0,001719
проект 0,457070 0,000210
употребление 3,183989 0,001462
называть 1,258698 0,000578
h 2,490841 0,002287
i 1,762603 0,001619
внесение 4,031286 0,001851
j 1,466337 0,000673
создавать 2,357310 0,001082
социальный 1,603538 0,003681
справочный 3,743604 0,003438
n 2,421849 0,001112
юна 4,436752 0,002037
коморы 4,031286 0,001851
фз 5,129899 0,002355
викиновости 1,238078 0,000568
u 1,345709 0,000618
республика 2,134166 0,002940
плоховидящие 5,129899 0,002355
v 1,951845 0,001792
w 0,955511 0,000439
x 1,279751 0,002350
හල 1,834062 0,000842
колумбия 3,050457 0,001401
джибути 4,031286 0,001851
также 0,663991 0,001219
العربية 1,069456 0,000491
индивидуальный 1,797694 0,001651
одобрить 2,827314 0,001298
украина 1,217876 0,000559
италия 0,524729 0,000964
пулевой 3,743604 0,001719
сначала 1,664163 0,000764
аруба 4,031286 0,001851
эфиопия 3,338139 0,001533
правовой 2,038856 0,000936
изменение 1,345709 0,000618
библиографический 1,279751 0,000588
паралимпийская 4,436752 0,002037
нагано 2,827314 0,002596
правка 0,986764 0,000906
лиллехаммер 3,183989 0,002924
однако 1,069456 0,000982
бахрейн 2,932674 0,001346
мавритания 4,031286 0,001851
коммерческий 2,185460 0,001003
система 0,799165 0,000367
отказ 0,839439 0,000771
việt 1,140915 0,000524
корея 1,695912 0,002336
буркин 3,520461 0,001616
июнь 1,198073 0,001650
дзюдо 1,466337 0,000673
ghanaian 5,129899 0,002355
гонка 0,853233 0,000392
рико 3,338139 0,001533
поддержка 1,546380 0,001420
повреждение 3,338139 0,001533
цар 4,031286 0,001851
доминиканский 3,743604 0,001719
иметь 1,069456 0,000982
совет 0,825834 0,001138
полностью 1,546380 0,000710
рика 2,932674 0,001346
medal 3,743604 0,001719
ливан 3,338139 0,001533
гвинея 3,050457 0,004202
образованный 2,644992 0,001214
вручаться 2,564949 0,001178
монголия 3,520461 0,001616
последний 0,376309 0,000173
намибия 3,520461 0,001616
ticket 5,129899 0,002355
пекин 2,185460 0,004014
кндр 3,050457 0,001401
pdf 0,940244 0,000432
параспорте 5,129899 0,002355
германский 3,520461 0,001616
сша 0,586604 0,001347
ресурс 0,812411 0,000373
описание 0,881403 0,000405
процесс 1,664163 0,000764
июль 1,019025 0,000936
паралимпийском 5,129899 0,004711
южный 1,159607 0,001065
bahasa 1,086847 0,000998
камерун 3,338139 0,001533
йские 3,743604 0,003438
мандевилльского 5,129899 0,002355
качество 1,323236 0,000608
океания 2,296685 0,001054
габон 3,520461 0,001616
lietuvių 1,140915 0,000524
слепой 5,129899 0,002355
нигерия 2,827314 0,001298
словарь 1,198073 0,003300
врач 2,490841 0,001144
стрельба 1,441019 0,001323
официально 1,159607 0,002130
бразилия 1,797694 0,001651
разработчик 0,971016 0,000446
द 1,546380 0,000710
равновесие 3,743604 0,001719
ноябрь 0,955511 0,003071
न 1,518981 0,000697
команда 0,262364 0,000241
xvi 2,490841 0,001144
ланка 3,520461 0,001616
worldcat 2,490841 0,001144
вклад 0,955511 0,000439
indonesia 1,086847 0,000499
лос 1,518981 0,001395
ивуар 3,338139 0,001533
текст 0,925206 0,000425
являться 1,019025 0,000936
бурунди 4,031286 0,001851
паралимпиадах 5,129899 0,002355
проводиться 1,086847 0,001996
esperanto 1,198073 0,000550
ह 1,546380 0,000710
единый 1,104547 0,000507
узбекистан 2,732003 0,001254
сидень 1,994404 0,001831
временить 1,140915 0,001048
перейти 0,586604 0,000539
портал 1,416327 0,001301
ceremoni 4,436752 0,002037
медицинский 3,050457 0,001401
закрепить 2,490841 0,002287
українська 1,035554 0,000475
youtub 1,797694 0,000825
испр 5,129899 0,002355
группа 1,122566 0,000515
xviii 2,421849 0,001112
закон 3,338139 0,003065
уродец 5,129899 0,002355
слово 1,035554 0,002377
фарерский 3,520461 0,001616
ответственность 0,895792 0,000411
литовский 1,951845 0,000896
парагвай 3,050457 0,001401
спортсмен 0,565551 0,002077
турин 2,490841 0,002287
françai 1,019025 0,000468
реабилитация 5,129899 0,007066
его 0,447767 0,000206
иметься 2,421849 0,001112
жизнь 0,881403 0,000809
только 0,447767 0,000617
ndl 1,834062 0,000842
php 0,986764 0,000453
байдарка 1,603538 0,000736
маркетинговый 3,520461 0,001616
кыргызстан 3,050457 0,001401
covid 2,564949 0,001178
спинной 5,129899 0,007066
сэр 3,743604 0,001719
далеко 2,564949 0,001178
атлант 2,357310 0,002165
аравия 1,834062 0,000842
frysk 1,762603 0,000809
коляска 2,932674 0,013465
почему 1,122566 0,000515
замбия 3,520461 0,001616
заглавный 0,986764 0,000453
ежегодно 2,185460 0,001003
hpqkmw 5,129899 0,002355
производная 3,743604 0,001719
вдохновлять 5,129899 0,002355
ব 1,416327 0,000650
власть 2,421849 0,001112
нарушение 1,416327 0,001951
конфиденциальность 0,293617 0,000135
паралимпийских 3,050457 0,012605
паралимпиада 2,490841 0,002287
черногория 2,732003 0,002509
ল 1,416327 0,000650
svenska 1,035554 0,000475
общий 0,986764 0,000453
афганистан 3,743604 0,001719
disabl 4,436752 0,002037
ссср 0,940244 0,000432
паралимпийские 3,520461 0,037177
паралимпийский 3,743604 0,012032
паралимпийским 3,743604 0,001719
институт 2,827314 0,001298
идти 1,159607 0,000532
открыть 1,279751 0,000588
марино 2,827314 0,001298
gramota 5,129899 0,002355
фехтование 1,546380 0,000710
статус 1,279751 0,001175
онтарио 3,743604 0,003438
общество 1,871802 0,000859
федерация 0,495170 0,000682
румыния 2,038856 0,000936
возникнуть 2,038856 0,000936
мандевилльские 5,129899 0,007066
кортина 2,490841 0,002287
позволять 1,664163 0,000764
зафиксировать 1,994404 0,000916
гдр 2,038856 0,000936
committe 4,436752 0,002037
участвовать 0,955511 0,000439
мозамбик 3,520461 0,001616
символ 2,185460 0,001003
сообщить 0,447767 0,000206
примечание 1,002764 0,001381
быть 0,119263 0,000712
sport 0,760451 0,000349
paralymp 3,743604 0,013751
приспособление 4,031286 0,001851
пуэрто 3,338139 0,001533
присвоить 3,050457 0,001401
инсбрук 2,827314 0,005192
вести 1,238078 0,000568
сирия 3,520461 0,001616
установить 1,279751 0,001175
спорт 0,125952 0,000925
просмотр 0,925206 0,000425
сальвадор 3,743604 0,001719
грузия 2,296685 0,001054
мальта 3,050457 0,001401
english 0,925206 0,000850
франция 0,675551 0,000931
этот 0,350775 0,000644
ਜ 1,664163 0,000764
виргинский 3,743604 0,001719
шоу 1,441019 0,000662
стереотип 4,031286 0,001851
suomi 1,052361 0,000483
психический 4,436752 0,002037
тунис 3,338139 0,001533
джорджия 5,129899 0,002355
насчитывать 3,338139 0,001533
швеция 1,035554 0,001426
исчезновение 5,129899 0,002355
ਪ 1,664163 0,000764
лесото 4,031286 0,001851
классификация 2,732003 0,001254
ਬ 1,664163 0,000764
отметить 2,134166 0,000980
viaf 2,490841 0,002287
иордания 3,338139 0,001533
йемен 4,031286 0,001851
афина 2,421849 0,003336
параспорт 5,129899 0,002355
creativ 0,986764 0,000453
решительный 3,743604 0,001719
română 1,122566 0,000515
гамбия 3,743604 0,001719
непал 4,031286 0,001851
toronto 3,338139 0,001533
элемент 0,925206 0,000425
nkc 1,574551 0,000723
использоваться 1,159607 0,001065
координационный 4,436752 0,004074
спортивный 0,301585 0,001662
шри 3,520461 0,001616
portuguê 1,035554 0,000475
сьерра 3,520461 0,001616
голбол 5,129899 0,002355
впервые 0,839439 0,000771
бенин 3,520461 0,001616
oʻzbekcha 1,140915 0,000524
открытие 1,695912 0,003115
раз 0,485508 0,000446
ўзбекча 1,140915 0,000524
latviešu 1,052361 0,000483
доказать 2,644992 0,001214
образование 2,038856 0,000936
российский 0,224624 0,000413
ран 3,520461 0,001616
испания 1,159607 0,001065
цель 1,238078 0,001705
необходимо 1,994404 0,000916
сток 5,129899 0,016487
полномочие 3,183989 0,001462
экономический 2,732003 0,001254
версия 0,393700 0,000542
людвига 5,129899 0,004711
интернет 1,574551 0,000723
сочить 0,853233 0,001175
нью 2,185460 0,002007
зарегистрировать 0,711058 0,000653
макао 4,436752 0,002037
израиль 2,085376 0,001915
тем 1,217876 0,001678
назвать 0,940244 0,000432
اردو 1,574551 0,000723
без 0,466460 0,000214
между 0,955511 0,000439
знак 0,986764 0,000453
правый 0,971016 0,000446
сеул 2,644992 0,002429
арнем 5,129899 0,004711
соответствие 1,002764 0,000921
велосипедный 3,520461 0,001616
гейло 5,129899 0,004711
европа 0,393700 0,000181
сеть 1,258698 0,000578
связывать 3,743604 0,001719
параолимпийский 4,436752 0,014260
редакция 0,940244 0,000432
мексика 2,239527 0,001028
посол 0,301585 0,000277
медиафайлы 1,217876 0,000559
королев 3,338139 0,001533
саудовский 1,834062 0,000842
galego 1,178655 0,000541
старый 1,159607 0,000532
page 0,986764 0,000453
treccani 2,827314 0,001298
короткий 0,699082 0,000321
палестина 3,743604 0,001719
пандемия 2,421849 0,001112
нижний 0,955511 0,000439
тобаго 3,183989 0,001462
поражение 1,122566 0,001031
оаэ 2,357310 0,001082
оба 1,368699 0,000628
служебный 0,955511 0,000439
кодекс 0,971016 0,000446
central 2,732003 0,001254
война 1,695912 0,002336
канада 0,867219 0,001195
уругвай 2,732003 0,001254
associ 0,986764 0,000453
торонто 3,183989 0,004386
поначалу 3,338139 0,001533
культура 1,392229 0,001278
ирак 3,338139 0,001533
свободный 0,867219 0,000398
единообразный 4,436752 0,002037
иран 2,827314 0,001298
применяться 1,217876 0,001678
родезия 4,436752 0,002037
марин 3,183989 0,001462
статья 0,495170 0,001137
interlingu 2,239527 0,001028
wikimedia 0,986764 0,000453
отношение 1,301257 0,000597
бюро 4,031286 0,001851
мировой 0,955511 0,000877
гейдельберг 5,129899 0,004711
ελληνικά 1,086847 0,000499
бочча 5,129899 0,002355
укреплять 5,129899 0,002355
получить 0,384967 0,000530
беларусь 1,279751 0,000588
язык 0,925206 0,002124
нидерланды 1,518981 0,001395
эквадор 2,932674 0,001346
реабилитационный 5,129899 0,002355
tiktok 2,490841 0,001144
государственный 1,871802 0,001719
передать 2,134166 0,000980
архивировать 1,104547 0,002536
леона 1,633391 0,000750
мандевильскими 5,129899 0,002355
lnb 4,031286 0,001851
viii 2,932674 0,002693
связанный 0,786093 0,001444
босния 2,644992 0,001214
фрг 2,564949 0,001178
риа 1,466337 0,000673
милан 1,574551 0,001446
melayu 1,368699 0,000628
алжир 3,338139 0,001533
прочий 1,069456 0,000982
эмблема 2,564949 0,001178
эрншёльдсвик 5,129899 0,004711
wayback 1,633391 0,000750
люк 3,743604 0,001719
italiano 1,035554 0,000475
год 0,099461 0,001735
эстония 2,296685 0,001054
международный 0,466460 0,002784
лечение 3,743604 0,001719
հայերեն 1,198073 0,000550
комитет 1,368699 0,003771
башҡортса 1,518981 0,000697
бермудский 4,031286 0,001851
сент 2,564949 0,001178
гана 3,183989 0,001462
передвигаться 3,338139 0,001533
выездка 5,129899 0,002355
сербия 2,134166 0,001960
мая 0,986764 0,000453
euskara 1,122566 0,000515
повседневный 3,520461 0,001616
бутан 3,743604 0,001719
српскохрватски 1,416327 0,000650
рим 2,239527 0,004113
альбервиль 3,520461 0,003233
freedom 5,129899 0,002355
рио 2,296685 0,002109
албания 2,932674 0,001346
катар 2,421849 0,001112
универсальный 1,911023 0,001755
bokmål 1,069456 0,000491
текущий 0,867219 0,000398
страна 0,641262 0,001472
молдова 2,932674 0,001346
мальдивы 4,436752 0,002037
помощник 2,134166 0,000980
инструмент 0,881403 0,000809
railcard 5,129899 0,002355
дефлимпиада 5,129899 0,002355
гры 3,743604 0,001719
создать 0,773190 0,001065
такой 0,735450 0,000338
полноценный 2,827314 0,001298
вместе 1,178655 0,000541
pidgin 5,129899 0,002355
брекеты 5,129899 0,002355
asturianu 1,323236 0,000608
сомали 4,031286 0,001851
винсент 3,338139 0,001533
کوردی 1,762603 0,000809
проходить 0,867219 0,001195
печать 0,955511 0,000877
русый 1,368699 0,002514
íslenska 1,392229 0,000639
летний 0,619039 0,002558
том 3,050457 0,001401
afrikaan 1,441019 0,000662
фонд 0,895792 0,000823
олимпиада 0,576022 0,000793
тот 0,393700 0,001446
самоа 3,743604 0,001719
обсуждение 0,867219 0,000796
лихтенштейн 3,183989 0,001462
тинь 5,129899 0,004711
указать 1,198073 0,000550
организация 0,663991 0,001524
titl 0,986764 0,000453
соглашение 1,466337 0,001346
премия 2,357310 0,001082
гайана 4,031286 0,001851
тринидад 3,050457 0,001401
товарный 0,986764 0,000453
рецепт 4,031286 0,003702
история 0,270086 0,000620
македонский 1,258698 0,000578
перо 2,827314 0,001298
употребляться 3,520461 0,001616
длить 0,146292 0,001209
норвегия 1,279751 0,001763
ழ 1,492313 0,000685
хорватия 2,296685 0,001054
согласно 1,574551 0,000723
histori 1,762603 0,000809
название 1,035554 0,002853
поиск 0,711058 0,000653
game 1,797694 0,001651
конвенция 5,129899 0,002355
gĩkũyũ 3,743604 0,001719
ванкувер 2,644992 0,002429
бруней 4,031286 0,001851
oldid 0,986764 0,000453
как 0,232059 0,000320
первое 0,393700 0,000904
участник 0,799165 0,001101
ливия 3,520461 0,001616
гаити 3,338139 0,001533
лыжа 0,925206 0,000425
суринам 4,031286 0,001851
условие 0,334108 0,000614
помогать 2,134166 0,000980
словосочетание 3,520461 0,001616
герцеговина 2,644992 0,001214
неспособность 4,436752 0,002037
достижение 1,279751 0,000588
xiii 2,932674 0,002693
принять 0,786093 0,001083
переосмыслить 4,436752 0,002037
cymraeg 1,574551 0,000723
ненормативный 5,129899 0,002355
авторство 0,986764 0,000453
высокий 0,760451 0,000349
visit 5,129899 0,002355
второй 0,576022 0,000529
вековой 5,129899 0,002355
català 1,086847 0,000499
специальный 1,217876 0,002237
dansk 1,069456 0,000491
новый 0,239550 0,000330
поведение 0,839439 0,000385
hausa 2,732003 0,001254
медальный 1,797694 0,001651
еще 0,167054 0,000077
теннис 0,475938 0,000437
бангладеш 3,520461 0,001616
గ 2,038856 0,000936
гуттман 5,129899 0,007066
литва 2,239527 0,001028
enciclopedia 3,183989 0,001462
гренада 4,436752 0,002037
فارسی 1,104547 0,000507
менее 1,258698 0,000578
мозг 3,050457 0,004202
лаос 4,031286 0,001851
త 2,038856 0,000936
pass 3,338139 0,001533
беларуская 1,069456 0,000491
конго 3,183989 0,002924
чехословакия 2,038856 0,000936
помощь 1,368699 0,000628
судан 3,743604 0,001719
а 0,209918 0,000482
в 0,017911 0,000452
ల 2,038856 0,000936
заболевание 4,031286 0,001851
г 0,925206 0,000850
викимедиа 0,986764 0,000453
д 0,895792 0,001234
е 0,867219 0,000398
и 0,023953 0,000451
камбоджа 4,031286 0,001851
к 0,132686 0,000366
м 0,534779 0,000246
вплоть 1,871802 0,000859
azərbaycanca 1,258698 0,000578
о 0,042302 0,000136
пакистан 4,031286 0,001851
венесуэла 3,338139 0,001533
с 0,036149 0,000614
исследование 2,038856 0,001872
средство 1,664163 0,000764
теория 2,357310 0,001082
китай 1,695912 0,002336
скачать 0,895792 0,000823
они 0,524729 0,000482
дополнительный 0,940244 0,000432
антигуа 4,031286 0,001851
футбол 0,247097 0,000227
сила 1,279751 0,000588
мир 0,277868 0,000128
атлетика 0,955511 0,000439
by 0,971016 0,000446
регби 0,955511 0,000439
португалия 1,994404 0,000916
русский 0,760451 0,001746
копия 1,416327 0,000650
cc 0,986764 0,000453
cg 5,129899 0,002355
австрия 1,871802 0,002578
исландия 2,644992 0,001214
ангола 3,338139 0,001533
прототип 3,183989 0,001462
bikol 2,732003 0,001254
голландский 3,183989 0,001462
спинномозговой 5,129899 0,002355
город 1,069456 0,000491
аргумент 2,827314 0,001298
соломонов 4,031286 0,001851
неофициальный 2,134166 0,000980
верде 3,183989 0,001462
粵語 1,178655 0,000541
отец 2,239527 0,001028
викиданных 0,986764 0,000453
தம 1,492313 0,000685
каталанский 1,695912 0,000779
либерия 4,031286 0,001851
нумерация 4,031286 0,001851
северный 1,492313 0,000685
начаться 1,518981 0,000697
каталог 1,301257 0,000597
викискладе 1,217876 0,000559
ампутированный 5,129899 0,002355
жанейро 2,421849 0,002224
согласовывать 5,129899 0,002355
сноуборд 1,178655 0,000541
закрытие 2,732003 0,002509
австралия 1,664163 0,001528
индонезия 3,050457 0,001401
xvii 2,490841 0,001144
последствие 3,050457 0,001401
порядок 1,664163 0,000764
олимпийский 0,342407 0,001729
читать 0,555188 0,000255
արեւմտահայերէն 2,564949 0,001178
потребность 4,436752 0,002037
финансироваться 5,129899 0,002355
сидячий 4,031286 0,001851
англ 1,159607 0,008519
волейбол 0,955511 0,000439
британский 2,239527 0,002056
видео 0,699082 0,000321
чехия 1,258698 0,000578
польша 1,762603 0,000809
академический 1,546380 0,002130
плавание 1,178655 0,000541
биатлон 0,485508 0,000223
перенести 1,633391 0,000750
пожертвовать 0,940244 0,000432
лишь 1,159607 0,000532
туркменистан 3,183989 0,001462
япония 1,279751 0,002350
ссылка 0,699082 0,002568
паралимпийскими 5,129899 0,002355
relay 4,436752 0,002037
виноградов 3,520461 0,001616
srpskohrvatski 1,416327 0,000650
тимор 4,436752 0,002037
中文 1,035554 0,000475
сторонник 3,520461 0,001616
основа 1,301257 0,000597
foundat 0,986764 0,000453
кругосвет 1,994404 0,000916
отв 5,129899 0,002355
параллелизм 5,129899 0,002355
заезд 3,520461 0,001616
мпк 5,129899 0,002355
швейцария 1,258698 0,000578
гуттмана 5,129899 0,002355
среди 0,597299 0,000274
мьянма 3,743604 0,001719
таджикистан 3,520461 0,001616
латвия 1,664163 0,000764
совпадать 2,732003 0,001254
нейрохирург 5,129899 0,002355
конечность 3,520461 0,003233
нигер 4,031286 0,001851
филиппина 3,050457 0,001401
https 0,699082 0,000321
ii 2,239527 0,002056
отдельный 0,955511 0,000877
мобильный 0,555188 0,000255
татарча 1,392229 0,000639
tiếng 1,140915 0,000524
брисбен 3,743604 0,001719
עברית 1,052361 0,000483
index 0,986764 0,000453
дания 1,834062 0,000842
iv 2,644992 0,002429
ix 2,564949 0,003533
изначально 2,038856 0,000936
должен 0,597299 0,000274
избранный 0,955511 0,000439
греция 1,994404 0,001831
ള 1,695912 0,000779
документ 2,038856 0,000936
танец 2,932674 0,001346
написание 2,564949 0,004711
приезд 3,743604 0,001719
инклюзия 5,129899 0,002355
стать 0,217244 0,000299
трудотерапия 5,129899 0,002355
обучение 2,239527 0,002056
позвоночник 3,743604 0,001719
керлинг 1,086847 0,000499
руанда 4,031286 0,001851
обращение 0,910391 0,002090
восстанавливать 4,436752 0,002037
это 0,181139 0,000166
dpi 5,129899 0,002355
малайзия 2,827314 0,001298
libri 4,436752 0,002037
код 0,971016 0,004458
лука 1,104547 0,000507
маврикий 4,436752 0,002037
ko 3,183989 0,001462
ветеран 1,994404 0,002747
египет 2,827314 0,001298
torch 5,129899 0,002355
кот 3,183989 0,001462
url 0,986764 0,000453
законодательство 2,932674 0,001346
сентябрь 1,035554 0,005706
доступный 0,955511 0,000439
таиланд 2,732003 0,001254
сантиметр 0,955511 0,001755
законодательный 5,129899 0,002355
войти 0,608110 0,000558
управлять 2,357310 0,001082
анджелес 1,492313 0,001370
или 0,576022 0,000264
финляндия 1,323236 0,000608
пособие 3,338139 0,003065
ქართული 1,392229 0,000639
қазақша 1,178655 0,000541
барбуда 4,031286 0,001851
авив 4,031286 0,003702
принсипи 4,031286 0,001851
защита 1,441019 0,001323
остров 2,357310 0,005412
политик 0,224624 0,000103
www 1,392229 0,001278
буква 2,357310 0,001082
bne 2,932674 0,001346
ямайка 2,932674 0,001346
уход 1,834062 0,000842
зеландия 2,490841 0,001144
особый 1,994404 0,000916
bnf 1,834062 0,000842
югославия 2,134166 0,000980
учетный 0,986764 0,000453
гонконг 3,050457 0,001401
объект 2,732003 0,003763
представиться 0,986764 0,000453
бельгия 2,038856 0,000936
программа 0,799165 0,000734
ئۇيغۇرچە 2,644992 0,001214
пхёнчхан 3,520461 0,003233
корейский 2,134166 0,000980
тайвань 3,183989 0,001462
сенегал 3,520461 0,001616
солт 2,644992 0,002429
ස 1,834062 0,000842
paraplegia 5,129899 0,002355
февраль 0,202645 0,000372
гренадины 3,743604 0,001719
ошибка 0,576022 0,000264
вопрос 1,104547 0,000507
колясочник 4,031286 0,005553
германий 0,723179 0,000664
словакия 1,664163 0,000764
игра 0,112619 0,003102
поскольку 1,728701 0,000794
атлет 1,951845 0,000896
паралич 4,436752 0,002037
орфографический 4,436752 0,006111
доступность 4,436752 0,004074
deutsch 1,052361 0,000483
марта 0,853233 0,007052
имя 1,178655 0,001623
ответ 2,239527 0,001028
больший 0,457070 0,001049
nederland 1,019025 0,000468
считаться 1,441019 0,000662
чили 2,932674 0,001346
событие 0,565551 0,000779
использование 0,277868 0,000383
август 1,035554 0,009034
допустимый 2,644992 0,001214
extrem 4,031286 0,001851
материал 0,309617 0,000142
соревнование 0,411400 0,001700
гватемала 3,050457 0,001401
кук 0,971016 0,000446
лицензия 0,971016 0,000446
лейк 2,357310 0,002165
ипо 5,129899 0,002355
архивный 1,518981 0,000697
заимствование 4,031286 0,001851
instagram 1,911023 0,000877
føroyskt 2,085376 0,000957
зимний 0,663991 0,002744
практик 2,239527 0,002056
ботсвана 3,743604 0,001719
ряд 1,198073 0,001100
навигация 0,986764 0,001359
поворотный 4,031286 0,001851
страница 0,910391 0,002926
куб 2,932674 0,001346
мочь 0,350775 0,000322
сан 2,038856 0,001872
кабо 3,338139 0,001533
запись 0,910391 0,000418
qr 0,986764 0,000453
пренебрежительный 4,436752 0,002037
африка 2,296685 0,001054
девятая 3,743604 0,001719
бурный 3,743604 0,001719
правило 0,986764 0,000453
гиннессом 5,129899 0,002355
сохранение 0,971016 0,000446
паратриатлон 2,490841 0,001144
吴语 1,238078 0,000568
азербайджан 2,357310 0,001082
ортезы 5,129899 0,002355
hrvatski 1,052361 0,000483
оргкомитет 4,031286 0,001851
дать 0,608110 0,000279
персональный 0,723179 0,000332
английский 1,574551 0,001446
ru 0,285712 0,000394
действовать 0,825834 0,000379
организовать 1,466337 0,000673
аудио 1,951845 0,000896
исп 3,183989 0,001462
преодолевать 2,932674 0,001346
инвалид 3,338139 0,022990
sa 0,986764 0,000453
occitan 1,466337 0,000673
церемония 2,134166 0,005879
параплегики 5,129899 0,002355
дата 0,799165 0,001835
вернуться 0,986764 0,000906
nynorsk 1,546380 0,000710
больной 4,031286 0,001851
того 0,955511 0,000877
вы 0,309617 0,000142
барселона 1,416327 0,001301
медалист 3,183989 0,001462
проводить 0,910391 0,000418
китайский 1,069456 0,000982
исчезнуть 2,932674 0,001346
intern 2,357310 0,001082
кипр 2,827314 0,001298
español 1,019025 0,000468
равноправие 5,129899 0,002355
россия 0,139466 0,000256
личной 1,664163 0,000764
tagalog 1,911023 0,000877
bosanski 1,345709 0,000618
порно 5,129899 0,002355
паралимпийского 4,031286 0,003702
энциклопедия 0,986764 0,000906
свое 0,457070 0,000210
български 1,086847 0,000499
образовательный 2,421849 0,001112
чтобы 0,773190 0,000355
январь 0,786093 0,001805
панама 3,338139 0,001533
to 2,038856 0,000936
госпиталь 5,129899 0,002355
παρά 5,129899 0,002355
настольный 1,198073 0,000550
проведение 1,104547 0,002536
де 0,955511 0,001316
гондурас 3,520461 0,001616
организоваться 3,520461 0,001616
казахстан 1,217876 0,000559
необходимость 2,185460 0,001003
сайт 0,411400 0,000567
icc 5,129899 0,002355
американский 0,910391 0,000418
до 0,239550 0,000110
др 2,490841 0,001144
другой 0,188256 0,000691
папуа 3,743604 0,001719
сюда 0,986764 0,000453
люксембург 2,564949 0,001178
независимый 2,357310 0,001082
пар 1,416327 0,000650
цитировать 0,925206 0,000425
физиотерапия 5,129899 0,002355
терапия 5,129899 0,002355
регулярно 1,871802 0,000859
азия 1,834062 0,000842
norsk 1,052361 0,000966
лондон 1,911023 0,002632
баскетбол 0,723179 0,000332
число 0,955511 0,000877
vi 2,732003 0,002509
факт 1,797694 0,000825
гребля 1,518981 0,001395
вид 0,393700 0,001446
же 0,853233 0,003526
волшебный 1,695912 0,000779
горный 2,644992 0,001214
русиньскый 2,732003 0,001254
isbn 1,633391 0,001500
polski 1,035554 0,000475
юар 2,490841 0,001144
сингапур 2,732003 0,001254
что 0,195425 0,000538
common 0,986764 0,000453
править 0,544931 0,005004
за 0,125952 0,000173
логопедия 5,129899 0,002355
медаль 0,619039 0,000284
доп 3,050457 0,001401
org 0,986764 0,001812
зачет 1,416327 0,001301
педагогика 5,129899 0,002355
xi 2,932674 0,002693
ампеццо 2,490841 0,002287
некоммерческий 0,986764 0,000453
следж 4,031286 0,001851
проектирование 5,129899 0,002355
венгрия 2,134166 0,000980
великобритания 1,664163 0,002292
мокнуть 1,574551 0,002169
токио 2,296685 0,004218
традиционно 2,296685 0,001054
xv 2,732003 0,001254
из 0,106018 0,000341
xx 1,546380 0,000710
коррекционный 5,129899 0,002355
случайный 0,986764 0,000453
указание 0,986764 0,000453
скрытый 1,052361 0,000483
малави 3,743604 0,001719
сурдлимпийские 4,436752 0,002037
их 0,799165 0,000367
сурдлимпийский 5,129899 0,002355
српски 1,035554 0,000475
восточный 1,911023 0,000877
объединить 1,994404 0,000916
фиджи 3,743604 0,001719
кувейт 3,520461 0,001616
хоккей 0,285712 0,000131
греча 3,338139 0,001533
мандевиль 5,129899 0,004711
тель 4,031286 0,003702
work 3,520461 0,001616
служба 1,279751 0,000588
словения 2,357310 0,001082
лопатин 4,436752 0,002037
технический 1,416327 0,000650
зимбабве 3,338139 0,001533
аргентина 1,951845 0,000896
мадагаскар 3,520461 0,001616
srpski 1,035554 0,000475
движение 1,728701 0,003175
zw 5,129899 0,002355
уганда 3,183989 0,001462
марокко 2,932674 0,001346
октябрь 1,019025 0,002807
эйблизм 5,129899 0,002355
iii 2,490841 0,002287
ирландия 2,185460 0,001003
лыжный 0,675551 0,000310
который 0,325878 0,001646
постоянный 0,881403 0,000405
искусство 2,296685 0,001054
легкий 0,895792 0,000411
турция 1,664163 0,000764
türkçe 1,052361 0,000483
вне 2,038856 0,000936
привести 1,466337 0,000673
вьетнам 3,520461 0,001616
вануату 4,436752 0,002037
facebook 1,994404 0,000916
акт 4,436752 0,002037
паралимпи 5,129899 0,002355
случай 0,867219 0,000398
сми 1,546380 0,000710
жизнедеятельность 5,129899 0,004711
кения 3,183989 0,001462
первоначально 1,951845 0,000896
соревноваться 1,871802 0,000859
сити 1,546380 0,001420
америка 1,279751 0,000588
한국어 1,035554 0,000475
арена 1,104547 0,000507
создание 1,633391 0,001500
dello 3,183989 0,001462
мейнстриминг 5,129899 0,002355
начало 0,760451 0,000349
место 0,402511 0,000554
ខ 3,183989 0,001462
успешный 1,345709 0,000618
бисау 3,338139 0,001533
фасо 3,520461 0,001616
мы 0,195425 0,000090
участие 0,457070 0,001049
барбадос 3,743604 0,001719
на 0,023953 0,000253
свежий 0,839439 0,000385
simpl 1,140915 0,000524
ភ 3,183989 0,001462
не 0,099461 0,000228
использовать 0,940244 0,000863
выбор 1,834062 0,000842
ម 3,183989 0,001462
xii 3,183989 0,002924
каждый 0,812411 0,000373
задний 2,421849 0,001112
រ 3,183989 0,001462
танзания 3,520461 0,001616
параолимпи 5,129899 0,002355
онлайн 0,773190 0,000355
ស 3,183989 0,001462
но 0,402511 0,000185
xiv 2,490841 0,002287
писать 2,644992 0,001214
uyghurch 2,644992 0,001214
внешний 1,104547 0,000507
категория 0,881403 0,001619
ванг 5,129899 0,002355
норвежский 1,345709 0,000618
начинать 1,140915 0,002095
независимо 2,932674 0,001346
талисман 3,743604 0,001719
magyar 1,086847 0,000499
подписать 1,492313 0,000685
андорра 3,050457 0,001401
модель 2,490841 0,003431
об 0,217244 0,000199
уровень 1,086847 0,000499
оман 3,520461 0,001616
person 3,743604 0,001719
орган 2,134166 0,001960
федеральный 1,834062 0,001684
дума 5,129899 0,002355
справка 0,986764 0,000906
называться 1,603538 0,000736
армения 2,564949 0,001178
он 0,475938 0,000437
управляться 4,031286 0,001851
развитие 1,140915 0,000524
от 0,160085 0,000368
форум 0,867219 0,000398
статистика 0,630089 0,000579
официальный 0,735450 0,001688
эрншёльдсвике 5,129899 0,002355
ларусса 3,338139 0,001533
википедия 0,986764 0,000453
инвалидность 5,129899 0,023553
മലയ 1,695912 0,000779
сведение 0,786093 0,000361
по 0,073653 0,000203
монгол 1,518981 0,000697
inc 0,986764 0,000453
коста 2,932674 0,001346
травма 1,122566 0,001546
ввести 1,695912 0,000779
улучшение 2,827314 0,001298
кыргызча 2,085376 0,000957
сообщество 0,910391 0,000418
учреждение 3,050457 0,001401
сейшелы 4,031286 0,001851
википедии 0,986764 0,000906
термин 1,345709 0,004943
переть 0,359214 0,000165
источник 0,786093 0,000722
