вывести 2,357310 0,003706
финал 0,699082 0,004397
слух 2,490841 0,003916
ру 1,994404 0,003136
лента 1,518981 0,009553
новый 0,239550 0,001507
ак 1,695912 0,002667
фетисов 3,743604 0,011772
найти 1,122566 0,001765
установить 1,279751 0,002012
еще 0,167054 0,000525
спорт 0,125952 0,006139
просмотр 0,925206 0,001455
набрать 1,368699 0,002152
добро 3,338139 0,015746
со 0,447767 0,001408
путешествие 2,827314 0,004445
сборная 0,342407 0,002154
йорк 2,239527 0,003521
под 0,723179 0,001137
заявление 0,799165 0,001257
приход 2,421849 0,003808
швеция 1,035554 0,001628
предложить 1,441019 0,004532
превзойти 2,932674 0,004611
тайм 1,633391 0,002568
женский 0,663991 0,001044
в 0,017911 0,000507
ледяной 3,338139 0,005249
драфта 3,520461 0,005535
реклама 0,687247 0,002161
и 0,023953 0,000226
интер 1,633391 0,002568
й 0,825834 0,007791
известный 0,986764 0,001552
бы 1,052361 0,001655
к 0,132686 0,000209
м 0,534779 0,005045
о 0,042302 0,000466
кхл 0,760451 0,004783
исследование 2,038856 0,003206
с 0,036149 0,000171
оружие 2,421849 0,003808
она 0,597299 0,000939
ru 0,285712 0,001348
у 0,342407 0,001077
фитнес 1,546380 0,002431
ядерный 3,743604 0,005886
ctrl 3,520461 0,005535
смочь 1,069456 0,001682
вк 3,520461 0,005535
использоваться 1,159607 0,001823
авто 0,925206 0,001455
сезон 0,723179 0,002274
ценность 2,932674 0,004611
известно 1,871802 0,002943
мир 0,277868 0,000874
вернуться 0,986764 0,001552
впервые 0,839439 0,002640
важность 4,436752 0,006976
запад 2,085376 0,003279
структура 1,574551 0,002476
чемпионат 0,188256 0,000592
вы 0,309617 0,000974
term 3,338139 0,005249
теперь 0,971016 0,001527
российский 0,224624 0,001413
дело 1,664163 0,002617
выиграть 0,485508 0,000763
обитание 3,743604 0,005886
трактор 1,994404 0,003136
драка 2,134166 0,003356
россия 0,139466 0,001754
интернет 1,574551 0,002476
атлетико 1,911023 0,003005
ооо 1,871802 0,005886
нью 2,185460 0,003436
миннесоте 5,129899 0,008066
рекорд 0,955511 0,001502
свой 0,586604 0,000922
готовить 2,421849 0,003808
главный 0,565551 0,000889
израиль 2,085376 0,003279
требование 1,797694 0,002827
шайба 0,986764 0,003103
назвать 0,940244 0,002957
пообещать 3,520461 0,005535
появиться 1,159607 0,003647
украина 1,217876 0,001915
подробность 2,239527 0,007043
сайт 0,411400 0,001294
американский 0,910391 0,001431
отец 2,239527 0,003521
галерея 2,732003 0,004296
россиянин 0,971016 0,003054
претендент 2,296685 0,003611
видылетние 3,743604 0,005886
почетный 2,421849 0,003808
legal 3,743604 0,005886
начать 1,279751 0,002012
такера 3,520461 0,005535
уничтожение 3,743604 0,005886
силовой 2,296685 0,003611
карабах 2,038856 0,003206
европа 0,393700 0,000619
показать 0,504926 0,000794
эмоция 2,357310 0,003706
юлаев 2,185460 0,003436
erid 2,239527 0,003521
посол 0,301585 0,001897
себя 0,597299 0,001878
забросить 2,421849 0,003808
обменять 3,338139 0,005249
олимпийский 0,342407 0,002692
период 1,035554 0,001628
сибирь 2,038856 0,003206
клуб 0,652562 0,002052
vk 1,441019 0,004532
описать 2,357310 0,003706
знать 1,345709 0,002116
размещение 2,296685 0,003611
флаг 0,895792 0,001408
пенсия 3,743604 0,005886
древний 2,421849 0,003808
репарация 4,436752 0,006976
сравнить 3,183989 0,005006
дно 2,827314 0,004445
кучер 2,357310 0,003706
один 0,342407 0,000538
попасть 1,140915 0,001794
редакциярекламаконтактыпресс 3,743604 0,005886
поднять 2,185460 0,003436
видео 0,699082 0,003298
чехия 1,258698 0,003958
польша 1,762603 0,002771
релизытехподдержкаспецпроектывакансииrssправовая 3,743604 0,005886
что 0,195425 0,000307
отстранение 2,644992 0,004159
долина 3,338139 0,005249
за 0,125952 0,000396
оценить 1,603538 0,002521
канада 0,867219 0,002727
live 1,492313 0,004693
дерзкий 3,338139 0,005249
медаль 0,619039 0,000973
нажать 3,338139 0,005249
юнайтед 2,185460 0,003436
тюремный 3,743604 0,005886
последний 0,376309 0,000592
завершить 1,052361 0,013237
брать 2,239527 0,003521
культура 1,392229 0,002189
сыграть 0,839439 0,001320
xa 3,743604 0,005886
загрузка 3,338139 0,005249
чечня 3,743604 0,005886
архив 1,198073 0,001884
фаворит 2,134166 0,006711
обмен 2,732003 0,008591
видыхоккейавтоспортзож 3,743604 0,005886
статья 0,495170 0,000779
рейнджерс 2,038856 0,003206
инфекция 3,338139 0,005249
сша 0,586604 0,002767
захотеть 3,050457 0,004796
жалоба 2,644992 0,004159
пещера 3,520461 0,005535
одолеть 2,134166 0,003356
из 0,106018 0,000833
странный 2,490841 0,003916
техник 1,695912 0,002667
среда 1,871802 0,002943
ответить 1,664163 0,002617
швейцария 1,258698 0,001979
эксклюзивы 2,732003 0,004296
номер 1,392229 0,002189
фол 2,827314 0,004445
канадский 1,603538 0,007564
план 1,664163 0,002617
хоккей 0,285712 0,002246
спартак 0,711058 0,002236
оказаться 1,441019 0,002266
enter 3,338139 0,005249
фактор 2,421849 0,003808
сделать 0,853233 0,001342
команда 0,262364 0,000825
лицо 1,695912 0,002667
деактивировать 3,743604 0,005886
зеленскому 3,743604 0,005886
байер 1,994404 0,003136
лос 1,518981 0,007165
удивить 2,827314 0,004445
деньги 2,732003 0,004296
панарин 2,357310 0,022239
переговоры 2,239527 0,007043
овечкин 1,695912 0,013333
год 0,099461 0,000313
очки 0,940244 0,002957
единый 1,104547 0,001737
эстония 2,296685 0,003611
хотеть 1,104547 0,001737
обратиться 2,732003 0,004296
международный 0,466460 0,000733
армия 2,296685 0,003611
забота 3,338139 0,005249
матч 0,293617 0,008772
угроза 2,732003 0,004296
резкий 2,085376 0,003279
пожаловать 3,183989 0,005006
гретцки 3,050457 0,004796
деталь 2,644992 0,004159
стать 0,217244 0,000683
устроить 2,644992 0,004159
раскритиковать 3,520461 0,005535
дубль 2,644992 0,004159
ммазимние 3,743604 0,005886
трамп 3,338139 0,010497
ньюкасл 2,085376 0,003279
олимпиакос 2,085376 0,003279
двукратный 2,239527 0,003521
награда 1,279751 0,002012
обращение 0,910391 0,001431
задержать 2,644992 0,004159
динамо 0,663991 0,002088
ranyndt 3,743604 0,005886
следующий 0,853233 0,001342
спецпроект 1,994404 0,003136
массовый 1,466337 0,002306
это 0,181139 0,000570
перспектива 2,827314 0,004445
француз 2,239527 0,003521
победа 0,420369 0,000661
вещь 3,338139 0,005249
lenta 2,239527 0,003521
рассказать 1,122566 0,003530
сегодня 0,881403 0,001386
президент 1,035554 0,001628
новость 0,285712 0,002695
сми 1,546380 0,002431
его 0,447767 0,002112
тренер 0,555188 0,000873
поколение 2,827314 0,004445
жизнь 0,881403 0,002772
только 0,447767 0,000704
жать 3,743604 0,005886
войти 0,608110 0,001912
глимт 2,038856 0,003206
мн 2,490841 0,003916
vkvideo 3,743604 0,011772
нхл 0,925206 0,013093
анджелес 1,492313 0,007039
финляндия 1,323236 0,002081
лига 0,325878 0,002050
cooki 2,564949 0,004033
турнир 0,293617 0,000462
фонбет 1,466337 0,004611
стыковой 1,911023 0,012019
память 2,185460 0,003436
допустить 1,546380 0,002431
летний 0,619039 0,000973
экономика 2,296685 0,003611
на 0,023953 0,000414
достигнуть 1,728701 0,002718
неизлечимый 3,743604 0,005886
олимпиада 0,576022 0,002717
включить 1,392229 0,002189
барс 1,492313 0,002346
опечатка 2,564949 0,004033
использовать 0,940244 0,001478
наиболее 1,466337 0,002306
соглашение 1,466337 0,002306
золотой 1,002764 0,001577
хороший 0,393700 0,000619
десять 1,797694 0,002827
брюгге 1,951845 0,003069
лавр 2,932674 0,004611
кучерове 5,129899 0,008066
неочевидный 3,338139 0,005249
капризова 5,129899 0,008066
карлсона 3,520461 0,005535
прокомментировать 2,085376 0,003279
отреагировать 2,085376 0,003279
появление 2,239527 0,003521
обычный 2,038856 0,003206
звезда 1,035554 0,003256
власть 2,421849 0,003808
количество 0,853233 0,001342
предательство 4,436752 0,006976
об 0,217244 0,000683
принести 1,871802 0,002943
латвийский 3,520461 0,005535
ои 0,812411 0,001277
продолжать 1,258698 0,001979
реальный 1,871802 0,005886
он 0,475938 0,001497
ссср 0,940244 0,002957
умереть 2,038856 0,006411
чемпион 0,334108 0,002627
крестный 4,031286 0,006339
от 0,160085 0,001007
февраль 0,202645 0,009559
одноклубник 3,183989 0,005006
престижный 2,085376 0,003279
буде 2,038856 0,003206
отметка 2,932674 0,004611
словакия 1,664163 0,002617
германий 0,723179 0,001137
всеолимпиадаставкифутболбокс 3,743604 0,005886
игра 0,112619 0,001062
вернуть 1,695912 0,002667
первое 0,393700 0,000619
размер 1,911023 0,003005
раскрытый 2,932674 0,004611
минь 2,134166 0,003356
все 0,067304 0,000212
принимать 0,955511 0,001502
условие 0,334108 0,000525
женева 3,050457 0,004796
главное 0,524729 0,001650
ok 3,743604 0,005886
по 0,073653 0,000347
встреча 1,368699 0,002152
федерация 0,495170 0,000779
салават 2,085376 0,003279
срок 1,546380 0,002431
где 0,675551 0,001062
интервью 0,971016 0,001527
третьяк 3,743604 0,005886
хоккеист 1,633391 0,023114
высказаться 1,695912 0,005333
кто 0,747872 0,001176
достижение 1,279751 0,002012
раскрыть 1,871802 0,002943
канадец 2,421849 0,007616
видеть 1,994404 0,003136
улучшение 2,827314 0,004445
информациямини 3,743604 0,005886
материал 0,309617 0,000487
наука 2,732003 0,004296
быть 0,119263 0,000563
нынешний 2,085376 0,003279
