состояться 1,140915 0,000672
поездка 3,520461 0,000160
долгий 1,728701 0,000078
банк 2,490841 0,000565
зажечь 3,743604 0,000170
формула 1,574551 0,000214
эдгар 3,743604 0,000170
оборона 2,732003 0,000867
экономия 5,129899 0,000233
крестообразный 3,520461 0,000160
казак 5,129899 0,000233
экспорт 0,986764 0,000045
тосно 2,932674 0,000266
собственник 4,436752 0,000201
белград 3,520461 0,000160
летопись 3,743604 0,000339
switzerland 5,129899 0,000233
стабильный 2,085376 0,000095
семака 3,743604 0,000170
стр 2,564949 0,011744
дубай 2,185460 0,000099
полгода 3,338139 0,000303
текстильщик 2,932674 0,000266
соловей 3,338139 0,000605
čeština 1,035554 0,000047
продолжаться 1,951845 0,000177
aragoné 1,762603 0,000080
вэба 5,129899 0,000233
суд 2,421849 0,000439
новосибирск 2,490841 0,000113
серебряный 1,368699 0,000434
викисклад 1,035554 0,000188
здание 3,338139 0,000151
металлург 1,834062 0,000249
пройти 0,544931 0,000222
майя 2,421849 0,000329
резервный 2,932674 0,000665
юношеский 1,574551 0,000214
аякс 3,520461 0,000319
окончательно 2,564949 0,000116
расформирование 4,031286 0,000183
драка 2,134166 0,000290
d 2,185460 0,000099
f 2,564949 0,000116
весной 2,564949 0,000581
g 2,490841 0,000113
h 2,490841 0,000339
тишки 5,129899 0,000465
m 2,296685 0,000104
несовершеннолетний 5,129899 0,000465
юрина 4,436752 0,000201
шалька 3,338139 0,000151
найтись 4,031286 0,000183
фернандес 3,520461 0,000638
сильный 1,198073 0,000489
w 0,955511 0,000043
x 1,279751 0,000116
журавлевый 5,129899 0,000233
рефери 2,932674 0,000133
славий 4,031286 0,000366
жамалетдин 5,129899 0,000233
назаренко 4,436752 0,000201
подробность 2,239527 0,000203
дмитрий 1,258698 0,002282
шапошников 5,129899 0,003488
руслан 2,564949 0,000233
пытаться 1,834062 0,000083
кадровый 2,932674 0,000133
окончание 1,546380 0,000981
леха 5,129899 0,000465
овертайме 2,038856 0,000092
судья 1,035554 0,000329
бульдозер 5,129899 0,000233
часы 1,911023 0,000173
коммерческий 2,185460 0,000099
система 0,799165 0,000109
фарада 5,129899 0,000465
манель 5,129899 0,000233
уверенно 2,490841 0,000790
июнь 1,198073 0,002390
надеяться 2,421849 0,000329
ивица 4,031286 0,000731
кристиян 5,129899 0,000233
пластиковый 3,183989 0,000144
штромбергер 5,129899 0,000233
иметь 1,069456 0,000388
председатель 2,038856 0,000555
посетить 2,421849 0,000110
ивицу 5,129899 0,000233
отчисление 4,031286 0,000183
вперед 1,797694 0,000489
унижение 4,031286 0,000183
отставка 2,932674 0,001064
богатый 2,644992 0,000120
выход 1,178655 0,000427
воронеж 2,732003 0,000124
последний 0,376309 0,000461
è 5,129899 0,000233
некоторый 2,644992 0,000480
лето 1,911023 0,000866
верхний 2,296685 0,000104
шелест 5,129899 0,000465
некоторые 1,198073 0,000272
курс 2,490841 0,000113
арсенал 1,323236 0,000120
сша 0,586604 0,000080
аппарат 3,183989 0,000144
июль 1,019025 0,001755
гринин 5,129899 0,001163
игнашевич 3,520461 0,001915
радимов 3,743604 0,000679
техник 1,695912 0,000077
недостаток 1,574551 0,000071
опередить 2,827314 0,000128
булат 4,031286 0,000366
нанси 5,129899 0,000698
зрение 2,296685 0,000104
подряд 1,258698 0,000856
вследствие 3,338139 0,000151
шаньдун 5,129899 0,000465
разработчик 0,971016 0,000044
чемпионский 1,574551 0,000357
еврокубковым 5,129899 0,000233
ноябрь 0,955511 0,004462
вклад 0,955511 0,000043
indonesia 1,086847 0,000049
фанат 1,762603 0,000479
колотовкин 5,129899 0,000930
очко 1,416327 0,000770
параллельно 2,357310 0,000107
нападать 1,518981 0,003512
очки 0,940244 0,001023
усилие 2,490841 0,001468
временить 1,140915 0,000414
перейти 0,586604 0,001250
подготовка 1,178655 0,000214
решать 2,564949 0,000116
японский 2,296685 0,000104
чоннам 5,129899 0,000233
коверов 5,129899 0,000233
top 1,695912 0,000077
тула 2,490841 0,000113
кайнов 5,129899 0,000233
сохраниться 2,932674 0,000133
чередоваться 3,338139 0,000151
слово 1,035554 0,000047
разница 1,728701 0,000549
цымбаларя 5,129899 0,000233
оступиться 5,129899 0,000233
синий 1,834062 0,001746
сильнейший 1,546380 0,000351
оздоровление 4,436752 0,000201
бобров 3,050457 0,002627
опорный 3,338139 0,000151
только 0,447767 0,000244
бизнесмен 3,050457 0,000138
привлечь 2,827314 0,000128
средний 1,441019 0,000131
бенфикой 3,183989 0,000289
com 0,925206 0,004152
магнуссон 5,129899 0,000233
далеко 2,564949 0,000116
турнир 0,293617 0,000359
сбить 3,050457 0,000138
хороший 0,393700 0,000999
призывать 4,031286 0,000183
добавить 1,518981 0,000275
григория 2,644992 0,001918
рената 3,743604 0,000170
вконтакте 1,911023 0,000087
перфоманс 4,436752 0,000201
навсегда 2,564949 0,000116
трансферный 2,421849 0,001208
включительно 2,827314 0,000128
оренбург 1,301257 0,000059
упорный 3,050457 0,000277
старков 4,031286 0,000183
продолжать 1,258698 0,000057
предыдущий 1,797694 0,000244
спортплощадка 5,129899 0,000233
лестер 4,031286 0,000183
ознаменоваться 3,338139 0,000151
напасть 5,129899 0,000233
институт 2,827314 0,000128
жестокий 4,031286 0,000183
дневный 5,129899 0,000233
идти 1,159607 0,000105
происхождение 2,827314 0,000385
хуанде 5,129899 0,000465
слабый 2,134166 0,000290
расположиться 3,743604 0,000170
появляться 2,038856 0,000092
заряд 5,129899 0,000233
примерный 2,085376 0,000095
отстать 2,932674 0,000931
минь 2,134166 0,000097
против 0,747872 0,001187
так 0,597299 0,000298
там 1,603538 0,000145
иногда 1,951845 0,000088
возникнуть 2,038856 0,000092
перевести 2,644992 0,000120
баз 1,664163 0,000302
уралмаш 3,520461 0,000319
бак 3,050457 0,000138
столичный 2,564949 0,001046
раскрыть 1,871802 0,000085
гарнизон 5,129899 0,000233
сдача 3,338139 0,000151
бразильский 2,357310 0,000748
вильягра 4,436752 0,000402
пермь 2,732003 0,000124
бутман 5,129899 0,000465
championat 1,834062 0,000333
sport 0,760451 0,001413
мурашко 5,129899 0,000233
океан 2,490841 0,000113
ростовский 2,932674 0,000665
жирков 3,743604 0,002206
рожерио 5,129899 0,000233
селекционный 4,436752 0,000201
просмотр 0,925206 0,000084
кредит 3,520461 0,000160
набрать 1,368699 0,000869
этот 0,350775 0,000334
аренда 1,728701 0,001411
спереди 3,743604 0,000170
недоступный 2,296685 0,000312
войтенко 5,129899 0,000465
признанный 2,038856 0,000647
хабаровск 2,490841 0,000226
бронзовый 1,345709 0,000427
глава 1,122566 0,000102
жермен 3,743604 0,000170
creativ 0,986764 0,000045
поклонник 2,732003 0,000248
трудность 2,827314 0,000128
развенчать 4,436752 0,000201
сложиться 2,490841 0,000113
створ 4,436752 0,000201
убыточный 4,031286 0,000183
немецкий 1,797694 0,000244
камень 2,732003 0,000372
warrior 4,031286 0,000183
элемент 0,925206 0,000084
позволить 2,085376 0,000756
молодить 5,129899 0,000233
спортивный 0,301585 0,000219
спонсор 1,664163 0,001961
многолетний 2,732003 0,000124
выступление 0,955511 0,000390
отдел 3,183989 0,000289
упустить 2,644992 0,000120
пожалуйста 1,633391 0,000074
рывок 4,436752 0,000201
обойтись 3,050457 0,000277
приехать 2,134166 0,000193
обстоять 4,031286 0,000366
team 2,490841 0,000113
прострел 5,129899 0,000233
основать 1,466337 0,000266
тем 1,217876 0,000773
популярный 1,392229 0,000126
видеооператор 4,436752 0,000201
без 0,466460 0,000359
дубинский 5,129899 0,000465
почетный 2,421849 0,000110
проигрывать 2,357310 0,000214
вынудить 2,185460 0,000099
самодин 5,129899 0,000233
juand 5,129899 0,000233
ватутинки 5,129899 0,000233
витесса 5,129899 0,000233
чеченский 4,436752 0,000201
иначе 1,834062 0,000166
оппв 4,436752 0,001609
складываться 3,338139 0,000454
манчестер 2,085376 0,000851
определять 2,185460 0,000099
бесчастных 4,436752 0,000201
период 1,035554 0,000469
бец 5,129899 0,000465
клуб 0,652562 0,006183
неисключительный 5,129899 0,000233
центральный 1,603538 0,001018
ассоциация 1,416327 0,000064
page 0,986764 0,000045
бороться 1,633391 0,000370
кроме 1,368699 0,000062
лоськов 3,743604 0,000339
нижний 0,955511 0,000173
бавария 1,994404 0,000181
всегда 1,258698 0,000057
ставрополь 2,932674 0,000133
грузинский 3,743604 0,000170
самохин 4,436752 0,000201
ярко 3,050457 0,000138
рамон 5,129899 0,000465
кодекс 0,971016 0,000044
обидеться 5,129899 0,000233
эксперт 2,134166 0,000097
рамос 4,436752 0,000603
бизнес 2,296685 0,000208
прага 2,932674 0,000133
тип 1,345709 0,000061
согласиться 2,357310 0,000107
прессинг 5,129899 0,000233
чередовать 3,743604 0,000170
никита 1,492313 0,000271
статья 0,495170 0,000696
хозяин 2,185460 0,000297
соответственно 2,134166 0,000097
повод 2,239527 0,000102
куравлёв 5,129899 0,000465
маношин 5,129899 0,000233
честь 1,911023 0,000260
одолеть 2,134166 0,000290
wciom 5,129899 0,000233
тархан 4,031286 0,002741
групповой 1,603538 0,001236
ελληνικά 1,086847 0,000049
пополниться 3,743604 0,002206
многий 2,296685 0,000104
делить 2,732003 0,000124
янкаускас 5,129899 0,000233
многие 1,178655 0,000160
sportbox 3,050457 0,000138
язык 0,925206 0,000084
редактирование 3,183989 0,000144
коллектив 2,644992 0,000120
ильин 3,183989 0,000289
бохум 5,129899 0,000233
имущество 3,743604 0,000170
неужели 4,436752 0,000201
различный 1,441019 0,000196
кфар 5,129899 0,000233
послевоенный 2,932674 0,000266
гость 1,994404 0,000904
милан 1,574551 0,000286
закрытый 1,911023 0,000087
зарубьян 5,129899 0,000233
эмблема 2,564949 0,000814
заместитель 2,827314 0,000769
право 2,239527 0,000102
выкупить 2,827314 0,000128
wayback 1,633391 0,000592
распространить 2,134166 0,000097
защитить 1,633391 0,000074
евсеев 3,520461 0,000160
международный 0,466460 0,000042
строчок 2,644992 0,000480
матч 0,293617 0,002809
мойзес 4,436752 0,000603
учитываться 2,357310 0,000107
дозаявок 5,129899 0,000233
заволочь 5,129899 0,000233
наравне 4,436752 0,000201
дубль 2,644992 0,001079
ванзел 5,129899 0,000233
euskara 1,122566 0,000051
делегация 3,050457 0,000138
масалитин 5,129899 0,001628
крупный 1,198073 0,000652
дорофеев 4,436752 0,000402
рамка 1,441019 0,000784
германа 4,436752 0,000603
текущий 0,867219 0,000157
экспресс 1,416327 0,000899
сегодня 0,881403 0,000040
вместо 1,633391 0,000889
страна 0,641262 0,000552
помощник 2,134166 0,000290
руководитель 2,239527 0,000102
вместе 1,178655 0,000214
предраг 4,436752 0,000402
долгов 4,436752 0,000201
чеснок 4,436752 0,001006
полуфинал 1,238078 0,000617
грушевский 5,129899 0,000233
лестница 3,520461 0,000638
гусаров 3,743604 0,000170
давид 2,827314 0,000256
کوردی 1,762603 0,000080
продолжить 1,492313 0,000406
проходить 0,867219 0,000275
баррель 5,129899 0,000233
íslenska 1,392229 0,000063
верховый 4,031286 0,000183
хариным 5,129899 0,000233
летний 0,619039 0,000337
марк 2,085376 0,000095
экономика 2,296685 0,000104
олимпиада 0,576022 0,000026
тот 0,393700 0,000660
обсуждение 0,867219 0,000079
барс 1,492313 0,000068
бруно 5,129899 0,000233
пятнадцать 3,338139 0,000151
три 1,178655 0,000267
алматинского 5,129899 0,000233
звезда 1,035554 0,000141
милиционер 5,129899 0,000233
марьяна 4,031286 0,000183
бог 2,932674 0,000133
бок 2,827314 0,000769
душанбе 4,436752 0,000402
площадка 1,574551 0,000214
решаться 2,827314 0,000128
руководить 2,085376 0,000284
вместимость 2,564949 0,000116
открытость 5,129899 0,000233
как 0,232059 0,000168
инициатива 2,134166 0,000097
фульда 5,129899 0,000233
солидный 4,031286 0,000548
отсутствовать 2,564949 0,000233
встреча 1,368699 0,001055
краткосрочный 5,129899 0,000233
тарашкевіца 1,198073 0,000054
немой 1,416327 0,000257
свисток 3,338139 0,000151
ярун 5,129899 0,000233
партнер 1,159607 0,000053
скорый 2,296685 0,000104
отыграться 2,357310 0,000855
санаторий 5,129899 0,000233
второе 0,839439 0,001218
эгида 1,728701 0,000078
гурий 4,436752 0,000201
яркий 1,762603 0,000080
активно 2,239527 0,000203
второй 0,576022 0,000522
трабзонспора 5,129899 0,000233
покрыть 3,050457 0,000138
сомнение 3,520461 0,000160
тур 1,159607 0,002786
учет 2,185460 0,000396
касаться 1,994404 0,000090
критиковать 3,338139 0,000151
машкарин 5,129899 0,000930
рейс 2,644992 0,000120
янбаев 4,031286 0,000183
конфликт 1,951845 0,000088
помощь 1,368699 0,000062
а 0,209918 0,001161
б 1,466337 0,000332
в 0,017911 0,000833
г 0,925206 0,001468
д 0,895792 0,000081
е 0,867219 0,001297
ж 2,644992 0,000600
и 0,023953 0,000442
newlist 5,129899 0,000233
й 0,825834 0,001460
к 0,132686 0,000253
м 0,534779 0,000461
н 0,895792 0,000365
о 0,042302 0,000063
санкт 1,279751 0,000116
р 2,239527 0,000203
с 0,036149 0,000397
исследование 2,038856 0,000185
у 0,342407 0,000528
х 0,986764 0,000224
течение 1,238078 0,000056
ч 2,644992 0,003237
отыграть 2,564949 0,000116
рулить 3,183989 0,000289
набежать 5,129899 0,000233
ю 1,834062 0,000166
я 0,747872 0,000170
похороны 4,436752 0,000201
сноска 1,951845 0,000177
сила 1,279751 0,000174
задержка 3,520461 0,000160
наступить 3,743604 0,000170
внутриармейский 5,129899 0,000233
обеспечить 2,296685 0,000104
итоговый 2,085376 0,000095
искать 2,732003 0,000124
структура 1,574551 0,000071
ювентус 2,357310 0,000427
deadlink 2,038856 0,000185
копия 1,416327 0,000514
екатеринбург 2,296685 0,000104
привлекаться 5,129899 0,000465
классический 1,834062 0,000166
атлетико 1,911023 0,000260
днепропетровск 3,743604 0,000170
айнтрахт 3,743604 0,000339
мощный 2,038856 0,000185
существование 2,085376 0,000095
раздеть 1,871802 0,000085
соответствующий 1,695912 0,000077
голландский 3,183989 0,000433
сергей 1,301257 0,004542
бычков 5,129899 0,000233
город 1,069456 0,000339
японец 2,564949 0,000116
粵語 1,178655 0,000053
неэнциклопедический 2,932674 0,000266
гильерме 4,436752 0,000201
тройка 2,421849 0,000110
сектор 2,564949 0,000233
саратовский 3,338139 0,000303
хапоэль 4,436752 0,000603
алания 2,932674 0,000798
охрана 4,031286 0,000183
построить 2,296685 0,000104
молде 5,129899 0,000233
вечный 2,644992 0,000120
выступить 1,238078 0,000112
требовать 1,466337 0,000133
закрытие 2,732003 0,000124
переживать 3,050457 0,000138
info 1,951845 0,000177
выигрыш 2,134166 0,000097
уралан 3,050457 0,000138
напрячь 2,564949 0,000116
окрошидзе 4,436752 0,000603
заслужить 2,357310 0,000107
карьер 0,925206 0,000377
ирина 2,732003 0,000124
дуда 4,436752 0,000603
йонас 4,436752 0,000201
тяжелый 0,940244 0,000170
рассматривать 2,732003 0,000124
сумма 1,518981 0,000344
ивуарийского 5,129899 0,000233
высоцкий 3,743604 0,000509
видео 0,699082 0,000032
акинфеева 4,436752 0,000402
перенести 1,633391 0,000222
бушмановым 5,129899 0,000233
распоряжение 2,932674 0,000133
кка 5,129899 0,000233
япония 1,279751 0,000058
московский 1,574551 0,004140
дородный 5,129899 0,000698
возобновить 3,183989 0,000144
воссоздание 4,436752 0,000201
квартет 5,129899 0,000233
помочь 1,238078 0,000337
раунд 1,546380 0,000981
середина 1,574551 0,000286
игдисамов 4,436752 0,000201
обляков 4,031286 0,000731
проявить 2,644992 0,000240
витесс 5,129899 0,000465
жребий 3,338139 0,000151
делать 1,392229 0,000063
крылов 2,932674 0,000266
остаться 1,301257 0,000531
переправить 5,129899 0,000233
тбилисский 3,520461 0,000479
уволить 2,421849 0,000988
преимущество 1,951845 0,000354
арарат 3,338139 0,000454
воспользоваться 2,644992 0,000120
обязаться 5,129899 0,000233
девятый 2,490841 0,000339
ушаков 4,436752 0,000402
конвертация 5,129899 0,000465
миланова 5,129899 0,000698
добавлять 3,743604 0,000170
аркадьева 4,436752 0,000201
голкипер 2,732003 0,000372
ульянов 3,520461 0,000319
тренировочный 1,834062 0,000166
госкорпорация 5,129899 0,000465
manag 3,338139 0,000151
дивеев 3,520461 0,000319
нигериец 5,129899 0,000233
клс 4,436752 0,000805
гашкина 5,129899 0,000233
торпедо 1,574551 0,001428
хотеть 1,104547 0,000100
реал 1,416327 0,000514
половина 1,392229 0,000568
стать 0,217244 0,000837
строиться 3,520461 0,000160
вардару 5,129899 0,000233
обучение 2,239527 0,000102
десятка 2,644992 0,000480
равный 1,466337 0,000199
гайдае 5,129899 0,000233
код 0,971016 0,000088
встать 2,827314 0,000385
прыжок 0,940244 0,000043
березуцкий 4,031286 0,003290
дефицит 3,338139 0,000303
присвоение 3,183989 0,000144
ком 4,436752 0,000201
кор 3,338139 0,000151
березин 5,129899 0,000465
стабильность 3,743604 0,001188
url 0,986764 0,000045
дерби 2,357310 0,000534
неприятный 3,743604 0,000170
сантиметр 0,955511 0,000390
лысенко 4,436752 0,000201
старт 1,035554 0,000235
огонек 3,743604 0,000170
mail 1,301257 0,000059
вшивец 4,436752 0,000402
призер 1,178655 0,000481
возраст 1,871802 0,000170
easytimelin 3,183989 0,000144
ярошик 5,129899 0,000465
стадион 1,518981 0,002961
достаться 2,421849 0,000110
алфавит 1,159607 0,000105
особый 1,994404 0,000271
рубль 2,038856 0,000924
принадлежать 1,762603 0,000080
ждать 1,492313 0,000068
кутепов 4,436752 0,000201
шквырин 5,129899 0,000233
пятерка 2,827314 0,000128
сталин 4,031286 0,000548
неудачно 2,732003 0,000743
взломать 4,436752 0,000201
продлить 2,038856 0,000185
मर 1,574551 0,000071
воскресный 4,031286 0,000183
семшов 3,520461 0,000160
morozov 5,129899 0,000465
значение 1,258698 0,000114
планироваться 3,338139 0,000303
десяток 3,743604 0,000170
вылететь 2,296685 0,000625
трипутень 5,129899 0,000465
ответ 2,239527 0,000102
разорвать 3,338139 0,000151
срок 1,546380 0,000701
угодить 5,129899 0,000233
nederland 1,019025 0,000046
кто 0,747872 0,000068
полуфинальный 2,564949 0,000116
откровенно 3,520461 0,000160
август 1,035554 0,002582
хисамутдинов 5,129899 0,000233
самый 0,608110 0,000551
несыгранность 5,129899 0,000233
материал 0,309617 0,000042
рубин 1,198073 0,000760
бесков 3,743604 0,001188
камышин 3,050457 0,000138
чешский 2,932674 0,000133
хорватский 2,564949 0,000349
вывести 2,357310 0,000641
кук 0,971016 0,000044
потерпеть 2,038856 0,001294
командующий 5,129899 0,000233
молодежный 1,159607 0,000683
настойчивый 5,129899 0,000233
кус 5,129899 0,000465
instagram 1,911023 0,000087
аталанта 3,743604 0,000170
рома 2,644992 0,000600
вартанян 4,031286 0,000366
ао 2,564949 0,000233
балтика 1,217876 0,000110
роль 1,695912 0,000077
ввс 3,183989 0,000433
пороховщиков 5,129899 0,000465
навигация 0,986764 0,000134
тамбов 2,932674 0,000133
вега 4,436752 0,000402
месяц 1,492313 0,000271
батуми 5,129899 0,000233
борьба 0,723179 0,000361
афанасьев 3,743604 0,000170
гетеборг 3,743604 0,000339
леандро 4,031286 0,000183
ведомственный 5,129899 0,000698
неудачный 2,732003 0,000743
кфс 4,031286 0,000548
проверять 1,834062 0,000166
георг 4,031286 0,000183
бо 2,185460 0,000099
тута 2,490841 0,000113
правило 0,986764 0,000045
министерство 2,732003 0,000495
вильгельм 4,436752 0,000201
расмусом 5,129899 0,000465
бы 1,052361 0,000095
hrvatski 1,052361 0,000048
уефа 1,466337 0,002526
мовсесьян 4,436752 0,000603
английский 1,574551 0,000143
энрике 3,520461 0,000160
межсезонный 4,436752 0,000201
бешикташем 4,436752 0,000402
аннулировать 2,827314 0,000128
минимальный 2,185460 0,000594
век 1,258698 0,000171
ценить 4,436752 0,000201
питерский 3,520461 0,000319
янкаускаса 5,129899 0,000233
во 0,495170 0,000741
вр 3,183989 0,000577
инвалид 3,338139 0,000151
запасной 2,185460 0,000099
уже 0,687247 0,000592
традиционный 2,421849 0,000220
возмещение 4,436752 0,000201
вы 0,309617 0,000042
орешниковый 5,129899 0,000233
го 1,279751 0,000580
сдать 3,050457 0,000138
десятая 3,743604 0,000339
думбия 4,436752 0,003821
замкнуть 3,743604 0,000339
плей 1,002764 0,000273
проведение 1,104547 0,000100
гарантировать 2,732003 0,000124
ди 3,520461 0,000319
перед 0,839439 0,000723
шахруди 5,129899 0,000465
сайт 0,411400 0,000168
буряад 3,338139 0,000151
до 0,239550 0,000576
матвей 2,490841 0,000452
нуждаться 2,732003 0,000124
предприниматель 3,338139 0,000151
менглет 5,129899 0,000233
выступать 0,940244 0,001108
ркима 4,436752 0,000201
потом 2,564949 0,000233
лясковский 5,129899 0,000698
тарас 3,743604 0,000679
рождественский 3,743604 0,000170
лидировать 2,085376 0,000473
рабочий 2,134166 0,000097
независимый 2,357310 0,000107
знаменитый 2,296685 0,000208
цитировать 0,925206 0,000042
челестини 3,743604 0,000849
ее 0,723179 0,000066
равенство 2,827314 0,000128
собственный 1,574551 0,000071
азия 1,834062 0,000083
сухой 3,183989 0,000577
баскетбол 0,723179 0,000066
число 0,955511 0,000866
нигматуллина 4,436752 0,000201
скромный 2,827314 0,000128
эвертона 4,436752 0,000201
фейеноорда 5,129899 0,000233
ривер 3,743604 0,000170
влашич 5,129899 0,000465
семен 2,932674 0,000133
вид 0,393700 0,000054
же 0,853233 0,000851
эдгарас 5,129899 0,000233
жо 4,436752 0,001609
путь 1,518981 0,000069
никишин 4,436752 0,000805
костяк 3,338139 0,000151
баринов 2,732003 0,000248
common 0,986764 0,000045
править 0,544931 0,000074
прогресс 2,644992 0,000240
зайцев 2,564949 0,000116
за 0,125952 0,000582
аркадьевым 5,129899 0,000233
совсем 2,827314 0,000128
дударенко 5,129899 0,000465
отрицательный 4,436752 0,000201
гарик 4,436752 0,000402
ожидать 2,827314 0,000256
садырина 4,436752 0,000402
мероприятие 1,762603 0,000080
альберт 2,564949 0,001395
убедительный 3,743604 0,000339
спонсорский 2,932674 0,000532
советский 1,140915 0,000414
чемпионство 2,185460 0,000892
позиция 1,392229 0,000063
гражданский 3,338139 0,000151
из 0,106018 0,000846
саранск 3,050457 0,000138
игровой 1,104547 0,000100
случайный 0,986764 0,000045
чистохвалов 5,129899 0,000465
скрытый 1,052361 0,000048
ит 2,564949 0,000233
пищевик 4,436752 0,000201
их 0,799165 0,000290
плат 3,520461 0,000160
компонент 3,050457 0,000138
регламент 1,911023 0,000433
автобус 3,338139 0,000151
багрич 5,129899 0,000698
эспаньол 4,436752 0,000201
шестикратный 4,031286 0,000183
мандрыкин 5,129899 0,000465
технический 1,416327 0,000257
харламов 3,338139 0,000303
фадеев 5,129899 0,000233
первенство 1,301257 0,001298
эксплуатация 3,520461 0,000319
слева 2,564949 0,000116
запоздалый 4,436752 0,000201
ежедневно 2,357310 0,000107
srpski 1,035554 0,000047
рущинский 5,129899 0,000465
рублевка 4,436752 0,000201
кэш 2,296685 0,000104
лейтенант 4,436752 0,002816
неплохой 4,031286 0,000183
соперник 0,853233 0,000464
администратор 3,338139 0,000151
младший 1,911023 0,000260
бузунов 5,129899 0,000233
решить 1,392229 0,000063
отпасовать 5,129899 0,000233
двое 2,296685 0,000208
фрадкина 5,129899 0,000233
турция 1,664163 0,000151
голландия 4,031286 0,000366
следующий 0,853233 0,000928
блантер 5,129899 0,000233
семак 3,183989 0,002309
вне 2,038856 0,000185
ли 1,198073 0,000054
начисляться 2,827314 0,000128
крайний 2,185460 0,000198
промежуток 3,743604 0,000170
вернблума 5,129899 0,000233
претерпеть 2,732003 0,000372
facebook 1,994404 0,000090
роман 1,797694 0,000896
сити 1,546380 0,000280
вниз 2,932674 0,000532
нужный 1,834062 0,000166
преимущественный 2,421849 0,000220
выездной 2,490841 0,000452
место 0,402511 0,002153
мо 2,932674 0,000532
успешный 1,345709 0,000427
коршун 4,436752 0,000603
черепно 5,129899 0,000233
aviat 5,129899 0,000233
задолженность 5,129899 0,000233
понтус 5,129899 0,000233
бабенко 3,743604 0,000170
лайзан 5,129899 0,000233
мы 0,195425 0,000027
болельщик 1,086847 0,001478
саба 5,129899 0,000233
мю 2,296685 0,000104
на 0,023953 0,000295
страндберга 5,129899 0,000233
кейсарию 5,129899 0,000233
не 0,099461 0,000356
образоваться 3,050457 0,000138
каждый 0,812411 0,000110
владивосток 2,564949 0,000233
ни 1,603538 0,000509
товарищеский 1,994404 0,000271
фабрика 5,129899 0,000233
онлайн 0,773190 0,000035
но 0,402511 0,000584
реабилитироваться 4,031286 0,000183
раздел 1,574551 0,000286
footbal 2,239527 0,005482
категория 0,881403 0,000200
рустем 4,436752 0,000402
конспирологическая 5,129899 0,000233
контрольный 1,994404 0,000090
об 0,217244 0,000020
уровень 1,086847 0,000049
финансовый 1,911023 0,000433
красноярск 2,490841 0,000113
тороп 5,129899 0,000465
усилиться 3,338139 0,000605
он 0,475938 0,000324
развитие 1,140915 0,000103
умереть 2,038856 0,000277
ганчаренко 5,129899 0,000233
от 0,160085 0,000334
ох 5,129899 0,000233
официальный 0,735450 0,000567
нырковый 4,436752 0,000805
поменять 2,644992 0,000120
черчесова 3,743604 0,000170
оскорбительный 3,743604 0,000170
шишкин 4,031286 0,000548
zazaki 2,239527 0,000102
все 0,067304 0,000107
принимать 0,955511 0,000130
пз 3,183989 0,002021
сведение 0,786093 0,000036
по 0,073653 0,000554
ворошиловград 3,743604 0,000339
перестроить 4,031286 0,000183
telegram 2,357310 0,000107
усилить 2,932674 0,000399
втб 1,834062 0,000249
kulichki 4,436752 0,010057
малюков 5,129899 0,000698
сообщество 0,910391 0,000083
произойти 1,178655 0,000427
рл 5,129899 0,000233
палмейрас 5,129899 0,000233
бомбардир 1,871802 0,001612
уфа 2,134166 0,000193
выдвигать 4,031286 0,000183
диктор 4,436752 0,000201
scot 1,695912 0,000077
молодиться 5,129899 0,000233
стандартный 2,185460 0,000099
ру 1,994404 0,000181
рф 1,871802 0,000849
маслов 3,520461 0,000160
боруссия 3,050457 0,000277
визави 4,436752 0,000201
лев 2,827314 0,000256
аксенов 4,436752 0,000603
забрать 4,031286 0,000183
лишиться 2,827314 0,000128
расширить 2,239527 0,000203
козловый 2,357310 0,000214
соперничество 2,421849 0,000110
pfccska 5,129899 0,000233
слуцкий 3,743604 0,002715
日本語 1,035554 0,000047
со 0,447767 0,001786
центр 0,773190 0,000175
вратарь 1,323236 0,002040
чуть 2,357310 0,000107
муса 4,436752 0,001408
проиграть 1,104547 0,000901
сэ 2,932674 0,000133
декабрь 0,853233 0,009012
eesti 1,069456 0,000048
лет 5,129899 0,000465
مصرى 1,546380 0,000070
лех 5,129899 0,000233
обязательство 4,031286 0,000183
николич 4,031286 0,000366
горький 3,743604 0,000170
запас 2,932674 0,000133
осер 3,743604 0,000170
лидерство 2,827314 0,000128
лусиано 3,520461 0,000479
победный 1,871802 0,000339
rusteam 5,129899 0,000233
запад 2,085376 0,000095
весь 1,633391 0,000148
скандальный 3,338139 0,000151
machin 1,633391 0,000592
wikipedia 0,986764 0,000089
теперь 0,971016 0,000220
бельцы 5,129899 0,000233
легионер 2,490841 0,000339
отредактировать 0,986764 0,000134
называть 1,258698 0,000114
недавно 2,827314 0,000128
иванов 3,338139 0,000151
викиновости 1,238078 0,000056
подписание 2,421849 0,000110
новиков 2,932674 0,000266
фк 1,951845 0,001239
ситуация 1,392229 0,000316
нерв 3,183989 0,000144
быстров 3,338139 0,000303
член 1,416327 0,000321
куопион 5,129899 0,000233
физподготовке 4,031286 0,000548
новоселье 5,129899 0,000233
прошлый 1,518981 0,000551
силкин 4,436752 0,000201
тысячелетие 3,338139 0,000151
мусай 4,031286 0,000366
символика 2,732003 0,000372
мерин 5,129899 0,000233
латышев 5,129899 0,000233
сначала 1,664163 0,000377
правовой 2,038856 0,000185
изменение 1,345709 0,000427
пшеничников 5,129899 0,000698
роша 5,129899 0,000233
продление 3,743604 0,000170
татарчук 4,436752 0,001207
пятно 4,031286 0,000183
однако 1,069456 0,001648
castl 5,129899 0,000233
крампец 4,436752 0,000201
кубань 2,732003 0,000372
будуновым 5,129899 0,000465
изменить 1,728701 0,000392
việt 1,140915 0,000052
отказ 0,839439 0,000038
якоб 3,520461 0,000160
авторитетный 1,871802 0,000170
семиматчевую 4,031286 0,000183
полностью 1,546380 0,000140
гсвг 5,129899 0,000465
часть 1,104547 0,000300
свобода 2,421849 0,000110
бейтара 5,129899 0,000233
персонаж 4,436752 0,000402
самолет 2,932674 0,000399
возродить 3,050457 0,000277
сторона 1,069456 0,000048
курировать 4,031286 0,000183
часто 1,574551 0,000071
химик 3,183989 0,000144
кайрат 4,436752 0,000201
заявить 1,140915 0,000103
ресурс 0,812411 0,000074
подвести 3,050457 0,000138
процесс 1,664163 0,000075
заменить 1,546380 0,000280
символический 2,296685 0,000104
способный 2,732003 0,000124
аарон 5,129899 0,000233
махачкала 2,421849 0,000220
повторить 1,834062 0,000333
риванди 5,129899 0,000233
номер 1,392229 0,000189
черед 3,743604 0,000170
через 0,971016 0,000572
lietuvių 1,140915 0,000052
трансфер 1,492313 0,000879
лозанна 3,743604 0,000170
обрушиться 5,129899 0,000233
отборочный 2,421849 0,000220
ठ 1,574551 0,000071
меняться 1,951845 0,000177
официально 1,159607 0,000105
химки 2,644992 0,000480
ливерпуль 1,951845 0,000265
вэб 4,031286 0,003838
द 1,546380 0,000070
карсаков 5,129899 0,001163
урал 2,038856 0,000092
न 1,518981 0,000069
команда 0,262364 0,002950
салют 3,338139 0,000151
севилья 3,183989 0,001588
кипрский 3,520461 0,000160
являться 1,019025 0,000370
самар 2,296685 0,000104
зенит 0,867219 0,001376
тарасов 2,827314 0,000128
ह 1,546380 0,000070
распустить 4,031286 0,000183
пробить 3,338139 0,001362
фан 3,338139 0,000151
баровский 5,129899 0,000465
портал 1,416327 0,000064
кубковый 2,296685 0,000521
мазалов 5,129899 0,000233
баженов 4,031286 0,000183
закрепить 2,490841 0,000565
акселя 4,031286 0,000366
штраф 2,564949 0,000116
послематчевой 4,436752 0,000402
свердловск 3,743604 0,000170
обанкротиться 4,436752 0,000201
рост 0,812411 0,000221
начинаться 1,664163 0,000075
шемберас 4,031286 0,001097
вартан 4,031286 0,000183
крупно 3,183989 0,000144
superjet 5,129899 0,000698
улица 3,050457 0,000138
удаленный 1,492313 0,000271
копейкин 5,129899 0,002093
точно 1,911023 0,000087
причем 1,871802 0,000339
канал 1,416327 0,000385
пополитов 4,436752 0,000201
почему 1,122566 0,000051
net 2,357310 0,005450
енисей 2,296685 0,000104
акранес 5,129899 0,000233
new 2,038856 0,000092
красный 1,069456 0,001939
вмешаться 5,129899 0,000233
галямин 4,436752 0,000603
ব 1,416327 0,000064
юр 3,338139 0,000151
гандбол 1,122566 0,000153
ল 1,416327 0,000064
svenska 1,035554 0,000047
общий 0,986764 0,000224
омолодить 4,436752 0,000201
глухотко 5,129899 0,000233
жибоедов 5,129899 0,000233
ссср 0,940244 0,001875
великое 2,421849 0,003074
одноклубник 3,183989 0,000144
открыть 1,279751 0,000754
кадры 3,338139 0,000151
луч 2,932674 0,000399
вилла 4,436752 0,000201
кумир 3,743604 0,000170
высота 1,762603 0,000080
профессиональный 1,052361 0,000143
торпедовец 3,743604 0,000170
отметиться 3,050457 0,000277
французский 1,052361 0,000143
лфк 4,031286 0,000183
опала 4,436752 0,000201
уволиться 4,436752 0,000402
самарони 5,129899 0,000465
где 0,675551 0,000398
динамовский 5,129899 0,000233
активный 1,546380 0,000070
напрямую 3,050457 0,000138
позволять 1,664163 0,000075
участвовать 0,955511 0,000087
чайка 3,050457 0,000138
примечание 1,002764 0,000091
европейский 1,122566 0,000204
быть 0,119263 0,000952
связка 2,932674 0,000133
точка 1,762603 0,000240
ценный 3,183989 0,000144
темный 3,183989 0,000722
ген 3,050457 0,000138
вылет 2,490841 0,000339
зачисляться 5,129899 0,000233
установить 1,279751 0,000696
рэпер 4,031286 0,000183
перерыв 1,762603 0,000639
ਜ 1,664163 0,000075
цхакая 5,129899 0,000233
сидельников 5,129899 0,000465
рсфср 2,732003 0,000248
suomi 1,052361 0,000048
доигрываться 5,129899 0,000233
протяжение 1,951845 0,000177
колядко 5,129899 0,000465
ближний 1,728701 0,000157
ਪ 1,664163 0,000075
упущение 4,031286 0,000183
продать 2,239527 0,000203
вадим 2,421849 0,000110
ਬ 1,664163 0,000075
сбор 1,368699 0,000558
осенний 2,932674 0,000399
иржи 4,031286 0,000366
волгоградец 5,129899 0,000233
анонс 2,564949 0,000233
перестройка 2,827314 0,000256
джамалутдин 5,129899 0,000233
шутка 3,520461 0,000160
использоваться 1,159607 0,000053
рубеж 2,421849 0,000110
впервые 0,839439 0,000761
oʻzbekcha 1,140915 0,000052
latviešu 1,052361 0,000048
спорткомитет 4,436752 0,000201
шестернёва 5,129899 0,000233
российский 0,224624 0,000285
дойти 2,490841 0,000339
заклясть 5,129899 0,000233
испания 1,159607 0,000105
отличиться 2,564949 0,000349
тошич 5,129899 0,001628
кэйсукэ 5,129899 0,001163
уехать 2,732003 0,000619
факел 2,296685 0,000208
эдуардо 4,031286 0,000183
хонда 4,436752 0,001609
убыток 3,338139 0,000151
смотреть 1,368699 0,000062
шесть 1,238078 0,000617
кочка 5,129899 0,000233
зарегистрировать 0,711058 0,000032
израиль 2,085376 0,000189
вячеслав 2,185460 0,000892
рамосом 5,129899 0,000233
энергия 2,564949 0,000465
истомин 4,436752 0,001006
soccernew 5,129899 0,000233
знак 0,986764 0,000045
спаозт 5,129899 0,000233
пополнить 2,357310 0,000427
сотрудник 2,932674 0,000133
приступ 4,031286 0,000183
чистка 3,338139 0,000151
мусси 4,436752 0,000603
тактика 2,421849 0,000110
обладатель 1,492313 0,001353
вручить 3,338139 0,000151
приземлиться 3,520461 0,000160
блок 2,421849 0,000110
передача 1,633391 0,000370
ипсвич 4,436752 0,000201
посол 0,301585 0,000807
наказание 2,490841 0,000113
павлюченко 3,520461 0,000319
медиафайлы 1,217876 0,000055
кризис 2,357310 0,000855
баужа 4,436752 0,000201
короткий 0,699082 0,000127
польза 1,834062 0,000915
фраер 5,129899 0,000233
байков 4,436752 0,000201
затягивание 4,436752 0,000201
поражение 1,122566 0,001578
астон 2,185460 0,000198
покинуть 1,871802 0,002715
феррейра 5,129899 0,000233
положение 1,416327 0,000449
фанатской 4,436752 0,000201
news 2,185460 0,000594
призовой 1,951845 0,000088
забитый 2,239527 0,000914
permian 5,129899 0,000233
очередной 2,085376 0,000378
перебить 4,436752 0,000201
фнл 2,421849 0,000110
пятый 1,574551 0,000785
приложить 4,436752 0,000201
серьезный 1,633391 0,000296
ранний 1,492313 0,000068
эдуард 2,085376 0,000284
антирекорд 3,743604 0,000170
получить 0,384967 0,000279
фол 2,827314 0,000385
фон 2,564949 0,000233
государственный 1,871802 0,000424
орден 2,732003 0,000124
передать 2,134166 0,000193
авиакомпания 4,031286 0,000914
гол 1,323236 0,002100
оказывать 3,183989 0,000144
фактически 2,357310 0,000107
сделать 0,853233 0,000271
казань 1,301257 0,000118
коммерсант 5,129899 0,000233
ролан 2,239527 0,000406
планет 2,827314 0,000128
ноль 3,050457 0,000138
сзади 3,743604 0,000170
переговоры 2,239527 0,000102
воля 2,932674 0,000133
italiano 1,035554 0,000047
год 0,099461 0,002584
десятый 3,183989 0,000289
контракт 1,258698 0,001541
широков 3,050457 0,000138
куратор 3,743604 0,000170
матия 5,129899 0,000233
лебедь 5,129899 0,000930
сербия 2,134166 0,000097
мая 0,986764 0,002460
поэтому 1,392229 0,000063
маловероятный 5,129899 0,000233
плутник 4,436752 0,000402
сталинградский 5,129899 0,000233
web 1,279751 0,000174
гостев 2,827314 0,000385
объявлять 2,932674 0,000133
перебраться 3,050457 0,000277
гостевой 2,421849 0,001647
филиппенков 5,129899 0,000698
енина 5,129899 0,000233
зоран 4,031286 0,001279
водягин 5,129899 0,000233
благодарственный 5,129899 0,000233
нойя 5,129899 0,000233
шаблон 1,441019 0,000065
акция 2,357310 0,000534
завоевание 2,732003 0,000124
проработать 3,743604 0,000170
садырин 4,031286 0,003290
заложить 4,031286 0,000366
доиграть 3,183989 0,000144
матеус 4,031286 0,000366
оптимальный 3,338139 0,000303
лига 0,325878 0,001138
генеральный 1,664163 0,001283
русый 1,368699 0,000993
отсчитываться 4,436752 0,000201
новороссийский 4,031286 0,000548
расширение 2,296685 0,000208
широкий 2,038856 0,000092
переходный 3,183989 0,000144
парма 3,338139 0,000605
частить 1,664163 0,000226
невыразительный 5,129899 0,000233
валентин 2,421849 0,001866
осудить 4,436752 0,000201
таблица 0,711058 0,000387
нестабильный 3,338139 0,000303
reebok 4,436752 0,000805
длить 0,146292 0,000179
переигровка 3,183989 0,000289
испанец 2,932674 0,000133
волгарь 3,520461 0,000160
фейеноорд 4,031286 0,000731
соломатин 4,031286 0,000548
либо 1,140915 0,000103
согласно 1,574551 0,000143
krasic 5,129899 0,000233
вольфсбургом 4,436752 0,000603
амплуа 3,520461 0,000319
поиск 0,711058 0,000129
game 1,797694 0,000163
эркина 5,129899 0,000233
решающий 2,134166 0,000193
давронжан 5,129899 0,000233
краснов 4,436752 0,000402
отскочить 3,520461 0,000319
рамблер 3,338139 0,000151
шест 3,338139 0,000454
придерживаться 3,050457 0,000138
oldid 0,986764 0,000045
ленинград 2,827314 0,000128
недовольный 3,743604 0,000170
петроград 4,436752 0,000201
долматов 4,031286 0,000914
стадий 1,911023 0,000606
хоккеист 1,633391 0,000074
системность 5,129899 0,000233
принять 0,786093 0,000214
ежов 3,743604 0,000339
шустиков 5,129899 0,000233
лужники 2,827314 0,001410
присутствие 2,732003 0,000372
двенадцать 2,827314 0,000128
заимствовать 3,520461 0,000160
высокий 0,760451 0,000552
польский 3,183989 0,000289
català 1,086847 0,000049
колповский 5,129899 0,000233
виборг 5,129899 0,000233
ставропольский 3,520461 0,000160
новый 0,239550 0,000543
тамерлан 5,129899 0,000233
образ 1,178655 0,000695
булыкин 3,338139 0,000151
вернблум 5,129899 0,000233
частичный 2,732003 0,000124
академия 1,834062 0,000083
конь 3,520461 0,001277
испанский 2,185460 0,000694
выйти 0,773190 0,000876
болеть 2,644992 0,000600
местный 2,490841 0,000452
ахмат 1,198073 0,000054
отара 5,129899 0,000465
организовываться 4,436752 0,000201
гостиница 4,031286 0,000183
фокин 4,436752 0,001207
فارسی 1,104547 0,000050
ramo 5,129899 0,000233
предел 1,603538 0,000145
фшм 5,129899 0,000233
позор 2,732003 0,000124
александр 0,839439 0,001712
спасать 3,520461 0,000160
авиалиния 4,436752 0,000201
допризывник 5,129899 0,000465
at 2,732003 0,000124
пахтакор 3,520461 0,000479
бурун 5,129899 0,000465
москвич 3,338139 0,001211
живой 3,520461 0,000160
базилевича 5,129899 0,000233
доронин 5,129899 0,000233
савинов 5,129899 0,000233
бухтеев 5,129899 0,000465
тархановым 5,129899 0,000233
дополнительный 0,940244 0,000298
реформа 4,031286 0,000366
земля 2,490841 0,000226
мир 0,277868 0,000013
by 0,971016 0,000132
franc 3,338139 0,000151
тимур 3,050457 0,000138
миф 3,520461 0,000160
навес 4,031286 0,000183
экз 2,732003 0,000124
цаплин 5,129899 0,000233
жуан 4,031286 0,000183
cc 0,986764 0,000045
емышев 5,129899 0,000233
александрович 2,490841 0,000113
малоизвестный 3,743604 0,000170
shqip 1,466337 0,000066
конец 1,035554 0,001784
единственный 1,392229 0,000568
хосе 3,338139 0,000151
самоокупаемость 5,129899 0,000233
присоединиться 2,490841 0,000339
чистый 2,038856 0,000092
олимпиаштадион 5,129899 0,000233
отец 2,239527 0,000102
викиданных 0,986764 0,000045
нигматуллин 3,743604 0,000170
прийтись 1,871802 0,000085
ленинградский 2,564949 0,000581
возрождение 2,644992 0,002038
асна 5,129899 0,000233
показать 0,504926 0,000023
окончательный 2,932674 0,000665
сравнять 3,183989 0,001010
отсутствие 1,664163 0,000075
хоть 4,031286 0,000183
балтия 5,129899 0,000233
ахмед 4,436752 0,001408
габулов 4,436752 0,000603
хотя 1,546380 0,000210
продолжиться 3,050457 0,000277
подняться 2,490841 0,000113
олимпийский 0,342407 0,000031
акционер 3,050457 0,000415
eu 3,183989 0,000289
демченко 4,436752 0,000402
равняться 4,031286 0,000183
баста 5,129899 0,000465
городской 3,520461 0,000160
выявлять 3,338139 0,000151
стрельцова 5,129899 0,000465
купить 1,994404 0,000181
командный 1,002764 0,000091
аритмично 5,129899 0,000233
бандикян 5,129899 0,000465
хронология 2,827314 0,000128
еврокубковая 5,129899 0,000233
подтверждать 2,185460 0,000099
лишь 1,159607 0,001577
архангельский 4,436752 0,000201
завершить 1,052361 0,000811
мой 1,368699 0,000062
впрочем 2,732003 0,000124
танич 5,129899 0,000233
gr 5,129899 0,000233
лобановский 4,436752 0,000402
усугублять 5,129899 0,000233
незначительный 2,932674 0,000133
footballfakt 3,183989 0,000144
основа 1,301257 0,000177
запустить 2,827314 0,000128
лайзанс 5,129899 0,000465
колесник 3,743604 0,000339
викторий 2,038856 0,000092
стандарду 5,129899 0,000233
актриса 4,031286 0,000183
латвия 1,664163 0,000075
роттердам 3,743604 0,000170
послать 3,050457 0,000138
скидка 2,185460 0,000099
фабио 2,932674 0,000532
кулик 3,183989 0,000866
https 0,699082 0,000032
предоставление 2,357310 0,000107
португальский 2,932674 0,000532
ирони 5,129899 0,000233
смерть 2,134166 0,000290
результат 0,524729 0,000357
мобильный 0,555188 0,000025
постсоветский 3,743604 0,000170
index 0,986764 0,000045
большой 0,687247 0,000156
избранный 0,955511 0,000043
выделяться 3,050457 0,000138
footballdatabas 3,338139 0,000151
виктория 5,129899 0,000233
последующий 2,085376 0,000095
сравнение 2,134166 0,000484
мешать 2,644992 0,000120
ирон 2,827314 0,000128
перформансы 4,436752 0,000201
нежели 3,050457 0,000138
возможно 1,664163 0,000075
вчера 1,518981 0,000069
гинером 5,129899 0,000233
это 0,181139 0,000337
массовый 1,466337 0,000199
смена 1,762603 0,000879
два 0,504926 0,000870
недалекий 3,520461 0,000160
дмитриев 3,183989 0,000577
ладо 2,185460 0,000099
опрос 2,732003 0,000124
кострома 3,050457 0,000277
гонсалес 3,743604 0,000339
kp 3,338139 0,000151
пестряк 5,129899 0,000233
интеллектуальный 3,338139 0,000151
акинфеев 3,743604 0,003394
доступный 0,955511 0,000043
остальное 1,834062 0,000166
разрыть 3,338139 0,000151
утверждение 1,695912 0,000154
стартовый 1,728701 0,000078
молодёжке 4,031286 0,000183
измениться 2,038856 0,000555
қазақша 1,178655 0,000053
судьба 2,185460 0,000198
особо 3,050457 0,000138
литекса 5,129899 0,000233
савельев 4,031286 0,000366
пригласить 1,834062 0,000249
полететь 4,436752 0,000402
www 1,392229 0,000126
limit 3,743604 0,000170
льшим 5,129899 0,000233
музей 2,490841 0,000226
много 0,735450 0,000567
савин 3,743604 0,000170
хохол 3,338139 0,000605
хет 2,296685 0,000104
представиться 0,986764 0,000045
пение 5,129899 0,000233
арнор 5,129899 0,000233
лава 3,520461 0,003351
эхо 3,743604 0,000339
офицер 2,932674 0,000133
зритель 1,518981 0,000207
родриго 4,436752 0,000201
no 1,911023 0,000087
зенкин 5,129899 0,000233
code 4,031286 0,000366
заработный 4,031286 0,000183
осень 2,357310 0,000748
кладбище 3,743604 0,000170
камаз 2,732003 0,000248
поскольку 1,728701 0,000078
меньшиков 4,436752 0,000201
bobsocc 4,031286 0,000183
deutsch 1,052361 0,000048
марта 0,853233 0,002205
исландский 5,129899 0,000465
больший 0,457070 0,000145
дальнейший 1,994404 0,000362
рамиро 5,129899 0,000233
калинин 3,520461 0,000160
соревнование 0,411400 0,000131
конкурс 2,357310 0,000214
soccerway 3,183989 0,000144
общественный 2,038856 0,000092
снести 3,743604 0,000170
тоже 1,911023 0,000173
nation 2,644992 0,000120
фукс 4,031286 0,000183
арест 3,338139 0,000151
гинер 4,436752 0,003419
зимний 0,663991 0,000361
карточка 1,951845 0,000531
стельмах 5,129899 0,000465
страница 0,910391 0,000413
qr 0,986764 0,000045
провальный 4,031286 0,000366
umbro 3,338139 0,000605
ермолай 5,129899 0,000233
ra 4,031286 0,000183
зеленоградский 5,129899 0,000233
юрий 1,994404 0,003888
удаться 1,994404 0,001537
юрис 4,436752 0,000603
пресс 0,895792 0,000162
персональный 0,723179 0,000033
ru 0,285712 0,000907
организовать 1,466337 0,000266
спартаковский 4,031286 0,000183
смочь 1,069456 0,001600
прорваться 5,129899 0,000233
третий 1,238078 0,000337
янчик 4,436752 0,000201
sa 0,986764 0,000045
церемония 2,134166 0,000290
вернуться 0,986764 0,001029
башнефть 5,129899 0,001395
того 0,955511 0,000390
внешторгбанк 5,129899 0,000233
киреев 4,436752 0,000201
китайский 1,069456 0,000048
трактор 1,994404 0,000090
español 1,019025 0,000046
фрунзе 5,129899 0,000465
фунт 3,050457 0,000138
обыгрывать 3,338139 0,000151
литература 1,695912 0,000154
существенно 2,932674 0,000133
рекорд 0,955511 0,000433
bosanski 1,345709 0,000061
свой 0,586604 0,000824
бабак 4,436752 0,000402
свое 0,457070 0,000394
андерлехт 4,031286 0,000183
встретиться 1,728701 0,000392
разгромить 1,728701 0,000470
tv 2,564949 0,000116
нерабочий 2,644992 0,000120
еврокубок 2,296685 0,000104
наложить 3,520461 0,000160
круговой 3,050457 0,000277
днепр 3,520461 0,000638
батицкий 5,129899 0,000465
семикратный 5,129899 0,000233
явно 4,031286 0,000183
видеоролик 5,129899 0,000233
rutub 3,520461 0,000160
ткачев 3,743604 0,000170
автоподтверждённых 3,183989 0,000144
ход 1,279751 0,000464
файер 5,129899 0,000233
norsk 1,052361 0,000048
дейвидас 3,743604 0,001018
ярославль 2,490841 0,000113
worldfootbal 2,932674 0,000133
флаг 0,895792 0,000162
тутушкин 4,436752 0,000201
амкар 2,827314 0,000256
polski 1,035554 0,000047
отрезка 2,644992 0,000120
мэр 3,743604 0,000170
дом 1,911023 0,000693
конти 4,436752 0,000603
сужденный 5,129899 0,000233
дон 2,357310 0,000107
org 0,986764 0,000045
асмарал 2,932674 0,000133
влиться 5,129899 0,000233
дивизион 2,038856 0,000555
желтый 1,834062 0,000249
нулевой 2,732003 0,000248
действо 5,129899 0,000233
флешмобы 5,129899 0,000233
еврокубки 1,546380 0,000280
мяч 0,735450 0,001267
наш 0,652562 0,000030
еврокубке 4,436752 0,000201
айка 4,031286 0,000366
ростсельмаш 3,743604 0,000509
устареть 3,050457 0,000138
ярославский 3,183989 0,000289
суперкубок 2,296685 0,001249
над 0,986764 0,000895
доллар 2,239527 0,001523
тема 1,104547 0,000050
тель 4,031286 0,000183
холдинг 3,183989 0,000722
нап 3,183989 0,001155
ташкент 3,050457 0,001106
ротор 2,644992 0,000959
служба 1,279751 0,000058
герцлия 5,129899 0,000233
будуном 5,129899 0,000233
линяев 5,129899 0,001163
байер 1,994404 0,000181
цска 0,711058 0,016343
тихон 3,050457 0,000277
иосиф 4,436752 0,000201
бесплодный 5,129899 0,002093
скчф 5,129899 0,000233
который 0,325878 0,001123
николай 1,994404 0,002260
спортобщества 4,436752 0,000201
победа 0,420369 0,001391
забивать 2,564949 0,000233
вальдаса 5,129899 0,000233
случай 0,867219 0,000118
поколение 2,827314 0,000385
конон 3,743604 0,000170
арена 1,104547 0,000751
несколько 0,971016 0,000704
всевобуч 3,743604 0,000679
развал 3,743604 0,001527
кучаев 4,031286 0,000183
располагаться 1,951845 0,000265
сетка 2,085376 0,000284
титуловать 2,134166 0,000097
хавьер 3,183989 0,000144
суперкубки 3,338139 0,000151
расформировать 2,932674 0,000266
суперкубке 3,183989 0,000144
использовать 0,940244 0,000256
форвард 1,871802 0,000255
суперкубка 2,932674 0,000399
отправиться 2,421849 0,000659
межсезонье 2,732003 0,003715
вызвать 1,797694 0,000163
баланс 3,338139 0,000151
апрель 0,986764 0,000984
столица 2,490841 0,000339
совершить 2,134166 0,000097
ласина 4,031286 0,000366
начинать 1,140915 0,000052
количество 0,853233 0,000464
леннорович 5,129899 0,000233
лунэн 5,129899 0,000465
берия 4,436752 0,000603
sukhoi 5,129899 0,000698
нет 0,825834 0,000075
называться 1,603538 0,000073
сотрудничество 2,564949 0,000233
договорной 3,743604 0,000170
исландец 5,129899 0,000233
eurosport 3,338139 0,000757
открыться 3,050457 0,000138
телеведущий 3,743604 0,000170
трофей 1,871802 0,000933
принципиальный 2,644992 0,000240
ответный 2,564949 0,001395
поклясться 5,129899 0,000233
жальгириса 5,129899 0,000233
владикавказ 3,050457 0,000277
значительно 1,911023 0,000087
завершиться 1,728701 0,001332
правопреемник 5,129899 0,000233
монгол 1,518981 0,000069
плохой 1,994404 0,000452
травма 1,122566 0,000662
жуковский 5,129899 0,000233
миллион 1,392229 0,001578
кочубей 5,129899 0,000233
уходить 2,134166 0,000193
переть 0,359214 0,000212
ленин 3,183989 0,000144
леонид 2,732003 0,001982
слух 2,490841 0,000113
вениамин 4,031286 0,000366
день 0,699082 0,000190
хватать 1,633391 0,000370
хохлов 4,031286 0,000183
найти 1,122566 0,000102
сконто 5,129899 0,000233
инвестор 4,436752 0,000201
гамма 4,436752 0,000201
ไทย 1,238078 0,000056
осложнить 4,436752 0,000402
tatarça 1,392229 0,000063
заявление 0,799165 0,000036
виллиан 4,436752 0,000201
плотник 3,183989 0,000289
десятилетие 2,239527 0,000203
волгоград 2,732003 0,000124
бухаров 4,031286 0,000183
эксмо 3,183989 0,000144
четвертьфинал 1,279751 0,000058
положительный 3,183989 0,000144
владелец 2,185460 0,000297
нко 5,129899 0,000233
россети 5,129899 0,000465
мамчур 4,436752 0,001006
slovenčina 1,069456 0,000048
болгария 2,185460 0,000297
дело 1,664163 0,000075
оригинал 1,441019 0,002744
поташёв 5,129899 0,000233
проект 0,457070 0,000021
одиннадцать 3,520461 0,000319
гонду 3,743604 0,000339
бистрович 5,129899 0,000233
teleweek 5,129899 0,000233
мадридский 3,050457 0,000138
blue 4,031286 0,000548
проблема 1,122566 0,000204
турецкий 3,338139 0,000303
скрасить 5,129899 0,000233
шайба 0,986764 0,000045
палермо 5,129899 0,000233
россиянин 0,971016 0,000044
находиться 0,925206 0,000084
дым 5,129899 0,000233
партизан 3,520461 0,000319
разгром 3,050457 0,000553
начать 1,279751 0,000290
яновский 4,436752 0,000603
мороз 2,564949 0,000930
профицит 5,129899 0,000465
расторгнуть 2,827314 0,000641
алишер 4,436752 0,000201
детско 2,932674 0,000133
пулька 4,436752 0,000201
andrey 5,129899 0,000465
приостановить 3,338139 0,000454
полотно 4,031286 0,000183
бельгийский 3,183989 0,000144
дымовой 5,129899 0,000233
совет 0,825834 0,000562
значительный 2,185460 0,000198
денис 2,296685 0,001041
ноу 4,436752 0,000201
гайсумов 5,129899 0,000233
футболист 1,518981 0,005853
фирма 2,490841 0,000226
расчет 3,050457 0,000138
ужгород 4,436752 0,000201
дрэгонз 5,129899 0,000233
локомотив 0,839439 0,001180
практический 1,546380 0,000491
юнайтед 2,185460 0,000297
вовсе 3,743604 0,000339
минута 0,940244 0,002174
агапов 5,129899 0,002093
содружество 1,518981 0,000069
яковлев 3,743604 0,000170
архив 1,198073 0,000109
pdf 0,940244 0,000043
описание 0,881403 0,000040
лидер 1,258698 0,000856
подвергнуться 3,183989 0,000144
отчислить 3,520461 0,000319
одновременно 1,762603 0,000080
рахимич 4,436752 0,000805
продвижение 3,338139 0,000303
светло 3,520461 0,000160
уйти 1,392229 0,000568
плейт 3,743604 0,000170
russia 3,050457 0,000138
серый 2,932674 0,000532
карвальо 5,129899 0,001163
осязаемый 5,129899 0,000233
врач 2,490841 0,000452
становиться 1,159607 0,000158
бразилия 1,797694 0,000163
тбилиси 3,183989 0,000866
верона 4,031286 0,000183
печатный 3,050457 0,000138
встречаться 1,994404 0,001175
назначить 1,871802 0,001358
newsru 3,743604 0,000170
pfc 5,129899 0,022325
поставить 1,633391 0,000148
вакантный 4,436752 0,000402
конференция 1,392229 0,000316
текст 0,925206 0,000084
томь 3,050457 0,000553
выплатить 3,183989 0,000144
esperanto 1,198073 0,000054
пражский 4,436752 0,000603
почем 5,129899 0,000233
перспективный 3,338139 0,000151
мадрид 1,762603 0,000479
дезидерий 5,129899 0,000233
зона 1,603538 0,000145
концовка 2,932674 0,000665
повелеть 3,050457 0,000277
потратить 3,338139 0,000454
армия 2,296685 0,001770
славный 4,031286 0,000548
похоронить 3,743604 0,000170
золото 1,140915 0,000414
зачитать 5,129899 0,000233
гувд 5,129899 0,000233
ратиньо 5,129899 0,000233
продвинуться 4,436752 0,000201
youtub 1,797694 0,000081
оглоблин 5,129899 0,000465
обогнать 3,743604 0,000170
jugend 5,129899 0,000233
ответственность 0,895792 0,000041
интегрировать 4,436752 0,000201
реально 3,338139 0,000151
спортсмен 0,565551 0,000026
françai 1,019025 0,000046
enterpris 4,436752 0,000201
взять 1,159607 0,000105
его 0,447767 0,000487
беляев 3,338139 0,000454
шериф 3,520461 0,000160
звание 1,994404 0,000181
правосуд 5,129899 0,000233
противостояние 2,134166 0,000193
php 0,986764 0,000045
прилететь 4,436752 0,000201
дорога 3,050457 0,000138
махмутов 4,436752 0,000201
целый 1,492313 0,000541
относиться 1,368699 0,000124
армишев 5,129899 0,000233
многопрофильный 5,129899 0,000233
маккаби 4,436752 0,000402
заглавный 0,986764 0,000045
директор 1,871802 0,001527
реконструкция 2,932674 0,000133
фаваретто 5,129899 0,000233
булгак 4,031286 0,000366
бразилец 2,239527 0,000406
столь 3,183989 0,000144
колено 2,296685 0,000208
спартаковец 3,743604 0,000170
armi 4,436752 0,000402
окно 2,357310 0,000855
грудь 2,644992 0,000120
когда 0,652562 0,000118
дисквалификация 2,732003 0,000124
рассчитать 2,490841 0,000113
тематический 2,038856 0,000092
защитник 1,217876 0,001656
тренерский 1,871802 0,000679
дюсш 4,436752 0,000402
чего 1,345709 0,000061
переместиться 4,436752 0,000201
депортиво 4,436752 0,000603
седьмой 2,134166 0,000290
еврокубках 2,827314 0,000769
состояние 1,301257 0,000236
синеть 3,743604 0,000679
сокол 2,490841 0,000339
выполнить 1,834062 0,000083
бюджет 2,827314 0,001794
набирать 2,644992 0,000120
капитан 1,574551 0,000857
primera 5,129899 0,000465
клиент 4,031286 0,000183
общество 1,871802 0,000679
федерация 0,495170 0,000045
голова 1,301257 0,000826
безголевая 5,129899 0,000233
ухудшиться 4,436752 0,000201
einfach 5,129899 0,000233
капитал 4,031286 0,000183
попадание 2,038856 0,000092
фланг 3,338139 0,000303
символ 2,185460 0,000396
аналитик 2,038856 0,000092
лунин 5,129899 0,000233
надпись 3,183989 0,000144
распределить 2,421849 0,000220
сводной 2,932674 0,000133
присвоить 3,050457 0,000138
неэнциклопедичных 3,520461 0,000160
восемнадцатый 5,129899 0,000233
вести 1,238078 0,000449
шмарова 5,129899 0,000233
хёрдур 5,129899 0,000233
уткин 3,743604 0,000170
линия 1,466337 0,000133
справедливый 3,520461 0,000160
спорт 0,125952 0,000171
хорохориться 5,129899 0,000233
национальный 0,839439 0,000114
оллс 4,031286 0,002559
выигрышный 3,520461 0,000160
сейду 4,436752 0,003218
спора 2,932674 0,000133
переехать 2,932674 0,000133
справочник 2,564949 0,000116
уверить 2,085376 0,000189
приход 2,421849 0,000110
плохо 3,050457 0,000277
экипировка 2,239527 0,000406
сохранить 2,085376 0,000095
интернасьонале 5,129899 0,000465
основной 1,122566 0,001120
марко 3,183989 0,000144
известный 0,986764 0,000089
заново 2,932674 0,000133
крутиков 4,436752 0,000201
основное 1,368699 0,000558
сербский 2,932674 0,000266
станислав 2,490841 0,000113
игрок 0,711058 0,001805
женщина 0,663991 0,000030
бузун 5,129899 0,001395
зачислять 5,129899 0,000233
открытие 1,695912 0,000308
возглавить 2,239527 0,001015
натхо 4,436752 0,000603
смертельный 3,338139 0,000151
всеволод 3,183989 0,001588
выиграть 0,485508 0,000594
витор 4,436752 0,000201
крыло 1,238078 0,000337
регулярный 1,951845 0,000088
бавыкин 5,129899 0,000233
сутки 3,183989 0,000144
шувалов 4,436752 0,000201
рано 3,050457 0,000138
турнирный 1,086847 0,000591
сочить 0,853233 0,000116
олич 5,129899 0,001163
галатасарай 3,338139 0,000303
ранг 2,732003 0,000124
крамаренко 4,031286 0,000731
травмированный 3,743604 0,000170
нефтяной 4,031286 0,000183
поло 1,441019 0,000065
неровно 4,436752 0,000603
поле 1,392229 0,000126
дома 1,695912 0,000538
доля 2,827314 0,000128
между 0,955511 0,000173
паллосеура 5,129899 0,000233
чӑвашла 2,134166 0,000097
руководство 1,301257 0,001180
долл 3,743604 0,000170
соответствие 1,002764 0,000045
попович 4,436752 0,000603
европа 0,393700 0,000357
эмоция 2,357310 0,000107
газпром 2,732003 0,000124
риццителли 5,129899 0,000233
еремин 3,743604 0,000849
уточнение 3,050457 0,000138
сочетание 3,338139 0,000151
растерять 5,129899 0,000233
защищать 2,296685 0,000104
переиграть 2,644992 0,000360
абсолютный 2,038856 0,000277
фернандесом 5,129899 0,000233
газзаев 3,338139 0,002724
подтвердить 1,762603 0,000080
тоттенхэму 5,129899 0,000233
лебедев 3,183989 0,000289
оаэ 2,357310 0,000214
oborona 5,129899 0,000233
оба 1,368699 0,000310
бегиристайн 5,129899 0,000465
цск 3,338139 0,000605
армеец 2,564949 0,018953
жуков 4,436752 0,000201
греческий 2,644992 0,000240
ташкентский 4,436752 0,000201
оао 4,031286 0,000366
унизительный 3,520461 0,000319
тоттенхэм 3,050457 0,000553
свердловский 4,031286 0,000366
разделить 2,134166 0,000387
олег 1,871802 0,001612
yes 3,520461 0,000160
преодолеть 2,357310 0,000107
сыгранность 4,031286 0,000183
набор 2,296685 0,000104
марио 3,743604 0,000849
если 0,675551 0,000031
окружной 4,436752 0,000201
wikimedia 0,986764 0,000045
казанский 2,564949 0,000349
викицитатнике 2,827314 0,000128
обл 3,050457 0,000138
медведев 1,633391 0,000074
глеб 3,050457 0,000415
нефтяник 4,436752 0,000201
занести 2,932674 0,000133
поза 2,827314 0,000513
явный 3,338139 0,000151
распад 2,564949 0,000233
полтора 2,827314 0,000128
волга 2,490841 0,000113
очищать 2,421849 0,000110
контакт 1,035554 0,000047
зимой 2,827314 0,000256
элвира 4,436752 0,000402
сверхлимитный 4,436752 0,000201
посещать 2,932674 0,000266
восьмой 2,239527 0,000203
маркий 5,129899 0,000233
самарский 3,338139 0,000151
максим 1,871802 0,001103
андрей 1,258698 0,000970
комитет 1,368699 0,000186
инсайд 3,050457 0,000138
видзева 5,129899 0,000233
кушанашвили 5,129899 0,000465
спарта 3,183989 0,000433
шершун 5,129899 0,000233
юность 3,520461 0,000160
новороссийск 3,050457 0,000138
потеря 2,239527 0,000406
генштаб 5,129899 0,000233
никанор 5,129899 0,000698
бибрас 4,436752 0,000402
звягинцев 5,129899 0,000233
задержание 4,031286 0,000366
марек 4,436752 0,000201
серебро 1,695912 0,000077
динамо 0,663991 0,002227
одо 4,436752 0,000201
подг 5,129899 0,000233
последовательность 3,050457 0,000138
госпитализировать 4,031286 0,000183
последовать 2,421849 0,000439
взамен 3,743604 0,000170
повториться 3,520461 0,000160
улучшить 1,951845 0,000177
петр 1,392229 0,000442
кресло 3,743604 0,000339
сразу 1,392229 0,000126
баннерный 5,129899 0,000465
тяжба 4,436752 0,000201
оттуда 3,520461 0,000160
итал 4,031286 0,000183
создать 0,773190 0,000175
острый 3,338139 0,000151
деть 0,619039 0,000393
апухтин 4,436752 0,000603
паоло 4,031286 0,000183
gallant 5,129899 0,000233
отправить 1,871802 0,000424
финалист 2,185460 0,000099
летиям 5,129899 0,000465
решение 0,839439 0,000038
печать 0,955511 0,000087
лишить 2,421849 0,000110
приглашение 3,183989 0,000144
заработать 2,564949 0,000349
носитель 5,129899 0,000233
провалить 3,520461 0,000319
протокол 2,490841 0,000226
календарь 0,675551 0,000031
организация 0,663991 0,000090
titl 0,986764 0,000045
десять 1,797694 0,000163
премия 2,357310 0,000107
розыгрыш 1,762603 0,000959
group 2,357310 0,000107
поздний 1,323236 0,000360
плечо 3,050457 0,000138
товарный 0,986764 0,000045
субисаррету 5,129899 0,000233
кочеток 5,129899 0,000233
вскоре 2,239527 0,000305
противостоять 3,183989 0,000577
дважды 1,574551 0,000357
клубный 1,416327 0,000449
площадь 2,185460 0,000297
школа 1,492313 0,000068
спартакиада 2,564949 0,000116
принести 1,871802 0,000255
холли 4,436752 0,000201
интером 3,520461 0,000160
приблизительно 3,743604 0,000170
генчлербирлиги 5,129899 0,000233
владислав 2,038856 0,000277
хоровой 5,129899 0,000233
тульский 3,050457 0,000277
сатурн 2,732003 0,000619
радикальный 4,031286 0,000183
петербургский 2,185460 0,000396
участник 0,799165 0,000036
эльмом 5,129899 0,000465
условие 0,334108 0,000076
премьер 1,198073 0,000489
перхун 5,129899 0,000930
фотоиллюстрация 5,129899 0,000233
выпускать 3,050457 0,000138
стоимость 2,421849 0,000110
достижение 1,279751 0,000522
занять 1,159607 0,003417
угловой 3,050457 0,000415
соотношение 3,183989 0,000289
третье 1,035554 0,000610
влететь 5,129899 0,000233
вертикальный 2,490841 0,000565
булдаков 5,129899 0,000465
dansk 1,069456 0,000048
петросянц 5,129899 0,000233
бирмингем 4,031286 0,000183
еще 0,167054 0,000061
ротация 3,520461 0,000479
свести 4,031286 0,000548
услать 2,827314 0,000513
поразить 3,338139 0,000151
амирхоссейн 5,129899 0,000233
успех 1,518981 0,000207
отставать 2,827314 0,000256
петербург 1,345709 0,000061
менее 1,258698 0,000399
важный 0,986764 0,000134
берлин 2,644992 0,000240
беларуская 1,069456 0,000097
четверо 4,031286 0,000183
наблюдательный 3,338139 0,000303
очный 3,520461 0,000319
георгий 2,421849 0,000769
webcit 2,038856 0,000185
янг 3,743604 0,000170
кейсукэ 5,129899 0,000233
четверг 2,239527 0,000203
велоспорт 1,178655 0,000053
marat 5,129899 0,000233
она 0,597299 0,000190
бурсаспором 5,129899 0,000233
тошичем 5,129899 0,000233
бенфики 2,827314 0,000128
скачать 0,895792 0,000081
сезон 0,723179 0,005475
они 0,524729 0,000523
поэт 3,520461 0,000160
сыгранный 2,421849 0,000220
щенников 5,129899 0,000930
оно 2,038856 0,000185
харьковский 4,436752 0,000201
кейсуке 5,129899 0,000233
вариант 1,492313 0,000068
футбол 0,247097 0,000370
кейсуки 5,129899 0,000233
награждение 2,932674 0,000133
пильгуй 4,436752 0,000201
алга 5,129899 0,000233
саратов 2,490841 0,000113
вагнер 4,031286 0,004569
аничкин 4,436752 0,000402
боец 1,797694 0,000081
томаш 3,338139 0,000605
австрия 1,871802 0,000085
выздороветь 5,129899 0,000233
ефропы 5,129899 0,000233
составлять 1,518981 0,000344
фронт 3,520461 0,000160
афонин 4,436752 0,000201
чал 4,031286 0,000914
административный 3,520461 0,000319
следовать 1,728701 0,000078
вица 2,134166 0,000290
час 1,728701 0,000078
moscow 4,436752 0,000201
juventus 5,129899 0,000233
левин 4,031286 0,000183
актив 3,183989 0,000433
шанс 1,258698 0,000342
бакинский 5,129899 0,000233
элвер 5,129899 0,000465
зарубежный 1,695912 0,000077
викискладе 1,217876 0,000055
tribun 4,436752 0,000201
василий 2,134166 0,001645
поверженный 4,436752 0,000201
победить 0,699082 0,000349
пляжный 1,603538 0,000073
направлять 3,338139 0,000151
преследователь 3,743604 0,000339
алан 3,520461 0,001756
киевлянин 4,436752 0,000402
далекий 1,416327 0,000128
динамовец 3,338139 0,001211
зарубежье 4,436752 0,000201
цитата 2,732003 0,000124
солохо 5,129899 0,000465
мера 2,296685 0,000104
пожертвовать 0,940244 0,000043
геннадий 2,421849 0,000659
возрождаться 4,031286 0,000183
неавторитетный 3,183989 0,001010
оланаре 4,436752 0,000201
ссылка 0,699082 0,000602
срезать 5,129899 0,000233
астаповский 5,129899 0,001163
эпоха 2,085376 0,000378
фаворит 2,134166 0,000387
борис 2,239527 0,002335
бренд 2,357310 0,000107
гутеев 5,129899 0,000233
бушманова 5,129899 0,000233
закладка 3,743604 0,000170
шоссе 3,743604 0,000170
удача 3,743604 0,000170
красич 5,129899 0,001628
советск 2,932674 0,000133
штанга 3,520461 0,000160
москва 0,576022 0,001932
атака 1,762603 0,000160
башашкин 4,436752 0,001006
самусенко 4,436752 0,000201
подойти 2,644992 0,000480
васин 5,129899 0,000233
витиньо 5,129899 0,000930
отдельный 0,955511 0,000043
скандал 1,279751 0,000116
зельдина 5,129899 0,000233
понтусом 5,129899 0,000233
офф 1,019025 0,000277
понтуса 5,129899 0,000233
деньги 2,732003 0,000124
данил 2,490841 0,000226
путевка 2,932674 0,000266
фарид 4,031286 0,000183
обилие 4,436752 0,000201
обращение 0,910391 0,011515
вызывать 2,827314 0,000128
лентопедии 5,129899 0,000233
бронза 1,728701 0,000157
атрибутика 3,743604 0,000339
markt 4,436752 0,001006
новость 0,285712 0,000091
вряд 4,031286 0,000183
армейский 2,932674 0,002127
хотспур 3,338139 0,000454
осмар 5,129899 0,000233
сентябрь 1,035554 0,002300
михаил 1,301257 0,001180
шевченко 3,338139 0,000605
войти 0,608110 0,000386
багаттини 5,129899 0,000233
ковач 3,743604 0,000170
ქართული 1,392229 0,000063
авив 4,031286 0,000183
память 2,185460 0,000198
гончаренко 4,436752 0,000603
кайков 5,129899 0,000233
защита 1,441019 0,000131
политик 0,224624 0,000031
считать 1,279751 0,000058
колесников 5,129899 0,000233
чин 4,031286 0,000183
тюмень 2,564949 0,000116
вино 3,520461 0,000160
яковенко 4,436752 0,000201
играть 0,895792 0,000772
тлисов 5,129899 0,000465
читинский 4,436752 0,000201
trud 5,129899 0,000233
обусловить 2,932674 0,000133
минск 1,728701 0,000078
первый 0,317714 0,000792
разрешить 1,664163 0,000075
пост 2,085376 0,000851
таджикский 5,129899 0,000233
одинаковый 2,134166 0,000097
итог 0,867219 0,001494
пять 1,140915 0,000724
февраль 0,202645 0,000469
пинаичев 5,129899 0,000930
полузащитник 2,357310 0,003527
евротур 2,357310 0,000107
подкова 4,436752 0,000402
форштингер 5,129899 0,000233
капличный 5,129899 0,001395
деятельность 1,546380 0,000070
реабилитолог 5,129899 0,000233
аджман 5,129899 0,000465
проход 2,932674 0,000133
старший 1,695912 0,000231
мнение 1,951845 0,000265
вилл 3,520461 0,000160
титул 1,301257 0,000236
порт 2,732003 0,000495
заплатить 2,564949 0,000116
швейцарский 2,490841 0,000226
трёхгорка 4,436752 0,000201
постараться 3,183989 0,000144
считаться 1,441019 0,000261
лилля 2,732003 0,000372
раздосадовать 5,129899 0,000233
джаз 4,436752 0,000201
неделя 1,217876 0,000110
пора 1,392229 0,000189
лилль 5,129899 0,000233
днепропетровский 4,436752 0,000201
израильский 4,031286 0,000366
закончиться 1,834062 0,001497
усманов 5,129899 0,000930
runew 4,436752 0,000201
вольфсбургу 5,129899 0,000233
омон 5,129899 0,000233
трабзонспором 5,129899 0,000233
перемена 3,338139 0,000151
прозвище 2,827314 0,000897
аэропорт 3,050457 0,000138
мочь 0,350775 0,000111
остановить 1,994404 0,000090
сборная 0,342407 0,000326
лиссабон 3,743604 0,000509
дорожка 2,827314 0,000128
adida 2,932674 0,000266
выработать 4,031286 0,000183
пополнение 4,436752 0,000201
азербайджан 2,357310 0,000107
сергеев 3,520461 0,000638
трио 4,031286 0,000183
призвать 2,085376 0,000095
подгруппа 3,520461 0,000479
почтить 1,279751 0,000058
евсиков 5,129899 0,000465
аудио 1,951845 0,000088
кубок 0,376309 0,001945
цвет 1,695912 0,000846
одноклассник 2,490841 0,000113
меньшинство 3,338139 0,000303
весенний 2,827314 0,000897
краснодарский 2,827314 0,000128
томск 2,932674 0,000133
ведомость 3,338139 0,000151
энциклопедия 0,986764 0,000089
виктор 1,416327 0,001156
ростовой 2,932674 0,000133
федоров 3,183989 0,000144
херес 5,129899 0,000465
чеботарев 4,436752 0,000402
български 1,086847 0,000049
пас 2,490841 0,000226
журнал 1,871802 0,002461
беговой 3,183989 0,000144
наполоть 2,644992 0,000120
американский 0,910391 0,000041
великий 2,239527 0,000203
факультет 4,031286 0,000183
многочисленный 2,239527 0,000203
округ 3,338139 0,000151
лентапедия 3,743604 0,000170
другой 0,188256 0,000128
сюда 0,986764 0,000045
весить 1,911023 0,000520
грубость 4,031286 0,000183
гейнрих 5,129899 0,000465
презентация 3,050457 0,000277
утро 2,421849 0,000220
давать 1,416327 0,000193
ослабить 4,436752 0,000201
лондон 1,911023 0,000087
востриков 5,129899 0,000233
выдать 2,732003 0,000495
превысить 2,827314 0,000128
ахметов 3,050457 0,000415
обостриться 4,436752 0,000201
контроль 1,951845 0,000177
isbn 1,633391 0,000370
серпухов 4,436752 0,000201
что 0,195425 0,000221
договор 2,421849 0,000220
песчаный 4,031286 0,000731
домашние 2,038856 0,000739
домашний 1,695912 0,000999
форма 1,086847 0,001478
медаль 0,619039 0,000337
впалый 5,129899 0,000233
секция 3,050457 0,000277
щербатенко 5,129899 0,000233
карпаты 3,338139 0,000303
взыскание 4,436752 0,000402
настоящее 1,368699 0,000062
несмотря 1,762603 0,001119
образец 2,421849 0,000110
левый 1,871802 0,000424
принцип 1,695912 0,000077
лужков 5,129899 0,000233
янец 5,129899 0,000233
пенальти 2,038856 0,001109
ольга 2,827314 0,000256
гетры 4,031286 0,000183
выбежать 2,932674 0,000133
демин 2,827314 0,000513
борт 3,338139 0,000151
строка 4,031286 0,000183
ливрея 4,436752 0,000201
хоккей 0,285712 0,000039
жук 3,183989 0,000289
спортинг 4,031286 0,000548
изображение 2,239527 0,000102
новосад 5,129899 0,001163
юсупов 5,129899 0,000233
серия 0,586604 0,000213
значиться 4,031286 0,000183
варлам 4,031286 0,001097
леонидас 4,436752 0,000201
теллингер 5,129899 0,000233
спасти 3,520461 0,000160
серик 5,129899 0,000465
горняк 4,031286 0,000183
октябрь 1,019025 0,001940
набережная 2,644992 0,000120
завоевать 1,035554 0,000657
базилевич 5,129899 0,000698
управление 2,239527 0,000203
steed 5,129899 0,000233
футбольный 1,345709 0,002745
награда 1,279751 0,000232
rsport 2,932674 0,000133
переоборудовать 5,129899 0,000233
гандболист 4,031286 0,000366
родной 2,732003 0,000124
никола 2,085376 0,000189
девятикратный 3,743604 0,000170
судейство 1,871802 0,000085
прибыть 2,732003 0,000124
футболка 2,296685 0,001041
рассказать 1,122566 0,000051
тольятти 2,490841 0,000226
президент 1,035554 0,000610
уступать 1,994404 0,000271
тянуться 4,031286 0,000183
вакуленко 5,129899 0,000233
гранить 2,564949 0,000116
алдонин 4,436752 0,001006
дальний 2,644992 0,000360
первоначально 1,951845 0,000088
развернуться 3,338139 0,000151
забрало 3,338139 0,000151
한국어 1,035554 0,000047
иван 1,603538 0,000654
савченко 3,743604 0,000339
навечно 3,743604 0,000339
предварительный 2,421849 0,000220
невзгода 5,129899 0,000233
государство 2,134166 0,000193
градиленко 5,129899 0,000465
гогниев 4,436752 0,000402
ведомство 3,520461 0,000160
эрнандес 3,743604 0,000170
усиление 3,520461 0,000160
фейеноордом 5,129899 0,000233
экипировщиком 5,129899 0,000233
крайне 3,183989 0,000433
участие 0,457070 0,000145
небыстрый 5,129899 0,000233
сибиряк 5,129899 0,000233
попытка 1,664163 0,000075
водный 0,723179 0,000033
simpl 1,140915 0,000052
мёнхенгладбах 4,031286 0,000366
разделиться 3,183989 0,000144
еврокубков 2,827314 0,000256
поставщик 3,520461 0,000160
киев 2,421849 0,000878
машкарина 5,129899 0,000233
появление 2,239527 0,000203
юрченко 5,129899 0,000233
норвежский 1,345709 0,000061
magyar 1,086847 0,000049
подписать 1,492313 0,000609
цветовой 4,031286 0,000183
владимир 1,392229 0,004481
нецидом 5,129899 0,000233
алим 4,436752 0,000201
прибыль 3,338139 0,000151
справка 0,986764 0,000045
завершение 1,695912 0,000154
всесоюзный 2,644992 0,000600
якутия 4,436752 0,000201
единоличный 4,031286 0,000183
форум 0,867219 0,000039
кинчев 5,129899 0,000233
слать 1,728701 0,000313
валенсия 3,183989 0,000144
масляков 5,129899 0,000233
сыгрываться 5,129899 0,000233
вернуть 1,695912 0,000231
википедия 0,986764 0,000895
рекламный 2,185460 0,000099
возможность 1,279751 0,000116
дружина 5,129899 0,001163
inc 0,986764 0,000045
элистинским 5,129899 0,000233
занимать 1,664163 0,001584
элиста 3,050457 0,000138
гендиректор 3,338139 0,000303
невозможный 2,732003 0,000124
круг 1,392229 0,001893
подушка 5,129899 0,000233
очень 1,140915 0,000310
бойз 5,129899 0,000233
вничью 1,797694 0,000896
относительный 4,031286 0,000914
какой 1,002764 0,000091
даниэл 4,436752 0,000805
википедии 0,986764 0,000089
термин 1,345709 0,000061
общественность 3,520461 0,000160
неплохо 3,338139 0,000151
газета 1,392229 0,000757
письмо 1,911023 0,000087
санкция 2,421849 0,000220
обозначать 3,183989 0,000144
физический 1,392229 0,000063
селекция 3,520461 0,000160
прервать 1,762603 0,000160
частность 1,994404 0,000090
зико 4,436752 0,001207
содержимое 2,932674 0,000133
под 0,723179 0,000787
пол 0,910391 0,000330
связаться 0,867219 0,000039
человек 0,940244 0,000085
обыграть 1,122566 0,001730
подробный 0,687247 0,000062
немного 2,038856 0,000092
содержание 0,955511 0,000173
отказаться 1,695912 0,000154
фото 0,799165 0,000036
связь 0,747872 0,000237
орешкин 5,129899 0,000465
дзагоев 5,129899 0,002558
мамаев 4,031286 0,000366
находка 2,564949 0,000116
передаваться 2,932674 0,000133
челси 2,827314 0,000513
нехватка 2,827314 0,000128
доработка 4,436752 0,000201
собрать 2,357310 0,000321
поп 1,664163 0,000151
экспосито 5,129899 0,000233
нагрубить 5,129899 0,000233
титульный 2,185460 0,000495
информационный 1,122566 0,000051
закарпатье 5,129899 0,000233
сложность 1,951845 0,000177
римляна 4,031286 0,000183
итальянский 1,633391 0,000518
халкиопов 5,129899 0,000465
опытный 1,994404 0,000452
клинический 5,129899 0,000233
пропускать 3,050457 0,000138
nike 3,050457 0,000138
социальный 1,603538 0,000073
про 1,301257 0,000059
кисляк 3,338139 0,000454
республика 2,134166 0,000097
главный 0,565551 0,000385
одержать 1,217876 0,001601
цауня 5,129899 0,000698
также 0,663991 0,001385
одиннадцатый 4,031286 0,000183
العربية 1,069456 0,000048
появиться 1,159607 0,000473
стартовать 1,633391 0,000148
псв 4,031286 0,000548
защ 3,183989 0,001443
грозный 2,421849 0,000220
псж 1,518981 0,000069
фотография 2,134166 0,000097
союзник 5,129899 0,000233
хомуха 5,129899 0,001163
трава 1,392229 0,000063
снова 1,574551 0,000428
мухин 4,436752 0,000201
red 3,520461 0,000638
претендент 2,296685 0,000104
зао 3,743604 0,000339
обойма 5,129899 0,000233
правка 0,986764 0,000089
михин 4,436752 0,000201
себя 0,597299 0,000244
усечь 4,436752 0,000201
летие 2,421849 0,000220
осенить 3,743604 0,000170
бомбежка 4,436752 0,000201
даниэль 4,031286 0,000183
камп 4,436752 0,000201
поддержка 1,546380 0,000070
один 0,342407 0,000605
безелем 5,129899 0,000233
зельдин 5,129899 0,000233
одиа 4,436752 0,000603
должность 2,421849 0,000439
дулык 5,129899 0,000233
трус 3,338139 0,001211
класс 1,728701 0,000862
пфк 3,520461 0,006065
столетие 2,490841 0,000113
селятине 5,129899 0,000233
формирование 2,827314 0,000128
выписать 4,031286 0,000183
труд 2,357310 0,000107
пошутить 4,436752 0,000201
южный 1,159607 0,000105
сердечный 4,436752 0,000201
bahasa 1,086847 0,000049
околофутбольной 5,129899 0,000233
пинаичева 5,129899 0,000233
ria 2,932674 0,000133
нарушить 2,490841 0,000113
артур 1,664163 0,000302
качество 1,323236 0,000240
تۆرکجه 1,762603 0,000080
надежда 2,421849 0,000439
бибраса 5,129899 0,000233
туринский 4,436752 0,000201
словарь 1,198073 0,000054
абдулкадыр 5,129899 0,000465
посчитать 3,520461 0,000319
гречко 5,129899 0,000233
ереван 3,338139 0,000151
самсонов 3,338139 0,000151
жюри 4,031286 0,000183
салугин 5,129899 0,000233
старое 1,797694 0,000244
новичок 1,797694 0,000489
довольный 1,994404 0,000362
матчевый 2,296685 0,000104
проводиться 1,086847 0,000099
узбекистан 2,732003 0,000124
ипподром 5,129899 0,000233
расстрелять 5,129899 0,000233
пономарев 2,827314 0,000385
українська 1,035554 0,000047
конкретизация 2,827314 0,000128
абдураим 5,129899 0,000465
разыгрывать 2,421849 0,000110
группа 1,122566 0,001578
обойти 2,421849 0,000329
литовский 1,951845 0,000088
молодая 1,762603 0,001678
lenta 2,239527 0,000203
лобжанидзе 5,129899 0,000465
образовать 2,827314 0,000128
костылев 4,031286 0,000914
стоить 1,546380 0,000070
рекордсмен 1,834062 0,000915
катастрофа 3,338139 0,000151
удачный 2,564949 0,000581
принадлежность 3,338139 0,000151
жизнь 0,881403 0,000040
конкурент 2,564949 0,000233
cite 1,258698 0,000171
головин 1,695912 0,000308
твердый 2,564949 0,000116
трики 2,732003 0,000124
рапорт 4,436752 0,000201
герасим 3,743604 0,000339
трое 2,185460 0,000099
львовский 4,436752 0,000805
уступить 1,368699 0,001241
дзен 2,932674 0,000133
блеса 5,129899 0,000233
бубукин 4,436752 0,000201
вверх 2,421849 0,000659
конфиденциальность 0,293617 0,000013
викингур 5,129899 0,000233
назад 1,140915 0,000052
селезнев 4,436752 0,000402
шахматы 1,834062 0,000083
болезнь 3,050457 0,000138
список 0,986764 0,000447
белградский 5,129899 0,000233
аркадьев 3,520461 0,000958
приобрести 2,038856 0,001202
лукин 4,436752 0,000402
шуманский 4,031286 0,000183
гороховый 4,031286 0,000183
пермский 3,338139 0,000151
четвертая 2,185460 0,000099
rusfootbal 4,031286 0,000183
соловьев 4,436752 0,000402
сохранять 2,564949 0,000233
шашка 4,031286 0,000183
главное 0,524729 0,000595
основание 1,416327 0,000064
восполнить 5,129899 0,000233
монарев 5,129899 0,000233
потребоваться 3,338139 0,000151
зафиксировать 1,994404 0,000090
койта 5,129899 0,000233
вновь 1,574551 0,001071
сменить 1,466337 0,000266
обзавестись 3,520461 0,000160
вольсфбургом 5,129899 0,000233
сообщить 0,447767 0,000020
физкультура 1,994404 0,000090
истечь 2,732003 0,000248
вциом 4,436752 0,000402
нигерийский 3,743604 0,000170
сечь 3,050457 0,000138
финальный 1,492313 0,000812
рурштадион 5,129899 0,000233
радиостанция 3,520461 0,000160
черноморец 2,732003 0,000619
кобыщи 5,129899 0,000233
приобретение 3,183989 0,000433
english 0,925206 0,000084
франция 0,675551 0,000031
траоре 4,436752 0,000603
шоу 1,441019 0,000065
четыре 0,910391 0,000330
аутсайдер 3,050457 0,000138
бушман 4,436752 0,001207
определяться 1,797694 0,000163
друг 1,518981 0,000069
голубой 2,490841 0,000113
тайм 1,633391 0,000740
схема 1,951845 0,000088
ныне 2,357310 0,000107
сравнивать 3,338139 0,000303
можно 1,002764 0,000045
илья 1,797694 0,000244
română 1,122566 0,000051
файзулин 4,031286 0,000731
гришин 3,338139 0,000605
монарёв 5,129899 0,000233
portuguê 1,035554 0,000047
опережать 2,932674 0,000133
хранение 2,564949 0,000116
стремиться 2,421849 0,000110
раз 0,485508 0,000418
чемпионат 0,188256 0,001434
ўзбекча 1,140915 0,000052
кирилл 1,695912 0,000461
образование 2,038856 0,000092
жозе 3,183989 0,000144
файзулина 4,436752 0,000201
улан 4,436752 0,000201
версия 0,393700 0,000464
интернет 1,574551 0,000071
просьба 3,338139 0,000303
выделить 2,085376 0,000095
иванаускаса 5,129899 0,000233
штаб 1,664163 0,000528
помазать 5,129899 0,000233
рбк 1,797694 0,000081
лодзь 5,129899 0,000233
اردو 1,574551 0,000071
ботафого 5,129899 0,000233
игорь 1,871802 0,003394
выполнение 2,185460 0,000099
четвертый 1,695912 0,000231
правый 0,971016 0,000308
увеличить 2,038856 0,000277
ударить 2,564949 0,000116
представитель 1,238078 0,000112
представить 1,518981 0,000207
работа 1,086847 0,000148
амур 2,644992 0,000120
трата 3,520461 0,000160
ожидание 2,932674 0,000133
сеть 1,258698 0,000228
евро 1,466337 0,000465
суммарно 4,031286 0,000183
запретить 1,178655 0,000107
логотип 2,357310 0,000107
сооружение 3,183989 0,000144
сибирь 2,038856 0,000092
донецкий 4,031286 0,000731
разинский 4,436752 0,000603
знать 1,345709 0,000061
тосмена 4,436752 0,000402
разгромный 2,564949 0,000233
волгоградский 4,031286 0,000548
металлист 3,520461 0,000319
шут 4,031286 0,000183
galego 1,178655 0,000053
автор 1,466337 0,000199
старый 1,159607 0,000105
севастополь 4,031286 0,000183
возвращаться 1,871802 0,000085
внести 2,239527 0,000102
восьмикратный 5,129899 0,000233
новосозданное 5,129899 0,000233
ростов 2,827314 0,000256
вильярреал 2,827314 0,000128
служебный 0,955511 0,000043
пльзень 5,129899 0,000233
снять 1,871802 0,000085
краснодар 0,867219 0,000197
махачкалинский 4,031286 0,000183
война 1,695912 0,000615
бомбардировка 4,031286 0,000183
associ 0,986764 0,000045
свободный 0,867219 0,000079
ржд 3,520461 0,000160
федот 4,031286 0,003472
существовать 1,122566 0,000204
федор 1,871802 0,000594
возглавлять 2,564949 0,000116
серб 3,338139 0,000151
индивидуализация 5,129899 0,000233
отношение 1,301257 0,000059
алваладе 5,129899 0,000233
строить 2,490841 0,000226
тито 4,436752 0,000201
орловский 4,436752 0,000201
монако 1,994404 0,000181
tiktok 2,490841 0,000113
сформировать 2,732003 0,000248
богдан 3,183989 0,000144
поворин 5,129899 0,000233
боксер 2,932674 0,000133
памир 5,129899 0,000233
архивировать 1,104547 0,013870
инвестиция 4,436752 0,000201
массажист 4,436752 0,000201
сенник 4,436752 0,000201
связанный 0,786093 0,000178
риа 1,466337 0,000266
встряска 3,183989 0,000144
викицитатник 2,827314 0,000256
жоао 3,183989 0,000144
совмещать 3,520461 0,000160
будущее 1,664163 0,000075
explor 5,129899 0,000233
дублер 3,520461 0,000798
министр 2,185460 0,000297
кузнецов 2,239527 0,001523
номинальный 3,743604 0,000170
հայերեն 1,198073 0,000054
интера 2,732003 0,000248
феномен 3,520461 0,000160
расход 2,490841 0,000452
рим 2,239527 0,000102
антон 1,695912 0,000154
агентство 1,994404 0,000362
семь 1,633391 0,000963
приз 1,834062 0,000915
bokmål 1,069456 0,000048
коломяги 4,436752 0,000402
результативность 2,827314 0,000385
жена 1,728701 0,000157
пропустить 1,122566 0,000356
засчитать 2,357310 0,000107
хорошо 1,951845 0,000088
приниматься 3,338139 0,000151
федун 3,520461 0,000160
инструмент 0,881403 0,000080
справа 2,932674 0,000133
масалитина 5,129899 0,000233
такой 0,735450 0,000400
последовательно 3,338139 0,000303
заставить 2,490841 0,000113
рука 1,392229 0,000189
евгения 1,178655 0,001817
догнать 2,827314 0,000256
благодаря 1,441019 0,000196
военный 1,664163 0,000377
вырвать 2,421849 0,000439
фонд 0,895792 0,000041
состав 0,867219 0,001612
вестись 2,185460 0,000198
джанер 5,129899 0,000233
передний 2,490841 0,000226
наиболее 1,466337 0,000066
сомнительный 3,183989 0,000144
указать 1,198073 0,000217
соглашение 1,466337 0,000199
содержать 2,134166 0,000097
приднестровский 5,129899 0,000233
спонсорство 3,050457 0,000415
леонидаса 5,129899 0,000233
строительство 2,490841 0,001129
история 0,270086 0,000392
македонский 1,258698 0,000114
евгений 3,520461 0,000160
шахтер 2,932674 0,001064
руис 4,436752 0,000402
добродеев 5,129899 0,000465
поправить 4,436752 0,001006
обновление 2,185460 0,000099
междугородний 5,129899 0,000233
жемчужина 3,050457 0,000277
название 1,035554 0,000376
редко 2,490841 0,000113
анортосисом 5,129899 0,000233
тысяча 1,546380 0,000140
чемпион 0,334108 0,001075
чепчугов 5,129899 0,000465
первое 0,393700 0,001481
низкий 1,345709 0,000183
алексей 1,140915 0,001500
челны 2,932674 0,000133
рижский 3,520461 0,000319
фролов 3,338139 0,000151
конюшня 5,129899 0,000465
gazeta 3,520461 0,000160
белаковский 5,129899 0,000233
сигурдссон 4,436752 0,000201
авторство 0,986764 0,000045
кампания 3,050457 0,000415
подача 2,490841 0,000452
дада 5,129899 0,000233
финал 0,699082 0,001648
зареять 4,436752 0,000201
ефим 3,520461 0,000160
поведение 0,839439 0,000038
рпл 1,140915 0,000052
bat 5,129899 0,000233
полоска 3,183989 0,000577
кузьмичев 4,436752 0,000402
франкфурт 3,338139 0,000303
одерживать 3,050457 0,000138
литва 2,239527 0,000102
финский 1,518981 0,000138
удар 1,633391 0,000815
шинник 2,732003 0,000495
аджем 5,129899 0,000465
тренироваться 2,564949 0,000233
тяпков 5,129899 0,000233
полный 0,940244 0,000085
терек 3,050457 0,000553
годовой 3,743604 0,000170
викимедиа 0,986764 0,000045
интер 1,633391 0,000296
добиться 2,085376 0,000284
небратенко 5,129899 0,000233
вплоть 1,871802 0,000085
azərbaycanca 1,258698 0,000057
абель 5,129899 0,000233
средство 1,664163 0,000075
резервист 4,436752 0,000201
алеррандро 5,129899 0,000233
томашом 5,129899 0,000233
выдержать 3,520461 0,000160
ураланом 5,129899 0,000233
дабы 5,129899 0,000233
проигрыш 2,490841 0,000113
статистический 3,050457 0,000138
регби 0,955511 0,000087
русский 0,760451 0,000034
кириченко 4,436752 0,000805
входить 1,258698 0,000114
этап 0,895792 0,000812
бабаев 3,743604 0,000849
джентльмен 3,520461 0,000160
автомобильный 3,338139 0,000151
время 0,384967 0,000332
нуль 4,031286 0,000183
выходить 1,695912 0,000231
прислать 2,490841 0,000452
сознание 3,743604 0,000170
новгород 1,217876 0,000166
отменить 1,728701 0,000078
ранее 1,104547 0,000150
победитель 0,799165 0,000362
начальник 2,732003 0,000372
анжи 2,827314 0,000641
спортинга 4,436752 0,000201
поликарп 5,129899 0,002093
ивакин 4,436752 0,000201
подать 2,296685 0,000521
получение 2,085376 0,000095
восемь 1,695912 0,000077
алвес 5,129899 0,000465
ефрем 4,436752 0,000201
начаться 1,518981 0,000757
заключительный 2,357310 0,000214
яшин 2,827314 0,000641
шестернёв 5,129899 0,003023
стажировка 5,129899 0,000233
ключевой 2,296685 0,000104
миллиард 1,911023 0,000520
крутов 4,436752 0,000603
задача 1,546380 0,000140
лаврентий 4,436752 0,000603
плисецкий 5,129899 0,000233
счет 0,799165 0,004565
рфс 2,564949 0,000465
оформить 2,134166 0,000387
аэрофлот 4,436752 0,002011
гайич 4,436752 0,000603
читать 0,555188 0,000025
беркетов 5,129899 0,000465
некогда 4,436752 0,000201
прямая 1,441019 0,000065
генерал 3,520461 0,000798
англ 1,159607 0,000210
оценка 1,797694 0,000163
волейбол 0,955511 0,000087
обязательно 2,357310 0,000107
файзиев 5,129899 0,000233
социалистический 3,743604 0,000339
оценить 1,603538 0,000073
дадаханов 5,129899 0,000465
sportsdaili 3,520461 0,000160
момент 0,910391 0,000083
булганин 5,129899 0,000233
князь 4,436752 0,000201
виноградов 3,520461 0,000160
中文 1,035554 0,000047
удаление 2,038856 0,000092
константин 2,185460 0,000991
таун 4,436752 0,000201
тереть 0,786093 0,000428
харин 4,436752 0,000201
потерять 1,951845 0,000265
раменский 2,932674 0,000133
foundat 0,986764 0,000045
суметь 2,296685 0,000729
карта 2,085376 0,000095
podkova 5,129899 0,000233
глушаков 3,743604 0,000679
среди 0,597299 0,000298
крутова 4,436752 0,000201
анатолия 2,357310 0,001817
финиш 2,185460 0,000594
хоккейный 1,416327 0,000064
blacki 5,129899 0,000233
арендовать 3,183989 0,000433
масштабный 3,050457 0,000138
чиди 4,436752 0,000603
обнародовать 4,031286 0,000183
материальный 3,743604 0,000170
tiếng 1,140915 0,000052
татарча 1,392229 0,000063
עברית 1,052361 0,000048
павел 1,834062 0,001247
должен 0,597299 0,000244
союзный 2,827314 0,000128
возвращение 1,466337 0,000133
оплатить 5,129899 0,000233
генподрядчик 5,129899 0,000233
еременко 3,520461 0,000319
написание 2,564949 0,000116
гигантский 3,520461 0,000160
забить 1,466337 0,002592
открывать 2,644992 0,000120
предстоять 3,338139 0,000908
жорж 3,520461 0,000798
kurdî 1,834062 0,000083
работать 1,518981 0,000138
кармо 5,129899 0,000465
акрон 1,279751 0,000058
малышев 4,031286 0,000183
заря 3,338139 0,000605
отбить 3,338139 0,000151
роковой 5,129899 0,000233
провести 0,799165 0,001159
операция 2,644992 0,000240
большинство 1,466337 0,000199
йожеф 5,129899 0,000465
удвоить 3,743604 0,000509
икс 5,129899 0,001163
тренер 0,555188 0,002013
надаль 2,564949 0,000116
награждать 4,031286 0,000183
перестановка 3,050457 0,000138
или 0,576022 0,000209
реализованный 4,031286 0,000183
покориться 4,436752 0,000201
любовь 2,644992 0,000120
шестой 2,357310 0,000107
отстоять 2,827314 0,000128
радио 2,421849 0,000220
арбитр 2,239527 0,000203
николаев 4,436752 0,000805
включить 1,392229 0,000063
переслать 2,827314 0,001025
уход 1,834062 0,000166
югославия 2,134166 0,000290
учетный 0,986764 0,000045
еврюжихин 4,436752 0,000201
заключить 2,490841 0,000565
мохом 5,129899 0,000233
joma 4,031286 0,000548
затем 1,301257 0,000413
разрывать 4,031286 0,000183
атаковать 1,871802 0,000085
гущин 4,436752 0,000201
карсаковым 5,129899 0,000233
владикавказский 4,031286 0,000366
разыгрываться 1,994404 0,000452
создаваемый 5,129899 0,000233
аргентинский 2,932674 0,000133
ошибка 0,576022 0,000052
включиться 3,743604 0,000170
захватить 4,031286 0,000183
калининград 2,644992 0,000120
солист 4,031286 0,000183
вопрос 1,104547 0,000100
игра 0,112619 0,000306
компания 0,971016 0,000396
неудача 2,827314 0,000128
переход 1,323236 0,000180
датский 1,368699 0,000062
имя 1,178655 0,000427
мозговой 3,743604 0,000170
семенов 2,932674 0,000133
скончаться 2,564949 0,000465
присутствовать 1,951845 0,000177
рекомендация 1,217876 0,000110
впечатление 2,932674 0,000133
cska 3,743604 0,016971
вернблумом 5,129899 0,000233
зайти 3,520461 0,000160
событие 0,565551 0,000026
милош 4,031286 0,001097
группировка 3,338139 0,000151
использование 0,277868 0,000025
увольнение 2,827314 0,000385
выезд 2,296685 0,000104
вершина 2,732003 0,000248
мамыкин 5,129899 0,001628
лицензия 0,971016 0,000044
ничей 1,951845 0,001327
пелевин 5,129899 0,000233
архивный 1,518981 0,000551
черный 1,994404 0,000271
угол 2,421849 0,000220
представлять 1,217876 0,000110
ряд 1,198073 0,000652
клавс 5,129899 0,000233
смениться 3,338139 0,000757
отечественный 2,185460 0,000198
молдавия 4,436752 0,000201
турок 2,932674 0,000133
брошин 4,436752 0,000805
сам 0,747872 0,000237
гамбург 3,183989 0,000289
запись 0,910391 0,000041
выдаться 3,520461 0,000160
сердце 2,421849 0,000110
квалификация 1,695912 0,000308
сохранение 0,971016 0,000044
吴语 1,238078 0,000056
мордовия 2,827314 0,000128
дать 0,608110 0,000193
иск 3,743604 0,000170
действовать 0,825834 0,000262
возможный 1,392229 0,000252
смысл 3,183989 0,000144
тяпушкин 5,129899 0,000698
киевский 3,050457 0,001245
матвеев 4,031286 0,000183
производитель 2,564949 0,000116
уметь 2,932674 0,000133
известно 1,871802 0,000255
дата 0,799165 0,010108
барселона 1,416327 0,000257
паря 1,217876 0,000110
проводить 0,910391 0,000248
специалист 1,797694 0,000163
цдка 3,520461 0,005267
порвать 3,743604 0,000170
россия 0,139466 0,000822
мирджалол 5,129899 0,000233
аво 5,129899 0,000233
нальчик 3,050457 0,000138
палата 3,520461 0,000160
куда 2,564949 0,000116
январь 0,786093 0,004454
здесь 1,911023 0,000173
увести 4,031286 0,000183
непросто 3,520461 0,000160
ильшат 4,436752 0,000603
нецида 5,129899 0,000233
услуга 3,183989 0,000289
утратить 4,436752 0,000201
рождение 1,518981 0,000275
express 2,644992 0,003237
transfermarkt 3,183989 0,000144
нецид 5,129899 0,000698
ионов 3,743604 0,000170
прийти 2,038856 0,001017
популярность 1,797694 0,000244
еженедельник 3,338139 0,001211
отдать 1,728701 0,000235
дебют 2,239527 0,000102
ястржембский 5,129899 0,000233
штрафной 2,038856 0,000924
столкновение 2,827314 0,000256
паок 2,732003 0,000248
сей 2,421849 0,000220
причина 1,368699 0,000062
сен 3,183989 0,000144
пиюк 5,129899 0,000233
неудовлетворительный 3,743604 0,000170
пиначиев 5,129899 0,000465
волшебный 1,695912 0,000077
доход 2,239527 0,000102
попасть 1,140915 0,000621
николаенко 5,129899 0,000233
ильзат 4,436752 0,000603
рейтинг 0,524729 0,000071
сибнефть 5,129899 0,001163
показатель 1,728701 0,000392
сыграть 0,839439 0,000989
валерий 2,134166 0,003773
обмен 2,732003 0,000124
бесплатно 2,827314 0,000128
ольшанский 4,436752 0,000402
выбыть 2,644992 0,000839
коллега 3,050457 0,000138
некоммерческий 0,986764 0,000045
поддержать 2,185460 0,000198
ekaterinburg 5,129899 0,000233
гусев 2,932674 0,000532
жеребьевка 2,296685 0,000416
пятикратный 3,520461 0,000160
полицейский 3,743604 0,000170
казаться 3,338139 0,000151
указание 0,986764 0,000045
кардинальный 3,050457 0,000138
показательный 1,279751 0,000116
швед 2,134166 0,000097
куйбышевский 4,436752 0,000201
српски 1,035554 0,000047
объединить 1,994404 0,000090
минский 2,185460 0,000198
спартак 0,711058 0,002353
швец 4,031286 0,000366
егор 1,951845 0,000442
членство 3,183989 0,000144
оказаться 1,441019 0,000588
рфпл 2,932674 0,001064
посетитель 3,743604 0,000170
около 1,518981 0,000207
порхунов 5,129899 0,000465
аик 4,436752 0,000603
ворот 1,762603 0,001518
фламенго 4,436752 0,000402
ска 1,279751 0,000696
приказ 2,932674 0,000266
белые 2,421849 0,001098
точный 2,296685 0,000104
белый 1,574551 0,000286
ворон 4,436752 0,000402
противник 2,239527 0,000102
тяжесть 2,932674 0,000133
цдса 3,743604 0,001867
википроект 4,436752 0,000402
укрепление 3,743604 0,000170
касымов 5,129899 0,000233
исполнительный 3,050457 0,000138
безопасность 2,296685 0,000312
лыжный 0,675551 0,000092
постоянный 0,881403 0,000080
ранджелович 4,436752 0,000402
наталья 3,050457 0,000277
владимирский 5,129899 0,000233
задержать 2,644992 0,000480
например 1,603538 0,000073
корнаухов 4,436752 0,001006
панченко 4,031286 0,000183
артем 1,951845 0,000354
бесаев 5,129899 0,000465
бейтар 5,129899 0,000465
türkçe 1,052361 0,000048
спад 2,732003 0,000372
привести 1,466337 0,000133
стамбул 3,520461 0,000160
napulitano 2,932674 0,000133
базелюк 5,129899 0,000465
выбрать 1,323236 0,000060
политический 2,932674 0,000266
сми 1,546380 0,000070
della 5,129899 0,000233
союз 1,301257 0,000059
начало 0,760451 0,001482
заболотный 3,520461 0,000160
закончить 1,994404 0,001175
снг 2,490841 0,000226
отставание 3,183989 0,000144
набабкин 5,129899 0,000465
призрачный 4,436752 0,000201
призывный 5,129899 0,000233
свежий 0,839439 0,000038
корнеев 3,338139 0,000908
комплект 1,911023 0,000173
продлевать 3,050457 0,000277
минько 4,436752 0,002011
досрочно 2,421849 0,000549
временно 2,932674 0,000133
золотой 1,002764 0,001227
любитель 1,238078 0,000337
маленький 1,392229 0,000189
идеальный 2,644992 0,000120
внешний 1,104547 0,000050
плахетко 5,129899 0,000233
повлечь 4,031286 0,000183
маловажный 3,520461 0,000160
составить 1,546380 0,000981
документация 3,743604 0,000339
полоса 2,644992 0,000240
обязать 2,038856 0,000092
даже 1,198073 0,000109
масляев 4,436752 0,000402
статистика 0,630089 0,000229
невозможно 2,564949 0,000116
подкат 4,436752 0,000201
кедрин 5,129899 0,000233
объявить 1,492313 0,000541
устранить 4,031286 0,000183
анк 5,129899 0,000465
правда 2,134166 0,000097
даев 5,129899 0,000465
олича 5,129899 0,000233
ереванский 4,436752 0,000201
сократить 2,564949 0,000116
информация 0,608110 0,000110
пробиться 2,564949 0,000581
шестая 2,490841 0,000339
подмосковный 2,827314 0,000769
чернов 3,743604 0,000170
ввести 1,695912 0,000231
квалификационный 2,085376 0,000189
федотов 3,520461 0,001277
проверить 1,368699 0,000062
габриэле 5,129899 0,000233
источник 0,786093 0,000784
