состояться 1,140915 0,000609
долгий 1,728701 0,000308
росгосстрах 4,031286 0,000359
леонид 2,732003 0,001459
слух 2,490841 0,000222
олимпика 4,436752 0,000395
банк 2,490841 0,000222
владлен 5,129899 0,000913
девять 2,038856 0,000182
день 0,699082 0,000124
игнатьев 3,743604 0,000333
хватать 1,633391 0,000727
найти 1,122566 0,000200
экспорт 0,986764 0,000088
владивостокский 4,436752 0,000395
одноименный 2,827314 0,000252
повлиять 2,564949 0,000228
исхак 5,129899 0,003197
любить 1,466337 0,000131
пена 3,520461 0,000313
раннерс 5,129899 0,000457
тосно 2,932674 0,000522
ไทย 1,238078 0,000110
собственник 4,436752 0,000395
зампред 5,129899 0,000457
tatarça 1,392229 0,000124
арт 3,743604 0,000333
казаньоргсинтез 5,129899 0,000457
нижнекамск 4,031286 0,000359
заявление 0,799165 0,000142
диошдьёре 5,129899 0,000457
еникеев 5,129899 0,000457
юридический 3,520461 0,000313
стабильный 2,085376 0,000186
пабло 4,436752 0,000395
помещение 2,239527 0,000598
самаренкин 5,129899 0,000457
волгоград 2,732003 0,000243
финанс 5,129899 0,000457
муравски 5,129899 0,000913
полгода 3,338139 0,000297
фатхетдинов 5,129899 0,000457
текстильщик 2,932674 0,000261
čeština 1,035554 0,000092
иностранный 2,185460 0,000195
бухаров 4,031286 0,003948
эксмо 3,183989 0,000283
четвертьфинал 1,279751 0,000114
положительный 3,183989 0,000283
новосибирск 2,490841 0,000222
миллиардер 4,436752 0,000395
харчиком 5,129899 0,000457
бодрый 4,031286 0,000359
создатель 3,050457 0,000272
викисклад 1,035554 0,000092
металлург 1,834062 0,000490
кристалл 3,183989 0,000283
серхио 2,296685 0,000204
владелец 2,185460 0,000195
гостиничный 5,129899 0,000457
батыршина 4,436752 0,000790
пройти 0,544931 0,000146
майя 2,421849 0,000862
slovenčina 1,069456 0,000095
резервный 2,932674 0,000783
дело 1,664163 0,000148
юношеский 1,574551 0,000140
оригинал 1,441019 0,000257
a 1,392229 0,000124
дардан 4,436752 0,000395
марков 3,743604 0,002333
d 2,185460 0,001167
проект 0,457070 0,000081
e 1,603538 0,000143
m 2,296685 0,000204
сильный 1,198073 0,000320
проблема 1,122566 0,000100
w 0,955511 0,000085
режим 2,644992 0,000235
x 1,279751 0,000228
турецкий 3,338139 0,000297
потребовать 2,932674 0,000261
славий 4,031286 0,000359
касаев 5,129899 0,001827
универсиада 2,644992 0,000471
коричневый 4,031286 0,000359
украина 1,217876 0,000217
техедо 5,129899 0,000457
задикашвили 5,129899 0,002284
подробность 2,239527 0,000399
дмитрий 1,258698 0,001345
руслан 2,564949 0,000457
мартын 4,031286 0,001436
аозт 4,436752 0,000395
сесар 4,031286 0,001077
кулахметов 5,129899 0,000457
файзуллин 5,129899 0,000913
территория 1,518981 0,000135
находиться 0,925206 0,000165
сберечь 5,129899 0,000457
окончание 1,546380 0,000826
данильянц 5,129899 0,000913
мороз 2,564949 0,000228
корец 5,129899 0,001827
расторгнуть 2,827314 0,000252
пулька 4,436752 0,000395
судья 1,035554 0,000092
чижек 5,129899 0,000457
наклон 4,031286 0,000359
закрыть 2,490841 0,000222
interbrand 5,129899 0,000457
алекс 2,185460 0,000195
лезть 5,129899 0,000457
наплевать 5,129899 0,000457
излом 5,129899 0,000457
система 0,799165 0,000213
новотны 5,129899 0,000913
оборонный 4,436752 0,000395
июнь 1,198073 0,004907
гонка 0,853233 0,000076
волжский 4,436752 0,001185
ветров 5,129899 0,000457
иметь 1,069456 0,000095
совет 0,825834 0,000956
интертото 3,183989 0,001134
денис 2,296685 0,001431
ноу 4,436752 0,000395
вперед 1,797694 0,000160
чаладзе 5,129899 0,000913
отставка 2,932674 0,002350
футболист 1,518981 0,002975
ральф 4,436752 0,000395
билялетдинову 5,129899 0,000457
боровский 5,129899 0,000457
кверквелия 4,436752 0,000395
локомотив 0,839439 0,001121
пензин 5,129899 0,000457
выход 1,178655 0,000735
воронеж 2,732003 0,000243
последний 0,376309 0,000302
преобладать 3,183989 0,000283
инесса 5,129899 0,000457
минута 0,940244 0,000335
бетисом 5,129899 0,000457
некоторый 2,644992 0,000471
билялетдинова 4,031286 0,000359
лето 1,911023 0,000510
камалетдиновым 5,129899 0,000457
верхний 2,296685 0,000204
содружество 1,518981 0,000676
триумф 2,932674 0,000261
pdf 0,940244 0,000084
дебютный 2,296685 0,000409
арсенал 1,323236 0,000353
корниленко 4,436752 0,000395
сша 0,586604 0,000052
лобов 4,031286 0,001077
описание 0,881403 0,000078
лидер 1,258698 0,000560
июль 1,019025 0,004808
откликнуться 5,129899 0,000457
недостаток 1,574551 0,000140
власов 4,031286 0,000359
контратака 3,050457 0,000272
опередить 2,827314 0,000252
булат 4,031286 0,001077
уйти 1,392229 0,000248
ракета 4,031286 0,000359
ultra 3,183989 0,000850
плейт 3,743604 0,000333
russia 3,050457 0,000272
подряд 1,258698 0,000784
казанцев 4,031286 0,001077
муниципальный 4,436752 0,000395
адель 5,129899 0,000457
врач 2,490841 0,000222
чижеком 5,129899 0,000457
разработчик 0,971016 0,000086
мориц 3,050457 0,000272
тбилиси 3,183989 0,000283
молотый 3,520461 0,000313
inter 5,129899 0,000457
ноябрь 0,955511 0,002382
зиганшин 5,129899 0,000457
crazi 5,129899 0,000457
назначить 1,871802 0,001500
встречаться 1,994404 0,000533
джаудат 5,129899 0,000457
марвин 4,436752 0,001185
вклад 0,955511 0,000085
indonesia 1,086847 0,000097
поставить 1,633391 0,000145
фанат 1,762603 0,000314
умарали 5,129899 0,000913
ширвиндт 4,436752 0,000395
конференция 1,392229 0,000372
текст 0,925206 0,000329
очко 1,416327 0,000378
томь 3,050457 0,001086
ломовицкий 4,436752 0,001185
even 4,436752 0,000395
нападать 1,518981 0,001082
очки 0,940244 0,000837
нтв 3,183989 0,000283
финишировать 2,357310 0,000210
временить 1,140915 0,000102
зона 1,603538 0,005568
потратить 3,338139 0,000297
перейти 0,586604 0,000522
подготовка 1,178655 0,000525
сын 2,239527 0,000199
устроить 2,644992 0,000235
раскритиковать 3,520461 0,000313
станция 3,338139 0,000297
нижнекамец 5,129899 0,000457
григорий 4,031286 0,000359
двукратным 3,338139 0,000297
определиться 3,050457 0,000272
спортклуб 5,129899 0,000457
youtub 1,797694 0,000320
двукратный 2,239527 0,000399
картина 2,644992 0,000235
тула 2,490841 0,000222
уткульбаевым 5,129899 0,000457
ответственность 0,895792 0,000160
разница 1,728701 0,000616
françai 1,019025 0,000091
синий 1,834062 0,000163
взять 1,159607 0,000206
его 0,447767 0,000439
шериф 3,520461 0,000313
только 0,447767 0,000239
хвича 2,490841 0,000887
нурминский 5,129899 0,000913
ленкорань 4,031286 0,000359
противостояние 2,134166 0,000760
php 0,986764 0,000088
бизнесмен 3,050457 0,000272
дзагнидзе 5,129899 0,000457
лионский 5,129899 0,000457
махмутов 4,436752 0,000395
com 0,925206 0,001977
стечение 5,129899 0,000457
рассказываться 5,129899 0,000457
сибгатуллин 5,129899 0,000457
целый 1,492313 0,000133
турнир 0,293617 0,000444
флегонт 5,129899 0,000457
фонбет 1,466337 0,000261
относиться 1,368699 0,000244
аверин 3,743604 0,000667
теплый 2,932674 0,000261
железобетонный 4,436752 0,000395
заглавный 0,986764 0,000088
директор 1,871802 0,002000
реконструкция 2,932674 0,001567
хороший 0,393700 0,000841
привить 4,436752 0,000395
столб 3,743604 0,000333
добавить 1,518981 0,000676
окно 2,357310 0,000839
григория 2,644992 0,000471
когда 0,652562 0,000116
рената 3,743604 0,000333
рубить 4,031286 0,000359
вконтакте 1,911023 0,000340
тематический 2,038856 0,000182
карадениза 5,129899 0,000457
трансферный 2,421849 0,001078
оренбург 1,301257 0,000116
алоизио 5,129899 0,000457
джефтон 5,129899 0,000457
защитник 1,217876 0,001193
тренерский 1,871802 0,001000
чижов 5,129899 0,000913
дюсш 4,436752 0,000395
ребята 2,932674 0,000261
чего 1,345709 0,000359
предыдущий 1,797694 0,000160
депортиво 4,436752 0,000395
седьмой 2,134166 0,000760
еврокубках 2,827314 0,000503
состояние 1,301257 0,000579
ремонт 3,743604 0,000333
ознаменоваться 3,338139 0,000297
наврозов 5,129899 0,000913
калешин 4,436752 0,000790
виталий 2,239527 0,000598
синеть 3,743604 0,000667
busi 3,743604 0,003333
идти 1,159607 0,000103
вмещать 3,050457 0,000543
сокол 2,490841 0,000887
бюджет 2,827314 0,001510
капитан 1,574551 0,000421
саяхова 5,129899 0,000457
статус 1,279751 0,000114
нобоа 4,436752 0,003160
отстать 2,932674 0,000261
против 0,747872 0,000799
общество 1,871802 0,000167
так 0,597299 0,000053
тан 4,436752 0,003555
башкиро 5,129899 0,000913
федерация 0,495170 0,000088
фифа 1,728701 0,000154
голова 1,301257 0,000463
салават 2,085376 0,000371
интервью 0,971016 0,000173
баз 1,664163 0,001037
уралмаш 3,520461 0,000313
бак 3,050457 0,000543
капитал 4,031286 0,000359
пантоны 5,129899 0,000457
горшунов 5,129899 0,000457
бан 3,520461 0,000313
привыкнуть 3,338139 0,000297
счастливый 2,932674 0,000261
перерыть 2,490841 0,000222
пермь 2,732003 0,000243
символ 2,185460 0,000195
championat 1,834062 0,002939
защепка 5,129899 0,000457
sport 0,760451 0,001489
wall 4,031286 0,000359
океан 2,490841 0,000222
надпись 3,183989 0,001701
сводной 2,932674 0,000261
неэнциклопедичных 3,520461 0,000627
есть 0,812411 0,000072
вести 1,238078 0,000220
волчок 4,031286 0,001077
линия 1,466337 0,000131
спорт 0,125952 0,000157
селекционный 4,436752 0,000395
просмотр 0,925206 0,000082
лишний 3,050457 0,000272
легкоатлетический 3,183989 0,000283
набрать 1,368699 0,000487
этот 0,350775 0,000281
аренда 1,728701 0,000923
недоступный 2,296685 0,000613
переехать 2,932674 0,000522
признанный 2,038856 0,000726
моисеев 4,436752 0,000395
хабаровск 2,490841 0,000222
приход 2,421849 0,000431
плохо 3,050457 0,000272
орехов 4,031286 0,000718
бронзовый 1,345709 0,000359
глава 1,122566 0,000100
отметить 2,134166 0,000190
экипировка 2,239527 0,000598
сохранить 2,085376 0,000743
основной 1,122566 0,001799
генгам 5,129899 0,000457
прописать 4,436752 0,000395
creativ 0,986764 0,000088
известный 0,986764 0,000351
гёкдениз 5,129899 0,002740
полет 3,050457 0,000272
мавингой 5,129899 0,000457
основное 1,368699 0,000122
четырнадцатый 5,129899 0,000457
cup 2,134166 0,000570
сербский 2,932674 0,000261
станислав 2,490841 0,000222
камень 2,732003 0,000486
элемент 0,925206 0,000247
позволить 2,085376 0,000186
хайрулин 5,129899 0,000457
видеотрансляция 5,129899 0,000457
зотов 4,436752 0,000790
спортивный 0,301585 0,000161
спонсор 1,664163 0,001333
игрок 0,711058 0,001773
женщина 0,663991 0,000118
ахметгалиев 5,129899 0,000913
выступление 0,955511 0,000766
кровля 5,129899 0,000457
открытие 1,695912 0,000151
возглавить 2,239527 0,000997
натхо 4,436752 0,000790
пожалуйста 1,633391 0,000291
волна 2,827314 0,000252
выиграть 0,485508 0,000303
айдар 4,436752 0,000790
крыло 1,238078 0,000882
экономический 2,732003 0,000486
айдан 5,129899 0,000457
приехать 2,134166 0,000380
савва 4,031286 0,000359
ильдар 4,031286 0,000359
team 2,490841 0,000222
турнирный 1,086847 0,000484
смоленский 4,436752 0,000395
сочить 0,853233 0,000380
хаким 4,031286 0,000359
основать 1,466337 0,000783
рахмоналиев 5,129899 0,000913
ранг 2,732003 0,000486
тем 1,217876 0,000217
без 0,466460 0,000706
дома 1,695912 0,001057
доля 2,827314 0,000503
между 0,955511 0,000085
чӑвашла 2,134166 0,000190
особенность 2,421849 0,000216
руководство 1,301257 0,001159
соответствие 1,002764 0,000268
европа 0,393700 0,001052
ракува 5,129899 0,000457
завтра 1,951845 0,000174
редакция 0,940244 0,000084
иначе 1,834062 0,000653
pro 3,050457 0,000272
период 1,035554 0,000369
переиграть 2,644992 0,000235
заседание 2,564949 0,000228
нижегородов 4,436752 0,000790
клуб 0,652562 0,007320
коммунальный 4,436752 0,000395
центральный 1,603538 0,002284
зилант 5,129899 0,000457
ассоциация 1,416327 0,000126
page 0,986764 0,000088
кроме 1,368699 0,000366
нижний 0,955511 0,000255
газзаев 3,338139 0,000297
подтвердить 1,762603 0,000314
всегда 1,258698 0,000224
зайнутдин 4,436752 0,000395
ставрополь 2,932674 0,000261
оба 1,368699 0,000244
ярко 3,050457 0,000272
кодекс 0,971016 0,000086
депутат 3,520461 0,000313
греческий 2,644992 0,000471
тип 1,345709 0,000120
тоттенхэма 4,436752 0,000395
олег 1,871802 0,001666
культура 1,392229 0,000124
чередовать 3,743604 0,000333
нижегородский 3,338139 0,000297
никита 1,492313 0,001461
марин 3,183989 0,000283
статья 0,495170 0,001631
хозяин 2,185460 0,000389
wikimedia 0,986764 0,000088
казанский 2,564949 0,005024
обл 3,050457 0,000272
укрепиться 3,338139 0,000892
медведев 1,633391 0,000145
глеб 3,050457 0,000272
одолеть 2,134166 0,000190
тархан 4,031286 0,000359
возрастной 2,296685 0,000204
ленинский 5,129899 0,000457
поза 2,827314 0,002265
валеев 5,129899 0,000457
групповой 1,603538 0,002713
распад 2,564949 0,000228
ελληνικά 1,086847 0,000097
пополниться 3,743604 0,000667
близкий 1,762603 0,000314
многие 1,178655 0,000105
волга 2,490841 0,001552
sportbox 3,050457 0,001086
очищать 2,421849 0,000216
татарстан 3,520461 0,003134
язык 0,925206 0,000247
шестилетний 5,129899 0,000457
деревянный 2,932674 0,000261
коллектив 2,644992 0,000235
четвертьфиналист 4,031286 0,000359
калимулина 5,129899 0,000457
навасом 5,129899 0,000457
различный 1,441019 0,000128
подтрибунный 3,743604 0,000667
кадыров 5,129899 0,000457
шемрок 4,436752 0,000395
восьмой 2,239527 0,000399
гость 1,994404 0,000710
милан 1,574551 0,000280
закрытый 1,911023 0,000170
обстоятельство 2,732003 0,000486
самарский 3,338139 0,000594
эмблема 2,564949 0,003654
право 2,239527 0,000399
разный 1,368699 0,000122
wayback 1,633391 0,008435
восстановительный 4,031286 0,000359
оспаривать 3,520461 0,000313
андрес 3,520461 0,000627
максим 1,871802 0,000833
строчок 2,644992 0,000471
международный 0,466460 0,000125
андрей 1,258698 0,001233
комитет 1,368699 0,000122
матч 0,293617 0,002248
инсайд 3,050457 0,000272
учитываться 2,357310 0,000420
деталь 2,644992 0,000235
новороссийск 3,050457 0,000272
потеря 2,239527 0,000199
euskara 1,122566 0,000100
бибрас 4,436752 0,000790
крупный 1,198073 0,000853
динамо 0,663991 0,001182
sellout 5,129899 0,000457
рамка 1,441019 0,000770
саломоном 5,129899 0,000457
леонов 4,031286 0,001077
фоторепортаж 3,743604 0,000333
последовать 2,421849 0,000647
калугин 5,129899 0,001827
текущий 0,867219 0,000154
предстоящий 2,239527 0,000199
экспресс 1,416327 0,000883
тирасполь 4,031286 0,000359
петроуш 5,129899 0,000457
вместо 1,633391 0,000436
страна 0,641262 0,000285
бариевый 5,129899 0,000457
улучшить 1,951845 0,000348
петр 1,392229 0,000372
помощник 2,134166 0,000760
буссаиди 5,129899 0,000457
сразу 1,392229 0,000496
создать 0,773190 0,000207
эльмир 4,436752 0,001975
спровоцировать 4,436752 0,000395
цифра 2,421849 0,000431
руководитель 2,239527 0,000598
деть 0,619039 0,000276
вместе 1,178655 0,000630
полноценный 2,827314 0,000503
полуфинал 1,238078 0,000551
мкртчян 5,129899 0,000457
asturianu 1,323236 0,000118
давид 2,827314 0,000503
рифат 4,436752 0,000395
отправить 1,871802 0,000333
کوردی 1,762603 0,000157
продолжить 1,492313 0,000266
финалист 2,185460 0,000195
решение 0,839439 0,000149
проходить 0,867219 0,000309
печать 0,955511 0,000170
горазд 3,050457 0,000272
попечительский 4,436752 0,001185
ради 2,421849 0,000216
ставер 5,129899 0,000913
íslenska 1,392229 0,000124
летний 0,619039 0,000386
ввиду 2,732003 0,000243
дамани 5,129899 0,000457
тот 0,393700 0,000245
обсуждение 0,867219 0,000154
барс 1,492313 0,001329
протокол 2,490841 0,000222
преданный 4,436752 0,000395
организация 0,663991 0,000236
titl 0,986764 0,000088
розыгрыш 1,762603 0,000314
дебютировать 2,085376 0,000371
поздний 1,323236 0,000353
неоднократный 5,129899 0,000457
дарить 3,520461 0,000313
товарный 0,986764 0,000088
бари 5,129899 0,000457
клубный 1,416327 0,000504
повторять 3,743604 0,000333
tacc 3,520461 0,000313
владислав 2,038856 0,000182
докампо 5,129899 0,001370
дутов 5,129899 0,000457
бой 1,279751 0,000114
тульский 3,050457 0,000272
сатурн 2,732003 0,001216
руководить 2,085376 0,000557
горбанец 4,436752 0,000395
sovsport 3,520461 0,001881
вместимость 2,564949 0,000913
ивченко 5,129899 0,001827
камольцев 5,129899 0,000457
саяхов 5,129899 0,000457
минниханов 5,129899 0,001827
как 0,232059 0,000269
участник 0,799165 0,000142
условие 0,334108 0,000089
премьер 1,198073 0,002027
фильм 2,185460 0,000973
встреча 1,368699 0,000487
толкание 3,743604 0,000333
достижение 1,279751 0,000570
занять 1,159607 0,002788
казарин 5,129899 0,000457
тарашкевіца 1,198073 0,000107
немой 1,416327 0,000504
продаваться 3,743604 0,000333
финансирование 2,421849 0,001294
diamond 4,436752 0,000395
скорый 2,296685 0,000204
ufc 1,441019 0,000128
третье 1,035554 0,000369
отыграться 2,357310 0,000210
расцветка 5,129899 0,000457
яркин 5,129899 0,000913
второе 0,839439 0,001345
марат 3,520461 0,001254
второй 0,576022 0,001077
цпмф 5,129899 0,001827
специальный 1,217876 0,000108
dansk 1,069456 0,000095
ультрас 3,338139 0,000297
калининградский 3,520461 0,000313
университатя 5,129899 0,000457
артига 4,031286 0,001795
тур 1,159607 0,002684
копенгаген 3,520461 0,001881
твенте 4,436752 0,000395
еще 0,167054 0,000059
ротация 3,520461 0,000313
орел 2,732003 0,000243
услать 2,827314 0,001007
шамил 5,129899 0,000457
ставка 0,799165 0,000071
петербург 1,345709 0,000359
байрамов 5,129899 0,000457
важный 0,986764 0,000088
беларуская 1,069456 0,000190
тоттенхем 5,129899 0,000457
галим 4,031286 0,000718
панатинаикосом 5,129899 0,000457
патрон 3,743604 0,000333
наблюдательный 3,338139 0,000297
предложить 1,441019 0,000385
помощь 1,368699 0,000122
а 0,209918 0,000729
б 1,466337 0,000392
в 0,017911 0,000726
яна 1,834062 0,000490
г 0,925206 0,000082
георгий 2,421849 0,000647
д 0,895792 0,000160
е 0,867219 0,001699
нальчикский 5,129899 0,000457
и 0,023953 0,000365
й 0,825834 0,001250
к 0,132686 0,000177
м 0,534779 0,000667
н 0,895792 0,000798
засекретить 5,129899 0,000457
о 0,042302 0,000083
п 1,086847 0,000774
санкт 1,279751 0,000342
с 0,036149 0,000434
она 0,597299 0,000425
потап 4,436752 0,000395
т 1,368699 0,000122
у 0,342407 0,000396
х 0,986764 0,000439
течение 1,238078 0,000331
договориться 3,050457 0,000272
скачать 0,895792 0,000160
сезон 0,723179 0,005602
они 0,524729 0,000327
рулить 3,183989 0,000283
сыгранный 2,421849 0,000862
я 0,747872 0,000732
сноска 1,951845 0,000695
рапид 3,520461 0,000313
футбол 0,247097 0,000440
сила 1,279751 0,000228
бояринцев 4,436752 0,001185
обеспечить 2,296685 0,000613
итоговый 2,085376 0,000371
структура 1,574551 0,000140
хабиб 2,296685 0,000409
копия 1,416327 0,007440
саратов 2,490841 0,000444
екатеринбург 2,296685 0,000204
оод 5,129899 0,000457
томаш 3,338139 0,000594
классический 1,834062 0,000327
негатив 4,436752 0,000395
ооо 1,871802 0,000500
томас 2,490841 0,000444
существование 2,085376 0,000371
сорокин 3,743604 0,000333
лазарь 4,436752 0,000395
раздеть 1,871802 0,000333
даниса 4,436752 0,000790
составлять 1,518981 0,000135
голландский 3,183989 0,000283
вторжение 3,183989 0,000283
нечаев 4,031286 0,000718
афонин 4,436752 0,001580
татарский 5,129899 0,000913
сергей 1,301257 0,003360
город 1,069456 0,000381
粵語 1,178655 0,000105
административный 3,520461 0,000313
неэнциклопедический 2,932674 0,000522
вица 2,134166 0,000380
наиля 4,436752 0,000395
актив 3,183989 0,000567
сектор 2,564949 0,000457
региональный 1,871802 0,000167
саратовский 3,338139 0,000892
хапоэль 4,436752 0,000395
алания 2,932674 0,001044
ансальди 5,129899 0,002740
fifa 3,050457 0,000815
зарип 4,436752 0,001185
наваса 5,129899 0,000457
авраам 5,129899 0,000457
club 2,490841 0,000444
выступить 1,238078 0,000441
василий 2,134166 0,000380
требовать 1,466337 0,000131
переживать 3,050457 0,000272
победить 0,699082 0,000187
info 1,951845 0,000174
надо 2,038856 0,000182
кравченко 4,436752 0,000395
истинный 4,436752 0,000790
выигрыш 2,134166 0,000190
уралан 3,050457 0,000272
заслужить 2,357310 0,000630
тандем 4,031286 0,000359
алан 3,520461 0,000313
карьер 0,925206 0,000247
офис 3,050457 0,000272
ирина 2,732003 0,000730
тяжелый 0,940244 0,000167
данилин 5,129899 0,000457
сумма 1,518981 0,000135
вспоминать 2,827314 0,000252
родиться 2,827314 0,000252
лестьенн 5,129899 0,000457
ираклий 4,436752 0,000395
дементьев 3,520461 0,000627
видео 0,699082 0,000187
хасана 4,436752 0,000790
катаргин 5,129899 0,000457
жак 3,183989 0,000567
шаронов 4,031286 0,003230
пожертвовать 0,940244 0,000084
геннадий 2,421849 0,000862
воспитанник 2,239527 0,000399
гаврилов 2,827314 0,001007
эфир 1,695912 0,000151
тренировать 3,183989 0,000283
шабанхаджай 4,436752 0,000790
московский 1,574551 0,001682
ссылка 0,699082 0,001369
коммуникация 2,134166 0,000190
беспроигрышный 3,183989 0,000850
эпоха 2,085376 0,001300
помочь 1,238078 0,000110
курбан 3,743604 0,004999
раунд 1,546380 0,000413
середина 1,574551 0,000421
борис 2,239527 0,000798
бренд 2,357310 0,000420
разойтись 4,031286 0,000359
туловище 3,338139 0,000297
проявить 2,644992 0,000471
хузина 5,129899 0,000457
калимуллина 5,129899 0,000457
всемирный 1,762603 0,000157
ибраев 5,129899 0,000457
крылов 2,932674 0,000261
остаться 1,301257 0,000579
нижнекамскнефтехим 5,129899 0,000913
гедрюс 5,129899 0,000457
посмертный 5,129899 0,000457
уволить 2,421849 0,000647
советск 2,932674 0,000261
москва 0,576022 0,000667
атака 1,762603 0,000471
девятый 2,490841 0,000444
равил 5,129899 0,000457
иракли 5,129899 0,000913
отдельный 0,955511 0,000085
опыт 1,834062 0,000163
ульянов 3,520461 0,000313
деньга 1,951845 0,000348
тренировочный 1,834062 0,000163
офф 1,019025 0,000363
деньги 2,732003 0,000486
крис 2,932674 0,000261
путевка 2,932674 0,000261
плэтикэ 5,129899 0,000457
торпедо 1,574551 0,000841
мусаилов 5,129899 0,000457
реал 1,416327 0,000126
процентный 3,743604 0,000333
урясов 5,129899 0,000457
сундатов 5,129899 0,000457
даниил 1,728701 0,000923
фарид 4,031286 0,001077
булатов 5,129899 0,000457
половина 1,392229 0,000124
стать 0,217244 0,000716
достаточно 2,134166 0,000190
агент 2,357310 0,000630
михайл 3,183989 0,001134
обращение 0,910391 0,004863
фейр 3,520461 0,000313
понести 4,436752 0,000395
камалетдин 5,129899 0,000457
код 0,971016 0,005446
встать 2,827314 0,000252
ранель 5,129899 0,000457
прыжок 0,940244 0,000084
ветеран 1,994404 0,000178
торбинским 5,129899 0,000457
гёкденизом 5,129899 0,000457
сурок 5,129899 0,000457
сива 5,129899 0,001370
новость 0,285712 0,000102
хотспур 3,338139 0,000297
сертифицировать 5,129899 0,000457
url 0,986764 0,000088
сентябрь 1,035554 0,002766
дерби 2,357310 0,001259
михаил 1,301257 0,000695
заступление 5,129899 0,000457
сантиметр 0,955511 0,000510
войти 0,608110 0,000162
старт 1,035554 0,000092
mail 1,301257 0,000116
призер 1,178655 0,000210
ქართული 1,392229 0,000124
пантюшенко 5,129899 0,000913
авив 4,031286 0,000359
easytimelin 3,183989 0,000283
бурмистр 5,129899 0,001370
стадион 1,518981 0,006221
защита 1,441019 0,000128
политик 0,224624 0,000040
кобенко 5,129899 0,000457
rubin 4,436752 0,006320
алфавит 1,159607 0,000206
рубль 2,038856 0,000363
тюмень 2,564949 0,000457
ренна 5,129899 0,000457
вад 3,520461 0,000313
играть 0,895792 0,000239
уткульбаева 5,129899 0,000457
программа 0,799165 0,000071
ждать 1,492313 0,000266
пятерка 2,827314 0,000252
медиа 1,834062 0,000163
сняться 2,564949 0,000228
tass 3,743604 0,000333
первый 0,317714 0,001160
неудачно 2,732003 0,000973
пост 2,085376 0,002228
одинаковый 2,134166 0,000190
настроение 3,338139 0,000297
продлить 2,038856 0,000182
диошдьёр 5,129899 0,000457
मर 1,574551 0,000140
итог 0,867219 0,002162
пять 1,140915 0,000203
предусматривать 2,421849 0,000216
февраль 0,202645 0,000379
полузащитник 2,357310 0,001469
значение 1,258698 0,000224
отметка 2,932674 0,000261
сентябрёв 4,436752 0,002370
установка 3,183989 0,000283
зрелище 3,520461 0,000313
андерсон 3,520461 0,000627
ильгизар 5,129899 0,000913
максималист 5,129899 0,000457
вылететь 2,296685 0,001636
türkmenç 2,185460 0,000195
ильдус 5,129899 0,000457
нефанатских 5,129899 0,000457
проход 2,932674 0,000261
старший 1,695912 0,000604
титул 1,301257 0,000116
пята 2,827314 0,000252
срок 1,546380 0,000138
nederland 1,019025 0,000091
кто 0,747872 0,000200
считаться 1,441019 0,000128
абросимов 5,129899 0,000457
дисквалифицировать 2,085376 0,000186
откровенно 3,520461 0,000313
прохор 3,183989 0,000283
август 1,035554 0,002489
самый 0,608110 0,000325
материал 0,309617 0,000028
рубин 1,198073 0,034240
камышин 3,050457 0,000272
чешский 2,932674 0,000261
досрочный 3,520461 0,000313
кабутов 4,436752 0,001185
закончиться 1,834062 0,000980
вывести 2,357310 0,000210
горьковский 5,129899 0,000457
кук 0,971016 0,000086
потерпеть 2,038856 0,000726
inform 3,520461 0,000313
реванш 2,185460 0,000195
молодежный 1,159607 0,000723
портнягин 5,129899 0,001827
гурбангулы 5,129899 0,000457
прозвище 2,827314 0,000252
ак 1,695912 0,001510
алехандро 4,436752 0,003160
аэропорт 3,050457 0,000272
instagram 1,911023 0,000170
документальный 3,338139 0,000594
балтика 1,217876 0,000217
разработка 2,357310 0,000210
ар 4,436752 0,000395
роль 1,695912 0,000151
навигация 0,986764 0,000264
тамбов 2,932674 0,000261
текке 4,436752 0,001185
мочь 0,350775 0,000281
месяц 1,492313 0,000531
борьба 0,723179 0,000064
афанасьев 3,743604 0,000333
лобан 5,129899 0,000457
сборная 0,342407 0,000091
встроить 4,031286 0,000359
дорожка 2,827314 0,000503
неудачный 2,732003 0,001216
adida 2,932674 0,000522
проверять 1,834062 0,000653
жанр 4,436752 0,000395
бодров 4,031286 0,000359
тута 2,490841 0,000222
правило 0,986764 0,000176
козин 4,436752 0,000395
пирцхалава 5,129899 0,000457
сергеев 3,520461 0,001254
hrvatski 1,052361 0,000094
уефа 1,466337 0,002872
ноктиков 5,129899 0,000457
подгруппа 3,520461 0,001567
почтить 1,279751 0,000114
аудио 1,951845 0,000174
семин 2,827314 0,000252
минимальный 2,185460 0,000195
век 1,258698 0,000112
кубок 0,376309 0,001173
во 0,495170 0,000661
вр 3,183989 0,004252
признать 1,834062 0,000327
запасной 2,185460 0,000195
уже 0,687247 0,000306
кира 5,129899 0,000457
зинэтула 5,129899 0,000913
постановление 4,031286 0,000359
фирменный 3,520461 0,000940
верчили 5,129899 0,000457
традиционный 2,421849 0,000431
цвет 1,695912 0,001359
вы 0,309617 0,000138
томск 2,932674 0,000261
минтимер 5,129899 0,001370
ведомость 3,338139 0,000297
го 1,279751 0,000456
fcrubin 5,129899 0,000913
вуячич 4,436752 0,001185
представление 3,183989 0,000283
энциклопедия 0,986764 0,000176
виктор 1,416327 0,001387
вслед 2,564949 0,000228
ростовой 2,932674 0,000261
федоров 3,183989 0,000850
български 1,086847 0,000097
козко 5,129899 0,001827
кирягин 5,129899 0,000457
чтобы 0,773190 0,000069
прошедший 1,951845 0,000174
плей 1,002764 0,000446
сабах 5,129899 0,000913
журнал 1,871802 0,000167
бойков 5,129899 0,000457
де 0,955511 0,000085
компенсировать 3,338139 0,000297
проведение 1,104547 0,000098
ехать 2,932674 0,000261
гарантировать 2,732003 0,000243
перед 0,839439 0,000224
ильсур 5,129899 0,001370
ядро 3,743604 0,000333
сайт 0,411400 0,000623
татаркин 5,129899 0,000913
двухлетний 3,520461 0,000313
до 0,239550 0,000746
марамыгин 5,129899 0,000457
нуждаться 2,732003 0,000730
рашид 3,743604 0,002000
зародиться 2,932674 0,000261
выступать 0,940244 0,001172
потом 2,564949 0,000228
кудрявцев 3,520461 0,000313
другой 0,188256 0,000084
желтухин 5,129899 0,000457
сюда 0,986764 0,000088
самбрано 5,129899 0,000457
презентация 3,050457 0,000272
пао 3,743604 0,000333
арройо 5,129899 0,000913
набиуллин 4,436752 0,001185
цитировать 0,925206 0,000082
ее 0,723179 0,000064
собственный 1,574551 0,000561
азия 1,834062 0,000163
лондон 1,911023 0,000510
iffh 5,129899 0,000457
выдать 2,732003 0,000730
число 0,955511 0,000340
ялланд 5,129899 0,000457
скромный 2,827314 0,000252
операционный 4,031286 0,000359
ахметов 3,050457 0,000272
преемник 4,031286 0,000359
контроль 1,951845 0,000348
ривер 3,743604 0,000333
виа 5,129899 0,000457
семен 2,932674 0,000261
вид 0,393700 0,000210
же 0,853233 0,000532
поднять 2,185460 0,000584
карадениз 5,129899 0,003654
упразднить 2,490841 0,000222
что 0,195425 0,000348
common 0,986764 0,000088
договор 2,421849 0,000216
править 0,544931 0,006113
рустам 5,129899 0,000457
информ 5,129899 0,000457
ансалди 5,129899 0,000457
зайцев 2,564949 0,000228
за 0,125952 0,000606
домашние 2,038856 0,000363
кихтенко 5,129899 0,000457
домашний 1,695912 0,001057
жемалетдинов 4,436752 0,000395
presid 3,338139 0,000297
форма 1,086847 0,001064
медаль 0,619039 0,000055
расцениваться 4,436752 0,000395
альберт 2,564949 0,000457
настоящее 1,368699 0,000122
несмотря 1,762603 0,000157
образец 2,421849 0,000216
миннибаев 5,129899 0,000457
спонсорский 2,932674 0,000261
советский 1,140915 0,000711
сарагоса 4,436752 0,000395
позиция 1,392229 0,000124
иа 4,436752 0,000395
ив 3,743604 0,000667
галиулин 5,129899 0,000457
пенальти 2,038856 0,000545
из 0,106018 0,000604
невыезд 5,129899 0,000457
саранск 3,050457 0,000272
kazan 4,436752 0,006715
вписаться 4,436752 0,000790
здорово 3,183989 0,000283
прекратить 2,296685 0,000204
случайный 0,986764 0,000088
скрытый 1,052361 0,000094
нижнекамский 5,129899 0,000457
их 0,799165 0,000142
восточный 1,911023 0,000340
напоминать 2,644992 0,000471
повышение 2,185460 0,000389
регламент 1,911023 0,000170
календарный 4,031286 0,000359
строка 4,031286 0,000359
десятиматчевая 5,129899 0,000457
добрик 5,129899 0,000913
изображение 2,239527 0,000798
технический 1,416327 0,000126
антихович 5,129899 0,001370
харламов 3,338139 0,000594
седрик 5,129899 0,000457
бетис 4,436752 0,000395
серия 0,586604 0,000522
долгополов 4,436752 0,000395
первенство 1,301257 0,001622
саймановым 5,129899 0,000457
варлам 4,031286 0,000359
эксплуатация 3,520461 0,000313
жирный 3,520461 0,000313
зеленов 4,031286 0,000359
экран 2,932674 0,000261
ежедневно 2,357310 0,000210
srpski 1,035554 0,000092
агафон 5,129899 0,000457
движение 1,728701 0,000462
возвести 3,743604 0,000333
жфк 3,338139 0,000297
машина 2,564949 0,000457
рочина 5,129899 0,000457
спасительный 4,436752 0,000395
октябрь 1,019025 0,000907
скатиться 5,129899 0,000457
бердымухамедов 5,129899 0,000457
кэш 2,296685 0,000204
ознаменовать 4,436752 0,000395
набережная 2,644992 0,000471
завоевать 1,035554 0,000277
соперник 0,853233 0,000532
управление 2,239527 0,000598
решить 1,392229 0,000248
убрать 2,239527 0,000199
футбольный 1,345709 0,004313
ладин 5,129899 0,000457
турция 1,664163 0,000148
награда 1,279751 0,000114
переломный 3,520461 0,000313
ла 1,762603 0,000157
айрат 5,129899 0,001827
следующий 0,853233 0,000304
семак 3,183989 0,001417
мукба 5,129899 0,000913
alcogo 5,129899 0,000457
сафиуллин 4,031286 0,000359
сыграться 5,129899 0,000457
никола 2,085376 0,000186
ли 1,198073 0,000107
нияз 5,129899 0,001370
алешин 4,031286 0,000359
вон 4,031286 0,000359
прекратиться 4,031286 0,000359
футболка 2,296685 0,000204
саво 4,436752 0,000395
хозяйственный 5,129899 0,000457
домингесом 5,129899 0,000457
рассказать 1,122566 0,000100
тольятти 2,490841 0,000444
вахитовский 5,129899 0,000457
facebook 1,994404 0,000178
фарм 3,520461 0,000940
геральдический 5,129899 0,000457
президент 1,035554 0,001106
уступать 1,994404 0,000178
роман 1,797694 0,001120
буйткус 5,129899 0,000457
гранить 2,564949 0,000228
дальний 2,644992 0,000235
ирхин 5,129899 0,001827
한국어 1,035554 0,000092
жить 2,296685 0,000204
петроушем 5,129899 0,000457
нужный 1,834062 0,000163
создание 1,633391 0,000291
решитько 5,129899 0,001370
иван 1,603538 0,002284
uefa 2,732003 0,000486
выездной 2,490841 0,000444
камболов 5,129899 0,000457
место 0,402511 0,002365
руненков 5,129899 0,000457
предварительный 2,421849 0,000216
распределиться 4,031286 0,000359
успешный 1,345709 0,000599
драматичный 3,743604 0,000333
корреспондент 2,932674 0,000261
мы 0,195425 0,000070
болельщик 1,086847 0,001548
участие 0,457070 0,000081
утверждать 2,644992 0,000235
на 0,023953 0,000403
достигнуть 1,728701 0,000154
simpl 1,140915 0,000102
не 0,099461 0,000328
суслин 5,129899 0,000457
владивосток 2,564949 0,000228
ни 1,603538 0,000714
нк 3,743604 0,000333
метание 3,520461 0,000627
газон 3,338139 0,000297
фомин 3,743604 0,000333
бауэр 4,031286 0,000359
но 0,402511 0,000502
ягодин 5,129899 0,001370
осуществляться 2,239527 0,000199
раздел 1,574551 0,001121
мажорный 4,436752 0,000395
киев 2,421849 0,000431
footbal 2,239527 0,000798
категория 0,881403 0,000314
рустем 4,436752 0,003555
гибель 3,050457 0,000272
интернационал 3,743604 0,000667
magyar 1,086847 0,000097
подписать 1,492313 0,000531
сайманов 5,129899 0,000457
об 0,217244 0,000077
уровень 1,086847 0,000290
владимир 1,392229 0,003223
финансовый 1,911023 0,000340
красноярск 2,490841 0,000222
справка 0,986764 0,000088
усилиться 3,338139 0,001783
юкич 4,436752 0,000790
он 0,475938 0,000424
развитие 1,140915 0,000203
треть 2,932674 0,000522
усложнить 4,436752 0,000395
завершение 1,695912 0,000151
предшествовать 3,338139 0,000297
от 0,160085 0,001012
форум 0,867219 0,000077
официальный 0,735450 0,001048
поменять 2,644992 0,000235
tatarstan 5,129899 0,000913
вахтанг 5,129899 0,000457
вернуть 1,695912 0,000453
чумарин 5,129899 0,000457
дурасов 5,129899 0,000913
все 0,067304 0,000066
принимать 0,955511 0,000255
википедия 0,986764 0,001757
макѕим 4,436752 0,000790
пз 3,183989 0,009355
рустамжон 5,129899 0,000457
сведение 0,786093 0,000070
возможность 1,279751 0,000228
по 0,073653 0,000564
inc 0,986764 0,000088
занимать 1,664163 0,001185
лахонин 4,436752 0,000790
берючевский 5,129899 0,001370
элиста 3,050457 0,000272
круг 1,392229 0,000620
киселенко 5,129899 0,000457
наверх 4,031286 0,000359
ра 3,520461 0,000313
очень 1,140915 0,000406
kulichki 4,436752 0,000395
предприятие 2,732003 0,000730
вничью 1,797694 0,001280
какой 1,002764 0,000089
обратный 1,178655 0,000105
сообщество 0,910391 0,000081
учреждение 3,050457 0,000272
произойти 1,178655 0,000105
википедии 0,986764 0,000176
садык 5,129899 0,000457
термин 1,345709 0,000120
книга 1,911023 0,000170
бомбардир 1,871802 0,001000
уфа 2,134166 0,000760
модернизация 4,031286 0,000359
scot 1,695912 0,000151
маслов 3,520461 0,000313
оснащение 5,129899 0,000457
лев 2,827314 0,000252
неплохо 3,338139 0,000594
уткульбаев 5,129899 0,002740
газета 1,392229 0,000992
неуспешный 5,129899 0,000457
vid 5,129899 0,000457
music 5,129899 0,000457
физический 1,392229 0,000124
владение 2,421849 0,000216
стиль 1,603538 0,000286
слуцкий 3,743604 0,005333
日本語 1,035554 0,000092
со 0,447767 0,001116
прервать 1,762603 0,000314
центр 0,773190 0,000688
вратарь 1,323236 0,000707
исхаков 5,129899 0,000457
чуть 2,357310 0,000210
содержимое 2,932674 0,000522
под 0,723179 0,000708
драгоценный 5,129899 0,000457
терминал 5,129899 0,000457
окружность 2,827314 0,000755
проиграть 1,104547 0,001672
пол 0,910391 0,000486
сэ 2,932674 0,000261
связаться 0,867219 0,000077
декабрь 0,853233 0,002583
горбанцом 5,129899 0,000457
человек 0,940244 0,000419
тв 1,633391 0,000291
обыграть 1,122566 0,000899
князев 4,436752 0,001185
rbc 3,520461 0,000313
аукнуться 5,129899 0,000457
подробный 0,687247 0,000061
содержание 0,955511 0,000340
ти 3,743604 0,000333
фото 0,799165 0,000142
eesti 1,069456 0,000095
связь 0,747872 0,000067
مصرى 1,546380 0,000138
галеев 5,129899 0,000457
ездить 4,031286 0,000359
находка 2,564949 0,000228
челси 2,827314 0,000755
уезжать 3,743604 0,000333
ты 1,871802 0,000167
viatti 5,129899 0,000457
поп 1,664163 0,000444
лидерство 2,827314 0,000503
аюпов 5,129899 0,000457
тимофей 2,827314 0,000503
херсонский 5,129899 0,000457
победный 1,871802 0,000333
дардымов 5,129899 0,000457
президентство 5,129899 0,000457
опуститься 3,338139 0,001189
запад 2,085376 0,000186
успеть 3,050457 0,000272
информационный 1,122566 0,000100
machin 1,633391 0,008435
wikipedia 0,986764 0,000176
необходимый 2,357310 0,000210
теперь 0,971016 0,000259
ус 5,129899 0,000457
весьма 2,644992 0,000235
итальянский 1,633391 0,000145
отредактировать 0,986764 0,000439
легионер 2,490841 0,000444
расположить 1,574551 0,000421
nike 3,050457 0,000815
бешикташ 4,436752 0,000395
называть 1,258698 0,000112
капо 5,129899 0,000913
родины 4,436752 0,000395
калачёв 5,129899 0,000457
социальный 1,603538 0,000286
кисляк 3,338139 0,000297
викиновости 1,238078 0,000110
республика 2,134166 0,001330
подписание 2,421849 0,000431
фк 1,951845 0,006777
главный 0,565551 0,000655
быстров 3,338139 0,000594
ситуация 1,392229 0,000124
одержать 1,217876 0,001301
одиннадцатый 4,031286 0,000359
также 0,663991 0,001123
голосование 2,732003 0,000243
член 1,416327 0,000126
العربية 1,069456 0,000095
появиться 1,159607 0,000619
стартовать 1,633391 0,000145
защ 3,183989 0,007654
оснащаться 4,436752 0,000395
физподготовке 4,031286 0,001077
лукашенко 5,129899 0,001370
грозный 2,421849 0,000431
италия 0,524729 0,000047
прошлый 1,518981 0,000406
рожковый 3,338139 0,000594
tatar 5,129899 0,000457
символика 2,732003 0,000730
переименовать 2,357310 0,000420
снова 1,574551 0,000421
ребровый 3,520461 0,000627
вызываться 4,436752 0,000395
post 3,338139 0,000297
наконец 2,296685 0,000204
света 2,490841 0,000222
изменение 1,345709 0,000120
майка 2,932674 0,000261
чеблуков 5,129899 0,000457
вечерний 3,520461 0,000313
uhlsport 5,129899 0,000457
вписать 3,520461 0,000313
васильев 2,827314 0,000755
разгромно 3,520461 0,000627
переименование 3,338139 0,000297
правка 0,986764 0,000176
михин 4,436752 0,000790
однако 1,069456 0,000667
себя 0,597299 0,000532
завод 3,050457 0,001086
кубань 2,732003 0,000730
обафеми 5,129899 0,000457
изменить 1,728701 0,000462
việt 1,140915 0,000102
отказ 0,839439 0,000075
дзюба 2,134166 0,000190
авторитетный 1,871802 0,000667
камп 4,436752 0,000395
один 0,342407 0,000732
медико 5,129899 0,000457
саша 3,520461 0,000313
часть 1,104547 0,000295
должность 2,421849 0,001941
самолет 2,932674 0,000261
класс 1,728701 0,000770
возродить 3,050457 0,000272
сторона 1,069456 0,000381
журналист 1,951845 0,000174
jako 5,129899 0,000913
йорген 5,129899 0,000457
труд 2,357310 0,000420
добраться 3,338139 0,000297
николов 4,436752 0,000395
заявить 1,140915 0,000102
ресурс 0,812411 0,000072
южный 1,159607 0,000103
заменить 1,546380 0,000138
авиационный 4,436752 0,001975
bahasa 1,086847 0,000097
сиденье 5,129899 0,000457
золотухин 5,129899 0,002284
махачкала 2,421849 0,000431
ибрагим 3,050457 0,000543
артур 1,664163 0,000296
вальтер 3,520461 0,000313
поочередный 3,050457 0,000272
черед 3,743604 0,000333
пастор 5,129899 0,000457
качество 1,323236 0,000353
تۆرکجه 1,762603 0,000157
через 0,971016 0,000173
маминов 4,031286 0,001436
артуш 5,129899 0,000457
lietuvių 1,140915 0,000102
трансфер 1,492313 0,000531
замена 1,951845 0,000695
столько 2,564949 0,000228
наставник 2,827314 0,000252
вагаповой 5,129899 0,000457
словарь 1,198073 0,000107
отборочный 2,421849 0,000216
хроник 3,183989 0,000283
ठ 1,574551 0,000140
меняться 1,951845 0,000174
официально 1,159607 0,000516
химки 2,644992 0,000235
бургос 5,129899 0,000457
значимый 2,644992 0,000235
урал 2,038856 0,000726
команда 0,262364 0,002499
общероссийский 3,338139 0,000297
радиолокационный 5,129899 0,000457
новичок 1,797694 0,000480
магфуров 5,129899 0,000457
матчевый 2,296685 0,000204
довольный 1,994404 0,000178
system 3,183989 0,000283
являться 1,019025 0,000454
самар 2,296685 0,000204
зенит 0,867219 0,001081
проводиться 1,086847 0,000290
получать 1,301257 0,000116
лоб 3,743604 0,000333
фан 3,338139 0,000594
марбельи 5,129899 0,000457
нурмагомед 2,357310 0,000210
кубковый 2,296685 0,000204
айбатов 5,129899 0,000913
гильмуллин 5,129899 0,001370
закрепить 2,490841 0,000222
українська 1,035554 0,000092
конкретизация 2,827314 0,000252
группа 1,122566 0,001899
моторин 5,129899 0,000913
зеленый 2,185460 0,000584
безруков 4,436752 0,000790
сайманова 5,129899 0,000457
рост 0,812411 0,000217
молодая 1,762603 0,001726
lenta 2,239527 0,000199
петров 4,436752 0,000395
щавелевый 5,129899 0,000457
процент 2,932674 0,000261
арлаускиса 5,129899 0,000457
реконструироваться 5,129899 0,000457
зил 4,436752 0,000395
костылев 4,031286 0,000718
тяжелейшего 5,129899 0,000457
мартинса 5,129899 0,000457
рекордсмен 1,834062 0,000816
фахретдин 5,129899 0,000457
принадлежность 3,338139 0,000297
жизнь 0,881403 0,000157
конкурент 2,564949 0,000228
cite 1,258698 0,000224
дамир 3,743604 0,000333
крупно 3,183989 0,000283
касра 4,436752 0,000395
нельзя 2,296685 0,000204
удаленный 1,492313 0,000664
трики 2,732003 0,000243
ахмадуллин 5,129899 0,000913
батрутдинов 5,129899 0,000913
уступить 1,368699 0,000609
табло 2,357310 0,000210
точно 1,911023 0,000170
сибайя 5,129899 0,002284
утвердить 1,871802 0,001167
net 2,357310 0,000420
быстрый 1,664163 0,000148
енисей 2,296685 0,000204
степан 2,732003 0,000486
тайный 3,520461 0,000313
new 2,038856 0,000182
тренировка 0,895792 0,000160
красный 1,069456 0,000381
tatcent 5,129899 0,000457
значит 2,644992 0,000235
ব 1,416327 0,000126
объединение 2,296685 0,001022
учесть 4,031286 0,000359
нарушение 1,416327 0,000126
конфиденциальность 0,293617 0,000026
юр 3,338139 0,000297
портянкин 5,129899 0,000457
ল 1,416327 0,000126
безвыигрышных 5,129899 0,000457
svenska 1,035554 0,000092
общий 0,986764 0,000176
омолодить 4,436752 0,000395
назад 1,140915 0,000102
равиля 5,129899 0,000457
список 0,986764 0,000176
сайфутдинов 5,129899 0,000457
остановиться 2,827314 0,000252
жары 4,031286 0,000359
ссср 0,940244 0,000837
желание 2,490841 0,000665
великое 2,421849 0,000216
сесара 4,436752 0,000395
опубликовать 1,762603 0,000157
ринат 4,031286 0,002512
приобрести 2,038856 0,000363
открыть 1,279751 0,000342
ян 4,436752 0,001185
шашурин 5,129899 0,000457
луч 2,932674 0,000522
никто 1,574551 0,000140
прудников 3,338139 0,000892
четвертая 2,185460 0,000389
тишкин 5,129899 0,000457
полувековой 5,129899 0,000457
традиция 2,134166 0,000190
миланский 5,129899 0,000913
главное 0,524729 0,001822
балясник 5,129899 0,000457
французский 1,052361 0,000094
уволиться 4,436752 0,000395
где 0,675551 0,000301
брендбук 5,129899 0,000457
любительский 1,416327 0,000126
основание 1,416327 0,000378
рони 5,129899 0,000457
активный 1,546380 0,000138
напрямую 3,050457 0,000543
зафиксировать 1,994404 0,000355
вновь 1,574551 0,000561
англия 1,238078 0,000110
сменить 1,466337 0,000261
обзавестись 3,520461 0,000313
участвовать 0,955511 0,000170
хажиев 5,129899 0,000457
сообщить 0,447767 0,000080
примечание 1,002764 0,000179
быть 0,119263 0,000987
европейский 1,122566 0,000100
нынешний 2,085376 0,000186
буферный 5,129899 0,000457
отмечать 2,421849 0,000216
игор 4,031286 0,000718
финальный 1,492313 0,000133
калешиным 5,129899 0,000457
темный 3,183989 0,000283
барышев 5,129899 0,000457
ген 3,050457 0,000272
назначение 2,239527 0,000399
вылет 2,490841 0,000887
хави 4,031286 0,000359
установить 1,279751 0,000684
разработать 1,728701 0,000616
минов 5,129899 0,000913
камковый 5,129899 0,000457
алиев 4,436752 0,000395
черноморец 2,732003 0,000486
jan 4,031286 0,000359
english 0,925206 0,000165
франция 0,675551 0,000060
перерыв 1,762603 0,000157
ਜ 1,664163 0,000148
объем 2,490841 0,000222
четыре 0,910391 0,000243
рсфср 2,732003 0,001946
отражать 3,338139 0,000297
suomi 1,052361 0,000094
друг 1,518981 0,000135
ближний 1,728701 0,000154
ਪ 1,664163 0,000148
вадим 2,421849 0,000647
ਬ 1,664163 0,000148
сбор 1,368699 0,000122
тайм 1,633391 0,000145
ашурматов 5,129899 0,000457
дракон 2,421849 0,001078
иржи 4,031286 0,000718
гайнудинова 5,129899 0,000457
хузин 5,129899 0,000913
схема 1,951845 0,000348
лебеденко 4,436752 0,000395
обязанность 2,490841 0,000665
ныне 2,357310 0,000420
илья 1,797694 0,000800
вольфсбург 4,031286 0,000718
română 1,122566 0,000100
сочетать 3,338139 0,000297
таиф 5,129899 0,002284
эстегляль 5,129899 0,000457
рубеж 2,421849 0,000216
сальманова 5,129899 0,000457
мирлинд 4,031286 0,000359
portuguê 1,035554 0,000092
рубен 3,743604 0,000333
фест 5,129899 0,000457
раскручивать 5,129899 0,000457
впервые 0,839439 0,000448
oʻzbekcha 1,140915 0,000102
раз 0,485508 0,000389
чемпионат 0,188256 0,000754
ўзбекча 1,140915 0,000102
предшественник 3,050457 0,000543
оставить 2,185460 0,000195
фио 3,050457 0,000272
latviešu 1,052361 0,000094
кирилл 1,695912 0,000302
жозе 3,183989 0,000283
российский 0,224624 0,000200
философия 3,183989 0,000567
дойти 2,490841 0,000222
кабзе 5,129899 0,003197
крайова 5,129899 0,000457
отличиться 2,564949 0,000457
полномочие 3,183989 0,000283
версия 0,393700 0,000245
эдуардо 4,031286 0,001077
факел 2,296685 0,000409
карлос 2,134166 0,000380
интернет 1,574551 0,000140
отнять 3,520461 0,000313
balanc 5,129899 0,000457
шесть 1,238078 0,000220
сальник 3,520461 0,000627
нота 5,129899 0,000457
зарегистрировать 0,711058 0,000127
макар 2,932674 0,001044
штаб 1,664163 0,000296
рбк 1,797694 0,000320
вячеслав 2,185460 0,000389
энергия 2,564949 0,000685
игорь 1,871802 0,001500
тёре 5,129899 0,000457
четвертый 1,695912 0,000453
знак 0,986764 0,000088
пополнить 2,357310 0,000210
увеличить 2,038856 0,000182
досталеком 5,129899 0,000457
rus 4,436752 0,000790
представитель 1,238078 0,000110
сотрудник 2,932674 0,000261
представить 1,518981 0,001082
чистка 3,338139 0,000594
соломон 4,031286 0,000359
работа 1,086847 0,000290
руст 4,436752 0,003160
хайруллин 4,031286 0,000359
обладатель 1,492313 0,001461
шаймиев 5,129899 0,002284
сеть 1,258698 0,000112
евро 1,466337 0,000131
ковалевич 5,129899 0,000457
readfootbal 5,129899 0,000457
посол 0,301585 0,000698
ислам 2,038856 0,000545
итого 5,129899 0,000457
логотип 2,357310 0,002938
павлюченко 3,520461 0,000313
сибирь 2,038856 0,000182
неожиданно 3,050457 0,000543
разгромный 2,564949 0,000228
galego 1,178655 0,000105
автор 1,466337 0,000392
старый 1,159607 0,000103
короткий 0,699082 0,000062
возвращаться 1,871802 0,000333
польза 1,834062 0,000490
недостаточно 3,338139 0,000297
дренаж 5,129899 0,000457
исинбаева 4,031286 0,000718
поражение 1,122566 0,001599
ростов 2,827314 0,000503
кинкладзе 5,129899 0,000457
служебный 0,955511 0,000085
снять 1,871802 0,000167
покинуть 1,871802 0,002000
положение 1,416327 0,000126
краснодар 0,867219 0,000386
зуб 3,183989 0,000283
канонический 5,129899 0,000457
махачкалинский 4,031286 0,000359
будущий 3,050457 0,000272
news 2,185460 0,000778
звать 4,436752 0,000395
попрощаться 4,031286 0,000359
associ 0,986764 0,000088
адам 2,932674 0,000522
свободный 0,867219 0,000309
забитый 2,239527 0,000798
очередной 2,085376 0,000186
иран 2,827314 0,000252
фнл 2,421849 0,000862
существовать 1,122566 0,000200
федор 1,871802 0,000500
возглавлять 2,564949 0,001370
сергейгаврилов 5,129899 0,000457
пятый 1,574551 0,000140
сампдория 4,436752 0,000790
отношение 1,301257 0,000116
странный 2,490841 0,000222
милошевич 4,436752 0,000790
певец 4,436752 0,000395
серьезный 1,633391 0,000436
ранний 1,492313 0,000133
эдуард 2,085376 0,000186
синёвым 5,129899 0,000457
внутри 2,421849 0,000216
голубев 4,436752 0,000395
получить 0,384967 0,000308
ржфл 5,129899 0,000457
эквадор 2,932674 0,000261
распусков 5,129899 0,000457
tiktok 2,490841 0,000222
дослать 3,050457 0,000272
богдан 3,183989 0,000283
следить 1,994404 0,000178
архивировать 1,104547 0,003639
гол 1,323236 0,001060
перфомансом 5,129899 0,000457
массажист 4,436752 0,000395
эмиль 2,932674 0,000783
сделать 0,853233 0,000076
связанный 0,786093 0,000350
казань 1,301257 0,004634
ренат 5,129899 0,000457
санчес 4,031286 0,000359
дениль 4,436752 0,000790
хораськин 5,129899 0,000457
испытывать 2,932674 0,000261
будущее 1,664163 0,000148
italiano 1,035554 0,000092
год 0,099461 0,002444
заводчане 5,129899 0,000457
контракт 1,258698 0,000672
министр 2,185460 0,000195
кухня 4,031286 0,000359
мальдонадо 4,436752 0,001185
кузнецов 2,239527 0,000798
հայերեն 1,198073 0,000107
миодраг 4,031286 0,000359
маминова 4,436752 0,000395
акбар 5,129899 0,001370
мая 0,986764 0,004832
орландо 3,743604 0,000667
поэтому 1,392229 0,000124
фотогалерея 4,031286 0,000359
расход 2,490841 0,000444
антон 1,695912 0,000453
агентство 1,994404 0,000710
web 1,279751 0,000228
гостев 2,827314 0,000503
семь 1,633391 0,000727
бердыевым 5,129899 0,000913
риц 5,129899 0,000457
фатхутдинов 5,129899 0,000457
bokmål 1,069456 0,000095
гостевой 2,421849 0,001078
стилизовать 3,743604 0,000667
результативность 2,827314 0,000252
жена 1,728701 0,000154
хорошо 1,951845 0,000174
пропустить 1,122566 0,000300
яруллин 5,129899 0,000457
шаблон 1,441019 0,000128
тетёркин 5,129899 0,000457
инструмент 0,881403 0,000157
ntr 5,129899 0,000457
продолжительный 2,644992 0,000235
такой 0,735450 0,000065
ntv 4,031286 0,000359
проработать 3,743604 0,000333
искра 4,436752 0,003950
садырин 4,031286 0,001077
akbarsarena 5,129899 0,000457
рассказывать 2,564949 0,000228
златана 4,031286 0,000359
диляр 5,129899 0,000457
съемка 3,743604 0,000333
атрибут 3,743604 0,000333
шапка 2,827314 0,000252
прошлогодний 3,520461 0,000627
malsi 5,129899 0,000457
апшацев 4,436752 0,000790
лига 0,325878 0,002988
рука 1,392229 0,000124
евгения 1,178655 0,000210
генеральный 1,664163 0,000889
русый 1,368699 0,003534
новороссийский 4,031286 0,000359
расширение 2,296685 0,000409
идиятуллин 5,129899 0,000457
благодаря 1,441019 0,000128
чуня 5,129899 0,001827
урицкий 5,129899 0,000457
военный 1,664163 0,000148
расцвет 3,183989 0,000567
хабиров 5,129899 0,000457
баляйкин 5,129899 0,000913
фонд 0,895792 0,000080
состав 0,867219 0,002239
наиболее 1,466337 0,000261
указать 1,198073 0,000427
частить 1,664163 0,000148
соглашение 1,466337 0,000261
госдума 3,183989 0,000567
содержать 2,134166 0,000380
воскресение 5,129899 0,000457
валентин 2,421849 0,000431
прокомментировать 2,085376 0,000186
отказываться 3,520461 0,000313
история 0,270086 0,000361
македонский 1,258698 0,000112
чумич 4,436752 0,000790
таблица 0,711058 0,000633
длить 0,146292 0,000117
волевой 3,183989 0,000283
испанец 2,932674 0,000522
рубиновый 4,436752 0,002370
кузьмин 3,520461 0,001254
орестас 5,129899 0,000457
омрачить 4,031286 0,000359
либо 1,140915 0,000203
vesti 3,743604 0,000333
вольфсбургом 4,436752 0,000395
рихард 4,436752 0,000395
автономный 4,436752 0,000395
мухаметшин 5,129899 0,001370
жемчужина 3,050457 0,000272
название 1,035554 0,001383
поиск 0,711058 0,000380
чемпион 0,334108 0,000952
решающий 2,134166 0,000190
магомед 3,338139 0,000297
парка 3,050457 0,000272
исторический 1,762603 0,000314
вагапова 5,129899 0,000457
франк 3,338139 0,001189
шест 3,338139 0,000297
oldid 0,986764 0,000088
длинный 1,762603 0,000157
рыжиковый 5,129899 0,003654
первое 0,393700 0,000841
низкий 1,345709 0,000240
алексей 1,140915 0,001422
челны 2,932674 0,000522
пайкан 5,129899 0,000457
lawyer 5,129899 0,000457
вилья 4,436752 0,000395
gazeta 3,520461 0,004075
стадий 1,911023 0,000510
амир 4,031286 0,000359
спонсировать 5,129899 0,000457
хоккеист 1,633391 0,000145
скрывать 3,338139 0,000297
постоянно 2,644992 0,000471
принять 0,786093 0,000420
ежов 3,743604 0,000667
зима 2,644992 0,000471
лужники 2,827314 0,000755
footballfact 3,743604 0,000333
двенадцать 2,827314 0,000252
авторство 0,986764 0,000088
высокий 0,760451 0,000745
темников 5,129899 0,000457
сентябрёва 5,129899 0,001827
финал 0,699082 0,001618
польский 3,183989 0,000283
català 1,086847 0,000097
новый 0,239550 0,000853
образ 1,178655 0,000105
поведение 0,839439 0,000075
рпл 1,140915 0,001422
частичный 2,732003 0,000243
испанский 2,185460 0,000973
частично 2,932674 0,000261
выйти 0,773190 0,000688
болеть 2,644992 0,002119
дрезгич 5,129899 0,000913
rank 3,183989 0,000283
ахмат 1,198073 0,000107
ревишвили 5,129899 0,000913
крышует 5,129899 0,000457
فارسی 1,104547 0,000098
удар 1,633391 0,000145
анис 5,129899 0,000457
шинник 2,732003 0,000973
текстовой 3,338139 0,000297
полный 0,940244 0,000167
терек 3,050457 0,001086
александр 0,839439 0,002466
боккетти 4,436752 0,000395
викимедиа 0,986764 0,000088
пахтакор 3,520461 0,000313
интер 1,633391 0,000873
добиться 2,085376 0,000186
билялетдинов 4,436752 0,002370
azərbaycanca 1,258698 0,000112
пикет 5,129899 0,000457
монпелье 5,129899 0,000457
средство 1,664163 0,000444
определить 1,301257 0,000116
дополнительный 0,940244 0,000167
первоначальный 2,827314 0,000252
ильяс 5,129899 0,000457
гекхан 5,129899 0,000457
мир 0,277868 0,000074
статистический 3,050457 0,000272
by 0,971016 0,000173
тимур 3,050457 0,000543
автостоянка 4,436752 0,000395
русский 0,760451 0,000135
спецкор 5,129899 0,000457
входить 1,258698 0,000112
этаж 3,338139 0,000297
этап 0,895792 0,001037
cc 0,986764 0,000088
александрович 2,490841 0,000887
панатинаикос 3,743604 0,001000
диск 3,743604 0,000333
асхат 5,129899 0,000457
небольшой 2,296685 0,000204
планировать 2,296685 0,000204
shqip 1,466337 0,000131
конец 1,035554 0,001199
время 0,384967 0,000446
отдаленно 4,031286 0,000359
единственный 1,392229 0,000372
хосе 3,338139 0,000594
прислать 2,490841 0,001109
выходить 1,695912 0,000151
новгород 1,217876 0,000325
ранее 1,104547 0,000197
победитель 0,799165 0,000427
начальник 2,732003 0,000486
анжи 2,827314 0,000503
чистый 2,038856 0,000182
анфиногентов 5,129899 0,000457
секретность 5,129899 0,000457
подать 2,296685 0,000409
получение 2,085376 0,000186
de 1,871802 0,000167
юбилей 2,564949 0,000457
неофициальный 2,134166 0,000570
носить 1,664163 0,000296
реализовать 2,827314 0,000252
восемь 1,695912 0,000151
викиданных 0,986764 0,000088
нигматуллин 3,743604 0,001000
прийтись 1,871802 0,000167
таттелеком 5,129899 0,000457
грасия 5,129899 0,001370
ленинградский 2,564949 0,000228
делаться 2,644992 0,000235
начаться 1,518981 0,000406
яшин 2,827314 0,000755
ходжа 5,129899 0,000913
туркмения 5,129899 0,000457
калуга 4,031286 0,000359
отсутствие 1,664163 0,000593
салуквадзе 5,129899 0,001827
миллиард 1,911023 0,000510
задача 1,546380 0,000551
абдуллин 5,129899 0,000457
хотя 1,546380 0,000275
тинькофф 4,031286 0,000718
счет 0,799165 0,001992
подняться 2,490841 0,000444
рфс 2,564949 0,000228
маркано 5,129899 0,000457
eu 3,183989 0,000567
тоттенхема 5,129899 0,000457
тахери 4,436752 0,000395
читать 0,555188 0,000049
адамов 4,436752 0,000395
fc 2,085376 0,000186
бердыев 3,743604 0,006666
запомниться 3,050457 0,000272
прямая 1,441019 0,000128
художник 3,743604 0,000333
англ 1,159607 0,000103
тасср 5,129899 0,000457
оценка 1,797694 0,000160
камил 2,239527 0,000199
стык 2,932674 0,000261
графический 4,436752 0,000395
полнометражный 5,129899 0,000457
роверс 5,129899 0,000457
учредитель 1,994404 0,000178
забир 5,129899 0,000457
лишь 1,159607 0,000516
туркменистан 3,183989 0,000850
расторжение 3,338139 0,000297
телекомпания 4,031286 0,000359
навас 5,129899 0,001827
эвранов 5,129899 0,000913
раданович 5,129899 0,000913
завершить 1,052361 0,000562
ленар 5,129899 0,001370
выпустить 2,932674 0,000261
мой 1,368699 0,000244
момент 0,910391 0,000243
шрифт 4,031286 0,000359
дина 3,520461 0,000313
中文 1,035554 0,000092
константин 2,185460 0,000584
мурад 4,031286 0,001795
фатих 4,436752 0,000395
тереть 0,786093 0,000210
букмекер 1,140915 0,000203
footballfakt 3,183989 0,000283
грасии 5,129899 0,000457
раменский 2,932674 0,000783
основа 1,301257 0,000116
foundat 0,986764 0,000088
кожа 3,183989 0,000283
щит 2,932674 0,000522
подобный 1,911023 0,000170
среди 0,597299 0,000160
гарипов 5,129899 0,000913
анатолия 2,357310 0,001469
прежний 1,994404 0,000355
хоккейный 1,416327 0,000252
далер 4,436752 0,000790
кулик 3,183989 0,000283
велдин 5,129899 0,000457
https 0,699082 0,000062
результат 0,524729 0,000374
поднимать 2,932674 0,000261
мобильный 0,555188 0,000049
хабаровский 3,743604 0,000333
татарча 1,392229 0,000124
tiếng 1,140915 0,000102
приглашать 3,183989 0,000283
дядюн 5,129899 0,001370
עברית 1,052361 0,000094
index 0,986764 0,000088
павел 1,834062 0,000653
большой 0,687247 0,000245
далее 2,185460 0,000389
татнефть 4,436752 0,000395
йочич 4,436752 0,000790
должен 0,597299 0,000372
признаться 1,994404 0,000355
избранный 0,955511 0,000085
тасс 1,695912 0,000151
возвращение 1,466337 0,000914
footballdatabas 3,338139 0,000297
покидать 2,421849 0,000647
еременко 3,520461 0,000313
написание 2,564949 0,000457
ирон 2,827314 0,000252
забить 1,466337 0,001436
фартовый 5,129899 0,000457
скотти 4,436752 0,000790
kurdî 1,834062 0,000163
работать 1,518981 0,000135
акрон 1,279751 0,000114
караденизом 5,129899 0,000457
заря 3,338139 0,000297
world 1,416327 0,000252
прицел 4,436752 0,000790
провести 0,799165 0,000783
это 0,181139 0,000371
дизайнер 5,129899 0,000457
хосеп 5,129899 0,000457
легендарный 1,871802 0,000167
дебютант 3,050457 0,000272
прибавиться 5,129899 0,000457
билялютдинов 5,129899 0,000457
смена 1,762603 0,000471
два 0,504926 0,000405
ладо 2,185460 0,000195
прямой 1,695912 0,000151
кострома 3,050457 0,000543
kp 3,338139 0,000297
ограничить 1,951845 0,000174
махатадзе 5,129899 0,000457
казанцы 4,031286 0,002871
тренер 0,555188 0,003707
латиница 5,129899 0,000457
доступный 0,955511 0,000085
выгнать 3,050457 0,000272
утверждение 1,695912 0,000302
дренажный 5,129899 0,000457
стартовый 1,728701 0,000154
каменск 5,129899 0,000913
огласка 4,436752 0,000395
буханов 5,129899 0,000457
хазарин 4,031286 0,000359
или 0,576022 0,000256
отличие 1,695912 0,000151
қазақша 1,178655 0,000105
любовь 2,644992 0,000235
сонг 5,129899 0,000457
шестой 2,357310 0,000210
рязанец 3,743604 0,002000
савельев 4,031286 0,001077
пригласить 1,834062 0,000490
отстранить 2,296685 0,000204
восток 2,644992 0,000235
www 1,392229 0,001611
бритвин 5,129899 0,000457
уход 1,834062 0,000490
зрительский 3,338139 0,000297
учетный 0,986764 0,000088
радик 5,129899 0,000913
зиланта 5,129899 0,002284
муж 2,827314 0,000252
много 0,735450 0,000524
хохол 3,338139 0,000297
заключить 2,490841 0,000222
хет 2,296685 0,000204
нефтчи 4,031286 0,001077
объект 2,732003 0,000243
mr 4,436752 0,000395
представиться 0,986764 0,000088
горностаев 5,129899 0,000457
затем 1,301257 0,000348
упрочить 5,129899 0,000457
атаковать 1,871802 0,000167
rambler 4,031286 0,000359
калисто 5,129899 0,000913
побить 1,951845 0,000174
владикавказский 4,031286 0,000359
грицаенко 5,129899 0,001370
зритель 1,518981 0,000406
рахим 4,031286 0,001436
тесленко 4,436752 0,000790
работник 4,031286 0,000359
осень 2,357310 0,000210
захватить 4,031286 0,000359
ошибка 0,576022 0,000051
ермолаев 5,129899 0,000457
калининград 2,644992 0,000235
камаз 2,732003 0,001946
солист 4,031286 0,000359
playmakerstat 2,932674 0,000261
частное 3,743604 0,000667
германий 0,723179 0,000064
харламова 3,520461 0,000313
игра 0,112619 0,000150
компания 0,971016 0,000951
убавиться 5,129899 0,000457
неудача 2,827314 0,000252
песнь 3,520461 0,000313
переход 1,323236 0,000118
deutsch 1,052361 0,000094
габдулхаевич 5,129899 0,000457
марта 0,853233 0,001443
имя 1,178655 0,001574
датский 1,368699 0,000366
багаутдин 5,129899 0,000457
мозговой 3,743604 0,000333
семенов 2,932674 0,001567
on 2,239527 0,000199
рассказов 3,743604 0,000333
скончаться 2,564949 0,000228
лисакович 4,436752 0,000395
рекомендация 1,217876 0,000434
больший 0,457070 0,000326
ансар 5,129899 0,000457
дальнейший 1,994404 0,000178
байрам 5,129899 0,000457
загидуллин 5,129899 0,000457
событие 0,565551 0,000101
пользователь 1,911023 0,000170
использование 0,277868 0,000049
увольнение 2,827314 0,000252
рассвет 4,436752 0,000395
соревнование 0,411400 0,000037
coeffici 3,743604 0,000667
кадяев 5,129899 0,000457
выезд 2,296685 0,001227
soccerway 3,183989 0,000283
общественный 2,038856 0,000182
rwfl 5,129899 0,000457
лицензия 0,971016 0,000346
ничей 1,951845 0,001390
руссель 5,129899 0,000457
архивный 1,518981 0,007979
манеж 3,050457 0,000272
поволжский 5,129899 0,000457
черный 1,994404 0,000888
представлять 1,217876 0,000217
зимний 0,663991 0,000059
район 2,827314 0,000755
ряд 1,198073 0,000427
закир 5,129899 0,000457
страница 0,910391 0,000648
смениться 3,338139 0,000594
рафаиль 5,129899 0,000457
отечественный 2,185460 0,000195
челнинский 5,129899 0,000457
сам 0,747872 0,000333
brand 4,031286 0,000359
хит 4,436752 0,000395
запись 0,910391 0,000081
qr 0,986764 0,000088
выдаться 3,520461 0,000627
исмагил 5,129899 0,000913
umbro 3,338139 0,000594
old 3,183989 0,000283
алемасов 5,129899 0,000457
инал 5,129899 0,000457
прогрессировать 3,743604 0,000333
женский 0,663991 0,000118
сохранение 0,971016 0,000086
сафин 3,743604 0,000333
吴语 1,238078 0,000110
rg 4,436752 0,000395
юрий 1,994404 0,001776
удаться 1,994404 0,000533
кузяев 4,436752 0,001185
мордовия 2,827314 0,000252
кварацхелия 4,436752 0,001185
дать 0,608110 0,000325
пресс 0,895792 0,000160
персональный 0,723179 0,000064
кашурин 5,129899 0,000913
ru 0,285712 0,001933
возможный 1,392229 0,000248
действовать 0,825834 0,000221
машиноместо 5,129899 0,000457
коновал 3,520461 0,000313
организовать 1,466337 0,000261
киевский 3,050457 0,000543
производитель 2,564949 0,000228
sa 0,986764 0,000088
климанов 5,129899 0,000457
режиссер 3,338139 0,000297
ценность 2,932674 0,000261
дата 0,799165 0,004411
вернуться 0,986764 0,000791
того 0,955511 0,000510
батан 5,129899 0,001370
изобразить 2,827314 0,000503
барселона 1,416327 0,001135
паря 1,217876 0,000108
проводить 0,910391 0,000162
premierliga 3,743604 0,000667
intern 2,357310 0,000210
угочукву 4,436752 0,000395
певица 3,743604 0,000667
español 1,019025 0,000091
специалист 1,797694 0,000320
литература 1,695912 0,000302
россия 0,139466 0,000832
перестать 2,644992 0,000235
десятеро 5,129899 0,000457
puma 3,338139 0,000297
рекорд 0,955511 0,000510
bosanski 1,345709 0,000120
свой 0,586604 0,000470
нальчик 3,050457 0,000272
th 2,185460 0,000195
አማርኛ 3,183989 0,000283
свое 0,457070 0,000488
мегафон 3,743604 0,000333
дамак 5,129899 0,000457
старожил 4,031286 0,000359
абсалям 5,129899 0,000457
встретиться 1,728701 0,000154
январь 0,786093 0,001470
гульнара 5,129899 0,000457
sila 5,129899 0,000457
разгромить 1,728701 0,000154
устройство 2,827314 0,000252
ильшат 4,436752 0,000395
нерабочий 2,644992 0,000235
канунников 4,031286 0,000359
рождение 1,518981 0,000676
express 2,644992 0,001884
громовый 4,436752 0,000790
transfermarkt 3,183989 0,000567
олимпиакосом 4,436752 0,000395
позорить 4,031286 0,000359
прийти 2,038856 0,000363
люксембург 2,564949 0,000228
еженедельник 3,338139 0,000297
мирон 3,520461 0,000313
держаться 2,932674 0,000522
ход 1,279751 0,000570
norsk 1,052361 0,000094
ярославль 2,490841 0,000665
дебют 2,239527 0,000199
трижды 2,827314 0,000252
паок 2,732003 0,000243
worldfootbal 2,932674 0,000261
vk 1,441019 0,000257
миннихановым 5,129899 0,000457
причина 1,368699 0,000122
флаг 0,895792 0,000080
нефтехимик 2,732003 0,001459
амкар 2,827314 0,000503
euro 3,520461 0,000313
сложить 3,520461 0,000313
манга 4,031286 0,000359
главый 3,050457 0,000272
мастер 1,518981 0,000270
шагивалеев 5,129899 0,000457
доход 2,239527 0,000199
попасть 1,140915 0,000203
polski 1,035554 0,000092
юар 2,490841 0,000222
fclm 4,031286 0,000359
квирквелия 5,129899 0,000913
александара 3,743604 0,000333
bezformata 5,129899 0,000457
отрезка 2,644992 0,000235
орбаисом 5,129899 0,000457
мэр 3,743604 0,000333
рейтинг 0,524729 0,000280
дон 2,357310 0,000210
org 0,986764 0,000264
урош 5,129899 0,000913
показатель 1,728701 0,000154
сыграть 0,839439 0,001046
усенко 5,129899 0,000913
сальватор 4,436752 0,000790
немовым 5,129899 0,000457
валерий 2,134166 0,002850
асмарал 2,932674 0,000261
острота 5,129899 0,000457
выбыть 2,644992 0,000706
некоммерческий 0,986764 0,000088
расколдовать 5,129899 0,000457
дивизион 2,038856 0,001997
поддержать 2,185460 0,000389
желтый 1,834062 0,000163
нулевой 2,732003 0,000730
любой 1,238078 0,000220
xx 1,546380 0,000275
лаша 5,129899 0,000913
алескар 5,129899 0,000457
болельщица 3,520461 0,000313
еврокубки 1,546380 0,000964
мяч 0,735450 0,000786
жеребьевка 2,296685 0,000409
кристиан 2,564949 0,002055
rfpl 4,436752 0,000790
указание 0,986764 0,000088
вбухать 5,129899 0,000457
устареть 3,050457 0,000543
ярославский 3,183989 0,000283
суперкубок 2,296685 0,001227
српски 1,035554 0,000092
над 0,986764 0,000439
заказ 3,050457 0,000272
профиль 3,183989 0,000283
комментарий 1,871802 0,000167
минский 2,185460 0,000195
шарафутдинов 5,129899 0,000457
soccerbas 3,743604 0,000333
доллар 2,239527 0,000199
тема 1,104547 0,000197
спартак 0,711058 0,001203
marbella 5,129899 0,000457
егор 1,951845 0,000348
швец 4,031286 0,001077
бердыева 5,129899 0,005937
оказаться 1,441019 0,000513
тель 4,031286 0,000359
нап 3,183989 0,005103
домингес 4,031286 0,003948
ташкент 3,050457 0,000272
рфпл 2,932674 0,001828
около 1,518981 0,000406
малага 4,436752 0,000395
ротор 2,644992 0,000235
родоначальник 3,338139 0,000297
ска 1,279751 0,000228
придать 4,436752 0,000395
лондонский 2,644992 0,000235
служба 1,279751 0,000228
здоровье 1,323236 0,000118
заниматься 1,574551 0,000140
белый 1,574551 0,000421
цска 0,711058 0,000570
чагин 5,129899 0,000913
гетигежевым 5,129899 0,000457
аргентина 1,951845 0,000174
рондоном 5,129899 0,000457
здоровый 3,183989 0,000283
даку 3,183989 0,000850
венский 4,031286 0,000359
суперлига 1,441019 0,000128
добровольно 4,031286 0,000718
обеденный 5,129899 0,000457
исполнительный 3,050457 0,000272
который 0,325878 0,000899
николай 1,994404 0,001243
идея 1,871802 0,000167
постоянный 0,881403 0,000078
спас 3,520461 0,000313
уставной 5,129899 0,000457
артем 1,951845 0,001216
игнат 3,743604 0,000333
türkçe 1,052361 0,000094
макбет 5,129899 0,001370
победа 0,420369 0,000786
чалый 5,129899 0,002740
привести 1,466337 0,000131
татарин 4,436752 0,000790
выбрать 1,323236 0,000118
бокетти 5,129899 0,000457
диляра 5,129899 0,000457
елена 1,834062 0,000490
золотарев 5,129899 0,000457
случай 0,867219 0,000077
оздоев 4,031286 0,000359
правильный 2,827314 0,000252
архитектор 3,520461 0,000313
камиль 3,743604 0,002000
арена 1,104547 0,001082
союз 1,301257 0,000232
исполнять 2,827314 0,000755
ганеев 5,129899 0,000457
инфраструктура 2,564949 0,000228
несколько 0,971016 0,000173
начало 0,760451 0,000812
дьячков 5,129899 0,000457
сапун 5,129899 0,000457
бегов 3,338139 0,000594
тенденция 3,338139 0,000594
хавьер 3,183989 0,000567
энри 5,129899 0,000457
колотов 5,129899 0,001370
суперкубки 3,338139 0,000297
свежий 0,839439 0,000075
комплекс 2,421849 0,000216
комплект 1,911023 0,000340
суперкубке 3,183989 0,000283
форвард 1,871802 0,000167
выбор 1,834062 0,000163
использовать 0,940244 0,000084
самостоятельно 3,338139 0,000297
суперкубка 2,932674 0,000522
досрочно 2,421849 0,000431
временно 2,932674 0,000522
отправиться 2,421849 0,000216
золотой 1,002764 0,000089
маленький 1,392229 0,000372
идрис 5,129899 0,000457
межсезонье 2,732003 0,002189
уральский 3,338139 0,000594
вызвать 1,797694 0,000160
апрель 0,986764 0,002548
внешний 1,104547 0,000098
столица 2,490841 0,000222
маловажный 3,520461 0,000627
количество 0,853233 0,000760
трибун 1,603538 0,000714
модель 2,490841 0,000222
составить 1,546380 0,000275
полоса 2,644992 0,000942
нет 0,825834 0,000515
сотрудничество 2,564949 0,000228
ано 4,031286 0,000359
горбунов 4,031286 0,002871
корд 4,031286 0,000359
жонатас 5,129899 0,000457
xxvii 3,338139 0,000297
договоренность 3,183989 0,000283
статистика 0,630089 0,000224
метшин 5,129899 0,001370
рамазан 5,129899 0,000457
трофей 1,871802 0,000500
принципиальный 2,644992 0,000235
костромской 5,129899 0,000457
ответный 2,564949 0,001142
лукович 4,436752 0,000395
владикавказ 3,050457 0,000272
объявить 1,492313 0,000399
гайнутдин 5,129899 0,000913
завершиться 1,728701 0,000154
поболеть 5,129899 0,000913
сократить 2,564949 0,000228
шадрина 5,129899 0,001370
информация 0,608110 0,000271
пробиться 2,564949 0,000228
талант 2,644992 0,000235
дюпин 5,129899 0,000457
низ 4,436752 0,000395
подмосковный 2,827314 0,000252
чернов 3,743604 0,000333
ввести 1,695912 0,000151
миллион 1,392229 0,000248
квалификационный 2,085376 0,000186
источник 0,786093 0,001820
переть 0,359214 0,000192
ленин 3,183989 0,000283
