состояться 1,140915 0,000844
рф 1,871802 0,008307
специальный 1,217876 0,000901
коронавирус 2,932674 0,002169
новый 0,239550 0,000177
день 0,699082 0,000517
бенавидесом 5,129899 0,003794
частичный 2,732003 0,002021
газета 1,392229 0,001030
еще 0,167054 0,000124
происходить 1,466337 0,001085
спасибо 2,357310 0,005231
повлиять 2,564949 0,001897
выйти 0,773190 0,001716
ребенок 1,323236 0,000979
со 0,447767 0,001987
центр 0,773190 0,001716
петербург 1,345709 0,000995
барышников 5,129899 0,003794
титан 4,436752 0,006563
пойти 2,185460 0,003233
вратарь 1,323236 0,002936
под 0,723179 0,002140
заявление 0,799165 0,001182
полный 0,940244 0,000695
помощь 1,368699 0,001012
пол 0,910391 0,000673
александр 0,839439 0,001863
сонник 5,129899 0,003794
человек 0,940244 0,000695
а 0,209918 0,000311
дубай 2,185460 0,006466
в 0,017911 0,000676
украинец 2,827314 0,004182
г 0,925206 0,000684
лично 3,050457 0,004513
реклама 0,687247 0,000508
волгоград 2,732003 0,002021
фото 0,799165 0,002364
и 0,023953 0,000478
снежок 5,129899 0,011383
связь 0,747872 0,001659
к 0,132686 0,000589
коми 3,050457 0,002256
разговор 2,564949 0,005691
о 0,042302 0,000156
санкт 1,279751 0,000947
с 0,036149 0,000401
побороться 3,050457 0,002256
она 0,597299 0,000442
четвертьфинал 1,279751 0,002840
новосибирск 2,490841 0,001842
у 0,342407 0,000760
область 1,633391 0,001208
авто 0,925206 0,000684
дворец 2,827314 0,002091
дэвид 2,932674 0,002169
вологда 4,436752 0,003282
природа 4,436752 0,003282
футбол 0,247097 0,000914
мир 0,277868 0,000822
запад 2,085376 0,001542
пройти 0,544931 0,002418
информационный 1,122566 0,000830
камчатка 4,436752 0,003282
репортаж 1,633391 0,001208
саратов 2,490841 0,001842
екатеринбург 2,296685 0,005096
этап 0,895792 0,000663
драка 2,134166 0,003157
проект 0,457070 0,000676
e 1,603538 0,004744
тцк 3,743604 0,008307
время 0,384967 0,001424
называть 1,258698 0,000931
расистский 2,827314 0,004182
чкаников 5,129899 0,003794
марья 2,827314 0,002091
социальный 1,603538 0,002372
про 1,301257 0,001925
новгород 1,217876 0,000901
архангельск 3,743604 0,002769
копирование 4,031286 0,002982
иванов 3,338139 0,002469
гаджеты 2,421849 0,001791
новиков 2,932674 0,002169
подарок 2,827314 0,006274
проблема 1,122566 0,000830
миланя 2,038856 0,006032
главный 0,565551 0,000418
одержать 1,217876 0,000901
также 0,663991 0,000491
фс 2,085376 0,001542
украина 1,217876 0,001802
город 1,069456 0,001582
аргумент 2,827314 0,006274
обсуждать 1,797694 0,001330
псж 1,518981 0,002247
италия 0,524729 0,002329
барнаул 4,031286 0,002982
снуп 4,031286 0,008945
благотворительность 3,520461 0,002604
isu 1,603538 0,002372
руслан 2,564949 0,001897
галерея 2,732003 0,006062
шанс 1,258698 0,004655
адыгея 4,436752 0,003282
воробьевый 3,050457 0,002256
россиянин 0,971016 0,002155
территория 1,518981 0,001124
находиться 0,925206 0,000684
развлечение 2,932674 0,002169
иркутск 4,436752 0,003282
начать 1,279751 0,000947
добрый 3,338139 0,002469
выступить 1,238078 0,001831
победить 0,699082 0,000517
digit 3,520461 0,002604
здравоохранение 5,129899 0,003794
калуга 4,031286 0,002982
судья 1,035554 0,000766
напрячь 2,564949 0,005691
однако 1,069456 0,000791
паралимпийцев 4,436752 0,003282
себя 0,597299 0,000442
олимпийский 0,342407 0,001520
карьер 0,925206 0,000684
объективный 3,338139 0,002469
восхититься 4,436752 0,003282
очередность 3,743604 0,002769
изменить 1,728701 0,001279
созидать 5,129899 0,003794
полиция 3,338139 0,002469
импортозамещение 5,129899 0,007589
цифровой 3,743604 0,005538
поддержка 1,546380 0,002288
один 0,342407 0,000253
командный 1,002764 0,000742
оценка 1,797694 0,001330
гибдд 5,129899 0,003794
фотоголосования 5,129899 0,003794
совет 0,825834 0,000611
оскорбление 2,932674 0,002169
интересный 2,085376 0,003085
инфографике 5,129899 0,003794
денис 2,296685 0,001699
футболист 1,518981 0,005618
шлем 2,296685 0,001699
оценить 1,603538 0,008302
учредитель 1,994404 0,001475
практический 1,546380 0,001144
свобода 2,421849 0,001791
воронеж 2,732003 0,002021
последний 0,376309 0,000278
россиянка 2,085376 0,003085
московский 1,574551 0,002329
класс 1,728701 0,001279
коммуникация 2,134166 0,003157
журналист 1,951845 0,001444
дорогой 2,134166 0,003157
шеф 4,031286 0,002982
издательский 3,338139 0,002469
pdf 0,940244 0,000695
заявить 1,140915 0,003375
грозить 3,520461 0,002604
подвести 3,050457 0,004513
карта 2,085376 0,001542
техник 1,695912 0,002509
способный 2,732003 0,002021
колесник 3,743604 0,008307
роскомнадзор 2,644992 0,001956
технология 0,786093 0,001163
артур 1,664163 0,001231
эксклюзивы 2,732003 0,002021
номер 1,392229 0,002060
случиться 2,038856 0,003016
москва 0,576022 0,003408
секрет 3,338139 0,002469
взрослый 2,564949 0,003794
sky 4,031286 0,005963
скандал 1,279751 0,001893
wta 2,038856 0,004524
доставлять 4,031286 0,005963
урал 2,038856 0,001508
деньга 1,951845 0,002887
поучаствовать 3,183989 0,004710
тверь 3,743604 0,002769
рынок 2,932674 0,004338
лицо 1,695912 0,001254
команда 0,262364 0,000194
офф 1,019025 0,000754
усадьба 4,436752 0,003282
конференция 1,392229 0,001030
самар 2,296685 0,001699
параллельно 2,357310 0,001744
получать 1,301257 0,000962
тарасов 2,827314 0,006274
нападать 1,518981 0,001124
чей 2,357310 0,001744
реал 1,416327 0,003143
aif 4,031286 0,014909
армия 2,296685 0,001699
похоронить 3,743604 0,002769
раскритиковать 3,520461 0,005208
стать 0,217244 0,000161
лазерный 5,129899 0,003794
возможно 1,664163 0,001231
пробка 4,436752 0,003282
андреев 2,134166 0,004736
пранкерами 4,031286 0,008945
бетербиев 2,421849 0,005374
тула 2,490841 0,001842
спецпроект 1,994404 0,001475
это 0,181139 0,000268
массовый 1,466337 0,003254
легендарный 1,871802 0,001384
эпиляция 5,129899 0,003794
украинский 1,797694 0,001330
вкус 4,436752 0,003282
преобразование 4,436752 0,003282
рост 0,812411 0,000601
кострома 3,050457 0,002256
спортсмен 0,565551 0,003765
сразиться 3,338139 0,002469
новость 0,285712 0,000211
вашингтон 1,994404 0,004425
скелетонист 5,129899 0,003794
михаил 1,301257 0,000962
красивый 2,644992 0,001956
жизнь 0,881403 0,001956
звание 1,994404 0,001475
только 0,447767 0,000331
бенфикой 3,183989 0,004710
захаров 3,183989 0,007065
кыргызстан 3,050457 0,002256
вирус 5,129899 0,003794
нхл 0,925206 0,000684
mail 1,301257 0,003850
спецоперация 5,129899 0,003794
турнир 0,293617 0,001303
лекарственный 5,129899 0,003794
судьба 2,185460 0,001616
лишение 3,520461 0,002604
эл 2,134166 0,003157
пенза 4,031286 0,002982
сафонов 2,185460 0,004849
функционировать 3,743604 0,002769
стадион 1,518981 0,002247
политик 0,224624 0,000498
восток 2,644992 0,001956
считать 1,279751 0,000947
www 1,392229 0,001030
директор 1,871802 0,002769
тюмень 2,564949 0,001897
хороший 0,393700 0,000291
тренировка 0,895792 0,001988
обслуживание 4,031286 0,002982
падел 2,296685 0,003397
кузбасс 3,743604 0,002769
омск 2,732003 0,002021
белоруссия 2,827314 0,002091
рейтинговый 3,050457 0,002256
фигурный 0,514778 0,000381
программа 0,799165 0,003547
астрахань 4,031286 0,002982
подарить 2,421849 0,003583
оренбург 1,301257 0,000962
стройка 5,129899 0,003794
медиа 1,834062 0,001357
детский 3,183989 0,002355
релиз 1,911023 0,001413
высмеять 3,338139 0,004938
дача 4,436752 0,006563
конькобежец 3,338139 0,002469
список 0,986764 0,000730
первый 0,317714 0,000235
паралимпиаде 2,490841 0,003685
седьмой 2,134166 0,001579
ремонт 3,743604 0,002769
итог 0,867219 0,002566
пять 1,140915 0,000844
февраль 0,202645 0,000300
ошибка 0,576022 0,000426
калининград 2,644992 0,001956
вопрос 1,104547 0,000817
дизайн 2,490841 0,001842
юрист 3,743604 0,002769
игра 0,112619 0,000583
компания 0,971016 0,000718
капитан 1,574551 0,001165
атлет 1,951845 0,004331
статус 1,279751 0,000947
вау 4,436752 0,006563
экология 5,129899 0,003794
расследование 2,932674 0,004338
туктамышева 2,490841 0,005527
общество 1,871802 0,001384
имя 1,178655 0,002615
ответ 2,239527 0,003313
так 0,597299 0,000442
главное 0,524729 0,000776
мнение 1,951845 0,002887
федерация 0,495170 0,000732
усик 2,296685 0,010192
впечатление 2,932674 0,002169
где 0,675551 0,000500
понятный 4,436752 0,003282
издание 1,574551 0,001165
бурятия 4,436752 0,003282
дьявол 4,031286 0,002982
белгород 4,436752 0,003282
бытовой 3,338139 0,002469
использование 0,277868 0,000206
самый 0,608110 0,000900
пермь 2,732003 0,002021
дебаты 5,129899 0,003794
материал 0,309617 0,000458
конкурс 2,357310 0,001744
восстать 5,129899 0,003794
соревнование 0,411400 0,000304
сообщить 0,447767 0,000662
общественный 2,038856 0,001508
брянск 4,436752 0,003282
автомобиль 2,644992 0,001956
зеленского 4,436752 0,009845
мчс 5,129899 0,003794
glavr 5,129899 0,003794
нейтральный 2,185460 0,001616
зимний 0,663991 0,001473
ао 2,564949 0,003794
сфера 2,038856 0,001508
электронный 2,038856 0,001508
жкх 5,129899 0,003794
спорт 0,125952 0,001491
удмуртия 5,129899 0,003794
транспорт 3,338139 0,002469
сад 3,743604 0,002769
подписка 3,520461 0,002604
фотофиниш 3,743604 0,005538
национальный 0,839439 0,001242
мочь 0,350775 0,000519
перерыв 1,762603 0,003911
шоу 1,441019 0,001066
сам 0,747872 0,001106
открытка 5,129899 0,003794
справочник 2,564949 0,001897
приложение 1,574551 0,001165
сердце 2,421849 0,001791
уверить 2,085376 0,001542
друг 1,518981 0,001124
хабаровск 2,490841 0,001842
квалификация 1,695912 0,003763
женский 0,663991 0,000491
сорваться 3,743604 0,008307
министерство 2,732003 0,002021
жермен 3,743604 0,002769
анонс 2,564949 0,001897
фигуристка 2,239527 0,004969
известный 0,986764 0,001460
мордовия 2,827314 0,002091
чебоксары 5,129899 0,003794
илья 1,797694 0,001330
уефа 1,466337 0,001085
пресс 0,895792 0,001325
лексусом 5,129899 0,011383
возможный 1,392229 0,001030
ru 0,285712 0,001479
организовать 1,466337 0,001085
гиперссылки 4,436752 0,003282
эксклюзивный 2,564949 0,003794
регистрационный 3,743604 0,002769
кубок 0,376309 0,000557
легенда 1,416327 0,002095
во 0,495170 0,001099
игрок 0,711058 0,000526
челябинск 2,239527 0,001656
выступление 0,955511 0,001413
югра 3,183989 0,002355
мужской 1,198073 0,000886
аделий 1,871802 0,008307
вернуться 0,986764 0,002190
пионер 4,031286 0,002982
чемпионат 0,188256 0,000278
магазин 2,038856 0,001508
вы 0,309617 0,000458
теннисистка 2,932674 0,004338
образование 2,038856 0,001508
российский 0,224624 0,001495
паря 1,217876 0,000901
испания 1,159607 0,000858
исход 2,185460 0,001616
гора 2,932674 0,002169
просто 1,492313 0,001104
приехать 2,134166 0,003157
томск 2,932674 0,002169
версия 0,393700 0,000291
россия 0,139466 0,000928
интернет 1,574551 0,001165
личной 1,664163 0,001231
тест 1,546380 0,001144
пятилетка 4,436752 0,003282
свой 0,586604 0,000434
огород 4,436752 0,003282
зарегистрировать 0,711058 0,000526
доггом 4,436752 0,009845
свое 0,457070 0,001014
куда 2,564949 0,001897
встретиться 1,728701 0,003836
киров 3,520461 0,002604
плей 1,002764 0,000742
журнал 1,871802 0,002769
калужский 5,129899 0,003794
без 0,466460 0,000345
цена 2,357310 0,001744
гарантировать 2,732003 0,002021
казахстан 1,217876 0,000901
услуга 3,183989 0,002355
сайт 0,411400 0,001217
американский 0,910391 0,000673
между 0,955511 0,001413
до 0,239550 0,000177
полезный 1,695912 0,001254
сложный 1,871802 0,001384
рукобратский 5,129899 0,003794
правый 0,971016 0,001436
ударить 2,564949 0,001897
матвей 2,490841 0,001842
туризм 3,183989 0,002355
положить 2,185460 0,001616
мирра 2,239527 0,001656
сотрудник 2,932674 0,006507
выступать 0,940244 0,000695
адрес 1,994404 0,001475
другой 0,188256 0,000418
компьютер 3,520461 0,002604
классик 2,732003 0,002021
запрет 2,134166 0,003157
спринт 1,871802 0,001384
ямал 4,031286 0,002982
знаменитый 2,296685 0,001699
загрузить 1,994404 0,001475
сеть 1,258698 0,002793
еженедельник 3,338139 0,002469
театр 3,743604 0,002769
кино 2,134166 0,001579
направление 1,728701 0,001279
редакция 0,940244 0,000695
запретить 1,178655 0,000872
загород 5,129899 0,003794
индустрия 3,338139 0,002469
питание 2,239527 0,008282
посол 0,301585 0,002008
ярославль 2,490841 0,001842
объяснять 3,183989 0,002355
факт 1,797694 0,003989
сен 3,183989 0,002355
флаг 0,895792 0,001988
короткий 0,699082 0,003102
чита 5,129899 0,003794
ракетка 2,732003 0,002021
вид 0,393700 0,001456
мошенник 4,031286 0,002982
бороться 1,633391 0,001208
мария 1,834062 0,001357
трасса 2,134166 0,001579
происшествие 4,436752 0,006563
нижний 0,955511 0,000707
мастер 1,518981 0,001124
попасть 1,140915 0,001688
ставрополь 2,932674 0,002169
картинка 5,129899 0,003794
снять 1,871802 0,001384
что 0,195425 0,000867
застава 3,743604 0,002769
краснодар 0,867219 0,000641
править 0,544931 0,000403
бизнес 2,296685 0,003397
вованом 5,129899 0,011383
за 0,125952 0,000466
религия 3,520461 0,002604
винисисуса 5,129899 0,003794
news 2,185460 0,003233
медаль 0,619039 0,002747
дом 1,911023 0,002827
дон 2,357310 0,001744
культура 1,392229 0,001030
мероприятие 1,762603 0,001304
прокат 1,951845 0,002887
крым 4,436752 0,003282
пространство 2,932674 0,002169
советский 1,140915 0,000844
статья 0,495170 0,000366
дагестан 3,183989 0,002355
мокнуть 1,574551 0,002329
пятый 1,574551 0,001165
любой 1,238078 0,000916
петросян 1,441019 0,010658
из 0,106018 0,000863
ограничение 1,834062 0,001357
недвижимость 3,520461 0,002604
болельщица 3,520461 0,002604
красота 3,050457 0,002256
мировой 0,955511 0,001413
кристиан 2,564949 0,001897
редактор 1,871802 0,004153
барсовый 5,129899 0,003794
получить 0,384967 0,000285
выбежать 2,932674 0,002169
беларусь 1,279751 0,000947
контакт 1,035554 0,000766
над 0,986764 0,000730
авербух 3,183989 0,007065
монако 1,994404 0,004425
цитирование 4,436752 0,003282
хоккей 0,285712 0,000211
фактор 2,421849 0,001791
боксер 2,932674 0,008677
паделу 4,436752 0,003282
казань 1,301257 0,000962
служба 1,279751 0,000947
здоровье 1,323236 0,005872
арктика 5,129899 0,003794
диета 3,743604 0,002769
тело 1,762603 0,001304
аиф 5,129899 0,037943
подписаться 2,732003 0,006062
испытывать 2,932674 0,006507
заместитель 2,827314 0,002091
агроновости 5,129899 0,003794
аргентина 1,951845 0,001444
здоровый 3,183989 0,007065
актуальный 1,546380 0,001144
овечкин 1,695912 0,003763
карелия 3,743604 0,002769
падела 5,129899 0,003794
год 0,099461 0,000221
защитить 1,633391 0,002416
осторожно 4,031286 0,002982
собака 2,827314 0,006274
кухня 4,031286 0,008945
международный 0,466460 0,000690
матч 0,293617 0,001303
жаклин 4,436752 0,003282
безопасность 2,296685 0,003397
хитрость 4,436752 0,003282
лыжный 0,675551 0,000500
который 0,325878 0,000723
искусство 2,296685 0,001699
смоленск 4,436752 0,003282
халаимов 5,129899 0,003794
задержать 2,644992 0,005869
психология 4,031286 0,002982
рамка 1,441019 0,001066
победа 0,420369 0,001244
приз 1,834062 0,001357
тольятти 2,490841 0,001842
рассказать 1,122566 0,003321
сегодня 0,881403 0,000652
страна 0,641262 0,001897
рэпером 4,436752 0,003282
президент 1,035554 0,000766
лч 2,185460 0,003233
сми 1,546380 0,002288
гераскевич 5,129899 0,003794
дальний 2,644992 0,001956
кулинарный 5,129899 0,003794
завоевание 2,732003 0,004041
ненависть 4,031286 0,008945
битва 2,421849 0,003583
правильный 2,827314 0,002091
мусор 3,520461 0,002604
союз 1,301257 0,001925
инфраструктура 2,564949 0,001897
место 0,402511 0,000298
государство 2,134166 0,001579
регион 1,834062 0,001357
лига 0,325878 0,000482
проходить 0,867219 0,001283
необычный 2,827314 0,002091
генеральный 1,664163 0,001231
отдых 2,038856 0,001508
летний 0,619039 0,000458
мы 0,195425 0,000145
на 0,023953 0,000744
экономика 2,296685 0,001699
олимпиада 0,576022 0,005539
свежий 0,839439 0,000621
выбор 1,834062 0,001357
не 0,099461 0,000589
псков 5,129899 0,003794
владивосток 2,564949 0,001897
госдума 3,183989 0,002355
рязань 4,031286 0,002982
онлайн 0,773190 0,001144
золотой 1,002764 0,002225
смартфон 2,732003 0,006062
почта 2,185460 0,003233
рецепт 4,031286 0,005963
сервер 5,129899 0,003794
прокомментировать 2,085376 0,001542
коррупция 3,338139 0,002469
история 0,270086 0,000200
сахалин 4,436752 0,003282
воин 2,932674 0,002169
апрель 0,986764 0,000730
звезда 1,035554 0,003064
столица 2,490841 0,001842
длить 0,146292 0,000108
татьяна 2,932674 0,002169
об 0,217244 0,000643
владимир 1,392229 0,001030
финансовый 1,911023 0,002827
красноярск 2,490841 0,001842
напиток 3,183989 0,002355
путеводитель 4,436752 0,003282
федеральный 1,834062 0,005426
нет 0,825834 0,002443
виртуальный 3,743604 0,002769
ои 0,812411 0,003605
бой 1,279751 0,002840
развитие 1,140915 0,002532
он 0,475938 0,001408
якутия 4,436752 0,003282
курский 4,436752 0,003282
чемпион 0,334108 0,000247
от 0,160085 0,000474
черноземье 5,129899 0,003794
официальный 0,735450 0,000544
мурманск 4,436752 0,003282
катание 0,514778 0,000381
как 0,232059 0,000858
участник 0,799165 0,001182
первое 0,393700 0,000582
персона 4,031286 0,011927
все 0,067304 0,000149
голос 2,357310 0,001744
условие 0,334108 0,000247
елизавета 2,185460 0,001616
по 0,073653 0,000654
встреча 1,368699 0,001012
ульяновск 3,743604 0,002769
поинтересоваться 4,436752 0,003282
лыжница 3,520461 0,005208
занимать 1,664163 0,001231
безопасный 3,183989 0,002355
принять 0,786093 0,001163
надзор 2,357310 0,001744
зима 2,644992 0,001956
партнер 1,159607 0,000858
наука 2,732003 0,004041
высокий 0,760451 0,002250
какой 1,002764 0,001483
обратный 1,178655 0,000872
эгида 1,728701 0,001279
продукт 2,296685 0,001699
книга 1,911023 0,001413
переть 0,359214 0,000531
уфа 2,134166 0,001579
