париж 1,392229 0,001082
ру 1,994404 0,000517
слух 2,490841 0,005806
боруссия 3,050457 0,004740
визави 4,436752 0,004596
хватать 1,633391 0,000846
майнц 4,031286 0,003132
апл 1,871802 0,000970
прервать 1,762603 0,000913
со 0,447767 0,000116
центр 0,773190 0,000200
вратарь 1,323236 0,001028
под 0,723179 0,000187
заявление 0,799165 0,000414
гвардиолы 5,129899 0,002657
проиграть 1,104547 0,003147
человек 0,940244 0,000487
макартура 5,129899 0,001329
дубай 2,185460 0,000566
реклама 0,687247 0,004094
связь 0,747872 0,000387
кроссворд 5,129899 0,001329
winlin 2,564949 0,002657
выкуп 3,520461 0,001824
насколько 3,183989 0,001649
вероятность 3,338139 0,000865
удинезе 4,436752 0,003447
сейчас 1,104547 0,000286
луиса 2,239527 0,001160
челси 2,827314 0,002197
родина 2,296685 0,001785
добыть 3,183989 0,000825
осер 3,743604 0,002909
лидерство 2,827314 0,001465
касадо 4,436752 0,002298
победный 1,871802 0,000970
пройти 0,544931 0,000565
кельн 4,031286 0,003132
вест 3,520461 0,002735
юношеский 1,574551 0,000408
драка 2,134166 0,001105
эндрик 5,129899 0,002657
укомплектовать 4,436752 0,002298
макартур 5,129899 0,001329
вальекано 5,129899 0,003986
конате 5,129899 0,001329
фа 3,743604 0,000970
туран 4,436752 0,001149
черышев 4,436752 0,003447
винисиус 2,296685 0,002379
мадридский 3,050457 0,001580
подписание 2,421849 0,001255
подарок 2,827314 0,002197
фк 1,951845 0,001517
ситуация 1,392229 0,000361
проблема 1,122566 0,000291
главный 0,565551 0,000146
x 1,279751 0,002320
фр 2,421849 0,002509
также 0,663991 0,000172
фс 2,085376 0,000540
буффон 4,436752 0,001149
появиться 1,159607 0,000300
украина 1,217876 0,000315
псж 1,518981 0,006295
хэм 4,436752 0,003447
италия 0,524729 0,002039
дмитрий 1,258698 0,000652
россиянин 0,971016 0,000251
претендент 2,296685 0,002974
гавр 4,436752 0,003447
разгром 3,050457 0,001580
изменение 1,345709 0,000349
перебороть 5,129899 0,002657
бангкок 4,031286 0,001044
овертайме 2,038856 0,001056
камбэк 2,732003 0,001415
судья 1,035554 0,001073
закрыть 2,490841 0,000645
себя 0,597299 0,000155
дженоа 5,129899 0,003986
афк 2,827314 0,000732
размещение 2,296685 0,000595
ноа 4,436752 0,004596
надеяться 2,421849 0,000627
тишина 4,031286 0,001044
один 0,342407 0,000355
совет 0,825834 0,000856
унижение 4,031286 0,004176
пример 1,994404 0,001033
футболист 1,518981 0,002360
нация 1,797694 0,000931
локомотив 0,839439 0,002392
live 1,492313 0,001160
выход 1,178655 0,005190
юнайтед 2,185460 0,004528
пфк 3,520461 0,001824
минута 0,940244 0,000731
лето 1,911023 0,000990
архив 1,198073 0,000310
вильярреалу 5,129899 0,002657
ноттингем 3,520461 0,004559
колумбийский 4,031286 0,004176
арсенал 1,323236 0,004798
заявить 1,140915 0,000886
сша 0,586604 0,000304
игнашевич 3,520461 0,000912
осака 4,031286 0,002088
махачкала 2,421849 0,001882
криштиану 2,932674 0,000760
повторить 1,834062 0,000950
зрение 2,296685 0,000595
трансфер 1,492313 0,002706
зриньски 4,436752 0,004596
официально 1,159607 0,001502
жироне 5,129899 0,006643
бразилия 1,797694 0,000931
ливерпуль 1,951845 0,003033
ереван 3,338139 0,003458
алкмаар 4,436752 0,004596
верона 4,031286 0,003132
урал 2,038856 0,001584
команда 0,262364 0,001699
жирона 4,436752 0,003447
севилья 3,183989 0,002474
селтик 3,520461 0,001824
новичок 1,797694 0,000466
конференция 1,392229 0,001442
эндрика 5,129899 0,001329
зенит 0,867219 0,002471
никогда 1,951845 0,002022
нападать 1,518981 0,001574
узбекистан 2,732003 0,000708
мадрид 1,762603 0,001826
зона 1,603538 0,003323
пономарев 2,827314 0,002929
вахании 4,436752 0,004596
нужно 1,492313 0,000773
прогон 4,031286 0,001044
унион 4,436752 0,004596
тула 2,490841 0,001935
группа 1,122566 0,000291
француз 2,239527 0,002320
шотландия 2,357310 0,000611
рост 0,812411 0,001473
канчельскис 3,743604 0,002909
молодая 1,762603 0,001370
либертадорес 3,743604 0,000970
лорьян 5,129899 0,003986
взять 1,159607 0,001802
его 0,447767 0,000464
катастрофа 3,338139 0,002594
только 0,447767 0,000348
научиться 3,183989 0,001649
головин 1,695912 0,005271
кыргызстан 3,050457 0,000790
хиддинк 4,031286 0,001044
аравия 1,834062 0,001425
уступить 1,368699 0,000709
точно 1,911023 0,000495
почему 1,122566 0,002035
загрести 3,520461 0,000912
енисей 2,296685 0,001785
хороший 0,393700 0,001326
высказать 4,436752 0,001149
тренировка 0,895792 0,000232
когда 0,652562 0,000338
отреагировать 2,085376 0,001080
конфиденциальность 0,293617 0,000076
трансферный 2,421849 0,003136
оренбург 1,301257 0,001685
защитник 1,217876 0,001577
общий 0,986764 0,000256
продолжать 1,258698 0,000652
одноклубник 3,183989 0,000825
идти 1,159607 0,001201
сокол 2,490841 0,001935
буде 2,038856 0,004225
затащить 4,436752 0,004596
против 0,747872 0,000968
именно 1,492313 0,000773
главное 0,524729 0,000680
фифа 1,728701 0,001343
голова 1,301257 0,002696
винисиусом 2,564949 0,000664
хлусевич 3,183989 0,001649
клоппа 4,436752 0,002298
интервью 0,971016 0,000503
издание 1,574551 0,000816
zenit 3,743604 0,002909
бундеслига 2,134166 0,003316
сетевой 2,038856 0,001056
активный 1,546380 0,000401
раскрыть 1,871802 0,000970
столичный 2,564949 0,000664
бразильский 2,357310 0,001221
англия 1,238078 0,006413
мина 2,932674 0,002279
покер 2,490841 0,001290
дотащить 5,129899 0,005315
пхохан 5,129899 0,001329
болонья 4,031286 0,003132
чайка 3,050457 0,002370
заложник 4,436752 0,004596
быть 0,119263 0,000278
точка 1,762603 0,000457
назначение 2,239527 0,002320
вылет 2,490841 0,005161
линия 1,466337 0,000380
фулхэм 5,129899 0,003986
электронный 2,038856 0,000528
спорт 0,125952 0,000098
лишний 3,050457 0,000790
черноморец 2,732003 0,002123
приобретение 3,183989 0,003299
франция 0,675551 0,001925
press 2,185460 0,006226
этот 0,350775 0,000091
аренда 1,728701 0,000448
торино 4,436752 0,003447
галатасарая 3,743604 0,000970
четыре 0,910391 0,000943
лион 3,743604 0,002909
вингер 3,743604 0,001939
лиссабонский 3,743604 0,000970
хабаровск 2,490841 0,001935
сбор 1,368699 0,000354
тайм 1,633391 0,000846
боселли 3,338139 0,001729
голубой 2,490841 0,000645
маловато 5,129899 0,002657
разыграть 2,038856 0,000528
известный 0,986764 0,000511
вольфсбург 4,031286 0,003132
комплектование 4,031286 0,004176
рияд 4,436752 0,001149
легенда 1,416327 0,000734
спортивный 0,301585 0,000078
игрок 0,711058 0,002762
пользовательский 2,185460 0,000566
гениальность 5,129899 0,005315
челябинск 2,239527 0,001740
раз 0,485508 0,000126
чемпионат 0,188256 0,000634
пожалуйста 1,633391 0,000423
российский 0,224624 0,000116
испания 1,159607 0,007508
выиграть 0,485508 0,000503
чудо 2,732003 0,001415
жуниором 5,129899 0,001329
уехать 2,732003 0,001415
крыло 1,238078 0,001283
чувствовать 3,050457 0,000790
факел 2,296685 0,001785
смотреть 1,368699 0,000354
турнирный 1,086847 0,000281
сочить 0,853233 0,000663
шесть 1,238078 0,001283
просьба 3,338139 0,001729
googl 2,644992 0,000685
галатасарай 3,338139 0,001729
зарегистрировать 0,711058 0,000184
bettri 5,129899 0,003986
популярный 1,392229 0,000361
осасуна 5,129899 0,003986
назвать 0,940244 0,000487
борнмут 4,436752 0,003447
игорь 1,871802 0,000485
дома 1,695912 0,001757
между 0,955511 0,000495
правый 0,971016 0,000503
фиорентина 3,743604 0,005818
работа 1,086847 0,000844
моуринью 2,932674 0,006077
европа 0,393700 0,000918
брайтон 5,129899 0,003986
оставаться 1,301257 0,002022
евро 1,466337 0,002279
эспозито 3,183989 0,001649
редакция 0,940244 0,000487
посол 0,301585 0,000469
манчестер 2,085376 0,007562
сопротивление 2,564949 0,001329
клуб 0,652562 0,002535
неожиданно 3,050457 0,001580
саудовский 1,834062 0,001425
знать 1,345709 0,000697
эвертон 4,031286 0,003132
автор 1,466337 0,000760
диалло 5,129899 0,002657
бавария 1,994404 0,003099
всегда 1,258698 0,001304
хайденхайм 5,129899 0,003986
поражение 1,122566 0,000291
вильярреал 2,827314 0,003661
оба 1,368699 0,000354
астон 2,185460 0,001698
деклассировал 5,129899 0,002657
снять 1,871802 0,000970
покинуть 1,871802 0,001939
эксперт 2,134166 0,001105
хлусевича 2,932674 0,000760
краснодар 0,867219 0,006289
длительный 2,932674 0,001519
неправильный 3,520461 0,000912
талалаев 4,031286 0,003132
канада 0,867219 0,000449
тоттенхэм 3,050457 0,002370
сельта 2,932674 0,003798
трансляция 1,217876 0,003470
райо 5,129899 0,006643
очередной 2,085376 0,002701
салтыков 5,129899 0,002657
глеб 3,050457 0,000790
вторник 2,932674 0,003038
тархан 4,031286 0,003132
ответить 1,664163 0,001724
мировой 0,955511 0,000247
групповой 1,603538 0,004568
серьезный 1,633391 0,000846
иньеста 4,436752 0,001149
получить 0,384967 0,002094
волга 2,490841 0,001935
контакт 1,035554 0,000805
беларусь 1,279751 0,000331
гранд 3,338139 0,002594
монако 1,994404 0,005682
нидерланды 1,518981 0,000393
тчуамени 5,129899 0,002657
сломить 3,743604 0,001939
гол 1,323236 0,004113
устраивать 3,338139 0,000865
сделать 0,853233 0,001768
гот 2,038856 0,003168
милан 1,574551 0,005709
гость 1,994404 0,001033
телеграм 3,050457 0,001580
ноль 3,050457 0,003160
добивать 4,436752 0,002298
люк 3,743604 0,000970
андрес 3,520461 0,000912
контракт 1,258698 0,000652
строчок 2,644992 0,001370
международный 0,466460 0,000121
интера 2,732003 0,001415
андрей 1,258698 0,000652
матч 0,293617 0,001369
резкий 2,085376 0,000540
интере 5,129899 0,002657
захаряна 4,436752 0,002298
сербия 2,134166 0,000553
зиря 5,129899 0,001329
выживание 4,031286 0,002088
андреа 3,743604 0,000970
генич 2,644992 0,001370
вывод 3,338139 0,000865
ньюкасл 2,085376 0,004861
интеру 4,436752 0,003447
олимпиакос 2,085376 0,002160
эльче 4,031286 0,003132
динамо 0,663991 0,002236
лидс 4,436752 0,003447
перспектива 2,827314 0,001465
джанлуиджи 4,436752 0,001149
опоздать 3,338139 0,000865
последовать 2,421849 0,001255
сегодня 0,881403 0,001826
молдова 2,932674 0,000760
пропустить 1,122566 0,002326
полуфинал 1,238078 0,000641
глимт 2,038856 0,004225
поздравить 3,050457 0,000790
решение 0,839439 0,000435
лига 0,325878 0,011816
рука 1,392229 0,001442
собираться 2,185460 0,001132
расширение 2,296685 0,000595
шевалье 5,129899 0,003986
парма 3,338139 0,002594
топ 1,238078 0,002886
состав 0,867219 0,003594
олимпиада 0,576022 0,000895
сложно 2,134166 0,000553
соглашение 1,466337 0,000380
вердер 5,129899 0,003986
гурбана 5,129899 0,001329
брентфорд 4,436752 0,003447
прокомментировать 2,085376 0,002701
отказываться 3,520461 0,001824
история 0,270086 0,000140
таблица 0,711058 0,002210
длить 0,146292 0,000379
звезда 1,035554 0,000536
волевой 3,183989 0,001649
гордон 2,421849 0,003764
дважды 1,574551 0,001631
клубный 1,416327 0,001100
норвегия 1,279751 0,000331
товуз 5,129899 0,001329
принести 1,871802 0,000970
лионель 3,743604 0,000970
разнести 3,520461 0,000912
чемпион 0,334108 0,004413
площадка 1,574551 0,000408
решаться 2,827314 0,001465
джанлука 3,520461 0,000912
лацио 4,031286 0,003132
хетафе 4,436752 0,003447
инсайдер 4,031286 0,002088
первое 0,393700 0,000510
как 0,232059 0,000601
голевой 2,827314 0,001465
помогать 2,134166 0,001105
премьер 1,198073 0,012412
pari 1,546380 0,001602
win 3,338139 0,002594
микаутадзе 4,031286 0,002088
капелло 4,436752 0,005746
расписание 1,664163 0,000431
достижение 1,279751 0,000994
немой 1,416327 0,001467
принять 0,786093 0,000407
дожать 4,031286 0,002088
видеть 1,994404 0,001033
упасть 2,357310 0,001832
третье 1,035554 0,000268
высокий 0,760451 0,000197
мец 4,031286 0,003132
второй 0,576022 0,000895
финал 0,699082 0,000724
аркадаг 3,520461 0,000912
новый 0,239550 0,000186
булыкин 3,338139 0,004323
рпл 1,140915 0,002364
медальный 1,797694 0,000466
еще 0,167054 0,000346
выйти 0,773190 0,000200
болеть 2,644992 0,000685
орел 2,732003 0,001415
обзор 1,911023 0,000495
ахмат 1,198073 0,001552
ставка 0,799165 0,001035
удар 1,633391 0,000846
шинник 2,732003 0,002123
рейс 2,644992 0,000685
берлин 2,644992 0,002740
полный 0,940244 0,002192
ai 4,031286 0,001044
позор 2,732003 0,001415
поменяться 3,183989 0,003299
превзойти 2,932674 0,000760
александр 0,839439 0,000652
лечче 5,129899 0,003986
помощь 1,368699 0,000354
а 0,209918 0,001087
б 1,466337 0,001899
в 0,017911 0,000561
украинец 2,827314 0,001465
д 0,895792 0,000696
и 0,023953 0,000428
интер 1,633391 0,002961
четверг 2,239527 0,001160
й 0,825834 0,000214
голосовать 3,338139 0,000865
к 0,132686 0,000412
комо 2,421849 0,005645
л 2,038856 0,003696
м 0,534779 0,001108
о 0,042302 0,000449
санкт 1,279751 0,000994
ницца 3,743604 0,002909
с 0,036149 0,000206
коэффициент 2,490841 0,001290
бобер 5,129899 0,001329
у 0,342407 0,001153
бенфике 3,743604 0,003878
экс 1,994404 0,001033
ловчев 3,743604 0,002909
ланс 4,436752 0,003447
китай 1,695912 0,000439
фукада 5,129899 0,001329
бенфики 2,827314 0,000732
они 0,524729 0,001223
сезон 0,723179 0,000749
согласование 5,129899 0,002657
пауль 3,743604 0,002909
я 0,747872 0,001162
бенфика 2,644992 0,002055
футбол 0,247097 0,000960
мир 0,277868 0,000720
атлетика 0,955511 0,000742
месси 2,239527 0,005220
бенфику 2,932674 0,001519
ювентус 2,357310 0,004274
даби 2,827314 0,000732
португалия 1,994404 0,000517
этап 0,895792 0,002784
црвена 2,644992 0,001370
трент 3,743604 0,000970
абсолютно 3,183989 0,003299
забыть 2,932674 0,000760
атлетико 1,911023 0,003960
айнтрахт 3,743604 0,003878
анже 4,436752 0,003447
генк 4,436752 0,001149
вица 2,134166 0,001105
аугсбург 5,129899 0,003986
отец 2,239527 0,000580
лейпциг 3,520461 0,002735
bet 3,338139 0,003458
взаимопонимание 4,436752 0,002298
колыванов 3,338139 0,004323
показать 0,504926 0,000392
победить 0,699082 0,000362
австралия 1,664163 0,000431
надо 2,038856 0,001056
пароль 2,732003 0,000708
счет 0,799165 0,000621
оформить 2,134166 0,001105
карьер 0,925206 0,000240
млс 2,296685 0,000595
засуха 4,031286 0,002088
вендел 2,490841 0,000645
руя 4,436752 0,002298
опять 2,732003 0,005661
прямая 1,441019 0,004105
александер 2,357310 0,003053
fon 5,129899 0,005315
оценка 1,797694 0,001397
родные 3,338139 0,001729
видео 0,699082 0,002897
чехия 1,258698 0,000978
польша 1,762603 0,000457
биатлон 0,485508 0,000126
воспитанник 2,239527 0,001160
оценить 1,603538 0,000415
станковича 4,031286 0,002088
сассуоло 4,436752 0,003447
туркменистан 3,183989 0,000825
лапорта 3,743604 0,003878
произвольный 1,994404 0,000517
активность 3,183989 0,000825
танцевать 2,932674 0,000760
эра 2,296685 0,000595
дина 3,520461 0,003647
фаворит 2,134166 0,000553
раунд 1,546380 0,002403
отобрать 2,732003 0,001415
удаление 2,038856 0,001056
букмекер 1,140915 0,001773
пирло 5,129899 0,001329
потерять 1,951845 0,001011
японка 3,183989 0,000825
бонус 2,490841 0,000645
пэлас 4,031286 0,007309
швейцария 1,258698 0,000652
таджикистан 3,520461 0,000912
эксклюзивы 2,732003 0,001415
эксклюзив 2,357310 0,007937
арендовать 3,183989 0,001649
случиться 2,038856 0,002112
москва 0,576022 0,003133
сегунда 4,436752 0,001149
фабио 2,932674 0,003798
бурлить 5,129899 0,005315
результат 0,524729 0,000408
скандал 1,279751 0,001657
пауза 2,490841 0,002581
рынок 2,932674 0,003038
тренировочный 1,834062 0,000475
офф 1,019025 0,001847
должен 0,597299 0,000309
пассивность 4,031286 0,004176
возвращение 1,466337 0,002279
индексировать 5,129899 0,001329
овьедо 5,129899 0,003986
забить 1,466337 0,003798
торпедо 1,574551 0,001223
реал 1,416327 0,011372
хотеть 1,104547 0,000858
нормально 4,031286 0,002088
стилерс 5,129899 0,001329
стать 0,217244 0,000675
работать 1,518981 0,000787
акрон 1,279751 0,001326
агент 2,357310 0,000611
романо 3,183989 0,001649
лещук 3,520461 0,000912
провести 0,799165 0,000207
это 0,181139 0,000422
большинство 1,466337 0,000760
равный 1,466337 0,000380
два 0,504926 0,000915
гонсалес 3,743604 0,001939
опрос 2,732003 0,000708
кострома 3,050457 0,002370
новость 0,285712 0,001036
вряд 4,031286 0,001044
тренер 0,555188 0,001150
остальное 1,834062 0,000950
штутгарт 3,743604 0,004848
войти 0,608110 0,000473
финляндия 1,323236 0,000343
англичанин 2,932674 0,001519
судьба 2,185460 0,001132
стыковой 1,911023 0,000495
пиза 5,129899 0,003986
сафонов 2,185460 0,006226
сожаление 3,338139 0,000865
стадион 1,518981 0,000787
считать 1,279751 0,000331
регистрация 1,871802 0,000970
www 1,392229 0,000361
уход 1,834062 0,000475
белосток 5,129899 0,003986
рубль 2,038856 0,001056
брюгге 1,951845 0,002022
соперничать 3,338139 0,000865
мфл 3,520461 0,000912
играть 0,895792 0,000464
хоффенхайм 5,129899 0,003986
программа 0,799165 0,000207
атаковать 1,871802 0,001939
страсбург 4,436752 0,003447
первый 0,317714 0,000494
разрешить 1,664163 0,000431
кристал 4,436752 0,008044
настроение 3,338139 0,003458
марсель 2,932674 0,003798
продлить 2,038856 0,001056
арбелоа 3,520461 0,000912
итог 0,867219 0,001348
прогадать 4,436752 0,002298
февраль 0,202645 0,001470
эдвардс 5,129899 0,001329
камаз 2,732003 0,002123
вопрос 1,104547 0,002003
слоупстайлу 5,129899 0,001329
германий 0,723179 0,001311
игра 0,112619 0,000058
переход 1,323236 0,000685
мбаппе 2,239527 0,002900
чемпионшип 4,436752 0,001149
винисиусу 3,743604 0,001939
ваш 2,038856 0,001056
имя 1,178655 0,000611
ответ 2,239527 0,000580
самоустраненения 5,129899 0,005315
мнение 1,951845 0,002022
вилл 3,520461 0,002735
заплатить 2,564949 0,000664
порт 2,732003 0,000708
мишень 3,743604 0,001939
кто 0,747872 0,004261
поединок 2,085376 0,000540
лилля 2,732003 0,003538
винисиуса 2,644992 0,002740
пользователь 1,911023 0,000495
мальорка 4,436752 0,003447
использование 0,277868 0,000072
пора 1,392229 0,000721
неделя 1,217876 0,000315
самый 0,608110 0,000315
увольнение 2,827314 0,001465
материал 0,309617 0,000080
рубин 1,198073 0,001862
конкурс 2,357310 0,001832
соревнование 0,411400 0,000107
арнольд 3,520461 0,004559
престианни 3,338139 0,000865
чинквини 4,436752 0,002298
потерпеть 2,038856 0,000528
кальяри 4,031286 0,003132
реванш 2,185460 0,001132
аз 3,183989 0,003299
молодежный 1,159607 0,000300
отомстить 4,436752 0,002298
аталанта 3,743604 0,002909
рома 2,644992 0,002055
зимний 0,663991 0,001376
конкуренция 2,038856 0,001056
балтика 1,217876 0,001577
тулуза 4,031286 0,003132
роль 1,695912 0,000878
мочь 0,350775 0,001090
страдание 5,129899 0,005315
турок 2,932674 0,003038
сак 3,520461 0,003647
гамбург 3,183989 0,002474
борьба 0,723179 0,000375
сборная 0,342407 0,000532
шахматка 5,129899 0,010629
африка 2,296685 0,000595
удалиться 4,436752 0,004596
неудачный 2,732003 0,002830
тута 2,490841 0,001290
женский 0,663991 0,000172
каткий 3,338139 0,000865
азербайджан 2,357310 0,000611
юрий 1,994404 0,000517
бы 1,052361 0,000545
уефа 1,466337 0,001899
дать 0,608110 0,000473
кхл 0,760451 0,000197
ru 0,285712 0,001480
возможный 1,392229 0,001442
минимальный 2,185460 0,002264
выходной 3,183989 0,001649
семин 2,827314 0,002197
смочь 1,069456 0,000554
ассистент 2,732003 0,000708
гиперссылки 4,436752 0,001149
эксклюзивный 2,564949 0,001329
global 3,050457 0,008691
кубок 0,376309 0,001267
во 0,495170 0,000513
винить 3,338139 0,000865
прогноз 1,994404 0,007232
запасной 2,185460 0,001132
уже 0,687247 0,000712
известно 1,871802 0,000970
вернуться 0,986764 0,000767
алавес 5,129899 0,003986
вы 0,309617 0,000080
барселона 1,416327 0,007703
паря 1,217876 0,000946
аба 2,490841 0,001935
betciti 5,129899 0,003986
россия 0,139466 0,001011
тест 1,546380 0,002804
гурбанова 5,129899 0,001329
свой 0,586604 0,000152
свое 0,457070 0,000118
да 1,911023 0,000495
плей 1,002764 0,001818
наполоть 2,644992 0,002055
казахстан 1,217876 0,000315
перед 0,839439 0,000217
сайт 0,411400 0,000426
до 0,239550 0,000434
рождение 1,518981 0,000393
ханси 5,129899 0,001329
матвей 2,490841 0,000645
выступать 0,940244 0,000244
другой 0,188256 0,000293
весить 1,911023 0,002475
карабах 2,038856 0,006337
пар 1,416327 0,000367
отдать 1,728701 0,000895
азия 1,834062 0,000475
look 3,743604 0,010666
паок 2,732003 0,001415
медиалига 5,129899 0,001329
скромный 2,827314 0,001465
сей 2,421849 0,001255
vk 1,441019 0,000746
сандерленд 4,436752 0,003447
нефтехимик 2,732003 0,002123
вид 0,393700 0,000102
кошт 3,520461 0,001824
euro 3,520461 0,002735
сравнить 3,183989 0,002474
кечинов 4,031286 0,005221
насра 4,436752 0,002298
что 0,195425 0,000405
александара 3,743604 0,001939
за 0,125952 0,000685
фенербахче 3,520461 0,002735
домашний 1,695912 0,000439
рейтинг 0,524729 0,001631
медаль 0,619039 0,000481
зачет 1,416327 0,000367
сыграть 0,839439 0,000870
окончить 2,644992 0,002740
валерий 2,134166 0,000553
чемпионство 2,185460 0,003396
позиция 1,392229 0,000721
baltbet 5,129899 0,003986
гамба 5,129899 0,002657
петросян 1,441019 0,000373
из 0,106018 0,000549
еврокубки 1,546380 0,000801
роналду 1,911023 0,004455
наш 0,652562 0,000169
днем 2,827314 0,000732
ягеллония 4,031286 0,003132
их 0,799165 0,000207
наср 3,338139 0,000865
над 0,986764 0,002300
комментарий 1,871802 0,000970
повышение 2,185460 0,001132
минский 2,185460 0,000566
объяснить 1,633391 0,002115
спартак 0,711058 0,002947
аллегри 3,743604 0,001939
сервис 1,368699 0,000354
ворот 1,762603 0,000457
ротор 2,644992 0,002055
спортинг 4,031286 0,001044
эспаньол 4,436752 0,003447
лондонский 2,644992 0,000685
ска 1,279751 0,000994
точный 2,296685 0,001190
байер 1,994404 0,004132
бетис 4,436752 0,003447
серия 0,586604 0,001975
белый 1,574551 0,000408
цска 0,711058 0,002026
верный 3,183989 0,000825
первенство 1,301257 0,000337
аргентина 1,951845 0,001011
livesport 4,436752 0,001149
кремонезе 5,129899 0,003986
обратиться 2,732003 0,003538
адриано 3,520461 0,001824
неплохой 4,031286 0,002088
младший 1,911023 0,000495
компани 5,129899 0,005315
решить 1,392229 0,000361
турция 1,664163 0,000431
футбольный 1,345709 0,003137
латераль 4,436752 0,001149
ла 1,762603 0,010043
следующий 0,853233 0,001105
победа 0,420369 0,001415
ли 1,198073 0,000310
авторизоваться 3,050457 0,000790
учиться 3,183989 0,001649
форест 3,520461 0,004559
выбрать 1,323236 0,000343
расклад 2,732003 0,002830
рассказать 1,122566 0,000581
уступать 1,994404 0,000517
фрайбург 5,129899 0,003986
роман 1,797694 0,000466
сми 1,546380 0,000401
предпочесть 4,031286 0,002088
альваро 3,520461 0,000912
америка 1,279751 0,000331
сити 1,546380 0,002804
арена 1,104547 0,000286
предоставить 2,564949 0,001329
вингера 4,031286 0,001044
место 0,402511 0,000313
нант 4,436752 0,003447
снг 2,490841 0,000645
бёрнли 5,129899 0,003986
брест 3,743604 0,002909
сосьедад 3,050457 0,002370
раздражать 4,436752 0,001149
дуэ 3,520461 0,001824
мы 0,195425 0,000051
участие 0,457070 0,000118
на 0,023953 0,000304
нв 5,129899 0,003986
комплект 1,911023 0,000495
не 0,099461 0,000618
выбор 1,834062 0,000475
товарищеский 1,994404 0,000517
онлайн 0,773190 0,002804
золотой 1,002764 0,000260
нн 2,564949 0,001993
но 0,402511 0,000209
footbal 2,239527 0,001740
ренн 3,520461 0,002735
шокировать 3,050457 0,002370
аль 2,644992 0,002055
подписать 1,492313 0,000387
об 0,217244 0,000169
владимир 1,392229 0,000361
вулверхэмптон 2,564949 0,004650
флик 4,031286 0,006265
ои 0,812411 0,000421
армения 2,564949 0,000664
развитие 1,140915 0,000591
он 0,475938 0,000247
от 0,160085 0,000083
поделиться 2,357310 0,002442
разряд 2,490841 0,001290
черчесова 3,743604 0,000970
валенсия 3,183989 0,002474
мостовый 3,338139 0,002594
попробовать 2,564949 0,001329
шишкин 4,031286 0,004176
все 0,067304 0,000174
комментатор 2,357310 0,001221
объявить 1,492313 0,003092
по 0,073653 0,000191
плохой 1,994404 0,001033
ульяновск 3,743604 0,002909
пробиться 2,564949 0,000664
талант 2,644992 0,001370
травма 1,122566 0,001163
усилить 2,932674 0,000760
треск 5,129899 0,005315
рб 2,357310 0,001832
liveresult 5,129899 0,002657
очень 1,140915 0,000886
эстафета 1,871802 0,000485
миллион 1,392229 0,000361
какой 1,002764 0,000519
квалификационный 2,085376 0,002701
сенсационный 3,050457 0,000790
леванте 2,932674 0,005317
уфа 2,134166 0,001658
