состояться 1,140915 0,000567
состоять 1,279751 0,000954
слух 2,490841 0,000619
latina 1,603538 0,000399
день 0,699082 0,000695
экспорт 0,986764 0,000245
инвалидный 3,338139 0,000830
ไทย 1,238078 0,000308
бычий 5,129899 0,001275
вокруг 2,296685 0,000571
tatarça 1,392229 0,000346
nova 2,932674 0,000729
учеба 3,338139 0,000830
الدارجة 2,357310 0,000586
народный 2,296685 0,000571
изобрести 3,183989 0,000791
заявление 0,799165 0,000199
множество 1,951845 0,000485
baker 5,129899 0,003825
парной 2,644992 0,002630
сто 2,644992 0,000657
соответствовать 2,296685 0,000571
помещение 2,239527 0,001113
illinoi 4,436752 0,001103
universali 1,951845 0,000485
čeština 1,035554 0,000257
aragoné 1,762603 0,000438
chapter 3,743604 0,000931
серебряный 1,368699 0,000340
снаружи 4,436752 0,001103
мастерство 2,564949 0,000638
викисклад 1,035554 0,000515
корфбол 1,762603 0,000438
пройти 0,544931 0,000135
slovenčina 1,069456 0,000266
lenglen 5,129899 0,001275
gnd 1,392229 0,000346
дело 1,664163 0,000414
юношеский 1,574551 0,000391
gaelg 3,338139 0,000830
a 1,392229 0,000346
проект 0,457070 0,000568
f 2,564949 0,000638
i 1,762603 0,000438
j 1,466337 0,000364
p 1,951845 0,003881
the 1,546380 0,002691
s 1,664163 0,000414
u 1,345709 0,000335
v 1,951845 0,000485
сильный 1,198073 0,000298
миланя 2,038856 0,000507
w 0,955511 0,000238
x 1,279751 0,000636
иной 2,038856 0,000507
шайба 0,986764 0,000245
индивидуальный 1,797694 0,002681
прием 1,911023 0,000475
пытаться 1,834062 0,000456
находиться 0,925206 0,000460
вводить 3,520461 0,000875
развлечение 2,932674 0,000729
начать 1,279751 0,000318
профессионал 2,134166 0,001061
chi 4,031286 0,001002
судья 1,035554 0,001544
кремль 2,421849 0,000602
закрыть 2,490841 0,000619
система 0,799165 0,000795
падение 1,797694 0,001787
дэвис 1,633391 0,004466
гонка 0,853233 0,000424
одиночный 2,239527 0,002227
иметь 1,069456 0,001063
фирма 2,490841 0,001857
контролировать 2,564949 0,000638
уимблдон 2,421849 0,001204
практический 1,546380 0,000769
заметный 2,932674 0,000729
генрих 3,520461 0,001750
последний 0,376309 0,000094
едва 2,932674 0,000729
верхний 2,296685 0,000571
ladin 3,338139 0,000830
некоторые 1,198073 0,000298
издательский 3,338139 0,000830
архив 1,198073 0,000298
инвентарь 2,085376 0,001555
贛語 3,743604 0,000931
pdf 0,940244 0,000234
сша 0,586604 0,001167
описание 0,881403 0,000219
одновременно 1,762603 0,000876
производить 3,520461 0,000875
видимый 3,338139 0,000830
подряд 1,258698 0,000313
серый 2,932674 0,000729
dummi 4,436752 0,001103
разработчик 0,971016 0,000241
ноябрь 0,955511 0,000475
xvi 2,490841 0,003096
встречаться 1,994404 0,000496
сквош 1,728701 0,000859
вклад 0,955511 0,000238
indonesia 1,086847 0,000270
обшить 5,129899 0,001275
текст 0,925206 0,000230
очко 1,416327 0,000352
параллельно 2,357310 0,001172
lâm 1,762603 0,000438
очки 0,940244 0,001169
esperanto 1,198073 0,000298
усилие 2,490841 0,001238
задел 5,129899 0,001275
временить 1,140915 0,000567
зона 1,603538 0,000399
повелеть 3,050457 0,000758
перейти 0,586604 0,000292
sunda 2,564949 0,000638
нейлон 4,031286 0,001002
обладать 2,490841 0,000619
boarisch 2,357310 0,000586
двукратным 3,338139 0,000830
популяризация 2,932674 0,000729
металлический 3,520461 0,000875
лякросс 1,762603 0,000438
ткань 3,743604 0,000931
нохчийн 2,296685 0,000571
слово 1,035554 0,000515
ответственность 0,895792 0,000223
спортсмен 0,565551 0,000141
разница 1,728701 0,000859
цех 4,031286 0,001002
françai 1,019025 0,000253
трёхкратная 4,436752 0,001103
ракетбол 4,436752 0,001103
его 0,447767 0,000557
улучшать 4,031286 0,001002
только 0,447767 0,000334
противостояние 2,134166 0,000530
php 0,986764 0,000245
натяжение 4,436752 0,001103
привлечь 2,827314 0,000703
байдарка 1,603538 0,000399
roland 3,743604 0,000931
com 0,925206 0,000230
турнир 0,293617 0,003065
относиться 1,368699 0,000340
aami 5,129899 0,001275
frysk 1,762603 0,000438
west 2,827314 0,000703
заглавный 0,986764 0,000245
picard 2,827314 0,000703
хороший 0,393700 0,000294
чувство 3,050457 0,000758
столь 3,183989 0,000791
suspend 4,436752 0,001103
приспосабливать 5,129899 0,001275
когда 0,652562 0,000324
客家語 2,564949 0,000638
тематический 2,038856 0,000507
hawk 4,031286 0,002004
состояние 1,301257 0,000323
пленка 5,129899 0,001275
престижный 2,085376 0,001037
слабый 2,134166 0,000530
выполнить 1,834062 0,000456
равномерность 5,129899 0,001275
намотать 5,129899 0,001275
набирать 2,644992 0,001972
капитан 1,574551 0,000391
примерный 2,085376 0,000518
перетягивание 1,762603 0,000438
так 0,597299 0,000594
иногда 1,951845 0,000485
федерация 0,495170 0,001108
спорный 2,732003 0,000679
tennisonlin 5,129899 0,001275
тая 2,827314 0,000703
encyclopedia 2,932674 0,001458
перерыть 2,490841 0,000619
турне 3,183989 0,000791
пятиборье 1,574551 0,000391
sport 0,760451 0,000378
cultur 3,050457 0,000758
исключение 1,695912 0,000422
скалолазание 1,695912 0,000422
вести 1,238078 0,000616
есть 0,812411 0,000202
линия 1,466337 0,006925
электронный 2,038856 0,001014
tur 5,129899 0,001275
спорт 0,125952 0,000532
просмотр 0,925206 0,000230
национальный 0,839439 0,000626
попадать 2,296685 0,000571
викисловарь 2,490841 0,000619
этот 0,350775 0,000698
press 2,185460 0,001630
марка 1,834062 0,001368
викисловаре 2,490841 0,000619
питер 3,183989 0,000791
qaraqalpaqsha 2,038856 0,000507
глава 1,122566 0,000279
изготовить 3,183989 0,000791
основной 1,122566 0,001116
край 1,994404 0,000992
creativ 0,986764 0,000245
известный 0,986764 0,001226
яснев 5,129899 0,001275
cup 2,134166 0,001061
сложиться 2,490841 0,000619
элемент 0,925206 0,000230
дофин 4,436752 0,001103
позволить 2,085376 0,000518
alemannisch 2,357310 0,000586
отправлять 4,031286 0,001002
спортивный 0,301585 0,000225
игрок 0,711058 0,004242
женщина 0,663991 0,000825
выступление 0,955511 0,000475
kreyòl 2,490841 0,000619
гарвардский 4,436752 0,001103
цель 1,238078 0,000308
выиграть 0,485508 0,000965
пома 5,129899 0,001275
нью 2,185460 0,000543
перевязать 5,129899 0,001275
буквальный 2,732003 0,000679
резина 4,031286 0,003006
карел 5,129899 0,001275
отображаться 4,031286 0,001002
ранг 2,732003 0,000679
тем 1,217876 0,001514
популярный 1,392229 0,001384
поло 1,441019 0,000716
назвать 0,940244 0,000467
без 0,466460 0,000464
противоположный 2,732003 0,000679
поле 1,392229 0,000346
между 0,955511 0,000950
прекращение 3,338139 0,000830
чӑвашла 2,134166 0,000530
особенность 2,421849 0,000602
itftenni 5,129899 0,001275
судейский 2,421849 0,000602
hak 2,564949 0,000638
проигрывать 2,357310 0,000586
лимитироваться 5,129899 0,001275
европа 0,393700 0,000098
оставаться 1,301257 0,000323
овца 5,129899 0,001275
направление 1,728701 0,000430
редакция 0,940244 0,000234
пока 1,159607 0,000576
pro 3,050457 0,002275
определять 2,185460 0,000543
нередко 2,827314 0,000703
ಕನ 2,038856 0,000507
центральный 1,603538 0,001196
ассоциация 1,416327 0,000352
page 0,986764 0,000245
абсолютный 2,038856 0,000507
кроме 1,368699 0,001021
конкурентный 4,031286 0,001002
подавать 3,183989 0,003166
всегда 1,258698 0,000313
chewa 4,031286 0,001002
деликатный 5,129899 0,001275
попеременный 3,520461 0,000875
garro 4,031286 0,001002
оба 1,368699 0,001021
кодекс 0,971016 0,000241
уимблдонский 4,436752 0,002206
длительный 2,932674 0,000729
тип 1,345709 0,001338
детская 2,421849 0,000602
карат 1,728701 0,000430
бобслей 1,217876 0,000303
оптический 5,129899 0,001275
mirandé 2,732003 0,000679
переигрываться 4,436752 0,001103
культура 1,392229 0,000692
бит 4,436752 0,001103
статья 0,495170 0,001969
если 0,675551 0,000336
interlingu 2,239527 0,000557
соответственно 2,134166 0,000530
wikimedia 0,986764 0,000245
time 2,357310 0,000586
возрастной 2,296685 0,000571
мировой 0,955511 0,001188
учебник 2,932674 0,000729
ελληνικά 1,086847 0,000270
многий 2,296685 0,000571
близкий 1,762603 0,000438
язык 0,925206 0,000690
অসম 2,644992 0,000657
различный 1,441019 0,000716
закрытый 1,911023 0,000475
разный 1,368699 0,001361
wayback 1,633391 0,001624
керамик 5,129899 0,001275
ричи 4,031286 0,001002
оспаривать 3,520461 0,000875
распространить 2,134166 0,001061
lawn 4,031286 0,001002
международный 0,466460 0,000464
башҡортса 1,518981 0,000378
матч 0,293617 0,000511
гарвард 5,129899 0,001275
euskara 1,122566 0,000279
прародитель 3,743604 0,000931
крупный 1,198073 0,000596
расстояние 2,085376 0,000518
mcgraw 4,436752 0,001103
рамка 1,441019 0,000358
присылать 5,129899 0,001275
чарльз 3,183989 0,000791
текущий 0,867219 0,000216
страна 0,641262 0,000319
благородный 3,743604 0,000931
партнерша 5,129899 0,001275
глима 1,762603 0,000438
batak 3,050457 0,000758
создать 0,773190 0,000192
вместе 1,178655 0,000293
малый 2,134166 0,001061
asturianu 1,323236 0,000329
телевидение 2,732003 0,000679
винсент 3,338139 0,000830
کوردی 1,762603 0,000438
запрос 2,421849 0,000602
решение 0,839439 0,000209
проходить 0,867219 0,000647
печать 0,955511 0,000475
íslenska 1,392229 0,000346
труппа 5,129899 0,001275
пелота 1,728701 0,001289
летний 0,619039 0,000308
जप 3,520461 0,000875
тон 4,031286 0,001002
топ 1,238078 0,000308
тот 0,393700 0,001076
глаз 2,239527 0,000557
обсуждение 0,867219 0,000431
календарь 0,675551 0,000168
организация 0,663991 0,000330
titl 0,986764 0,000245
десять 1,797694 0,000447
розыгрыш 1,762603 0,001314
поздний 1,323236 0,000329
товарный 0,986764 0,000245
замкнутый 4,436752 0,001103
почтовый 2,296685 0,001713
вскоре 2,239527 0,000557
hickok 5,129899 0,002550
звезда 1,035554 0,000257
閩南語 1,762603 0,000438
школа 1,492313 0,000371
площадь 2,185460 0,000543
университет 1,911023 0,000475
спартакиада 2,564949 0,000638
принц 3,743604 0,000931
вдоль 3,338139 0,001660
принести 1,871802 0,000465
чехословацкий 4,031286 0,001002
histori 1,762603 0,000876
площадка 1,574551 0,000783
part 4,031286 0,001002
катание 0,514778 0,000128
массачусетс 4,031286 0,001002
как 0,232059 0,000808
участник 0,799165 0,000397
лыжа 0,925206 0,000460
lta 4,436752 0,001103
условие 0,334108 0,000332
помогать 2,134166 0,000530
веревка 5,129899 0,001275
xiii 2,932674 0,000729
ежегодный 2,564949 0,000638
тарашкевіца 1,198073 0,000298
немой 1,416327 0,000352
оборудование 2,827314 0,000703
брэ 4,031286 0,001002
cymraeg 1,574551 0,000391
подбираться 4,031286 0,001002
вертикальный 2,490841 0,001238
эгида 1,728701 0,000430
яркий 1,762603 0,000438
sicilianu 2,038856 0,000507
второй 0,576022 0,000143
заранее 2,932674 0,000729
покрыть 3,050457 0,001517
специальный 1,217876 0,000303
dansk 1,069456 0,000266
тук 5,129899 0,001275
тур 1,159607 0,003171
еще 0,167054 0,000083
уайтмен 5,129899 0,003825
سنڌي 3,050457 0,000758
петербург 1,345709 0,000335
менее 1,258698 0,002503
наряд 2,357310 0,000586
pass 3,338139 0,000830
беларуская 1,069456 0,000532
боковой 2,644992 0,000657
помощь 1,368699 0,001021
court 4,031286 0,003006
а 0,209918 0,000522
senior 4,436752 0,001103
ленглен 4,436752 0,003309
в 0,017911 0,000561
г 0,925206 0,000690
д 0,895792 0,000223
webcit 2,038856 0,000507
е 0,867219 0,000216
и 0,023953 0,000548
к 0,132686 0,000363
велоспорт 1,178655 0,000293
м 0,534779 0,001462
н 0,895792 0,000223
о 0,042302 0,000063
плотно 4,031286 0,001002
альпинизм 1,301257 0,000323
п 1,086847 0,000540
санкт 1,279751 0,000318
с 0,036149 0,000422
она 0,597299 0,000148
скейтбординг 1,762603 0,000438
т 1,368699 0,001361
у 0,342407 0,000170
х 0,986764 0,000491
аэродинамический 3,520461 0,000875
скачать 0,895792 0,000445
они 0,524729 0,000652
сезон 0,723179 0,000360
ю 1,834062 0,000912
футбол 0,247097 0,000307
сила 1,279751 0,000636
атлетика 0,955511 0,000475
итоговый 2,085376 0,001555
структура 1,574551 0,000391
deadlink 2,038856 0,000507
тонкий 3,050457 0,000758
копия 1,416327 0,001760
парижский 3,183989 0,000791
классический 1,834062 0,000456
жила 4,436752 0,001103
насмешка 5,129899 0,001275
оксфордский 3,743604 0,000931
существование 2,085376 0,000518
составлять 1,518981 0,001133
перевод 2,490841 0,001857
вручную 4,031286 0,001002
методика 2,644992 0,000657
paum 5,129899 0,005101
битый 4,436752 0,001103
london 2,932674 0,000729
粵語 1,178655 0,000293
следовать 1,728701 0,000859
брейк 3,050457 0,000758
तम 2,644992 0,000657
தம 1,492313 0,000371
каталанский 1,695912 0,000843
построить 2,296685 0,000571
ярд 3,338139 0,000830
викискладе 1,217876 0,000605
club 2,490841 0,000619
требовать 1,466337 0,001458
сноуборд 1,178655 0,000293
победить 0,699082 0,000174
пляжный 1,603538 0,000399
австралия 1,664163 0,000827
направлять 3,338139 0,000830
ralph 4,436752 0,001103
test 4,031286 0,001002
xvii 2,490841 0,000619
выигрыш 2,134166 0,002122
ефрона 3,183989 0,002374
хёрлинг 1,762603 0,000438
тяжелый 0,940244 0,000234
final 3,743604 0,001861
արեւմտահայերէն 2,564949 0,000638
сумма 1,518981 0,000378
рекомендовать 3,338139 0,000830
ślůnski 2,932674 0,000729
compani 4,031286 0,001002
британский 2,239527 0,000557
univers 2,564949 0,001275
кожелугом 5,129899 0,001275
академический 1,546380 0,000384
плавание 1,178655 0,000586
биатлон 0,485508 0,000121
пожертвовать 0,940244 0,000234
горизонтальный 3,050457 0,001517
бобо 5,129899 0,001275
ссылка 0,699082 0,002085
kiswahili 2,185460 0,000543
эпоха 2,085376 0,000518
середина 1,574551 0,000391
борис 2,239527 0,001113
патрик 3,050457 0,000758
ನಡ 2,038856 0,000507
кругосвет 1,994404 0,000992
тыл 2,564949 0,000638
всемирный 1,762603 0,000438
рукоятка 4,031286 0,001002
остаться 1,301257 0,000323
visibl 4,436752 0,001103
выносить 3,338139 0,000830
москва 0,576022 0,000286
ᱥᱟᱱᱛᱟᱲᱤ 2,932674 0,000729
sudoc 2,932674 0,000729
превышать 2,296685 0,001142
квадах 1,762603 0,000438
отдельный 0,955511 0,000475
деньга 1,951845 0,001456
рынок 2,932674 0,000729
gillmeist 5,129899 0,002550
მარგალური 2,490841 0,000619
бывать 2,490841 0,001238
энциклопедический 3,050457 0,000758
hindi 2,421849 0,000602
исключить 1,441019 0,000358
чей 2,357310 0,000586
реал 1,416327 0,001408
server 5,129899 0,002550
britain 3,743604 0,000931
родственный 2,239527 0,001113
различаться 2,644992 0,000657
половина 1,392229 0,000692
стать 0,217244 0,000486
строиться 3,520461 0,000875
театральный 3,743604 0,001861
керлинг 1,086847 0,000270
голый 3,743604 0,000931
обращение 0,910391 0,001131
vlam 2,827314 0,000703
равный 1,466337 0,000364
код 0,971016 0,003620
лука 1,104547 0,000275
прыжок 0,940244 0,000701
ветеран 1,994404 0,000496
новость 0,285712 0,000071
fiji 2,421849 0,000602
url 0,986764 0,000245
сентябрь 1,035554 0,001030
сантиметр 0,955511 0,002375
битти 5,129899 0,001275
войти 0,608110 0,000151
usa 3,050457 0,000758
гольф 1,574551 0,000391
паддл 4,436752 0,001103
ქართული 1,392229 0,000346
антверпен 3,050457 0,000758
стадион 1,518981 0,000378
считать 1,279751 0,000318
политик 0,224624 0,000056
алфавит 1,159607 0,000288
падел 2,296685 0,000571
вышка 3,743604 0,002792
играть 0,895792 0,001559
засчитываться 2,564949 0,000638
фигурный 0,514778 0,000128
gaeilg 1,951845 0,000485
разделяться 2,644992 0,000657
тоҷикӣ 1,695912 0,000422
смешанный 1,871802 0,001396
критика 1,951845 0,000485
первый 0,317714 0,000316
анастасий 2,644992 0,000657
betawi 2,732003 0,000679
मर 1,574551 0,000391
итог 0,867219 0,000216
обязательный 1,695912 0,000422
февраль 0,202645 0,000101
значение 1,258698 0,000939
отметка 2,932674 0,000729
тогда 1,466337 0,000364
nupe 4,031286 0,001002
bali 2,827314 0,000703
десяток 3,743604 0,000931
размер 1,911023 0,003325
malagasi 3,183989 0,000791
türkmenç 2,185460 0,000543
срок 1,546380 0,000384
nederland 1,019025 0,000253
кто 0,747872 0,000372
считаться 1,441019 0,002866
master 3,520461 0,001750
пора 1,392229 0,000692
август 1,035554 0,001030
самый 0,608110 0,000605
материал 0,309617 0,000077
скиджоринг 1,762603 0,000438
чувствительный 5,129899 0,001275
публика 2,644992 0,001972
слава 1,871802 0,000465
шерсть 5,129899 0,001275
кук 0,971016 0,000241
бочонок 5,129899 0,001275
расположение 2,732003 0,000679
føroyskt 2,085376 0,000518
гарден 4,031286 0,001002
навигация 0,986764 0,000736
мочь 0,350775 0,000785
оборудовать 2,827314 0,000703
борьба 0,723179 0,000360
сборная 0,342407 0,000596
limburg 2,134166 0,000530
сюзанна 4,436752 0,001103
правило 0,986764 0,000245
ر 3,743604 0,000931
гимнастика 1,198073 0,000596
hrvatski 1,052361 0,000262
английский 1,574551 0,001566
зарабатывать 2,644992 0,000657
век 1,258698 0,002816
сквер 3,520461 0,000875
стандарт 2,421849 0,000602
кубок 0,376309 0,001871
во 0,495170 0,000615
инвалид 3,338139 0,000830
occitan 1,466337 0,000364
уже 0,687247 0,000342
цвет 1,695912 0,002529
очередь 2,085376 0,000518
вы 0,309617 0,000077
придание 4,031286 0,001002
веб 2,644992 0,000657
гл 3,050457 0,000758
меньшой 3,338139 0,000830
suzann 5,129899 0,001275
энциклопедия 0,986764 0,001962
фаир 4,031286 0,001002
български 1,086847 0,000270
чтобы 0,773190 0,000192
open 1,834062 0,001368
брейкинг 1,762603 0,000438
де 0,955511 0,001425
яхта 3,743604 0,000931
проведение 1,104547 0,000549
перед 0,839439 0,000417
ядро 3,743604 0,000931
сайт 0,411400 0,000716
американский 0,910391 0,000453
до 0,239550 0,000357
зародиться 2,932674 0,000729
предприниматель 3,338139 0,000830
выступать 0,940244 0,000234
другой 0,188256 0,000374
сюда 0,986764 0,000491
трек 1,104547 0,000275
пар 1,416327 0,000352
цитировать 0,925206 0,000230
ее 0,723179 0,000360
прямоугольный 2,932674 0,000729
преуспеть 4,436752 0,001103
собственный 1,574551 0,000391
гильдия 5,129899 0,001275
баскетбол 0,723179 0,000180
параллельный 3,050457 0,000758
число 0,955511 0,001663
предпочтительный 3,743604 0,000931
факт 1,797694 0,000447
ido 1,546380 0,000384
foxtenn 5,129899 0,002550
контроль 1,951845 0,000970
анатомический 5,129899 0,001275
гребля 1,518981 0,000755
изготовитель 4,436752 0,001103
вид 0,393700 0,000783
производиться 2,239527 0,001670
же 0,853233 0,001485
русиньскый 2,732003 0,000679
isbn 1,633391 0,004060
сингапур 2,732003 0,000679
что 0,195425 0,000631
common 0,986764 0,000245
подверженный 4,031286 0,001002
лезги 3,183989 0,000791
править 0,544931 0,005283
за 0,125952 0,000282
уингфилда 4,436752 0,001103
софтбол 1,633391 0,000406
форма 1,086847 0,000540
basa 2,732003 0,000679
настоящее 1,368699 0,001021
левый 1,871802 0,000465
советский 1,140915 0,000284
из 0,106018 0,000685
игровой 1,104547 0,000549
художественный 1,518981 0,000378
ил 3,520461 0,000875
runa 2,732003 0,000679
случайный 0,986764 0,000245
скрытый 1,052361 0,000262
граница 2,185460 0,002716
удобный 2,564949 0,000638
настоящий 2,134166 0,001061
их 0,799165 0,000795
регламент 1,911023 0,000475
шарик 4,031286 0,001002
хоккей 0,285712 0,000284
jurass 5,129899 0,001275
žemaitėška 2,732003 0,000679
leicest 5,129899 0,001275
серия 0,586604 0,000583
юноша 2,357310 0,000586
estremeñu 2,827314 0,000703
механический 3,520461 0,000875
srpski 1,035554 0,000257
кг 2,185460 0,001086
октябрь 1,019025 0,001266
lingua 3,050457 0,000758
соперник 0,853233 0,001697
дуайт 4,436752 0,001103
следующий 0,853233 0,000424
ле 2,038856 0,000507
event 3,338139 0,000830
ли 1,198073 0,000298
судейство 1,871802 0,000465
четверть 2,732003 0,001358
обозначаться 3,338139 0,000830
mandail 3,338139 0,000830
франческо 4,436752 0,001103
한국어 1,035554 0,000257
вод 1,466337 0,000364
нужный 1,834062 0,000456
синхронный 1,574551 0,000391
first 2,732003 0,000679
успешный 1,345709 0,000335
натуральный 3,050457 0,003033
мы 0,195425 0,000049
пик 2,932674 0,000729
участие 0,457070 0,000568
крокет 1,728701 0,000430
на 0,023953 0,000381
попытка 1,664163 0,001241
водный 0,723179 0,000539
simpl 1,140915 0,000284
брокгауза 3,183989 0,002374
не 0,099461 0,000618
каждый 0,812411 0,001010
ни 1,603538 0,000399
онлайн 0,773190 0,000192
но 0,402511 0,001101
нп 3,520461 0,000875
нанесение 2,827314 0,000703
обеспечение 3,183989 0,000791
категория 0,881403 0,001095
норвежский 1,345709 0,000335
magyar 1,086847 0,000270
подписать 1,492313 0,000371
об 0,217244 0,000054
уровень 1,086847 0,000810
ои 0,812411 0,017973
leboa 3,520461 0,000875
упоминание 2,732003 0,000679
худой 2,732003 0,000679
справка 0,986764 0,000245
ок 4,436752 0,001103
он 0,475938 0,000592
ричардс 4,436752 0,001103
тхэквондо 1,633391 0,000406
от 0,160085 0,000438
переходить 2,185460 0,000543
форум 0,867219 0,000216
разряд 2,490841 0,000619
официальный 0,735450 0,001280
бокс 0,534779 0,000266
zazaki 2,239527 0,000557
внимание 1,695912 0,000422
принимать 0,955511 0,000475
все 0,067304 0,000100
википедия 0,986764 0,001962
разогнать 5,129899 0,001275
сведение 0,786093 0,000195
по 0,073653 0,000348
inc 0,986764 0,000245
учредить 2,185460 0,001086
ink 5,129899 0,001275
круг 1,392229 0,000346
прокатка 5,129899 0,001275
какой 1,002764 0,000249
наличие 2,357310 0,000586
сообщество 0,910391 0,000226
произойти 1,178655 0,000293
википедии 0,986764 0,000491
kabɩyɛ 3,338139 0,000830
термин 1,345709 0,000335
париж 1,392229 0,000692
scot 1,695912 0,000422
стандартный 2,185460 0,001086
металл 4,031286 0,001002
газета 1,392229 0,000346
lccn 1,492313 0,000371
обозначать 3,183989 0,000791
ikinyarwanda 3,338139 0,000830
日本語 1,035554 0,000257
со 0,447767 0,000668
центр 0,773190 0,000192
wayuunaiki 4,436752 0,001103
деформация 5,129899 0,001275
йорк 2,239527 0,000557
slovenščina 1,345709 0,000335
под 0,723179 0,000539
парусный 1,574551 0,000391
ray 4,436752 0,002206
пол 0,910391 0,000679
связаться 0,867219 0,000216
пом 1,695912 0,002108
декабрь 0,853233 0,000848
brezhoneg 2,038856 0,000507
человек 0,940244 0,000234
хопмана 4,436752 0,003309
подробный 0,687247 0,000171
заведение 3,338139 0,000830
содержание 0,955511 0,000475
eesti 1,069456 0,000266
مصرى 1,546380 0,000384
сейчас 1,104547 0,000275
студент 2,357310 0,001172
шар 3,183989 0,000791
карл 2,732003 0,000679
разделять 2,827314 0,000703
britannica 1,518981 0,001133
кремневый 5,129899 0,001275
каноэ 1,633391 0,000406
דיש 2,644992 0,000657
lëtzebuergesch 1,762603 0,000438
возникновение 2,644992 0,000657
успеть 3,050457 0,000758
machin 1,633391 0,001624
wikipedia 0,986764 0,000491
необходимый 2,357310 0,000586
plattdüütsch 2,357310 0,000586
усовершенствовать 4,031286 0,001002
расположить 1,574551 0,000391
отредактировать 0,986764 0,000245
майор 4,436752 0,001103
называть 1,258698 0,000313
натягивать 5,129899 0,002550
миллиметр 2,932674 0,001458
ушу 1,728701 0,000430
викиновости 1,238078 0,000308
отскок 3,338139 0,001660
ситуация 1,392229 0,000346
හල 1,834062 0,000456
также 0,663991 0,002806
фр 2,421849 0,000602
العربية 1,069456 0,000266
появиться 1,159607 0,000865
фризский 1,762603 0,000438
фотография 2,134166 0,001061
отразить 3,183989 0,000791
терминология 3,183989 0,000791
pott 5,129899 0,001275
трава 1,392229 0,001038
снова 1,574551 0,000391
головка 4,031286 0,002004
зал 4,031286 0,005010
собачий 1,762603 0,000438
наконец 2,296685 0,000571
сидеть 2,421849 0,000602
itf 4,031286 0,011023
библиографический 1,279751 0,000318
warsaw 5,129899 0,001275
феникс 3,520461 0,000875
правка 0,986764 0,000491
однако 1,069456 0,000266
батут 1,728701 0,000430
серфинг 1,762603 0,000438
tolışi 1,871802 0,000465
хейзел 5,129899 0,001275
http 3,183989 0,000791
việt 1,140915 0,000284
отказ 0,839439 0,000209
дзюдо 1,466337 0,000364
допускаться 1,911023 0,000475
поддержка 1,546380 0,000384
один 0,342407 0,000936
композит 5,129899 0,001275
вначале 3,183989 0,000791
войлок 5,129899 0,001275
длина 1,871802 0,001861
жесткий 1,728701 0,000430
часть 1,104547 0,000275
приносить 3,050457 0,000758
сторона 1,069456 0,002924
дорогой 2,134166 0,000530
чайник 5,129899 0,001275
ресурс 0,812411 0,000202
процесс 1,664163 0,000414
передвижение 3,183989 0,000791
заменить 1,546380 0,000384
разметка 3,050457 0,002275
bahasa 1,086847 0,000540
challeng 2,296685 0,000571
अ 3,338139 0,000830
линейный 3,338139 0,001660
теннисный 2,644992 0,012492
санкт-петербург 2,827314 0,001406
вальтер 3,520461 0,000875
король 2,490841 0,001857
качество 1,323236 0,000658
сформироваться 3,050457 0,000758
تۆرکجه 1,762603 0,000438
через 0,971016 0,000483
क 2,421849 0,001204
lietuvių 1,140915 0,000284
ग 3,183989 0,000791
взрослый 2,564949 0,000638
словарь 1,198073 0,000596
хроник 3,183989 0,000791
стрельба 1,441019 0,000716
ठ 1,574551 0,000391
официально 1,159607 0,000288
саха 2,644992 0,000657
द 1,546380 0,000384
влиять 3,050457 0,001517
न 1,518981 0,000755
команда 0,262364 0,000783
प 1,911023 0,000475
старое 1,797694 0,000894
भ 2,239527 0,001113
боков 2,644992 0,001315
र 3,520461 0,000875
ल 1,911023 0,000475
являться 1,019025 0,002533
system 3,183989 0,000791
проводиться 1,086847 0,002161
получать 1,301257 0,000323
ष 2,296685 0,000571
коснуться 2,490841 0,000619
स 2,644992 0,001315
ह 1,546380 0,000384
портал 1,416327 0,001056
скелетон 1,258698 0,000313
квадратный 3,183989 0,000791
українська 1,035554 0,000257
конкретизация 2,827314 0,000703
группа 1,122566 0,000279
xviii 2,421849 0,000602
рост 0,812411 0,000202
даровать 5,129899 0,001275
образовать 2,827314 0,000703
рэкетс 1,728701 0,000859
цикл 2,644992 0,001315
ndl 1,834062 0,000456
cite 1,258698 0,000626
бадминтон 1,518981 0,000378
шорты 1,035554 0,000257
твердый 2,564949 0,000638
тилден 5,129899 0,001275
võro 2,932674 0,000729
грунтовой 4,436752 0,001103
допустить 1,546380 0,000384
горнолыжный 1,301257 0,000323
баскский 1,664163 0,000414
ричардсом 5,129899 0,001275
утвердить 1,871802 0,000465
коляска 2,932674 0,000729
гэльский 1,762603 0,000438
канат 1,762603 0,000438
натянутый 4,031286 0,003006
new 2,038856 0,000507
красный 1,069456 0,000266
real 3,338139 0,001660
ব 1,416327 0,000352
нарушение 1,416327 0,000352
য 2,644992 0,000657
конфиденциальность 0,293617 0,000073
гандбол 1,122566 0,001116
ল 1,416327 0,000352
svenska 1,035554 0,000257
общий 0,986764 0,000736
моторный 1,762603 0,000438
joseph 3,743604 0,000931
список 0,986764 0,000491
масса 1,911023 0,000475
хочкисс 5,129899 0,001275
ссср 0,940244 0,000935
вашедченко 5,129899 0,001275
будо 1,762603 0,000438
ширина 2,357310 0,002930
открыть 1,279751 0,001272
фехтование 1,546380 0,000384
четвертая 2,185460 0,000543
and 1,762603 0,000438
стратегия 2,239527 0,000557
традиция 2,134166 0,000530
профессиональный 1,052361 0,001831
дожидаться 5,129899 0,001275
французский 1,052361 0,001570
резиновый 3,743604 0,001861
interlingua 1,603538 0,000399
где 0,675551 0,000336
любительский 1,416327 0,000352
основание 1,416327 0,000352
позволять 1,664163 0,000414
англия 1,238078 0,000616
всеять 1,871802 0,000465
участвовать 0,955511 0,000713
sardu 2,932674 0,000729
сообщить 0,447767 0,000111
примечание 1,002764 0,000499
быть 0,119263 0,000534
посередине 3,050457 0,001517
точка 1,762603 0,000438
пэр 4,436752 0,001103
приспособление 4,031286 0,001002
зало 1,797694 0,001341
долговечный 5,129899 0,002550
установить 1,279751 0,000318
конный 1,574551 0,000391
разработать 1,728701 0,000859
моллой 5,129899 0,001275
атмосфера 3,050457 0,000758
english 0,925206 0,000460
франция 0,675551 0,001008
ਜ 1,664163 0,000414
четыре 0,910391 0,000453
suomi 1,052361 0,000262
друг 1,518981 0,000378
фере 5,129899 0,001275
протяжение 1,951845 0,001456
винтовой 5,129899 0,001275
ਪ 1,664163 0,000414
ਬ 1,664163 0,000414
многократный 2,421849 0,000602
eye 3,520461 0,001750
менеджер 2,732003 0,000679
схема 1,951845 0,000485
струна 4,031286 0,012025
ныне 2,357310 0,000586
можно 1,002764 0,000249
română 1,122566 0,000279
альтернативный 2,932674 0,000729
nkc 1,574551 0,000391
использоваться 1,159607 0,000865
барчукова 4,436752 0,001103
portuguê 1,035554 0,000257
мужской 1,198073 0,001489
впервые 0,839439 0,000417
ngî 2,564949 0,000638
oʻzbekcha 1,140915 0,000284
раз 0,485508 0,000241
чемпионат 0,188256 0,000281
ўзбекча 1,140915 0,000284
теннисистка 2,932674 0,003645
предшественник 3,050457 0,000758
прошествие 3,743604 0,000931
latviešu 1,052361 0,000262
российский 0,224624 0,000447
философия 3,183989 0,000791
обладательница 3,183989 0,000791
необходимо 1,994404 0,001487
дерево 3,183989 0,000791
завершаться 3,050457 0,000758
версия 0,393700 0,000294
монастырь 5,129899 0,001275
уиллз 4,436752 0,001103
смотреть 1,368699 0,000340
bower 5,129899 0,002550
tour 2,827314 0,001406
call 3,520461 0,000875
jawa 1,911023 0,000475
обычно 1,695912 0,000843
выделить 2,085376 0,000518
classic 4,031286 0,001002
зарегистрировать 0,711058 0,000177
требование 1,797694 0,000447
платить 2,732003 0,000679
اردو 1,574551 0,000391
богушас 4,436752 0,001103
шерстить 5,129899 0,001275
знак 0,986764 0,000245
bomb 3,743604 0,000931
сложный 1,871802 0,000465
правый 0,971016 0,000965
штат 2,185460 0,000543
ударить 2,564949 0,001275
австралийский 1,633391 0,000406
jeu 5,129899 0,001275
обладатель 1,492313 0,000371
atp 1,994404 0,005949
характеристика 2,732003 0,001358
приземлиться 3,520461 0,000875
регламентироваться 3,050457 0,000758
лувре 5,129899 0,001275
театр 3,743604 0,000931
критерий 2,490841 0,000619
holland 4,031286 0,002004
посол 0,301585 0,000375
медиафайлы 1,217876 0,000605
неожиданно 3,050457 0,000758
параметр 2,490841 0,000619
galego 1,178655 0,000293
старый 1,159607 0,000288
короткий 0,699082 0,000521
влага 5,129899 0,001275
next 4,436752 0,002206
ячейка 4,031286 0,001002
book 2,932674 0,000729
служебный 0,955511 0,000238
задеть 4,031286 0,001002
news 2,185460 0,000543
призовой 1,951845 0,000485
поверхность 2,239527 0,003340
associ 0,986764 0,000245
war 4,031286 0,001002
свободный 0,867219 0,000216
пространство 2,932674 0,001458
применяться 1,217876 0,000303
существовать 1,122566 0,001395
современный 1,159607 0,001153
браун 2,932674 0,001458
играться 2,564949 0,000638
пушистый 5,129899 0,001275
подвид 4,436752 0,001103
юниорский 2,296685 0,001142
тенис 5,129899 0,001275
ретроним 5,129899 0,001275
получить 0,384967 0,000383
electron 4,031286 0,001002
дождаться 4,031286 0,001002
архивировать 1,104547 0,001922
יי 2,644992 0,000657
сделать 0,853233 0,000212
связанный 0,786093 0,000586
банглапедия 3,743604 0,000931
нанести 2,185460 0,001086
melayu 1,368699 0,000340
будущее 1,664163 0,000414
italiano 1,035554 0,000257
год 0,099461 0,001063
айсшток 1,728701 0,000430
увеличение 2,421849 0,001204
характерный 2,564949 0,000638
приходиться 2,038856 0,000507
контракт 1,258698 0,001252
номинальный 3,743604 0,000931
հայերեն 1,198073 0,000298
резкий 2,085376 0,000518
australian 2,185460 0,000543
поэтому 1,392229 0,000692
квадрат 3,743604 0,004653
српскохрватски 1,416327 0,000352
modern 3,183989 0,000791
агентство 1,994404 0,000496
web 1,279751 0,000636
temporarili 5,129899 0,001275
регламентировать 3,338139 0,000830
приз 1,834062 0,000456
bokmål 1,069456 0,000266
ковровый 5,129899 0,001275
deitsch 4,436752 0,001103
инструмент 0,881403 0,000438
такой 0,735450 0,000366
планерный 1,762603 0,000438
samoa 3,050457 0,000758
возвышение 4,031286 0,001002
чемпионка 1,441019 0,000716
отбивать 4,031286 0,001002
рука 1,392229 0,001038
лига 0,325878 0,000081
ангажировать 5,129899 0,001275
русый 1,368699 0,001021
широкий 2,038856 0,000507
расцвет 3,183989 0,000791
afrikaan 1,441019 0,000358
фонд 0,895792 0,000223
клоптон 5,129899 0,001275
динамик 4,031286 0,001002
совершенно 3,183989 0,000791
трамплин 1,140915 0,000284
наиболее 1,466337 0,002551
указать 1,198073 0,001191
ракетбола 5,129899 0,001275
частить 1,664163 0,000414
история 0,270086 0,000604
македонский 1,258698 0,000313
длить 0,146292 0,001745
bân 1,762603 0,000438
ழ 1,492313 0,000371
либо 1,140915 0,001134
хелен 4,436752 0,001103
согласно 1,574551 0,000391
обновление 2,185460 0,000543
название 1,035554 0,001802
тысяча 1,546380 0,001153
поиск 0,711058 0,000353
изготовлять 4,436752 0,001103
чемпион 0,334108 0,000166
молодой 2,490841 0,000619
желудок 5,129899 0,001275
исторический 1,762603 0,000438
oldid 0,986764 0,000245
длинный 1,762603 0,000438
первое 0,393700 0,000391
матыцин 4,436752 0,001103
устойчивый 3,520461 0,000875
род 2,932674 0,000729
принять 0,786093 0,000391
рок 1,695912 0,000422
точность 2,932674 0,000729
присутствие 2,732003 0,000679
ayisyen 2,490841 0,000619
авторство 0,986764 0,000245
высокий 0,760451 0,000756
подача 2,490841 0,007430
лицевой 3,050457 0,000758
приводить 2,085376 0,000518
català 1,086847 0,000270
новый 0,239550 0,000357
сравняться 3,338139 0,000830
tenni 3,520461 0,009626
развиться 4,436752 0,001103
образ 1,178655 0,000293
поведение 0,839439 0,000209
hausa 2,732003 0,000679
академия 1,834062 0,000456
испанский 2,185460 0,000543
происходить 1,466337 0,000364
теннис 0,475938 0,008163
полоска 3,183989 0,000791
xxiv 3,338139 0,000830
గ 2,038856 0,000507
ребенок 1,323236 0,000329
обзор 1,911023 0,000475
giant 3,743604 0,000931
финский 1,518981 0,000378
فارسی 1,104547 0,000275
удар 1,633391 0,002436
осипов 3,183989 0,000791
త 2,038856 0,000507
изготавливать 3,520461 0,000875
предел 1,603538 0,000797
перчатка 2,732003 0,001358
ల 2,038856 0,000507
викимедиа 0,986764 0,000245
иллюстрировать 3,338139 0,000830
heiner 5,129899 0,001275
azərbaycanca 1,258698 0,000313
паспортизовать 5,129899 0,001275
определить 1,301257 0,001617
теория 2,357310 0,000586
дополнительный 0,940244 0,000467
кевлар 5,129899 0,001275
мир 0,277868 0,000345
by 0,971016 0,000241
franc 3,338139 0,000830
регби 0,955511 0,000475
даби 2,827314 0,000703
русский 0,760451 0,000189
входить 1,258698 0,000313
cc 0,986764 0,000245
малоизвестный 3,743604 0,000931
shqip 1,466337 0,000364
конец 1,035554 0,000257
время 0,384967 0,000191
внутренний 2,038856 0,002027
аналог 3,520461 0,000875
ранее 1,104547 0,000275
победитель 0,799165 0,000596
присоединиться 2,490841 0,000619
de 1,871802 0,000465
носить 1,664163 0,000414
پنجابی 2,239527 0,000557
викиданных 0,986764 0,000245
возрождение 2,644992 0,000657
каталог 1,301257 0,000323
franca 3,050457 0,000758
ястребиный 5,129899 0,001275
ed 3,520461 0,000875
ತ 3,743604 0,000931
задача 1,546380 0,000769
порядок 1,664163 0,000414
счет 0,799165 0,000397
олимпийский 0,342407 0,000596
ಳ 3,743604 0,000931
читать 0,555188 0,000138
western 5,129899 0,001275
крепление 4,031286 0,001002
прямая 1,441019 0,000358
англ 1,159607 0,003747
купить 1,994404 0,000496
командный 1,002764 0,000499
нитка 4,436752 0,001103
for 2,239527 0,000557
волейбол 0,955511 0,000238
снизить 3,183989 0,000791
лужайка 4,436752 0,002206
вулканизированный 5,129899 0,001275
комаров 4,436752 0,001103
англоязычный 3,520461 0,000875
задаваться 5,129899 0,001275
шлем 2,296685 0,001713
лишь 1,159607 0,000288
коза 5,129899 0,001275
хватка 4,436752 0,001103
bounc 5,129899 0,001275
момент 0,910391 0,000226
srpskohrvatski 1,416327 0,000352
中文 1,035554 0,000257
тереть 0,786093 0,000195
основа 1,301257 0,000323
foundat 0,986764 0,000245
гейм 3,743604 0,006514
сост 3,050457 0,000758
полиэстер 4,031286 0,001002
изд 2,564949 0,000638
фоменко 4,436752 0,002206
среди 0,597299 0,001188
прежний 1,994404 0,000496
латвия 1,664163 0,000414
канадский 1,603538 0,000399
yorùbá 2,732003 0,000679
теннисист 2,134166 0,003183
william 3,520461 0,000875
https 0,699082 0,000174
струнный 5,129899 0,003825
ii 2,239527 0,000557
предупреждение 2,827314 0,000703
смерть 2,134166 0,000530
wta 2,038856 0,005068
in 1,911023 0,000475
мобильный 0,555188 0,000138
tiếng 1,140915 0,000284
татарча 1,392229 0,000346
עברית 1,052361 0,000262
index 0,986764 0,000245
большой 0,687247 0,001025
ix 2,564949 0,000638
избранный 0,955511 0,000475
должен 0,597299 0,000742
изначально 2,038856 0,001014
знатный 5,129899 0,001275
zander 5,129899 0,001275
ള 1,695912 0,000422
lɔːn 5,129899 0,001275
крыть 2,932674 0,000729
kurdî 1,834062 0,000456
разновидность 2,490841 0,000619
возможно 1,664163 0,000414
крикет 1,695912 0,000422
франциск 4,436752 0,001103
world 1,416327 0,000352
провести 0,799165 0,000596
это 0,181139 0,000495
упряжка 1,762603 0,000438
триатлон 1,633391 0,000406
два 0,504926 0,001883
смена 1,762603 0,000438
достойный 3,338139 0,000830
травяной 4,031286 0,001002
gí 1,762603 0,000438
ограничить 1,951845 0,000485
покрытие 2,490841 0,003096
доступный 0,955511 0,000238
филателия 3,050457 0,001517
утверждение 1,695912 0,000422
держать 2,490841 0,000619
ладонь 2,932674 0,000729
piemontèi 2,564949 0,000638
или 0,576022 0,001718
реализованный 4,031286 0,001002
отличие 1,695912 0,000422
қазақша 1,178655 0,000293
минимум 2,239527 0,000557
уход 1,834062 0,000456
bnf 1,834062 0,000456
учетный 0,986764 0,000245
mi 5,129899 0,001275
соперничать 3,338139 0,000830
много 0,735450 0,001828
заключить 2,490841 0,001238
наноситься 3,183989 0,001583
представиться 0,986764 0,000245
учитывать 3,050457 0,000758
затем 1,301257 0,001294
корейский 2,134166 0,000530
воспринять 4,031286 0,001002
высш 4,436752 0,001103
ганзена 5,129899 0,001275
зритель 1,518981 0,000755
выбираться 3,183989 0,000791
означать 2,185460 0,001086
no 1,911023 0,000475
ස 1,834062 0,000456
ошибка 0,576022 0,000430
искусственный 2,239527 0,001670
студ 4,436752 0,001103
игра 0,112619 0,001008
предопределить 4,436752 0,001103
путем 2,644992 0,000657
натяжка 4,436752 0,004411
of 1,695912 0,001686
deutsch 1,052361 0,000262
kâ 2,564949 0,000638
датский 1,368699 0,000340
suzuki 5,129899 0,001275
присутствовать 1,951845 0,000485
больший 0,457070 0,001023
нечетный 2,827314 0,000703
распространение 2,357310 0,000586
событие 0,565551 0,000281
группировка 3,338139 0,000830
rumantsch 2,564949 0,000638
использование 0,277868 0,000138
рассвет 4,436752 0,001103
скиинг 1,762603 0,000438
соревнование 0,411400 0,001023
ph 1,762603 0,000438
особа 5,129899 0,001275
pp 3,520461 0,000875
лицензия 0,971016 0,000241
тоже 1,911023 0,000475
вильямс 5,129899 0,001275
сферистика 5,129899 0,001275
округлый 4,436752 0,001103
архивный 1,518981 0,001888
сферистики 5,129899 0,001275
макинрой 5,129899 0,001275
зимний 0,663991 0,000165
суть 3,183989 0,000791
ряд 1,198073 0,000596
страница 0,910391 0,001584
адыгабзэ 3,743604 0,000931
запись 0,910391 0,000226
qr 0,986764 0,000245
циципас 2,134166 0,000530
collin 3,743604 0,002792
санный 1,301257 0,000323
женский 0,663991 0,001320
сохранение 0,971016 0,000241
吴语 1,238078 0,000308
фристайл 1,238078 0,000308
давление 2,732003 0,002037
билл 3,050457 0,000758
персональный 0,723179 0,000180
ænglisc 2,564949 0,000638
возможный 1,392229 0,000346
ru 0,285712 0,000142
действовать 0,825834 0,000205
ilokano 3,050457 0,000758
организовать 1,466337 0,000364
смочь 1,069456 0,000266
simi 2,732003 0,000679
перенаправляться 2,644992 0,000657
производитель 2,564949 0,001275
третий 1,238078 0,000308
sa 0,986764 0,000491
дата 0,799165 0,000993
nynorsk 1,546380 0,000384
sh 1,797694 0,000894
того 0,955511 0,000950
detroit 4,436752 0,001103
мастерс 3,743604 0,000931
аба 2,490841 0,000619
проводить 0,910391 0,000226
китайский 1,069456 0,000266
español 1,019025 0,000253
спид 1,762603 0,000438
литература 1,695912 0,001265
россия 0,139466 0,000069
перестать 2,644992 0,000657
winaray 2,490841 0,000619
станок 3,520461 0,000875
tagalog 1,911023 0,000475
bud 4,436752 0,002206
bosanski 1,345709 0,000335
hill 3,520461 0,000875
کٲش 3,743604 0,000931
свой 0,586604 0,000583
th 2,185460 0,001086
нужда 3,520461 0,000875
свое 0,457070 0,000114
январь 0,786093 0,000782
настольный 1,198073 0,000893
полезный 1,695912 0,000422
авт 4,436752 0,001103
soomaaliga 3,050457 0,000758
выставочный 3,520461 0,000875
uk 3,338139 0,000830
популярность 1,797694 0,000447
us 2,038856 0,000507
перемещение 2,827314 0,000703
представительный 4,436752 0,001103
norsk 1,052361 0,000523
gagana 3,050457 0,000758
мэри 4,436752 0,001103
флаг 0,895792 0,000223
ракетка 2,732003 0,020373
ẽ 2,732003 0,000679
сет 2,644992 0,003945
wheelchair 3,743604 0,000931
дюйм 3,050457 0,004550
волшебный 1,695912 0,000422
мастер 1,518981 0,000755
доход 2,239527 0,000557
попасть 1,140915 0,000851
polski 1,035554 0,000257
свойство 3,183989 0,000791
дань 3,520461 0,000875
livvinkarjala 3,050457 0,000758
углеволокна 4,436752 0,001103
упражнение 2,490841 0,000619
рейтинг 0,524729 0,000652
доп 3,050457 0,000758
org 0,986764 0,000245
сыграть 0,839439 0,000209
шестаков 4,031286 0,001002
мастерсов 5,129899 0,001275
изготавливаться 3,183989 0,002374
зависеть 2,185460 0,000543
xi 2,932674 0,000729
некоммерческий 0,986764 0,000245
даваться 3,050457 0,001517
великобритания 1,664163 0,000827
желтый 1,834062 0,001368
walon 2,827314 0,000703
традиционно 2,296685 0,000571
tenez 5,129899 0,001275
мяч 0,735450 0,008592
указание 0,986764 0,000245
кардинальный 3,050457 0,000758
показательный 1,279751 0,002227
медисон 4,436752 0,001103
српски 1,035554 0,000257
заказ 3,050457 0,000758
доллар 2,239527 0,001113
оказаться 1,441019 0,000358
шекспир 5,129899 0,001275
эпизод 2,732003 0,000679
мэллори 5,129899 0,001275
около 1,518981 0,000378
двоеборье 1,217876 0,000303
здоровье 1,323236 0,000329
заниматься 1,574551 0,000391
акриловый 5,129899 0,001275
белый 1,574551 0,001174
ски 1,069456 0,000266
метцлер 5,129899 0,001275
актуальный 1,546380 0,000384
ручной 3,338139 0,000830
ག 2,564949 0,000638
лыжный 0,675551 0,000336
который 0,325878 0,001701
идея 1,871802 0,000465
пайл 5,129899 0,003825
постоянный 0,881403 0,000219
конькобежный 1,140915 0,000284
легкий 0,895792 0,000668
gen 4,436752 0,002206
ད 2,564949 0,000638
обод 4,436752 0,003309
བ 2,564949 0,000638
полый 4,436752 0,001103
türkçe 1,052361 0,000262
королевский 3,050457 0,003033
лейвера 4,436752 0,001103
ཡ 2,564949 0,000638
случай 0,867219 0,000431
cebuano 2,932674 0,000729
арена 1,104547 0,000275
revis 4,436752 0,001103
синтетический 3,183989 0,000791
сетка 2,085376 0,004665
roff 5,129899 0,001275
avañ 2,732003 0,000679
ровный 2,421849 0,000602
лаун 4,436752 0,005514
свежий 0,839439 0,000209
использовать 0,940244 0,000701
задний 2,421849 0,002408
маленький 1,392229 0,001038
ລາວ 2,932674 0,000729
межсезонье 2,732003 0,000679
xiv 2,490841 0,000619
xix 1,834062 0,000456
закрепиться 3,183989 0,001583
вызвать 1,797694 0,000447
минутный 3,338139 0,000830
флуоресцентный 5,129899 0,001275
внешний 1,104547 0,000549
апрель 0,986764 0,000736
начинать 1,140915 0,000284
количество 0,853233 0,000848
бейсбол 1,416327 0,000704
модель 2,490841 0,001238
влияние 2,644992 0,000657
полоса 2,644992 0,001315
корт 3,338139 0,021574
нет 0,825834 0,000411
называться 1,603538 0,001196
мужчина 0,812411 0,001212
даже 1,198073 0,000596
sesotho 3,520461 0,000875
line 3,743604 0,000931
статистика 0,630089 0,000157
wightman 5,129899 0,001275
മലയ 1,695912 0,000422
объявить 1,492313 0,000371
монгол 1,518981 0,000378
плохой 1,994404 0,000992
бруклайне 5,129899 0,001275
ввести 1,695912 0,000843
спр 5,129899 0,002550
миллион 1,392229 0,000346
кыргызча 2,085376 0,000518
нестор 5,129899 0,001275
переть 0,359214 0,001339
источник 0,786093 0,001368
