париж 1,392229 0,000770
убогий 4,031286 0,002228
джордан 2,932674 0,001621
финал 0,699082 0,001159
формула 1,574551 0,003482
день 0,699082 0,000386
образ 1,178655 0,000652
поведение 0,839439 0,000464
рпл 1,140915 0,001261
медальный 1,797694 0,001988
еще 0,167054 0,000369
выигрывать 1,728701 0,000956
теннис 0,475938 0,000789
выйти 0,773190 0,002564
любить 1,466337 0,001621
козловый 2,357310 0,001303
dota 2,490841 0,001377
ставка 0,799165 0,000442
со 0,447767 0,001485
прервать 1,762603 0,002923
центр 0,773190 0,001282
юлаева 4,031286 0,006685
противоречить 5,129899 0,002836
важный 0,986764 0,000545
вратарь 1,323236 0,001463
заявление 0,799165 0,000442
под 0,723179 0,000400
полный 0,940244 0,001559
позор 2,732003 0,001510
александр 0,839439 0,000464
рейд 2,490841 0,001377
финишный 3,183989 0,001760
словак 3,520461 0,001946
а 0,209918 0,000116
обыграть 1,122566 0,001241
б 1,466337 0,000811
в 0,017911 0,000614
е 0,867219 0,000479
реклама 0,687247 0,001520
немного 2,038856 0,001127
фото 0,799165 0,001767
и 0,023953 0,000410
й 0,825834 0,000457
четверг 2,239527 0,001238
к 0,132686 0,000147
велоспорт 1,178655 0,000652
м 0,534779 0,000296
альпинизм 1,301257 0,002158
о 0,042302 0,000164
домыть 2,932674 0,001621
предстать 4,031286 0,002228
с 0,036149 0,000520
сейчас 1,104547 0,000611
она 0,597299 0,000660
четвертьфинал 1,279751 0,005659
суд 2,421849 0,001339
перфлюенс 2,564949 0,001418
у 0,342407 0,001136
х 0,986764 0,001091
авто 0,925206 0,000511
они 0,524729 0,000870
знакомый 2,932674 0,001621
металлург 1,834062 0,001014
суперзвезда 3,183989 0,001760
удивительный 3,520461 0,001946
я 0,747872 0,000413
поп 1,664163 0,000920
футбол 0,247097 0,000683
мир 0,277868 0,001536
атлетика 0,955511 0,001056
победный 1,871802 0,004139
драйзайтля 5,129899 0,002836
вхл 1,664163 0,002760
регби 0,955511 0,000528
информационный 1,122566 0,000621
макдэвида 4,436752 0,002453
теперь 0,971016 0,001610
итальянский 1,633391 0,000903
црвена 2,644992 0,001462
драка 2,134166 0,003539
абсолютно 3,183989 0,001760
тюрьма 3,520461 0,001946
конец 1,035554 0,003435
посмотреть 2,732003 0,001510
билль 2,296685 0,001270
ооо 1,871802 0,003104
тренд 2,185460 0,002416
выходить 1,695912 0,000937
okko 2,357310 0,001303
гаджеты 2,421849 0,001339
главный 0,565551 0,001251
победитель 0,799165 0,000442
одержать 1,217876 0,003366
шайба 0,986764 0,004909
rds 1,911023 0,001056
обсуждать 1,797694 0,000994
италия 0,524729 0,001450
футзал 2,085376 0,001153
коннор 2,357310 0,002606
bellat 2,490841 0,001377
isu 1,603538 0,000886
отец 2,239527 0,001238
шанс 1,258698 0,000696
прийтись 1,871802 0,001035
снова 1,574551 0,001741
правовой 2,038856 0,001127
начаться 1,518981 0,000840
сноуборд 1,178655 0,001303
показать 0,504926 0,000558
победить 0,699082 0,001932
пляжный 1,603538 0,001773
крутой 2,239527 0,001238
мма 1,069456 0,001774
овертайме 2,038856 0,007889
инна 2,296685 0,003809
ключевой 2,296685 0,002539
кремль 2,421849 0,001339
вшестером 4,436752 0,002453
олимпизм 1,466337 0,000811
себя 0,597299 0,000330
забросить 2,421849 0,009371
олимпийский 0,342407 0,001704
млс 2,296685 0,001270
тяжелый 0,940244 0,002079
пастрняк 4,436752 0,002453
кринона 4,436752 0,002453
дэвис 1,633391 0,000903
прямая 1,441019 0,000797
гонка 0,853233 0,001415
макдэвид 2,421849 0,002678
гран 1,518981 0,001679
один 0,342407 0,000568
волейбол 0,955511 0,001056
раздевалка 2,421849 0,001339
видео 0,699082 0,010434
мотогонка 2,490841 0,001377
чехия 1,258698 0,015308
интересный 2,085376 0,001153
биатлон 0,485508 0,000805
плавание 1,178655 0,000652
чм 1,492313 0,002475
жар 3,183989 0,001760
эфир 1,695912 0,001875
нация 1,797694 0,000994
марнера 3,743604 0,004139
live 1,492313 0,003300
локомотив 0,839439 0,000464
выход 1,178655 0,000652
последний 0,376309 0,000208
сторона 1,069456 0,000591
пекин 2,185460 0,001208
дорогой 2,134166 0,001180
видеообзор 3,743604 0,008278
кажется 2,644992 0,001462
момент 0,910391 0,002013
counter 1,911023 0,001056
содружество 1,518981 0,000840
шанхайский 2,564949 0,007089
биться 2,564949 0,001418
предолимпийского 5,129899 0,002836
натан 4,436752 0,002453
фаворит 2,134166 0,001180
труд 2,357310 0,002606
раунд 1,546380 0,000855
бред 4,436752 0,002453
букмекер 1,140915 0,001892
сша 0,586604 0,002918
ресурс 0,812411 0,000449
потерять 1,951845 0,001079
джин 2,038856 0,001127
южный 1,159607 0,000641
заменить 1,546380 0,000855
среда 1,871802 0,001035
технология 0,786093 0,000435
ranym 2,564949 0,001418
швейцария 1,258698 0,006262
козырев 3,338139 0,003691
повторить 1,834062 0,002028
уйти 1,392229 0,000770
киберспорт 1,762603 0,000974
латвия 1,664163 0,000920
хоккейный 1,416327 0,007046
полевой 2,357310 0,003909
самбо 1,994404 0,001102
скидка 2,185460 0,001208
подряд 1,258698 0,000696
трансфер 1,492313 0,000825
brave 2,564949 0,001418
результат 0,524729 0,001740
прибалт 5,129899 0,002836
занатта 4,436752 0,002453
wta 2,038856 0,003381
мобильный 0,555188 0,000614
чемпионский 1,574551 0,001741
чех 3,183989 0,005280
команда 0,262364 0,000725
большой 0,687247 0,000380
ranynuevrg 2,564949 0,001418
старое 1,797694 0,001988
офф 1,019025 0,000563
гренобль 3,183989 0,001760
должен 0,597299 0,000330
конференция 1,392229 0,000770
очко 1,416327 0,000783
pfl 2,421849 0,001339
суперкар 2,564949 0,001418
секунда 1,633391 0,003612
очки 0,940244 0,002599
единый 1,104547 0,000611
сидень 1,994404 0,006615
торпедо 1,574551 0,004352
забить 1,466337 0,000811
концовка 2,932674 0,001621
гарантированный 4,031286 0,002228
повелеть 3,050457 0,001686
разочарование 4,031286 0,002228
сын 2,239527 0,001238
мск 2,421849 0,001339
гретцки 3,050457 0,001686
золото 1,140915 0,000631
нужно 1,492313 0,000825
стать 0,217244 0,000120
скелетон 1,258698 0,000696
работать 1,518981 0,000840
нереалистичный 4,436752 0,002453
кросби 1,994404 0,007717
топовый 3,050457 0,001686
вчера 1,518981 0,000840
керлинг 1,086847 0,000601
куньлуне 5,129899 0,002836
совместный 2,564949 0,001418
гордиться 3,183989 0,005280
это 0,181139 0,000601
легендарный 1,871802 0,002069
рублевый 1,951845 0,001079
француз 2,239527 0,002476
рост 0,812411 0,000449
американец 2,134166 0,001180
два 0,504926 0,001116
прыжок 0,940244 0,001040
разница 1,728701 0,000956
strike 2,564949 0,001418
сразиться 3,338139 0,001845
новость 0,285712 0,001895
доха 2,239527 0,001238
начинаться 1,664163 0,001840
бобров 3,050457 0,001686
ткачук 5,129899 0,002836
его 0,447767 0,000743
тренер 0,555188 0,000921
корешковый 3,338139 0,003691
жизнь 0,881403 0,000487
уничтожить 3,338139 0,001845
брат 2,134166 0,001180
выгнать 3,050457 0,003373
com 0,925206 0,000511
шорты 1,035554 0,000572
сериал 2,185460 0,001208
нхл 0,925206 0,002046
или 0,576022 0,000318
финляндия 1,323236 0,005852
турнир 0,293617 0,002922
призер 1,178655 0,000652
отличие 1,695912 0,000937
фонбет 1,466337 0,000811
финна 3,520461 0,001946
горнолыжный 1,301257 0,001439
аравия 1,834062 0,001014
уступить 1,368699 0,003026
табло 2,357310 0,001303
точно 1,911023 0,001056
дрифт 2,421849 0,001339
канал 1,416327 0,000783
политик 0,224624 0,000124
северсталь 2,038856 0,006762
почему 1,122566 0,000621
хороший 0,393700 0,000653
тренировка 0,895792 0,000495
падел 2,296685 0,001270
когда 0,652562 0,000361
играть 0,895792 0,001486
омск 2,732003 0,001510
фигурный 0,514778 0,000854
ждать 1,492313 0,000825
конфиденциальность 0,293617 0,000162
паралимпиада 2,490841 0,001377
гандбол 1,122566 0,000621
эхо 3,743604 0,002069
релиз 1,911023 0,001056
маклин 4,031286 0,002228
шахматы 1,834062 0,001014
чего 1,345709 0,000744
всухую 3,183989 0,001760
первый 0,317714 0,000176
паралимпиаде 2,490841 0,001377
кадр 5,129899 0,002836
ялонен 4,436752 0,004905
мхл 1,603538 0,002659
лист 2,564949 0,001418
итог 0,867219 0,000479
осень 2,357310 0,001303
февраль 0,202645 0,003473
евротур 2,357310 0,001303
вопрос 1,104547 0,000611
германий 0,723179 0,001199
словакия 1,664163 0,001840
игра 0,112619 0,001245
капитан 1,574551 0,002611
вылететь 2,296685 0,002539
мощь 3,183989 0,001760
против 0,747872 0,000827
датчанин 3,520461 0,001946
селебрини 3,520461 0,001946
профессиональный 1,052361 0,000582
гайда 2,564949 0,001418
главное 0,524729 0,000580
ответ 2,239527 0,001238
там 1,603538 0,000886
мнение 1,951845 0,001079
фифа 1,728701 0,000956
федерация 0,495170 0,000274
присутствовать 1,951845 0,001079
салават 2,085376 0,003458
разорвать 3,338139 0,001845
любительский 1,416327 0,000783
прокуратура 4,436752 0,002453
где 0,675551 0,000373
высказаться 1,695912 0,001875
кто 0,747872 0,000827
баз 1,664163 0,000920
лишек 4,031286 0,004457
увезти 3,743604 0,002069
активный 1,546380 0,000855
полуфинальный 2,564949 0,002836
лилля 2,732003 0,001510
раскрыть 1,871802 0,001035
событие 0,565551 0,000625
позволять 1,664163 0,000920
кринон 4,031286 0,002228
использование 0,277868 0,000154
англия 1,238078 0,000684
неделя 1,217876 0,001346
вновь 1,574551 0,000870
счастливый 2,932674 0,001621
мотивация 2,357310 0,001303
чешский 2,932674 0,001621
championat 1,834062 0,001014
быть 0,119263 0,000791
окко 2,490841 0,001377
мчм 2,490841 0,001377
реванш 2,185460 0,001208
молодежный 1,159607 0,000641
ак 1,695912 0,000937
есть 0,812411 0,000898
вылет 2,490841 0,001377
спорт 0,125952 0,000557
таки 2,296685 0,001270
ледовый 1,994404 0,001102
кленовый 4,436752 0,002453
национальный 0,839439 0,000464
франция 0,675551 0,000747
мочь 0,350775 0,000582
этот 0,350775 0,000582
шоу 1,441019 0,000797
сам 0,747872 0,000413
борьба 0,723179 0,000800
приложение 1,574551 0,001741
сборная 0,342407 0,003975
аутсайдер 3,050457 0,001686
уверить 2,085376 0,002306
квалификация 1,695912 0,000937
швеция 1,035554 0,002290
циципас 2,134166 0,001180
бронзовый 1,345709 0,000744
дракон 2,421849 0,006694
санный 1,301257 0,000719
фехервари 4,436752 0,002453
женский 0,663991 0,000734
правило 0,986764 0,000545
паратриатлон 2,490841 0,001377
фристайл 1,238078 0,001369
гимнастика 1,198073 0,000662
уефа 1,466337 0,001621
снайпер 2,644992 0,001462
дать 0,608110 0,000336
кхл 0,760451 0,003363
пресс 0,895792 0,000495
почтить 1,279751 0,000707
крунур 5,129899 0,002836
возможный 1,392229 0,001539
эдмонтон 3,743604 0,002069
кубок 0,376309 0,002288
легенда 1,416327 0,000783
спортивный 0,301585 0,000167
третий 1,238078 0,002053
женщина 0,663991 0,000367
игрок 0,711058 0,002358
прогноз 1,994404 0,001102
челябинск 2,239527 0,001238
уже 0,687247 0,001900
мужской 1,198073 0,002649
rss 2,085376 0,002306
раз 0,485508 0,000537
чемпионат 0,188256 0,001561
вы 0,309617 0,000342
киберклубы 2,564949 0,001418
российский 0,224624 0,000248
ranymavgga 2,564949 0,001418
испания 1,159607 0,000641
всеволод 3,183989 0,001760
выиграть 0,485508 0,000537
трактор 1,994404 0,004410
обойтись 3,050457 0,001686
бубник 5,129899 0,002836
версия 0,393700 0,000653
узнать 2,134166 0,001180
россия 0,139466 0,001234
тест 1,546380 0,000855
горячий 2,564949 0,001418
смотреть 1,368699 0,001513
сочить 0,853233 0,000472
шесть 1,238078 0,004106
рекорд 0,955511 0,001056
свой 0,586604 0,000973
последниевсе 2,564949 0,001418
вытащить 4,436752 0,002453
свое 0,457070 0,000253
назвать 0,940244 0,001559
настольный 1,198073 0,000662
плей 1,002764 0,000554
без 0,466460 0,000258
еврокубок 2,296685 0,001270
перед 0,839439 0,000464
сайт 0,411400 0,000227
дома 1,695912 0,005625
до 0,239550 0,000397
полезный 1,695912 0,000937
помнить 3,183989 0,001760
другой 0,188256 0,000208
квартальнов 3,050457 0,003373
соответствие 1,002764 0,000554
весить 1,911023 0,001056
трек 1,104547 0,000611
европа 0,393700 0,000653
atp 1,994404 0,003307
давать 1,416327 0,000783
пар 1,416327 0,001566
громить 5,129899 0,002836
передача 1,633391 0,003612
ее 0,723179 0,000800
завтра 1,951845 0,001079
евро 1,466337 0,000811
реслинг 2,564949 0,001418
кино 2,134166 0,001180
пьер 1,951845 0,001079
erid 2,239527 0,003714
кинг 2,239527 0,001238
ход 1,279751 0,001415
питание 2,239527 0,001238
посол 0,301585 0,000667
баскетбол 0,723179 0,001199
период 1,035554 0,004580
сопротивление 2,564949 0,002836
гагарин 2,085376 0,001153
паок 2,732003 0,001510
саудовский 1,834062 0,001014
mls 2,421849 0,001339
знать 1,345709 0,001488
разгромный 2,564949 0,002836
mdvh 2,564949 0,001418
больно 4,436752 0,002453
фортуна 2,421849 0,001339
вид 0,393700 0,000653
же 0,853233 0,000943
евролига 1,664163 0,000920
android 2,185460 0,001208
попасть 1,140915 0,001261
поражение 1,122566 0,003103
чемп 2,564949 0,001418
что 0,195425 0,000324
покинуть 1,871802 0,001035
за 0,125952 0,000975
жест 2,827314 0,001563
унизительный 3,520461 0,005838
канада 0,867219 0,014382
бобслей 1,217876 0,000673
оказать 2,732003 0,001510
рейтинг 0,524729 0,002321
сельта 2,932674 0,001621
медаль 0,619039 0,001027
трансляция 1,217876 0,001346
ожидать 2,827314 0,001563
зачет 1,416327 0,001566
сыграть 0,839439 0,001392
окончить 2,644992 0,007311
сид 2,490841 0,001377
хайкин 3,050457 0,001686
применяться 1,217876 0,000673
статья 0,495170 0,000274
грезить 5,129899 0,002836
досматривать 4,436752 0,002453
бесславный 5,129899 0,002836
медведев 1,633391 0,000903
дакар 2,421849 0,001339
петросян 1,441019 0,000797
звездный 2,827314 0,003126
из 0,106018 0,000410
play 1,441019 0,000797
мяч 0,735450 0,000407
четырехлетие 4,031286 0,002228
наш 0,652562 0,000361
ответить 1,664163 0,000920
швед 2,134166 0,003539
койву 4,436752 0,002453
нба 1,546380 0,000855
буллитам 2,732003 0,004531
близкий 1,762603 0,000974
уэйн 4,031286 0,002228
над 0,986764 0,002727
контакт 1,035554 0,000572
ови 2,490841 0,001377
минский 2,185460 0,006041
хоккей 0,285712 0,002211
спартак 0,711058 0,002358
сломить 3,743604 0,002069
астан 3,520461 0,001946
гол 1,323236 0,005120
ворот 1,762603 0,003897
двоеборье 1,217876 0,000673
ска 1,279751 0,003537
здоровье 1,323236 0,000731
нанести 2,185460 0,001208
рекомендательный 1,518981 0,000840
прочий 1,069456 0,005321
ски 1,069456 0,001774
серия 0,586604 0,001297
цска 0,711058 0,000786
ралли 2,357310 0,002606
овечкин 1,695912 0,001875
год 0,099461 0,000550
обратиться 2,732003 0,001510
международный 0,466460 0,000258
кузнецов 2,239527 0,002476
берет 2,932674 0,001621
интера 2,732003 0,001510
максимум 2,827314 0,001563
матч 0,293617 0,004869
суперлига 1,441019 0,001593
соперник 0,853233 0,000472
младший 1,911023 0,001056
лыжный 0,675551 0,000747
который 0,325878 0,000360
конькобежный 1,140915 0,000631
легкий 0,895792 0,000990
спас 3,520461 0,001946
динамо 0,663991 0,002202
снукер 2,564949 0,001418
победа 0,420369 0,003021
ли 1,198073 0,000662
знание 1,951845 0,002158
судейство 1,871802 0,001035
паратхэквондо 2,490841 0,001377
расклад 2,732003 0,003020
сегодня 0,881403 0,000974
засчитать 2,357310 0,001303
кошмар 2,827314 0,001563
lifestyl 2,490841 0,001377
америка 1,279751 0,002122
полуфинал 1,238078 0,004106
гений 3,338139 0,001845
властимил 4,436752 0,002453
давид 2,827314 0,001563
мн 2,490841 0,001377
евробаскет 2,490841 0,001377
лига 0,325878 0,001982
блистать 4,031286 0,002228
никакой 2,085376 0,002306
дух 3,050457 0,001686
закончить 1,994404 0,001102
евгения 1,178655 0,001303
сетка 2,085376 0,001153
отдых 2,038856 0,002254
болельщик 1,086847 0,000601
вырвать 2,421849 0,004016
участие 0,457070 0,000505
на 0,023953 0,000556
топ 1,238078 0,003422
олимпиада 0,576022 0,017195
водный 0,723179 0,000400
тот 0,393700 0,000653
форвард 1,871802 0,001035
не 0,099461 0,000440
барс 1,492313 0,000825
календарь 0,675551 0,000373
трамплин 1,140915 0,001261
онлайн 0,773190 0,001282
отправиться 2,421849 0,001339
любитель 1,238078 0,000684
но 0,402511 0,001780
коннору 5,129899 0,002836
спастись 3,183989 0,005280
ну 2,827314 0,001563
история 0,270086 0,000597
тре 5,129899 0,002836
длить 0,146292 0,000404
звезда 1,035554 0,000572
волевой 3,183989 0,010560
шокировать 3,050457 0,001686
количество 0,853233 0,000472
клубный 1,416327 0,000783
об 0,217244 0,000360
ои 0,812411 0,005389
бой 1,279751 0,000707
треть 2,932674 0,004863
он 0,475938 0,001315
мужчина 0,812411 0,000449
смеяться 3,743604 0,002069
чемпион 0,334108 0,000739
площадка 1,574551 0,002611
даже 1,198073 0,000662
от 0,160085 0,000796
статистика 0,630089 0,001393
бокс 0,534779 0,000887
железо 2,357310 0,001303
слать 1,728701 0,000956
катание 0,514778 0,000854
адзурри 5,129899 0,002836
участник 0,799165 0,000442
селянне 4,436752 0,002453
лыжа 0,925206 0,001534
все 0,067304 0,000335
проснуться 4,031286 0,002228
условие 0,334108 0,000185
по 0,073653 0,000448
хоккеист 1,633391 0,000903
отдушина 5,129899 0,002836
информация 0,608110 0,000336
юкка 4,436752 0,002453
айван 4,436752 0,002453
травма 1,122566 0,002482
талант 2,644992 0,001462
биннингтон 4,436752 0,002453
канадец 2,421849 0,001339
круглосуточный 2,564949 0,001418
очень 1,140915 0,000631
ufc 1,441019 0,000797
третье 1,035554 0,003435
отыграться 2,357310 0,003909
маккиннон 2,239527 0,004952
какой 1,002764 0,001109
квалификационный 2,085376 0,001153
сенсационный 3,050457 0,001686
сломаться 4,031286 0,002228
яркий 1,762603 0,000974
второй 0,576022 0,000318
переть 0,359214 0,000397
