scot 1,695912 0,000365
состоять 1,279751 0,000275
велосипед 4,031286 0,000867
день 0,699082 0,000752
экспорт 0,986764 0,000212
валлин 5,129899 0,001104
lccn 1,492313 0,000321
ไทย 1,238078 0,000266
стиль 1,603538 0,000345
патруль 3,743604 0,006443
включение 2,564949 0,000552
tatarça 1,392229 0,000300
日本語 1,035554 0,000223
со 0,447767 0,000674
делиться 2,185460 0,000470
центр 0,773190 0,000333
частность 1,994404 0,000429
анфис 4,436752 0,000955
север 3,338139 0,002155
slovenščina 1,345709 0,000290
под 0,723179 0,000778
парусный 1,574551 0,000339
заявление 0,799165 0,000172
множество 1,951845 0,000420
выделять 2,932674 0,000631
связаться 0,867219 0,000187
декабрь 0,853233 0,000734
пом 1,695912 0,000365
brezhoneg 2,038856 0,000439
надувной 5,129899 0,001104
тв 1,633391 0,000351
подробный 0,687247 0,000148
реклама 0,687247 0,000296
немного 2,038856 0,000439
содержание 0,955511 0,000411
eesti 1,069456 0,000230
охотничий 5,129899 0,004415
связь 0,747872 0,000161
čeština 1,035554 0,000223
устюгов 2,490841 0,000536
зарождение 3,520461 0,000757
чужая 3,338139 0,000718
aragoné 1,762603 0,000379
викисклад 1,035554 0,000446
шар 3,183989 0,000685
britannica 1,518981 0,000327
корфбол 1,762603 0,000379
каноэ 1,633391 0,000351
весь 1,633391 0,000351
пройти 0,544931 0,000352
slovenčina 1,069456 0,000230
заряжать 5,129899 0,001104
wikipedia 0,986764 0,000425
gnd 1,392229 0,000300
болгария 2,185460 0,000470
юношеский 1,574551 0,001694
окончательно 2,564949 0,000552
plattdüütsch 2,357310 0,000507
подразумеваться 4,031286 0,001735
расположить 1,574551 0,000339
отредактировать 0,986764 0,000212
c 1,546380 0,000333
проект 0,457070 0,000492
e 1,603538 0,000345
называть 1,258698 0,000812
i 1,762603 0,000379
корректировать 4,436752 0,000955
j 1,466337 0,000315
union 3,183989 0,001370
миллиметр 2,932674 0,003786
l 2,490841 0,000536
ниогре 5,129899 0,001104
ушу 1,728701 0,000372
викиновости 1,238078 0,000266
u 1,345709 0,000579
сильный 1,198073 0,000516
w 0,955511 0,000206
иной 2,038856 0,003509
также 0,663991 0,002857
фр 2,421849 0,000521
шайба 0,986764 0,000212
член 1,416327 0,000609
العربية 1,069456 0,000230
индивидуальный 1,797694 0,010443
универсиада 2,644992 0,001707
стартовать 1,633391 0,000351
фризский 1,762603 0,000379
украина 1,217876 0,000262
италия 0,524729 0,000113
пулевой 3,743604 0,000805
трава 1,392229 0,000599
пограничник 5,129899 0,001104
сначала 1,664163 0,001074
пацифистский 5,129899 0,001104
территория 1,518981 0,000327
находиться 0,925206 0,000199
собачий 1,762603 0,000379
диоптрический 5,129899 0,002207
начать 1,279751 0,001377
окончание 1,546380 0,000333
изменение 1,345709 0,000869
сидеть 2,421849 0,000521
библиографический 1,279751 0,000275
фатьянова 4,436752 0,001909
pentathlon 5,129899 0,001104
лестандер 5,129899 0,001104
ложа 2,932674 0,000631
конгресс 2,185460 0,000940
правка 0,986764 0,000425
повышать 3,520461 0,000757
однако 1,069456 0,001150
батут 1,728701 0,000372
серфинг 1,762603 0,000379
себя 0,597299 0,001542
tolışi 1,871802 0,000403
субъект 4,031286 0,000867
коммерческий 2,185460 0,003762
система 0,799165 0,000344
изменить 1,728701 0,000372
шамони 3,183989 0,002055
việt 1,140915 0,000245
отказ 0,839439 0,000181
корея 1,695912 0,000365
альбервиле 4,031286 0,000867
азиады 4,436752 0,000955
июнь 1,198073 0,000258
дзюдо 1,466337 0,000315
гонка 0,853233 0,014318
допускаться 1,911023 0,000411
один 0,342407 0,000589
дисциплина 1,546380 0,003992
одиночный 2,239527 0,001445
ἆθλον 5,129899 0,001104
иметь 1,069456 0,001841
совет 0,825834 0,000178
че 3,520461 0,000757
значительный 2,185460 0,000470
норвежка 4,436752 0,000955
победительница 2,644992 0,000569
длина 1,871802 0,002819
чм 1,492313 0,000321
самостоятельный 2,932674 0,000631
нация 1,797694 0,000387
лыжероллерах 5,129899 0,001104
часть 1,104547 0,000475
парве 5,129899 0,001104
практический 1,546380 0,000665
грайс 4,436752 0,000955
заметный 2,932674 0,001262
пластина 4,031286 0,002602
последний 0,376309 0,000324
класс 1,728701 0,001860
минута 0,940244 0,000202
шёнтир 5,129899 0,001104
курировать 4,031286 0,005204
некоторые 1,198073 0,000516
клапан 5,129899 0,001104
клас 5,129899 0,001104
инвентарь 2,085376 0,000449
коринна 5,129899 0,001104
pdf 0,940244 0,000202
дарья 1,951845 0,000420
сша 0,586604 0,000126
ресурс 0,812411 0,000175
описание 0,881403 0,000190
июль 1,019025 0,000219
передвижение 3,183989 0,000685
южный 1,159607 0,001247
символический 2,296685 0,000494
одновременно 1,762603 0,000379
bahasa 1,086847 0,000468
challeng 2,296685 0,000494
производить 3,520461 0,000757
разновидовые 5,129899 0,001104
поочередный 3,050457 0,000656
кайя 5,129899 0,001104
номер 1,392229 0,000300
король 2,490841 0,000536
через 0,971016 0,000418
зрение 2,296685 0,000494
lietuvių 1,140915 0,000245
разновидовых 5,129899 0,008829
взрослый 2,564949 0,002207
словарь 1,198073 0,000258
становиться 1,159607 0,000249
стрельба 1,441019 0,007441
официально 1,159607 0,000748
разработчик 0,971016 0,000209
ноябрь 0,955511 0,000617
команда 0,262364 0,000169
минспорттуризма 4,436752 0,000955
сквош 1,728701 0,000372
вклад 0,955511 0,000206
indonesia 1,086847 0,000234
хохфильцене 5,129899 0,001104
текст 0,925206 0,000199
являться 1,019025 0,003727
system 3,183989 0,000685
проводиться 1,086847 0,004910
esperanto 1,198073 0,000258
усилие 2,490841 0,000536
единый 1,104547 0,000238
временить 1,140915 0,000982
зона 1,603538 0,000345
перейти 0,586604 0,000252
весомый 3,520461 0,000757
домрачев 3,520461 0,000757
решать 2,564949 0,000552
портал 1,416327 0,000914
отщелкивать 5,129899 0,002207
кубковый 2,296685 0,005435
нужно 1,492313 0,000321
биатлонистка 4,031286 0,005204
интерес 1,871802 0,000403
скелетон 1,258698 0,000271
українська 1,035554 0,000223
штраф 2,564949 0,000552
биатлонистки 3,743604 0,003222
биатлонистке 5,129899 0,001104
группа 1,122566 0,000242
лякросс 1,762603 0,000379
xviii 2,421849 0,000521
зальфельдене 5,129899 0,002207
ответственность 0,895792 0,000193
литовский 1,951845 0,000420
рост 0,812411 0,000524
предусмотреть 2,932674 0,000631
спортсмен 0,565551 0,001338
турин 2,490841 0,000536
françai 1,019025 0,000219
рэкетс 1,728701 0,000372
начинаться 1,664163 0,000358
взять 1,159607 0,000499
стоить 1,546380 0,001996
его 0,447767 0,000289
промах 4,436752 0,001909
эффект 2,932674 0,000631
только 0,447767 0,001156
ndl 1,834062 0,000395
нарастать 4,436752 0,000955
php 0,986764 0,000212
cite 1,258698 0,000271
студенческий 2,564949 0,000552
бадминтон 1,518981 0,000327
байдарка 1,603538 0,000345
com 0,925206 0,000199
магазинный 5,129899 0,001104
шорты 1,035554 0,000223
элитный 2,732003 0,000588
относиться 1,368699 0,000294
горнолыжный 1,301257 0,000280
устойчивость 4,031286 0,001735
исполниться 3,338139 0,002155
чаща 1,834062 0,000395
баскский 1,664163 0,000358
пасьют 4,436752 0,002864
канал 1,416327 0,000609
west 2,827314 0,000608
шведский 2,564949 0,001104
заглавный 0,986764 0,000212
гэльский 1,762603 0,000379
хороший 0,393700 0,000085
канат 1,762603 0,000379
столь 3,183989 0,000685
окно 2,357310 0,000507
свендсен 4,436752 0,000955
когда 0,652562 0,000421
etv 5,129899 0,001104
сеять 2,827314 0,000608
рассчитать 2,490841 0,000536
белоруссия 2,827314 0,000608
конфиденциальность 0,293617 0,000063
включительно 2,827314 0,000608
гандбол 1,122566 0,000725
svenska 1,035554 0,000223
общий 0,986764 0,001486
чего 1,345709 0,000290
моторный 1,762603 0,000379
глобус 3,743604 0,002416
масса 1,911023 0,005756
зальфельден 5,129899 0,001104
ссср 0,940244 0,000405
состояние 1,301257 0,000280
будо 1,762603 0,000379
паралимпийский 3,743604 0,001611
виталий 2,239527 0,000482
стрелковый 4,031286 0,000867
ширина 2,357310 0,000507
престижный 2,085376 0,000449
коньковый 3,743604 0,000805
открыть 1,279751 0,001101
слабый 2,134166 0,000459
появляться 2,038856 0,000439
фехтование 1,546380 0,000333
статус 1,279751 0,000551
перетягивание 1,762603 0,000379
так 0,597299 0,001028
французский 1,052361 0,001585
кассета 5,129899 0,001104
иногда 1,951845 0,000420
interlingua 1,603538 0,000345
федерация 0,495170 0,002024
где 0,675551 0,000436
основание 1,416327 0,000305
упоминаться 3,050457 0,001313
значимость 3,183989 0,000685
попадание 2,038856 0,002632
korean 4,436752 0,000955
позволять 1,664163 0,000358
гдр 2,038856 0,000877
участвовать 0,955511 0,000206
сообщить 0,447767 0,000096
примечание 1,002764 0,000431
пятиборье 1,574551 0,002710
быть 0,119263 0,000411
европейский 1,122566 0,000483
пластинка 5,129899 0,001104
диаметр 2,732003 0,001176
отопительный 5,129899 0,001104
огнев 4,031286 0,001735
указательный 4,436752 0,000955
исходить 3,520461 0,001515
исключение 1,695912 0,000730
скалолазание 1,695912 0,000365
лыжероллерный 5,129899 0,001104
самозарядный 5,129899 0,001104
инсбрук 2,827314 0,000608
есть 0,812411 0,000175
отделение 3,520461 0,001515
мизерски 5,129899 0,001104
спорт 0,125952 0,000542
конный 1,574551 0,000339
просмотр 0,925206 0,000199
макарайнен 5,129899 0,001104
национальный 0,839439 0,001625
english 0,925206 0,000398
франция 0,675551 0,000291
викисловарь 2,490841 0,000536
пиво 5,129899 0,001104
этот 0,350775 0,000302
onlin 3,520461 0,000757
четыре 0,910391 0,000392
марка 1,834062 0,000395
suomi 1,052361 0,000226
викисловаре 2,490841 0,000536
протяжение 1,951845 0,000420
форсберг 4,031286 0,001735
олле 5,129899 0,001104
швеция 1,035554 0,000446
суперспринте 5,129899 0,001104
qaraqalpaqsha 2,038856 0,000439
выдаваться 2,296685 0,000988
глава 1,122566 0,000242
основной 1,122566 0,000966
народ 2,564949 0,001104
край 1,994404 0,000429
зидек 4,436752 0,000955
creativ 0,986764 0,000212
известный 0,986764 0,000425
ныне 2,357310 0,001014
можно 1,002764 0,001079
română 1,122566 0,000242
сочетать 3,338139 0,002155
немецкий 1,797694 0,001547
элемент 0,925206 0,000199
nkc 1,574551 0,000339
использоваться 1,159607 0,000998
рубеж 2,421849 0,002605
спортивный 0,301585 0,000649
женщина 0,663991 0,003286
наступать 3,520461 0,000757
выступление 0,955511 0,000617
portuguê 1,035554 0,000223
ard 5,129899 0,001104
мужской 1,198073 0,001547
впервые 0,839439 0,001084
oʻzbekcha 1,140915 0,000245
кросс 3,338139 0,001436
раз 0,485508 0,000522
чемпионат 0,188256 0,001823
ўзбекча 1,140915 0,000245
магазин 2,038856 0,000439
latviešu 1,052361 0,000226
образование 2,038856 0,000439
российский 0,224624 0,000242
фестиваль 2,564949 0,001104
ствол 5,129899 0,003311
обладательница 3,183989 0,001370
цель 1,238078 0,000266
выиграть 0,485508 0,000418
условно 3,338139 0,000718
версия 0,393700 0,000254
регулярный 1,951845 0,000420
мега 5,129899 0,002207
team 2,490841 0,000536
смотреть 1,368699 0,000589
сочить 0,853233 0,000184
шесть 1,238078 0,000266
обычно 1,695912 0,000730
основать 1,466337 0,000631
зарегистрировать 0,711058 0,000153
rtv 5,129899 0,001104
штаб 1,664163 0,000716
тем 1,217876 0,000524
популярный 1,392229 0,000599
поло 1,441019 0,000620
назвать 0,940244 0,000202
без 0,466460 0,000502
чернышов 3,743604 0,001611
бен 2,827314 0,000608
четвертый 1,695912 0,000365
знак 0,986764 0,000212
огневой 5,129899 0,002207
правый 0,971016 0,000627
положить 2,185460 0,000470
представить 1,518981 0,002288
разрешаться 2,490841 0,000536
кайса 4,436752 0,000955
австралийский 1,633391 0,000351
работа 1,086847 0,000234
суперпреследование 5,129899 0,001104
спринт 1,871802 0,006443
европа 0,393700 0,001355
вручить 3,338139 0,001436
бег 2,564949 0,000552
параолимпийский 4,436752 0,000955
критерий 2,490841 0,000536
редакция 0,940244 0,000202
клодель 5,129899 0,001104
короча 4,031286 0,000867
запретить 1,178655 0,000254
посол 0,301585 0,000195
защищать 2,296685 0,000494
медиафайлы 1,217876 0,000524
клуб 0,652562 0,000702
успешность 5,129899 0,001104
центральный 1,603538 0,000345
galego 1,178655 0,000254
старый 1,159607 0,000249
page 0,986764 0,000212
короткий 0,699082 0,000150
абсолютный 2,038856 0,000439
кроме 1,368699 0,002061
всегда 1,258698 0,000271
биатлонная 4,031286 0,002602
оба 1,368699 0,000589
нойнер 4,436752 0,003818
километр 1,951845 0,006299
служебный 0,955511 0,000206
конституция 4,436752 0,000955
кодекс 0,971016 0,000209
положение 1,416327 0,001524
krombach 5,129899 0,001104
погодный 3,050457 0,000656
тип 1,345709 0,000290
карат 1,728701 0,000372
война 1,695912 0,000365
канада 0,867219 0,000187
бобслей 1,217876 0,000262
трансляция 1,217876 0,000262
поверхность 2,239527 0,000482
разделить 2,134166 0,001837
associ 0,986764 0,000212
максимальный 1,951845 0,000420
дисциплинарный 3,338139 0,000718
свободный 0,867219 0,000373
применяться 1,217876 0,000262
привлечение 4,031286 0,000867
существовать 1,122566 0,000966
статья 0,495170 0,001491
если 0,675551 0,000145
interlingu 2,239527 0,000482
современный 1,159607 0,003493
anschütz 5,129899 0,001104
wikimedia 0,986764 0,000212
срез 5,129899 0,001104
антье 5,129899 0,001104
ограничение 1,834062 0,001578
азиатский 2,296685 0,000494
мировой 0,955511 0,000206
поза 2,827314 0,000608
ответственный 2,827314 0,003041
юниорский 2,296685 0,001976
биатлонист 1,994404 0,012873
ранний 1,492313 0,000321
ελληνικά 1,086847 0,000234
многие 1,178655 0,000507
получить 0,384967 0,000248
коврик 5,129899 0,002207
беларусь 1,279751 0,000551
язык 0,925206 0,000398
улофссон 5,129899 0,001104
архивировать 1,104547 0,000238
вещание 3,520461 0,001515
эмиль 2,932674 0,000631
связанный 0,786093 0,000338
квартира 2,732003 0,001176
различный 1,441019 0,001240
nrk 5,129899 0,001104
босния 2,644992 0,001138
melayu 1,368699 0,000294
танковый 5,129899 0,002207
юнеско 5,129899 0,001104
разный 1,368699 0,000294
italiano 1,035554 0,000223
год 0,099461 0,001990
распространить 2,134166 0,000459
совместно 2,732003 0,000588
эстония 2,296685 0,000494
айсшток 1,728701 0,000372
увеличение 2,421849 0,000521
приходиться 2,038856 0,000439
международный 0,466460 0,004817
հայերեն 1,198073 0,000258
комитет 1,368699 0,001767
башҡортса 1,518981 0,000327
матч 0,293617 0,000063
снаряжение 3,338139 0,001436
граммовый 4,031286 0,000867
некубковых 5,129899 0,002207
учитываться 2,357310 0,000507
pwn 3,338139 0,000718
euskara 1,122566 0,000242
поэтому 1,392229 0,000300
прародитель 3,743604 0,001611
српскохрватски 1,416327 0,000305
крупный 1,198073 0,001804
демонстрационный 3,520461 0,002272
modern 3,183989 0,000685
расстояние 2,085376 0,000897
web 1,279751 0,000275
некубковые 5,129899 0,006622
выстрел 5,129899 0,003311
рамка 1,441019 0,001860
объявлять 2,932674 0,000631
приз 1,834062 0,000395
универсальный 1,911023 0,000411
bokmål 1,069456 0,000230
прикреплять 4,436752 0,000955
текущий 0,867219 0,000187
гру 5,129899 0,001104
сегодня 0,881403 0,000569
страна 0,641262 0,001518
инструмент 0,881403 0,000379
сразу 1,392229 0,000300
глима 1,762603 0,000379
создать 0,773190 0,000333
такой 0,735450 0,000475
планерный 1,762603 0,000379
деть 0,619039 0,000133
вместе 1,178655 0,000761
тесно 3,520461 0,000757
asturianu 1,323236 0,000285
адольф 4,436752 0,000955
чемпионка 1,441019 0,001860
телевидение 2,732003 0,001176
отдельно 3,050457 0,000656
решение 0,839439 0,000722
рука 1,392229 0,000300
лига 0,325878 0,000070
проходить 0,867219 0,001493
евгения 1,178655 0,000254
печать 0,955511 0,000411
русый 1,368699 0,000589
расширение 2,296685 0,000494
вынимать 4,436752 0,000955
íslenska 1,392229 0,000300
военный 1,664163 0,004655
включать 1,323236 0,003132
пелота 1,728701 0,000372
летний 0,619039 0,000666
некий 3,520461 0,000757
ввиду 2,732003 0,000588
фонд 0,895792 0,000193
состав 0,867219 0,000373
олимпиада 0,576022 0,000744
тот 0,393700 0,001440
вестись 2,185460 0,003291
обсуждение 0,867219 0,000373
патрульный 5,129899 0,001104
календарь 0,675551 0,000581
трамплин 1,140915 0,000245
наиболее 1,466337 0,001262
организация 0,663991 0,001714
указать 1,198073 0,001547
titl 0,986764 0,000212
вышеназванный 5,129899 0,001104
поздний 1,323236 0,000854
плечо 3,050457 0,000656
товарный 0,986764 0,000212
винтовка 4,436752 0,015273
история 0,270086 0,000407
македонский 1,258698 0,000271
почтовый 2,296685 0,000494
три 1,178655 0,000507
длить 0,146292 0,000283
звезда 1,035554 0,000223
дважды 1,574551 0,000339
lrt 5,129899 0,001104
венера 5,129899 0,002207
клубный 1,416327 0,000305
светлана 1,994404 0,000429
норвегия 1,279751 0,000826
спартакиада 2,564949 0,000552
yle 4,436752 0,000955
балкан 5,129899 0,001104
либо 1,140915 0,000982
хорватия 2,296685 0,000494
équip 4,031286 0,000867
название 1,035554 0,000891
поиск 0,711058 0,000306
чемпион 0,334108 0,000503
энергетик 4,436752 0,000955
viessmann 5,129899 0,001104
аналогичный 2,085376 0,000449
франк 3,338139 0,000718
oldid 0,986764 0,000212
катание 0,514778 0,000111
первое 0,393700 0,001440
участник 0,799165 0,001719
как 0,232059 0,000999
лыжа 0,925206 0,002190
дистанция 1,728701 0,001488
условие 0,334108 0,000288
герцеговина 2,644992 0,001138
тарашкевіца 1,198073 0,000258
принять 0,786093 0,000338
немой 1,416327 0,000305
рок 1,695912 0,000365
бьёрндален 4,031286 0,002602
ltv 5,129899 0,001104
третье 1,035554 0,000223
тила 5,129899 0,001104
авторство 0,986764 0,000212
высокий 0,760451 0,000491
эгида 1,728701 0,000372
взаимодействовать 4,031286 0,000867
второе 0,839439 0,000361
второй 0,576022 0,000124
рубрика 3,743604 0,000805
катя 4,436752 0,000955
калибраторы 5,129899 0,001104
català 1,086847 0,000234
специальный 1,217876 0,000262
dansk 1,069456 0,000230
новый 0,239550 0,000155
поведение 0,839439 0,000181
австрийский 3,183989 0,002055
тур 1,159607 0,000249
еще 0,167054 0,000216
теннис 0,475938 0,000205
снимать 3,520461 0,001515
марафон 2,490841 0,000536
литва 2,239527 0,000482
финский 1,518981 0,000654
успех 1,518981 0,000327
сбоку 4,436752 0,000955
فارسی 1,104547 0,000238
менее 1,258698 0,000271
амеля 5,129899 0,001104
касаться 1,994404 0,000429
жаргон 4,436752 0,000955
беларуская 1,069456 0,000460
полный 0,940244 0,000202
патрон 3,743604 0,001611
помощь 1,368699 0,000294
а 0,209918 0,000813
в 0,017911 0,000605
олык 2,932674 0,000631
антидопинговый 3,183989 0,000685
г 0,925206 0,000398
викимедиа 0,986764 0,000212
биатлонную 4,436752 0,001909
и 0,023953 0,000727
флажок 3,743604 0,000805
харви 5,129899 0,001104
к 0,132686 0,000171
показывать 1,762603 0,000379
велоспорт 1,178655 0,000254
м 0,534779 0,000230
н 0,895792 0,000193
azərbaycanca 1,258698 0,000271
о 0,042302 0,000036
альпинизм 1,301257 0,000280
п 1,086847 0,000468
с 0,036149 0,000397
она 0,597299 0,000257
скейтбординг 1,762603 0,000379
у 0,342407 0,001400
китай 1,695912 0,000365
скачать 0,895792 0,000385
они 0,524729 0,001129
сезон 0,723179 0,002489
дополнительный 0,940244 0,000405
стрельбище 4,436752 0,001909
земля 2,490841 0,000536
ветер 4,031286 0,001735
вещатель 3,743604 0,000805
футбол 0,247097 0,000266
мир 0,277868 0,003348
атлетика 0,955511 0,000411
by 0,971016 0,000209
подобие 4,436752 0,000955
регби 0,955511 0,000411
русский 0,760451 0,000164
входить 1,258698 0,000812
этап 0,895792 0,001927
арктический 4,436752 0,002864
cc 0,986764 0,000212
организатор 1,951845 0,000420
классический 1,834062 0,000395
отдаленно 4,031286 0,000867
время 0,384967 0,000083
австрия 1,871802 0,001208
staff 4,031286 0,000867
марья 2,827314 0,000608
кольцевой 4,031286 0,000867
отменить 1,728701 0,000372
магдалена 4,436752 0,004773
ачери 5,129899 0,001104
ранее 1,104547 0,000238
победитель 0,799165 0,000688
автоматический 2,932674 0,000631
раздеть 1,871802 0,000403
соответствующий 1,695912 0,001095
составлять 1,518981 0,001634
вручную 4,031286 0,001735
белорусский 2,296685 0,000494
ульрих 3,520461 0,000757
de 1,871802 0,000403
город 1,069456 0,000230
прежде 2,185460 0,000470
оставлять 3,183989 0,000685
неофициальный 2,134166 0,001377
носить 1,664163 0,001074
粵語 1,178655 0,000254
комплексный 2,932674 0,000631
метр 1,574551 0,001016
восемь 1,695912 0,000365
викиданных 0,986764 0,000212
региональный 1,871802 0,002819
каталанский 1,695912 0,000730
белтелерадиокомпания 4,436752 0,000955
зависимость 1,911023 0,000411
северный 1,492313 0,002247
стрелять 4,031286 0,001735
начаться 1,518981 0,000654
каталог 1,301257 0,000280
эйнар 3,050457 0,002625
викискладе 1,217876 0,000524
увидеть 2,296685 0,000494
сноуборд 1,178655 0,000254
победить 0,699082 0,000150
направлять 3,338139 0,000718
хотя 1,546380 0,000665
раскалываться 5,129899 0,001104
hrt 5,129899 0,001104
счет 0,799165 0,000172
устанавливать 2,932674 0,000631
олимпийский 0,342407 0,003020
объективный 3,338139 0,000718
карьер 0,925206 0,000597
вероника 4,436752 0,000955
хёрлинг 1,762603 0,000379
читать 0,555188 0,000239
тяжелый 0,940244 0,000202
рассматривать 2,732003 0,000588
рикошет 4,436752 0,000955
англ 1,159607 0,000748
гран 1,518981 0,001307
командный 1,002764 0,001510
вильхельм 4,436752 0,000955
волейбол 0,955511 0,000206
польша 1,762603 0,000379
академический 1,546380 0,000333
биатлон 0,485508 0,008461
транспортироваться 5,129899 0,001104
плавание 1,178655 0,000507
мера 2,296685 0,000988
пожертвовать 0,940244 0,000202
болгарский 3,743604 0,000805
лишь 1,159607 0,000748
распоряжение 2,932674 0,000631
завершить 1,052361 0,000453
ссылка 0,699082 0,001504
спортсменка 1,664163 0,000358
штайнернен 5,129899 0,001104
srpskohrvatski 1,416327 0,000305
уипм 5,129899 0,002207
中文 1,035554 0,000223
помимо 1,911023 0,001233
тереть 0,786093 0,000677
foundat 0,986764 0,000212
кругосвет 1,994404 0,000429
курироваться 5,129899 0,001104
всемирный 1,762603 0,002655
рукоятка 4,031286 0,000867
среди 0,597299 0,002956
bis 4,031286 0,000867
ruhrga 5,129899 0,001104
латвия 1,664163 0,000358
девушка 1,797694 0,002707
совпадать 2,732003 0,000588
канадский 1,603538 0,000345
москва 0,576022 0,000124
корректироваться 4,436752 0,000955
юниорок 3,338139 0,005746
https 0,699082 0,000150
спина 2,134166 0,000459
biathlonworld 5,129899 0,001104
превышать 2,296685 0,000988
квадах 1,762603 0,000379
пристрелка 5,129899 0,001104
отдельный 0,955511 0,000822
результат 0,524729 0,000790
мобильный 0,555188 0,000119
biathlon 4,436752 0,001909
tiếng 1,140915 0,000245
татарча 1,392229 0,000300
עברית 1,052361 0,000226
лицо 1,695912 0,000730
index 0,986764 0,000212
большой 0,687247 0,000887
штука 4,436752 0,000955
должен 0,597299 0,000514
ix 2,564949 0,000552
избранный 0,955511 0,000206
тасс 1,695912 0,000365
მარგალური 2,490841 0,000536
документ 2,038856 0,000439
последующий 2,085376 0,001346
исключить 1,441019 0,000620
хрустальный 3,743604 0,002416
мушка 5,129899 0,002207
углубление 5,129899 0,001104
возить 4,436752 0,000955
родственный 2,239527 0,000482
стать 0,217244 0,000421
разновидность 2,490841 0,002144
крикет 1,695912 0,000365
керлинг 1,086847 0,000234
world 1,416327 0,000609
обращение 0,910391 0,000392
vlam 2,827314 0,000608
прицел 4,436752 0,003818
провести 0,799165 0,000172
быт 4,031286 0,000867
это 0,181139 0,000507
массовый 1,466337 0,000315
равный 1,466337 0,000631
упряжка 1,762603 0,000379
мсб 5,129899 0,011037
триатлон 1,633391 0,000351
код 0,971016 0,004387
лука 1,104547 0,000713
биатлонное 5,129899 0,001104
два 0,504926 0,001086
прыжок 0,940244 0,000607
биатлонной 4,031286 0,000867
ограничить 1,951845 0,000420
новость 0,285712 0,000061
биатлонном 5,129899 0,001104
url 0,986764 0,000212
контиолахти 4,436752 0,001909
доступный 0,955511 0,000206
пылев 5,129899 0,001104
остальное 1,834062 0,000395
сантиметр 0,955511 0,001645
эстафетный 3,743604 0,002416
скользить 3,338139 0,000718
утверждение 1,695912 0,000730
состязание 2,038856 0,004825
стартовый 1,728701 0,000372
войти 0,608110 0,000262
старт 1,035554 0,003565
гольф 1,574551 0,000339
или 0,576022 0,001611
sverig 5,129899 0,001104
финляндия 1,323236 0,000285
ქართული 1,392229 0,000300
қазақша 1,178655 0,000254
возраст 1,871802 0,001208
память 2,185460 0,000470
габарит 5,129899 0,001104
радио 2,421849 0,000521
политик 0,224624 0,000048
включить 1,392229 0,001498
минимум 2,239527 0,000482
юниорки 3,743604 0,001611
алфавит 1,159607 0,000249
учетный 0,986764 0,000212
international 3,183989 0,000685
совместить 3,520461 0,000757
принадлежать 1,762603 0,000379
много 0,735450 0,000475
представиться 0,986764 0,000212
засчитываться 2,564949 0,001104
говорят 2,827314 0,000608
фигурный 0,514778 0,000111
программа 0,799165 0,001547
обычный 2,038856 0,000439
затем 1,301257 0,000560
мансийске 5,129899 0,001104
далин 5,129899 0,001104
действие 1,518981 0,000327
тоҷикӣ 1,695912 0,000365
зальцбург 3,743604 0,000805
солт 2,644992 0,000569
смешанный 1,871802 0,004027
зритель 1,518981 0,000327
первый 0,317714 0,000342
разрешить 1,664163 0,000358
экхофф 4,436752 0,000955
настроение 3,338139 0,000718
локальный 3,743604 0,002416
кратный 2,357310 0,002536
людмила 3,520461 0,000757
пять 1,140915 0,000491
преследование 2,732003 0,002939
предусматривать 2,421849 0,000521
февраль 0,202645 0,000044
ошибка 0,576022 0,000124
карин 4,031286 0,000867
значение 1,258698 0,000812
планироваться 3,338139 0,000718
тогда 1,466337 0,000315
германий 0,723179 0,000467
деятельность 1,546380 0,000333
игра 0,112619 0,000824
наблюдаться 4,436752 0,000955
поскольку 1,728701 0,000744
компания 0,971016 0,000418
deutsch 1,052361 0,000226
калибр 5,129899 0,002207
марта 0,853233 0,000184
крышка 4,031286 0,001735
датский 1,368699 0,000294
старший 1,695912 0,000365
инд 4,436752 0,000955
суперспринт 5,129899 0,002207
хольгер 4,436752 0,000955
титул 1,301257 0,000280
on 2,239527 0,000482
михаэль 4,031286 0,000867
мишень 3,743604 0,007249
больший 0,457070 0,000787
nederland 1,019025 0,000219
кто 0,747872 0,000161
специфика 3,520461 0,000757
считаться 1,441019 0,000310
распространение 2,357310 0,002029
событие 0,565551 0,000243
использование 0,277868 0,000060
август 1,035554 0,000446
пора 1,392229 0,000300
самый 0,608110 0,001047
допустимый 2,644992 0,000569
материал 0,309617 0,000067
биатлонного 5,129899 0,001104
скиджоринг 1,762603 0,000379
скиинг 1,762603 0,000379
соревнование 0,411400 0,006904
ph 1,762603 0,000379
минус 2,827314 0,000608
общественный 2,038856 0,000439
кук 0,971016 0,000209
лицензия 0,971016 0,000209
тоже 1,911023 0,001233
лейк 2,357310 0,000507
чмю 5,129899 0,001104
черный 1,994404 0,001287
охота 3,338139 0,000718
зимний 0,663991 0,005857
представлять 1,217876 0,000786
издавна 5,129899 0,001104
навигация 0,986764 0,000637
страница 0,910391 0,001175
хегле 4,031286 0,000867
мочь 0,350775 0,000377
сам 0,747872 0,000805
борьба 0,723179 0,000311
западногерманский 4,436752 0,000955
сбр 4,436752 0,001909
запись 0,910391 0,000196
приложение 1,574551 0,000339
qr 0,986764 0,000212
limburg 2,134166 0,000459
джереми 3,520461 0,000757
проверять 1,834062 0,000395
включаться 3,520461 0,001515
подкатывать 5,129899 0,001104
санный 1,301257 0,000280
женский 0,663991 0,001286
правило 0,986764 0,000212
вообще 1,911023 0,000411
сохранение 0,971016 0,000209
吴语 1,238078 0,000266
фристайл 1,238078 0,000266
шведско 5,129899 0,001104
гимнастика 1,198073 0,000516
hrvatski 1,052361 0,000226
дать 0,608110 0,000131
персональный 0,723179 0,000156
оружие 2,421849 0,000521
действовать 0,825834 0,000355
возможный 1,392229 0,000599
ru 0,285712 0,000061
организовать 1,466337 0,000631
снег 2,644992 0,000569
бергер 4,031286 0,000867
минимальный 2,185460 0,000940
век 1,258698 0,000271
смочь 1,069456 0,000230
преодолевать 2,932674 0,001262
кубок 0,376309 0,004291
во 0,495170 0,001172
третий 1,238078 0,000266
sa 0,986764 0,000212
occitan 1,466337 0,000315
признать 1,834062 0,000789
уже 0,687247 0,000148
дата 0,799165 0,000516
nynorsk 1,546380 0,000333
sh 1,797694 0,000387
того 0,955511 0,001439
цвет 1,695912 0,000365
вы 0,309617 0,000067
веб 2,644992 0,000569
проводить 0,910391 0,000196
приклад 5,129899 0,001104
intern 2,357310 0,000507
español 1,019025 0,000219
просто 1,492313 0,000642
спид 1,762603 0,000379
лежа 4,031286 0,005204
россия 0,139466 0,000240
существенно 2,932674 0,000631
личной 1,664163 0,000358
скорость 1,951845 0,000420
петля 3,743604 0,000805
bosanski 1,345709 0,000290
свой 0,586604 0,000631
энциклопедия 0,986764 0,000425
свое 0,457070 0,000197
български 1,086847 0,000234
январь 0,786093 0,000169
ишмуратов 5,129899 0,001104
ibu 2,239527 0,008673
zdf 5,129899 0,001104
брейкинг 1,762603 0,000379
настольный 1,198073 0,000258
эствик 4,436752 0,000955
проведение 1,104547 0,002852
де 0,955511 0,000206
медведцева 5,129899 0,001104
перед 0,839439 0,000181
сайт 0,411400 0,000266
американский 0,910391 0,000392
до 0,239550 0,000928
др 2,490841 0,001072
палка 3,050457 0,003281
выступать 0,940244 0,001214
другой 0,188256 0,000324
сюда 0,986764 0,000212
перезаряжать 5,129899 0,001104
ветровой 5,129899 0,001104
рождественский 3,743604 0,001611
популярность 1,797694 0,001160
трек 1,104547 0,000238
цитировать 0,925206 0,000199
ее 0,723179 0,000934
представительный 4,436752 0,002864
мемориал 2,932674 0,000631
собственный 1,574551 0,001694
зеро 5,129899 0,004415
азия 1,834062 0,001578
ход 1,279751 0,000275
norsk 1,052361 0,000453
лондон 1,911023 0,000411
баскетбол 0,723179 0,000156
резцовый 2,421849 0,000521
праздник 2,732003 0,001763
число 0,955511 0,001439
штрафной 2,038856 0,000877
усиливать 3,520461 0,000757
сей 2,421849 0,000521
бриан 4,436752 0,000955
гребля 1,518981 0,000654
флаг 0,895792 0,000193
вид 0,393700 0,002202
же 0,853233 0,001469
трасса 2,134166 0,000459
горный 2,644992 0,000569
бумажный 4,436752 0,000955
мастер 1,518981 0,001307
polski 1,035554 0,000223
что 0,195425 0,000294
биатлонисток 4,436752 0,000955
common 0,986764 0,000212
livvinkarjala 3,050457 0,000656
править 0,544931 0,006448
незимних 5,129899 0,001104
за 0,125952 0,000298
софтбол 1,633391 0,000351
рейтинг 0,524729 0,000452
медаль 0,619039 0,000533
orf 5,129899 0,001104
org 0,986764 0,000212
зачет 1,416327 0,003352
уля 3,520461 0,003030
мероприятие 1,762603 0,000758
зависеть 2,185460 0,000470
несмотря 1,762603 0,000379
некоммерческий 0,986764 0,000425
советский 1,140915 0,000245
ханты 4,031286 0,000867
нулевой 2,732003 0,000588
любой 1,238078 0,000533
televis 3,743604 0,000805
datacent 5,129899 0,001104
традиционно 2,296685 0,000494
из 0,106018 0,000639
маунтин 5,129899 0,002207
художественный 1,518981 0,000327
мяч 0,735450 0,000158
биатлонных 4,436752 0,017182
кружком 5,129899 0,001104
ольга 2,827314 0,000608
случайный 0,986764 0,000212
указание 0,986764 0,000212
скрытый 1,052361 0,000226
граница 2,185460 0,000470
швед 2,134166 0,000918
показательный 1,279751 0,000275
их 0,799165 0,001032
српски 1,035554 0,000223
восточный 1,911023 0,000822
разве 3,520461 0,000757
пасьюте 5,129899 0,005518
напоминать 2,644992 0,001707
объединить 1,994404 0,000858
polsat 5,129899 0,001104
повышение 2,185460 0,000470
регламент 1,911023 0,000411
биатлонные 3,743604 0,018525
тема 1,104547 0,000238
хоккей 0,285712 0,000246
греча 3,338139 0,000718
биатлонный 5,129899 0,001104
биатлонным 5,129899 0,002207
изменяемый 5,129899 0,001104
отделиться 4,436752 0,000955
двоеборье 1,217876 0,000262
словения 2,357310 0,000507
приказ 2,932674 0,000631
белые 2,421849 0,000521
класть 5,129899 0,001104
белый 1,574551 0,000678
серия 0,586604 0,000126
ски 1,069456 0,000230
кружка 3,520461 0,001515
стокгольм 2,644992 0,000569
юноша 2,357310 0,003550
престижность 4,436752 0,000955
srpski 1,035554 0,000223
кг 2,185460 0,000470
снегоступ 5,129899 0,004415
крючок 4,436752 0,000955
broadcast 4,436752 0,000955
эльвебакк 4,436752 0,000955
закрываться 4,031286 0,000867
завоевать 1,035554 0,000223
континентальный 1,871802 0,001208
лыжный 0,675551 0,001453
который 0,325878 0,001542
юниор 1,345709 0,004632
постоянный 0,881403 0,000190
спуск 3,050457 0,000656
конькобежный 1,140915 0,000245
легкий 0,895792 0,000193
например 1,603538 0,002415
следующий 0,853233 0,000918
türkçe 1,052361 0,000226
ле 2,038856 0,000439
победа 0,420369 0,000543
чрезвычайный 3,520461 0,000757
привести 1,466337 0,000315
деление 4,436752 0,003818
вот 2,134166 0,000459
побеждать 1,951845 0,000420
уступать 1,994404 0,000858
случай 0,867219 0,000560
соревноваться 1,871802 0,002014
первоначально 1,951845 0,000420
америка 1,279751 0,002478
сити 1,546380 0,000333
спринтерский 3,183989 0,000685
한국어 1,035554 0,000223
палец 2,732003 0,000588
вод 1,466337 0,000315
союз 1,301257 0,003919
синхронный 1,574551 0,000339
создание 1,633391 0,000351
несколько 0,971016 0,000418
начало 0,760451 0,000654
место 0,402511 0,000260
ремень 4,031286 0,000867
заболотный 3,520461 0,000757
успешный 1,345709 0,000869
мы 0,195425 0,000042
участие 0,457070 0,000393
анне 4,031286 0,000867
крокет 1,728701 0,000372
на 0,023953 0,000644
достигнуть 1,728701 0,000744
представительность 5,129899 0,002207
водный 0,723179 0,000467
свежий 0,839439 0,000181
simpl 1,140915 0,000245
анна 1,695912 0,000730
не 0,099461 0,000599
использовать 0,940244 0,000607
каждый 0,812411 0,001398
золотой 1,002764 0,000431
онлайн 0,773190 0,000166
ложиться 4,031286 0,000867
но 0,402511 0,000087
толчок 2,490841 0,000536
утв 5,129899 0,001104
пуля 3,520461 0,001515
uipm 5,129899 0,001104
спонсируются 5,129899 0,001104
кружок 3,183989 0,002055
внешний 1,104547 0,000238
категория 0,881403 0,000759
недавний 3,183989 0,000685
норвежский 1,345709 0,001448
начинать 1,140915 0,000736
количество 0,853233 0,000367
бейсбол 1,416327 0,000609
magyar 1,086847 0,000234
об 0,217244 0,000093
уровень 1,086847 0,001403
ама 4,031286 0,000867
байка 4,436752 0,001909
формат 1,871802 0,000805
нет 0,825834 0,000355
ои 0,812411 0,015556
справка 0,986764 0,000212
называться 1,603538 0,001380
именоваться 3,183989 0,002055
лата 3,338139 0,000718
он 0,475938 0,000922
развитие 1,140915 0,000491
мужчина 0,812411 0,002971
завершение 1,695912 0,000365
тхэквондо 1,633391 0,000351
от 0,160085 0,000413
eurosport 3,338139 0,000718
форум 0,867219 0,000187
статистика 0,630089 0,000136
официальный 0,735450 0,001108
бокс 0,534779 0,000230
виклунд 5,129899 0,001104
юниорками 5,129899 0,001104
все 0,067304 0,000217
принимать 0,955511 0,000617
палальда 5,129899 0,001104
википедия 0,986764 0,001061
лыжероллеры 5,129899 0,001104
сведение 0,786093 0,000169
объявить 1,492313 0,000321
по 0,073653 0,000555
монгол 1,518981 0,000327
inc 0,986764 0,000212
сюжет 3,050457 0,000656
защитный 2,644992 0,001138
маунтинбайк 5,129899 0,001104
круг 1,392229 0,000300
тириль 4,436752 0,000955
эстафета 1,871802 0,008860
улучшение 2,827314 0,000608
биатло 4,436752 0,000955
какой 1,002764 0,000431
кыргызча 2,085376 0,000449
сообщество 0,910391 0,000196
вставлять 5,129899 0,001104
википедии 0,986764 0,000425
термин 1,345709 0,000290
источник 0,786093 0,001353
переть 0,359214 0,001391
