ямаль 2,421849 0,001385
формула 1,574551 0,000900
день 0,699082 0,001199
лед 1,951845 0,002232
найти 1,122566 0,000642
письмо 1,911023 0,001093
сакамото 3,520461 0,002013
таять 4,436752 0,002537
любить 1,466337 0,000838
мама 3,520461 0,002013
си 4,031286 0,004610
стиль 1,603538 0,000917
патруль 3,743604 0,002140
апл 1,871802 0,001070
путешествие 2,827314 0,001617
чуть 2,357310 0,001348
впечатлен 5,129899 0,002933
нетс 2,564949 0,001467
пол 0,910391 0,000521
проиграть 1,104547 0,000632
человек 0,940244 0,000538
систематизация 2,564949 0,001467
пусть 2,827314 0,001617
подробный 0,687247 0,000393
реклама 0,687247 0,000393
трусов 2,490841 0,001424
фото 0,799165 0,000457
связь 0,747872 0,000855
seri 2,085376 0,001192
устюгов 2,490841 0,001424
нереально 5,129899 0,002933
сейчас 1,104547 0,000632
обделить 3,743604 0,002140
балл 1,871802 0,002140
хендрикс 4,436752 0,002537
металлург 1,834062 0,001049
серхио 2,296685 0,001313
хэмилтон 2,490841 0,001424
булла 2,357310 0,001348
бреннан 4,436752 0,005073
поп 1,664163 0,000951
победный 1,871802 0,001070
лейкерс 2,239527 0,001280
читатель 3,050457 0,001744
трибунепрожектор 2,644992 0,001512
вхл 1,664163 0,000951
информационный 1,122566 0,000642
бакс 2,564949 0,001467
латыпов 2,564949 0,001467
котировка 5,129899 0,002933
поверить 4,031286 0,002305
про 1,301257 0,001488
фе 2,644992 0,001512
винисиус 2,296685 0,001313
филадельфия 2,239527 0,001280
готовить 2,421849 0,001385
главный 0,565551 0,000323
адетокумбо 2,564949 0,001467
подкаст 4,436752 0,002537
ситуация 1,392229 0,000796
миланя 2,038856 0,002331
крутихина 5,129899 0,002933
роберт 2,185460 0,001250
появиться 1,159607 0,000663
rds 1,911023 0,002185
украина 1,217876 0,000696
псж 1,518981 0,000868
снизиться 3,743604 0,002140
италия 0,524729 0,001200
коннор 2,357310 0,001348
дмитрий 1,258698 0,000720
прошлый 1,518981 0,001737
рожковый 3,338139 0,001909
isu 1,603538 0,000917
россиянин 0,971016 0,000555
степень 2,490841 0,001424
находиться 0,925206 0,000529
территория 1,518981 0,000868
чимаев 2,357310 0,001348
рисковать 3,743604 0,002140
олимпиец 2,644992 0,003025
вакансиирекламаподдержка 2,644992 0,001512
камбэк 2,732003 0,001562
аксел 5,129899 0,002933
слон 3,743604 0,002140
себя 0,597299 0,000342
алекс 2,185460 0,001250
часы 1,911023 0,001093
система 0,799165 0,000914
изменить 1,728701 0,000988
дэвис 1,633391 0,000934
дзюба 2,134166 0,001220
макдэвид 2,421849 0,001385
гонка 0,853233 0,000488
кучер 2,357310 0,001348
один 0,342407 0,000392
дюрэнт 2,564949 0,001467
гаррос 2,421849 0,001385
иметь 1,069456 0,000611
перебор 4,436752 0,002537
научить 3,743604 0,002140
samsung 3,520461 0,002013
сундлинг 2,421849 0,001385
уимблдон 2,421849 0,001385
часть 1,104547 0,000632
гигаблог 4,436752 0,002537
локомотив 0,839439 0,000480
live 1,492313 0,001706
арин 2,357310 0,001348
последний 0,376309 0,000645
минута 0,940244 0,000538
семененко 2,644992 0,001512
содружество 1,518981 0,000868
авангард 2,038856 0,001166
рассчитывать 2,932674 0,001677
архив 1,198073 0,000685
дарья 1,951845 0,001116
арсенал 1,323236 0,000757
заявить 1,140915 0,000652
соглашениеполитика 2,644992 0,001512
сша 0,586604 0,001006
ферстаппен 2,490841 0,001424
процесс 1,664163 0,000951
отчислить 3,520461 0,002013
challeng 2,296685 0,001313
киберспорт 1,762603 0,001008
артур 1,664163 0,000951
бодрить 5,129899 0,002933
ultra 3,183989 0,001820
финн 3,743604 0,002140
карлссон 2,564949 0,001467
куклина 2,644992 0,001512
индикар 2,564949 0,001467
столько 2,564949 0,001467
врач 2,490841 0,001424
нравиться 2,932674 0,001677
ливерпуль 1,951845 0,001116
видеоспортс 2,644992 0,001512
экскурсия 3,743604 0,002140
команда 0,262364 0,000900
екатерина 2,134166 0,001220
лос 1,518981 0,000868
довольный 1,994404 0,001140
панарин 2,357310 0,001348
зенит 0,867219 0,000992
никогда 1,951845 0,001116
боттас 2,490841 0,001424
единый 1,104547 0,000632
мадрид 1,762603 0,001008
сидень 1,994404 0,001140
подготовка 1,178655 0,000674
нурмагомед 2,357310 0,001348
решать 2,564949 0,001467
вapp 2,644992 0,001512
золото 1,140915 0,001957
нужно 1,492313 0,001706
кросби 1,994404 0,002281
подкасты 4,031286 0,002305
мельник 4,031286 0,002305
мерседес 2,421849 0,001385
леклер 2,490841 0,001424
top 1,695912 0,000970
суперкамбэк 4,436752 0,002537
аксель 3,743604 0,002140
малинин 2,644992 0,001512
спецпроект 1,994404 0,002281
украинский 1,797694 0,002056
ответственность 0,895792 0,000512
слово 1,035554 0,000592
спортсмен 0,565551 0,000970
вашингтон 1,994404 0,001140
сильнейший 1,546380 0,000884
хвича 2,490841 0,001424
только 0,447767 0,000768
жизнь 0,881403 0,000504
сарафанова 5,129899 0,002933
морэнт 2,644992 0,001512
головин 1,695912 0,000970
студенческий 2,564949 0,001467
нхл 0,925206 0,000529
ягудин 3,743604 0,002140
стэйт 2,421849 0,001385
ландо 2,564949 0,001467
роднина 3,183989 0,001820
талантливый 3,520461 0,002013
турнир 0,293617 0,001343
паралимпиаду 3,520461 0,002013
относиться 1,368699 0,001565
допустить 1,546380 0,000884
точно 1,911023 0,002185
теплый 2,932674 0,001677
почему 1,122566 0,000642
касаткин 2,357310 0,001348
хороший 0,393700 0,000900
нэтан 2,564949 0,002933
тренировка 0,895792 0,001537
когда 0,652562 0,000373
занижать 4,436752 0,002537
миранчук 2,357310 0,001348
подарить 2,421849 0,002769
блоги 2,296685 0,002626
фигурист 3,050457 0,001744
чего 1,345709 0,000769
лаборатория 2,644992 0,001512
заигрывать 5,129899 0,002933
никто 1,574551 0,001801
капитан 1,574551 0,000900
кумир 3,743604 0,002140
так 0,597299 0,000683
главное 0,524729 0,000900
маршанд 3,743604 0,002140
федерация 0,495170 0,000283
фернандо 2,239527 0,001280
где 0,675551 0,000386
бундеслига 2,134166 0,001220
кортина 2,490841 0,001424
лыжник 2,085376 0,001192
квада 5,129899 0,005866
маверикс 2,564949 0,001467
сообщить 0,447767 0,000256
быть 0,119263 0,000682
лорена 5,129899 0,002933
расселл 2,296685 0,001313
sport 0,760451 0,001304
тутберидзе 2,085376 0,003577
прожектор 3,183989 0,001820
есть 0,812411 0,002787
деревня 3,183989 0,001820
левито 5,129899 0,002933
справедливый 3,520461 0,002013
спорт 0,125952 0,000648
емельяненко 2,421849 0,002769
коляда 2,644992 0,001512
грузия 2,296685 0,001313
бах 4,031286 0,002305
франция 0,675551 0,001545
функционер 2,644992 0,001512
этот 0,350775 0,000201
шоу 1,441019 0,001648
претендовать 2,732003 0,001562
сказать 1,368699 0,000783
казахстанский 2,296685 0,001313
швеция 1,035554 0,001184
ближний 1,728701 0,000988
джокович 2,421849 0,001385
полыхание 5,129899 0,002933
сбор 1,368699 0,000783
народ 2,564949 0,001467
рекордный 2,038856 0,001166
джордж 1,994404 0,001140
фигуристка 2,239527 0,002561
илья 1,797694 0,002056
согласный 2,490841 0,001424
миронов 2,644992 0,001512
корчажникова 5,129899 0,002933
элемент 0,925206 0,000529
спортивный 0,301585 0,000517
игрок 0,711058 0,000407
женщина 0,663991 0,003417
пользовательский 2,185460 0,001250
буксировка 4,031286 0,002305
выступление 0,955511 0,001639
мужской 1,198073 0,000685
аделий 1,871802 0,008562
впервые 0,839439 0,000480
базовый 2,490841 0,001424
раз 0,485508 0,000278
чемпионат 0,188256 0,000646
пиастри 2,564949 0,001467
кирилл 1,695912 0,000970
фурнье 5,129899 0,002933
российский 0,224624 0,000257
еле 3,743604 0,002140
выиграть 0,485508 0,000278
денвер 2,296685 0,001313
обойтись 3,050457 0,003488
приехать 2,134166 0,001220
чувствовать 3,050457 0,001744
версия 0,393700 0,000450
карлос 2,134166 0,002440
джошуа 2,357310 0,001348
интернет 1,574551 0,000900
сутки 3,183989 0,001820
смотреть 1,368699 0,000783
макларен 2,490841 0,001424
брюки 4,436752 0,002537
карен 2,357310 0,001348
ледниковый 2,564949 0,001467
фрид 2,644992 0,001512
штаб 1,664163 0,000951
без 0,466460 0,001067
харден 2,644992 0,001512
между 0,955511 0,000546
бер 5,129899 0,002933
сложный 1,871802 0,002140
положить 2,185460 0,001250
спринт 1,871802 0,001070
европа 0,393700 0,000225
загрузить 1,994404 0,004561
катиться 3,743604 0,002140
сеть 1,258698 0,000720
козловский 3,743604 0,004281
редакция 0,940244 0,000538
блог 2,357310 0,010782
ислам 2,038856 0,001166
манчестер 2,085376 0,001192
период 1,035554 0,000592
гагарин 2,085376 0,001192
клуб 0,652562 0,000373
кризис 2,357310 0,001348
автор 1,466337 0,000838
короткий 0,699082 0,001599
бороться 1,633391 0,001868
мария 1,834062 0,001049
гуменник 2,564949 0,007333
бавария 1,994404 0,001140
евролига 1,664163 0,000951
всегда 1,258698 0,001439
астон 2,185460 0,001250
краснодар 0,867219 0,000496
положение 1,416327 0,000810
канада 0,867219 0,000992
трансляция 1,217876 0,000696
брать 2,239527 0,001280
прокат 1,951845 0,003348
никита 1,492313 0,000853
применяться 1,217876 0,000696
федот 4,031286 0,002305
монетизация 2,644992 0,001512
федор 1,871802 0,001070
если 0,675551 0,001159
современный 1,159607 0,000663
челентано 5,129899 0,002933
йокич 2,644992 0,001512
медведев 1,633391 0,001868
кусочек 5,129899 0,002933
накаи 4,031286 0,002305
отношение 1,301257 0,000744
play 1,441019 0,000824
мировой 0,955511 0,001093
биатлонист 1,994404 0,001140
эдуард 2,085376 0,001192
получить 0,384967 0,000220
ришо 5,129899 0,002933
хвост 5,129899 0,002933
наследие 3,183989 0,001820
крюгер 2,644992 0,001512
наггетс 2,490841 0,001424
хачанов 2,296685 0,001313
рахмон 2,564949 0,001467
мечтать 3,520461 0,002013
сделать 0,853233 0,000976
фактически 2,357310 0,001348
встряска 3,183989 0,001820
хемингуэй 4,436752 0,002537
милан 1,574551 0,000900
ролан 2,239527 0,001280
прочий 1,069456 0,000611
крутихиной 5,129899 0,002933
вембаньяма 2,644992 0,001512
год 0,099461 0,000284
тройной 2,827314 0,001617
максим 1,871802 0,001070
международный 0,466460 0,000533
кузнецов 2,239527 0,001280
андрей 1,258698 0,002159
стараться 2,564949 0,001467
australian 2,185460 0,001250
женя 3,743604 0,002140
большунов 2,185460 0,001250
уведомление 2,490841 0,002848
антон 1,695912 0,000970
динамо 0,663991 0,000380
льюис 2,296685 0,001313
злодей 4,436752 0,002537
ультра 4,436752 0,005073
страна 0,641262 0,000367
петр 1,392229 0,002388
просить 2,732003 0,001562
помощник 2,134166 0,001220
инструмент 0,881403 0,000504
создать 0,773190 0,000884
такой 0,735450 0,000420
деть 0,619039 0,000354
таков 3,743604 0,002140
спортсе 2,644992 0,003025
прочтение 5,129899 0,002933
кайри 2,490841 0,001424
спортса 2,644992 0,004537
гнев 4,436752 0,002537
юлия 2,085376 0,001192
отправить 1,871802 0,001070
решение 0,839439 0,000480
лига 0,325878 0,001304
евгения 1,178655 0,002696
горазд 3,050457 0,001744
необычный 2,827314 0,001617
военный 1,664163 0,000951
марк 2,085376 0,001192
исторически 3,050457 0,001744
топ 1,238078 0,000708
олимпиада 0,576022 0,008892
джонс 2,085376 0,001192
тот 0,393700 0,001351
бобслеистки 4,436752 0,002537
нганну 2,644992 0,001512
барс 1,492313 0,001706
календарь 0,675551 0,000773
сложно 2,134166 0,001220
макгрегор 2,421849 0,001385
смартфон 2,732003 0,004686
неочевидный 3,338139 0,001909
этери 2,564949 0,001467
история 0,270086 0,000309
дегтярев 2,421849 0,004154
длить 0,146292 0,000084
светлана 1,994404 0,001140
норвегия 1,279751 0,003659
университет 1,911023 0,001093
доротея 2,490841 0,001424
самоделкиной 5,129899 0,002933
швентек 2,644992 0,001512
бой 1,279751 0,001463
фэнтези 2,644992 0,001512
тысяча 1,546380 0,000884
чемпион 0,334108 0,000191
джеймс 1,911023 0,002185
валттери 2,490841 0,001424
бегать 3,338139 0,001909
новак 2,564949 0,001467
лариса 2,296685 0,001313
катание 0,514778 0,003532
как 0,232059 0,000663
первое 0,393700 0,000450
лыжа 0,925206 0,001058
алексей 1,140915 0,000652
конфиденциальностиинформация 2,644992 0,001512
елизавета 2,185460 0,001250
хоккеист 1,633391 0,000934
тампа 2,490841 0,001424
гуменника 2,564949 0,001467
принять 0,786093 0,000449
заубер 2,644992 0,001512
риск 2,357310 0,001348
гаснуть 2,421849 0,001385
хегстад 2,644992 0,001512
ufc 1,441019 0,002472
упасть 2,357310 0,001348
nascar 2,644992 0,001512
тулуп 4,031286 0,006915
высокий 0,760451 0,001304
хамзат 2,296685 0,001313
мана 2,421849 0,001385
свечник 2,644992 0,001512
вирер 2,564949 0,001467
терентьев 2,490841 0,001424
новый 0,239550 0,000411
рпл 1,140915 0,000652
тур 1,159607 0,000663
медальный 1,797694 0,001028
еще 0,167054 0,000191
теннис 0,475938 0,000544
кевин 2,038856 0,001166
йоханнес 2,085376 0,002385
ставка 0,799165 0,000457
дончич 2,564949 0,001467
важный 0,986764 0,001693
пойти 2,185460 0,001250
критиковать 3,338139 0,001909
александр 0,839439 0,003360
нести 3,183989 0,001820
стефанос 2,564949 0,001467
а 0,209918 0,000840
яна 1,834062 0,002097
в 0,017911 0,000379
д 0,895792 0,000512
е 0,867219 0,000496
и 0,023953 0,000370
джон 1,633391 0,000934
й 0,825834 0,001889
к 0,132686 0,000076
м 0,534779 0,000306
маркетплейсах 4,436752 0,002537
о 0,042302 0,000193
с 0,036149 0,000310
она 0,597299 0,001366
средство 1,664163 0,000951
у 0,342407 0,000783
мия 5,129899 0,002933
ф 1,728701 0,000988
губанов 4,436752 0,002537
авто 0,925206 0,000529
сезон 0,723179 0,000827
они 0,524729 0,000600
валиев 2,185460 0,006248
я 0,747872 0,003848
лутц 4,031286 0,002305
футбол 0,247097 0,000283
конек 2,296685 0,002626
мир 0,277868 0,001271
регби 0,955511 0,000546
месси 2,239527 0,001280
бруклин 2,296685 0,001313
хабиб 2,296685 0,001313
миннесота 2,421849 0,001385
боец 1,797694 0,001028
томас 2,490841 0,001424
насредакцияконтакты 2,644992 0,001512
okko 2,357310 0,002696
правообладатель 2,296685 0,001313
макса 2,038856 0,001166
ранее 1,104547 0,000632
победитель 0,799165 0,000457
шавкат 2,564949 0,001467
бабиков 2,644992 0,001512
чистый 2,038856 0,002331
сергей 1,301257 0,001488
голден 2,357310 0,001348
василевский 2,564949 0,001467
честно 3,050457 0,001744
японец 2,564949 0,004400
час 1,728701 0,000988
журналистка 4,031286 0,004610
соцсетях 1,466337 0,000838
квадом 4,436752 0,002537
шанс 1,258698 0,000720
вырасти 2,732003 0,001562
вторичный 3,183989 0,001820
вечный 2,644992 0,001512
щербаков 2,490841 0,001424
выступить 1,238078 0,001416
увидеть 2,296685 0,002626
показать 0,504926 0,001155
победить 0,699082 0,000400
крутой 2,239527 0,001280
мма 1,069456 0,001223
надо 2,038856 0,001166
знакомиться 4,436752 0,002537
балет 3,338139 0,001909
хотя 1,546380 0,000884
заслужить 2,357310 0,001348
траньков 4,436752 0,002537
порядок 1,664163 0,000951
доносить 5,129899 0,002933
софи 5,129899 0,002933
олимпийский 0,342407 0,000392
карьер 0,925206 0,000529
ирина 2,732003 0,001562
чиба 5,129899 0,002933
иго 2,564949 0,001467
читать 0,555188 0,000317
равняться 4,031286 0,002305
гонщик 2,421849 0,001385
тяжелый 0,940244 0,000538
fc 2,085376 0,001192
александер 2,357310 0,001348
оценивать 2,827314 0,001617
гран 1,518981 0,000868
карри 2,421849 0,001385
командный 1,002764 0,000573
оценка 1,797694 0,002056
салах 2,564949 0,001467
выяснять 3,338139 0,001909
лайк 5,129899 0,002933
видео 0,699082 0,000400
камил 2,239527 0,003841
чехия 1,258698 0,000720
интересный 2,085376 0,001192
биатлон 0,485508 0,000833
стэнли 2,185460 0,001250
оскар 2,357310 0,001348
произвольный 1,994404 0,005702
япония 1,279751 0,000732
мой 1,368699 0,004695
gp 2,490841 0,001424
wrc 2,564949 0,001467
кажется 2,644992 0,001512
биться 2,564949 0,001467
даллас 2,296685 0,001313
рейнджерс 2,038856 0,001166
основа 1,301257 0,000744
викторий 2,038856 0,001166
делать 1,392229 0,000796
римский 2,644992 0,001512
технология 0,786093 0,000899
испытание 3,183989 0,001820
среди 0,597299 0,000342
девушка 1,797694 0,001028
motogp 2,644992 0,001512
чиновник 2,732003 0,001562
москва 0,576022 0,000988
теннисист 2,134166 0,001220
баскетболист 2,239527 0,001280
остон 2,564949 0,001467
эмбиид 2,644992 0,001512
волшебник 3,743604 0,004281
action 3,183989 0,001820
предоставление 2,357310 0,001348
фьюри 2,357310 0,001348
мамма 5,129899 0,002933
результат 0,524729 0,000300
джейсон 2,421849 0,001385
мобильный 0,555188 0,000635
приглашать 3,183989 0,001820
павел 1,834062 0,001049
тренировочный 1,834062 0,001049
полок 4,031286 0,002305
рудковская 5,129899 0,002933
офф 1,019025 0,000583
должен 0,597299 0,001366
фрэнсис 2,564949 0,001467
сравнение 2,134166 0,001220
перепить 4,436752 0,002537
ничего 2,732003 0,001562
dog 2,564949 0,001467
мартин 2,038856 0,001166
забить 1,466337 0,000838
реал 1,416327 0,000810
сливко 2,564949 0,001467
хотеть 1,104547 0,001895
чен 3,743604 0,002140
сбера 4,436752 0,002537
даниил 1,728701 0,003954
стать 0,217244 0,000124
малышев 4,031286 0,002305
вчера 1,518981 0,006079
андреев 2,134166 0,001220
бетербиев 2,421849 0,001385
глейхенгауз 5,129899 0,005866
переодевать 5,129899 0,002933
ламин 2,490841 0,001424
это 0,181139 0,001036
рублевый 1,951845 0,001116
лука 1,104547 0,000632
два 0,504926 0,000577
смена 1,762603 0,001008
достойный 3,338139 0,001909
прыжок 0,940244 0,000538
прямой 1,695912 0,000970
шиффрин 2,932674 0,001677
новость 0,285712 0,001307
математика 4,436752 0,002537
бэй 2,490841 0,001424
законодательство 2,932674 0,001677
тренер 0,555188 0,000317
михаил 1,301257 0,002232
надаль 2,564949 0,001467
остальное 1,834062 0,001049
стефен 2,564949 0,001467
симен 2,644992 0,001512
кайфовать 4,436752 0,002537
анджелес 1,492313 0,000853
потому 2,085376 0,001192
призер 1,178655 0,000674
каприз 2,564949 0,001467
самбуев 5,129899 0,002933
шестой 2,357310 0,001348
питтсбург 2,421849 0,001385
костомаров 4,031286 0,002305
минимум 2,239527 0,001280
контрацепция 4,436752 0,002537
лить 4,031286 0,002305
шварцман 2,644992 0,001512
много 0,735450 0,000420
говорят 2,827314 0,001617
фигурный 0,514778 0,003238
программа 0,799165 0,003198
ждать 1,492313 0,002560
бенуа 4,436752 0,002537
артемий 2,239527 0,001280
чистяков 5,129899 0,002933
некрасиво 5,129899 0,002933
самоделкина 2,564949 0,002933
первый 0,317714 0,000363
джоэл 2,644992 0,001512
анастасий 2,644992 0,001512
соболенко 2,357310 0,001348
слалом 2,421849 0,002769
мхл 1,603538 0,000917
итог 0,867219 0,000496
ффкр 5,129899 0,002933
февраль 0,202645 0,001622
включиться 3,743604 0,002140
ошибка 0,576022 0,000329
вопрос 1,104547 0,000632
яннис 2,490841 0,001424
германий 0,723179 0,001654
деятельность 1,546380 0,000884
игра 0,112619 0,000258
компания 0,971016 0,000555
клэбо 2,644992 0,003025
мбаппе 2,239527 0,001280
леброн 2,564949 0,001467
туктамышева 2,490841 0,001424
ваш 2,038856 0,001166
ответ 2,239527 0,001280
хаас 2,564949 0,001467
усик 2,296685 0,001313
больший 0,457070 0,001045
кто 0,747872 0,002138
идеал 4,436752 0,005073
куртка 4,031286 0,002305
событие 0,565551 0,000323
пользователь 1,911023 0,001093
предпочтение 2,296685 0,001313
носков 2,564949 0,001467
самый 0,608110 0,000348
трикселя 4,436752 0,002537
рубин 1,198073 0,000685
итмо 5,129899 0,002933
соревнование 0,411400 0,000470
конкурс 2,357310 0,001348
кулачный 2,421849 0,001385
расспросить 5,129899 0,002933
джа 2,644992 0,001512
закончиться 1,834062 0,002097
тоже 1,911023 0,001093
лента 1,518981 0,001737
ханна 2,564949 0,001467
ак 1,695912 0,000970
занизить 5,129899 0,002933
уильямс 2,296685 0,001313
зимний 0,663991 0,000380
попадаться 4,436752 0,002537
мочь 0,350775 0,000201
сам 0,747872 0,000428
борьба 0,723179 0,000827
приложение 1,574551 0,001801
сборная 0,342407 0,005873
четверной 3,050457 0,005232
циципас 2,134166 0,001220
бо 2,185460 0,001250
спорить 3,338139 0,001909
женский 0,663991 0,000380
вообще 1,911023 0,001093
йонна 2,421849 0,001385
намеренно 4,436752 0,002537
бы 1,052361 0,001203
толстый 3,520461 0,002013
кхл 0,760451 0,000435
алонсо 2,421849 0,001385
почтить 1,279751 0,000732
ru 0,285712 0,000490
кубок 0,376309 0,002152
зарплата 1,871802 0,001070
прогноз 1,994404 0,001140
перечень 2,827314 0,001617
уорриорз 2,490841 0,001424
жаль 3,743604 0,002140
уже 0,687247 0,000393
беллингем 2,644992 0,001512
вы 0,309617 0,000177
барселона 1,416327 0,000810
китайский 1,069456 0,000611
мэттьюс 2,644992 0,001512
просто 1,492313 0,001706
узнать 2,134166 0,001220
россия 0,139466 0,001356
тест 1,546380 0,000884
store 2,490841 0,001424
рекорд 0,955511 0,000546
свой 0,586604 0,000335
виктор 1,416327 0,000810
серохвостов 2,644992 0,001512
ретро 4,436752 0,002537
поговорить 3,743604 0,002140
медиафутбол 2,564949 0,001467
софья 2,421849 0,002769
чтобы 0,773190 0,001326
ibu 2,239527 0,001280
здесь 1,911023 0,002185
плей 1,002764 0,000573
open 1,834062 0,003146
де 0,955511 0,000546
устройство 2,827314 0,001617
радионов 4,031286 0,002305
американский 0,910391 0,001041
до 0,239550 0,000411
шарапов 2,490841 0,001424
кристина 2,296685 0,002626
помнить 3,183989 0,001820
мирра 2,239527 0,001280
выступать 0,940244 0,001075
другой 0,188256 0,000323
перес 2,357310 0,001348
весить 1,911023 0,001093
багрянцева 5,129899 0,002933
папа 3,520461 0,002013
us 2,038856 0,001166
лидировать 2,085376 0,001192
пар 1,416327 0,000810
ее 0,723179 0,001654
отдать 1,728701 0,000988
пьер 1,951845 0,001116
баскетбол 0,723179 0,000827
резцовый 2,421849 0,001385
тейтум 2,564949 0,001467
выдать 2,732003 0,001562
факт 1,797694 0,001028
причина 1,368699 0,000783
лошадь 3,743604 0,002140
support 2,421849 0,001385
вид 0,393700 0,001351
кондратюк 2,644992 0,001512
mma 2,038856 0,001166
сайнс 2,564949 0,001467
рисовать 5,129899 0,002933
путь 1,518981 0,000868
что 0,195425 0,001229
поблагодарить 4,031286 0,002305
за 0,125952 0,000648
малкин 2,421849 0,001385
форма 1,086847 0,000621
медаль 0,619039 0,002478
бивол 2,421849 0,001385
докукин 5,129899 0,002933
энтони 2,038856 0,001166
зачет 1,416327 0,000810
шаботова 5,129899 0,002933
мостик 3,338139 0,001909
милуоки 2,490841 0,001424
плющенко 2,239527 0,005122
ампеццо 2,490841 0,001424
спонсорский 2,932674 0,003354
мокнуть 1,574551 0,000900
сарновская 5,129899 0,002933
перейра 2,490841 0,001424
альпина 2,421849 0,001385
логинов 2,644992 0,001512
замучить 3,183989 0,001820
петросян 1,441019 0,014830
из 0,106018 0,000303
игровой 1,104547 0,000632
наш 0,652562 0,001866
роналду 1,911023 0,001093
обстановка 3,520461 0,002013
ит 2,564949 0,001467
показательный 1,279751 0,001463
нба 1,546380 0,002652
их 0,799165 0,000457
компаниипромокоды 2,644992 0,001512
авербух 3,183989 0,001820
тайсон 2,421849 0,001385
план 1,664163 0,001903
ия 4,031286 0,004610
спартак 0,711058 0,000813
хоккей 0,285712 0,000490
вgoogle 2,644992 0,001512
бобровский 2,644992 0,001512
распределение 2,421849 0,001385
презерватив 3,183989 0,003641
ска 1,279751 0,000732
здоровье 1,323236 0,000757
анализ 2,296685 0,001313
рекомендательный 1,518981 0,000868
серия 0,586604 0,000335
ски 1,069456 0,000611
цска 0,711058 0,000813
олимпииский 4,436752 0,002537
первенство 1,301257 0,001488
овечкин 1,695912 0,000970
гигачат 4,436752 0,002537
выдавать 3,183989 0,001820
ко 2,421849 0,001385
суперлига 1,441019 0,000824
поехать 3,050457 0,001744
соперник 0,853233 0,000488
ступак 2,644992 0,001512
прекрасно 4,031286 0,002305
юниор 1,345709 0,000769
который 0,325878 0,000373
принева 5,129899 0,002933
ла 1,762603 0,001008
артем 1,951845 0,001116
ле 2,038856 0,001166
победа 0,420369 0,000240
никола 2,085376 0,001192
ли 1,198073 0,001370
допинг 1,871802 0,001070
судейство 1,871802 0,001070
выбрать 1,323236 0,001513
футболка 2,296685 0,001313
норрис 2,421849 0,001385
роман 1,797694 0,001028
вrustore 2,644992 0,001512
загитов 2,357310 0,001348
соревноваться 1,871802 0,001070
сити 1,546380 0,000884
конор 2,421849 0,001385
жить 2,296685 0,001313
мг 2,296685 0,001313
гилджес 2,644992 0,001512
вод 1,466337 0,000838
рафаэль 2,296685 0,001313
арена 1,104547 0,001263
нужный 1,834062 0,001049
иван 1,603538 0,002750
бестактно 5,129899 0,002933
место 0,402511 0,000921
успешный 1,345709 0,001539
кучаев 4,031286 0,002305
шарль 2,421849 0,001385
бостон 2,296685 0,001313
кронверкский 5,129899 0,002933
мы 0,195425 0,000670
дичь 4,031286 0,002305
форсировать 5,129899 0,002933
участие 0,457070 0,000523
мю 2,296685 0,001313
на 0,023953 0,000630
попытка 1,664163 0,001903
махачев 2,134166 0,001220
анна 1,695912 0,000970
не 0,099461 0,001137
левандовски 2,644992 0,001512
каждый 0,812411 0,000465
онлайн 0,773190 0,000884
феррари 2,490841 0,001424
но 0,402511 0,001381
маленький 1,392229 0,000796
спастись 3,183989 0,001820
алин 2,296685 0,001313
ирвинг 2,490841 0,001424
трибун 1,603538 0,006418
контрольный 1,994404 0,001140
об 0,217244 0,000621
уровень 1,086847 0,001864
владимир 1,392229 0,001592
нет 0,825834 0,001417
ои 0,812411 0,000465
формат 1,871802 0,001070
он 0,475938 0,000544
мужчина 0,812411 0,004181
от 0,160085 0,000366
вappgallery 2,644992 0,001512
статистика 0,630089 0,000360
официальный 0,735450 0,001261
бокс 0,534779 0,000612
фигуристый 1,871802 0,004281
сарновский 5,129899 0,002933
все 0,067304 0,000308
принимать 0,955511 0,001093
алькарас 2,134166 0,001220
сведение 0,786093 0,000899
возможность 1,279751 0,000732
по 0,073653 0,000253
информация 0,608110 0,000348
травма 1,122566 0,000642
именинница 5,129899 0,002933
оберг 2,644992 0,001512
легкое 2,732003 0,001562
хедегарт 3,050457 0,001744
скоро 2,827314 0,001617
втб 1,834062 0,001049
рб 2,357310 0,001348
очень 1,140915 0,003262
эстафета 1,871802 0,001070
селтикс 2,421849 0,001385
маккиннон 2,239527 0,001280
какой 1,002764 0,001147
сообщество 0,910391 0,000521
переть 0,359214 0,000616
