состояться 1,140915 0,000796
долгий 1,728701 0,000241
latina 1,603538 0,000224
формула 1,574551 0,000220
девять 2,038856 0,000284
день 0,699082 0,000098
лузофонские 5,129899 0,000716
экспорт 0,986764 0,000138
выигрывать 1,728701 0,000241
ไทย 1,238078 0,000173
попросить 3,183989 0,000444
tatarça 1,392229 0,000194
الدارجة 2,357310 0,000329
заявление 0,799165 0,000111
множество 1,951845 0,000272
марущак 5,129899 0,000716
дубай 2,185460 0,000305
universali 1,951845 0,000272
пункт 2,357310 0,000329
ари 3,183989 0,000444
dawn 5,129899 0,000716
čeština 1,035554 0,000144
продолжаться 1,951845 0,000545
коллекция 3,338139 0,000466
aragoné 1,762603 0,000246
неограниченный 3,520461 0,000491
minangkabau 2,564949 0,000358
серебряный 1,368699 0,000191
мастерство 2,564949 0,000358
викисклад 1,035554 0,000289
вставать 4,436752 0,001238
переходящий 3,520461 0,000491
elect 4,031286 0,001125
корфбол 1,762603 0,000246
китаец 3,050457 0,000426
cev 5,129899 0,002147
praze 5,129899 0,000716
пройти 0,544931 0,000076
гамов 5,129899 0,000716
sama 5,129899 0,000716
slovenčina 1,069456 0,000149
gnd 1,392229 0,000194
болгария 2,185460 0,001829
юношеский 1,574551 0,000220
оригинал 1,441019 0,001206
gaelg 3,338139 0,000466
проект 0,457070 0,000191
номинированы 5,129899 0,000716
j 1,466337 0,000205
добиваться 2,827314 0,000394
минтонет 5,129899 0,000716
фернандес 3,520461 0,000491
u 1,345709 0,000188
сильный 1,198073 0,000167
v 1,951845 0,000272
согласовать 3,520461 0,000982
проблема 1,122566 0,000157
w 0,955511 0,000133
x 1,279751 0,000536
шайба 0,986764 0,000138
универсиада 2,644992 0,000369
либеро 4,031286 0,013496
арбитражный 4,031286 0,000562
дмитрий 1,258698 0,000176
наказываться 3,338139 0,000466
прием 1,911023 0,008264
легко 2,932674 0,000409
степень 2,490841 0,000347
находиться 0,925206 0,001807
дыл 5,129899 0,000716
развлечение 2,932674 0,000409
окончание 1,546380 0,000863
аут 3,050457 0,003404
инна 2,296685 0,000961
судья 1,035554 0,001011
полина 3,520461 0,000982
заступ 5,129899 0,002147
закрыть 2,490841 0,000347
затруднять 4,031286 0,001125
коммерческий 2,185460 0,000305
система 0,799165 0,000557
несильный 4,436752 0,000619
сакаи 5,129899 0,000716
корея 1,695912 0,000946
падение 1,797694 0,000502
июнь 1,198073 0,000501
конфедерация 3,050457 0,000426
гонка 0,853233 0,000238
одиночный 2,239527 0,000312
иметь 1,069456 0,001044
совет 0,825834 0,000230
пример 1,994404 0,000278
вперед 1,797694 0,000251
заявка 2,732003 0,000762
нация 1,797694 0,000752
выход 1,178655 0,000822
практический 1,546380 0,000216
последний 0,376309 0,000262
минута 0,940244 0,000131
perform 3,743604 0,000522
лето 1,911023 0,000267
верхний 2,296685 0,000961
надеть 3,183989 0,000444
некоторые 1,198073 0,000501
leonardo 5,129899 0,000716
архив 1,198073 0,000167
инвентарь 2,085376 0,000582
монреаль 2,357310 0,000329
pdf 0,940244 0,000131
частый 3,183989 0,000444
кацутоси 4,436752 0,000619
сша 0,586604 0,001637
описание 0,881403 0,000123
июль 1,019025 0,000853
техник 1,695912 0,000710
цзичжун 5,129899 0,000716
средиземноморский 4,436752 0,000619
bislama 5,129899 0,000716
производить 3,520461 0,000491
опередить 2,827314 0,000394
уйти 1,392229 0,000194
сопровождаться 3,050457 0,000426
выдерживать 3,520461 0,000491
подряд 1,258698 0,000527
океания 2,296685 0,000320
block 4,031286 0,000562
различать 3,520461 0,000491
становиться 1,159607 0,000162
известность 3,743604 0,000522
бразилия 1,797694 0,004764
разработчик 0,971016 0,000135
ноябрь 0,955511 0,003332
выглядеть 2,827314 0,000394
назначить 1,871802 0,000261
морин 4,436752 0,000619
биомеханика 5,129899 0,000716
сквош 1,728701 0,000241
вклад 0,955511 0,000133
indonesia 1,086847 0,000152
поставить 1,633391 0,000456
конференция 1,392229 0,000194
текст 0,925206 0,000129
очко 1,416327 0,003951
lâm 1,762603 0,000246
нападать 1,518981 0,003178
очки 0,940244 0,001836
esperanto 1,198073 0,000167
разъяснение 5,129899 0,002147
временить 1,140915 0,000637
стопа 2,932674 0,000818
зона 1,603538 0,010960
перейти 0,586604 0,000164
подготовка 1,178655 0,000164
sunda 2,564949 0,000358
японский 2,296685 0,000961
золото 1,140915 0,000637
обладать 2,490841 0,000347
бить 2,357310 0,000658
boarisch 2,357310 0,000329
траектория 3,338139 0,001397
тугой 4,436752 0,000619
условный 3,338139 0,000466
метрический 4,436752 0,000619
изменять 4,031286 0,000562
парковый 5,129899 0,000716
лякросс 1,762603 0,000246
нохчийн 2,296685 0,000320
ответственность 0,895792 0,000375
спортсмен 0,565551 0,000158
françai 1,019025 0,000142
xxi 2,038856 0,000853
сильнейший 1,546380 0,000216
взять 1,159607 0,000162
его 0,447767 0,000687
беляев 3,338139 0,000466
только 0,447767 0,001062
звание 1,994404 0,000278
php 0,986764 0,000138
средний 1,441019 0,000201
байдарка 1,603538 0,000224
направляться 3,743604 0,001567
функция 3,050457 0,000851
количественный 4,436752 0,000619
com 0,925206 0,000387
клещёв 5,129899 0,000716
сэт 5,129899 0,000716
далеко 2,564949 0,000358
турнир 0,293617 0,000287
идеально 4,436752 0,000619
frysk 1,762603 0,000246
pipe 5,129899 0,000716
заглавный 0,986764 0,000138
бразилец 2,239527 0,000625
хороший 0,393700 0,000384
когда 0,652562 0,000637
дисквалификация 2,732003 0,000381
сокращение 2,564949 0,000716
защитник 1,217876 0,000510
тренерский 1,871802 0,000261
загумный 5,129899 0,000716
продолжать 1,258698 0,000702
чего 1,345709 0,000375
переместиться 4,436752 0,000619
паралимпийский 3,743604 0,000522
идти 1,159607 0,000485
происхождение 2,827314 0,000789
выполнить 1,834062 0,000512
набирать 2,644992 0,000369
капитан 1,574551 0,000879
примерный 2,085376 0,000291
минь 2,134166 0,000298
мыслить 2,932674 0,000818
перетягивание 1,762603 0,000246
против 0,747872 0,000209
так 0,597299 0,000833
иногда 1,951845 0,000545
сленг 5,129899 0,000716
федерация 0,495170 0,001243
возникнуть 2,038856 0,000284
перевести 2,644992 0,000369
хальстеда 5,129899 0,000716
тая 2,827314 0,000789
расширяться 3,338139 0,000466
пятиборье 1,574551 0,000220
sport 0,760451 0,000106
определение 2,085376 0,000582
твт 5,129899 0,001431
океан 2,490841 0,000347
частота 4,436752 0,000619
csv 5,129899 0,000716
исключение 1,695912 0,000473
скалолазание 1,695912 0,000237
есть 0,812411 0,000680
вести 1,238078 0,000173
линия 1,466337 0,009000
преподаватель 3,183989 0,000444
спорт 0,125952 0,000439
просмотр 0,925206 0,000129
национальный 0,839439 0,000937
викисловарь 2,490841 0,000347
набрать 1,368699 0,000382
этот 0,350775 0,000489
недоступный 2,296685 0,000320
справочник 2,564949 0,000358
викисловаре 2,490841 0,000347
швеция 1,035554 0,000144
qaraqalpaqsha 2,038856 0,000284
бронзовый 1,345709 0,000188
выдаваться 2,296685 0,000961
глава 1,122566 0,000157
основной 1,122566 0,001722
край 1,994404 0,001391
афина 2,421849 0,000338
creativ 0,986764 0,000138
ибис 5,129899 0,000716
полет 3,050457 0,000851
основное 1,368699 0,000191
элемент 0,925206 0,000387
позволить 2,085376 0,000582
тыва 4,436752 0,000619
господствовать 4,031286 0,000562
alemannisch 2,357310 0,000329
спортивный 0,301585 0,000421
игрок 0,711058 0,011505
женщина 0,663991 0,003149
спонсор 1,664163 0,000232
kreyòl 2,490841 0,000347
волна 2,827314 0,001183
исход 2,185460 0,000305
комбинационный 4,031286 0,000562
цель 1,238078 0,000691
выиграть 0,485508 0,000610
условно 3,338139 0,000466
снизу 3,520461 0,000982
поль 4,436752 0,000619
тем 1,217876 0,000680
поло 1,441019 0,000402
назвать 0,940244 0,000262
без 0,466460 0,000130
противоположный 2,732003 0,000381
поле 1,392229 0,000194
между 0,955511 0,001999
азеведо 5,129899 0,001431
чӑвашла 2,134166 0,000298
руководство 1,301257 0,000182
судейский 2,421849 0,000338
соответствие 1,002764 0,000140
европа 0,393700 0,000494
направление 1,728701 0,000965
last 4,031286 0,000562
редакция 0,940244 0,000787
уточнение 3,050457 0,000426
мексика 2,239527 0,000312
пока 1,159607 0,000162
кайсери 5,129899 0,000716
определять 2,185460 0,001219
профилактический 5,129899 0,000716
период 1,035554 0,000433
कण 4,031286 0,000562
заседание 2,564949 0,000358
ಕನ 2,038856 0,000284
клуб 0,652562 0,000091
простоять 4,436752 0,000619
центральный 1,603538 0,001342
ассоциация 1,416327 0,000395
возврат 3,338139 0,000931
page 0,986764 0,000138
кроме 1,368699 0,000573
подавать 3,183989 0,002665
евролига 1,664163 0,000696
играющий 2,644992 0,000738
всегда 1,258698 0,000702
отлетать 5,129899 0,000716
оба 1,368699 0,000382
кодекс 0,971016 0,000135
зотто 5,129899 0,000716
прага 2,932674 0,001227
тип 1,345709 0,000188
ограничиваться 2,932674 0,000409
взлет 3,743604 0,002611
карат 1,728701 0,000241
бобслей 1,217876 0,000170
разделить 2,134166 0,000893
культура 1,392229 0,000388
vosa 3,743604 0,000522
статья 0,495170 0,001174
если 0,675551 0,001131
высокорослый 4,436752 0,000619
wikimedia 0,986764 0,000138
ограничение 1,834062 0,000512
доигровщики 5,129899 0,000716
мировой 0,955511 0,001066
часовой 3,183989 0,000444
групповой 1,603538 0,000895
доигровщика 5,129899 0,000716
ελληνικά 1,086847 0,000152
близкий 1,762603 0,001721
многие 1,178655 0,000164
контакт 1,035554 0,000144
выполняться 2,732003 0,000762
язык 0,925206 0,000258
уменьшение 3,183989 0,001777
অসম 2,644992 0,000369
russian 4,031286 0,000562
различный 1,441019 0,000603
послевоенный 2,932674 0,000818
разный 1,368699 0,000191
wayback 1,633391 0,000456
выпрыгивать 5,129899 0,000716
распространить 2,134166 0,001191
тройной 2,827314 0,000394
максим 1,871802 0,000261
международный 0,466460 0,001366
комитет 1,368699 0,000382
башҡортса 1,518981 0,000212
матч 0,293617 0,000860
деталь 2,644992 0,000369
передвигаться 3,338139 0,000466
потеря 2,239527 0,000312
euskara 1,122566 0,000157
делегация 3,050457 0,000426
крупный 1,198073 0,000501
серебро 1,695912 0,001183
рамка 1,441019 0,000402
универсальный 1,911023 0,000267
текущий 0,867219 0,000363
экспресс 1,416327 0,000593
страна 0,641262 0,000716
взамен 3,743604 0,000522
вместо 1,633391 0,000456
волейбо 5,129899 0,000716
volejbalu 5,129899 0,000716
сразу 1,392229 0,000194
глима 1,762603 0,000246
batak 3,050457 0,000426
оттуда 3,520461 0,000491
создать 0,773190 0,000108
вместе 1,178655 0,000493
малый 2,134166 0,000595
asturianu 1,323236 0,000185
вуйтович 5,129899 0,000716
разбег 3,743604 0,001567
телевидение 2,732003 0,000381
отправить 1,871802 0,000522
کوردی 1,762603 0,000246
продолжить 1,492313 0,000208
решение 0,839439 0,000468
проходить 0,867219 0,000363
печать 0,955511 0,000267
íslenska 1,392229 0,000194
включать 1,323236 0,000185
пелота 1,728701 0,000241
летний 0,619039 0,000259
перечислить 3,338139 0,000466
забайкалкой 5,129899 0,000716
олимпиада 0,576022 0,000321
имитировать 3,338139 0,000931
тот 0,393700 0,001483
обсуждение 0,867219 0,000242
протокол 2,490841 0,000347
организация 0,663991 0,000463
titl 0,986764 0,000138
крест 3,338139 0,001863
розыгрыш 1,762603 0,002213
поздний 1,323236 0,000185
товарный 0,986764 0,000138
ответвиться 5,129899 0,000716
росир 5,129899 0,000716
три 1,178655 0,000986
перо 2,827314 0,000394
фамилия 2,421849 0,000338
閩南語 1,762603 0,000246
дважды 1,574551 0,000220
школа 1,492313 0,000208
клубный 1,416327 0,000395
площадь 2,185460 0,000305
страховка 4,031286 0,000562
фивб 5,129899 0,002147
вдоль 3,338139 0,000466
histori 1,762603 0,000983
бол 4,436752 0,000619
христианин 5,129899 0,001431
площадка 1,574551 0,008566
подключать 4,436752 0,001238
аналогичный 2,085376 0,000582
катание 0,514778 0,000072
массачусетс 4,031286 0,000562
как 0,232059 0,000550
участник 0,799165 0,000111
инициатива 2,134166 0,000595
лыжа 0,925206 0,000258
условие 0,334108 0,000140
достижение 1,279751 0,000357
ежегодный 2,564949 0,000358
тарашкевіца 1,198073 0,000167
свисток 3,338139 0,000931
замечание 3,743604 0,001044
перелетать 5,129899 0,000716
cymraeg 1,574551 0,000220
партнер 1,159607 0,000485
третье 1,035554 0,000144
вертикальный 2,490841 0,000347
отыграться 2,357310 0,000329
способ 1,728701 0,000482
эгида 1,728701 0,000723
второе 0,839439 0,000937
активно 2,239527 0,000312
sicilianu 2,038856 0,000284
второй 0,576022 0,000723
заранее 2,932674 0,000409
специальный 1,217876 0,000680
dansk 1,069456 0,000149
пояс 2,564949 0,000358
еще 0,167054 0,000047
окр 3,183989 0,000444
аспект 2,732003 0,000381
бангладеш 3,520461 0,000491
эшелон 4,031286 0,002249
сброс 5,129899 0,000716
успех 1,518981 0,000424
важный 0,986764 0,000138
касаться 1,994404 0,001113
видеопросмотров 5,129899 0,000716
жаргон 4,436752 0,000619
беларуская 1,069456 0,000298
боковой 2,644992 0,000738
чехословакия 2,038856 0,001991
конфликт 1,951845 0,000545
предложить 1,441019 0,000402
помощь 1,368699 0,000191
толкование 4,031286 0,000562
а 0,209918 0,000644
в 0,017911 0,000587
г 0,925206 0,000258
д 0,895792 0,000250
webcit 2,038856 0,000284
е 0,867219 0,001089
и 0,023953 0,000511
качественный 3,050457 0,000426
й 0,825834 0,001382
siswati 5,129899 0,000716
к 0,132686 0,000407
трёхкратный 3,050457 0,000851
л 2,038856 0,000569
велоспорт 1,178655 0,000164
м 0,534779 0,001268
н 0,895792 0,000125
о 0,042302 0,000059
прерывать 5,129899 0,000716
подходить 2,932674 0,000409
альпинизм 1,301257 0,000182
луиджи 5,129899 0,000716
с 0,036149 0,000373
она 0,597299 0,000417
скейтбординг 1,762603 0,000246
т 1,368699 0,000191
у 0,342407 0,000143
х 0,986764 0,001239
китай 1,695912 0,001892
скачать 0,895792 0,000250
морган 4,031286 0,001687
они 0,524729 0,000878
corpor 4,436752 0,001238
ю 1,834062 0,001791
оно 2,038856 0,000284
вариант 1,492313 0,001041
футбол 0,247097 0,000172
сила 1,279751 0,000357
задержка 3,520461 0,000982
атлетика 0,955511 0,000267
грбич 5,129899 0,000716
портнов 4,436752 0,001238
лишаться 4,436752 0,000619
deadlink 2,038856 0,000284
португалия 1,994404 0,000278
копия 1,416327 0,000395
организатор 1,951845 0,000272
томаш 3,338139 0,000466
классический 1,834062 0,000512
мощный 2,038856 0,000569
выбегать 5,129899 0,000716
соответствующий 1,695912 0,000237
ауто 4,436752 0,000619
перевод 2,490841 0,000695
методика 2,644992 0,000738
сергей 1,301257 0,000363
город 1,069456 0,000149
отвлекать 4,436752 0,000619
прежде 2,185460 0,000610
dig 5,129899 0,000716
замах 4,436752 0,000619
粵語 1,178655 0,000164
административный 3,520461 0,000491
брейк 3,050457 0,000851
боди 4,436752 0,000619
метр 1,574551 0,000659
तम 2,644992 0,000369
தம 1,492313 0,000208
пойнт 3,743604 0,001567
сектор 2,564949 0,000358
каталанский 1,695912 0,000473
лейпциг 3,520461 0,000491
построить 2,296685 0,000320
nāhuatl 4,031286 0,000562
викискладе 1,217876 0,000340
блэйзерс 4,436752 0,000619
жанейро 2,421849 0,000338
выступить 1,238078 0,000173
комфортно 5,129899 0,000716
переворот 4,031286 0,000562
сноуборд 1,178655 0,000164
самсунг 5,129899 0,000716
пляжный 1,603538 0,000895
впоследствии 1,911023 0,000267
ужесточать 5,129899 0,000716
выигрыш 2,134166 0,000595
последствие 3,050457 0,000426
вступить 2,357310 0,000329
ирина 2,732003 0,000381
хёрлинг 1,762603 0,000246
тяжелый 0,940244 0,000131
արեւմտահայերէն 2,564949 0,000358
кириллов 4,031286 0,000562
гран 1,518981 0,000636
предъявление 4,031286 0,000562
чехия 1,258698 0,000176
польша 1,762603 0,002950
академический 1,546380 0,000216
перенести 1,633391 0,000228
плавание 1,178655 0,000329
биатлон 0,485508 0,000068
пожертвовать 0,940244 0,000131
дзюнго 5,129899 0,000716
кубинка 5,129899 0,000716
metodika 5,129899 0,000716
заступить 4,031286 0,000562
расстановка 3,520461 0,005402
япония 1,279751 0,002856
московский 1,574551 0,000220
ссылка 0,699082 0,001268
возникать 2,732003 0,000762
kiswahili 2,185460 0,000305
противоположность 4,031286 0,000562
vahcuengh 3,743604 0,000522
bajau 5,129899 0,000716
lingála 3,050457 0,000426
середина 1,574551 0,000220
подсчет 2,732003 0,000381
ನಡ 2,038856 0,000284
комбинация 2,732003 0,004954
кругосвет 1,994404 0,000278
истечение 2,732003 0,000381
volejb 5,129899 0,000716
жребий 3,338139 0,000466
делать 1,392229 0,000194
всемирный 1,762603 0,000492
остаться 1,301257 0,000182
рева 4,436752 0,000619
девушка 1,797694 0,003009
советск 2,932674 0,000409
преимущество 1,951845 0,000817
железняк 5,129899 0,001431
москва 0,576022 0,000241
атака 1,762603 0,009835
составитель 3,050457 0,000426
спина 2,134166 0,000595
sudoc 2,932674 0,000409
чжан 3,520461 0,000491
квадах 1,762603 0,000246
отдельный 0,955511 0,000133
чеш 5,129899 0,000716
manag 3,338139 0,000466
მარგალური 2,490841 0,000347
исключить 1,441019 0,000201
перебрасывать 4,436752 0,000619
родственный 2,239527 0,000312
половина 1,392229 0,001554
стать 0,217244 0,000364
обучение 2,239527 0,000312
михайл 3,183989 0,000444
керлинг 1,086847 0,000152
обращение 0,910391 0,004064
man 3,183989 0,000444
stand 3,743604 0,000522
код 0,971016 0,004470
лука 1,104547 0,000154
прыжок 0,940244 0,000787
хитати 5,129899 0,000716
počátki 5,129899 0,000716
бронза 1,728701 0,000965
египет 2,827314 0,000394
новость 0,285712 0,000040
координация 3,743604 0,000522
доха 2,239527 0,000312
url 0,986764 0,000275
сентябрь 1,035554 0,000867
мусэрский 5,129899 0,000716
неприятный 3,743604 0,000522
таиланд 2,732003 0,000762
сантиметр 0,955511 0,001733
кальдерон 5,129899 0,000716
войти 0,608110 0,000170
гольф 1,574551 0,000220
анджелес 1,492313 0,000416
диагональ 3,338139 0,000466
трогать 3,520461 0,000491
меркулов 5,129899 0,000716
низка 3,743604 0,001044
скрестно 5,129899 0,000716
призер 1,178655 0,000493
ქართული 1,392229 0,000194
тойота 4,031286 0,000562
стадион 1,518981 0,000424
защита 1,441019 0,001407
успевать 4,436752 0,000619
политик 0,224624 0,000031
алфавит 1,159607 0,000162
особый 1,994404 0,000278
жиба 5,129899 0,000716
прыгучесть 5,129899 0,000716
тупик 4,436752 0,000619
боливарианские 4,436752 0,000619
бельгия 2,038856 0,000284
играть 0,895792 0,001000
засчитываться 2,564949 0,001431
фигурный 0,514778 0,000072
программа 0,799165 0,000111
обычный 2,038856 0,000284
читинский 4,436752 0,000619
ئۇيغۇرچە 2,644992 0,000369
действие 1,518981 0,002119
сняться 2,564949 0,000358
тоҷикӣ 1,695912 0,000237
поймать 3,183989 0,000444
критика 1,951845 0,000272
смешанный 1,871802 0,000261
разрешить 1,664163 0,001161
первый 0,317714 0,000532
неудачно 2,732003 0,000381
пост 2,085376 0,000582
betawi 2,732003 0,000381
मर 1,574551 0,000220
пять 1,140915 0,000159
итог 0,867219 0,000242
обязательный 1,695912 0,000237
кисть 2,932674 0,000409
февраль 0,202645 0,000170
объединять 2,239527 0,000312
значение 1,258698 0,000176
यच 4,031286 0,000562
ball 2,827314 0,000789
bali 2,827314 0,000394
разучить 5,129899 0,000716
размер 1,911023 0,001333
leadership 5,129899 0,000716
türkmenç 2,185460 0,000305
старший 1,695912 0,000237
make 3,520461 0,000491
порт 2,732003 0,000381
пята 2,827314 0,001578
volleybal 4,436752 0,002476
nederland 1,019025 0,000142
кто 0,747872 0,000209
азербайджанский 3,743604 0,000522
считаться 1,441019 0,001005
дисквалифицировать 2,085376 0,000291
пора 1,392229 0,000194
август 1,035554 0,000722
самый 0,608110 0,000339
материал 0,309617 0,000043
скиджоринг 1,762603 0,000246
слава 1,871802 0,000522
выбирать 2,239527 0,000625
уго 5,129899 0,000716
кук 0,971016 0,000135
молодежный 1,159607 0,000324
удэ 4,436752 0,001238
føroyskt 2,085376 0,000291
партия 2,644992 0,009962
разработка 2,357310 0,000329
навигация 0,986764 0,000413
куб 2,932674 0,003273
мочь 0,350775 0,001370
борьба 0,723179 0,000101
сборная 0,342407 0,000716
неудачный 2,732003 0,000762
балканиада 5,129899 0,000716
правило 0,986764 0,000964
вообще 1,911023 0,000267
телегеничности 5,129899 0,000716
азербайджан 2,357310 0,000329
пониматься 4,436752 0,000619
неспортивный 3,183989 0,001332
гимнастика 1,198073 0,000334
бы 1,052361 0,000147
hrvatski 1,052361 0,000147
призвать 2,085376 0,000291
почтить 1,279751 0,000357
грубый 2,644992 0,001107
зарабатывать 2,644992 0,000369
снег 2,644992 0,000369
век 1,258698 0,001053
ymca 4,436752 0,001238
кубок 0,376309 0,000472
во 0,495170 0,001105
вес 2,038856 0,000284
готовый 1,994404 0,000556
occitan 1,466337 0,000205
признать 1,834062 0,000256
лимит 2,827314 0,000394
уже 0,687247 0,000383
azerisport 5,129899 0,000716
соблюдаться 4,031286 0,000562
вы 0,309617 0,000043
веб 2,644992 0,000369
рагимовой 5,129899 0,000716
исчезнуть 2,932674 0,000409
нэкода 5,129899 0,000716
отложить 3,183989 0,000444
энциклопедия 0,986764 0,000413
xxxix 5,129899 0,000716
xxxiv 3,520461 0,000491
български 1,086847 0,000152
volleywood 5,129899 0,000716
чтобы 0,773190 0,000863
токийский 4,031286 0,000562
брейкинг 1,762603 0,000246
fivb 5,129899 0,021467
пас 2,490841 0,002085
журнал 1,871802 0,000261
проведение 1,104547 0,000308
де 0,955511 0,000267
дж 3,338139 0,000466
маракана 5,129899 0,000716
перед 0,839439 0,000585
сайт 0,411400 0,000344
правильно 3,183989 0,000444
американский 0,910391 0,000381
до 0,239550 0,001002
многочисленный 2,239527 0,000625
соотечественник 3,520461 0,000491
файр 5,129899 0,000716
другой 0,188256 0,000236
сюда 0,986764 0,000138
трек 1,104547 0,000154
цитировать 0,925206 0,000129
ее 0,723179 0,000504
прямоугольный 2,932674 0,000409
подвесить 3,743604 0,000522
собственный 1,574551 0,000439
баскетбольный 2,564949 0,000358
азия 1,834062 0,001535
лондон 1,911023 0,000267
баскетбол 0,723179 0,000202
задевать 5,129899 0,000716
параллельный 3,050457 0,000426
самуэль 5,129899 0,000716
число 0,955511 0,000400
факт 1,797694 0,000251
ido 1,546380 0,000216
отразиться 4,031286 0,000562
гребля 1,518981 0,000424
вид 0,393700 0,000714
производиться 2,239527 0,000937
же 0,853233 0,001309
курьезный 5,129899 0,000716
isbn 1,633391 0,001367
rule 2,357310 0,000658
путь 1,518981 0,000212
упразднить 2,490841 0,000347
что 0,195425 0,000245
реализация 3,050457 0,000851
common 0,986764 0,000138
обманный 5,129899 0,002147
править 0,544931 0,007829
отдавать 2,357310 0,001644
зайцев 2,564949 0,000358
за 0,125952 0,000422
удаляться 3,183989 0,000444
софтбол 1,633391 0,000228
presid 3,338139 0,000466
форма 1,086847 0,000303
медаль 0,619039 0,000432
ожидать 2,827314 0,000394
basa 2,732003 0,000381
заканчиваться 2,421849 0,000676
настоящее 1,368699 0,000382
vèneto 2,357310 0,000329
советский 1,140915 0,000318
развить 3,050457 0,000426
венгрия 2,134166 0,000298
блокировать 3,183989 0,004885
пасовать 4,436752 0,003713
мокнуть 1,574551 0,000220
позиция 1,392229 0,000583
пересекать 3,183989 0,000444
райвел 5,129899 0,000716
отличаться 1,664163 0,000696
excit 4,436752 0,000619
из 0,106018 0,000577
игровой 1,104547 0,002465
художественный 1,518981 0,000212
перемещаться 3,050457 0,001702
runa 2,732003 0,000381
накхонпатхоме 5,129899 0,000716
случайный 0,986764 0,000138
скрытый 1,052361 0,000147
граница 2,185460 0,000610
удобный 2,564949 0,000716
их 0,799165 0,000669
konknni 4,031286 0,000562
восточный 1,911023 0,000267
регламент 1,911023 0,001333
повышение 2,185460 0,000305
хоккей 0,285712 0,000159
сервис 1,368699 0,000382
žemaitėška 2,732003 0,000381
ловить 3,338139 0,000466
технический 1,416327 0,000988
стокгольм 2,644992 0,000369
исключать 3,338139 0,000466
юноша 2,357310 0,003946
замер 4,436752 0,000619
выдержка 4,436752 0,000619
ралли 2,357310 0,000658
слева 2,564949 0,000716
srpski 1,035554 0,000144
холиоке 4,436752 0,001857
влево 3,743604 0,000522
октябрь 1,019025 0,003838
кэш 2,296685 0,000320
соперник 0,853233 0,002142
завоевать 1,035554 0,000289
решить 1,392229 0,000388
двое 2,296685 0,000320
очерк 4,031286 0,000562
турция 1,664163 0,000232
футбольный 1,345709 0,000188
награда 1,279751 0,000179
следующий 0,853233 0,000357
никола 2,085376 0,000291
судейство 1,871802 0,000261
крайний 2,185460 0,000305
sudan 5,129899 0,000716
изобретатель 4,031286 0,000562
вот 2,134166 0,000298
президент 1,035554 0,000578
дальний 2,644992 0,000369
mandail 3,338139 0,000466
соревноваться 1,871802 0,000261
предъявляться 4,436752 0,002476
строгий 2,239527 0,000937
한국어 1,035554 0,000144
доктор 2,932674 0,000409
вод 1,466337 0,000205
синхронный 1,574551 0,000220
блокирование 4,436752 0,004332
франческа 5,129899 0,000716
сверху 2,932674 0,000818
иван 1,603538 0,000224
мл 4,031286 0,006748
место 0,402511 0,000225
ខ 3,183989 0,000444
государство 2,134166 0,000298
успешный 1,345709 0,000939
float 5,129899 0,000716
мы 0,195425 0,000027
крайне 3,183989 0,000444
участие 0,457070 0,000255
крокет 1,728701 0,000241
на 0,023953 0,000434
достигнуть 1,728701 0,000241
пин 5,129899 0,000716
водный 0,723179 0,000303
simpl 1,140915 0,000159
ភ 3,183989 0,000444
не 0,099461 0,000680
лан 5,129899 0,000716
ម 3,183989 0,000444
каждый 0,812411 0,001247
រ 3,183989 0,000444
ни 1,603538 0,000224
товарищеский 1,994404 0,000278
онлайн 0,773190 0,000108
ស 3,183989 0,000444
но 0,402511 0,000505
привычный 3,050457 0,000426
нанесение 2,827314 0,000394
арабский 3,520461 0,000491
появление 2,239527 0,000312
категория 0,881403 0,000492
норвежский 1,345709 0,000188
magyar 1,086847 0,000152
контрольный 1,994404 0,000278
об 0,217244 0,000121
уровень 1,086847 0,000152
продолжительность 2,185460 0,001219
ои 0,812411 0,010086
худой 2,732003 0,000381
справка 0,986764 0,000138
он 0,475938 0,000465
развитие 1,140915 0,000637
усложнить 4,436752 0,000619
тхэквондо 1,633391 0,000228
от 0,160085 0,000536
переходить 2,185460 0,000610
валевска 5,129899 0,000716
форум 0,867219 0,000121
официальный 0,735450 0,001436
бокс 0,534779 0,000149
панамериканский 3,183989 0,000888
оскорбительный 3,743604 0,001044
zazaki 2,239527 0,000312
все 0,067304 0,000169
принимать 0,955511 0,001599
википедия 0,986764 0,000688
сведение 0,786093 0,000110
позади 3,338139 0,000466
возможность 1,279751 0,000714
по 0,073653 0,000627
inc 0,986764 0,000138
передавать 2,827314 0,000789
учредить 2,185460 0,000305
огромный 2,296685 0,000320
сообщать 1,951845 0,000272
демонстрироваться 3,520461 0,000491
какой 1,002764 0,000140
упростить 4,031286 0,000562
обратный 1,178655 0,000822
наличие 2,357310 0,000658
сообщество 0,910391 0,000127
произойти 1,178655 0,000493
википедии 0,986764 0,000275
термин 1,345709 0,000563
париж 1,392229 0,000388
лауреат 4,031286 0,000562
сержио 5,129899 0,000716
ухо 3,183989 0,000444
газета 1,392229 0,000194
lccn 1,492313 0,000208
санкция 2,421849 0,000338
соперничество 2,421849 0,000338
угрожать 3,338139 0,000466
физический 1,392229 0,000583
ikinyarwanda 3,338139 0,000466
эффективный 2,644992 0,000738
отвести 2,932674 0,000818
постукивание 5,129899 0,000716
日本語 1,035554 0,000144
со 0,447767 0,000625
делиться 2,185460 0,000305
замысел 3,743604 0,000522
slovenščina 1,345709 0,000188
под 0,723179 0,000908
парусный 1,574551 0,000220
неоднократно 2,421849 0,000338
окружность 2,827314 0,000789
пол 0,910391 0,000889
связаться 0,867219 0,000121
декабрь 0,853233 0,000714
пом 1,695912 0,000237
человек 0,940244 0,000262
дополнительно 2,932674 0,000409
вфв 4,436752 0,001238
островной 4,436752 0,000619
подробный 0,687247 0,000096
волейболист 4,436752 0,004951
содержание 0,955511 0,000267
eesti 1,069456 0,000149
مصرى 1,546380 0,000216
ударяться 4,436752 0,000619
карч 5,129899 0,001431
нога 1,664163 0,000464
передаваться 2,932674 0,000409
организовывать 3,338139 0,000466
britannica 1,518981 0,000212
собрать 2,357310 0,000329
тактический 2,564949 0,002147
каноэ 1,633391 0,000228
скоростной 2,564949 0,001073
эксперимент 4,031286 0,001125
lëtzebuergesch 1,762603 0,000246
machin 1,633391 0,000456
wikipedia 0,986764 0,000275
plattdüütsch 2,357310 0,000329
рассмотреть 2,421849 0,000338
препятствовать 3,520461 0,000491
расположить 1,574551 0,000220
отредактировать 0,986764 0,000138
матчбол 5,129899 0,000716
называть 1,258698 0,000351
внесение 4,031286 0,000562
создавать 2,357310 0,000658
ушу 1,728701 0,000241
простота 4,436752 0,000619
викиновости 1,238078 0,000173
республика 2,134166 0,000298
ситуация 1,392229 0,000194
හල 1,834062 0,000256
максимально 2,644992 0,000369
рыскаль 5,129899 0,002147
одержать 1,217876 0,000170
также 0,663991 0,000926
член 1,416327 0,000395
العربية 1,069456 0,000149
появиться 1,159607 0,000485
фризский 1,762603 0,000246
ace 4,436752 0,000619
италия 0,524729 0,001025
прошлый 1,518981 0,000212
тысячелетие 3,338139 0,000466
допускать 2,564949 0,000716
трава 1,392229 0,000388
сначала 1,664163 0,000464
претендент 2,296685 0,000641
собачий 1,762603 0,000246
сидеть 2,421849 0,000338
изменение 1,345709 0,001126
добрый 3,338139 0,000466
библиографический 1,279751 0,000179
силовой 2,296685 0,000961
устанавливаться 2,732003 0,000381
конгресс 2,185460 0,003048
правка 0,986764 0,000275
однако 1,069456 0,000597
батут 1,728701 0,000241
добавиться 2,827314 0,000394
серфинг 1,762603 0,000246
себя 0,597299 0,000083
tolışi 1,871802 0,000261
южноамериканский 3,050457 0,000426
проекция 5,129899 0,000716
việt 1,140915 0,000159
отказ 0,839439 0,000117
нападение 2,357310 0,001315
дзюдо 1,466337 0,000205
допускаться 1,911023 0,000533
один 0,342407 0,000907
специализироваться 4,031286 0,001125
famili 4,436752 0,000619
полностью 1,546380 0,000647
часть 1,104547 0,000770
должность 2,421849 0,000338
джамбос 5,129899 0,001431
образованный 2,644992 0,000369
класс 1,728701 0,000241
возродить 3,050457 0,000426
сторона 1,069456 0,002536
пекин 2,185460 0,000305
задействовать 4,436752 0,000619
спортзал 5,129899 0,000716
часто 1,574551 0,000659
кндр 3,050457 0,000426
перекрывать 4,031286 0,000562
ресурс 0,812411 0,000113
процесс 1,664163 0,000464
варшава 4,031286 0,001125
стремительный 3,338139 0,000466
южный 1,159607 0,000809
заменить 1,546380 0,000647
bahasa 1,086847 0,000303
теннисный 2,644992 0,000369
повторить 1,834062 0,000256
нарушить 2,490841 0,001042
номер 1,392229 0,000777
качество 1,323236 0,000554
сформироваться 3,050457 0,000426
фернанда 5,129899 0,000716
تۆرکجه 1,762603 0,000246
через 0,971016 0,000271
क 2,421849 0,000676
ग 3,183989 0,000444
lietuvių 1,140915 0,000159
ивойлов 5,129899 0,000716
замена 1,951845 0,001634
словарь 1,198073 0,000668
отборочный 2,421849 0,000338
ट 4,436752 0,000619
стрельба 1,441019 0,000402
ठ 1,574551 0,000220
меняться 1,951845 0,000545
торрес 4,436752 0,001238
ड 4,436752 0,000619
значимый 2,644992 0,000369
द 1,546380 0,000216
न 1,518981 0,000424
команда 0,262364 0,001720
екатерина 2,134166 0,000595
котел 4,436752 0,000619
жюри 4,031286 0,000562
प 1,911023 0,000267
вэй 5,129899 0,000716
лос 1,518981 0,000424
боков 2,644992 0,000369
ल 1,911023 0,000533
являться 1,019025 0,000853
проводиться 1,086847 0,001819
получать 1,301257 0,000182
коснуться 2,490841 0,001042
никогда 1,951845 0,000272
स 2,644992 0,000738
секунда 1,633391 0,000684
ह 1,546380 0,000216
карибский 4,031286 0,001125
сидень 1,994404 0,000278
длиться 2,296685 0,000320
увеличивать 3,050457 0,000426
портал 1,416327 0,000790
скелетон 1,258698 0,000176
українська 1,035554 0,000144
африканский 2,644992 0,000369
разыгрывать 2,421849 0,000338
era 4,436752 0,000619
переносить 3,338139 0,001397
xviii 2,421849 0,000338
рост 0,812411 0,000453
молодая 1,762603 0,000492
образовать 2,827314 0,000789
милькович 5,129899 0,000716
рэкетс 1,728701 0,000241
комиссия 2,239527 0,001250
начинаться 1,664163 0,000232
стоить 1,546380 0,000647
удачный 2,564949 0,000358
эффект 2,932674 0,000409
красивый 2,644992 0,000369
создаваться 3,338139 0,000466
ndl 1,834062 0,000256
менять 1,994404 0,000278
cite 1,258698 0,000527
вероятный 4,031286 0,000562
бадминтон 1,518981 0,000212
трос 4,436752 0,000619
нельзя 2,296685 0,000320
шорты 1,035554 0,000144
удаленный 1,492313 0,000416
трое 2,185460 0,000305
атлант 2,357310 0,000329
допустить 1,546380 0,000431
горнолыжный 1,301257 0,000182
баскский 1,664163 0,000232
причем 1,871802 0,000261
уланов 5,129899 0,000716
утвердить 1,871802 0,001044
расшифровка 4,436752 0,000619
ежегодно 2,185460 0,000610
net 2,357310 0,000658
гэльский 1,762603 0,000246
быстрый 1,664163 0,000696
канат 1,762603 0,000246
new 2,038856 0,000853
тренировка 0,895792 0,000125
революционный 4,031286 0,000562
невысокий 3,520461 0,000491
леонардо 5,129899 0,000716
красный 1,069456 0,000597
совершать 3,338139 0,000931
воениздат 5,129899 0,000716
touch 4,436752 0,000619
ব 1,416327 0,000198
вверх 2,421849 0,001013
нарушение 1,416327 0,000593
нововведение 3,520461 0,000982
য 2,644992 0,000369
конфиденциальность 0,293617 0,000041
гандбол 1,122566 0,000783
ল 1,416327 0,000198
svenska 1,035554 0,000144
общий 0,986764 0,000413
назад 1,140915 0,000159
моторный 1,762603 0,000246
список 0,986764 0,000138
дополнение 3,183989 0,000444
масса 1,911023 0,000533
ссср 0,940244 0,002361
будо 1,762603 0,000246
опубликовать 1,762603 0,000246
тетюхин 4,436752 0,001238
открыть 1,279751 0,000179
доигровщик 4,436752 0,000619
фехтование 1,546380 0,000216
and 1,762603 0,000738
высота 1,762603 0,001229
именно 1,492313 0,000208
главное 0,524729 0,000073
профессиональный 1,052361 0,000881
французский 1,052361 0,000294
interlingua 1,603538 0,000224
румыния 2,038856 0,001422
где 0,675551 0,000283
любительский 1,416327 0,000198
основание 1,416327 0,000198
фиксироваться 3,050457 0,000426
позволять 1,664163 0,001161
зафиксировать 1,994404 0,000556
гдр 2,038856 0,000853
сменить 1,466337 0,000205
всеять 1,871802 0,000261
участвовать 0,955511 0,001066
papiamentu 2,732003 0,000381
сообщить 0,447767 0,000062
примечание 1,002764 0,000280
ученик 3,183989 0,000444
быть 0,119263 0,000732
посередине 3,050457 0,000851
европейский 1,122566 0,000470
позитивный 3,520461 0,000491
физкультура 1,994404 0,000835
плоскость 3,743604 0,000522
эдельман 5,129899 0,000716
точка 1,762603 0,000492
зало 1,797694 0,000752
tetyukhin 5,129899 0,000716
произвольно 3,743604 0,000522
установить 1,279751 0,000893
конный 1,574551 0,000220
разработать 1,728701 0,000241
strateg 4,436752 0,000619
спрингфилде 4,436752 0,000619
english 0,925206 0,000258
франция 0,675551 0,000283
перерыв 1,762603 0,000246
выполнять 1,994404 0,002226
ਜ 1,664163 0,000232
четыре 0,910391 0,000889
suomi 1,052361 0,000147
бланже 5,129899 0,000716
друг 1,518981 0,000848
ਪ 1,664163 0,000232
ਬ 1,664163 0,000232
тайм 1,633391 0,000911
рекордный 2,038856 0,000284
выпрыгнуть 4,436752 0,000619
схема 1,951845 0,005445
обязанность 2,490841 0,000347
можно 1,002764 0,000699
воздух 2,421849 0,000676
взаимодействие 2,490841 0,000347
потолок 3,338139 0,000466
română 1,122566 0,000157
совершенствоваться 4,436752 0,001238
диагональный 4,031286 0,001687
nkc 1,574551 0,000220
использоваться 1,159607 0,000485
раш 5,129899 0,000716
загнать 4,436752 0,001238
graça 5,129899 0,000716
portuguê 1,035554 0,000144
рубен 3,743604 0,001044
стремиться 2,421849 0,000338
мужской 1,198073 0,001504
впервые 0,839439 0,000234
oʻzbekcha 1,140915 0,000159
раз 0,485508 0,000339
чемпионат 0,188256 0,000709
ўзбекча 1,140915 0,000159
ari 5,129899 0,000716
оставить 2,185460 0,000610
latviešu 1,052361 0,000147
варьироваться 3,183989 0,000444
российский 0,224624 0,000094
фестиваль 2,564949 0,000358
улан 4,436752 0,001238
версия 0,393700 0,000165
некорректный 2,932674 0,000409
шесть 1,238078 0,000345
jawa 1,911023 0,000267
обычно 1,695912 0,002839
воспитание 2,827314 0,000394
зарегистрировать 0,711058 0,000198
требование 1,797694 0,001003
вячеслав 2,185460 0,000305
اردو 1,574551 0,000220
gõychi 4,031286 0,000562
волейболи 5,129899 0,000716
передневать 4,436752 0,000619
выполнение 2,185460 0,001219
знак 0,986764 0,000138
помеха 3,183989 0,000444
сложный 1,871802 0,001044
штат 2,185460 0,000305
увеличить 2,038856 0,000569
мюнхен 2,490841 0,000347
правый 0,971016 0,000813
olymp 2,296685 0,000320
представитель 1,238078 0,000345
сеул 2,644992 0,000738
разрешаться 2,490841 0,001737
австралийский 1,633391 0,000228
работа 1,086847 0,000152
тактика 2,421849 0,002027
характеристика 2,732003 0,000381
блок 2,421849 0,010135
приземлиться 3,520461 0,000491
пиччинини 5,129899 0,000716
регламентироваться 3,050457 0,000426
передача 1,633391 0,004557
запретить 1,178655 0,000164
посол 0,301585 0,000673
наказание 2,490841 0,000695
медиафайлы 1,217876 0,000340
неожиданно 3,050457 0,000426
невысоко 4,436752 0,000619
galego 1,178655 0,000164
старый 1,159607 0,000162
короткий 0,699082 0,000293
возвращаться 1,871802 0,000522
польза 1,834062 0,000256
внести 2,239527 0,000312
служебный 0,955511 0,000133
avc 5,129899 0,000716
central 2,732003 0,000381
четкий 3,743604 0,000522
покинуть 1,871802 0,000522
закрывать 3,743604 0,001567
назначаться 2,421849 0,000338
война 1,695912 0,000237
задеть 4,031286 0,000562
сессия 2,732003 0,000762
уругвай 2,732003 0,000381
дошлый 2,827314 0,000394
поверхность 2,239527 0,000625
associ 0,986764 0,000138
максимальный 1,951845 0,000272
свободный 0,867219 0,000484
пространство 2,932674 0,000818
агрессивный 3,183989 0,000444
монстр 3,338139 0,000466
применяться 1,217876 0,000849
существовать 1,122566 0,000470
современный 1,159607 0,001294
играться 2,564949 0,000358
пятый 1,574551 0,000220
повсеместно 4,031286 0,000562
азиатский 2,296685 0,000320
ранний 1,492313 0,000208
внутри 2,421849 0,000338
получить 0,384967 0,000215
направить 2,296685 0,000641
нидерланды 1,518981 0,001059
архивировать 1,104547 0,005238
кшиштоф 5,129899 0,000716
сделать 0,853233 0,000238
связанный 0,786093 0,000329
банглапедия 3,743604 0,000522
ренан 4,436752 0,000619
melayu 1,368699 0,000191
планер 5,129899 0,000716
адвокат 3,743604 0,000522
проявляться 4,031286 0,000562
сферический 4,436752 0,000619
воля 2,932674 0,001227
italiano 1,035554 0,000144
год 0,099461 0,001554
айсшток 1,728701 0,000241
характерный 2,564949 0,001431
приходиться 2,038856 0,000284
հայերեն 1,198073 0,000167
сербия 2,134166 0,001488
мая 0,986764 0,000138
поэтому 1,392229 0,000194
српскохрватски 1,416327 0,000198
дриблинг 4,031286 0,000562
рим 2,239527 0,000312
web 1,279751 0,000536
рио 2,296685 0,000320
bokmål 1,069456 0,000149
результативность 2,827314 0,000394
приниматься 3,338139 0,000466
инструмент 0,881403 0,000246
продолжительный 2,644992 0,000369
такой 0,735450 0,000616
планерный 1,762603 0,000246
samoa 3,050457 0,000426
заставить 2,490841 0,000347
неожиданный 2,296685 0,000320
юлия 2,085376 0,000291
рука 1,392229 0,001554
лига 0,325878 0,000318
собираться 2,185460 0,000305
накануне 3,183989 0,000444
расширение 2,296685 0,000320
благодаря 1,441019 0,000201
военный 1,664163 0,000232
afrikaan 1,441019 0,000201
фонд 0,895792 0,000125
состав 0,867219 0,000605
вестись 2,185460 0,000610
граса 5,129899 0,000716
трамплин 1,140915 0,000159
наиболее 1,466337 0,001636
передний 2,490841 0,004864
вербовый 4,436752 0,000619
указать 1,198073 0,000167
cavb 5,129899 0,000716
profil 4,031286 0,001125
история 0,270086 0,000264
македонский 1,258698 0,000176
длить 0,146292 0,000633
непосредственно 2,134166 0,000595
обрабатывать 5,129899 0,000716
bân 1,762603 0,000246
фут 3,338139 0,000466
ழ 1,492313 0,000208
либо 1,140915 0,001432
мусил 5,129899 0,000716
согласно 1,574551 0,000439
хара 4,436752 0,000619
усовершенствование 4,031286 0,000562
выгодно 4,031286 0,000562
название 1,035554 0,000722
редко 2,490841 0,000347
доводиться 4,436752 0,000619
амплуа 3,520461 0,002946
тысяча 1,546380 0,000216
поиск 0,711058 0,000198
чемпион 0,334108 0,000233
решающий 2,134166 0,000298
volley 4,031286 0,000562
oldid 0,986764 0,000138
первое 0,393700 0,000989
очковый 3,743604 0,000522
раскрытый 2,932674 0,000409
неконтактный 5,129899 0,000716
низкий 1,345709 0,000939
алексей 1,140915 0,000159
запрещать 2,827314 0,000789
тыльный 4,031286 0,000562
голос 2,357310 0,000329
жаргонный 5,129899 0,002147
южнокорейский 4,031286 0,000562
добить 4,031286 0,001687
грасы 5,129899 0,000716
постоянно 2,644992 0,000369
принять 0,786093 0,000877
накладывать 4,031286 0,000562
рок 1,695912 0,000237
переводить 5,129899 0,000716
присутствие 2,732003 0,000381
ayisyen 2,490841 0,000347
двенадцать 2,827314 0,000394
авторство 0,986764 0,000138
высокий 0,760451 0,001167
approv 4,031286 0,000562
подача 2,490841 0,019110
лицевой 3,050457 0,000851
финал 0,699082 0,000098
català 1,086847 0,000152
новый 0,239550 0,000501
волейболистка 4,436752 0,001857
образ 1,178655 0,000658
поведение 0,839439 0,001171
ввод 3,743604 0,001044
частичный 2,732003 0,000381
академия 1,834062 0,000512
частично 2,932674 0,000409
теннис 0,475938 0,000133
всероссийский 2,085376 0,000873
గ 2,038856 0,000284
лакку 3,743604 0,000522
антенна 4,436752 0,005570
финский 1,518981 0,000212
исключительный 3,520461 0,000491
فارسی 1,104547 0,000154
удар 1,633391 0,007747
эйр 3,743604 0,000522
త 2,038856 0,000284
эйс 5,129899 0,001431
нести 3,183989 0,000444
as 2,564949 0,000716
ల 2,038856 0,000284
викимедиа 0,986764 0,000138
формироваться 2,644992 0,000369
добиться 2,085376 0,000291
коми 3,050457 0,000426
вплоть 1,871802 0,000522
azərbaycanca 1,258698 0,000176
применять 2,732003 0,000381
определить 1,301257 0,000908
теория 2,357310 0,000329
дополнительный 0,940244 0,000131
проигрыш 2,490841 0,001042
раздельно 4,031286 0,000562
мир 0,277868 0,000620
пропорция 4,031286 0,000562
by 0,971016 0,000135
регби 0,955511 0,000267
экз 2,732003 0,002287
бруклин 2,296685 0,000320
русский 0,760451 0,000106
norceca 5,129899 0,001431
касание 2,827314 0,009071
входить 1,258698 0,000176
этап 0,895792 0,000125
cc 0,986764 0,000138
set 3,520461 0,000491
планировать 2,296685 0,000961
shqip 1,466337 0,000205
время 0,384967 0,000752
конец 1,035554 0,000289
выходить 1,695912 0,001892
отменить 1,728701 0,000241
ранее 1,104547 0,000308
победитель 0,799165 0,000111
cz 5,129899 0,000716
bikol 2,732003 0,000381
флот 5,129899 0,000716
вправо 3,743604 0,000522
پنجابی 2,239527 0,000312
мастранджело 5,129899 0,000716
викиданных 0,986764 0,000138
повторяться 3,520461 0,000491
dr 4,436752 0,000619
северный 1,492313 0,000416
каталог 1,301257 0,000182
требоваться 2,827314 0,000394
хотя 1,546380 0,000647
счет 0,799165 0,000892
порядок 1,664163 0,001161
подняться 2,490841 0,000347
приземлить 4,436752 0,000619
олимпийский 0,342407 0,000907
энд 3,520461 0,000491
читать 0,555188 0,000077
прямая 1,441019 0,000201
англ 1,159607 0,003397
рикошет 4,436752 0,000619
командный 1,002764 0,000560
for 2,239527 0,000312
волейбол 0,955511 0,011996
обязательно 2,357310 0,000329
волейбольный 3,338139 0,008381
overhand 5,129899 0,000716
существенный 2,732003 0,000381
лишь 1,159607 0,000162
стрелок 3,050457 0,000426
завершить 1,052361 0,000147
мол 3,050457 0,006808
момент 0,910391 0,000508
зрелищность 3,050457 0,000851
srpskohrvatski 1,416327 0,000198
незначительный 2,932674 0,000409
свирид 5,129899 0,000716
中文 1,035554 0,000144
удаление 2,038856 0,000284
константин 2,185460 0,000305
тереть 0,786093 0,000329
sergey 5,129899 0,000716
основа 1,301257 0,000182
foundat 0,986764 0,000138
postpon 5,129899 0,000716
сост 3,050457 0,000426
congress 4,436752 0,000619
изд 2,564949 0,000716
среди 0,597299 0,000583
прежний 1,994404 0,000278
латвия 1,664163 0,000232
полевой 2,357310 0,000329
пристроиться 5,129899 0,000716
инчхон 5,129899 0,000716
narod 4,436752 0,000619
канадский 1,603538 0,000224
yorùbá 2,732003 0,000381
скидка 2,185460 0,001524
демонстрировать 2,932674 0,000409
фабио 2,932674 0,000818
филиппина 3,050457 0,000426
join 3,743604 0,000522
https 0,699082 0,000098
мехико 2,932674 0,000409
предупреждение 2,827314 0,000394
результат 0,524729 0,000439
поднимать 2,932674 0,000409
мобильный 0,555188 0,000077
пауза 2,490841 0,000695
прижиться 5,129899 0,000716
татарча 1,392229 0,000194
tiếng 1,140915 0,000159
особенно 2,038856 0,000284
עברית 1,052361 0,000147
index 0,986764 0,000138
большой 0,687247 0,000383
павел 1,834062 0,000256
избранный 0,955511 0,000267
должен 0,597299 0,001333
ള 1,695912 0,000237
южноазиатские 5,129899 0,000716
پښتو 2,732003 0,000381
зачехлить 5,129899 0,000716
мешать 2,644992 0,000369
ирон 2,827314 0,000394
повторный 3,338139 0,001863
kurdî 1,834062 0,000256
работать 1,518981 0,000212
разновидность 2,490841 0,000347
крикет 1,695912 0,000237
world 1,416327 0,000198
атлетический 3,338139 0,000466
провести 0,799165 0,000223
издательство 3,338139 0,000466
это 0,181139 0,000531
обработка 2,085376 0,000291
упряжка 1,762603 0,000246
триатлон 1,633391 0,000228
два 0,504926 0,001268
смена 1,762603 0,000492
прямой 1,695912 0,000237
опрос 2,732003 0,000762
break 3,520461 0,000491
игначак 5,129899 0,000716
gí 1,762603 0,000246
ограничить 1,951845 0,000817
тренер 0,555188 0,001007
доступный 0,955511 0,000133
двойной 2,490841 0,001390
остальное 1,834062 0,000767
соприкосновение 4,031286 0,000562
тапочки 5,129899 0,000716
стартовый 1,728701 0,000241
держать 2,490841 0,001042
ладонь 2,932674 0,000409
или 0,576022 0,002893
финляндия 1,323236 0,000185
федерація 5,129899 0,000716
измениться 2,038856 0,000284
қазақша 1,178655 0,000164
альфред 4,031286 0,000562
kosovo 5,129899 0,000716
остров 2,357310 0,000329
югославия 2,134166 0,001191
bnf 1,834062 0,000256
учетный 0,986764 0,000138
направо 3,520461 0,000982
много 0,735450 0,000821
савин 3,743604 0,000522
общенациональный 4,436752 0,000619
представиться 0,986764 0,000138
учитывать 3,050457 0,000426
затем 1,301257 0,000363
повторно 3,743604 0,000522
dribbl 5,129899 0,000716
атаковать 1,871802 0,008094
задумать 4,031286 0,000562
корейский 2,134166 0,000298
na 2,490841 0,000347
разыгрываться 1,994404 0,000278
зритель 1,518981 0,000424
марсель 2,932674 0,000409
no 1,911023 0,000267
тихоокеанский 3,183989 0,000444
ස 1,834062 0,000256
ошибка 0,576022 0,000482
xxxi 3,520461 0,000491
вопрос 1,104547 0,000154
игра 0,112619 0,001225
поскольку 1,728701 0,000241
произвести 2,732003 0,001143
переход 1,323236 0,000738
доступность 4,436752 0,000619
of 1,695912 0,000237
deutsch 1,052361 0,000147
ошибиться 4,436752 0,000619
марта 0,853233 0,000357
имя 1,178655 0,000164
датский 1,368699 0,000191
ставить 2,296685 0,000961
ансан 5,129899 0,000716
больший 0,457070 0,000446
рагимова 5,129899 0,000716
итальянец 2,421849 0,000338
ماز 2,490841 0,000347
укоротить 3,183989 0,000444
поединок 2,085376 0,000291
ложный 3,520461 0,000491
зайти 3,520461 0,000491
дальнейший 1,994404 0,000278
распространение 2,357310 0,000329
событие 0,565551 0,000079
rumantsch 2,564949 0,000358
реакция 2,490841 0,000347
использование 0,277868 0,000039
уильям 3,050457 0,000851
equip 4,031286 0,000562
ровесник 5,129899 0,000716
скиинг 1,762603 0,000246
соревнование 0,411400 0,000746
ph 1,762603 0,000246
vakav 3,743604 0,000522
сантос 3,338139 0,000466
кальяри 4,031286 0,000562
продолжение 2,564949 0,001073
мимо 4,031286 0,000562
лицензия 0,971016 0,000135
неудобный 3,743604 0,000522
архивный 1,518981 0,000424
нагрузка 2,644992 0,000369
угол 2,421849 0,000676
зимний 0,663991 0,000093
карточка 1,951845 0,001906
практик 2,239527 0,000625
ряд 1,198073 0,000334
страница 0,910391 0,000889
сам 0,747872 0,000522
запись 0,910391 0,000127
qr 0,986764 0,000138
африка 2,296685 0,000961
кореан 5,129899 0,000716
посещаемость 2,732003 0,000762
увеличиться 3,338139 0,000466
година 5,129899 0,000716
санный 1,301257 0,000182
женский 0,663991 0,000648
доигровка 5,129899 0,001431
сохранение 0,971016 0,000135
吴语 1,238078 0,000173
фристайл 1,238078 0,000173
доигровки 5,129899 0,001431
блюфэнгс 5,129899 0,000716
применение 2,085376 0,000873
дать 0,608110 0,000170
диг 5,129899 0,001431
персональный 0,723179 0,000101
ænglisc 2,564949 0,000358
действовать 0,825834 0,000461
возможный 1,392229 0,000194
ru 0,285712 0,000080
организовать 1,466337 0,000818
сузиться 5,129899 0,000716
трёхметровой 5,129899 0,003578
исп 3,183989 0,000444
смочь 1,069456 0,000298
simi 2,732003 0,000381
третий 1,238078 0,000518
sa 0,986764 0,000138
дата 0,799165 0,003567
специализация 3,743604 0,000522
вернуться 0,986764 0,000138
nynorsk 1,546380 0,000216
sh 1,797694 0,000502
переизбираться 5,129899 0,000716
того 0,955511 0,000267
барселона 1,416327 0,000198
доигровщиков 5,129899 0,001431
nedersaksi 3,183989 0,000444
проводить 0,910391 0,000508
китайский 1,069456 0,000149
español 1,019025 0,000142
специалист 1,797694 0,000251
профессор 3,520461 0,000491
спид 1,762603 0,000246
литература 1,695912 0,000473
россия 0,139466 0,000175
перестать 2,644992 0,000369
monster 4,436752 0,000619
tagalog 1,911023 0,000267
рекорд 0,955511 0,001333
bosanski 1,345709 0,000188
свой 0,586604 0,000982
свое 0,457070 0,000191
свод 3,520461 0,000491
опробовать 4,031286 0,001125
январь 0,786093 0,000329
настольный 1,198073 0,000167
нерабочий 2,644992 0,000369
колледж 2,827314 0,000789
акосты 4,436752 0,000619
папи 5,129899 0,000716
популярность 1,797694 0,000251
прийти 2,038856 0,000284
выравнивание 4,436752 0,000619
йозеф 3,338139 0,000466
перемещение 2,827314 0,001578
ход 1,279751 0,000536
norsk 1,052361 0,000294
gagana 3,050457 0,000426
заноситься 4,436752 0,001238
праздник 2,732003 0,000381
флаг 0,895792 0,000125
сет 2,644992 0,000738
дюйм 3,050457 0,000426
волшебный 1,695912 0,000237
polski 1,035554 0,000144
опава 5,129899 0,000716
подбросить 4,436752 0,000619
recept 5,129899 0,000716
рейтинг 0,524729 0,000073
конте 4,031286 0,000562
сумасшествие 5,129899 0,000716
акоста 5,129899 0,000716
org 0,986764 0,000275
сыграть 0,839439 0,000117
прыгучий 5,129899 0,000716
leyva 5,129899 0,000716
брейковое 5,129899 0,001431
кубинский 5,129899 0,000716
некоммерческий 0,986764 0,000138
затяжка 5,129899 0,000716
дивизион 2,038856 0,000569
желтый 1,834062 0,001279
токио 2,296685 0,001922
любой 1,238078 0,001382
walon 2,827314 0,000394
xx 1,546380 0,000431
выраженье 5,129899 0,001431
мяч 0,735450 0,007489
жеребьевка 2,296685 0,000641
наш 0,652562 0,000182
указание 0,986764 0,000138
темп 2,732003 0,005335
лейва 5,129899 0,000716
показательный 1,279751 0,000179
шкура 5,129899 0,000716
српски 1,035554 0,000144
над 0,986764 0,001239
даль 5,129899 0,000716
комментарий 1,871802 0,000261
присудить 3,520461 0,000491
петер 4,436752 0,000619
предложение 2,239527 0,000625
эпизод 2,732003 0,000381
около 1,518981 0,000212
ёсиэ 5,129899 0,000716
морита 5,129899 0,000716
двоеборье 1,217876 0,000170
съесть 5,129899 0,002862
заниматься 1,574551 0,000220
тело 1,762603 0,000983
юго 3,743604 0,000522
кунянский 5,129899 0,000716
противник 2,239527 0,004686
ски 1,069456 0,000149
пионербол 5,129899 0,000716
довести 3,338139 0,001397
аргентина 1,951845 0,000817
стоять 3,520461 0,000982
произведение 3,338139 0,000466
ག 2,564949 0,000358
максимум 2,827314 0,000394
реальность 3,520461 0,000491
south 3,520461 0,000491
мориты 5,129899 0,000716
пайп 4,436752 0,002476
martinez 5,129899 0,000716
лыжный 0,675551 0,000188
который 0,325878 0,001636
постоянный 0,881403 0,000123
опускаться 4,436752 0,000619
лететь 3,338139 0,000466
конькобежный 1,140915 0,000159
легкий 0,895792 0,000125
ད 2,564949 0,000358
например 1,603538 0,000671
رونی 2,490841 0,000347
བ 2,564949 0,000358
подвергнуть 3,520461 0,000491
türkçe 1,052361 0,000147
победа 0,420369 0,000059
привести 1,466337 0,000205
защищаться 2,564949 0,001073
ཡ 2,564949 0,000358
выбрать 1,323236 0,000369
елена 1,834062 0,000256
вентурини 5,129899 0,000716
случай 0,867219 0,001210
регла 5,129899 0,001431
америка 1,279751 0,001250
палец 2,732003 0,000381
архитектор 3,520461 0,000491
акв 5,129899 0,000716
центральноамериканский 5,129899 0,000716
союз 1,301257 0,000363
несколько 0,971016 0,000271
центральноамериканские 4,436752 0,001238
сомкнутый 5,129899 0,000716
начало 0,760451 0,000318
располагаться 1,951845 0,000545
никакой 2,085376 0,000291
снг 2,490841 0,000347
сетка 2,085376 0,011054
тенденция 3,338139 0,000466
отдых 2,038856 0,000284
ровный 2,421849 0,000676
свежий 0,839439 0,000117
использовать 0,940244 0,000262
задний 2,421849 0,006756
непопулярный 4,436752 0,000619
золотой 1,002764 0,000699
замещать 5,129899 0,001431
любитель 1,238078 0,000518
ລາວ 2,932674 0,000409
неустойчивый 4,436752 0,000619
uyghurch 2,644992 0,000369
апрель 0,986764 0,001514
внешний 1,104547 0,000154
совершить 2,134166 0,000298
количество 0,853233 0,000952
трибун 1,603538 0,000224
бейсбол 1,416327 0,000395
составить 1,546380 0,000216
заменять 3,338139 0,000466
орган 2,134166 0,000298
нет 0,825834 0,000115
называться 1,603538 0,000224
мужчина 0,812411 0,003286
отталкиваться 4,031286 0,001125
кирай 5,129899 0,001431
такэсита 5,129899 0,000716
hero 4,436752 0,000619
статистика 0,630089 0,000088
способствовать 2,490841 0,000347
совершенствование 3,743604 0,001044
связующий 3,743604 0,012533
ана 5,129899 0,000716
മലയ 1,695912 0,000237
индийский 3,183989 0,000444
объявить 1,492313 0,000416
завершиться 1,728701 0,000241
монгол 1,518981 0,000212
защитный 2,644992 0,000738
травма 1,122566 0,000157
легкое 2,732003 0,000381
куинсайз 5,129899 0,000716
футовый 3,338139 0,000466
ввести 1,695912 0,000237
миллион 1,392229 0,000583
кыргызча 2,085376 0,000291
переть 0,359214 0,002205
источник 0,786093 0,000110
