tennisi 5,129899 0,019864
финал 0,699082 0,001353
формула 1,574551 0,001524
новый 0,239550 0,000696
день 0,699082 0,001353
рпл 1,140915 0,002209
газета 1,392229 0,001348
еще 0,167054 0,000323
происходить 1,466337 0,001419
теннис 0,475938 0,003225
кевин 2,038856 0,001974
болеть 2,644992 0,002560
марафон 2,490841 0,009645
февраляолимпиада 5,129899 0,029796
апл 1,871802 0,001812
ставка 0,799165 0,013925
vip 3,183989 0,006165
успех 1,518981 0,001470
центр 0,773190 0,000748
важный 0,986764 0,000955
февраляставки 5,129899 0,014898
а 0,209918 0,000406
систематизация 2,564949 0,002483
обыграть 1,122566 0,001087
в 0,017911 0,000451
г 0,925206 0,000896
реклама 0,687247 0,001331
е 0,867219 0,001679
интер 1,633391 0,001581
и 0,023953 0,000301
депозит 5,129899 0,024830
четверг 2,239527 0,002168
демо 4,436752 0,004295
комо 2,421849 0,002344
к 0,132686 0,000128
велоспорт 1,178655 0,001141
м 0,534779 0,001035
winlin 2,564949 0,009932
о 0,042302 0,000205
с 0,036149 0,000525
коэффициент 2,490841 0,002411
четвертьфинал 1,279751 0,001239
нога 1,664163 0,001611
у 0,342407 0,000663
olimpbet 3,050457 0,011812
балл 1,871802 0,001812
скачать 0,895792 0,000867
февраляфутбол 5,129899 0,024830
ты 1,871802 0,001812
adfox 5,129899 0,004966
валиев 2,185460 0,002116
одуматься 5,129899 0,004966
ю 1,834062 0,001775
футбол 0,247097 0,003349
букмекерские 3,520461 0,003408
надавить 5,129899 0,004966
мир 0,277868 0,000269
атлетика 0,955511 0,000925
пройти 0,544931 0,000528
информационный 1,122566 0,002173
ювентус 2,357310 0,002282
даби 2,827314 0,002737
русский 0,760451 0,000736
тонкий 3,050457 0,002953
проект 0,457070 0,000442
соколовский 4,436752 0,004295
планировать 2,296685 0,002223
m 2,296685 0,006670
про 1,301257 0,001260
ооо 1,871802 0,001812
тренд 2,185460 0,002116
мелбет 1,762603 0,010238
проблема 1,122566 0,001087
мериде 3,520461 0,003408
псж 1,518981 0,001470
японец 2,564949 0,002483
италия 0,524729 0,001016
прошлый 1,518981 0,001470
классный 3,743604 0,003624
шанс 1,258698 0,002437
bet 3,338139 0,009694
россиянин 0,971016 0,001880
бездепозитные 5,129899 0,009932
правовой 2,038856 0,001974
находиться 0,925206 0,000896
территория 1,518981 0,001470
колыванов 3,338139 0,003231
зарубежный 1,695912 0,001642
мма 1,069456 0,004141
надо 2,038856 0,001974
овертайме 2,038856 0,001974
бетбум 5,129899 0,009932
задача 1,546380 0,001497
татуировка 5,129899 0,004966
судья 1,035554 0,001002
диверсия 5,129899 0,004966
филиппов 3,050457 0,002953
сауся 4,436752 0,004295
счет 0,799165 0,000774
хайкиным 4,031286 0,003903
олимпийский 0,342407 0,000331
карьер 0,925206 0,000896
индиан 4,031286 0,003903
сколько 1,834062 0,001775
корея 1,695912 0,001642
тишина 4,031286 0,003903
кучер 2,357310 0,002282
оценка 1,797694 0,001740
волейбол 0,955511 0,002775
чехия 1,258698 0,001218
биатлон 0,485508 0,001410
чм 1,492313 0,001445
футболист 1,518981 0,001470
заявка 2,732003 0,002645
путаница 4,031286 0,003903
live 1,492313 0,001445
произвольный 1,994404 0,003861
россиянка 2,085376 0,002019
московский 1,574551 0,001524
завершить 1,052361 0,001019
беспроигрышный 3,183989 0,003082
архив 1,198073 0,002320
фаворит 2,134166 0,004132
рассчитывать 2,932674 0,002839
букмекер 1,140915 0,019880
заявить 1,140915 0,001104
ресурс 0,812411 0,000786
основа 1,301257 0,001260
балтбет 4,031286 0,015610
карта 2,085376 0,002019
бонус 2,490841 0,033758
японка 3,183989 0,003082
южный 1,159607 0,001123
технология 0,786093 0,001522
швейцария 1,258698 0,001218
киберспорт 1,762603 0,001706
эксклюзивы 2,732003 0,002645
разобрать 3,338139 0,003231
канадский 1,603538 0,001552
подряд 1,258698 0,001218
атака 1,762603 0,001706
организационный 3,338139 0,003231
гениальный 4,436752 0,004295
трансфер 1,492313 0,001445
становиться 1,159607 0,001123
предоставление 2,357310 0,002282
фьюри 2,357310 0,002282
скандал 1,279751 0,001239
wta 2,038856 0,003947
мобильный 0,555188 0,000537
голкипер 2,732003 0,002645
io 3,520461 0,003408
ловко 3,743604 0,003624
команда 0,262364 0,000254
leon 3,183989 0,012329
большой 0,687247 0,000665
поставить 1,633391 0,001581
фанат 1,762603 0,001706
пассивность 4,031286 0,003903
жаровский 5,129899 0,004966
промежуточный 2,827314 0,002737
киберспортивные 4,031286 0,003903
махать 5,129899 0,004966
шнайдер 4,031286 0,003903
золото 1,140915 0,002209
стать 0,217244 0,000210
алькарасом 4,436752 0,004295
кросби 1,994404 0,001931
отличный 2,421849 0,002344
напряжение 3,520461 0,003408
лещук 3,520461 0,003408
это 0,181139 0,000175
легендарный 1,871802 0,001812
американец 2,134166 0,004132
затмить 4,436752 0,004295
спортсмен 0,565551 0,000547
новость 0,285712 0,001383
доха 2,239527 0,002168
взять 1,159607 0,002245
только 0,447767 0,000867
головин 1,695912 0,003283
войти 0,608110 0,001177
старт 1,035554 0,001002
абсурдный 4,436752 0,004295
шорты 1,035554 0,004010
нхл 0,925206 0,000896
или 0,576022 0,000558
финляндия 1,323236 0,001281
турнир 0,293617 0,000568
особенный 3,183989 0,003082
фонбет 1,466337 0,008517
относиться 1,368699 0,001325
допустить 1,546380 0,001497
сафонов 2,185460 0,004231
точно 1,911023 0,001850
политик 0,224624 0,000435
почему 1,122566 0,001087
джокер 5,129899 0,004966
хороший 0,393700 0,002287
совестить 4,436752 0,004295
испортить 5,129899 0,004966
отключить 4,031286 0,003903
фигурный 0,514778 0,001993
программа 0,799165 0,000774
конфиденциальность 0,293617 0,000284
гандбол 1,122566 0,001087
фигурист 3,050457 0,002953
шахматы 1,834062 0,001775
первый 0,317714 0,000615
продлить 2,038856 0,001974
редакционный 4,031286 0,003903
февраль 0,202645 0,002158
идти 1,159607 0,001123
трофи 4,031286 0,003903
буде 2,038856 0,001974
раздавать 4,436752 0,004295
промокоды 4,436752 0,034360
игра 0,112619 0,000218
компания 0,971016 0,001880
фехтование 1,546380 0,001497
заткнуться 5,129899 0,004966
установка 3,183989 0,006165
вспомнить 4,031286 0,003903
переход 1,323236 0,001281
сохранять 2,564949 0,002483
контора 3,183989 0,003082
главное 0,524729 0,002540
так 0,597299 0,000578
титул 1,301257 0,001260
федерация 0,495170 0,000479
где 0,675551 0,001308
больший 0,457070 0,000885
интервью 0,971016 0,000940
кто 0,747872 0,002896
zenit 3,743604 0,018120
легальный 5,129899 0,009932
бундеслига 2,134166 0,002066
событие 0,565551 0,001095
февраляистории 5,129899 0,009932
винисиуса 2,644992 0,002560
пользователь 1,911023 0,001850
предпочтение 2,296685 0,002223
реакция 2,490841 0,002411
betboom 3,338139 0,012926
всеять 1,871802 0,001812
ёкодзуны 5,129899 0,004966
покер 2,490841 0,002411
быть 0,119263 0,000231
тутберидзе 2,085376 0,002019
балтика 1,217876 0,001179
зимний 0,663991 0,001286
спорт 0,125952 0,001951
сам 0,747872 0,000724
борьба 0,723179 0,000700
вскрыть 4,436752 0,004295
приложение 1,574551 0,007621
сборная 0,342407 0,001657
бк 3,183989 0,070892
циципас 2,134166 0,002066
сбор 1,368699 0,002650
javascript 5,129899 0,004966
боселли 3,338139 0,003231
трекист 4,031286 0,003903
женский 0,663991 0,000643
безумный 4,436752 0,008590
шутить 4,436752 0,004295
отправляться 3,050457 0,002953
фигуристка 2,239527 0,002168
кхл 0,760451 0,002208
минимальный 2,185460 0,002116
обходить 5,129899 0,004966
кубок 0,376309 0,000364
легенда 1,416327 0,002742
спортивный 0,301585 0,000292
во 0,495170 0,000479
игрок 0,711058 0,000688
женщина 0,663991 0,000643
прогноз 1,994404 0,034752
выступление 0,955511 0,000925
аделий 1,871802 0,007248
больной 4,031286 0,003903
кешбэк 5,129899 0,004966
вы 0,309617 0,000300
дюбуа 3,183989 0,003082
российский 0,224624 0,000217
аба 2,490841 0,004823
паспорт 3,050457 0,002953
выиграть 0,485508 0,000940
версия 0,393700 0,000381
узнать 2,134166 0,002066
бьорген 3,743604 0,003624
россия 0,139466 0,001080
намеренный 3,743604 0,003624
интернет 1,574551 0,001524
го 1,279751 0,001239
смотреть 1,368699 0,002650
турнирный 1,086847 0,001052
назвать 0,940244 0,000910
open 1,834062 0,001775
разгромить 1,728701 0,001673
без 0,466460 0,004516
игорь 1,871802 0,001812
перед 0,839439 0,000813
родниной 5,129899 0,004966
сайт 0,411400 0,000797
чернышов 3,743604 0,003624
рождение 1,518981 0,001470
до 0,239550 0,000232
сложный 1,871802 0,001812
правый 0,971016 0,000940
работа 1,086847 0,001052
atp 1,994404 0,001931
карабах 2,038856 0,001974
трек 1,104547 0,003208
us 2,038856 0,001974
завтра 1,951845 0,003779
сеть 1,258698 0,002437
редакция 0,940244 0,000910
запретить 1,178655 0,001141
мексика 2,239527 0,002168
посол 0,301585 0,000584
баскетбол 0,723179 0,002800
розенштайн 4,031286 0,003903
фрибеты 5,129899 0,049660
число 0,955511 0,001850
клуб 0,652562 0,001263
знать 1,345709 0,001303
разгромный 2,564949 0,002483
абсолютный 2,038856 0,001974
вид 0,393700 0,000762
mma 2,038856 0,003947
гуменник 2,564949 0,002483
android 2,185460 0,002116
попасть 1,140915 0,001104
всегда 1,258698 0,001218
обновить 2,085376 0,002019
что 0,195425 0,000946
краснодар 0,867219 0,001679
зайцев 2,564949 0,002483
за 0,125952 0,000854
жест 2,827314 0,002737
сумо 4,031286 0,007805
талалаев 4,031286 0,003903
фонтан 3,183989 0,003082
унизительный 3,520461 0,003408
канада 0,867219 0,000840
бобслей 1,217876 0,001179
рейтинг 0,524729 0,001524
форма 1,086847 0,001052
медаль 0,619039 0,002996
трансляция 1,217876 0,001179
сыграть 0,839439 0,002438
зачем 2,421849 0,002344
прокат 1,951845 0,001889
никита 1,492313 0,001445
несмотря 1,762603 0,001706
применяться 1,217876 0,001179
набор 2,296685 0,002223
советский 1,140915 0,004418
статья 0,495170 0,000479
надежность 3,743604 0,007248
мокнуть 1,574551 0,003049
бетсити 1,633391 0,006325
пятый 1,574551 0,001524
медведев 1,633391 0,001581
петросян 1,441019 0,011160
винлайн 1,834062 0,005326
одолеть 2,134166 0,002066
из 0,106018 0,000308
ограничение 1,834062 0,001775
музыка 2,357310 0,002282
наш 0,652562 0,001263
компонент 3,050457 0,002953
монако 1,994404 0,001931
ови 2,490841 0,002411
хоккей 0,285712 0,002489
хачанов 2,296685 0,002223
неуважение 4,436752 0,004295
следить 1,994404 0,001931
сделать 0,853233 0,000826
милан 1,574551 0,001524
анализ 2,296685 0,002223
харламов 3,338139 0,003231
рекомендательный 1,518981 0,001470
прочий 1,069456 0,001035
серия 0,586604 0,001136
овечкин 1,695912 0,001642
год 0,099461 0,000096
защитить 1,633391 0,001581
матч 0,293617 0,001990
соперник 0,853233 0,002478
генич 2,644992 0,002560
лыжный 0,675551 0,000654
ньюкасл 2,085376 0,002019
легкий 0,895792 0,000867
крупный 1,198073 0,001160
ла 1,762603 0,001706
динамо 0,663991 0,000643
следующий 0,853233 0,000826
победа 0,420369 0,001221
забивать 2,564949 0,002483
рассказать 1,122566 0,003260
загадка 4,031286 0,003903
betteri 1,871802 0,007248
лч 2,185460 0,004231
акция 2,357310 0,002282
такой 0,735450 0,000712
деть 0,619039 0,000599
полуфинал 1,238078 0,001199
ущемлять 5,129899 0,004966
нужный 1,834062 0,001775
глимт 2,038856 0,001974
пересмотреть 3,520461 0,003408
место 0,402511 0,000779
отправить 1,871802 0,001812
продолжить 1,492313 0,001445
лига 0,325878 0,003155
рука 1,392229 0,001348
диана 3,520461 0,003408
ради 2,421849 0,002344
благодаря 1,441019 0,002790
мы 0,195425 0,000568
на 0,023953 0,001159
цупис 5,129899 0,009932
топ 1,238078 0,001199
состав 0,867219 0,000840
водный 0,723179 0,000700
олимпиада 0,576022 0,006134
не 0,099461 0,000385
розыгрыш 1,762603 0,001706
но 0,402511 0,000779
уэллсом 5,129899 0,004966
история 0,270086 0,000523
таблица 0,711058 0,000688
три 1,178655 0,001141
длить 0,146292 0,001275
незаменимый 4,031286 0,003903
гордон 2,421849 0,002344
накинуться 4,436752 0,004295
страховка 4,031286 0,003903
русская 1,797694 0,001740
карпина 3,338139 0,003231
карпине 4,031286 0,003903
намедни 5,129899 0,004966
ои 0,812411 0,003146
нет 0,825834 0,000799
поиск 0,711058 0,001377
чемпион 0,334108 0,000970
даже 1,198073 0,001160
разряд 2,490841 0,002411
клебо 2,490841 0,002411
бокс 0,534779 0,002588
напроситься 5,129899 0,004966
катание 0,514778 0,001993
раздавить 3,743604 0,003624
первое 0,393700 0,000381
как 0,232059 0,000225
вернуть 1,695912 0,001642
участник 0,799165 0,000774
все 0,067304 0,000521
дистанция 1,728701 0,001673
сведение 0,786093 0,000761
pari 1,546380 0,010479
по 0,073653 0,000214
правда 2,134166 0,002066
занимать 1,664163 0,001611
добить 4,031286 0,003903
информация 0,608110 0,001177
травма 1,122566 0,001087
переосмыслить 4,436752 0,004295
ufc 1,441019 0,001395
эстафета 1,871802 0,001812
вничью 1,797694 0,001740
высокий 0,760451 0,000736
маккиннон 2,239527 0,002168
сенсационный 3,050457 0,005906
переть 0,359214 0,000348
