ямаль 2,421849 0,002186
париж 1,392229 0,001257
терентьев 2,490841 0,002248
новый 0,239550 0,000216
рпл 1,140915 0,001030
найти 1,122566 0,001013
тур 1,159607 0,001047
письмо 1,911023 0,001725
еще 0,167054 0,000302
теннис 0,475938 0,000859
расширить 2,239527 0,002021
кевин 2,038856 0,001840
стиль 1,603538 0,001447
йоханнес 2,085376 0,003764
ставка 0,799165 0,000721
апл 1,871802 0,001689
дончич 2,564949 0,002315
менее 1,258698 0,001136
бесплатный 3,183989 0,002874
важный 0,986764 0,000891
парусный 1,574551 0,001421
под 0,723179 0,001305
полный 0,940244 0,000849
нетс 2,564949 0,002315
предложить 1,441019 0,001301
александр 0,839439 0,005303
пол 0,910391 0,000822
стефанос 2,564949 0,002315
а 0,209918 0,000189
систематизация 2,564949 0,002315
яна 1,834062 0,001655
в 0,017911 0,000194
подробный 0,687247 0,000620
реклама 0,687247 0,003101
трусов 2,490841 0,002248
и 0,023953 0,000346
джон 1,633391 0,001474
бильярд 4,031286 0,003638
й 0,825834 0,000745
к 0,132686 0,000359
велоспорт 1,178655 0,001064
показывать 1,762603 0,001591
seri 2,085376 0,001882
устюгов 2,490841 0,002248
iphon 4,031286 0,003638
разговор 2,564949 0,002315
о 0,042302 0,000267
с 0,036149 0,000326
у 0,342407 0,000309
ф 1,728701 0,001560
авто 0,925206 0,000835
металлург 1,834062 0,001655
серхио 2,296685 0,002073
валиев 2,185460 0,001972
хэмилтон 2,490841 0,002248
булла 2,357310 0,002128
суперзвезда 3,183989 0,002874
собрать 2,357310 0,002128
я 0,747872 0,000675
поп 1,664163 0,001502
футбол 0,247097 0,000669
конек 2,296685 0,002073
мир 0,277868 0,001254
атлетика 0,955511 0,001725
лейкерс 2,239527 0,002021
трибунепрожектор 2,644992 0,002387
пройти 0,544931 0,000984
вхл 1,664163 0,001502
регби 0,955511 0,000862
информационный 1,122566 0,001013
месси 2,239527 0,002021
бруклин 2,296685 0,002073
наткнуться 4,436752 0,004004
генсекретарь 5,129899 0,004630
бакс 2,564949 0,002315
хабиб 2,296685 0,002073
латыпов 2,564949 0,002315
миннесота 2,421849 0,002186
проект 0,457070 0,000413
боец 1,797694 0,001622
про 1,301257 0,002349
dubai 4,436752 0,008009
томас 2,490841 0,004496
насредакцияконтакты 2,644992 0,002387
фе 2,644992 0,002387
недавно 2,827314 0,002552
винисиус 2,296685 0,002073
филадельфия 2,239527 0,002021
правообладатель 2,296685 0,002073
макса 2,038856 0,001840
сильный 1,198073 0,001081
главный 0,565551 0,001021
адетокумбо 2,564949 0,002315
шавкат 2,564949 0,002315
роберт 2,185460 0,001972
бабиков 2,644992 0,002387
сергей 1,301257 0,002349
rds 1,911023 0,003449
голден 2,357310 0,002128
василевский 2,564949 0,002315
обсуждать 1,797694 0,001622
псж 1,518981 0,001371
футзал 2,085376 0,001882
италия 0,524729 0,001421
коннор 2,357310 0,002128
дмитрий 1,258698 0,002272
час 1,728701 0,001560
isu 1,603538 0,001447
классный 3,743604 0,003379
единоборство 1,994404 0,001800
трава 1,392229 0,001257
снова 1,574551 0,001421
находиться 0,925206 0,000835
территория 1,518981 0,001371
чимаев 2,357310 0,002128
щербаков 2,490841 0,002248
выступить 1,238078 0,002235
показать 0,504926 0,000456
пляжный 1,603538 0,001447
мма 1,069456 0,000965
вакансиирекламаподдержка 2,644992 0,002387
european 3,050457 0,002753
алекс 2,185460 0,001972
олимпийский 0,342407 0,000927
карьер 0,925206 0,000835
летие 2,421849 0,002186
иго 2,564949 0,002315
aquat 3,743604 0,006757
гонщик 2,421849 0,002186
тяжелый 0,940244 0,000849
дэвис 1,633391 0,001474
fc 2,085376 0,001882
июнь 1,198073 0,001081
дзюба 2,134166 0,001926
александер 2,357310 0,002128
макдэвид 2,421849 0,002186
гран 1,518981 0,001371
карри 2,421849 0,002186
кучер 2,357310 0,002128
один 0,342407 0,000309
салах 2,564949 0,002315
родные 3,338139 0,003013
волейбол 0,955511 0,000862
дисциплина 1,546380 0,001396
экзотический 4,436752 0,004004
дюрэнт 2,564949 0,002315
обязательно 2,357310 0,002128
гаррос 2,421849 0,002186
камил 2,239527 0,002021
интересный 2,085376 0,001882
плавание 1,178655 0,018084
биатлон 0,485508 0,000438
сундлинг 2,421849 0,002186
пример 1,994404 0,001800
громкий 2,421849 0,002186
стэнли 2,185460 0,001972
уимблдон 2,421849 0,002186
live 1,492313 0,001347
локомотив 0,839439 0,000758
оскар 2,357310 0,002128
заметный 2,932674 0,002647
экстремальный 3,183989 0,002874
арин 2,357310 0,002128
последний 0,376309 0,000679
япония 1,279751 0,001155
мой 1,368699 0,001235
gp 2,490841 0,002248
wrc 2,564949 0,002315
семененко 2,644992 0,002387
содружество 1,518981 0,001371
авангард 2,038856 0,001840
даллас 2,296685 0,002073
бренд 2,357310 0,004255
рейнджерс 2,038856 0,001840
дарья 1,951845 0,001762
арсенал 1,323236 0,001194
тереть 0,786093 0,000709
соглашениеполитика 2,644992 0,002387
сша 0,586604 0,001588
ферстаппен 2,490841 0,002248
июль 1,019025 0,001839
основа 1,301257 0,001174
викторий 2,038856 0,001840
говорить 1,834062 0,001655
challeng 2,296685 0,002073
технология 0,786093 0,001419
среди 0,597299 0,000539
киберспорт 1,762603 0,001591
артур 1,664163 0,001502
разобрать 3,338139 0,003013
сформироваться 3,050457 0,002753
motogp 2,644992 0,002387
москва 0,576022 0,000520
теннисист 2,134166 0,001926
карлссон 2,564949 0,002315
баскетболист 2,239527 0,002021
куклина 2,644992 0,002387
остон 2,564949 0,002315
эмбиид 2,644992 0,002387
индикар 2,564949 0,002315
предоставление 2,357310 0,002128
фьюри 2,357310 0,002128
стрельба 1,441019 0,001301
официально 1,159607 0,001047
результат 0,524729 0,000947
ливерпуль 1,951845 0,001762
джейсон 2,421849 0,002186
мобильный 0,555188 0,001503
видеоспортс 2,644992 0,002387
команда 0,262364 0,000947
екатерина 2,134166 0,001926
большой 0,687247 0,000620
лос 1,518981 0,001371
офф 1,019025 0,000920
блогах 3,743604 0,006757
возвращение 1,466337 0,002647
панарин 2,357310 0,002128
зенит 0,867219 0,001565
фрэнсис 2,564949 0,002315
боттас 2,490841 0,002248
единый 1,104547 0,000997
мадрид 1,762603 0,001591
сидень 1,994404 0,001800
dog 2,564949 0,002315
мартин 2,038856 0,001840
реал 1,416327 0,001278
сливко 2,564949 0,002315
перейти 0,586604 0,000529
нурмагомед 2,357310 0,002128
даниил 1,728701 0,003120
вapp 2,644992 0,002387
медицинский 3,050457 0,002753
скелетон 1,258698 0,001136
работать 1,518981 0,001371
кросби 1,994404 0,001800
мерседес 2,421849 0,002186
керлинг 1,086847 0,000981
андреев 2,134166 0,001926
двукратный 2,239527 0,002021
бетербиев 2,421849 0,002186
леклер 2,490841 0,002248
world 1,416327 0,001278
top 1,695912 0,001531
ламин 2,490841 0,002248
это 0,181139 0,000490
рублевый 1,951845 0,001762
триатлон 1,633391 0,001474
гимн 1,994404 0,005400
лука 1,104547 0,000997
допуск 2,564949 0,002315
спортсмен 0,565551 0,001531
новость 0,285712 0,001547
вашингтон 1,994404 0,001800
плод 4,436752 0,004004
бэй 2,490841 0,002248
михаил 1,301257 0,001174
надаль 2,564949 0,002315
хвича 2,490841 0,002248
морэнт 2,644992 0,002387
головин 1,695912 0,001531
бадминтон 1,518981 0,001371
стефен 2,564949 0,002315
однодневный 5,129899 0,004630
мазепин 5,129899 0,004630
симен 2,644992 0,002387
шорты 1,035554 0,000935
гольф 1,574551 0,001421
нхл 0,925206 0,000835
анджелес 1,492313 0,001347
стэйт 2,421849 0,002186
ландо 2,564949 0,002315
турнир 0,293617 0,002385
призер 1,178655 0,001064
каприз 2,564949 0,002315
относиться 1,368699 0,001235
допустить 1,546380 0,002791
питтсбург 2,421849 0,002186
чаща 1,834062 0,001655
причем 1,871802 0,001689
включить 1,392229 0,001257
дипломатия 4,436752 0,004004
восстановление 2,296685 0,002073
касаткин 2,357310 0,002128
шварцман 2,644992 0,002387
нэтан 2,564949 0,002315
тренировка 0,895792 0,000808
фигурный 0,514778 0,000465
программа 0,799165 0,000721
артемий 2,239527 0,002021
миранчук 2,357310 0,002128
патриотический 4,031286 0,003638
гандбол 1,122566 0,001013
блоги 2,296685 0,002073
шахматы 1,834062 0,001655
продолжать 1,258698 0,001136
самоделкина 2,564949 0,002315
первый 0,317714 0,000287
разрешить 1,664163 0,001502
джоэл 2,644992 0,002387
соболенко 2,357310 0,002128
мхл 1,603538 0,001447
февраль 0,202645 0,001646
ошибка 0,576022 0,000520
лаборатория 2,644992 0,002387
яннис 2,490841 0,002248
германий 0,723179 0,002611
деятельность 1,546380 0,001396
игра 0,112619 0,000203
фехтование 1,546380 0,001396
статус 1,279751 0,001155
клэбо 2,644992 0,002387
мбаппе 2,239527 0,002021
леброн 2,564949 0,002315
туктамышева 2,490841 0,002248
против 0,747872 0,000675
главное 0,524729 0,000947
профессиональный 1,052361 0,001900
хаас 2,564949 0,002315
там 1,603538 0,001447
усик 2,296685 0,002073
федерация 0,495170 0,000447
фернандо 2,239527 0,002021
где 0,675551 0,000610
кто 0,747872 0,001350
спорный 2,732003 0,002466
бундеслига 2,134166 0,001926
чекконом 5,129899 0,009260
событие 0,565551 0,000510
пользователь 1,911023 0,001725
предпочтение 2,296685 0,002073
носков 2,564949 0,002315
лыжник 2,085376 0,001882
бразильский 2,357310 0,002128
неделя 1,217876 0,002198
август 1,035554 0,000935
самый 0,608110 0,001098
покер 2,490841 0,002248
материал 0,309617 0,000559
участвовать 0,955511 0,000862
соревнование 0,411400 0,001856
маверикс 2,564949 0,002315
сообщить 0,447767 0,000404
кулачный 2,421849 0,002186
пятиборье 1,574551 0,001421
сантос 3,338139 0,003013
sport 0,760451 0,004804
расселл 2,296685 0,002073
джа 2,644992 0,002387
тутберидзе 2,085376 0,001882
лента 1,518981 0,002742
ханна 2,564949 0,002315
молодежный 1,159607 0,001047
ак 1,695912 0,001531
уильямс 2,296685 0,002073
диалог 4,031286 0,003638
харун 4,436752 0,004004
enhanc 4,436752 0,008009
конный 1,574551 0,001421
спорт 0,125952 0,000455
емельяненко 2,421849 0,004372
коляда 2,644992 0,002387
сани 3,338139 0,003013
championship 2,296685 0,002073
национальный 0,839439 0,000758
франция 0,675551 0,001829
шоу 1,441019 0,001301
борьба 0,723179 0,000653
запись 0,910391 0,001643
приложение 1,574551 0,004263
казахстанский 2,296685 0,002073
сборная 0,342407 0,009271
циципас 2,134166 0,001926
швеция 1,035554 0,001869
джокович 2,421849 0,002186
бо 2,185460 0,001972
сбор 1,368699 0,001235
допинговый 3,743604 0,003379
йонна 2,421849 0,002186
джордж 1,994404 0,001800
анонс 2,564949 0,002315
гимнастика 1,198073 0,001081
известный 0,986764 0,000891
сантоса 4,031286 0,003638
кхл 0,760451 0,000686
альтернативный 2,932674 0,002647
алонсо 2,421849 0,002186
миронов 2,644992 0,002387
ru 0,285712 0,001805
элемент 0,925206 0,000835
кубок 0,376309 0,003396
зарплата 1,871802 0,001689
женщина 0,663991 0,005993
игрок 0,711058 0,000642
пользовательский 2,185460 0,001972
уорриорз 2,490841 0,002248
уже 0,687247 0,001241
аделий 1,871802 0,001689
беллингем 2,644992 0,002387
чемпионат 0,188256 0,001359
пиастри 2,564949 0,002315
вы 0,309617 0,000279
барселона 1,416327 0,001278
кирилл 1,695912 0,001531
российский 0,224624 0,001216
всплывать 5,129899 0,004630
китайский 1,069456 0,000965
выиграть 0,485508 0,000438
мэттьюс 2,644992 0,002387
денвер 2,296685 0,002073
обойтись 3,050457 0,002753
версия 0,393700 0,000711
карлос 2,134166 0,003852
россия 0,139466 0,001762
джошуа 2,357310 0,002128
интернет 1,574551 0,001421
тест 1,546380 0,001396
store 2,490841 0,002248
макларен 2,490841 0,002248
тег 2,421849 0,004372
виктор 1,416327 0,001278
серохвостов 2,644992 0,002387
воспитание 2,827314 0,002552
карен 2,357310 0,002128
ледниковый 2,564949 0,002315
свое 0,457070 0,000413
фрид 2,644992 0,002387
медиафутбол 2,564949 0,002315
софья 2,421849 0,002186
панама 3,338139 0,003013
январь 0,786093 0,001419
ibu 2,239527 0,002021
настольный 1,198073 0,001081
плей 1,002764 0,000905
open 1,834062 0,008276
де 0,955511 0,000862
без 0,466460 0,000421
харден 2,644992 0,002387
американский 0,910391 0,000822
до 0,239550 0,000216
правый 0,971016 0,000876
шарапов 2,490841 0,002248
кристина 2,296685 0,002073
мирра 2,239527 0,002021
выступать 0,940244 0,000849
другой 0,188256 0,000170
работа 1,086847 0,000981
перес 2,357310 0,002128
габдуллин 5,129899 0,004630
трек 1,104547 0,000997
европа 0,393700 0,001066
давать 1,416327 0,001278
us 2,038856 0,001840
загрузить 1,994404 0,007200
сеть 1,258698 0,001136
евро 1,466337 0,001323
пьер 1,951845 0,001762
редакция 0,940244 0,000849
блог 2,357310 0,027658
ислам 2,038856 0,001840
манчестер 2,085376 0,001882
баскетбол 0,723179 0,000653
период 1,035554 0,000935
резцовый 2,421849 0,002186
гагарин 2,085376 0,001882
тейтум 2,564949 0,002315
фввср 3,743604 0,003379
контроль 1,951845 0,001762
гребля 1,518981 0,001371
флаг 0,895792 0,003234
support 2,421849 0,002186
вид 0,393700 0,001421
swim 3,520461 0,019064
кондратюк 2,644992 0,002387
возвращаться 1,871802 0,001689
мария 1,834062 0,001655
mma 2,038856 0,001840
польза 1,834062 0,001655
бавария 1,994404 0,001800
евролига 1,664163 0,001502
сайнс 2,564949 0,002315
android 2,185460 0,001972
астон 2,185460 0,001972
что 0,195425 0,000353
краснодар 0,867219 0,000783
спринтер 3,743604 0,003379
за 0,125952 0,000341
малкин 2,421849 0,002186
канада 0,867219 0,001565
бобслей 1,217876 0,001099
рейтинг 0,524729 0,003315
медаль 0,619039 0,001117
бивол 2,421849 0,002186
энтони 2,038856 0,001840
мероприятие 1,762603 0,001591
прокат 1,951845 0,001762
милуоки 2,490841 0,002248
никита 1,492313 0,001347
плющенко 2,239527 0,002021
применяться 1,217876 0,001099
набор 2,296685 0,002073
монетизация 2,644992 0,002387
федор 1,871802 0,001689
если 0,675551 0,000610
современный 1,159607 0,001047
перейра 2,490841 0,002248
альпина 2,421849 0,002186
логинов 2,644992 0,002387
йокич 2,644992 0,002387
медведев 1,633391 0,001474
петросян 1,441019 0,001301
традиционно 2,296685 0,002073
из 0,106018 0,000287
play 1,441019 0,001301
мяч 0,735450 0,000664
наш 0,652562 0,001178
роналду 1,911023 0,001725
мировой 0,955511 0,000862
молодежь 2,490841 0,002248
юниорский 2,296685 0,002073
биатлонист 1,994404 0,001800
эдуард 2,085376 0,001882
ит 2,564949 0,002315
показательный 1,279751 0,001155
нба 1,546380 0,004187
беларусь 1,279751 0,002310
над 0,986764 0,000891
компаниипромокоды 2,644992 0,002387
крюгер 2,644992 0,002387
тайсон 2,421849 0,002186
комментарий 1,871802 0,011825
наггетс 2,490841 0,002248
тема 1,104547 0,000997
хоккей 0,285712 0,000774
спартак 0,711058 0,001283
хачанов 2,296685 0,002073
рахмон 2,564949 0,002315
вgoogle 2,644992 0,002387
бобровский 2,644992 0,002387
леона 1,633391 0,002948
ска 1,279751 0,001155
здоровье 1,323236 0,001194
ролан 2,239527 0,002021
анализ 2,296685 0,002073
рекомендательный 1,518981 0,001371
прочий 1,069456 0,000965
подписаться 2,732003 0,019726
серия 0,586604 0,001059
ски 1,069456 0,000965
цска 0,711058 0,001283
разный 1,368699 0,001235
овечкин 1,695912 0,001531
вембаньяма 2,644992 0,002387
год 0,099461 0,000539
пловец 3,183989 0,014368
международный 0,466460 0,000842
андрей 1,258698 0,003408
суперлига 1,441019 0,001301
николас 3,743604 0,006757
australian 2,185460 0,001972
ступак 2,644992 0,002387
юниор 1,345709 0,006073
который 0,325878 0,000294
большунов 2,185460 0,001972
маршан 5,129899 0,009260
легкий 0,895792 0,000808
уведомление 2,490841 0,004496
крупный 1,198073 0,001081
антон 1,695912 0,001531
ла 1,762603 0,001591
динамо 0,663991 0,000599
партнерство 3,743604 0,003379
ле 2,038856 0,001840
никола 2,085376 0,001882
льюис 2,296685 0,002073
петр 1,392229 0,001257
норрис 2,421849 0,002186
вrustore 2,644992 0,002387
загитов 2,357310 0,002128
сити 1,546380 0,001396
полноценный 2,827314 0,002552
конор 2,421849 0,002186
мг 2,296685 0,002073
гилджес 2,644992 0,002387
рафаэль 2,296685 0,002073
спортсе 2,644992 0,002387
кайри 2,490841 0,002248
несколько 0,971016 0,001753
спортса 2,644992 0,004774
коллаборация 4,436752 0,008009
юлия 2,085376 0,001882
продолжить 1,492313 0,001347
шарль 2,421849 0,002186
решение 0,839439 0,000758
лига 0,325878 0,002059
евгения 1,178655 0,003191
бостон 2,296685 0,002073
плавательный 3,743604 0,003379
мы 0,195425 0,000176
болельщик 1,086847 0,000981
мю 2,296685 0,002073
на 0,023953 0,000411
марк 2,085376 0,001882
состав 0,867219 0,000783
водный 0,723179 0,000653
олимпиада 0,576022 0,001040
махачев 2,134166 0,001926
джонс 2,085376 0,001882
свимли 5,129899 0,023149
анна 1,695912 0,001531
нганну 2,644992 0,002387
барс 1,492313 0,001347
не 0,099461 0,000090
календарь 0,675551 0,000610
левандовски 2,644992 0,002387
макгрегор 2,421849 0,002186
феррари 2,490841 0,002248
золотой 1,002764 0,001810
этери 2,564949 0,002315
писать 2,644992 0,002387
алин 2,296685 0,002073
дегтярев 2,421849 0,002186
ирвинг 2,490841 0,002248
звезда 1,035554 0,000935
длить 0,146292 0,000264
евгений 3,520461 0,003177
бейсбол 1,416327 0,001278
трибун 1,603538 0,013025
подписать 1,492313 0,001347
контрольный 1,994404 0,001800
светлана 1,994404 0,001800
норвегия 1,279751 0,004620
об 0,217244 0,000392
доротея 2,490841 0,002248
ои 0,812411 0,002200
нет 0,825834 0,000745
швентек 2,644992 0,002387
бой 1,279751 0,001155
фэнтези 2,644992 0,002387
он 0,475938 0,001289
седов 4,031286 0,003638
мужчина 0,812411 0,007332
чемпион 0,334108 0,000905
game 1,797694 0,003245
джеймс 1,911023 0,003449
валттери 2,490841 0,002248
вappgallery 2,644992 0,002387
новак 2,564949 0,002315
бокс 0,534779 0,000483
лариса 2,296685 0,002073
катание 0,514778 0,000465
фигуристый 1,871802 0,001689
участник 0,799165 0,000721
как 0,232059 0,000419
лыжа 0,925206 0,000835
все 0,067304 0,000243
препарат 3,183989 0,002874
алексей 1,140915 0,001030
алькарас 2,134166 0,001926
конфиденциальностиинформация 2,644992 0,002387
сведение 0,786093 0,001419
объявить 1,492313 0,002694
возможность 1,279751 0,001155
елизавета 2,185460 0,001972
по 0,073653 0,000266
расписание 1,664163 0,003004
хоккеист 1,633391 0,001474
информация 0,608110 0,000549
тампа 2,490841 0,002248
оберг 2,644992 0,002387
кэмп 5,129899 0,009260
заубер 2,644992 0,002387
втб 1,834062 0,001655
рб 2,357310 0,002128
гаснуть 2,421849 0,002186
хегстад 2,644992 0,002387
ufc 1,441019 0,003902
nascar 2,644992 0,002387
селтикс 2,421849 0,002186
маккиннон 2,239527 0,002021
хамзат 2,296685 0,002073
обратный 1,178655 0,001064
сообщество 0,910391 0,000822
мана 2,421849 0,002186
яркий 1,762603 0,003182
свечник 2,644992 0,002387
переть 0,359214 0,000324
второй 0,576022 0,000520
вирер 2,564949 0,002315
