ямаль 2,421849 0,002245
мгту 4,031286 0,003736
терентьев 2,490841 0,002308
новый 0,239550 0,000222
ленинградка 3,338139 0,003094
рпл 1,140915 0,001057
найти 1,122566 0,001040
тур 1,159607 0,008598
газета 1,392229 0,001290
письмо 1,911023 0,001771
еще 0,167054 0,000155
теннис 0,475938 0,000882
кевин 2,038856 0,001890
угрожать 3,338139 0,003094
стиль 1,603538 0,001486
ребенок 1,323236 0,001226
йоханнес 2,085376 0,003865
ставка 0,799165 0,000741
апл 1,871802 0,001735
дончич 2,564949 0,002377
важный 0,986764 0,000915
пойти 2,185460 0,002025
тренироваться 2,564949 0,002377
парусный 1,574551 0,001459
нетс 2,564949 0,002377
александр 0,839439 0,005446
пол 0,910391 0,000844
проиграть 1,104547 0,001024
стефанос 2,564949 0,002377
а 0,209918 0,000389
систематизация 2,564949 0,002377
обыграть 1,122566 0,003121
яна 1,834062 0,001700
в 0,017911 0,000216
подробный 0,687247 0,000637
реклама 0,687247 0,000637
трусов 2,490841 0,002308
и 0,023953 0,000244
джон 1,633391 0,001514
бильярд 4,031286 0,003736
й 0,825834 0,004592
к 0,132686 0,000123
велоспорт 1,178655 0,001092
показывать 1,762603 0,001634
seri 2,085376 0,001933
устюгов 2,490841 0,002308
м 0,534779 0,000496
о 0,042302 0,000196
с 0,036149 0,000134
суд 2,421849 0,004489
у 0,342407 0,000317
ф 1,728701 0,001602
видеоспортсе 4,436752 0,012336
область 1,633391 0,001514
авто 0,925206 0,000857
они 0,524729 0,000486
металлург 1,834062 0,001700
серхио 2,296685 0,002129
валиев 2,185460 0,002025
хэмилтон 2,490841 0,002308
булла 2,357310 0,002185
поп 1,664163 0,001542
футбол 0,247097 0,000687
конек 2,296685 0,002129
мир 0,277868 0,001545
атлетика 0,955511 0,001771
лейкерс 2,239527 0,002076
трибунепрожектор 2,644992 0,002451
майя 2,421849 0,002245
вхл 1,664163 0,001542
регби 0,955511 0,000886
информационный 1,122566 0,001040
месси 2,239527 0,002076
бруклин 2,296685 0,002129
бакс 2,564949 0,002377
хабиб 2,296685 0,002129
латыпов 2,564949 0,002377
миннесота 2,421849 0,002245
боец 1,797694 0,001666
пиршество 3,743604 0,003470
про 1,301257 0,001206
насредакцияконтакты 2,644992 0,002451
фе 2,644992 0,002451
винисиус 2,296685 0,002129
филадельфия 2,239527 0,002076
правообладатель 2,296685 0,002129
макса 2,038856 0,001890
главный 0,565551 0,001048
адетокумбо 2,564949 0,002377
согласовать 3,520461 0,003263
шавкат 2,564949 0,002377
авдохин 4,436752 0,004112
роберт 2,185460 0,002025
бабиков 2,644992 0,002451
сергей 1,301257 0,002412
rds 1,911023 0,003542
голден 2,357310 0,002185
василевский 2,564949 0,002377
обсуждать 1,797694 0,001666
псж 1,518981 0,001408
футзал 2,085376 0,001933
италия 0,524729 0,000973
коннор 2,357310 0,002185
дмитрий 1,258698 0,001167
час 1,728701 0,001602
isu 1,603538 0,001486
единоборство 1,994404 0,001848
трава 1,392229 0,001290
россиянин 0,971016 0,000900
находиться 0,925206 0,000857
территория 1,518981 0,001408
чимаев 2,357310 0,002185
вечный 2,644992 0,002451
щербаков 2,490841 0,002308
показать 0,504926 0,000468
победить 0,699082 0,001296
пляжный 1,603538 0,001486
мма 1,069456 0,000991
вакансиирекламаподдержка 2,644992 0,002451
миллиард 1,911023 0,001771
алекс 2,185460 0,002025
олимпийский 0,342407 0,000317
карьер 0,925206 0,000857
иго 2,564949 0,002377
система 0,799165 0,001481
гонщик 2,421849 0,002245
тяжелый 0,940244 0,000871
дэвис 1,633391 0,001514
fc 2,085376 0,001933
дзюба 2,134166 0,001978
посоветовать 3,520461 0,003263
александер 2,357310 0,002185
макдэвид 2,421849 0,002245
гран 1,518981 0,001408
карри 2,421849 0,002245
кучер 2,357310 0,002185
салах 2,564949 0,002377
выяснять 3,338139 0,003094
волейбол 0,955511 0,006199
экзотический 4,436752 0,004112
дюрэнт 2,564949 0,002377
гаррос 2,421849 0,002245
камил 2,239527 0,002076
биатлон 0,485508 0,000450
сундлинг 2,421849 0,002245
перенести 1,633391 0,001514
стэнли 2,185460 0,002025
уимблдон 2,421849 0,002245
live 1,492313 0,001383
локомотив 0,839439 0,001556
оскар 2,357310 0,002185
экстремальный 3,183989 0,002951
арин 2,357310 0,002185
япония 1,279751 0,001186
московский 1,574551 0,001459
сторона 1,069456 0,000991
мой 1,368699 0,002537
gp 2,490841 0,002308
wrc 2,564949 0,002377
семененко 2,644992 0,002451
содружество 1,518981 0,001408
авангард 2,038856 0,001890
даллас 2,296685 0,002129
wada 3,338139 0,003094
рейнджерс 2,038856 0,001890
дарья 1,951845 0,001809
арсенал 1,323236 0,001226
тереть 0,786093 0,000729
соглашениеполитика 2,644992 0,002451
сша 0,586604 0,001087
ферстаппен 2,490841 0,002308
основа 1,301257 0,001206
викторий 2,038856 0,001890
challeng 2,296685 0,002129
технология 0,786093 0,001457
среди 0,597299 0,000554
киберспорт 1,762603 0,001634
артур 1,664163 0,001542
motogp 2,644992 0,002451
москва 0,576022 0,000534
теннисист 2,134166 0,001978
карлссон 2,564949 0,002377
баскетболист 2,239527 0,002076
куклина 2,644992 0,002451
остон 2,564949 0,002377
эмбиид 2,644992 0,002451
индикар 2,564949 0,002377
предоставление 2,357310 0,002185
фьюри 2,357310 0,002185
стрельба 1,441019 0,001336
этика 3,183989 0,002951
результат 0,524729 0,002432
ливерпуль 1,951845 0,001809
джейсон 2,421849 0,002245
одинцово 3,743604 0,006939
мобильный 0,555188 0,001029
видеоспортс 2,644992 0,007354
опыт 1,834062 0,001700
корабелку 4,436752 0,004112
урал 2,038856 0,001890
команда 0,262364 0,000973
екатерина 2,134166 0,001978
печатный 3,050457 0,002827
лос 1,518981 0,001408
офф 1,019025 0,000944
заречье 3,743604 0,006939
блогах 3,743604 0,003470
должен 0,597299 0,000554
возвращение 1,466337 0,001359
панарин 2,357310 0,002185
конечно 2,932674 0,002718
зенит 0,867219 0,004019
фрэнсис 2,564949 0,002377
боттас 2,490841 0,002308
единый 1,104547 0,001024
чистить 4,436752 0,004112
мадрид 1,762603 0,001634
сидень 1,994404 0,001848
dog 2,564949 0,002377
мартин 2,038856 0,001890
реал 1,416327 0,001313
сливко 2,564949 0,002377
подготовка 1,178655 0,001092
взнос 3,520461 0,003263
нурмагомед 2,357310 0,002185
даниил 1,728701 0,003204
половина 1,392229 0,001290
вapp 2,644992 0,002451
стать 0,217244 0,000201
скелетон 1,258698 0,001167
кросби 1,994404 0,001848
мерседес 2,421849 0,002245
керлинг 1,086847 0,001007
андреев 2,134166 0,001978
бетербиев 2,421849 0,002245
леклер 2,490841 0,002308
top 1,695912 0,001572
минчанка 4,031286 0,003736
въезд 4,031286 0,007472
ламин 2,490841 0,002308
это 0,181139 0,000839
рублевый 1,951845 0,001809
украинский 1,797694 0,001666
триатлон 1,633391 0,001514
встать 2,827314 0,002620
лука 1,104547 0,001024
смена 1,762603 0,001634
спортсмен 0,565551 0,003669
новость 0,285712 0,000794
вашингтон 1,994404 0,001848
бэй 2,490841 0,002308
михаил 1,301257 0,008442
надаль 2,564949 0,002377
хвича 2,490841 0,002308
морэнт 2,644992 0,002451
отсечка 4,436752 0,004112
менять 1,994404 0,003697
головин 1,695912 0,001572
бадминтон 1,518981 0,001408
стефен 2,564949 0,002377
симен 2,644992 0,002451
шорты 1,035554 0,000960
гольф 1,574551 0,001459
нхл 0,925206 0,000857
анджелес 1,492313 0,001383
стэйт 2,421849 0,002245
ландо 2,564949 0,002377
турнир 0,293617 0,002177
каприз 2,564949 0,002377
относиться 1,368699 0,001268
питтсбург 2,421849 0,002245
уступить 1,368699 0,002537
омичка 3,743604 0,003470
минимум 2,239527 0,002076
репутация 2,827314 0,002620
рубль 2,038856 0,001890
касаткин 2,357310 0,002185
шварцман 2,644992 0,002451
нэтан 2,564949 0,002377
объект 2,732003 0,002532
фигурный 0,514778 0,000477
ждать 1,492313 0,001383
гражданство 2,421849 0,006734
артемий 2,239527 0,002076
миранчук 2,357310 0,002185
гандбол 1,122566 0,001040
шахматы 1,834062 0,001700
самоделкина 2,564949 0,002377
критика 1,951845 0,001809
первый 0,317714 0,000294
джоэл 2,644992 0,002451
соболенко 2,357310 0,002185
мхл 1,603538 0,001486
февраль 0,202645 0,002442
растворяться 3,520461 0,003263
ошибка 0,576022 0,000534
лаборатория 2,644992 0,002451
вопрос 1,104547 0,001024
яннис 2,490841 0,002308
германий 0,723179 0,002681
деятельность 1,546380 0,001433
игра 0,112619 0,000104
фехтование 1,546380 0,001433
клэбо 2,644992 0,002451
мбаппе 2,239527 0,002076
леброн 2,564949 0,002377
марта 0,853233 0,000791
туктамышева 2,490841 0,002308
ваш 2,038856 0,001890
хаас 2,564949 0,002377
там 1,603538 0,001486
усик 2,296685 0,002129
федерация 0,495170 0,000918
фернандо 2,239527 0,002076
задваивается 4,436752 0,004112
швейцарский 2,490841 0,002308
кто 0,747872 0,000693
бундеслига 2,134166 0,001978
пользователь 1,911023 0,001771
предпочтение 2,296685 0,002129
носков 2,564949 0,002377
лыжник 2,085376 0,001933
сменить 1,466337 0,001359
покер 2,490841 0,002308
материал 0,309617 0,000287
соревнование 0,411400 0,000763
маверикс 2,564949 0,002377
сообщить 0,447767 0,000415
кулачный 2,421849 0,002245
пятиборье 1,574551 0,001459
быть 0,119263 0,000553
sport 0,760451 0,008457
расселл 2,296685 0,002129
джа 2,644992 0,002451
тутберидзе 2,085376 0,001933
лента 1,518981 0,001408
ханна 2,564949 0,002377
ак 1,695912 0,001572
уильямс 2,296685 0,002129
есть 0,812411 0,000753
партия 2,644992 0,002451
линия 1,466337 0,001359
конный 1,574551 0,001459
спорт 0,125952 0,001051
емельяненко 2,421849 0,004489
коляда 2,644992 0,002451
сани 3,338139 0,003094
убежденный 4,031286 0,003736
франция 0,675551 0,001878
мочь 0,350775 0,000650
функционер 2,644992 0,002451
этот 0,350775 0,000650
шоу 1,441019 0,001336
борьба 0,723179 0,000670
запись 0,910391 0,000844
приложение 1,574551 0,002919
казахстанский 2,296685 0,002129
сборная 0,342407 0,009520
управленческий 3,338139 0,003094
циципас 2,134166 0,001978
швеция 1,035554 0,001919
джокович 2,421849 0,002245
бо 2,185460 0,002025
сбор 1,368699 0,001268
глава 1,122566 0,001040
народ 2,564949 0,002377
йонна 2,421849 0,002245
джордж 1,994404 0,001848
гимнастика 1,198073 0,001110
бы 1,052361 0,000975
перестройка 2,827314 0,002620
дать 0,608110 0,001127
кхл 0,760451 0,000705
алонсо 2,421849 0,002245
миронов 2,644992 0,002451
ru 0,285712 0,003178
белогорье 4,031286 0,003736
кубок 0,376309 0,003488
зарплата 1,871802 0,001735
спортивный 0,301585 0,001118
во 0,495170 0,000459
игрок 0,711058 0,000659
женщина 0,663991 0,005538
пользовательский 2,185460 0,002025
перечень 2,827314 0,002620
уорриорз 2,490841 0,002308
уже 0,687247 0,000637
выдвигаться 4,031286 0,003736
аделий 1,871802 0,001735
беллингем 2,644992 0,002451
базовый 2,490841 0,002308
чемпионат 0,188256 0,002094
пиастри 2,564949 0,002377
вы 0,309617 0,000287
барселона 1,416327 0,001313
кирилл 1,695912 0,001572
российский 0,224624 0,000625
китайский 1,069456 0,000991
краснодарский 2,827314 0,002620
мэттьюс 2,644992 0,002451
денвер 2,296685 0,002129
факел 2,296685 0,008514
затраивается 4,436752 0,004112
версия 0,393700 0,001095
карлос 2,134166 0,003956
россия 0,139466 0,003361
джошуа 2,357310 0,002185
интернет 1,574551 0,001459
тест 1,546380 0,001433
store 2,490841 0,002308
макларен 2,490841 0,002308
виктор 1,416327 0,001313
серохвостов 2,644992 0,002451
карен 2,357310 0,002185
ледниковый 2,564949 0,002377
фрид 2,644992 0,002451
медиафутбол 2,564949 0,002377
софья 2,421849 0,002245
чтобы 0,773190 0,000717
платить 2,732003 0,002532
ibu 2,239527 0,002076
здесь 1,911023 0,001771
настольный 1,198073 0,001110
плей 1,002764 0,000929
open 1,834062 0,005099
де 0,955511 0,000886
без 0,466460 0,000432
харден 2,644992 0,002451
американский 0,910391 0,000844
между 0,955511 0,000886
шарапов 2,490841 0,002308
кристина 2,296685 0,002129
мирра 2,239527 0,002076
другой 0,188256 0,000872
перес 2,357310 0,002185
запрет 2,134166 0,001978
трек 1,104547 0,001024
европа 0,393700 0,000365
us 2,038856 0,001890
ее 0,723179 0,000670
загрузить 1,994404 0,007394
сеть 1,258698 0,001167
пьер 1,951845 0,001809
регулярно 1,871802 0,001735
редакция 0,940244 0,000871
блог 2,357310 0,008739
запретить 1,178655 0,001092
ислам 2,038856 0,001890
манчестер 2,085376 0,001933
баскетбол 0,723179 0,000670
период 1,035554 0,000960
резцовый 2,421849 0,002245
гагарин 2,085376 0,001933
тейтум 2,564949 0,002377
гребля 1,518981 0,001408
старый 1,159607 0,001075
support 2,421849 0,002245
вид 0,393700 0,002189
кондратюк 2,644992 0,002451
мария 1,834062 0,001700
mma 2,038856 0,001890
бавария 1,994404 0,001848
евролига 1,664163 0,001542
сайнс 2,564949 0,002377
астон 2,185460 0,002025
что 0,195425 0,000724
краснодар 0,867219 0,000804
закрывать 3,743604 0,003470
за 0,125952 0,000117
малкин 2,421849 0,002245
канада 0,867219 0,000804
бобслей 1,217876 0,001129
рейтинг 0,524729 0,001459
медаль 0,619039 0,000574
бивол 2,421849 0,002245
энтони 2,038856 0,001890
мостик 3,338139 0,003094
зачем 2,421849 0,002245
прокат 1,951845 0,001809
милуоки 2,490841 0,002308
никита 1,492313 0,001383
бесплатно 2,827314 0,002620
плющенко 2,239527 0,002076
применяться 1,217876 0,001129
монетизация 2,644992 0,002451
федор 1,871802 0,001735
если 0,675551 0,001252
советский 1,140915 0,001057
современный 1,159607 0,001075
мокнуть 1,574551 0,001459
перейра 2,490841 0,002308
казанский 2,564949 0,009509
позиция 1,392229 0,001290
альпина 2,421849 0,002245
логинов 2,644992 0,002451
замучить 3,183989 0,002951
йокич 2,644992 0,002451
медведев 1,633391 0,001514
петросян 1,441019 0,001336
отношение 1,301257 0,001206
play 1,441019 0,001336
мяч 0,735450 0,000682
прекратить 2,296685 0,002129
наш 0,652562 0,001210
роналду 1,911023 0,001771
биатлонист 1,994404 0,001848
эдуард 2,085376 0,001933
ит 2,564949 0,002377
граница 2,185460 0,002025
нба 1,546380 0,004299
компаниипромокоды 2,644992 0,002451
крюгер 2,644992 0,002451
тайсон 2,421849 0,002245
комментарий 1,871802 0,005204
наггетс 2,490841 0,002308
хоккей 0,285712 0,000794
спартак 0,711058 0,001318
хачанов 2,296685 0,002129
объяснить 1,633391 0,001514
рахмон 2,564949 0,002377
реплика 4,436752 0,004112
вgoogle 2,644992 0,002451
бобровский 2,644992 0,002451
разделка 4,031286 0,003736
ска 1,279751 0,001186
здоровье 1,323236 0,001226
встряска 3,183989 0,002951
заниматься 1,574551 0,001459
ролан 2,239527 0,002076
анализ 2,296685 0,002129
рекомендательный 1,518981 0,001408
прочий 1,069456 0,000991
подписаться 2,732003 0,005064
серия 0,586604 0,000544
ски 1,069456 0,000991
цска 0,711058 0,001318
овечкин 1,695912 0,001572
год 0,099461 0,000369
вембаньяма 2,644992 0,002451
международный 0,466460 0,000432
андрей 1,258698 0,003500
матч 0,293617 0,001088
суперлига 1,441019 0,001336
australian 2,185460 0,002025
ступак 2,644992 0,002451
юниор 1,345709 0,001247
который 0,325878 0,000302
большунов 2,185460 0,002025
легкий 0,895792 0,000830
уведомление 2,490841 0,004617
антон 1,695912 0,001572
ла 1,762603 0,001634
динамо 0,663991 0,003077
ле 2,038856 0,001890
никола 2,085376 0,001933
ло 3,743604 0,003470
льюис 2,296685 0,002129
рассказать 1,122566 0,001040
жена 1,728701 0,004806
петр 1,392229 0,001290
норрис 2,421849 0,002245
вrustore 2,644992 0,002451
инструмент 0,881403 0,000817
загитов 2,357310 0,002185
сити 1,546380 0,001433
конор 2,421849 0,002245
жить 2,296685 0,002129
мг 2,296685 0,002129
гилджес 2,644992 0,002451
рафаэль 2,296685 0,002129
спортсе 2,644992 0,002451
кайри 2,490841 0,002308
спортса 2,644992 0,004903
юлия 2,085376 0,001933
начало 0,760451 0,002114
шарль 2,421849 0,002245
лига 0,325878 0,002114
евгения 1,178655 0,003277
бостон 2,296685 0,002129
мы 0,195425 0,000724
лишить 2,421849 0,002245
мю 2,296685 0,002129
на 0,023953 0,000400
марк 2,085376 0,001933
водный 0,723179 0,000670
олимпиада 0,576022 0,001068
махачев 2,134166 0,001978
джонс 2,085376 0,001933
тот 0,393700 0,000365
анна 1,695912 0,001572
нганну 2,644992 0,002451
барс 1,492313 0,001383
не 0,099461 0,000553
выбор 1,834062 0,001700
календарь 0,675551 0,000626
левандовски 2,644992 0,002451
сомнительный 3,183989 0,002951
каждый 0,812411 0,000753
макгрегор 2,421849 0,002245
феррари 2,490841 0,002308
выехать 3,520461 0,003263
но 0,402511 0,000746
этери 2,564949 0,002377
алин 2,296685 0,002129
дегтярев 2,421849 0,029179
ирвинг 2,490841 0,002308
минспорта 4,031286 0,003736
длить 0,146292 0,000136
бейсбол 1,416327 0,001313
трибун 1,603538 0,005945
контрольный 1,994404 0,001848
светлана 1,994404 0,001848
норвегия 1,279751 0,004744
об 0,217244 0,000403
доротея 2,490841 0,002308
ои 0,812411 0,002259
нет 0,825834 0,000765
формат 1,871802 0,001735
швентек 2,644992 0,002451
бой 1,279751 0,002372
фэнтези 2,644992 0,002451
мужчина 0,812411 0,006776
тысяча 1,546380 0,001433
чемпион 0,334108 0,000619
даже 1,198073 0,001110
джеймс 1,911023 0,003542
валттери 2,490841 0,002308
вappgallery 2,644992 0,002451
статистика 0,630089 0,000584
новак 2,564949 0,002377
бокс 0,534779 0,000496
лариса 2,296685 0,002129
катание 0,514778 0,000477
фигуристый 1,871802 0,001735
принципиальный 2,644992 0,002451
лыжа 0,925206 0,000857
все 0,067304 0,000250
алексей 1,140915 0,001057
алькарас 2,134166 0,001978
конфиденциальностиинформация 2,644992 0,002451
запрещать 2,827314 0,002620
сведение 0,786093 0,001457
елизавета 2,185460 0,002025
отвечать 2,239527 0,002076
по 0,073653 0,000410
расписание 1,664163 0,003085
выпуск 2,134166 0,001978
хоккеист 1,633391 0,001514
информация 0,608110 0,000564
тампа 2,490841 0,002308
оберг 2,644992 0,002451
заубер 2,644992 0,002451
ярослав 2,732003 0,002532
втб 1,834062 0,001700
рб 2,357310 0,002185
гаснуть 2,421849 0,002245
финансирование 2,421849 0,002245
хегстад 2,644992 0,002451
ufc 1,441019 0,004007
nascar 2,644992 0,002451
селтикс 2,421849 0,002245
маккиннон 2,239527 0,002076
хамзат 2,296685 0,002129
мана 2,421849 0,002245
свечник 2,644992 0,002451
переть 0,359214 0,000666
вирер 2,564949 0,002377
