состояться 1,140915 0,000430
flgr 5,129899 0,003863
состоять 1,279751 0,003373
рф 1,871802 0,000705
latina 1,603538 0,000604
формула 1,574551 0,001186
день 0,699082 0,000263
хватать 1,633391 0,000615
экспорт 0,986764 0,000372
газета 1,392229 0,000524
lccn 1,492313 0,000562
стиль 1,603538 0,012075
пионерский 5,129899 0,001931
日本語 1,035554 0,000390
делиться 2,185460 0,000823
со 0,447767 0,000169
учеба 3,338139 0,001257
slovenščina 1,345709 0,000507
под 0,723179 0,000272
парусный 1,574551 0,000593
заявление 0,799165 0,000301
скиатлоне 4,031286 0,001518
выделять 2,932674 0,001104
пол 0,910391 0,000343
связаться 0,867219 0,000327
декабрь 0,853233 0,000964
пом 1,695912 0,000639
человек 0,940244 0,000354
подробный 0,687247 0,000259
содержание 0,955511 0,000720
фото 0,799165 0,000301
eesti 1,069456 0,000403
отсчет 3,050457 0,002297
čeština 1,035554 0,000390
seri 2,085376 0,000785
двухшажный 5,129899 0,005794
четвертьфинал 1,279751 0,000964
нога 1,664163 0,000627
балл 1,871802 0,000705
викисклад 1,035554 0,000780
разделять 2,827314 0,001065
britannica 1,518981 0,000572
корфбол 1,762603 0,000664
каноэ 1,633391 0,000615
скоростной 2,564949 0,000966
весь 1,633391 0,000615
пройти 0,544931 0,000205
заголовок 2,732003 0,001029
возникновение 2,644992 0,000996
slovenčina 1,069456 0,000403
шаг 2,038856 0,003071
wikipedia 0,986764 0,000743
gnd 1,392229 0,000524
оригинал 1,441019 0,000543
опытный 1,994404 0,000751
отредактировать 0,986764 0,000743
supertour 5,129899 0,001931
проект 0,457070 0,000172
i 1,762603 0,000664
j 1,466337 0,000552
уппсале 5,129899 0,001931
удовлетворительный 5,129899 0,001931
ушу 1,728701 0,000651
викиновости 1,238078 0,000466
u 1,345709 0,000507
w 0,955511 0,000360
также 0,663991 0,001750
шайба 0,986764 0,000372
член 1,416327 0,001067
العربية 1,069456 0,000403
появиться 1,159607 0,000437
индивидуальный 1,797694 0,004738
стартовать 1,633391 0,004305
фризский 1,762603 0,000664
предварительно 4,436752 0,001670
переименовать 2,357310 0,000888
трава 1,392229 0,001048
сначала 1,664163 0,000627
территория 1,518981 0,000572
находиться 0,925206 0,000697
собачий 1,762603 0,000664
наконец 2,296685 0,000865
начать 1,279751 0,000482
сидеть 2,421849 0,000912
изменение 1,345709 0,000507
библиографический 1,279751 0,000482
приходить 2,644992 0,000996
правка 0,986764 0,001115
батут 1,728701 0,000651
цб 5,129899 0,001931
серфинг 1,762603 0,000664
себя 0,597299 0,000675
tolışi 1,871802 0,000705
часы 1,911023 0,000720
система 0,799165 0,000602
việt 1,140915 0,000430
отказ 0,839439 0,000316
падение 1,797694 0,000677
июнь 1,198073 0,003158
дзюдо 1,466337 0,000552
гонка 0,853233 0,020560
авторитетный 1,871802 0,000705
один 0,342407 0,001031
дисциплина 1,546380 0,001164
плуг 5,129899 0,003863
длина 1,871802 0,004228
пример 1,994404 0,000751
часть 1,104547 0,000416
практический 1,546380 0,000582
последний 0,376309 0,000567
часто 1,574551 0,001186
бежать 3,050457 0,003446
ladin 3,338139 0,001257
worldloppet 5,129899 0,003863
pdf 0,940244 0,000354
переступание 5,129899 0,001931
заявить 1,140915 0,000430
сша 0,586604 0,000221
ресурс 0,812411 0,000306
описание 0,881403 0,000332
лидер 1,258698 0,000474
передвижение 3,183989 0,004795
техник 1,695912 0,003831
одновременно 1,762603 0,001991
bahasa 1,086847 0,000409
цикля 4,436752 0,001670
поочередный 3,050457 0,001149
через 0,971016 0,000366
зрение 2,296685 0,000865
океания 2,296685 0,000865
lietuvių 1,140915 0,000430
словарь 1,198073 0,000451
стрельба 1,441019 0,001085
официально 1,159607 0,000437
разработчик 0,971016 0,000366
ноябрь 0,955511 0,001079
команда 0,262364 0,000988
сквош 1,728701 0,000651
вклад 0,955511 0,000360
indonesia 1,086847 0,000409
довольный 1,994404 0,000751
текст 0,925206 0,000348
являться 1,019025 0,001918
проводиться 1,086847 0,004910
получать 1,301257 0,000490
esperanto 1,198073 0,000451
временить 1,140915 0,001289
зона 1,603538 0,001207
перейти 0,586604 0,000442
одновременный 3,743604 0,005638
нужно 1,492313 0,000562
скелетон 1,258698 0,000474
українська 1,035554 0,000390
равнина 5,129899 0,001931
популяризация 2,932674 0,001104
вычисляться 4,436752 0,005011
группа 1,122566 0,000423
лякросс 1,762603 0,000664
норвежец 2,490841 0,000938
ответственность 0,895792 0,000337
спортсмен 0,565551 0,005749
françai 1,019025 0,000384
рэкетс 1,728701 0,000651
сильнейший 1,546380 0,000582
начинаться 1,664163 0,002506
стоить 1,546380 0,000582
его 0,447767 0,000169
ndl 1,834062 0,000691
менять 1,994404 0,000751
cite 1,258698 0,000474
php 0,986764 0,000372
средний 1,441019 0,001628
бадминтон 1,518981 0,000572
байдарка 1,603538 0,000604
шорты 1,035554 0,000390
удаленный 1,492313 0,000562
относиться 1,368699 0,001031
допустить 1,546380 0,000582
горнолыжный 1,301257 0,000490
баскский 1,664163 0,000627
пасьют 4,436752 0,003341
frysk 1,762603 0,000664
заглавный 0,986764 0,000372
ежегодно 2,185460 0,000823
гэльский 1,762603 0,000664
хороший 0,393700 0,000741
канат 1,762603 0,000664
колено 2,296685 0,002594
new 2,038856 0,000768
добавить 1,518981 0,000572
когда 0,652562 0,000983
петухов 4,436752 0,001670
нарушение 1,416327 0,000533
конфиденциальность 0,293617 0,000111
паралимпийских 3,050457 0,004594
гандбол 1,122566 0,001268
svenska 1,035554 0,000390
общий 0,986764 0,000372
предыдущий 1,797694 0,001354
моторный 1,762603 0,000664
список 0,986764 0,000372
масса 1,911023 0,005756
паралимпийские 3,520461 0,005302
состояние 1,301257 0,000490
будо 1,762603 0,000664
паралимпийским 3,743604 0,001409
коньковый 3,743604 0,012685
фехтование 1,546380 0,000582
перетягивание 1,762603 0,000664
высота 1,762603 0,000664
так 0,597299 0,000450
профессиональный 1,052361 0,000792
иногда 1,951845 0,001470
французский 1,052361 0,000396
interlingua 1,603538 0,000604
федерация 0,495170 0,002237
возникнуть 2,038856 0,000768
где 0,675551 0,000254
союзспортфильм 5,129899 0,001931
фиксироваться 3,050457 0,002297
значимость 3,183989 0,001199
лыжник 2,085376 0,003926
мина 2,932674 0,002208
техн 5,129899 0,001931
сообщить 0,447767 0,000169
примечание 1,002764 0,000755
пятиборье 1,574551 0,000593
быть 0,119263 0,000269
подразумевать 3,050457 0,001149
европейский 1,122566 0,000845
физкультура 1,994404 0,000751
точка 1,762603 0,000664
финальный 1,492313 0,000562
скалолазание 1,695912 0,000639
квебек 3,338139 0,001257
линия 1,466337 0,000552
электронный 2,038856 0,000768
спорт 0,125952 0,001186
конный 1,574551 0,000593
разработать 1,728701 0,000651
просмотр 0,925206 0,000348
национальный 0,839439 0,000948
english 0,925206 0,000697
перерыв 1,762603 0,001991
zealand 4,436752 0,001670
этот 0,350775 0,000792
разгон 3,520461 0,001325
четыре 0,910391 0,001714
определяться 1,797694 0,003384
друг 1,518981 0,001144
швеция 1,035554 0,001170
насчитывать 3,338139 0,001257
эрншельдсвике 5,129899 0,001931
основной 1,122566 0,001691
creativ 0,986764 0,000372
română 1,122566 0,000423
cup 2,134166 0,005625
увлечение 3,743604 0,001409
преодоление 4,031286 0,004553
элемент 0,925206 0,000348
nkc 1,574551 0,000593
использоваться 1,159607 0,001310
спортивный 0,301585 0,000114
женщина 0,663991 0,001500
portuguê 1,035554 0,000390
физ 4,436752 0,001670
впервые 0,839439 0,001264
oʻzbekcha 1,140915 0,000430
пионер 4,031286 0,001518
раз 0,485508 0,000366
поворот 2,827314 0,008516
чемпионат 0,188256 0,000851
ўзбекча 1,140915 0,000430
latviešu 1,052361 0,000396
фис 4,031286 0,007589
российский 0,224624 0,000085
скольжение 3,743604 0,004228
цель 1,238078 0,000466
выиграть 0,485508 0,000183
необходимо 1,994404 0,000751
преодолеваться 4,031286 0,001518
версия 0,393700 0,000889
обычно 1,695912 0,002554
classic 4,031286 0,003036
основать 1,466337 0,000552
зарегистрировать 0,711058 0,000268
препятствие 3,050457 0,001149
поло 1,441019 0,001085
без 0,466460 0,000702
выполнение 2,185460 0,000823
знак 0,986764 0,000372
многодневный 3,743604 0,001409
представить 1,518981 0,000572
соответствие 1,002764 0,000378
австралийский 1,633391 0,000615
спринт 1,871802 0,011276
европа 0,393700 0,000593
бег 2,564949 0,000966
передача 1,633391 0,001230
редакция 0,940244 0,000354
иначе 1,834062 0,000691
пока 1,159607 0,000437
посол 0,301585 0,000454
забежать 3,743604 0,001409
медиафайлы 1,217876 0,000459
клуб 0,652562 0,000246
scandinavian 5,129899 0,001931
центральный 1,603538 0,001207
galego 1,178655 0,000444
старый 1,159607 0,000437
page 0,986764 0,000372
короткий 0,699082 0,000263
кроме 1,368699 0,000515
попеременный 3,520461 0,003976
оба 1,368699 0,001031
километр 1,951845 0,005144
служебный 0,955511 0,000360
nor 5,129899 0,001931
кодекс 0,971016 0,000366
впереди 2,421849 0,000912
положение 1,416327 0,001067
тип 1,345709 0,000507
вольный 3,520461 0,001325
карат 1,728701 0,000651
война 1,695912 0,000639
бобслей 1,217876 0,000459
йёнссон 5,129899 0,001931
поверхность 2,239527 0,000843
разделить 2,134166 0,000804
associ 0,986764 0,000372
свободный 0,867219 0,002612
применяться 1,217876 0,004127
реж 4,031286 0,006071
если 0,675551 0,000254
статья 0,495170 0,002237
существовать 1,122566 0,000423
современный 1,159607 0,001310
wikimedia 0,986764 0,000372
протяженность 4,031286 0,001518
азиатский 2,296685 0,000865
возрастной 2,296685 0,000865
visma 5,129899 0,003863
мировой 0,955511 0,000360
серьезный 1,633391 0,000615
многие 1,178655 0,000444
получить 0,384967 0,000145
контакт 1,035554 0,000390
язык 0,925206 0,000348
far 4,436752 0,001670
евстратов 5,129899 0,001931
упор 3,050457 0,003446
архивировать 1,104547 0,002911
эмиль 2,932674 0,001104
различный 1,441019 0,000543
связанный 0,786093 0,000296
разный 1,368699 0,000515
italiano 1,035554 0,000390
год 0,099461 0,001236
распространить 2,134166 0,003214
айсшток 1,728701 0,000651
международный 0,466460 0,001581
հայերեն 1,198073 0,000451
комитет 1,368699 0,001031
прерываться 3,743604 0,001409
резкий 2,085376 0,000785
pwn 3,338139 0,001257
euskara 1,122566 0,000423
крупный 1,198073 0,000902
равнинный 5,129899 0,005794
приз 1,834062 0,000691
bokmål 1,069456 0,000403
последовательность 3,050457 0,002297
текущий 0,867219 0,001306
последовать 2,421849 0,000912
тов 4,436752 0,001670
страна 0,641262 0,000483
пропустить 1,122566 0,000845
шаблон 1,441019 0,001085
инструмент 0,881403 0,000664
сразу 1,392229 0,000524
глима 1,762603 0,000664
создать 0,773190 0,000873
склон 4,031286 0,003036
такой 0,735450 0,000554
планерный 1,762603 0,000664
сгиб 5,129899 0,005794
малый 2,134166 0,000804
полуфинал 1,238078 0,001398
asturianu 1,323236 0,000498
выражаться 4,436752 0,001670
неожиданный 2,296685 0,000865
запрос 2,421849 0,000912
регион 1,834062 0,001381
проходить 0,867219 0,002612
печать 0,955511 0,000720
русый 1,368699 0,003092
уклон 3,520461 0,001325
широкий 2,038856 0,000768
отталкивание 3,743604 0,001409
включать 1,323236 0,001993
пелота 1,728701 0,000651
летний 0,619039 0,000233
фонд 0,895792 0,000337
тот 0,393700 0,000445
обсуждение 0,867219 0,000653
сменять 4,031286 0,001518
стойка 2,490841 0,005627
трамплин 1,140915 0,000859
наиболее 1,466337 0,004417
titl 0,986764 0,000372
организация 0,663991 0,000250
частить 1,664163 0,000627
десять 1,797694 0,000677
поздний 1,323236 0,000996
одношажный 5,129899 0,005794
товарный 0,986764 0,000372
история 0,270086 0,000305
македонский 1,258698 0,000474
три 1,178655 0,000888
таблица 0,711058 0,000268
длить 0,146292 0,000661
балканский 4,436752 0,001670
норвегия 1,279751 0,000482
slavic 5,129899 0,001931
либо 1,140915 0,000859
полуёлочкой 5,129899 0,001931
поиск 0,711058 0,000803
аналогичный 2,085376 0,000785
oldid 0,986764 0,000372
длинный 1,762603 0,001327
катание 0,514778 0,000194
east 5,129899 0,001931
участник 0,799165 0,002407
как 0,232059 0,000874
первое 0,393700 0,000593
лыжа 0,925206 0,002438
дистанция 1,728701 0,009763
низкий 1,345709 0,000507
алексей 1,140915 0,000430
условие 0,334108 0,000377
бесшажный 5,129899 0,001931
фильм 2,185460 0,000823
скиатлон 4,436752 0,001670
изменяться 3,050457 0,001149
подготовить 3,050457 0,002297
занять 1,159607 0,000437
прохождение 2,732003 0,001029
ежегодный 2,564949 0,000966
тарашкевіца 1,198073 0,000451
рок 1,695912 0,000639
cymraeg 1,574551 0,000593
способ 1,728701 0,003905
авторство 0,986764 0,000372
высокий 0,760451 0,000573
второе 0,839439 0,000316
sicilianu 2,038856 0,000768
второй 0,576022 0,000868
финал 0,699082 0,001053
català 1,086847 0,000409
специальный 1,217876 0,000917
dansk 1,069456 0,000403
новый 0,239550 0,000180
поведение 0,839439 0,000316
тур 1,159607 0,001310
fis 4,031286 0,003036
еще 0,167054 0,000063
теннис 0,475938 0,000358
марафон 2,490841 0,008440
наискось 5,129899 0,001931
финский 1,518981 0,001144
فارسی 1,104547 0,000416
наряд 2,357310 0,000888
беларуская 1,069456 0,000805
am 4,031286 0,001518
финишный 3,183989 0,009590
а 0,209918 0,000553
б 1,466337 0,001104
в 0,017911 0,000499
отбираться 4,031286 0,001518
г 0,925206 0,000348
викимедиа 0,986764 0,000372
д 0,895792 0,000337
и 0,023953 0,000361
формироваться 2,644992 0,000996
к 0,132686 0,000300
велоспорт 1,178655 0,000444
м 0,534779 0,000604
н 0,895792 0,000337
альпинизм 1,301257 0,000490
о 0,042302 0,000032
с 0,036149 0,000735
она 0,597299 0,000225
скейтбординг 1,762603 0,000664
т 1,368699 0,000515
у 0,342407 0,000387
коля 4,436752 0,001670
применять 2,732003 0,002057
определить 1,301257 0,000980
скачать 0,895792 0,000675
сезон 0,723179 0,000272
дополнительный 0,940244 0,000354
забег 2,644992 0,001992
пауль 3,743604 0,001409
сноска 1,951845 0,000735
вариант 1,492313 0,000562
футбол 0,247097 0,000465
мир 0,277868 0,001569
атлетика 0,955511 0,001079
итоговый 2,085376 0,007852
by 0,971016 0,000366
регби 0,955511 0,000720
русский 0,760451 0,000286
касание 2,827314 0,001065
входить 1,258698 0,000474
копия 1,416327 0,000533
этап 0,895792 0,003373
cc 0,986764 0,000372
классический 1,834062 0,007596
shqip 1,466337 0,000552
конец 1,035554 0,000780
время 0,384967 0,001594
нуль 4,031286 0,001518
cs 3,520461 0,001325
победитель 0,799165 0,000903
составлять 1,518981 0,001144
подъесть 3,743604 0,001409
интервал 3,338139 0,003770
粵語 1,178655 0,000444
alpen 5,129899 0,001931
викиданных 0,986764 0,000372
каталанский 1,695912 0,000639
зависимость 1,911023 0,000720
каталог 1,301257 0,000490
викискладе 1,217876 0,000459
требовать 1,466337 0,000552
сноуборд 1,178655 0,000444
крутой 2,239527 0,000843
отлогий 5,129899 0,003863
австралия 1,664163 0,000627
порядок 1,664163 0,000627
олимпийский 0,342407 0,001289
хёрлинг 1,762603 0,000664
читать 0,555188 0,000209
тяжелый 0,940244 0,000354
подъем 3,183989 0,009590
сумма 1,518981 0,000572
скандинавский 5,129899 0,001931
англ 1,159607 0,000873
командный 1,002764 0,003020
волейбол 0,955511 0,000360
академический 1,546380 0,000582
биатлон 0,485508 0,000366
плавание 1,178655 0,000888
пожертвовать 0,940244 0,000354
лишь 1,159607 0,000437
раздельный 3,338139 0,010055
славянский 5,129899 0,001931
ссылка 0,699082 0,002632
момент 0,910391 0,000343
отобрать 2,732003 0,001029
中文 1,035554 0,000390
foundat 0,986764 0,000372
среди 0,597299 0,001124
финиш 2,185460 0,002469
латвия 1,664163 0,000627
совпадать 2,732003 0,004114
ski 3,520461 0,002651
москва 0,576022 0,000217
циклический 3,520461 0,001325
https 0,699082 0,000263
episod 5,129899 0,001931
превышать 2,296685 0,000865
квадах 1,762603 0,000664
выгодный 3,183989 0,003596
отдельный 0,955511 0,001439
результат 0,524729 0,002371
мобильный 0,555188 0,000209
tiếng 1,140915 0,000430
עברית 1,052361 0,000396
index 0,986764 0,000372
большой 0,687247 0,000259
должен 0,597299 0,000450
избранный 0,955511 0,000360
тасс 1,695912 0,000639
лесенка 5,129899 0,001931
исключить 1,441019 0,000543
различаться 2,644992 0,000996
falseredirect 5,129899 0,003863
половина 1,392229 0,001048
pursuit 5,129899 0,001931
достаточно 2,134166 0,000804
крикет 1,695912 0,000639
керлинг 1,086847 0,000409
обращение 0,910391 0,002057
провести 0,799165 0,000301
лыжня 4,031286 0,001518
это 0,181139 0,000614
равный 1,466337 0,001656
упряжка 1,762603 0,000664
колебаться 4,031286 0,001518
триатлон 1,633391 0,000615
код 0,971016 0,010968
два 0,504926 0,001521
лука 1,104547 0,000416
прыжок 0,940244 0,001416
ограничить 1,951845 0,000735
североамериканский 3,520461 0,001325
url 0,986764 0,000372
снежный 3,743604 0,001409
сентябрь 1,035554 0,000390
пустой 3,050457 0,001149
доступный 0,955511 0,000360
сантиметр 0,955511 0,002159
эстафетный 3,743604 0,001409
скользить 3,338139 0,001257
состязание 2,038856 0,000768
стартовый 1,728701 0,002603
войти 0,608110 0,000229
старт 1,035554 0,008578
ладонь 2,932674 0,001104
гольф 1,574551 0,000593
или 0,576022 0,001518
призер 1,178655 0,000444
қазақша 1,178655 0,000444
финна 3,520461 0,001325
крутизна 4,436752 0,005011
политик 0,224624 0,000085
включить 1,392229 0,000524
www 1,392229 0,001048
особый 1,994404 0,000751
зеландия 2,490841 0,000938
bnf 1,834062 0,000691
учетный 0,986764 0,000372
совместить 3,520461 0,001325
много 0,735450 0,000554
представиться 0,986764 0,000372
фигурный 0,514778 0,000194
программа 0,799165 0,000903
затем 1,301257 0,000980
тоҷикӣ 1,695912 0,000639
первый 0,317714 0,000478
преследование 2,732003 0,009258
итог 0,867219 0,000327
февраль 0,202645 0,000229
ошибка 0,576022 0,000434
объединять 2,239527 0,000843
тогда 1,466337 0,001104
колясочник 4,031286 0,001518
игра 0,112619 0,000551
поскольку 1,728701 0,000651
марафонский 3,520461 0,002651
deutsch 1,052361 0,000396
марта 0,853233 0,000321
датский 1,368699 0,000515
рекомендация 1,217876 0,000459
больший 0,457070 0,000860
nederland 1,019025 0,000384
нечетный 2,827314 0,001065
событие 0,565551 0,000213
использование 0,277868 0,000418
самый 0,608110 0,000229
материал 0,309617 0,000117
скиджоринг 1,762603 0,000664
скиинг 1,762603 0,000664
соревнование 0,411400 0,005266
ph 1,762603 0,001327
минус 2,827314 0,002129
выбирать 2,239527 0,000843
кук 0,971016 0,000366
лицензия 0,971016 0,000366
угол 2,421849 0,003647
зимний 0,663991 0,002250
представлять 1,217876 0,000459
гандикап 5,129899 0,001931
чукардина 5,129899 0,001931
суть 3,183989 0,001199
страница 0,910391 0,002399
проверка 1,911023 0,000720
навигация 0,986764 0,001115
мочь 0,350775 0,001057
оборудовать 2,827314 0,001065
сам 0,747872 0,000282
борьба 0,723179 0,000272
проверяться 2,490841 0,000938
запись 0,910391 0,000343
qr 0,986764 0,000372
limburg 2,134166 0,000804
квалификация 1,695912 0,001916
проверять 1,834062 0,000691
australia 4,436752 0,001670
санный 1,301257 0,000490
правило 0,986764 0,001115
женский 0,663991 0,000250
сохранение 0,971016 0,000366
фристайл 1,238078 0,000466
сергеев 3,520461 0,001325
гимнастика 1,198073 0,000902
супер 3,183989 0,001199
hrvatski 1,052361 0,000396
занятой 3,050457 0,001149
дать 0,608110 0,000229
персональный 0,723179 0,000272
возможный 1,392229 0,000524
ru 0,285712 0,000323
действовать 0,825834 0,000311
снег 2,644992 0,000996
присуждаться 2,827314 0,001065
век 1,258698 0,000474
преодолевать 2,932674 0,001104
перенаправляться 2,644992 0,000996
адаптация 3,183989 0,001199
кубок 0,376309 0,001700
во 0,495170 0,000186
инвалид 3,338139 0,001257
sa 0,986764 0,000372
occitan 1,466337 0,000552
уже 0,687247 0,000259
отбирать 4,031286 0,001518
дата 0,799165 0,001805
nynorsk 1,546380 0,000582
sh 1,797694 0,000677
барьер 3,338139 0,001257
вы 0,309617 0,000233
проводить 0,910391 0,000686
español 1,019025 0,000384
спид 1,762603 0,000664
литература 1,695912 0,001277
россия 0,139466 0,000525
ступать 5,129899 0,001931
скорость 1,951845 0,001470
balkan 5,129899 0,001931
bosanski 1,345709 0,000507
паралимпийского 4,031286 0,001518
свой 0,586604 0,000442
энциклопедия 0,986764 0,000743
свое 0,457070 0,000172
български 1,086847 0,000409
январь 0,786093 0,001184
прошедший 1,951845 0,000735
брейкинг 1,762603 0,000664
настольный 1,198073 0,000451
де 0,955511 0,000720
проведение 1,104547 0,000416
беговой 3,183989 0,001199
организоваться 3,520461 0,001325
сайт 0,411400 0,000155
культ 4,031286 0,001518
американский 0,910391 0,000343
до 0,239550 0,000631
палка 3,050457 0,002297
сиитонен 5,129899 0,001931
выступать 0,940244 0,000354
другой 0,188256 0,000284
сюда 0,986764 0,000743
трек 1,104547 0,000416
давать 1,416327 0,000533
us 2,038856 0,000768
цитировать 0,925206 0,000348
ее 0,723179 0,000272
азия 1,834062 0,000691
ход 1,279751 0,005300
norsk 1,052361 0,000792
баскетбол 0,723179 0,000272
параллельный 3,050457 0,002297
учебный 2,490841 0,000938
число 0,955511 0,001079
применить 3,050457 0,001149
парный 3,743604 0,001409
гребля 1,518981 0,001144
флаг 0,895792 0,000337
вид 0,393700 0,002372
же 0,853233 0,000642
трасса 2,134166 0,002411
подъемные 4,436752 0,001670
polski 1,035554 0,000390
пробегать 3,520461 0,001325
что 0,195425 0,000074
дуатлон 4,436752 0,001670
common 0,986764 0,000372
править 0,544931 0,013131
за 0,125952 0,000047
софтбол 1,633391 0,000615
рейтинг 0,524729 0,000790
медаль 0,619039 0,000233
org 0,986764 0,000372
зачет 1,416327 0,000533
мероприятие 1,762603 0,000664
некоммерческий 0,986764 0,000372
пересекать 3,183989 0,001199
любой 1,238078 0,000932
отличаться 1,664163 0,000627
из 0,106018 0,000679
xx 1,546380 0,000582
художественный 1,518981 0,000572
синоним 3,743604 0,001409
жеребьевка 2,296685 0,001729
мяч 0,735450 0,000277
ин 3,743604 0,001409
случайный 0,986764 0,000372
указание 0,986764 0,000372
скрытый 1,052361 0,000396
елочка 5,129899 0,003863
швед 2,134166 0,000804
показательный 1,279751 0,000482
школьник 3,183989 0,001199
их 0,799165 0,000301
српски 1,035554 0,000390
восточный 1,911023 0,001439
над 0,986764 0,000372
тема 1,104547 0,000416
хоккей 0,285712 0,000430
неровный 3,743604 0,001409
флгр 5,129899 0,001931
двоеборье 1,217876 0,000917
тело 1,762603 0,000664
ски 1,069456 0,000805
серия 0,586604 0,000442
замер 4,436752 0,001670
srpski 1,035554 0,000390
ручной 3,338139 0,001257
кк 4,031286 0,001518
октябрь 1,019025 0,000384
континентальный 1,871802 0,002819
лыжный 0,675551 0,018059
который 0,325878 0,001718
юниор 1,345709 0,000507
постоянный 0,881403 0,000332
спуск 3,050457 0,005743
конькобежный 1,140915 0,000430
легкий 0,895792 0,000675
участок 2,827314 0,004258
награда 1,279751 0,000482
пролог 5,129899 0,001931
следующий 0,853233 0,000321
türkçe 1,052361 0,000396
вне 2,038856 0,000768
уступать 1,994404 0,000751
случай 0,867219 0,000653
находить 2,932674 0,001104
соревноваться 1,871802 0,002114
первоначально 1,951845 0,000735
спринтерский 3,183989 0,001199
америка 1,279751 0,000482
한국어 1,035554 0,000390
световой 4,031286 0,001518
вод 1,466337 0,000552
синхронный 1,574551 0,000593
несколько 0,971016 0,001462
начало 0,760451 0,000573
место 0,402511 0,000758
располагаться 1,951845 0,000735
бегов 3,338139 0,002514
отставание 3,183989 0,002398
отдых 2,038856 0,000768
ровный 2,421849 0,000912
мы 0,195425 0,000074
участие 0,457070 0,000516
крокет 1,728701 0,000651
на 0,023953 0,000532
водный 0,723179 0,000817
свежий 0,839439 0,000316
simpl 1,140915 0,000430
не 0,099461 0,000300
использовать 0,940244 0,000354
каждый 0,812411 0,000918
онлайн 0,773190 0,000291
любитель 1,238078 0,000466
но 0,402511 0,000152
маленький 1,392229 0,001048
осуществляться 2,239527 0,000843
xix 1,834062 0,000691
внешний 1,104547 0,000416
категория 0,881403 0,000996
норвежский 1,345709 0,000507
количество 0,853233 0,000642
бейсбол 1,416327 0,001067
magyar 1,086847 0,000409
об 0,217244 0,000082
формат 1,871802 0,002114
ои 0,812411 0,027223
справка 0,986764 0,000743
он 0,475938 0,000179
всесоюзный 2,644992 0,000996
мужчина 0,812411 0,001529
тхэквондо 1,633391 0,000615
монета 3,183989 0,001199
от 0,160085 0,000482
форум 0,867219 0,000327
статистика 0,630089 0,000237
официальный 0,735450 0,000831
регулироваться 3,743604 0,001409
бокс 0,534779 0,000403
все 0,067304 0,000127
принимать 0,955511 0,000360
википедия 0,986764 0,002229
сведение 0,786093 0,000296
значительно 1,911023 0,000720
возможность 1,279751 0,000482
по 0,073653 0,001109
inc 0,986764 0,000372
правда 2,134166 0,000804
предотвращение 4,031286 0,001518
занимать 1,664163 0,001253
безопасный 3,183989 0,001199
arpetan 3,520461 0,001325
информация 0,608110 0,000229
травма 1,122566 0,000423
круг 1,392229 0,001048
пологий 5,129899 0,001931
торможение 4,436752 0,008352
очень 1,140915 0,001289
эстафета 1,871802 0,009162
сообщество 0,910391 0,000343
википедии 0,986764 0,000743
проверить 1,368699 0,000515
переть 0,359214 0,002570
источник 0,786093 0,001776
