финал 0,699082 0,001455
боруссия 3,050457 0,002117
лед 1,951845 0,001355
оборона 2,732003 0,001896
нокаут 2,827314 0,001962
рпл 1,140915 0,000792
майнц 4,031286 0,005595
тур 1,159607 0,001609
казах 5,129899 0,003560
испанский 2,185460 0,001517
еще 0,167054 0,000464
теннис 0,475938 0,000661
dota 2,490841 0,001729
местный 2,490841 0,001729
prosport 5,129899 0,003560
ахмат 1,198073 0,001663
осложнить 4,436752 0,003079
ставка 0,799165 0,001109
апл 1,871802 0,002598
раскачать 4,436752 0,003079
менее 1,258698 0,000873
полный 0,940244 0,000652
нести 3,183989 0,002210
а 0,209918 0,000146
в 0,017911 0,000634
промоушне 5,129899 0,003560
содержание 0,955511 0,000663
и 0,023953 0,000598
интер 1,633391 0,002267
й 0,825834 0,000573
комо 2,421849 0,003361
добиться 2,085376 0,001447
к 0,132686 0,000092
велоспорт 1,178655 0,000818
показывать 1,762603 0,001223
женатый 5,129899 0,003560
о 0,042302 0,000294
с 0,036149 0,000251
четвертьфинал 1,279751 0,002664
нога 1,664163 0,001155
у 0,342407 0,000475
экс 1,994404 0,008304
преподнести 5,129899 0,003560
балл 1,871802 0,001299
авто 0,925206 0,000642
они 0,524729 0,000728
ты 1,871802 0,002598
сезон 0,723179 0,000502
карнавальников 5,129899 0,003560
прибыльный 4,031286 0,002798
запас 2,932674 0,002035
разделять 2,827314 0,001962
кравец 3,743604 0,002598
некомпетентный 4,436752 0,003079
бенфика 2,644992 0,001836
футбол 0,247097 0,006173
мир 0,277868 0,000193
полуфиналист 2,239527 0,001554
атлетика 0,955511 0,001326
пройти 0,544931 0,000378
небезынтересный 5,129899 0,003560
ювентус 2,357310 0,001636
вест 3,520461 0,002443
close 4,436752 0,006158
итальянский 1,633391 0,001134
d 2,185460 0,001517
боец 1,797694 0,002495
нерадзурри 5,129899 0,003560
время 0,384967 0,000267
расистский 2,827314 0,001962
притеснение 5,129899 0,003560
возвращать 3,183989 0,002210
атлетико 1,911023 0,002652
тренд 2,185460 0,001517
выходить 1,695912 0,001177
cs 3,520461 0,002443
верх 3,338139 0,002317
веселый 3,338139 0,002317
мощный 2,038856 0,001415
правообладатель 2,296685 0,001594
сильный 1,198073 0,000831
главный 0,565551 0,000392
проблема 1,122566 0,002337
миланя 2,038856 0,002830
победитель 0,799165 0,000555
удирать 5,129899 0,003560
появиться 1,159607 0,001609
стартовать 1,633391 0,002267
юбилей 2,564949 0,001780
публикация 3,183989 0,002210
псж 1,518981 0,001054
хэм 4,436752 0,003079
футзал 2,085376 0,001447
италия 0,524729 0,000728
фотография 2,134166 0,001481
зарешал 4,436752 0,003079
вправе 3,520461 0,002443
отпраздновать 3,520461 0,002443
отец 2,239527 0,001554
dreamleagu 4,436752 0,003079
единоборство 1,994404 0,001384
шанс 1,258698 0,001747
лейпциг 3,520461 0,004886
прийтись 1,871802 0,001299
накачать 4,436752 0,003079
малолетка 5,129899 0,003560
витрина 4,436752 0,003079
ларианцев 5,129899 0,003560
претендент 2,296685 0,001594
сосед 5,129899 0,003560
показать 0,504926 0,000350
мма 1,069456 0,005195
драма 2,932674 0,002035
задача 1,546380 0,002146
скакун 4,436752 0,003079
заслужить 2,357310 0,001636
себя 0,597299 0,001244
олимпийский 0,342407 0,000950
сарыарки 5,129899 0,003560
оформить 2,134166 0,001481
карьер 0,925206 0,001926
вход 2,085376 0,001447
система 0,799165 0,001109
пчела 5,129899 0,003560
тяжелый 0,940244 0,000652
пауло 4,436752 0,003079
огненный 4,031286 0,002798
падение 1,797694 0,001248
дэвис 1,633391 0,001134
сенсация 2,732003 0,001896
нападение 2,357310 0,001636
пайперс 5,129899 0,003560
прямая 1,441019 0,014000
гонка 0,853233 0,000592
елимае 5,129899 0,003560
командный 1,002764 0,000696
один 0,342407 0,000713
волейбол 0,955511 0,000663
заждаться 5,129899 0,003560
оскорбление 2,932674 0,002035
esport 3,520461 0,002443
совет 0,825834 0,001146
видео 0,699082 0,002426
чехия 1,258698 0,001747
тілі 5,129899 0,003560
биатлон 0,485508 0,000337
воспитанник 2,239527 0,001554
спонсировал 4,031286 0,002798
жесткий 1,728701 0,002399
оценить 1,603538 0,004451
нация 1,797694 0,001248
тренировать 3,183989 0,002210
выход 1,178655 0,000818
юнайтед 2,185460 0,004550
завершить 1,052361 0,000730
выпустить 2,932674 0,002035
спортсменка 1,664163 0,002310
вояж 5,129899 0,003560
биться 2,564949 0,001780
помочь 1,238078 0,001718
триумф 2,932674 0,006105
влипнуть 5,129899 0,003560
раунд 1,546380 0,001073
полуостров 4,436752 0,003079
частый 3,183989 0,002210
арсенал 1,323236 0,001837
тереть 0,786093 0,000546
сша 0,586604 0,000814
проявить 2,644992 0,001836
лидер 1,258698 0,002620
отказать 3,743604 0,002598
делать 1,392229 0,000966
техпоражение 5,129899 0,003560
швейцария 1,258698 0,000873
шестерка 3,743604 0,002598
киберспорт 1,762603 0,009785
хоккейный 1,416327 0,003932
названый 2,490841 0,001729
эксклюзив 2,357310 0,032718
разобрать 3,338139 0,002317
уволить 2,421849 0,001681
король 2,490841 0,001729
чиновник 2,732003 0,001896
gta 5,129899 0,003560
подряд 1,258698 0,000873
надежда 2,421849 0,001681
нургожай 5,129899 0,003560
наставник 2,827314 0,001962
спина 2,134166 0,004443
прочить 4,031286 0,002798
официально 1,159607 0,000805
результат 0,524729 0,001092
ливерпуль 1,951845 0,001355
команда 0,262364 0,000182
жирона 4,436752 0,003079
большой 0,687247 0,000954
офф 1,019025 0,002121
селтик 3,520461 0,002443
казашка 5,129899 0,003560
очко 1,416327 0,000983
публичный 3,183989 0,002210
мадрид 1,762603 0,004893
нургожая 5,129899 0,003560
реал 1,416327 0,003932
временить 1,140915 0,000792
хотеть 1,104547 0,000767
valv 5,129899 0,003560
перейти 0,586604 0,000814
подготовка 1,178655 0,000818
рваться 3,743604 0,002598
золото 1,140915 0,002375
кубковый 2,296685 0,001594
стать 0,217244 0,000603
login 5,129899 0,010680
вчера 1,518981 0,001054
боченски 4,436752 0,003079
бык 3,520461 0,002443
обращение 0,910391 0,000632
наркотой 5,129899 0,003560
малинин 2,644992 0,005507
провести 0,799165 0,000555
это 0,181139 0,000377
равный 1,466337 0,001018
желаемый 4,436752 0,003079
ответственность 0,895792 0,000622
гимн 1,994404 0,001384
дебютант 3,050457 0,002117
два 0,504926 0,000350
спортсмен 0,565551 0,000392
новость 0,285712 0,000793
прозвучать 3,743604 0,002598
синий 1,834062 0,001273
его 0,447767 0,000311
тренер 0,555188 0,001541
дерби 2,357310 0,003272
михаил 1,301257 0,000903
конкурент 2,564949 0,005340
штутгарт 3,743604 0,002598
менять 1,994404 0,001384
противостояние 2,134166 0,001481
выгнать 3,050457 0,002117
средний 1,441019 0,001000
бенфикой 3,183989 0,002210
стартовый 1,728701 0,002399
старт 1,035554 0,001437
шорты 1,035554 0,001437
нхл 0,925206 0,001284
fut 5,129899 0,003560
кпл 5,129899 0,003560
финляндия 1,323236 0,000918
ясность 5,129899 0,003560
турнир 0,293617 0,001426
стыковой 1,911023 0,006631
судьба 2,185460 0,001517
баскский 1,664163 0,001155
аккорд 5,129899 0,003560
политик 0,224624 0,000312
регистрация 1,871802 0,001299
почему 1,122566 0,001558
хороший 0,393700 0,000820
брюгге 1,951845 0,001355
стоячий 4,436752 0,003079
красный 1,069456 0,002226
юг 3,520461 0,002443
бьянконери 5,129899 0,003560
готовиться 2,296685 0,001594
derbi 5,129899 0,003560
программа 0,799165 0,000555
ждать 1,492313 0,003107
синхрон 5,129899 0,003560
конфиденциальность 0,293617 0,000204
побить 1,951845 0,001355
блоги 2,296685 0,004781
красавица 4,031286 0,002798
защитник 1,217876 0,001690
релиз 1,911023 0,001326
первый 0,317714 0,000882
влюбить 4,436752 0,003079
озвучить 4,436752 0,003079
рецензировать 5,129899 0,003560
февраль 0,202645 0,012797
опубликовать 1,762603 0,001223
ошибка 0,576022 0,001199
буде 2,038856 0,001415
вопрос 1,104547 0,000767
германий 0,723179 0,001506
никто 1,574551 0,002185
игра 0,112619 0,000156
объяснение 3,520461 0,002443
атлет 1,951845 0,005418
неудача 2,827314 0,001962
переход 1,323236 0,000918
против 0,747872 0,001038
профессиональный 1,052361 0,000730
главное 0,524729 0,002549
так 0,597299 0,000415
мнение 1,951845 0,001355
французский 1,052361 0,000730
впечатление 2,932674 0,002035
кортине 4,436752 0,003079
больший 0,457070 0,000634
срок 1,546380 0,001073
перевести 2,644992 0,001836
кто 0,747872 0,000519
поединок 2,085376 0,002894
азербайджанский 3,743604 0,002598
дьявол 4,031286 0,002798
считаться 1,441019 0,001000
бал 4,436752 0,003079
столичный 2,564949 0,001780
винисиуса 2,644992 0,001836
аниматор 5,129899 0,003560
лыжник 2,085376 0,002894
самый 0,608110 0,002532
укрепить 3,050457 0,002117
соревнование 0,411400 0,000571
публика 2,644992 0,001836
европейский 1,122566 0,000779
быть 0,119263 0,000414
нынешний 2,085376 0,001447
вегасе 3,520461 0,002443
финальный 1,492313 0,001036
энда 3,338139 0,002317
рома 2,644992 0,001836
зимний 0,663991 0,007833
балтика 1,217876 0,000845
представлять 1,217876 0,000845
хьюстон 3,338139 0,002317
спорт 0,125952 0,000350
password 5,129899 0,010680
rockstar 5,129899 0,003560
помешать 2,239527 0,001554
франция 0,675551 0,000469
мочь 0,350775 0,000974
обозначить 2,827314 0,001962
этот 0,350775 0,000243
сам 0,747872 0,001557
гамбург 3,183989 0,002210
объем 2,490841 0,001729
барыс 3,050457 0,008468
ая 5,129899 0,003560
казахстанский 2,296685 0,014344
сборная 0,342407 0,002139
сердце 2,421849 0,001681
галымжан 5,129899 0,003560
швеция 1,035554 0,001437
шайдорова 4,436752 0,015395
уайт 3,520461 0,002443
восьмерка 3,338139 0,002317
рамадан 4,031286 0,002798
известный 0,986764 0,000685
можно 1,002764 0,000696
рекламодатель 3,520461 0,002443
уефа 1,466337 0,002035
вольфсбург 4,031286 0,002798
дать 0,608110 0,000844
кхл 0,760451 0,002111
сербский 2,932674 0,002035
партенопейцев 5,129899 0,003560
действовать 0,825834 0,000573
долгожданный 4,031286 0,002798
смочь 1,069456 0,000742
заруб 4,436752 0,009237
легенда 1,416327 0,003932
кубок 0,376309 0,000783
спортивный 0,301585 0,000837
во 0,495170 0,000344
игрок 0,711058 0,001974
уметь 2,932674 0,002035
пользовательский 2,185460 0,001517
вес 2,038856 0,002830
выступление 0,955511 0,000663
драться 2,827314 0,001962
мужской 1,198073 0,000831
сочный 4,436752 0,003079
переписка 4,436752 0,003079
возглавить 2,239527 0,001554
чемпионат 0,188256 0,000261
барселона 1,416327 0,001966
российский 0,224624 0,000156
email 3,520461 0,004886
исчезнуть 2,932674 0,002035
выиграть 0,485508 0,000337
специалист 1,797694 0,002495
версия 0,393700 0,000273
россия 0,139466 0,000097
team 2,490841 0,001729
исправить 3,338139 0,002317
турнирный 1,086847 0,000754
рекорд 0,955511 0,000663
confirm 4,436752 0,003079
свой 0,586604 0,000407
свое 0,457070 0,000317
январь 0,786093 0,000546
казахстанка 5,129899 0,007120
да 1,911023 0,001326
назвать 0,940244 0,000652
плей 1,002764 0,002088
журнал 1,871802 0,001299
грэттон 5,129899 0,003560
без 0,466460 0,000324
наполоть 2,644992 0,003671
казахстан 1,217876 0,013523
рукопись 5,129899 0,003560
карликовый 5,129899 0,003560
сайт 0,411400 0,000571
между 0,955511 0,000663
похудение 5,129899 0,003560
до 0,239550 0,000332
соотечественник 3,520461 0,002443
дронами 5,129899 0,003560
руководство 1,301257 0,001806
другой 0,188256 0,000131
уик 3,743604 0,002598
фиорентина 3,743604 0,002598
слеза 3,520461 0,002443
трек 1,104547 0,001533
карабах 2,038856 0,004245
обложка 4,436752 0,003079
европа 0,393700 0,000546
давать 1,416327 0,000983
лидировать 2,085376 0,001447
практиковать 3,743604 0,002598
загрузить 1,994404 0,002768
завтра 1,951845 0,001355
отдать 1,728701 0,001200
шмель 4,436752 0,003079
кандидат 2,296685 0,001594
редакция 0,940244 0,001305
дияр 5,129899 0,003560
манчестер 2,085376 0,001447
баскетбол 0,723179 0,000502
ямайский 5,129899 0,003560
актобе 5,129899 0,007120
дебют 2,239527 0,001554
клуб 0,652562 0,002717
дуэль 4,031286 0,002798
вступать 3,338139 0,002317
бильбао 4,031286 0,002798
центральный 1,603538 0,002226
name 3,743604 0,002598
сандерленд 4,436752 0,003079
автор 1,466337 0,002035
vital 4,436752 0,003079
короткий 0,699082 0,000485
мото 1,574551 0,001093
сравнить 3,183989 0,002210
внести 2,239527 0,001554
бавария 1,994404 0,001384
попасть 1,140915 0,001584
всегда 1,258698 0,001747
глупо 4,031286 0,002798
что 0,195425 0,000271
эксперт 2,134166 0,004443
прогресс 2,644992 0,001836
за 0,125952 0,000524
канада 0,867219 0,001805
домашний 1,695912 0,001177
религия 3,520461 0,002443
дортмунд 3,183989 0,002210
рейтинг 0,524729 0,000364
медаль 0,619039 0,001289
трансляция 1,217876 0,011832
pain 3,743604 0,002598
дом 1,911023 0,001326
ожидать 2,827314 0,001962
прокат 1,951845 0,001355
казахстанец 4,436752 0,027710
босс 3,338139 0,002317
иа 4,436752 0,003079
пятый 1,574551 0,001093
пропасти 4,436752 0,003079
из 0,106018 0,000883
самородов 5,129899 0,007120
болельщица 3,520461 0,002443
жеребьевка 2,296685 0,001594
четырехлетие 4,031286 0,002798
мировой 0,955511 0,001326
наш 0,652562 0,000453
биатлонист 1,994404 0,001384
ягеллония 4,031286 0,002798
нба 1,546380 0,001073
получить 0,384967 0,000267
многие 1,178655 0,000818
қазақ 5,129899 0,007120
гранд 3,338139 0,002317
разве 3,520461 0,002443
контакт 1,035554 0,000719
сюрприз 3,743604 0,002598
повышение 2,185460 0,001517
погоня 5,129899 0,003560
хоккей 0,285712 0,004957
season 3,743604 0,002598
объяснить 1,633391 0,003401
рахмон 2,564949 0,001780
оказаться 1,441019 0,002000
ташкент 3,050457 0,002117
астан 3,520461 0,007329
разборка 3,743604 0,007794
сделать 0,853233 0,000592
ска 1,279751 0,000888
заниматься 1,574551 0,001093
тело 1,762603 0,001223
милан 1,574551 0,001093
технический 1,416327 0,000983
молотобоец 5,129899 0,003560
жоао 3,183989 0,002210
байер 1,994404 0,001384
серия 0,586604 0,000814
белый 1,574551 0,001093
здоровый 3,183989 0,002210
актуальный 1,546380 0,001073
будущее 1,664163 0,002310
год 0,099461 0,000345
распространить 2,134166 0,001481
максим 1,871802 0,001299
защитить 1,633391 0,001134
regist 5,129899 0,007120
стремглав 5,129899 0,003560
контракт 1,258698 0,000873
житься 5,129899 0,003560
матч 0,293617 0,003056
соперник 0,853233 0,001184
завоевать 1,035554 0,000719
решить 1,392229 0,001932
кенжебек 5,129899 0,007120
вывод 3,338139 0,002317
который 0,325878 0,000678
ньюкасл 2,085376 0,004342
олимпиакос 2,085376 0,001447
волк 2,644992 0,001836
награда 1,279751 0,000888
эльче 4,031286 0,002798
любимец 4,436752 0,003079
канонир 4,436752 0,003079
следующий 0,853233 0,000592
перспектива 2,827314 0,001962
королевский 3,050457 0,002117
победа 0,420369 0,001167
мат 3,338139 0,002317
впечатлять 3,743604 0,005196
фиаско 4,436752 0,009237
лк 5,129899 0,003560
ура 5,129899 0,003560
выбрать 1,323236 0,000918
сегодня 0,881403 0,000612
уступать 1,994404 0,001384
лч 2,185460 0,001517
сразу 1,392229 0,000966
lifestyl 2,490841 0,008643
разбирать 3,338139 0,002317
америка 1,279751 0,000888
битва 2,421849 0,001681
полуфинал 1,238078 0,001718
спасение 4,436752 0,003079
неожиданный 2,296685 0,003188
глимт 2,038856 0,001415
государство 2,134166 0,001481
пиренейский 5,129899 0,003560
успешный 1,345709 0,000934
ggg 5,129899 0,003560
лига 0,325878 0,002488
рука 1,392229 0,000966
cooki 2,564949 0,001780
сосьедад 3,050457 0,002117
широкий 2,038856 0,002830
мы 0,195425 0,000407
болельщик 1,086847 0,000754
участие 0,457070 0,000634
тоо 4,436752 0,003079
на 0,023953 0,000482
топ 1,238078 0,002578
italia 5,129899 0,003560
мейджор 4,436752 0,003079
заработать 2,564949 0,001780
свежий 0,839439 0,000583
олимпиада 0,576022 0,006796
тот 0,393700 0,000273
не 0,099461 0,001104
драфт 3,520461 0,002443
соглашение 1,466337 0,001018
золотой 1,002764 0,000696
брентфорд 4,436752 0,003079
плечо 3,050457 0,004234
закрепиться 3,183989 0,002210
нарваться 4,436752 0,003079
три 1,178655 0,002454
ренн 3,520461 0,002443
звезда 1,035554 0,001437
длить 0,146292 0,000305
кровать 4,436752 0,003079
накинуться 4,436752 0,003079
подписать 1,492313 0,001036
русская 1,797694 0,001248
шахтер 2,932674 0,002035
любопытный 5,129899 0,003560
вулверхэмптон 2,564949 0,001780
ои 0,812411 0,006202
нет 0,825834 0,000573
обновление 2,185460 0,001517
соотечественница 3,743604 0,002598
бой 1,279751 0,001776
развитие 1,140915 0,001584
разнести 3,520461 0,002443
чемпион 0,334108 0,003478
game 1,797694 0,001248
от 0,160085 0,000333
поделиться 2,357310 0,001636
исторический 1,762603 0,002446
бокс 0,534779 0,000371
фигуристый 1,871802 0,002598
схватка 3,050457 0,004234
как 0,232059 0,000644
участник 0,799165 0,002218
первое 0,393700 0,000546
все 0,067304 0,000234
алтын 5,129899 0,003560
ласа 3,338139 0,002317
рекламный 2,185460 0,001517
steam 5,129899 0,003560
возможность 1,279751 0,000888
win 3,338139 0,002317
завершиться 1,728701 0,001200
по 0,073653 0,000102
каталонский 4,436752 0,003079
легкое 2,732003 0,001896
бойд 5,129899 0,003560
рб 2,357310 0,003272
очень 1,140915 0,000792
ufc 1,441019 0,008000
львов 4,436752 0,003079
гранатовый 5,129899 0,003560
барыса 5,129899 0,028480
уходить 2,134166 0,001481
рк 5,129899 0,003560
проверить 1,368699 0,000950
яркий 1,762603 0,002446
переть 0,359214 0,000249
второй 0,576022 0,000400
