подача 2,490841 0,001358
голенков 5,129899 0,002797
финал 0,699082 0,000381
слух 2,490841 0,001358
ру 1,994404 0,001087
специальный 1,217876 0,000664
bobsoccerru 5,129899 0,002797
новый 0,239550 0,000131
день 0,699082 0,000381
развлекательный 4,031286 0,002198
рпл 1,140915 0,004355
фигура 2,827314 0,001542
найти 1,122566 0,000612
служить 2,644992 0,001442
тур 1,159607 0,002529
тестировать 4,436752 0,002419
спасибо 2,357310 0,001285
еще 0,167054 0,000091
происходить 1,466337 0,000800
омоложение 3,743604 0,002041
козловый 2,357310 0,008997
любить 1,466337 0,000800
обзор 1,911023 0,002084
ахмат 1,198073 0,001960
со 0,447767 0,000244
вероятно 3,520461 0,001920
петербург 1,345709 0,000734
важный 0,986764 0,001614
доступ 2,490841 0,004074
рейс 2,644992 0,005769
вратарь 1,323236 0,000722
под 0,723179 0,000394
карпин 3,050457 0,001663
множество 1,951845 0,001064
карседо 3,338139 0,001820
стабильный 2,085376 0,001137
igoron 5,129899 0,002797
нести 3,183989 0,001736
декабрь 0,853233 0,002791
а 0,209918 0,000687
тв 1,633391 0,000891
человек 0,940244 0,000513
пусть 2,827314 0,004625
б 1,466337 0,000800
в 0,017911 0,000576
очевидно 3,743604 0,002041
г 0,925206 0,000504
подробный 0,687247 0,000375
отказаться 1,695912 0,000925
и 0,023953 0,000679
интер 1,633391 0,000891
й 0,825834 0,000450
связь 0,747872 0,000816
к 0,132686 0,001158
банить 4,436752 0,002419
разговор 2,564949 0,001399
о 0,042302 0,000415
продолжаться 1,951845 0,002129
санкт 1,279751 0,000698
с 0,036149 0,000572
сейчас 1,104547 0,003011
у 0,342407 0,000747
экс 1,994404 0,001087
график 3,183989 0,001736
rbw 5,129899 0,002797
балл 1,871802 0,001021
сезон 0,723179 0,001183
они 0,524729 0,000286
присоединяться 4,031286 0,002198
владелец 2,185460 0,001192
я 0,747872 0,002447
оно 2,038856 0,001112
вариант 1,492313 0,000814
футбол 0,247097 0,000808
потенциальный 3,183989 0,003472
лусиано 3,520461 0,005759
мир 0,277868 0,000303
читатель 3,050457 0,003327
искать 2,732003 0,001490
весь 1,633391 0,000891
пройти 0,544931 0,000594
информационный 1,122566 0,001224
даби 2,827314 0,001542
необходимый 2,357310 0,001285
аякс 3,520461 0,001920
этап 0,895792 0,000488
легионер 2,490841 0,001358
потренировать 5,129899 0,002797
абсолютно 3,183989 0,001736
d 2,185460 0,001192
роганович 5,129899 0,002797
проект 0,457070 0,000249
время 0,384967 0,000210
создавать 2,357310 0,001285
кисляк 3,338139 0,007281
про 1,301257 0,004257
выходить 1,695912 0,001849
тренд 2,185460 0,001192
логично 4,436752 0,002419
подписание 2,421849 0,001321
макса 2,038856 0,026681
сильный 1,198073 0,002613
подарок 2,827314 0,003083
главный 0,565551 0,000925
спортинга 4,436752 0,004838
присоединиться 2,490841 0,001358
голосование 2,732003 0,001490
также 0,663991 0,000724
фс 2,085376 0,001137
обсуждать 1,797694 0,000980
публикация 3,183989 0,001736
грозный 2,421849 0,001321
псж 1,518981 0,000828
дмитрий 1,258698 0,000686
легко 2,932674 0,001599
шанс 1,258698 0,000686
снова 1,574551 0,000859
кадровый 2,932674 0,001599
колыванов 3,338139 0,001820
заключительный 2,357310 0,002571
яшин 2,827314 0,001542
показать 0,504926 0,000275
победить 0,699082 0,000381
info 1,951845 0,001064
андрианов 5,129899 0,002797
надо 2,038856 0,002223
драма 2,932674 0,001599
отсутствие 1,664163 0,000907
обеспечивать 2,732003 0,001490
пожелать 4,031286 0,002198
повышать 3,520461 0,003839
удалить 1,951845 0,001064
рфс 2,564949 0,001399
алекс 2,185460 0,003575
вход 2,085376 0,002274
летие 2,421849 0,001321
система 0,799165 0,000436
генича 3,183989 0,005208
далекий 1,416327 0,000772
приверженность 5,129899 0,002797
вендел 2,490841 0,001358
дзюба 2,134166 0,001164
прямая 1,441019 0,001571
надеяться 2,421849 0,001321
один 0,342407 0,000373
дисциплина 1,546380 0,000843
обязательно 2,357310 0,002571
совет 0,825834 0,001351
расстаться 3,520461 0,001920
видео 0,699082 0,000381
футболист 1,518981 0,004969
воспитанник 2,239527 0,001221
эфир 1,695912 0,001849
станковича 4,031286 0,002198
учредитель 1,994404 0,001087
локомотив 0,839439 0,000915
юнайтед 2,185460 0,001192
последний 0,376309 0,000410
завершить 1,052361 0,002869
коммуникация 2,134166 0,001164
минута 0,940244 0,000513
активность 3,183989 0,001736
мой 1,368699 0,000746
дорогой 2,134166 0,001164
выложить 3,338139 0,001820
некоторый 2,644992 0,001442
момент 0,910391 0,000496
рассчитывать 2,932674 0,001599
залетать 5,129899 0,002797
помочь 1,238078 0,000675
борис 2,239527 0,003663
заметка 3,743604 0,006124
игдисамов 4,436752 0,002419
обляков 4,031286 0,002198
константин 2,185460 0,003575
курс 2,490841 0,001358
ресурс 0,812411 0,002215
процесс 1,664163 0,000907
основа 1,301257 0,000710
карта 2,085376 0,001137
детальный 5,129899 0,002797
говорить 1,834062 0,001000
делать 1,392229 0,001518
роскомнадзор 2,644992 0,001442
технология 0,786093 0,000429
теннисный 2,644992 0,001442
подобный 1,911023 0,001042
махачкала 2,421849 0,002641
отрабатывать 3,520461 0,001920
остаться 1,301257 0,002838
среди 0,597299 0,000326
бобсоккер 5,129899 0,008391
полевой 2,357310 0,001285
через 0,971016 0,000529
москва 0,576022 0,001256
масштабный 3,050457 0,001663
надежда 2,421849 0,001321
предоставлять 2,932674 0,004797
трансфер 1,492313 0,006510
фабио 2,932674 0,001599
замена 1,951845 0,001064
становиться 1,159607 0,001265
хроник 3,183989 0,003472
химки 2,644992 0,001442
результат 0,524729 0,000572
бразилия 1,797694 0,000980
значимый 2,644992 0,001442
приглашать 3,183989 0,001736
ноябрь 0,955511 0,002605
особенно 2,038856 0,001112
команда 0,262364 0,001288
эндрю 4,436752 0,021772
тренировочный 1,834062 0,001000
большой 0,687247 0,000375
признание 2,732003 0,001490
новичок 1,797694 0,003921
офф 1,019025 0,000556
должен 0,597299 0,000651
матчевый 2,296685 0,001252
фанат 1,762603 0,000961
сигнал 3,050457 0,001663
зенит 0,867219 0,011349
получать 1,301257 0,000710
исповедь 4,031286 0,002198
никогда 1,951845 0,001064
влетать 5,129899 0,002797
исключить 1,441019 0,000786
симич 5,129899 0,002797
перспективный 3,338139 0,001820
забить 1,466337 0,000800
хотеть 1,104547 0,001205
подготовка 1,178655 0,001285
пономарев 2,827314 0,001542
перейти 0,586604 0,000320
насытить 3,743604 0,002041
мартинсом 5,129899 0,005594
портал 1,416327 0,003861
эмират 4,436752 0,002419
стать 0,217244 0,000118
утвердиться 4,031286 0,002198
интерес 1,871802 0,001021
акрон 1,279751 0,001396
работать 1,518981 0,000828
романо 3,183989 0,001736
возможно 1,664163 0,000907
вчера 1,518981 0,027332
это 0,181139 0,000790
массовый 1,466337 0,000800
молодость 5,129899 0,002797
слово 1,035554 0,001129
ответственность 0,895792 0,000977
рост 0,812411 0,001329
канчельскис 3,743604 0,002041
зацепить 3,520461 0,001920
противный 3,183989 0,001736
молодая 1,762603 0,000961
прямой 1,695912 0,000925
разобраться 3,520461 0,001920
мальчичеки 5,129899 0,002797
ограничить 1,951845 0,001064
новость 0,285712 0,001869
раскрывать 4,031286 0,002198
сильнейший 1,546380 0,000843
армейский 2,932674 0,001599
взять 1,159607 0,000632
скорпи 5,129899 0,008391
стоить 1,546380 0,000843
vlad 5,129899 0,002797
его 0,447767 0,000732
сентябрь 1,035554 0,000565
тренер 0,555188 0,000303
акинфеев 3,743604 0,004082
понятно 3,743604 0,002041
жизнь 0,881403 0,000961
только 0,447767 0,000244
принадлежность 3,338139 0,001820
планирование 3,743604 0,002041
прилететь 4,436752 0,002419
головин 1,695912 0,000925
com 0,925206 0,000504
обширный 3,743604 0,002041
периодический 4,436752 0,002419
элитный 2,732003 0,001490
активизация 4,436752 0,002419
или 0,576022 0,000314
талантливый 3,520461 0,001920
турнир 0,293617 0,000320
потому 2,085376 0,001137
трое 2,185460 0,002383
стыковой 1,911023 0,002084
эл 2,134166 0,001164
исполниться 3,338139 0,001820
чаща 1,834062 0,001000
точно 1,911023 0,001042
энтузиаст 4,031286 0,002198
воздействие 3,338139 0,001820
канал 1,416327 0,000772
регистрация 1,871802 0,002041
общение 3,338139 0,003640
изучение 3,338139 0,001820
почему 1,122566 0,002448
директор 1,871802 0,001021
воспринимать 4,436752 0,002419
хороший 0,393700 0,000859
спокойный 3,338139 0,003640
чувство 3,050457 0,001663
много 0,735450 0,000401
тренировка 0,895792 0,000977
окно 2,357310 0,001285
красный 1,069456 0,000583
когда 0,652562 0,000356
играть 0,895792 0,000488
готовиться 2,296685 0,001252
значит 2,644992 0,002884
превосходный 5,129899 0,002797
говорят 2,827314 0,001542
ждать 1,492313 0,001627
возобновиться 3,520461 0,001920
недокомментаторов 5,129899 0,002797
трансферный 2,421849 0,009244
подарить 2,421849 0,001321
оренбург 1,301257 0,001419
antohacska 5,129899 0,002797
блоги 2,296685 0,001252
bob 3,520461 0,001920
защитник 1,217876 0,002656
медиа 1,834062 0,001000
мартинс 4,436752 0,004838
тренерский 1,871802 0,001021
глебов 3,050457 0,001663
матеусе 5,129899 0,002797
назад 1,140915 0,001866
первый 0,317714 0,000346
остановиться 2,827314 0,001542
редакционный 4,031286 0,004396
тотальный 4,031286 0,002198
итог 0,867219 0,003310
февраль 0,202645 0,002320
идти 1,159607 0,000632
лукин 4,436752 0,012096
буде 2,038856 0,001112
вопрос 1,104547 0,000602
шуманский 4,031286 0,002198
стимулировать 3,743604 0,002041
игра 0,112619 0,000368
капитан 1,574551 0,003434
прудников 3,338139 0,001820
bobsocc 4,031286 0,048358
переход 1,323236 0,001443
стратегия 2,239527 0,002442
именно 1,492313 0,000814
общество 1,871802 0,001021
так 0,597299 0,000326
эйонг 4,031286 0,002198
мнение 1,951845 0,002129
титул 1,301257 0,000710
заплатить 2,564949 0,001399
винисиусом 2,564949 0,001399
хлусевич 3,183989 0,001736
интервью 0,971016 0,001059
основание 1,416327 0,001545
кто 0,747872 0,002854
издание 1,574551 0,000859
активный 1,546380 0,001686
напрямую 3,050457 0,001663
событие 0,565551 0,001542
пользователь 1,911023 0,005210
бан 3,520461 0,001920
позволять 1,664163 0,000907
bobscocc 5,129899 0,002797
реакция 2,490841 0,001358
неделя 1,217876 0,002656
счастливый 2,932674 0,001599
пора 1,392229 0,000759
самый 0,608110 0,000332
покер 2,490841 0,001358
материал 0,309617 0,000338
рубин 1,198073 0,001307
участвовать 0,955511 0,001042
конкурс 2,357310 0,010283
минус 2,827314 0,001542
сантос 3,338139 0,003640
престианни 3,338139 0,001820
быть 0,119263 0,000780
беседа 4,031286 0,002198
аналитик 2,038856 0,004447
точка 1,762603 0,000961
аккуратный 5,129899 0,002797
терять 2,185460 0,001192
есть 0,812411 0,000886
вести 1,238078 0,000675
диалог 4,031286 0,004396
балтика 1,217876 0,003320
зимний 0,663991 0,001810
электронный 2,038856 0,002223
сфера 2,038856 0,001112
карточка 1,951845 0,001064
спорт 0,125952 0,000206
просмотр 0,925206 0,000504
перерыв 1,762603 0,000961
мочь 0,350775 0,000383
внук 4,436752 0,002419
этот 0,350775 0,001339
аренда 1,728701 0,000943
свидетельство 2,134166 0,001164
сказать 1,368699 0,001493
глубокий 2,827314 0,001542
сборная 0,342407 0,000187
бонгондой 5,129899 0,005594
друг 1,518981 0,000828
лиссабонский 3,743604 0,002041
ближний 1,728701 0,001885
продать 2,239527 0,001221
вадим 2,421849 0,001321
сбор 1,368699 0,006717
отлично 3,183989 0,003472
тайм 1,633391 0,000891
боселли 3,338139 0,001820
выдаваться 2,296685 0,001252
вообще 1,911023 0,001042
разрастаться 5,129899 0,002797
alex 4,436752 0,002419
разыграть 2,038856 0,001112
можно 1,002764 0,001094
взаимодействие 2,490841 0,002716
рекламодатель 3,520461 0,001920
умница 5,129899 0,005594
рассуждение 4,436752 0,007257
дать 0,608110 0,000995
ru 0,285712 0,002337
комплектование 4,031286 0,002198
возможный 1,392229 0,000759
элемент 0,925206 0,000504
эксклюзивный 2,564949 0,001399
регистрационный 3,743604 0,002041
привет 5,129899 0,002797
кубок 0,376309 0,000410
третий 1,238078 0,000675
спортивный 0,301585 0,000164
игрок 0,711058 0,002326
наступать 3,520461 0,001920
прогноз 1,994404 0,011962
своевременный 4,436752 0,002419
лимит 2,827314 0,001542
уже 0,687247 0,001499
стремиться 2,421849 0,001321
вернуться 0,986764 0,000538
чемпионат 0,188256 0,000103
магазин 2,038856 0,001112
упустить 2,644992 0,001442
кирилл 1,695912 0,004624
российский 0,224624 0,000490
паря 1,217876 0,001328
одоевский 4,436752 0,002419
аба 2,490841 0,002716
проводить 0,910391 0,000993
исход 2,185460 0,001192
убеждаться 5,129899 0,002797
давно 2,827314 0,001542
просто 1,492313 0,000814
крыло 1,238078 0,002025
уголок 4,436752 0,002419
регулярный 1,951845 0,002129
россия 0,139466 0,000608
го 1,279751 0,002791
сутки 3,183989 0,001736
сочить 0,853233 0,000465
шилово 4,436752 0,002419
свой 0,586604 0,000320
зарегистрировать 0,711058 0,000775
виктор 1,416327 0,000772
радовать 4,031286 0,002198
свое 0,457070 0,000498
встретиться 1,728701 0,001885
популярный 1,392229 0,000759
январь 0,786093 0,004286
здесь 1,911023 0,002084
плей 1,002764 0,000547
разгромить 1,728701 0,000943
руиса 5,129899 0,002797
пахать 4,436752 0,004838
tv 2,564949 0,001399
без 0,466460 0,000254
игорь 1,871802 0,002041
ди 3,520461 0,003839
гарантировать 2,732003 0,001490
перед 0,839439 0,000458
этта 3,338139 0,001820
сайт 0,411400 0,000897
самоидентичность 5,129899 0,002797
до 0,239550 0,000131
рождение 1,518981 0,000828
четвертый 1,695912 0,000925
пополнить 2,357310 0,001285
правый 0,971016 0,001059
бобсоккера 5,129899 0,005594
матвей 2,490841 0,002716
круговой 3,050457 0,001663
руководство 1,301257 0,000710
ежедневный 4,436752 0,002419
адрес 1,994404 0,001087
представить 1,518981 0,000828
другой 0,188256 0,000103
сертификат 3,743604 0,002041
ориентировать 3,743604 0,002041
презентация 3,050457 0,001663
бобсоккеру 5,129899 0,005594
карабах 2,038856 0,001112
европа 0,393700 0,000215
давать 1,416327 0,000772
оставаться 1,301257 0,000710
утро 2,421849 0,001321
улететь 4,436752 0,002419
фишка 4,436752 0,002419
рабочий 2,134166 0,001164
челестини 3,743604 0,008165
черта 2,932674 0,001599
ее 0,723179 0,000394
завтра 1,951845 0,002129
телефон 1,911023 0,001042
редакция 0,940244 0,001538
пока 1,159607 0,001265
психологический 3,050457 0,001663
посол 0,301585 0,000329
защищать 2,296685 0,001252
период 1,035554 0,000565
клуб 0,652562 0,002135
центральный 1,603538 0,002623
функционал 5,129899 0,002797
вид 0,393700 0,000215
же 0,853233 0,000930
бороться 1,633391 0,000891
следование 4,436752 0,002419
всегда 1,258698 0,000686
ростов 2,827314 0,001542
путь 1,518981 0,002485
обновить 2,085376 0,001137
баринов 2,732003 0,002979
что 0,195425 0,001492
эксперт 2,134166 0,005818
рябчук 4,436752 0,004838
краснодар 0,867219 0,001891
править 0,544931 0,000594
армеец 2,564949 0,004196
за 0,125952 0,000412
взлет 3,743604 0,002041
спектр 5,129899 0,002797
инцидент 2,421849 0,001321
совсем 2,827314 0,001542
невропад 5,129899 0,002797
секция 3,050457 0,003327
сыграть 0,839439 0,000458
роскомнадзором 3,520461 0,001920
зачем 2,421849 0,001321
мероприятие 1,762603 0,001922
очередной 2,085376 0,001137
обмен 2,732003 0,001490
чемпионство 2,185460 0,002383
образцовый 5,129899 0,002797
глеб 3,050457 0,006653
пенальти 2,038856 0,001112
одолеть 2,134166 0,001164
из 0,106018 0,000289
игровой 1,104547 0,000602
наш 0,652562 0,001423
редактор 1,871802 0,003062
днем 2,827314 0,004625
многий 2,296685 0,001252
их 0,799165 0,000436
настоящий 2,134166 0,001164
близкий 1,762603 0,001922
получить 0,384967 0,000420
радимова 4,436752 0,004838
над 0,986764 0,000538
контакт 1,035554 0,000565
комментарий 1,871802 0,002041
зимой 2,827314 0,003083
спартак 0,711058 0,005816
угадывать 5,129899 0,002797
мерзкий 4,031286 0,002198
дискуссия 2,421849 0,001321
посетитель 3,743604 0,006124
гол 1,323236 0,000722
устраивать 3,338139 0,003640
сделать 0,853233 0,000465
гот 2,038856 0,003335
служба 1,279751 0,000698
заметить 2,357310 0,002571
словения 2,357310 0,001285
здоровье 1,323236 0,000722
жоао 3,183989 0,001736
точный 2,296685 0,001252
право 2,239527 0,001221
цска 0,711058 0,017059
верный 3,183989 0,006944
станкович 4,031286 0,002198
актуальный 1,546380 0,000843
отчет 2,490841 0,001358
год 0,099461 0,000488
аналитический 4,031286 0,002198
защитить 1,633391 0,000891
отстранять 4,436752 0,002419
gmail 4,436752 0,002419
международный 0,466460 0,000254
андрей 1,258698 0,000686
матч 0,293617 0,002401
октябрь 1,019025 0,003334
инсайд 3,050457 0,001663
укрепление 3,743604 0,002041
администратор 3,338139 0,001820
генич 2,644992 0,007211
который 0,325878 0,000355
юниор 1,345709 0,000734
постоянный 0,881403 0,000481
ньюкасл 2,085376 0,001137
футбольный 1,345709 0,008071
динамо 0,663991 0,001448
следующий 0,853233 0,000465
артем 1,951845 0,001064
семак 3,183989 0,001736
победа 0,420369 0,000229
ли 1,198073 0,000653
никола 2,085376 0,001137
знание 1,951845 0,001064
забивать 2,564949 0,001399
опоздать 3,338139 0,001820
тщательный 3,743604 0,002041
тольятти 2,490841 0,001358
рассказать 1,122566 0,000612
текущий 0,867219 0,000946
предстоящий 2,239527 0,002442
вот 2,134166 0,001164
сегодня 0,881403 0,002884
президент 1,035554 0,000565
невзрачный 5,129899 0,002797
помощник 2,134166 0,001164
borg 5,129899 0,002797
сразу 1,392229 0,000759
такой 0,735450 0,001604
упрощать 4,436752 0,002419
плюс 2,239527 0,001221
деть 0,619039 0,000338
вместе 1,178655 0,000643
warhors 5,129899 0,002797
квизы 4,436752 0,002419
рассказывать 2,564949 0,001399
иван 1,603538 0,000874
глимт 2,038856 0,001112
место 0,402511 0,000658
предварительный 2,421849 0,001321
матеус 4,031286 0,002198
поздравить 3,050457 0,001663
оптимальный 3,338139 0,003640
успешный 1,345709 0,000734
лига 0,325878 0,000711
закончить 1,994404 0,001087
проходить 0,867219 0,000473
недоумение 4,436752 0,002419
включать 1,323236 0,000722
мы 0,195425 0,000852
огрн 5,129899 0,002797
болельщик 1,086847 0,002963
участие 0,457070 0,001246
на 0,023953 0,000392
попытка 1,664163 0,000907
совершенно 3,183989 0,001736
состав 0,867219 0,002837
свежий 0,839439 0,000458
тот 0,393700 0,001288
обсуждение 0,867219 0,000473
не 0,099461 0,001247
форвард 1,871802 0,001021
календарь 0,675551 0,000368
каждый 0,812411 0,000886
содержать 2,134166 0,001164
нн 2,564949 0,002797
любитель 1,238078 0,000675
но 0,402511 0,001097
дивеево 4,031286 0,004396
почта 2,185460 0,001192
раздел 1,574551 0,000859
таблица 0,711058 0,000388
идеальный 2,644992 0,001442
длить 0,146292 0,001276
незаменимый 4,031286 0,004396
дуглас 3,183989 0,003472
гордон 2,421849 0,001321
начинать 1,140915 0,000622
трибун 1,603538 0,000874
школа 1,492313 0,000814
maxwellmax 5,129899 0,002797
контрольный 1,994404 0,002175
русская 1,797694 0,000980
уровень 1,086847 0,000593
mouzi 5,129899 0,005594
федеральный 1,834062 0,001000
нет 0,825834 0,001351
обновление 2,185460 0,002383
владислав 2,038856 0,002223
превращать 3,743604 0,002041
дарита 4,436752 0,002419
название 1,035554 0,000565
развитие 1,140915 0,000622
небезразличный 5,129899 0,002797
поиск 0,711058 0,000388
предлагать 2,421849 0,001321
чемпион 0,334108 0,000547
тосунян 5,129899 0,008391
предчувствие 5,129899 0,002797
от 0,160085 0,000175
форум 0,867219 0,000473
молодой 2,490841 0,002716
разряд 2,490841 0,001358
статистика 0,630089 0,000687
официальный 0,735450 0,000802
поменять 2,644992 0,001442
способствовать 2,490841 0,001358
понимать 2,644992 0,001442
слышать 3,743604 0,002041
петербургский 2,185460 0,001192
мостовый 3,338139 0,001820
первое 0,393700 0,000429
как 0,232059 0,000886
вернуть 1,695912 0,000925
участник 0,799165 0,000436
познакомиться 5,129899 0,002797
инициатива 2,134166 0,001164
все 0,067304 0,000734
алексей 1,140915 0,000622
голос 2,357310 0,002571
сведение 0,786093 0,000429
премьер 1,198073 0,002613
рестарт 3,743604 0,004082
продажа 2,239527 0,001221
возможность 1,279751 0,002791
по 0,073653 0,000161
взгляд 2,490841 0,001358
расписание 1,664163 0,002722
думать 2,185460 0,002383
уникальный 2,421849 0,002641
информация 0,608110 0,001658
поздравлять 3,520461 0,001920
талант 2,644992 0,002884
усилить 2,932674 0,001599
опасный 2,357310 0,001285
скоро 2,827314 0,001542
надзор 2,357310 0,001285
контент 4,031286 0,004396
первоисточник 5,129899 0,002797
предсезонный 3,183989 0,001736
аудитория 3,183989 0,001736
очень 1,140915 0,001244
багаж 5,129899 0,002797
третье 1,035554 0,000565
способ 1,728701 0,000943
какой 1,002764 0,001094
медосмотр 4,436752 0,002419
сообщество 0,910391 0,001986
второе 0,839439 0,000458
взаимодействовать 4,031286 0,002198
активно 2,239527 0,001221
второй 0,576022 0,000314
книга 1,911023 0,002084
леванте 2,932674 0,001599
кампания 3,050457 0,008316
