финал 0,699082 0,001504
новый 0,239550 0,000172
хватать 1,633391 0,001172
плавный 5,129899 0,003680
тур 1,159607 0,011646
еще 0,167054 0,000479
теннис 0,475938 0,001024
любить 1,466337 0,001052
балтийский 3,338139 0,004789
ахмат 1,198073 0,001719
ставка 0,799165 0,001147
добро 3,338139 0,004789
важный 0,986764 0,001416
александр 0,839439 0,002409
декабрь 0,853233 0,004897
а 0,209918 0,000151
обыграть 1,122566 0,003221
арлашов 5,129899 0,007360
в 0,017911 0,000617
лично 3,050457 0,002188
реклама 0,687247 0,000986
и 0,023953 0,000498
связь 0,747872 0,001609
й 0,825834 0,004739
к 0,132686 0,000286
потиханов 5,129899 0,007360
н 0,895792 0,001285
о 0,042302 0,000364
п 1,086847 0,001559
домыть 2,932674 0,002104
с 0,036149 0,000493
сейчас 1,104547 0,000792
у 0,342407 0,000737
горький 3,743604 0,002686
авто 0,925206 0,001991
сезон 0,723179 0,004669
они 0,524729 0,000753
металлург 1,834062 0,001316
я 0,747872 0,003219
футбол 0,247097 0,000886
титульный 2,185460 0,001568
уэльс 2,827314 0,002028
пройти 0,544931 0,001955
регби 0,955511 0,021934
бум 1,911023 0,002742
репортаж 1,633391 0,001172
участница 2,732003 0,001960
окончательно 2,564949 0,001840
этап 0,895792 0,001285
александрович 2,490841 0,001787
проект 0,457070 0,000984
классический 1,834062 0,001316
время 0,384967 0,000552
оспрейс 5,129899 0,007360
поступательный 5,129899 0,003680
новгород 1,217876 0,001747
позапрошлый 5,129899 0,003680
мелбет 1,762603 0,002529
ольстер 4,436752 0,003183
присоединиться 2,490841 0,001787
рошель 4,436752 0,003183
сергей 1,301257 0,000933
буллс 5,129899 0,007360
универсиада 2,644992 0,001897
италия 0,524729 0,001129
подробность 2,239527 0,001607
фотография 2,134166 0,001531
прошлый 1,518981 0,002179
дмитрий 1,258698 0,000903
погибнуть 2,421849 0,003475
соцсетях 1,466337 0,001052
отпраздновать 3,520461 0,002525
снова 1,574551 0,001130
россиянин 0,971016 0,001393
южноафриканский 4,031286 0,005784
зарубежный 1,695912 0,003650
окончание 1,546380 0,001109
показать 0,504926 0,000362
мороз 2,564949 0,003680
победить 0,699082 0,002006
мма 1,069456 0,002302
ленстер 5,129899 0,007360
задача 1,546380 0,002219
бета 1,834062 0,002631
подмосковье 3,743604 0,016113
олимпизм 1,466337 0,003156
блюз 4,436752 0,003183
счет 0,799165 0,001147
себя 0,597299 0,000857
подняться 2,490841 0,001787
олимпийский 0,342407 0,000983
карьер 0,925206 0,005973
манстер 5,129899 0,011040
читать 0,555188 0,000398
далекий 1,416327 0,001016
минувший 3,743604 0,002686
спортс 1,871802 0,026855
надеяться 2,421849 0,001737
признательность 5,129899 0,003680
беседовать 4,436752 0,003183
один 0,342407 0,000491
обязательно 2,357310 0,001691
совет 0,825834 0,001185
дрэгонс 2,932674 0,006311
победительница 2,644992 0,001897
биатлон 0,485508 0,001045
чр 3,050457 0,002188
нация 1,797694 0,003869
локомотив 0,839439 0,006022
акулиничев 5,129899 0,003680
рябов 4,031286 0,005784
заступить 4,031286 0,002892
московский 1,574551 0,003389
завершить 1,052361 0,003775
мой 1,368699 0,003927
дорогой 2,134166 0,001531
момент 0,910391 0,000653
танцевать 2,932674 0,002104
третьелинейцы 5,129899 0,003680
кардифф 4,031286 0,002892
укус 4,436752 0,003183
дебютный 2,296685 0,003295
букмекер 1,140915 0,005729
тереть 0,786093 0,000564
проявить 2,644992 0,001897
процесс 1,664163 0,001194
стероид 4,031286 0,002892
говорить 1,834062 0,001316
технология 0,786093 0,001692
уйти 1,392229 0,000999
мот 4,436752 0,003183
выдерживать 3,520461 0,002525
регбист 4,436752 0,050924
надежда 2,421849 0,001737
олимп 1,762603 0,002529
меняться 1,951845 0,001400
результат 0,524729 0,001129
значимый 2,644992 0,001897
команда 0,262364 0,001506
вознюк 5,129899 0,007360
назначить 1,871802 0,001343
павел 1,834062 0,001316
тренировочный 1,834062 0,001316
трехчетвертной 5,129899 0,003680
очко 1,416327 0,001016
панарин 2,357310 0,001691
второлинеец 5,129899 0,003680
зенит 0,867219 0,002488
данил 2,490841 0,001787
покидать 2,421849 0,001737
танец 2,932674 0,002104
нападать 1,518981 0,002179
хотеть 1,104547 0,001585
подготовка 1,178655 0,000846
перейти 0,586604 0,002104
даниил 1,728701 0,001240
стать 0,217244 0,001091
акрон 1,279751 0,001836
агент 2,357310 0,001691
потенциал 3,183989 0,002284
отличный 2,421849 0,001737
соперница 2,827314 0,002028
группа 1,122566 0,000805
провести 0,799165 0,000573
это 0,181139 0,000780
готовцев 5,129899 0,011040
легендарный 1,871802 0,001343
подкасте 4,031286 0,002892
арлекин 5,129899 0,003680
слово 1,035554 0,000743
шотландия 2,357310 0,006764
рост 0,812411 0,001166
дебютант 3,050457 0,002188
два 0,504926 0,000724
наполняться 5,129899 0,003680
молодая 1,762603 0,003793
новость 0,285712 0,000615
абрамов 4,031286 0,008676
савелий 3,338139 0,009579
сентябрь 1,035554 0,002971
тренер 0,555188 0,001991
михаил 1,301257 0,000933
монино 5,129899 0,003680
дамир 3,743604 0,005371
оглядываться 5,129899 0,003680
сладкое 3,743604 0,002686
войти 0,608110 0,000436
com 0,925206 0,001327
нхл 0,925206 0,001991
mail 1,301257 0,001867
целый 1,492313 0,001071
турнир 0,293617 0,000632
фонбет 1,466337 0,002104
пенза 4,031286 0,002892
уступить 1,368699 0,001964
политик 0,224624 0,000483
канал 1,416327 0,001016
считать 1,279751 0,000918
переслать 2,827314 0,002028
благодарность 5,129899 0,003680
почему 1,122566 0,001611
енисей 2,296685 0,001648
воспринимать 4,436752 0,003183
хороший 0,393700 0,000565
чувство 3,050457 0,002188
клермон 5,129899 0,003680
столб 3,743604 0,005371
глостера 4,436752 0,003183
скарлетс 5,129899 0,007360
когда 0,652562 0,000468
фигурный 0,514778 0,001108
вверх 2,421849 0,001737
конфиденциальность 0,293617 0,000632
ван 2,296685 0,003295
сэйл 5,129899 0,003680
оренбург 1,301257 0,001867
unit 2,644992 0,017077
эдинбург 3,520461 0,007576
капустянский 5,129899 0,003680
защитник 1,217876 0,000874
забавный 5,129899 0,003680
тренерский 1,871802 0,001343
назад 1,140915 0,000818
первый 0,317714 0,000228
пост 2,085376 0,002992
грустить 4,436752 0,003183
седьмой 2,134166 0,001531
воспоминание 3,743604 0,002686
продлить 2,038856 0,002925
пять 1,140915 0,001637
виталий 2,239527 0,003213
февраль 0,202645 0,000436
калининград 2,644992 0,001897
суббота 2,732003 0,001960
тогда 1,466337 0,001052
игра 0,112619 0,000242
компания 0,971016 0,002090
капитан 1,574551 0,001130
переход 1,323236 0,001898
против 0,747872 0,001073
именно 1,492313 0,001071
главное 0,524729 0,001129
отметиться 3,050457 0,002188
французский 1,052361 0,000755
вва 5,129899 0,022080
рекомендация 1,217876 0,002621
империя 2,239527 0,001607
интервью 0,971016 0,000697
больший 0,457070 0,000984
где 0,675551 0,000485
сообщаться 2,490841 0,001787
стрела 3,743604 0,029541
размышлять 5,129899 0,003680
раскрыть 1,871802 0,001343
столичный 2,564949 0,001840
событие 0,565551 0,000406
дисквалифицировать 2,085376 0,002992
использование 0,277868 0,000598
англия 1,238078 0,002664
пора 1,392229 0,000999
самый 0,608110 0,001745
материал 0,309617 0,000444
рубин 1,198073 0,001719
участвовать 0,955511 0,000685
сообщить 0,447767 0,000321
слава 1,871802 0,004028
быть 0,119263 0,000513
финальный 1,492313 0,001071
расположение 2,732003 0,001960
ак 1,695912 0,012166
есть 0,812411 0,000583
балтика 1,217876 0,003495
конкуренция 2,038856 0,001463
тулуза 4,031286 0,002892
спорт 0,125952 0,000632
регбийный 3,743604 0,005371
championship 2,296685 0,014828
франция 0,675551 0,001938
мочь 0,350775 0,000503
набрать 1,368699 0,000982
этот 0,350775 0,000252
аренда 1,728701 0,001240
сказать 1,368699 0,001964
пастернак 5,129899 0,003680
сборная 0,342407 0,000737
сердце 2,421849 0,001737
глубокий 2,827314 0,002028
уверить 2,085376 0,001496
барановский 4,436752 0,003183
фраиндт 5,129899 0,011040
глава 1,122566 0,000805
многократный 2,421849 0,001737
нарвский 4,031286 0,002892
новокузнецкий 4,436752 0,003183
можно 1,002764 0,000719
основное 1,368699 0,001964
кхл 0,760451 0,001637
английский 1,574551 0,001130
фитнес 1,546380 0,003328
смочь 1,069456 0,000767
регбистку 5,129899 0,003680
кубок 0,376309 0,002160
третий 1,238078 0,000888
игрок 0,711058 0,003061
готовый 1,994404 0,001431
уже 0,687247 0,001972
вернуться 0,986764 0,000708
чемпионат 0,188256 0,001080
того 0,955511 0,000685
вы 0,309617 0,001333
кирилл 1,695912 0,006083
российский 0,224624 0,000806
паря 1,217876 0,001747
номинация 3,520461 0,002525
цель 1,238078 0,000888
выиграть 0,485508 0,000348
откуда 3,520461 0,002525
специалист 1,797694 0,001290
отличиться 2,564949 0,001840
крыло 1,238078 0,001776
россия 0,139466 0,000800
го 1,279751 0,003672
турнирный 1,086847 0,001559
сочить 0,853233 0,001224
шесть 1,238078 0,004441
гресев 5,129899 0,014720
свой 0,586604 0,000421
виктор 1,416327 0,004064
свое 0,457070 0,000328
рбк 1,797694 0,001290
штаб 1,664163 0,001194
встретиться 1,728701 0,001240
январь 0,786093 0,012406
получиться 2,564949 0,001840
эйфория 5,129899 0,003680
здесь 1,911023 0,001371
разгромить 1,728701 0,001240
консультант 5,129899 0,007360
энергия 2,564949 0,001840
игорь 1,871802 0,002686
казахстан 1,217876 0,002621
байбурин 5,129899 0,014720
до 0,239550 0,000172
пополнить 2,357310 0,001691
жлутков 5,129899 0,003680
выступать 0,940244 0,003372
другой 0,188256 0,001215
бенеттон 4,436752 0,003183
обладатель 1,492313 0,001071
европа 0,393700 0,000282
шахов 5,129899 0,003680
оставаться 1,301257 0,000933
эмоция 2,357310 0,001691
пар 1,416327 0,001016
ход 1,279751 0,001836
посол 0,301585 0,000649
клуб 0,652562 0,004213
vk 1,441019 0,001034
говориться 3,050457 0,002188
сообщение 2,732003 0,001960
же 0,853233 0,000612
возвращаться 1,871802 0,001343
кроме 1,368699 0,000982
бороться 1,633391 0,001172
захар 4,031286 0,005784
мото 1,574551 0,003389
нижний 0,955511 0,001371
новик 5,129899 0,003680
оба 1,368699 0,000982
юар 2,490841 0,001787
гарь 4,436752 0,006365
что 0,195425 0,000561
застава 3,743604 0,010742
покинуть 1,871802 0,005371
краснодар 0,867219 0,001244
за 0,125952 0,001084
приступить 3,520461 0,002525
удовольствие 2,932674 0,002104
кулешов 4,031286 0,002892
неожиданность 4,436752 0,003183
рейтинг 0,524729 0,002635
глазго 3,520461 0,005051
сыграть 0,839439 0,001807
свободный 0,867219 0,000622
зяблицев 5,129899 0,003680
сыгранность 4,031286 0,002892
никита 1,492313 0,003212
левый 1,871802 0,001343
казанский 2,564949 0,001840
бетсити 1,633391 0,002343
чазов 5,129899 0,007360
винлайн 1,834062 0,002631
одолеть 2,134166 0,001531
организм 3,338139 0,004789
из 0,106018 0,000684
слабодкин 5,129899 0,014720
игровой 1,104547 0,003962
еврокубки 1,546380 0,003328
занести 2,932674 0,008415
наш 0,652562 0,001404
групповой 1,603538 0,002301
их 0,799165 0,000573
беларусь 1,279751 0,002754
тема 1,104547 0,000792
коллектив 2,644992 0,001897
кравцов 5,129899 0,003680
хоккей 0,285712 0,001025
спартак 0,711058 0,001020
объяснить 1,633391 0,001172
егор 1,951845 0,001400
сервис 1,368699 0,000982
гюнтер 5,129899 0,007360
передать 2,134166 0,001531
леона 1,633391 0,002343
кароннов 5,129899 0,007360
казань 1,301257 0,000933
риа 1,466337 0,001052
телеграм 3,050457 0,002188
обстоятельство 2,732003 0,003920
право 2,239527 0,001607
цска 0,711058 0,002550
актуальный 1,546380 0,001109
отчет 2,490841 0,001787
год 0,099461 0,000499
движение 1,728701 0,001240
контракт 1,258698 0,005418
андрей 1,258698 0,000903
октябрь 1,019025 0,000731
матч 0,293617 0,002317
пожаловать 3,183989 0,004568
приветствовать 5,129899 0,003680
супруг 3,743604 0,002686
ирландия 2,185460 0,004703
лыжный 0,675551 0,001454
двое 2,296685 0,001648
который 0,325878 0,000935
лайонс 5,129899 0,018400
вуурен 5,129899 0,007360
ла 1,762603 0,001264
динамо 0,663991 0,007621
тулон 5,129899 0,003680
перспектива 2,827314 0,002028
родной 2,732003 0,001960
объявлять 2,932674 0,002104
ли 1,198073 0,001719
слабодкина 5,129899 0,003680
дтп 4,031286 0,005784
прибыть 2,732003 0,001960
стормерс 5,129899 0,014720
рассказать 1,122566 0,001611
страна 0,641262 0,000460
помощник 2,134166 0,001531
betteri 1,871802 0,002686
понять 3,183989 0,002284
вместе 1,178655 0,000846
полуфинал 1,238078 0,000888
чемпионка 1,441019 0,001034
иван 1,603538 0,001150
место 0,402511 0,000289
регион 1,834062 0,001316
лига 0,325878 0,001870
евгения 1,178655 0,001691
закончить 1,994404 0,001431
мх 1,728701 0,002480
ступенька 5,129899 0,003680
благодаря 1,441019 0,001034
мы 0,195425 0,000280
летний 0,619039 0,002664
рада 2,644992 0,001897
на 0,023953 0,000137
попытка 1,664163 0,007163
топ 1,238078 0,001776
состав 0,867219 0,002488
водный 0,723179 0,001556
коннахт 5,129899 0,003680
тот 0,393700 0,000282
барс 1,492313 0,010705
не 0,099461 0,000428
календарь 0,675551 0,000969
дублин 4,031286 0,002892
каждый 0,812411 0,000583
суперкубка 2,932674 0,002104
сложно 2,134166 0,001531
но 0,402511 0,000577
сарацин 5,129899 0,003680
бот 4,031286 0,005784
таблица 0,711058 0,001020
длить 0,146292 0,000210
подписать 1,492313 0,003212
об 0,217244 0,000468
уровень 1,086847 0,000780
составить 1,546380 0,001109
rugbi 3,743604 0,024170
владислав 2,038856 0,001463
он 0,475938 0,001707
завершение 1,695912 0,002433
чемпион 0,334108 0,001438
от 0,160085 0,000115
бокс 0,534779 0,001151
трофей 1,871802 0,001343
катание 0,514778 0,001108
шаркс 4,436752 0,009548
шторм 5,129899 0,007360
как 0,232059 0,000333
первое 0,393700 0,000847
все 0,067304 0,000290
условие 0,334108 0,000240
премьер 1,198073 0,004297
pari 1,546380 0,002219
завершиться 1,728701 0,001240
по 0,073653 0,000845
принять 0,786093 0,000564
созонова 5,129899 0,007360
очень 1,140915 0,000818
вничью 1,797694 0,001290
высокий 0,760451 0,001091
какой 1,002764 0,002877
обратный 1,178655 0,002537
второе 0,839439 0,000602
активно 2,239527 0,001607
переть 0,359214 0,000258
семейный 3,183989 0,004568
