состояться 1,140915 0,001533
català 1,086847 0,000730
рф 1,871802 0,002516
dansk 1,069456 0,000719
новый 0,239550 0,000161
поведение 0,839439 0,000564
западноевропейский 5,129899 0,003448
экспорт 0,986764 0,000663
служить 2,644992 0,001778
академия 1,834062 0,001233
конь 3,520461 0,009464
lccn 1,492313 0,001003
еще 0,167054 0,000337
памятник 3,183989 0,002140
теннис 0,475938 0,000640
физический 1,392229 0,001871
орел 2,732003 0,001836
вуз 3,338139 0,002243
фреска 5,129899 0,003448
xxii 3,338139 0,002243
бакрадзе 5,129899 0,003448
tatarça 1,392229 0,000936
финский 1,518981 0,001021
日本語 1,035554 0,000696
со 0,447767 0,000602
профессионально 3,743604 0,002516
частность 1,994404 0,001340
فارسی 1,104547 0,000742
осипов 3,183989 0,002140
slovenščina 1,345709 0,000904
парусный 1,574551 0,001058
беларуская 1,069456 0,001437
заявление 0,799165 0,000537
грек 3,338139 0,002243
помощь 1,368699 0,000920
связаться 0,867219 0,000583
пом 1,695912 0,001140
а 0,209918 0,001129
б 1,466337 0,001971
в 0,017911 0,000794
г 0,925206 0,001865
викимедиа 0,986764 0,000663
д 0,895792 0,001204
подробный 0,687247 0,000462
е 0,867219 0,001748
содержание 0,955511 0,001284
иллюстрировать 3,338139 0,002243
eesti 1,069456 0,000719
и 0,023953 0,000354
й 0,825834 0,001665
مصرى 1,546380 0,001039
к 0,132686 0,000446
л 2,038856 0,002740
велоспорт 1,178655 0,000792
čeština 1,035554 0,000696
м 0,534779 0,003235
н 0,895792 0,005418
azərbaycanca 1,258698 0,000846
альпинизм 1,301257 0,000875
о 0,042302 0,000057
п 1,086847 0,002191
с 0,036149 0,000607
она 0,597299 0,000401
скейтбординг 1,762603 0,001185
средство 1,664163 0,001118
т 1,368699 0,001840
у 0,342407 0,000920
студент 2,357310 0,001584
х 0,986764 0,000663
китай 1,695912 0,003419
викисклад 1,035554 0,001392
скачать 0,895792 0,001204
они 0,524729 0,001058
дополнительный 0,940244 0,000632
э 2,296685 0,004630
ю 1,834062 0,002465
корфбол 1,762603 0,001185
каноэ 1,633391 0,001098
вная 5,129899 0,003448
футбол 0,247097 0,000830
мир 0,277868 0,001120
атлетика 0,955511 0,001284
by 0,971016 0,000653
регби 0,955511 0,001284
lëtzebuergesch 1,762603 0,001185
wikipedia 0,986764 0,001326
стика 4,436752 0,002982
gnd 1,392229 0,000936
русский 0,760451 0,000511
римляна 4,031286 0,002709
входить 1,258698 0,000846
копия 1,416327 0,000952
индий 2,644992 0,003555
cc 0,986764 0,000663
a 1,392229 0,000936
отредактировать 0,986764 0,000663
диск 3,743604 0,002516
акробатика 2,732003 0,003672
соколовский 4,436752 0,002982
проект 0,457070 0,000307
время 0,384967 0,000517
конец 1,035554 0,000696
h 2,490841 0,001674
j 1,466337 0,000985
ушу 1,728701 0,001162
викиновости 1,238078 0,000832
u 1,345709 0,000904
победитель 0,799165 0,001074
w 0,955511 0,000642
හල 1,834062 0,001233
также 0,663991 0,001339
шайба 0,986764 0,000663
член 1,416327 0,000952
العربية 1,069456 0,000719
фризский 1,762603 0,001185
украина 1,217876 0,000818
дмитрий 1,258698 0,000846
粵語 1,178655 0,000792
викиданных 0,986764 0,000663
தம 1,492313 0,001003
массовость 3,743604 0,002516
каталанский 1,695912 0,001140
трава 1,392229 0,001871
жилинский 5,129899 0,003448
каталог 1,301257 0,000875
собачий 1,762603 0,001185
викискладе 1,217876 0,001637
библиографический 1,279751 0,000860
ассириец 5,129899 0,003448
сноуборд 1,178655 0,000792
правка 0,986764 0,001326
батут 1,728701 0,001162
серфинг 1,762603 0,001185
себя 0,597299 0,000401
tolışi 1,871802 0,001258
олимпийский 0,342407 0,002761
закавказье 5,129899 0,003448
хёрлинг 1,762603 0,001185
система 0,799165 0,002148
читать 0,555188 0,000373
описать 2,357310 0,001584
производственный 4,031286 0,002709
спорти 5,129899 0,003448
тяжелый 0,940244 0,000632
древние 2,932674 0,003942
việt 1,140915 0,000767
отказ 0,839439 0,000564
древний 2,421849 0,003255
спортс 1,871802 0,001258
дзюдо 1,466337 0,000985
гонка 0,853233 0,001720
англ 1,159607 0,002338
один 0,342407 0,000460
командный 1,002764 0,000674
волейбол 0,955511 0,000642
языческий 4,031286 0,005418
иметь 1,069456 0,001437
касьяника 5,129899 0,003448
академический 1,546380 0,001039
длина 1,871802 0,001258
плавание 1,178655 0,001584
биатлон 0,485508 0,000326
пожертвовать 0,940244 0,000632
гаврилов 2,827314 0,001900
последний 0,376309 0,000253
ссылка 0,699082 0,003759
эра 2,296685 0,001543
некоторые 1,198073 0,001610
lingála 3,050457 0,002050
srpskohrvatski 1,416327 0,000952
pdf 0,940244 0,000632
中文 1,035554 0,000696
академик 4,031286 0,002709
астафьев 4,031286 0,002709
ресурс 0,812411 0,000546
описание 0,881403 0,000592
основа 1,301257 0,000875
июль 1,019025 0,002054
foundat 0,986764 0,000663
кругосвет 1,994404 0,001340
техник 1,695912 0,001140
делать 1,392229 0,000936
щит 2,932674 0,001971
bahasa 1,086847 0,001461
всемирный 1,762603 0,001185
становление 3,050457 0,002050
кольцо 2,827314 0,003800
москва 0,576022 0,000774
серый 2,932674 0,001971
вечер 2,421849 0,001628
lietuvių 1,140915 0,000767
https 0,699082 0,000470
словарь 1,198073 0,000805
стрельба 1,441019 0,001937
квадах 1,762603 0,001185
отдельный 0,955511 0,001284
разработчик 0,971016 0,000653
мобильный 0,555188 0,000373
татарча 1,392229 0,000936
tiếng 1,140915 0,000767
влиять 3,050457 0,002050
עברית 1,052361 0,000707
указываться 4,031286 0,002709
index 0,986764 0,000663
сквош 1,728701 0,001162
вклад 0,955511 0,000642
indonesia 1,086847 0,000730
боков 2,644992 0,001778
избранный 0,955511 0,000642
греция 1,994404 0,002681
текст 0,925206 0,000622
проводиться 1,086847 0,003652
энциклопедический 3,050457 0,002050
исключить 1,441019 0,000968
esperanto 1,198073 0,000805
временить 1,140915 0,000767
перейти 0,586604 0,000788
подготовка 1,178655 0,002376
половина 1,392229 0,000936
стать 0,217244 0,000438
скелетон 1,258698 0,000846
українська 1,035554 0,000696
крикет 1,695912 0,001140
керлинг 1,086847 0,000730
обращение 0,910391 0,001835
картина 2,644992 0,001778
атлетический 3,338139 0,002243
лякросс 1,762603 0,001185
xviii 2,421849 0,001628
это 0,181139 0,000243
упряжка 1,762603 0,001185
ответственность 0,895792 0,000602
гимн 1,994404 0,001340
нравственный 4,436752 0,002982
триатлон 1,633391 0,001098
код 0,971016 0,007178
урбанович 5,129899 0,003448
культивироваться 4,436752 0,002982
лука 1,104547 0,000742
прыжок 0,940244 0,006951
дмитриев 3,183989 0,002140
спортсмен 0,565551 0,000760
françai 1,019025 0,000685
езда 3,520461 0,002366
рэкетс 1,728701 0,001162
url 0,986764 0,000663
бревно 5,129899 0,006895
опорный 3,338139 0,015704
иметься 2,421849 0,001628
тренер 0,555188 0,000373
доступный 0,955511 0,000642
филателия 3,050457 0,004100
smithsonian 4,436752 0,002982
сантиметр 0,955511 0,001926
php 0,986764 0,000663
бадминтон 1,518981 0,001021
байдарка 1,603538 0,001078
состязание 2,038856 0,002740
войти 0,608110 0,000409
com 0,925206 0,000622
шорты 1,035554 0,000696
гольф 1,574551 0,001058
твердый 2,564949 0,001724
solli 5,129899 0,003448
осуществление 4,031286 0,002709
пособие 3,338139 0,002243
қазақша 1,178655 0,000792
гимнастический 3,338139 0,026920
педагог 3,743604 0,002516
антверпен 3,050457 0,002050
горнолыжный 1,301257 0,000875
колтановского 5,129899 0,003448
баскский 1,664163 0,001118
политик 0,224624 0,000151
frysk 1,762603 0,001185
алфавит 1,159607 0,000779
заглавный 0,986764 0,000663
bnf 1,834062 0,001233
учетный 0,986764 0,000663
гэльский 1,762603 0,001185
канат 1,762603 0,001185
гантели 4,031286 0,002709
представиться 0,986764 0,000663
копье 3,743604 0,002516
ритмический 4,031286 0,002709
фигурный 0,514778 0,000346
программа 0,799165 0,000537
ব 1,416327 0,000952
конфиденциальность 0,293617 0,000197
gaeilg 1,951845 0,001312
ئۇيغۇرچە 2,644992 0,001778
гандбол 1,122566 0,002263
ল 1,416327 0,000952
корейский 2,134166 0,001434
svenska 1,035554 0,000696
продолжать 1,258698 0,000846
рцхиладзе 5,129899 0,003448
моторный 1,762603 0,001185
минск 1,728701 0,001162
йог 4,436752 0,002982
ссср 0,940244 0,008214
свидетельствующий 5,129899 0,003448
ස 1,834062 0,001233
будо 1,762603 0,001185
февраль 0,202645 0,000136
ошибка 0,576022 0,000387
престижный 2,085376 0,001401
media 3,050457 0,002050
появляться 2,038856 0,001370
игра 0,112619 0,000908
поскольку 1,728701 0,001162
фехтование 1,546380 0,001039
меньшиков 4,436752 0,002982
перетягивание 1,762603 0,001185
высота 1,762603 0,001185
of 1,695912 0,001140
deutsch 1,052361 0,000707
лечебный 4,436752 0,005963
имя 1,178655 0,000792
датский 1,368699 0,000920
так 0,597299 0,000401
там 1,603538 0,001078
французский 1,052361 0,000707
interlingua 1,603538 0,001078
федерация 0,495170 0,001997
империя 2,239527 0,001505
где 0,675551 0,000908
больший 0,457070 0,001536
nederland 1,019025 0,000685
meilan 5,129899 0,003448
событие 0,565551 0,000380
rumantsch 2,564949 0,001724
использование 0,277868 0,000187
самый 0,608110 0,000409
материал 0,309617 0,000208
участвовать 0,955511 0,001284
скиджоринг 1,762603 0,001185
скиинг 1,762603 0,001185
соревнование 0,411400 0,001935
ph 1,762603 0,001185
сообщить 0,447767 0,000301
примечание 1,002764 0,001348
кулачный 2,421849 0,001628
пятиборье 1,574551 0,001058
быть 0,119263 0,000240
европейский 1,122566 0,000754
кук 0,971016 0,000653
лицензия 0,971016 0,000653
архивный 1,518981 0,001021
скалолазание 1,695912 0,001140
зимний 0,663991 0,000446
снаряд 2,490841 0,008370
спорт 0,125952 0,001016
конный 1,574551 0,001058
кулак 3,183989 0,002140
просмотр 0,925206 0,000622
практик 2,239527 0,001505
ряд 1,198073 0,000805
навигация 0,986764 0,001989
страница 0,910391 0,003671
english 0,925206 0,000622
мочь 0,350775 0,000236
этот 0,350775 0,000471
многоборье 3,183989 0,008559
борьба 0,723179 0,001458
запись 0,910391 0,000612
марка 1,834062 0,013558
справочник 2,564949 0,001724
qr 0,986764 0,000663
suomi 1,052361 0,000707
башкирский 3,743604 0,002516
протяжение 1,951845 0,001312
джорджадзе 5,129899 0,003448
плохо 3,050457 0,002050
ancient 3,743604 0,002516
санный 1,301257 0,000875
женский 0,663991 0,000446
художество 5,129899 0,003448
народ 2,564949 0,005171
основной 1,122566 0,001509
сохранение 0,971016 0,000653
фристайл 1,238078 0,000832
creativ 0,986764 0,000663
гимнастика 1,198073 0,039453
известный 0,986764 0,001326
hrvatski 1,052361 0,000707
română 1,122566 0,000754
персональный 0,723179 0,000486
ru 0,285712 0,000192
действовать 0,825834 0,000555
элемент 0,925206 0,000622
век 1,258698 0,002538
nkc 1,574551 0,001058
использоваться 1,159607 0,001559
кубок 0,376309 0,000253
спортивный 0,301585 0,006688
во 0,495170 0,000333
женщина 0,663991 0,001785
sa 0,986764 0,000663
колесница 4,436752 0,002982
portuguê 1,035554 0,000696
мужской 1,198073 0,000805
дата 0,799165 0,001611
впервые 0,839439 0,001128
nynorsk 1,546380 0,001039
oʻzbekcha 1,140915 0,000767
sh 1,797694 0,001208
прыгать 4,031286 0,002709
раз 0,485508 0,000326
чемпионат 0,188256 0,001139
ўзбекча 1,140915 0,000767
повязка 3,743604 0,002516
вы 0,309617 0,000208
российский 0,224624 0,000755
цель 1,238078 0,002496
китайский 1,069456 0,000719
intern 2,357310 0,001584
español 1,019025 0,000685
просто 1,492313 0,001003
спид 1,762603 0,001185
версия 0,393700 0,000794
литература 1,695912 0,002279
гл 3,050457 0,002050
россия 0,139466 0,000094
энциклопедия 0,986764 0,002653
воспитание 2,827314 0,005700
основать 1,466337 0,000985
зарегистрировать 0,711058 0,000478
български 1,086847 0,000730
популярный 1,392229 0,000936
to 2,038856 0,001370
январь 0,786093 0,000528
эстетический 4,031286 0,002709
поло 1,441019 0,001937
демиденко 5,129899 0,003448
брейкинг 1,762603 0,001185
настольный 1,198073 0,000805
де 0,955511 0,000642
без 0,466460 0,000313
дома 1,695912 0,001140
американский 0,910391 0,000612
до 0,239550 0,000483
знак 0,986764 0,000663
др 2,490841 0,001674
многочисленный 2,239527 0,001505
гимнаст 4,031286 0,008128
другой 0,188256 0,000253
австралийский 1,633391 0,001098
сюда 0,986764 0,000663
егнатошвили 5,129899 0,003448
европа 0,393700 0,000794
трек 1,104547 0,000742
утро 2,421849 0,001628
рабочий 2,134166 0,001434
бег 2,564949 0,001724
цитировать 0,925206 0,000622
перекладина 3,520461 0,004732
направление 1,728701 0,001162
мирон 3,520461 0,002366
регулярно 1,871802 0,001258
тышко 5,129899 0,003448
редакция 0,940244 0,000632
запретить 1,178655 0,000792
norsk 1,052361 0,001414
баскетбол 0,723179 0,000486
период 1,035554 0,000696
параллельный 3,050457 0,004100
медиафайлы 1,217876 0,001637
учебный 2,490841 0,001674
galego 1,178655 0,000792
старый 1,159607 0,000779
гребля 1,518981 0,002042
флаг 0,895792 0,000602
page 0,986764 0,000663
короткий 0,699082 0,000470
вид 0,393700 0,001852
превратиться 2,732003 0,001836
же 0,853233 0,000573
gymnast 4,031286 0,002709
dilet 5,129899 0,003448
polski 1,035554 0,000696
освоить 3,338139 0,002243
ибадулаева 5,129899 0,003448
служебный 0,955511 0,000642
кодекс 0,971016 0,000653
что 0,195425 0,000394
common 0,986764 0,000663
править 0,544931 0,008423
за 0,125952 0,000169
гигиенический 4,031286 0,002709
упражнение 2,490841 0,025109
карат 1,728701 0,001162
софтбол 1,633391 0,001098
религия 3,520461 0,002366
бобслей 1,217876 0,000818
associ 0,986764 0,000663
секция 3,050457 0,002050
org 0,986764 0,000663
культура 1,392229 0,001871
свободный 0,867219 0,000583
настоящее 1,368699 0,000920
применяться 1,217876 0,002455
tokyo 3,338139 0,002243
некоммерческий 0,986764 0,000663
существовать 1,122566 0,001509
советский 1,140915 0,002300
статья 0,495170 0,001664
interlingu 2,239527 0,001505
современный 1,159607 0,002338
своеобразный 4,031286 0,002709
wikimedia 0,986764 0,000663
из 0,106018 0,000285
художественный 1,518981 0,003062
посвятить 1,994404 0,001340
мяч 0,735450 0,000494
наш 0,652562 0,000439
учебник 2,932674 0,001971
молодежь 2,490841 0,001674
исцеление 5,129899 0,003448
случайный 0,986764 0,000663
указание 0,986764 0,000663
скрытый 1,052361 0,000707
ελληνικά 1,086847 0,000730
журавин 5,129899 0,003448
показательный 1,279751 0,000860
западный 2,134166 0,001434
школьник 3,183989 0,002140
многие 1,178655 0,000792
получить 0,384967 0,000259
язык 0,925206 0,000622
greec 5,129899 0,003448
кожаный 3,520461 0,002366
хоккей 0,285712 0,000768
древность 4,031286 0,005418
viii 2,932674 0,001971
связанный 0,786093 0,001585
двоеборье 1,217876 0,000818
заниматься 1,574551 0,001058
melayu 1,368699 0,000920
разновысокий 5,129899 0,003448
ски 1,069456 0,000719
разный 1,368699 0,000920
юноша 2,357310 0,003168
первенство 1,301257 0,001749
брус 5,129899 0,017238
italiano 1,035554 0,000696
год 0,099461 0,002072
движение 1,728701 0,001162
египтянин 4,031286 0,002709
айсшток 1,728701 0,001162
рисунок 3,338139 0,002243
международный 0,466460 0,001881
кузнецов 2,239527 0,001505
հայերեն 1,198073 0,000805
гавердовский 5,129899 0,003448
euskara 1,122566 0,000754
лыжный 0,675551 0,000908
который 0,325878 0,000438
постоянный 0,881403 0,000592
поэтому 1,392229 0,000936
конькобежный 1,140915 0,000767
искусство 2,296685 0,003087
легкий 0,895792 0,000602
српскохрватски 1,416327 0,000952
рим 2,239527 0,001505
например 1,603538 0,002155
рамка 1,441019 0,000968
türkçe 1,052361 0,000707
bokmål 1,069456 0,000719
текущий 0,867219 0,000583
страна 0,641262 0,000431
инструмент 0,881403 0,001185
случай 0,867219 0,000583
глима 1,762603 0,001185
создать 0,773190 0,000520
такой 0,735450 0,001483
планерный 1,762603 0,001185
cebuano 2,932674 0,001971
한국어 1,035554 0,000696
вод 1,466337 0,000985
синхронный 1,574551 0,001058
начало 0,760451 0,001022
всевобуч 3,743604 0,002516
рука 1,392229 0,000936
проходить 0,867219 0,000583
му 3,743604 0,002516
печать 0,955511 0,001284
русый 1,368699 0,001840
вольная 2,932674 0,011825
широкий 2,038856 0,001370
верховый 4,031286 0,002709
военный 1,664163 0,001118
включать 1,323236 0,001779
пелота 1,728701 0,001162
летний 0,619039 0,002496
мы 0,195425 0,000131
расцвет 3,183989 0,002140
участие 0,457070 0,000922
фонд 0,895792 0,000602
духовная 3,743604 0,002516
крокет 1,728701 0,001162
на 0,023953 0,000402
gymmedia 5,129899 0,003448
олимпиада 0,576022 0,000387
водный 0,723179 0,001458
свежий 0,839439 0,000564
тот 0,393700 0,000265
обсуждение 0,867219 0,001166
magazin 3,520461 0,002366
не 0,099461 0,000201
смягчающий 5,129899 0,003448
трамплин 1,140915 0,000767
наиболее 1,466337 0,000985
from 2,827314 0,001900
titl 0,986764 0,000663
организация 0,663991 0,000446
метание 3,520461 0,002366
но 0,402511 0,000271
товарный 0,986764 0,000663
xix 1,834062 0,002465
история 0,270086 0,000726
uyghurch 2,644992 0,001778
перс 4,436752 0,002982
воин 2,932674 0,001971
почтовый 2,296685 0,016978
внешний 1,104547 0,000742
длить 0,146292 0,000492
категория 0,881403 0,001185
норвежский 1,345709 0,000904
бейсбол 1,416327 0,001904
русская 1,797694 0,001208
спартакиада 2,564949 0,001724
об 0,217244 0,000146
ழ 1,492313 0,001003
ои 0,812411 0,048592
histori 1,762603 0,001185
справка 0,986764 0,000663
бой 1,279751 0,001720
название 1,035554 0,000696
развитие 1,140915 0,001533
мужчина 0,812411 0,001092
всесоюзный 2,644992 0,005333
поиск 0,711058 0,000956
тхэквондо 1,633391 0,001098
переходить 2,185460 0,001469
от 0,160085 0,000108
форум 0,867219 0,000583
исторический 1,762603 0,001185
бегать 3,338139 0,002243
статистика 0,630089 0,000423
бокс 0,534779 0,001078
oldid 0,986764 0,000663
катание 0,514778 0,000346
zazaki 2,239527 0,001505
первое 0,393700 0,000529
как 0,232059 0,000936
все 0,067304 0,000045
лыжа 0,925206 0,001244
википедия 0,986764 0,001326
индийский 3,183989 0,002140
сведение 0,786093 0,001057
условие 0,334108 0,000674
помогать 2,134166 0,001434
по 0,073653 0,000594
inc 0,986764 0,000663
ежегодный 2,564949 0,001724
тарашкевіца 1,198073 0,000805
немой 1,416327 0,000952
рок 1,695912 0,001140
брэ 4,031286 0,002709
древнегреческий 3,520461 0,002366
cymraeg 1,574551 0,001058
изображать 3,520461 0,002366
авторство 0,986764 0,000663
какой 1,002764 0,000674
сообщество 0,910391 0,000612
прикладной 3,520461 0,007098
википедии 0,986764 0,001326
книга 1,911023 0,001284
источник 0,786093 0,001057
термин 1,345709 0,000904
второй 0,576022 0,000387
переть 0,359214 0,000241
