состояться 1,140915 0,000703
ру 1,994404 0,002459
двукратная 3,050457 0,003761
приводить 2,085376 0,001286
новый 0,239550 0,000443
сравняться 3,338139 0,004116
бана 4,436752 0,008206
газета 1,392229 0,002575
лишиться 2,827314 0,001743
вызов 2,357310 0,001453
еще 0,167054 0,000309
теннис 0,475938 0,000880
суви 5,129899 0,003163
услать 2,827314 0,001743
ребенок 1,323236 0,001632
ахмат 1,198073 0,001477
йоханнес 2,085376 0,001286
ставка 0,799165 0,000985
важный 0,986764 0,000608
каспер 4,031286 0,004971
оля 4,436752 0,002735
критиковать 3,338139 0,002058
патрон 3,743604 0,004616
александр 0,839439 0,001553
тв 1,633391 0,001007
а 0,209918 0,000129
клопп 3,743604 0,002308
в 0,017911 0,000640
д 0,895792 0,001105
реклама 0,687247 0,000847
отказаться 1,695912 0,001046
и 0,023953 0,000561
связь 0,747872 0,001383
буря 4,436752 0,002735
майгуров 4,436752 0,002735
к 0,132686 0,000164
устюгов 2,490841 0,009214
н 0,895792 0,001105
о 0,042302 0,000339
п 1,086847 0,001340
с 0,036149 0,000267
сейчас 1,104547 0,000681
она 0,597299 0,001841
у 0,342407 0,000211
серебряный 1,368699 0,000844
минккинен 5,129899 0,003163
авто 0,925206 0,001711
они 0,524729 0,001294
дополнительный 0,940244 0,001159
я 0,747872 0,000461
футбол 0,247097 0,000762
сила 1,279751 0,000789
мир 0,277868 0,000171
весь 1,633391 0,001007
майя 2,421849 0,008959
пройти 0,544931 0,000336
бум 1,911023 0,002356
репортаж 1,633391 0,001007
дело 1,664163 0,001026
стурла 4,031286 0,004971
латыпов 2,564949 0,001581
итальянский 1,633391 0,003021
этап 0,895792 0,006075
проект 0,457070 0,000845
употребление 3,183989 0,003926
время 0,384967 0,001187
негатив 4,436752 0,002735
симон 3,183989 0,003926
возвращать 3,183989 0,007852
австрия 1,871802 0,001154
новгород 1,217876 0,001502
представительница 3,338139 0,002058
антерсельва 4,436752 0,002735
мелбет 1,762603 0,002173
миланя 2,038856 0,002514
ситуация 1,392229 0,000858
победитель 0,799165 0,001478
жюлья 4,436752 0,005471
антерсельве 5,129899 0,003163
одержать 1,217876 0,001502
стартовать 1,633391 0,001007
эмильен 4,031286 0,002485
обсуждать 1,797694 0,001108
италия 0,524729 0,004206
дмитрий 1,258698 0,000776
халиль 4,031286 0,009942
соцсетях 1,466337 0,000904
восемь 1,695912 0,001046
тройка 2,421849 0,001493
россиянин 0,971016 0,001796
зарубежный 1,695912 0,003137
требовать 1,466337 0,000904
показать 0,504926 0,000934
переживать 3,050457 0,001881
победить 0,699082 0,000862
мма 1,069456 0,001978
настойчиво 5,129899 0,003163
бета 1,834062 0,002261
олимпизм 1,466337 0,002712
счет 0,799165 0,000985
олимпийский 0,342407 0,004855
карьер 0,925206 0,000570
читать 0,555188 0,000342
далекий 1,416327 0,000873
корнев 4,031286 0,002485
спортс 1,871802 0,002308
гонка 0,853233 0,007365
один 0,342407 0,000633
командный 1,002764 0,003709
родные 3,338139 0,002058
совет 0,825834 0,001018
чехия 1,258698 0,000776
победительница 2,644992 0,004892
биатлон 0,485508 0,008680
остро 4,436752 0,002735
локомотив 0,839439 0,001035
последний 0,376309 0,000232
сторона 1,069456 0,000659
минута 0,940244 0,003478
немец 2,564949 0,001581
спортсменка 1,664163 0,002052
малышко 5,129899 0,003163
мой 1,368699 0,001688
содружество 1,518981 0,010301
ветла 5,129899 0,003163
некоторые 1,198073 0,000739
фаворит 2,134166 0,001316
дарья 1,951845 0,001203
букмекер 1,140915 0,004924
заявить 1,140915 0,003517
тереть 0,786093 0,000969
лидер 1,258698 0,000776
киркейде 5,129899 0,009488
свидание 4,436752 0,002735
викторий 2,038856 0,001257
технология 0,786093 0,001454
испытание 3,183989 0,003926
среди 0,597299 0,000368
нарушить 2,490841 0,003071
уйти 1,392229 0,000858
дочь 3,338139 0,004116
ванесса 5,129899 0,003163
олимп 1,762603 0,002173
столько 2,564949 0,001581
становиться 1,159607 0,000715
стрельба 1,441019 0,000888
девятилетняя 5,129899 0,006325
результат 0,524729 0,000647
скандал 1,279751 0,001578
особенно 2,038856 0,001257
команда 0,262364 0,000162
большой 0,687247 0,000424
должен 0,597299 0,000368
тасс 1,695912 0,002091
зенит 0,867219 0,002139
секунда 1,633391 0,010070
мартин 2,038856 0,001257
финишировать 2,357310 0,002907
сливко 2,564949 0,006325
домрачев 3,520461 0,004341
provenc 5,129899 0,003163
золото 1,140915 0,007737
стать 0,217244 0,001741
биатлонистка 4,031286 0,019883
акрон 1,279751 0,001578
биатлонистки 3,743604 0,006924
вызывать 2,827314 0,001743
шипулин 3,743604 0,011540
это 0,181139 0,000447
француз 2,239527 0,004142
слово 1,035554 0,001277
норвежец 2,490841 0,004607
рост 0,812411 0,001002
два 0,504926 0,001245
допуск 2,564949 0,001581
прочность 3,520461 0,002170
спортсмен 0,565551 0,001395
биатлонной 4,031286 0,002485
бронза 1,728701 0,002132
новость 0,285712 0,001233
кентен 4,031286 0,004971
его 0,447767 0,000828
тренер 0,555188 0,000685
снежный 3,743604 0,002308
промах 4,436752 0,021883
михаил 1,301257 0,000802
приковать 4,436752 0,002735
la 2,827314 0,001743
только 0,447767 0,001380
жизнь 0,881403 0,001087
раубичах 4,436752 0,002735
марена 5,129899 0,006325
шевченко 3,338139 0,008232
старт 1,035554 0,004469
юрген 3,183989 0,001963
нхл 0,925206 0,001711
mail 1,301257 0,005616
или 0,576022 0,000355
финляндия 1,323236 0,000816
затратить 4,436752 0,002735
турнир 0,293617 0,000905
призер 1,178655 0,000727
фонбет 1,466337 0,001808
память 2,185460 0,001347
допустить 1,546380 0,002860
легрейд 4,031286 0,004971
чаща 1,834062 0,001131
политик 0,224624 0,000415
шведский 2,564949 0,003163
почему 1,122566 0,000692
много 0,735450 0,000453
тренировка 0,895792 0,000552
отреагировать 2,085376 0,001286
белоруссия 2,827314 0,003486
фигурный 0,514778 0,001269
почувствовать 5,129899 0,006325
конфиденциальность 0,293617 0,000543
оренбург 1,301257 0,001605
хейта 5,129899 0,003163
хеттих 5,129899 0,003163
общий 0,986764 0,001217
детский 3,183989 0,001963
сняться 2,564949 0,003163
минск 1,728701 0,001066
смешанный 1,871802 0,001154
первый 0,317714 0,000392
масса 1,911023 0,004713
бьорндален 4,031286 0,004971
преследование 2,732003 0,015159
февраль 0,202645 0,003373
приобрести 2,038856 0,001257
карий 4,031286 0,002485
нестандартный 3,050457 0,001881
германий 0,723179 0,000892
игра 0,112619 0,001250
компания 0,971016 0,001796
статус 1,279751 0,000789
атлет 1,951845 0,002407
стрелец 4,031286 0,002485
главное 0,524729 0,000324
так 0,597299 0,000368
французский 1,052361 0,003244
пята 2,827314 0,001743
рекомендация 1,217876 0,002253
интервью 0,971016 0,000599
где 0,675551 0,000416
больший 0,457070 0,000564
высказаться 1,695912 0,001046
личность 3,338139 0,002058
кто 0,747872 0,000922
фишер 3,338139 0,002058
наградить 3,183989 0,001963
кортина 2,490841 0,003071
дисквалифицировать 2,085376 0,001286
использование 0,277868 0,000514
неделя 1,217876 0,000751
самый 0,608110 0,000375
материал 0,309617 0,000382
рубин 1,198073 0,001477
сообщить 0,447767 0,000552
соревнование 0,411400 0,000507
публика 2,644992 0,001631
быть 0,119263 0,000368
sport 0,760451 0,000469
огнев 4,031286 0,014912
эйнара 5,129899 0,003163
нейтральный 2,185460 0,001347
балтика 1,217876 0,003003
зимний 0,663991 0,001228
перераспределение 5,129899 0,003163
спорт 0,125952 0,002097
ряд 1,198073 0,000739
франция 0,675551 0,000416
хегле 4,031286 0,002485
этот 0,350775 0,000216
борьба 0,723179 0,000446
четыре 0,910391 0,001684
разозлить 4,436752 0,002735
сказать 1,368699 0,001688
сбр 4,436752 0,002735
сборная 0,342407 0,001689
сурнев 5,129899 0,003163
бронзовый 1,345709 0,000830
сбор 1,368699 0,000844
бо 2,185460 0,001347
глава 1,122566 0,000692
многократный 2,421849 0,001493
женский 0,663991 0,000819
бажин 4,031286 0,014912
дать 0,608110 0,000375
снайпер 2,644992 0,001631
кхл 0,760451 0,001407
иск 3,743604 0,002308
фитнес 1,546380 0,002860
немецкий 1,797694 0,001108
аннулировать 2,827314 0,001743
рубеж 2,421849 0,008959
кубок 0,376309 0,002552
во 0,495170 0,000611
разлука 5,129899 0,009488
выступление 0,955511 0,000589
церемония 2,134166 0,001316
уже 0,687247 0,000424
мужской 1,198073 0,003693
чемпионат 0,188256 0,000116
того 0,955511 0,000589
кирилл 1,695912 0,003137
российский 0,224624 0,000831
паря 1,217876 0,001502
проводить 0,910391 0,000561
тихонов 2,932674 0,003616
выиграть 0,485508 0,002694
виток 5,129899 0,003163
крыло 1,238078 0,001527
россия 0,139466 0,000516
перестать 2,644992 0,001631
личной 1,664163 0,001026
турнирный 1,086847 0,001340
сочить 0,853233 0,009995
судебный 3,520461 0,002170
шесть 1,238078 0,000763
свой 0,586604 0,000362
виктор 1,416327 0,000873
вслед 2,564949 0,001581
свое 0,457070 0,000564
рбк 1,797694 0,004433
замкнуть 3,743604 0,002308
гросс 5,129899 0,006325
назвать 0,940244 0,001159
ibu 2,239527 0,002761
без 0,466460 0,000288
казахстан 1,217876 0,002253
дома 1,695912 0,001046
между 0,955511 0,000589
свенсеном 5,129899 0,006325
до 0,239550 0,000148
четвертый 1,695912 0,001046
напомнить 4,031286 0,002485
соотечественник 3,520461 0,002170
кристина 2,296685 0,002832
выступать 0,940244 0,001159
другой 0,188256 0,000464
спринт 1,871802 0,012694
вручить 3,338139 0,002058
вынудить 2,185460 0,001347
оставаться 1,301257 0,000802
перераспределить 4,436752 0,005471
ее 0,723179 0,000446
отдать 1,728701 0,001066
посол 0,301585 0,001116
резцовый 2,421849 0,005972
штрафной 2,038856 0,002514
звучать 3,050457 0,001881
унижать 4,436752 0,002735
vk 1,441019 0,000888
польза 1,834062 0,001131
мото 1,574551 0,002912
нижний 0,955511 0,001178
шипулина 5,129899 0,006325
подавать 3,183989 0,001963
биатлонная 4,031286 0,002485
километр 1,951845 0,007220
что 0,195425 0,001205
биатлонисток 4,436752 0,002735
фийон 3,743604 0,013848
краснодар 0,867219 0,001069
депутат 3,520461 0,002170
отдавать 2,357310 0,002907
править 0,544931 0,000336
за 0,125952 0,001165
отморозить 4,031286 0,002485
отравиться 4,031286 0,002485
рейтинг 0,524729 0,002265
медаль 0,619039 0,006488
вальц 5,129899 0,003163
зачем 2,421849 0,001493
преодолеть 2,357310 0,004360
настоящее 1,368699 0,000844
ампеццо 2,490841 0,003071
если 0,675551 0,000833
статья 0,495170 0,000305
советский 1,140915 0,000703
мокнуть 1,574551 0,000971
фуркада 5,129899 0,003163
бетсити 1,633391 0,002014
пятый 1,574551 0,005824
винлайн 1,834062 0,002261
наталия 5,129899 0,006325
из 0,106018 0,000523
игровой 1,104547 0,002043
еврокубки 1,546380 0,002860
оборот 3,338139 0,002058
строить 2,490841 0,001536
наш 0,652562 0,000402
биатлонист 1,994404 0,019674
ранний 1,492313 0,000920
лиза 3,743604 0,006924
эдуард 2,085376 0,001286
швед 2,134166 0,001316
их 0,799165 0,000985
многие 1,178655 0,000727
беларусь 1,279751 0,002367
близкие 3,183989 0,003926
пострадать 3,050457 0,001881
присудить 3,520461 0,002170
тема 1,104547 0,001362
хоккей 0,285712 0,000881
спартак 0,711058 0,000877
сервис 1,368699 0,000844
вдали 4,436752 0,005471
леона 1,633391 0,002014
эмиль 2,932674 0,001808
уважать 3,520461 0,002170
справедливость 3,338139 0,002058
казань 1,301257 0,000802
гот 2,038856 0,002514
риа 1,466337 0,004520
цска 0,711058 0,000877
актуальный 1,546380 0,000953
бургерами 4,436752 0,002735
год 0,099461 0,000429
министр 2,185460 0,002695
международный 0,466460 0,001150
поступок 3,050457 0,001881
комитет 1,368699 0,000844
матч 0,293617 0,000543
пожаловать 3,183989 0,001963
завоевать 1,035554 0,006384
лыжный 0,675551 0,001249
который 0,325878 0,000804
награда 1,279751 0,001578
волк 2,644992 0,001631
антон 1,695912 0,004182
серебро 1,695912 0,003137
динамо 0,663991 0,001637
следующий 0,853233 0,000526
победа 0,420369 0,000778
допинг 1,871802 0,002308
учиться 3,183989 0,001963
рассказать 1,122566 0,000692
экспресс 1,416327 0,003493
понсилуома 4,436752 0,005471
вот 2,134166 0,001316
сегодня 0,881403 0,000543
страна 0,641262 0,000395
вместо 1,633391 0,001007
президент 1,035554 0,000638
роман 1,797694 0,001108
betteri 1,871802 0,002308
спринтерский 3,183989 0,005889
четырехкратным 5,129899 0,006325
вместе 1,178655 0,000727
рассказывать 2,564949 0,001581
виттоцци 4,436752 0,016412
союз 1,301257 0,003209
арена 1,104547 0,000681
несколько 0,971016 0,000599
чемпионка 1,441019 0,007107
бургеров 5,129899 0,003163
место 0,402511 0,000496
решение 0,839439 0,001553
лига 0,325878 0,001406
свен 4,031286 0,002485
собираться 2,185460 0,005390
евгения 1,178655 0,002180
проходить 0,867219 0,000535
мх 1,728701 0,002132
янина 5,129899 0,003163
отставание 3,183989 0,007852
ради 2,421849 0,001493
недомогание 4,436752 0,010941
мы 0,195425 0,000120
летний 0,619039 0,001145
болельщик 1,086847 0,000670
лишить 2,421849 0,001493
рада 2,644992 0,001631
на 0,023953 0,000679
состав 0,867219 0,000535
водный 0,723179 0,001338
олимпиада 0,576022 0,005682
тот 0,393700 0,000728
не 0,099461 0,000675
календарь 0,675551 0,000833
организация 0,663991 0,000409
ни 1,603538 0,000989
расти 2,564949 0,001581
госдума 3,183989 0,001963
негодование 4,031286 0,002485
золотой 1,002764 0,001855
но 0,402511 0,001737
отказываться 3,520461 0,002170
вызвать 1,797694 0,002217
история 0,270086 0,000666
дегтярев 2,421849 0,001493
таблица 0,711058 0,000877
длить 0,146292 0,000361
совершить 2,134166 0,001316
норвежский 1,345709 0,001659
количество 0,853233 0,001052
норвегия 1,279751 0,000789
об 0,217244 0,000134
фойгт 5,129899 0,003163
ои 0,812411 0,002504
нет 0,825834 0,001018
холм 4,031286 0,002485
он 0,475938 0,000880
семья 2,085376 0,005143
ксения 3,520461 0,002170
чемпион 0,334108 0,000824
от 0,160085 0,000197
предолел 5,129899 0,003163
бокс 0,534779 0,000989
оксандролона 5,129899 0,003163
катание 0,514778 0,001269
bild 5,129899 0,003163
вернуть 1,695912 0,005228
как 0,232059 0,000286
первое 0,393700 0,000243
участник 0,799165 0,001478
внимание 1,695912 0,001046
все 0,067304 0,000332
принимать 0,955511 0,000589
дистанция 1,728701 0,006395
низкий 1,345709 0,000830
алексей 1,140915 0,000703
условие 0,334108 0,000412
родитель 3,338139 0,002058
рикко 5,129899 0,003163
премьер 1,198073 0,003693
pari 1,546380 0,001907
кристиансен 4,436752 0,002735
бьорндалена 4,031286 0,007456
по 0,073653 0,000409
взгляд 2,490841 0,001536
пробежать 3,338139 0,002058
передавать 2,827314 0,001743
жаклен 4,031286 0,002485
занять 1,159607 0,001430
круг 1,392229 0,002575
принять 0,786093 0,000485
очень 1,140915 0,000703
эстафета 1,871802 0,011540
третье 1,035554 0,001277
обратный 1,178655 0,002180
беречь 3,743604 0,002308
второе 0,839439 0,000518
переть 0,359214 0,000443
второй 0,576022 0,000710
