париж 1,392229 0,011699
финал 0,699082 0,002350
нейтральный 2,185460 0,003673
балтика 1,217876 0,008187
испанский 2,185460 0,003673
еще 0,167054 0,000562
спорт 0,125952 0,002964
санкция 2,421849 0,004070
теннис 0,475938 0,002400
выйти 0,773190 0,002599
подопечный 3,183989 0,005351
си 4,031286 0,006775
национальный 0,839439 0,002822
франция 0,675551 0,001135
ахмат 1,198073 0,004027
ставка 0,799165 0,002686
со 0,447767 0,000753
ифань 4,436752 0,007457
сборная 0,342407 0,001726
бронзовый 1,345709 0,002262
парной 2,644992 0,013336
линь 4,031286 0,006775
бадминтонистки 5,129899 0,008622
обыграть 1,122566 0,003773
женский 0,663991 0,001116
в 0,017911 0,000722
яна 1,834062 0,003082
георгий 2,421849 0,004070
реклама 0,687247 0,002310
и 0,023953 0,000564
связь 0,747872 0,003771
известный 0,986764 0,001658
к 0,132686 0,000223
н 0,895792 0,003011
о 0,042302 0,000640
п 1,086847 0,003653
кхл 0,760451 0,003834
пресс 0,895792 0,001506
с 0,036149 0,000243
она 0,597299 0,001004
хуанг 5,129899 0,008622
ru 0,285712 0,000480
фитнес 1,546380 0,007797
серебряный 1,368699 0,002300
китай 1,695912 0,005701
авто 0,925206 0,004665
карп 4,031286 0,027101
я 0,747872 0,001257
выступление 0,955511 0,001606
футбол 0,247097 0,002076
мужской 1,198073 0,004027
китаец 3,050457 0,015380
полуфиналист 2,239527 0,003764
пройти 0,544931 0,000916
чемпионат 0,188256 0,001266
бум 1,911023 0,006424
репортаж 1,633391 0,002745
российский 0,224624 0,000378
паря 1,217876 0,004094
китайский 1,069456 0,007190
выиграть 0,485508 0,004896
проект 0,457070 0,002305
крыло 1,238078 0,004162
время 0,384967 0,001294
россия 0,139466 0,001172
турнирный 1,086847 0,003653
сочить 0,853233 0,002868
новгород 1,217876 0,004094
мелбет 1,762603 0,005925
победитель 0,799165 0,001343
свое 0,457070 0,001536
травмированный 3,743604 0,006292
белорусский 2,296685 0,003860
сергей 1,301257 0,002187
появиться 1,159607 0,001949
казахстан 1,217876 0,006141
италия 0,524729 0,000882
соцсетях 1,466337 0,002464
до 0,239550 0,000403
представитель 1,238078 0,002081
россиянин 0,971016 0,001632
другой 0,188256 0,000949
зарубежный 1,695912 0,008551
пар 1,416327 0,002380
мма 1,069456 0,005392
бета 1,834062 0,006165
олимпизм 1,466337 0,007393
счет 0,799165 0,004029
лондон 1,911023 0,003212
олимпийский 0,342407 0,004604
bwf 4,436752 0,007457
читать 0,555188 0,000933
vk 1,441019 0,002422
далекий 1,416327 0,002380
флаг 0,895792 0,001506
борисов 3,743604 0,006292
мото 1,574551 0,007939
нижний 0,955511 0,003212
одиночный 2,239527 0,011292
председатель 2,038856 0,003427
совет 0,825834 0,004164
чи 4,436752 0,007457
биатлон 0,485508 0,002448
краснодар 0,867219 0,002915
чр 3,050457 0,005127
урок 2,932674 0,004929
локомотив 0,839439 0,002822
рейтинг 0,524729 0,006173
медаль 0,619039 0,001040
япония 1,279751 0,002151
разделить 2,134166 0,003587
спортсменка 1,664163 0,002797
тайбэя 5,129899 0,017243
вить 5,129899 0,008622
никита 1,492313 0,002508
поддержать 2,185460 0,003673
букмекер 1,140915 0,013423
бетсити 1,633391 0,005490
повод 2,239527 0,003764
раменский 2,932674 0,004929
винлайн 1,834062 0,006165
отношение 1,301257 0,002187
из 0,106018 0,000535
игровой 1,104547 0,005569
печенкин 5,129899 0,008622
еврокубки 1,546380 0,007797
всемирный 1,762603 0,011849
технология 0,786093 0,003963
антроп 5,129899 0,008622
артур 1,664163 0,002797
беларусь 1,279751 0,006453
чэнь 4,031286 0,006775
тема 1,104547 0,001856
хоккей 0,285712 0,002401
спартак 0,711058 0,002390
членство 3,183989 0,005351
сервис 1,368699 0,002300
олимп 1,762603 0,005925
леона 1,633391 0,005490
казань 1,301257 0,002187
служба 1,279751 0,002151
риа 1,466337 0,002464
цска 0,711058 0,002390
чжень 5,129899 0,008622
зенит 0,867219 0,005830
актуальный 1,546380 0,002599
год 0,099461 0,000501
хотеть 1,104547 0,001856
андрей 1,258698 0,002115
октябрь 1,019025 0,001713
матч 0,293617 0,000987
золото 1,140915 0,013423
стать 0,217244 0,001095
завоевать 1,035554 0,005221
акрон 1,279751 0,004302
лыжный 0,675551 0,003406
который 0,325878 0,000548
соперница 2,827314 0,004752
награда 1,279751 0,002151
серебро 1,695912 0,002850
динамо 0,663991 0,004464
бадминтонист 4,436752 0,029827
победа 0,420369 0,000707
ли 1,198073 0,002014
малайзия 2,827314 0,004752
рост 0,812411 0,002731
спортсмен 0,565551 0,000951
рассказать 1,122566 0,001887
экспресс 1,416327 0,007141
побеждать 1,951845 0,003280
новость 0,285712 0,001441
betteri 1,871802 0,006292
взять 1,159607 0,001949
кьон 5,129899 0,008622
сентябрь 1,035554 0,001740
полуфинал 1,238078 0,002081
микст 3,183989 0,010702
китаянка 3,183989 0,005351
чемпионка 1,441019 0,002422
бадминтон 1,518981 0,061270
com 0,925206 0,003110
нхл 0,925206 0,004665
mail 1,301257 0,015309
успешный 1,345709 0,002262
лига 0,325878 0,003834
евгения 1,178655 0,001981
необычный 2,827314 0,004752
турнир 0,293617 0,002467
мх 1,728701 0,005811
фонбет 1,466337 0,004929
допустить 1,546380 0,005198
летний 0,619039 0,002081
мы 0,195425 0,000328
на 0,023953 0,000322
водный 0,723179 0,003646
политик 0,224624 0,001133
олимпиада 0,576022 0,004841
календарь 0,675551 0,002271
организация 0,663991 0,001116
аксельсен 5,129899 0,008622
история 0,270086 0,000454
таблица 0,711058 0,002390
апрель 0,986764 0,001658
фигурный 0,514778 0,002596
сиранта 5,129899 0,008622
цзя 5,129899 0,008622
конфиденциальность 0,293617 0,001480
ван 2,296685 0,003860
оренбург 1,301257 0,004374
продлить 2,038856 0,006853
февраль 0,202645 0,000681
разряд 2,490841 0,025118
пьедестал 2,644992 0,004445
бокс 0,534779 0,002696
катание 0,514778 0,002596
игра 0,112619 0,001325
компания 0,971016 0,004896
косецкая 5,129899 0,025865
как 0,232059 0,000390
статус 1,279751 0,002151
все 0,067304 0,000452
условие 0,334108 0,000562
датчанин 3,520461 0,005917
премьер 1,198073 0,010068
так 0,597299 0,001004
pari 1,546380 0,005198
по 0,073653 0,000619
федерация 0,495170 0,004993
рекомендация 1,217876 0,006141
впечатление 2,932674 0,004929
интервью 0,971016 0,001632
думать 2,185460 0,003673
южнокорейский 4,031286 0,006775
подмосковный 2,827314 0,004752
приостановка 4,436752 0,007457
цинчэнь 5,129899 0,008622
использование 0,277868 0,001401
август 1,035554 0,017404
материал 0,309617 0,001041
рубин 1,198073 0,004027
соревнование 0,411400 0,001383
сообщить 0,447767 0,000753
обратный 1,178655 0,005943
физкультура 1,994404 0,003352
