состояться 1,140915 0,002068
париж 1,392229 0,000841
состоять 1,279751 0,000773
финал 0,699082 0,000422
теофимо 5,129899 0,003100
новый 0,239550 0,000145
нокаут 2,827314 0,005125
образ 1,178655 0,000712
пояс 2,564949 0,010849
пакьяо 4,031286 0,004872
лишиться 2,827314 0,003417
еще 0,167054 0,000707
выигрывать 1,728701 0,001045
теннис 0,475938 0,000863
аспект 2,732003 0,001651
выйти 0,773190 0,000467
муртазалиев 5,129899 0,003100
всероссийский 2,085376 0,003780
ахмат 1,198073 0,001448
ставка 0,799165 0,000966
парик 5,129899 0,006199
со 0,447767 0,000271
удар 1,633391 0,000987
йорк 2,239527 0,001353
под 0,723179 0,000437
конго 3,183989 0,003848
предложить 1,441019 0,000871
миллионный 5,129899 0,003100
александр 0,839439 0,002029
проиграть 1,104547 0,001335
готовность 2,932674 0,001772
а 0,209918 0,000507
человек 0,940244 0,000568
дубай 2,185460 0,001321
в 0,017911 0,000758
яна 1,834062 0,001108
украинец 2,827314 0,003417
георгий 2,421849 0,001463
реклама 0,687247 0,000831
фото 0,799165 0,000966
и 0,023953 0,000463
связь 0,747872 0,001356
й 0,825834 0,000499
к 0,132686 0,000160
показывать 1,762603 0,001065
м 0,534779 0,000323
н 0,895792 0,001083
о 0,042302 0,000307
п 1,086847 0,001313
с 0,036149 0,000306
у 0,342407 0,000828
экс 1,994404 0,004820
британец 2,490841 0,007525
определить 1,301257 0,000786
авария 3,520461 0,002127
авто 0,925206 0,001677
они 0,524729 0,000317
ибе 5,129899 0,003100
апперкот 4,031286 0,002436
я 0,747872 0,002259
футбол 0,247097 0,000747
rcc 4,436752 0,002681
отпускать 4,436752 0,002681
мир 0,277868 0,002351
скоростной 2,564949 0,001550
титульный 2,185460 0,001321
искать 2,732003 0,001651
пройти 0,544931 0,003293
врезаться 3,520461 0,002127
коппинджер 5,129899 0,003100
бум 1,911023 0,002309
соцсети 3,183989 0,003848
водитель 3,743604 0,002262
репортаж 1,633391 0,000987
дело 1,664163 0,001006
хабиб 2,296685 0,002775
этап 0,895792 0,000541
индий 2,644992 0,001598
проект 0,457070 0,000829
время 0,384967 0,001396
майк 3,338139 0,008068
весовой 2,932674 0,005316
новгород 1,217876 0,001472
the 1,546380 0,001869
ринг 3,338139 0,004034
reuter 4,031286 0,002436
найтись 4,031286 0,002436
неважно 5,129899 0,003100
мелбет 1,762603 0,002130
ситуация 1,392229 0,000841
x 1,279751 0,001547
одержать 1,217876 0,000736
юновидова 5,129899 0,003100
ариэль 5,129899 0,003100
также 0,663991 0,000401
обсуждать 1,797694 0,001086
италия 0,524729 0,000317
фотография 2,134166 0,002579
прошлый 1,518981 0,001836
дмитрий 1,258698 0,000761
погибнуть 2,421849 0,001463
отклеиться 5,129899 0,003100
соцсетях 1,466337 0,002658
rushmor 5,129899 0,003100
руслан 2,564949 0,003100
написать 2,038856 0,002464
региональный 1,871802 0,001131
пытаться 1,834062 0,001108
грузовик 4,436752 0,002681
находиться 0,925206 0,000559
паркер 3,743604 0,002262
робинсон 4,031286 0,002436
зарубежный 1,695912 0,004099
майка 2,932674 0,003544
окончание 1,546380 0,000934
показать 0,504926 0,000305
победить 0,699082 0,002112
мма 1,069456 0,002585
австралия 1,664163 0,001006
оправдание 5,129899 0,003100
хотя 1,546380 0,000934
судья 1,035554 0,000626
бета 1,834062 0,002216
биволом 4,031286 0,002436
олимпизм 1,466337 0,002658
счет 0,799165 0,000966
олимпийский 0,342407 0,001448
карьер 0,925206 0,003913
тяжеловес 3,520461 0,002127
миллер 3,338139 0,004034
читать 0,555188 0,000335
далекий 1,416327 0,000856
тяжелый 0,940244 0,003409
спортс 1,871802 0,003393
откладываться 4,031286 0,002436
один 0,342407 0,000828
иметь 1,069456 0,000646
председатель 2,038856 0,001232
совет 0,825834 0,002495
расстаться 3,520461 0,002127
мэйуэзер 5,129899 0,003100
посетить 2,421849 0,001463
биатлон 0,485508 0,000880
геннадий 2,421849 0,001463
podcast 5,129899 0,003100
полусредний 3,520461 0,008509
джозеф 3,520461 0,002127
promot 4,031286 0,002436
часть 1,104547 0,001335
локомотив 0,839439 0,001014
последний 0,376309 0,000682
владеть 2,357310 0,001424
завершить 1,052361 0,000636
именитый 4,436752 0,002681
журналист 1,951845 0,001179
мой 1,368699 0,001654
выложить 3,338139 0,002017
часто 1,574551 0,001903
лето 1,911023 0,004619
момент 0,910391 0,000550
раунд 1,546380 0,002803
отобрать 2,732003 0,001651
букмекер 1,140915 0,004826
заявить 1,140915 0,001379
сша 0,586604 0,000709
проводниковый 3,743604 0,004524
потерять 1,951845 0,001179
шугар 4,436752 0,002681
июль 1,019025 0,000616
способный 2,732003 0,001651
одновременно 1,762603 0,001065
всемирный 1,762603 0,005325
технология 0,786093 0,001425
неловкий 5,129899 0,003100
среди 0,597299 0,000361
кабайела 5,129899 0,003100
уйти 1,392229 0,001682
махмудов 4,436752 0,008042
артур 1,664163 0,001006
номер 1,392229 0,003365
делегат 3,338139 0,002017
фабио 2,932674 0,001772
олимп 1,762603 0,002130
нигерия 2,827314 0,001708
становиться 1,159607 0,002102
фьюри 2,357310 0,012819
sky 4,031286 0,002436
официально 1,159607 0,001401
отдельный 0,955511 0,000577
результат 0,524729 0,000951
чемпионский 1,574551 0,000951
претензия 4,031286 0,002436
назначить 1,871802 0,001131
большой 0,687247 0,000831
бастер 5,129899 0,003100
лос 1,518981 0,000918
должен 0,597299 0,000361
биволу 5,129899 0,003100
довольный 1,994404 0,001205
тасс 1,695912 0,001025
вакантный 4,436752 0,002681
возвращение 1,466337 0,000886
оживить 4,031286 0,002436
спенсом 5,129899 0,009299
конечно 2,932674 0,001772
зенит 0,867219 0,002096
промежуточный 2,827314 0,001708
получать 1,301257 0,000786
раундовом 5,129899 0,003100
джарелл 5,129899 0,003100
бенн 5,129899 0,003100
внедорожник 5,129899 0,003100
золото 1,140915 0,000689
стать 0,217244 0,000263
акрон 1,279751 0,001547
бетербиев 2,421849 0,004390
совместный 2,564949 0,004649
нокаутировать 3,743604 0,004524
вызывать 2,827314 0,001708
провести 0,799165 0,006277
это 0,181139 0,001094
большинство 1,466337 0,001772
подкасте 4,031286 0,002436
украинский 1,797694 0,003259
рост 0,812411 0,001473
американец 2,134166 0,002579
два 0,504926 0,000305
cnn 3,743604 0,002262
спортсмен 0,565551 0,001367
ko 3,183989 0,001924
флойда 4,436752 0,002681
кон 3,743604 0,002262
новость 0,285712 0,000863
дэйна 4,436752 0,005362
хотспур 3,338139 0,004034
стоить 1,546380 0,000934
kz 5,129899 0,006199
его 0,447767 0,000541
тренер 0,555188 0,000335
жизнь 0,881403 0,003195
только 0,447767 0,000271
сфотографироваться 4,436752 0,002681
вартан 4,031286 0,002436
тестостерон 5,129899 0,003100
китаянка 3,183989 0,001924
арсланбек 5,129899 0,009299
нхл 0,925206 0,001677
mail 1,301257 0,010221
анджелес 1,492313 0,000902
целый 1,492313 0,000902
турнир 0,293617 0,000710
потому 2,085376 0,001260
фонбет 1,466337 0,001772
шестой 2,357310 0,001424
аравия 1,834062 0,002216
стадион 1,518981 0,002753
политик 0,224624 0,000407
разбогатеть 4,436752 0,002681
уход 1,834062 0,002216
лопеса 5,129899 0,003100
много 0,735450 0,000444
когда 0,652562 0,000789
учитывать 3,050457 0,001843
фигурный 0,514778 0,001244
цзю 4,436752 0,013404
конфиденциальность 0,293617 0,000532
мейвезера 3,743604 0,002262
оренбург 1,301257 0,001573
агит 5,129899 0,003100
продолжать 1,258698 0,000761
состояние 1,301257 0,000786
великое 2,421849 0,001463
обязательный 1,695912 0,001025
февраль 0,202645 0,003306
опубликовать 1,762603 0,001065
box 3,050457 0,001843
игра 0,112619 0,000272
компания 0,971016 0,001760
атлет 1,951845 0,002359
переход 1,323236 0,000800
сохранять 2,564949 0,001550
против 0,747872 0,002711
так 0,597299 0,000361
нурмагомедовым 5,129899 0,003100
рэй 3,520461 0,002127
главное 0,524729 0,000317
титул 1,301257 0,004718
исчезать 3,743604 0,002262
иногда 1,951845 0,001179
ставить 2,296685 0,001388
усик 2,296685 0,012490
федерация 0,495170 0,000299
рекомендация 1,217876 0,002208
голова 1,301257 0,000786
интервью 0,971016 0,000587
где 0,675551 0,000408
срок 1,546380 0,000934
наверное 3,520461 0,002127
личность 3,338139 0,002017
высказаться 1,695912 0,001025
кто 0,747872 0,002711
поединок 2,085376 0,013861
иман 5,129899 0,006199
использование 0,277868 0,000504
материал 0,309617 0,000374
рубин 1,198073 0,001448
сообщить 0,447767 0,000541
соревнование 0,411400 0,000497
быть 0,119263 0,000721
sport 0,760451 0,002297
вегасе 3,520461 0,004254
потерпеть 2,038856 0,001232
ring 3,520461 0,002127
терять 2,185460 0,001321
есть 0,812411 0,000982
балтика 1,217876 0,002944
линия 1,466337 0,000886
спорт 0,125952 0,001903
страница 0,910391 0,000550
аш 5,129899 0,003100
мочь 0,350775 0,000212
флойд 4,436752 0,008042
турок 2,932674 0,001772
этот 0,350775 0,000424
функционер 2,644992 0,001598
шоу 1,441019 0,000871
неизвестно 3,743604 0,002262
сам 0,747872 0,000452
четыре 0,910391 0,001100
спора 2,932674 0,001772
сказать 1,368699 0,000827
казахстанский 2,296685 0,001388
сборная 0,342407 0,000621
развлеченье 3,743604 0,002262
друг 1,518981 0,000918
глава 1,122566 0,000678
мэйуэзера 5,129899 0,003100
кингсли 5,129899 0,003100
непобежденный 3,183989 0,001924
келли 4,031286 0,004872
уайт 3,520461 0,006381
известный 0,986764 0,001192
кхл 0,760451 0,001378
действовать 0,825834 0,000499
возможный 1,392229 0,000841
фитнес 1,546380 0,002803
зарабатывать 2,644992 0,001598
смочь 1,069456 0,001292
хельвани 5,129899 0,003100
легенда 1,416327 0,000856
спортивный 0,301585 0,000364
во 0,495170 0,001496
третий 1,238078 0,001496
вес 2,038856 0,014783
готовый 1,994404 0,001205
челябинск 2,239527 0,001353
выступление 0,955511 0,000577
драться 2,827314 0,003417
уордли 5,129899 0,006199
вернуться 0,986764 0,001192
махмуд 5,129899 0,003100
головкин 4,436752 0,002681
раз 0,485508 0,001173
чемпионат 0,188256 0,000114
смертельный 3,338139 0,002017
дюбуа 3,183989 0,005772
доказать 2,644992 0,001598
российский 0,224624 0,000814
лопесом 5,129899 0,003100
паря 1,217876 0,001472
шакур 5,129899 0,009299
просто 1,492313 0,000902
крыло 1,238078 0,001496
приехать 2,134166 0,001290
версия 0,393700 0,000952
iba 3,520461 0,002127
джошуа 2,357310 0,008546
тест 1,546380 0,002803
ibf 4,436752 0,002681
отнять 3,520461 0,002127
смотреть 1,368699 0,001654
турнирный 1,086847 0,001313
сочить 0,853233 0,001031
рано 3,050457 0,001843
эрролом 5,129899 0,003100
нью 2,185460 0,001321
свой 0,586604 0,001063
обычно 1,695912 0,001025
свое 0,457070 0,000552
рбк 1,797694 0,001086
встретиться 1,728701 0,002089
январь 0,786093 0,000475
назвать 0,940244 0,001136
гостья 5,129899 0,003100
проведение 1,104547 0,000667
формировать 3,183989 0,001924
казахстан 1,217876 0,002208
бахрам 5,129899 0,003100
перед 0,839439 0,001014
между 0,955511 0,000577
американский 0,910391 0,001650
до 0,239550 0,000724
четвертый 1,695912 0,001025
великий 2,239527 0,004060
др 2,490841 0,003010
соотечественник 3,520461 0,008509
правый 0,971016 0,000587
представитель 1,238078 0,000748
выступать 0,940244 0,000568
выставочный 3,520461 0,004254
другой 0,188256 0,000683
австралийский 1,633391 0,000987
работа 1,086847 0,000657
вовремя 3,743604 0,002262
иначе 1,834062 0,002216
пока 1,159607 0,000701
посол 0,301585 0,002369
нередко 2,827314 0,001708
клуб 0,652562 0,000789
vi 2,732003 0,001651
vk 1,441019 0,000871
саудовский 1,834062 0,002216
ассоциация 1,416327 0,001712
причина 1,368699 0,000827
возвращаться 1,871802 0,001131
трасса 2,134166 0,001290
джошу 5,129899 0,003100
мото 1,574551 0,002854
нижний 0,955511 0,001155
бриджервейт 5,129899 0,003100
главый 3,050457 0,001843
доход 2,239527 0,004060
поражение 1,122566 0,002035
что 0,195425 0,000827
ультиматум 4,436752 0,005362
апсетов 5,129899 0,003100
эксперт 2,134166 0,001290
краснодар 0,867219 0,001048
тим 3,520461 0,006381
мэнни 4,031286 0,004872
бизнес 2,296685 0,002775
за 0,125952 0,000457
тоттенхэма 4,436752 0,005362
шейх 4,031286 0,002436
lexus 5,129899 0,003100
тоттенхэм 3,050457 0,003686
рейтинг 0,524729 0,002219
форма 1,086847 0,000657
согласиться 2,357310 0,001424
призовой 1,951845 0,001179
бивол 2,421849 0,001463
энтони 2,038856 0,002464
мероприятие 1,762603 0,002130
заканчиваться 2,421849 0,001463
выдвинуть 3,520461 0,004254
зависеть 2,185460 0,001321
tokyo 3,338139 0,002017
левый 1,871802 0,001131
получаться 2,732003 0,001651
великобритания 1,664163 0,003017
дагестан 3,183989 0,001924
wba 4,031286 0,007307
верить 2,296685 0,001388
wbc 4,436752 0,018766
бетсити 1,633391 0,001974
токио 2,296685 0,001388
пятый 1,574551 0,001903
винлайн 1,834062 0,002216
из 0,106018 0,000512
временной 2,732003 0,001651
игровой 1,104547 0,002002
еврокубки 1,546380 0,002803
wbo 4,436752 0,016085
трилогия 4,031286 0,004872
серьезный 1,633391 0,000987
многий 2,296685 0,001388
нба 1,546380 0,000934
их 0,799165 0,000483
многие 1,178655 0,000712
беларусь 1,279751 0,002320
над 0,986764 0,000596
близкие 3,183989 0,001924
тайсон 2,421849 0,010243
регламент 1,911023 0,001155
тема 1,104547 0,000667
хоккей 0,285712 0,000863
спартак 0,711058 0,000859
сервис 1,368699 0,000827
оказаться 1,441019 0,002612
боксер 2,932674 0,042528
предъявить 3,743604 0,002262
леона 1,633391 0,001974
сделать 0,853233 0,000516
казань 1,301257 0,000786
лондонский 2,644992 0,001598
марадона 4,031286 0,002436
гот 2,038856 0,002464
риа 1,466337 0,002658
технический 1,416327 0,000856
дэниел 3,743604 0,004524
цска 0,711058 0,000859
актуальный 1,546380 0,000934
стоять 3,520461 0,002127
гендерный 5,129899 0,009299
год 0,099461 0,000721
кг 2,185460 0,003962
защитить 1,633391 0,000987
стивенсон 4,436752 0,010723
контракт 1,258698 0,000761
международный 0,466460 0,000282
матч 0,293617 0,000355
октябрь 1,019025 0,000616
завоевать 1,035554 0,001877
младший 1,911023 0,001155
управление 2,239527 0,001353
потеря 2,239527 0,001353
решить 1,392229 0,000841
мая 0,986764 0,001192
лыжный 0,675551 0,001225
двое 2,296685 0,001388
dome 4,436752 0,002681
который 0,325878 0,001181
поэтому 1,392229 0,000841
футбольный 1,345709 0,001626
участок 2,827314 0,001708
динамо 0,663991 0,001605
следующий 0,853233 0,000516
рамка 1,441019 0,000871
объявлять 2,932674 0,001772
сослаться 4,031286 0,002436
победа 0,420369 0,000254
спад 2,732003 0,001651
привести 1,466337 0,000886
вещь 3,338139 0,004034
дтп 4,031286 0,002436
предстоящий 2,239527 0,001353
рассказать 1,122566 0,000678
аплодисменты 4,031286 0,002436
сегодня 0,881403 0,000533
супертяжелый 4,031286 0,002436
повышенный 3,743604 0,002262
пропустить 1,122566 0,001357
betteri 1,871802 0,002262
сми 1,546380 0,000934
загитов 2,357310 0,004273
деть 0,619039 0,000374
лю 3,338139 0,002017
конор 2,421849 0,001463
арена 1,104547 0,001335
несколько 0,971016 0,001760
чемпионка 1,441019 0,002612
хайпа 5,129899 0,006199
место 0,402511 0,000486
решение 0,839439 0,002029
лига 0,325878 0,001378
никакой 2,085376 0,002520
арутюнян 3,743604 0,002262
накануне 3,183989 0,001924
мх 1,728701 0,002089
титуловать 2,134166 0,001290
мы 0,195425 0,000118
летний 0,619039 0,001496
болельщик 1,086847 0,000657
участие 0,457070 0,000552
пик 2,932674 0,001772
лишить 2,421849 0,001463
рада 2,644992 0,003196
на 0,023953 0,000275
водный 0,723179 0,001311
махачев 2,134166 0,001290
олимпиада 0,576022 0,000696
тот 0,393700 0,001427
не 0,099461 0,000721
календарь 0,675551 0,000816
организация 0,663991 0,001204
ни 1,603538 0,000969
десять 1,797694 0,001086
но 0,402511 0,000486
поздний 1,323236 0,000800
писать 2,644992 0,001598
привычный 3,050457 0,003686
история 0,270086 0,000979
алин 2,296685 0,001388
апрель 0,986764 0,003577
таблица 0,711058 0,000859
категория 0,881403 0,001598
длить 0,146292 0,000177
дуглас 3,183989 0,003848
шокировать 3,050457 0,001843
тайсона 3,743604 0,011310
начинать 1,140915 0,000689
трибун 1,603538 0,000969
аль 2,644992 0,001598
об 0,217244 0,000394
уровень 1,086847 0,001970
аля 2,827314 0,001708
финансовый 1,911023 0,001155
vesti 3,743604 0,004524
мухаммед 3,520461 0,002127
бой 1,279751 0,015465
он 0,475938 0,000863
завершение 1,695912 0,003074
провеления 5,129899 0,003100
чемпион 0,334108 0,004038
даже 1,198073 0,000724
от 0,160085 0,000290
джеймс 1,911023 0,002309
поделиться 2,357310 0,001424
форум 0,867219 0,002096
боксерский 3,520461 0,019144
бокс 0,534779 0,010340
катание 0,514778 0,001244
мейвезер 4,031286 0,004872
инсайдер 4,031286 0,002436
пассажир 4,031286 0,002436
хелиф 5,129899 0,012399
первое 0,393700 0,001427
как 0,232059 0,000421
все 0,067304 0,000285
ласа 3,338139 0,004034
условие 0,334108 0,000404
рекламный 2,185460 0,001321
премьер 1,198073 0,003620
объявить 1,492313 0,000902
pari 1,546380 0,001869
по 0,073653 0,000579
взгляд 2,490841 0,001505
передавать 2,827314 0,001708
информация 0,608110 0,000735
травма 1,122566 0,000678
легкое 2,732003 0,001651
круг 1,392229 0,001682
принять 0,786093 0,000475
сообщать 1,951845 0,004717
постановить 3,743604 0,002262
очень 1,140915 0,001379
ufc 1,441019 0,000871
миллион 1,392229 0,000841
высокий 0,760451 0,000459
обратный 1,178655 0,002137
второе 0,839439 0,000507
произойти 1,178655 0,000712
тайсоном 5,129899 0,003100
источник 0,786093 0,000950
второй 0,576022 0,000348
