метро 3,520461 0,002810
двукратная 3,050457 0,002435
финал 0,699082 0,001116
новый 0,239550 0,000956
день 0,699082 0,003348
еще 0,167054 0,000267
теннис 0,475938 0,002659
выйти 0,773190 0,001234
марафон 2,490841 0,003976
физический 1,392229 0,001111
обзор 1,911023 0,006101
ахмат 1,198073 0,001912
северо 3,183989 0,002541
ставка 0,799165 0,001913
ланской 5,129899 0,004094
прервать 1,762603 0,002813
со 0,447767 0,000357
центр 0,773190 0,001851
петербург 1,345709 0,008592
вратарь 1,323236 0,002112
чуть 2,357310 0,005644
обидчик 5,129899 0,004094
мали 2,644992 0,004222
проиграть 1,104547 0,001763
leonфрибет 4,436752 0,003541
семака 3,743604 0,002988
в 0,017911 0,000429
г 0,925206 0,000738
немного 2,038856 0,001627
реклама 0,687247 0,001097
реформировать 3,743604 0,005975
отказаться 1,695912 0,001353
и 0,023953 0,000344
к 0,132686 0,000212
winlin 2,564949 0,010235
о 0,042302 0,000405
латыш 4,031286 0,003217
санкт 1,279751 0,005107
с 0,036149 0,000519
коэффициент 2,490841 0,001988
четвертьфинал 1,279751 0,002043
средство 1,664163 0,001328
у 0,342407 0,001913
оперный 5,129899 0,004094
olimpbet 3,050457 0,004869
скачать 0,895792 0,000715
они 0,524729 0,000419
сезон 0,723179 0,000577
я 0,747872 0,002387
футбол 0,247097 0,003747
букмекерские 3,520461 0,016858
мир 0,277868 0,000222
мбалтбетлеонлига 4,436752 0,021245
атлетика 0,955511 0,000763
запад 2,085376 0,001664
пройти 0,544931 0,000435
ул 2,732003 0,002180
успеть 3,050457 0,002435
шаг 2,038856 0,001627
букмекерских 4,031286 0,006435
дуран 3,338139 0,002664
конец 1,035554 0,001653
m 2,296685 0,003666
внутренний 2,038856 0,001627
ринг 3,338139 0,002664
боев 2,932674 0,002341
мощный 2,038856 0,001627
мелбет 1,762603 0,001407
фк 1,951845 0,001558
главный 0,565551 0,001805
проблема 1,122566 0,000896
миланя 2,038856 0,001627
фс 2,085376 0,001664
город 1,069456 0,000854
псж 1,518981 0,001212
isu 1,603538 0,001280
ленинградец 3,338139 0,002664
bet 3,338139 0,005328
россиянин 0,971016 0,000775
территория 1,518981 0,004849
сидеть 2,421849 0,001933
выступить 1,238078 0,000988
победить 0,699082 0,002232
заняться 3,743604 0,002988
info 1,951845 0,003115
австралия 1,664163 0,001328
овертайме 2,038856 0,003254
юлаев 2,185460 0,001744
задача 1,546380 0,001234
судья 1,035554 0,000826
приговор 4,436752 0,003541
фрибет 4,031286 0,012869
бета 1,834062 0,001464
марафонфрибет 4,436752 0,003541
мариинский 4,436752 0,003541
размещение 2,296685 0,001833
вендел 2,490841 0,003976
вспоминать 2,827314 0,002256
тюкавин 4,031286 0,006435
дзюдо 1,466337 0,001170
кобзарь 5,129899 0,004094
купить 1,994404 0,001592
оценка 1,797694 0,001435
волейбол 0,955511 0,000763
esport 3,520461 0,002810
чехия 1,258698 0,002009
лайв 4,031286 0,006435
кит 3,183989 0,002541
чм 1,492313 0,001191
rate 3,743604 0,002988
геннадий 2,421849 0,001933
жар 3,183989 0,002541
воспитанник 2,239527 0,003575
жесткий 1,728701 0,001380
учредитель 1,994404 0,001592
локомотив 0,839439 0,000670
погаснуть 5,129899 0,004094
последний 0,376309 0,000300
класс 1,728701 0,001380
sportsdaili 3,520461 0,008429
ссылка 0,699082 0,000558
рыбакина 3,338139 0,002664
лето 1,911023 0,003050
букмекер 1,140915 0,012748
тереть 0,786093 0,000627
балтбетфрибет 4,436752 0,003541
потерять 1,951845 0,001558
основа 1,301257 0,001039
балтбет 4,031286 0,006435
бонус 2,490841 0,005964
опасаться 3,520461 0,002810
викторий 2,038856 0,001627
олимпобзор 4,436752 0,003541
зенитобзор 4,436752 0,003541
швейцария 1,258698 0,002009
остаться 1,301257 0,001039
катаниебаскетболтеннис 4,436752 0,003541
хоккейный 1,416327 0,005652
эксклюзивы 2,732003 0,004361
совпадать 2,732003 0,002180
уволить 2,421849 0,003866
эксклюзив 2,357310 0,009407
леонобзор 4,436752 0,003541
номер 1,392229 0,001111
зрение 2,296685 0,003666
секуличе 5,129899 0,004094
москва 0,576022 0,000460
серый 2,932674 0,002341
наставник 2,827314 0,002256
администрация 3,183989 0,007623
мобильный 0,555188 0,000886
значимый 2,644992 0,002111
io 3,520461 0,011239
опыт 1,834062 0,001464
назначить 1,871802 0,001494
leon 3,183989 0,005082
офф 1,019025 0,003253
odd 3,520461 0,002810
поставить 1,633391 0,001304
должен 0,597299 0,000477
очко 1,416327 0,001130
ставокфрибет 4,436752 0,003541
зенит 0,867219 0,015227
нападать 1,518981 0,004849
единый 1,104547 0,000882
хотеть 1,104547 0,001763
подготовка 1,178655 0,001881
перейти 0,586604 0,000936
betboomфрибет 4,436752 0,003541
турбостроитель 4,031286 0,003217
стать 0,217244 0,000347
winlineфрибет 4,436752 0,003541
работать 1,518981 0,001212
станция 3,338139 0,002664
агент 2,357310 0,003763
топовый 3,050457 0,004869
соболев 3,050457 0,002435
андреев 2,134166 0,001703
чайковский 4,031286 0,003217
видение 4,031286 0,006435
это 0,181139 0,000289
спецпроект 1,994404 0,001592
массовый 1,466337 0,001170
два 0,504926 0,000403
спортсмен 0,565551 0,000451
ветеран 1,994404 0,001592
max 4,031286 0,003217
новость 0,285712 0,002280
синий 1,834062 0,002927
привлекать 2,564949 0,002047
летфрибет 4,436752 0,003541
стоить 1,546380 0,001234
мобзор 4,436752 0,003541
его 0,447767 0,000715
тренер 0,555188 0,003102
только 0,447767 0,000715
продвигать 5,129899 0,004094
головин 1,695912 0,001353
войти 0,608110 0,000485
улица 3,050457 0,002435
финляндия 1,323236 0,002112
роднина 3,183989 0,002541
винлайнпариолимпбетбуммарафонмелбетбет 4,436752 0,021245
турнир 0,293617 0,000937
эл 2,134166 0,001703
сафонов 2,185460 0,001744
пригласить 1,834062 0,001464
политик 0,224624 0,000179
регистрация 1,871802 0,002988
северсталь 2,038856 0,006509
репутация 2,827314 0,006769
федоровский 5,129899 0,004094
почему 1,122566 0,002688
хороший 0,393700 0,001257
выбить 2,732003 0,002180
тренировка 0,895792 0,000715
красный 1,069456 0,000854
когда 0,652562 0,000521
играть 0,895792 0,001430
дунайский 5,129899 0,004094
фигурный 0,514778 0,003287
программа 0,799165 0,000638
конфиденциальность 0,293617 0,000234
сцена 3,050457 0,002435
трансферный 2,421849 0,003866
защитник 1,217876 0,001944
медиа 1,834062 0,001464
фигурист 3,050457 0,002435
первый 0,317714 0,000254
соболенко 2,357310 0,003763
пять 1,140915 0,001821
итог 0,867219 0,000692
прогадать 4,436752 0,003541
обязательный 1,695912 0,001353
рыбакиной 4,436752 0,003541
одноклубник 3,183989 0,002541
объединять 2,239527 0,001787
никто 1,574551 0,002513
деятельность 1,546380 0,001234
игра 0,112619 0,000270
ставокзенит 4,436752 0,021245
мощь 3,183989 0,002541
против 0,747872 0,001791
контора 3,183989 0,020329
главное 0,524729 0,001256
там 1,603538 0,001280
титул 1,301257 0,001039
рплфигурное 4,436752 0,003541
федерация 0,495170 0,000395
салават 2,085376 0,001664
хлусевич 3,183989 0,005082
интервью 0,971016 0,000775
больший 0,457070 0,000365
где 0,675551 0,002157
марафонобзор 4,436752 0,003541
высказаться 1,695912 0,002707
кто 0,747872 0,001791
издание 1,574551 0,001257
тбш 3,743604 0,002988
сетевой 2,038856 0,001627
использование 0,277868 0,000222
betboom 3,338139 0,002664
трикселя 4,436752 0,003541
балтбетобзор 4,436752 0,003541
материал 0,309617 0,005189
букмекеровнадежные 4,436752 0,003541
быть 0,119263 0,000666
общественный 2,038856 0,001627
аналитик 2,038856 0,001627
тутберидзе 2,085376 0,001664
melbet 4,436752 0,003541
точка 1,762603 0,002813
винлайнобзор 4,436752 0,003541
терять 2,185460 0,001744
дняолимпиада 4,436752 0,003541
отомстить 4,436752 0,003541
конкуренция 2,038856 0,003254
зимний 0,663991 0,001060
роль 1,695912 0,001353
сфера 2,038856 0,003254
спорт 0,125952 0,001709
ледовый 1,994404 0,001592
ряд 1,198073 0,000956
опозориться 3,743604 0,005975
помешать 2,239527 0,001787
androidприложение 4,436752 0,035409
месяц 1,492313 0,001191
мочь 0,350775 0,000840
набрать 1,368699 0,001092
аренда 1,728701 0,002759
остановить 1,994404 0,001592
приложение 1,574551 0,012566
сборная 0,342407 0,001640
winlineпрогноз 4,436752 0,003541
бк 3,183989 0,005082
джокович 2,421849 0,001933
сбор 1,368699 0,002185
голубой 2,490841 0,003976
тайм 1,633391 0,001304
правило 0,986764 0,000788
рекордный 2,038856 0,001627
народ 2,564949 0,002047
джордж 1,994404 0,001592
бц 4,436752 0,003541
meta 3,743604 0,002988
бы 1,052361 0,000840
можно 1,002764 0,000800
взаимодействие 2,490841 0,001988
пресс 0,895792 0,000715
призвать 2,085376 0,001664
кхл 0,760451 0,000607
энрике 3,520461 0,002810
ru 0,285712 0,000912
рецензируются 4,436752 0,003541
эксклюзивный 2,564949 0,002047
сквер 3,520461 0,002810
спортивный 0,301585 0,000722
пользовательский 2,185460 0,001744
кикбоксинг 3,743604 0,002988
прогноз 1,994404 0,003183
бетбумобзор 4,436752 0,003541
известно 1,871802 0,001494
мужской 1,198073 0,000956
аделий 1,871802 0,001494
оставить 2,185460 0,005233
российский 0,224624 0,000538
email 3,520461 0,002810
паспорт 3,050457 0,004869
проводить 0,910391 0,000727
цель 1,238078 0,001976
приветственный 4,031286 0,003217
необходимо 1,994404 0,003183
выставить 3,183989 0,002541
фотовыставка 5,129899 0,004094
трактор 1,994404 0,001592
узнать 2,134166 0,001703
россия 0,139466 0,001002
смотреть 1,368699 0,002185
тег 2,421849 0,003866
тьен 4,436752 0,003541
свое 0,457070 0,002189
стельп 4,436752 0,003541
разгромить 1,728701 0,001380
плей 1,002764 0,002401
open 1,834062 0,004391
без 0,466460 0,001861
сайт 0,411400 0,000328
жидков 4,436752 0,003541
американский 0,910391 0,000727
откровение 3,520461 0,005619
до 0,239550 0,000382
заблокировать 2,827314 0,002256
ooo 4,436752 0,007082
туризм 3,183989 0,002541
выступать 0,940244 0,000750
мирра 2,239527 0,001787
хайруллин 4,031286 0,006435
эмоция 2,357310 0,001881
наказать 2,421849 0,001933
ее 0,723179 0,000577
газпром 2,732003 0,002180
театр 3,743604 0,002988
телефон 1,911023 0,001525
баскетбольный 2,564949 0,002047
редакция 0,940244 0,002251
посол 0,301585 0,000481
баскетбол 0,723179 0,005772
дебют 2,239527 0,001787
клуб 0,652562 0,003125
факт 1,797694 0,001435
ахметов 3,050457 0,002435
петербуржец 3,338139 0,002664
автор 1,466337 0,001170
короткий 0,699082 0,000558
возвращаться 1,871802 0,001494
mma 2,038856 0,001627
android 2,185460 0,008721
подтвердить 1,762603 0,002813
мастер 1,518981 0,001212
поражение 1,122566 0,001792
регулярки 4,031286 0,003217
верификация 4,436752 0,003541
что 0,195425 0,000312
краснодар 0,867219 0,001384
за 0,125952 0,001206
радоньиче 5,129899 0,004094
канада 0,867219 0,002076
дураном 4,436752 0,003541
рейтинг 0,524729 0,002094
медаль 0,619039 0,000494
взойти 4,436752 0,003541
лавка 3,743604 0,002988
сыграть 0,839439 0,000670
культура 1,392229 0,001111
роскомнадзором 3,520461 0,002810
мероприятие 1,762603 0,001407
пространство 2,932674 0,002341
фрибетами 4,436752 0,007082
статья 0,495170 0,000790
советский 1,140915 0,000911
захотеть 3,050457 0,004869
пятый 1,574551 0,001257
медведев 1,633391 0,002607
петросян 1,441019 0,003450
из 0,106018 0,000338
музыка 2,357310 0,001881
мяч 0,735450 0,000587
роналду 1,911023 0,001525
наш 0,652562 0,000521
редактор 1,871802 0,001494
днем 2,827314 0,015795
граница 2,185460 0,001744
буллитам 2,732003 0,004361
париобзор 4,436752 0,003541
монако 1,994404 0,001592
футболтрансферы 4,436752 0,003541
хоккей 0,285712 0,004104
спартак 0,711058 0,001135
объяснить 1,633391 0,001304
дишковского 5,129899 0,008188
около 1,518981 0,001212
ска 1,279751 0,009192
спортафутболхоккейфигурное 4,436752 0,003541
androidлучшие 4,436752 0,003541
телеграм 3,050457 0,002435
серия 0,586604 0,000936
право 2,239527 0,003575
белый 1,574551 0,002513
цска 0,711058 0,001135
тамбиева 4,436752 0,010623
будущее 1,664163 0,002656
год 0,099461 0,000318
двор 3,743604 0,002988
контракт 1,258698 0,001005
кузнецов 2,239527 0,001787
международный 0,466460 0,000372
комитет 1,368699 0,003277
матч 0,293617 0,001406
мессенджер 4,436752 0,003541
соперник 0,853233 0,000681
australian 2,185460 0,005233
искусство 2,296685 0,001833
легкий 0,895792 0,000715
футбольный 1,345709 0,003222
гостиный 5,129899 0,004094
тренажерный 4,436752 0,003541
регистрациюбукмекеры 4,436752 0,003541
верификациибукмекеры 4,436752 0,003541
родной 2,732003 0,002180
победа 0,420369 0,001006
ли 1,198073 0,002868
расклад 2,732003 0,002180
россиирейтинг 4,436752 0,003541
катаниехоккей 4,436752 0,003541
страна 0,641262 0,000512
пропустить 1,122566 0,000896
сми 1,546380 0,003702
iosприложение 4,436752 0,028327
деть 0,619039 0,004446
полуфинал 1,238078 0,001976
жить 2,296685 0,001833
арена 1,104547 0,000882
союз 1,301257 0,001039
надежный 3,183989 0,002541
чемпионка 1,441019 0,001150
иван 1,603538 0,001280
место 0,402511 0,000642
начало 0,760451 0,000607
никакой 2,085376 0,003329
лига 0,325878 0,002081
евгения 1,178655 0,000941
заиграть 3,520461 0,002810
печать 0,955511 0,000763
рентген 4,031286 0,003217
опоздание 2,932674 0,004681
мы 0,195425 0,000624
топ 1,238078 0,001976
на 0,023953 0,000841
олимпиада 0,576022 0,005057
кряду 3,743604 0,005975
не 0,099461 0,001032
рыжов 4,436752 0,010623
товарищеский 1,994404 0,004775
организация 0,663991 0,000530
соглашение 1,466337 0,001170
премия 2,357310 0,001881
но 0,402511 0,001927
ставкамибукмекеры 4,436752 0,003541
прокомментировать 2,085376 0,003329
апрель 0,986764 0,000788
звезда 1,035554 0,000826
уроженка 4,436752 0,003541
держава 3,743604 0,002988
нет 0,825834 0,000659
ставокобзор 4,436752 0,003541
он 0,475938 0,000380
развитие 1,140915 0,000911
чемпион 0,334108 0,001067
площадка 1,574551 0,001257
от 0,160085 0,001022
pariфрибет 4,436752 0,003541
форум 0,867219 0,001384
коэффициентамибукмекеры 4,436752 0,003541
трофей 1,871802 0,001494
бокс 0,534779 0,000427
сдзд 4,436752 0,010623
катание 0,514778 0,003287
попробовать 2,564949 0,002047
как 0,232059 0,000556
первое 0,393700 0,000314
все 0,067304 0,001397
алькарас 2,134166 0,001703
голевой 2,827314 0,002256
pari 1,546380 0,002468
по 0,073653 0,000411
вечеря 4,436752 0,003541
сюжет 3,050457 0,002435
информация 0,608110 0,000485
талант 2,644992 0,002111
букмекерыбукмекеры 4,436752 0,003541
демон 4,436752 0,003541
наверх 4,031286 0,003217
втб 1,834062 0,001464
партнер 1,159607 0,000925
высокий 0,760451 0,001214
семейный 3,183989 0,005082
переть 0,359214 0,000287
