состояться 1,140915 0,001097
финал 0,699082 0,002017
новый 0,239550 0,000230
день 0,699082 0,001344
боевитый 5,129899 0,004933
своевременность 5,129899 0,004933
myweb 5,129899 0,004933
еще 0,167054 0,000321
выйти 0,773190 0,001487
козловый 2,357310 0,002267
любить 1,466337 0,001410
адмирал 3,050457 0,008799
подписываться 4,436752 0,004266
ребенок 1,323236 0,001272
обзор 1,911023 0,014700
успех 1,518981 0,001461
со 0,447767 0,002153
прервать 1,762603 0,001695
анонсировать 3,338139 0,003210
юлаева 4,031286 0,007752
важный 0,986764 0,000949
полный 0,940244 0,000904
превзойти 2,932674 0,002820
предложить 1,441019 0,001386
александр 0,839439 0,000807
проиграть 1,104547 0,001062
магнитка 4,436752 0,012798
а 0,209918 0,000807
тв 1,633391 0,001571
обыграть 1,122566 0,001079
в 0,017911 0,000775
г 0,925206 0,002669
немного 2,038856 0,001960
реклама 0,687247 0,000661
и 0,023953 0,000484
к 0,132686 0,000128
о 0,042302 0,000203
сейчас 1,104547 0,001062
с 0,036149 0,000487
у 0,342407 0,000988
сезон 0,723179 0,002086
я 0,747872 0,001438
лидерство 2,827314 0,002719
автомобилист 2,932674 0,002820
мир 0,277868 0,003473
победный 1,871802 0,003600
итоговый 2,085376 0,002005
вхл 1,664163 0,004800
герната 5,129899 0,004933
забирать 4,436752 0,008532
конец 1,035554 0,001991
время 0,384967 0,000370
забыть 2,932674 0,005640
моторыгин 5,129899 0,004933
веселый 3,338139 0,003210
u 1,345709 0,001294
главный 0,565551 0,002175
одержать 1,217876 0,002342
шайба 0,986764 0,004744
звездочка 4,031286 0,003876
превью 4,031286 0,003876
коннор 2,357310 0,004533
звено 3,743604 0,003600
наконец 2,296685 0,002208
показать 0,504926 0,000486
победить 0,699082 0,000672
приходить 2,644992 0,002543
овертайме 2,038856 0,005881
ключевой 2,296685 0,002208
камбэк 2,732003 0,005254
пароль 2,732003 0,010508
юлаев 2,185460 0,002101
противопоставить 3,743604 0,003600
счет 0,799165 0,000768
себя 0,597299 0,000574
забросить 2,421849 0,006986
олимпийский 0,342407 0,001646
вход 2,085376 0,002005
тяжелый 0,940244 0,001808
пастрняк 4,436752 0,004266
падение 1,797694 0,001729
макдэвид 2,421849 0,004657
гонка 0,853233 0,000820
один 0,342407 0,000658
обязательно 2,357310 0,002267
раздевалка 2,421849 0,002329
видео 0,699082 0,001344
чехия 1,258698 0,014523
интересный 2,085376 0,010026
марнера 3,743604 0,003600
локомотив 0,839439 0,000807
выход 1,178655 0,002267
последний 0,376309 0,001809
кажется 2,644992 0,002543
билялетдинова 4,031286 0,003876
момент 0,910391 0,000875
шанхайский 2,564949 0,004933
натан 4,436752 0,004266
авангард 2,038856 0,005881
архив 1,198073 0,001152
труд 2,357310 0,002267
раунд 1,546380 0,004461
vps 5,129899 0,004933
ларионов 3,050457 0,002933
лидер 1,258698 0,002421
обновляться 4,031286 0,003876
символический 2,296685 0,004417
среда 1,871802 0,001800
швейцария 1,258698 0,002421
среди 0,597299 0,000574
остаться 1,301257 0,001251
козырев 3,338139 0,003210
повторить 1,834062 0,003527
уйти 1,392229 0,001339
хоккейный 1,416327 0,005447
полевой 2,357310 0,002267
подряд 1,258698 0,001210
москва 0,576022 0,000554
ботовый 5,129899 0,004933
бердина 5,129899 0,004933
результат 0,524729 0,004036
команда 0,262364 0,000757
офф 1,019025 0,002939
должен 0,597299 0,000574
возвращение 1,466337 0,002820
конференция 1,392229 0,001339
кхловский 5,129899 0,004933
секунда 1,633391 0,003141
очки 0,940244 0,005424
ничего 2,732003 0,002627
сидень 1,994404 0,007671
торпедо 1,574551 0,009084
эффективность 3,338139 0,003210
гретцки 3,050457 0,002933
стать 0,217244 0,000209
работать 1,518981 0,001461
нереалистичный 4,436752 0,004266
кросби 1,994404 0,007671
world 1,416327 0,002724
top 1,695912 0,001631
гордиться 3,183989 0,003062
это 0,181139 0,000174
большинство 1,466337 0,002820
зеленый 2,185460 0,002101
два 0,504926 0,000971
ладо 2,185460 0,006304
прямой 1,695912 0,001631
разница 1,728701 0,001662
новость 0,285712 0,001648
синий 1,834062 0,001764
казанцы 4,031286 0,003876
стабильность 3,743604 0,003600
терпеть 4,031286 0,003876
тренер 0,555188 0,000534
дерби 2,357310 0,002267
корешковый 3,338139 0,003210
лакросс 4,436752 0,004266
остальное 1,834062 0,003527
только 0,447767 0,000431
войти 0,608110 0,000585
старт 1,035554 0,000996
нхл 0,925206 0,004448
финляндия 1,323236 0,002545
турнир 0,293617 0,002823
защита 1,441019 0,001386
регистрация 1,871802 0,005399
северсталь 2,038856 0,005881
почему 1,122566 0,001079
net 2,357310 0,004533
быстрый 1,664163 0,001600
хороший 0,393700 0,000379
красный 1,069456 0,001028
играть 0,895792 0,000861
омск 2,732003 0,005254
логин 2,932674 0,008460
защитник 1,217876 0,001171
маклин 4,031286 0,007752
минск 1,728701 0,001662
первый 0,317714 0,000611
седьмой 2,134166 0,002052
состояние 1,301257 0,001251
мхл 1,603538 0,001542
итог 0,867219 0,003335
февраль 0,202645 0,000585
идти 1,159607 0,001115
евротур 2,357310 0,006800
ларионовского 5,129899 0,004933
вопрос 1,104547 0,002124
слабый 2,134166 0,002052
словакия 1,664163 0,003200
игра 0,112619 0,001083
капитан 1,574551 0,001514
заполнить 2,490841 0,002395
имя 1,178655 0,001133
селебрини 3,520461 0,006770
похоже 3,743604 0,003600
так 0,597299 0,000574
главное 0,524729 0,000505
присутствовать 1,951845 0,001877
салават 2,085376 0,010026
больший 0,457070 0,000439
высказаться 1,695912 0,001631
кто 0,747872 0,000719
лишек 4,031286 0,003876
полуфинальный 2,564949 0,002466
попадание 2,038856 0,001960
событие 0,565551 0,004350
счастливый 2,932674 0,002820
неделя 1,217876 0,008197
самый 0,608110 0,002924
nhl 3,520461 0,006770
быть 0,119263 0,000459
предсезонки 5,129899 0,009865
боевой 2,827314 0,002719
лента 1,518981 0,001461
ак 1,695912 0,004892
люзенков 3,743604 0,007199
таки 2,296685 0,002208
броский 2,490841 0,002395
разгон 3,520461 0,003385
барыс 3,050457 0,002933
претендовать 2,732003 0,005254
запомнить 3,743604 0,003600
сборная 0,342407 0,004939
уверить 2,085376 0,002005
дракон 2,421849 0,004657
фехервари 4,436752 0,004266
гимнастика 1,198073 0,001152
бы 1,052361 0,001012
дать 0,608110 0,000585
кхл 0,760451 0,014624
возможный 1,392229 0,001339
действовать 0,825834 0,000794
кубок 0,376309 0,003618
третий 1,238078 0,002381
спортивный 0,301585 0,000290
во 0,495170 0,000476
игрок 0,711058 0,003419
челябинск 2,239527 0,002153
уже 0,687247 0,000661
впервые 0,839439 0,001614
публиковать 3,743604 0,003600
раз 0,485508 0,000467
разин 4,031286 0,007752
чемпионат 0,188256 0,000724
российский 0,224624 0,000216
email 3,520461 0,006770
выиграть 0,485508 0,000467
трактор 1,994404 0,009588
завершаться 3,050457 0,002933
версия 0,393700 0,000379
россия 0,139466 0,000805
го 1,279751 0,001231
смотреть 1,368699 0,001316
турнирный 1,086847 0,012541
сочить 0,853233 0,000820
шесть 1,238078 0,002381
рекорд 0,955511 0,002756
свой 0,586604 0,000564
googl 2,644992 0,002543
вытащить 4,436752 0,004266
прошедший 1,951845 0,005630
назвать 0,940244 0,000904
разгромить 1,728701 0,001662
плей 1,002764 0,002893
без 0,466460 0,000449
перед 0,839439 0,000807
сайт 0,411400 0,001187
поле 1,392229 0,001339
дома 1,695912 0,003261
проба 3,338139 0,006419
до 0,239550 0,000691
полезный 1,695912 0,001631
правый 0,971016 0,000934
другой 0,188256 0,000181
квартальнов 3,050457 0,002933
проигрывать 2,357310 0,002267
амур 2,644992 0,002543
пар 1,416327 0,004086
передача 1,633391 0,006282
регулярно 1,871802 0,001800
ход 1,279751 0,001231
посол 0,301585 0,000580
период 1,035554 0,002987
гагарин 2,085376 0,014036
число 0,955511 0,000919
сибирь 2,038856 0,003921
клуб 0,652562 0,000627
вступать 3,338139 0,003210
разгромный 2,564949 0,002466
причина 1,368699 0,001316
флаг 0,895792 0,000861
нефтехимик 2,732003 0,002627
дно 2,827314 0,002719
попасть 1,140915 0,001097
поражение 1,122566 0,003238
регулярки 4,031286 0,003876
что 0,195425 0,000188
за 0,125952 0,000848
малкин 2,421849 0,002329
унизительный 3,520461 0,003385
канада 0,867219 0,010840
трансляция 1,217876 0,002342
дошлый 2,827314 0,002719
сыграть 0,839439 0,000807
статья 0,495170 0,006666
из 0,106018 0,000204
игровой 1,104547 0,003186
ответить 1,664163 0,001600
молодежь 2,490841 0,004790
койву 4,436752 0,004266
буллитам 2,732003 0,002627
уэйн 4,031286 0,003876
хостинг 5,129899 0,004933
над 0,986764 0,001898
сюрприз 3,743604 0,003600
минский 2,185460 0,004203
хоккей 0,285712 0,003297
спартак 0,711058 0,002051
объяснить 1,633391 0,001571
завести 4,436752 0,004266
гол 1,323236 0,007634
ворот 1,762603 0,003390
сделать 0,853233 0,000820
казань 1,301257 0,001251
ска 1,279751 0,007383
гость 1,994404 0,001918
серия 0,586604 0,001128
цска 0,711058 0,002735
овечкин 1,695912 0,001631
дедлайн 4,031286 0,003876
год 0,099461 0,000096
защитить 1,633391 0,001571
обратиться 2,732003 0,002627
кузнецов 2,239527 0,004307
матч 0,293617 0,004800
ко 2,421849 0,002329
камбэки 4,436752 0,004266
краткий 3,520461 0,010155
радулов 4,031286 0,003876
динамо 0,663991 0,001277
мичкова 4,436752 0,004266
победа 0,420369 0,002425
ли 1,198073 0,001152
спад 2,732003 0,002627
hockey 3,183989 0,006123
расклад 2,732003 0,005254
текущий 0,867219 0,000834
серебряков 4,436752 0,008532
побеждать 1,951845 0,001877
пропустить 1,122566 0,001079
создать 0,773190 0,010408
полуфинал 1,238078 0,003571
подтверждение 3,520461 0,006770
арена 1,104547 0,001062
подводить 4,436752 0,004266
давид 2,827314 0,002719
место 0,402511 0,000387
поздравить 3,050457 0,002933
vds 5,129899 0,004933
евгения 1,178655 0,003400
побороть 5,129899 0,004933
зарипов 4,031286 0,003876
fastvp 5,129899 0,004933
мы 0,195425 0,000188
летний 0,619039 0,000595
болельщик 1,086847 0,001045
вырвать 2,421849 0,004657
участие 0,457070 0,001318
аккаунт 2,644992 0,002543
раствориться 4,436752 0,004266
на 0,023953 0,000392
топ 1,238078 0,001190
состав 0,867219 0,004169
олимпиада 0,576022 0,008308
не 0,099461 0,000383
барс 1,492313 0,004305
календарь 0,675551 0,001299
онлайн 0,773190 0,002230
но 0,402511 0,001548
спастись 3,183989 0,003062
межсезонье 2,732003 0,002627
история 0,270086 0,000519
таблица 0,711058 0,008205
нестабильный 3,338139 0,003210
длить 0,146292 0,000141
волевой 3,183989 0,006123
количество 0,853233 0,000820
трибун 1,603538 0,001542
контрольный 1,994404 0,001918
об 0,217244 0,000418
нет 0,825834 0,000794
ои 0,812411 0,001562
бой 1,279751 0,001231
он 0,475938 0,000458
треть 2,932674 0,002820
поиск 0,711058 0,000684
площадка 1,574551 0,001514
от 0,160085 0,000462
решающий 2,134166 0,002052
лагерь 3,338139 0,003210
статистика 0,630089 0,003029
участник 0,799165 0,000768
первое 0,393700 0,003407
селянне 4,436752 0,004266
все 0,067304 0,000129
по 0,073653 0,000425
встреча 1,368699 0,001316
расписание 1,664163 0,020802
травма 1,122566 0,002159
принять 0,786093 0,000756
предсезонный 3,183989 0,012246
партнер 1,159607 0,001115
очень 1,140915 0,001097
плющев 4,031286 0,003876
третье 1,035554 0,001991
отыграться 2,357310 0,002267
вывесить 3,183989 0,003062
маккиннон 2,239527 0,004307
второе 0,839439 0,001614
сенсационный 3,050457 0,002933
уфа 2,134166 0,002052
