париж 1,392229 0,002981
ален 3,183989 0,011363
девять 2,038856 0,002911
день 0,699082 0,000499
хватать 1,633391 0,001166
еще 0,167054 0,000119
окр 3,183989 0,059089
xxiv 3,338139 0,004765
всероссийский 2,085376 0,002977
vii 3,183989 0,004545
xxix 3,743604 0,002672
xxii 3,338139 0,004765
стиль 1,603538 0,002289
йоханнес 2,085376 0,001488
центр 0,773190 0,000552
вратарь 1,323236 0,000944
берлин 2,644992 0,001888
под 0,723179 0,000516
лезвие 4,031286 0,005755
а 0,209918 0,000300
в 0,017911 0,001151
заглянуть 5,129899 0,003662
бразильянка 4,436752 0,003167
макаренко 5,129899 0,003662
д 0,895792 0,004476
фото 0,799165 0,000570
и 0,023953 0,000564
й 0,825834 0,005895
к 0,132686 0,000474
о 0,042302 0,000091
сидней 2,732003 0,001950
санкт 1,279751 0,001827
с 0,036149 0,000181
луиса 2,239527 0,001599
у 0,342407 0,001466
определить 1,301257 0,000929
шар 3,183989 0,002273
sec 5,129899 0,007323
конек 2,296685 0,001639
деловой 3,338139 0,007148
пройти 0,544931 0,000778
майя 2,421849 0,001729
структура 1,574551 0,001124
юношеский 1,574551 0,003372
проект 0,457070 0,000979
время 0,384967 0,000550
i 1,762603 0,002516
the 1,546380 0,002208
мощный 2,038856 0,001455
подписание 2,421849 0,024201
v 1,951845 0,002786
раздеть 1,871802 0,008016
миланя 2,038856 0,010187
надин 4,436752 0,003167
x 1,279751 0,001827
чистый 2,038856 0,001455
член 1,416327 0,001011
сергей 1,301257 0,000929
маркетинг 3,520461 0,002513
город 1,069456 0,000763
гармиш 3,520461 0,002513
непр 5,129899 0,003662
италия 0,524729 0,000375
партенкирхен 3,520461 0,002513
метр 1,574551 0,004496
галерея 2,732003 0,001950
пытаться 1,834062 0,001309
россиянин 0,971016 0,001386
надя 4,436752 0,003167
эйнар 3,050457 0,002177
жанейро 2,421849 0,001729
закрытие 2,732003 0,003900
показать 0,504926 0,000360
пляжный 1,603538 0,001145
олимпиец 2,644992 0,001888
нагано 2,827314 0,002018
xvii 2,490841 0,001778
en 2,932674 0,002093
олимпизм 1,466337 0,001047
саппоро 3,520461 0,002513
подняться 2,490841 0,005334
платформа 3,743604 0,002672
олимпийский 0,342407 0,015642
приближаться 3,520461 0,002513
шамони 3,183989 0,002273
альбервиле 4,031286 0,005755
сенсация 2,732003 0,001950
крепление 4,031286 0,002877
прямая 1,441019 0,001029
гонка 0,853233 0,000609
поддержка 1,546380 0,003311
командный 1,002764 0,000716
один 0,342407 0,000489
волейбол 0,955511 0,000682
соревновательный 2,644992 0,001888
председатель 2,038856 0,004366
видео 0,699082 0,000998
сундлинг 2,421849 0,001729
биатлон 0,485508 0,000693
пятка 3,743604 0,002672
оценить 1,603538 0,001145
часть 1,104547 0,000788
выход 1,178655 0,000841
оте 4,436752 0,003167
пекин 2,185460 0,003120
инструкция 3,338139 0,002383
клап 4,436752 0,003167
фаворит 2,134166 0,001523
монреаль 2,357310 0,003365
осф 5,129899 0,003662
дарья 1,951845 0,002786
боско 5,129899 0,051262
заявить 1,140915 0,000814
среда 1,871802 0,001336
всемирный 1,762603 0,001258
крылов 2,932674 0,010466
удача 3,743604 0,002672
через 0,971016 0,000693
russia 3,050457 0,017419
москва 0,576022 0,000411
меню 2,932674 0,002093
резерв 3,338139 0,004765
экосистема 4,436752 0,003167
https 0,699082 0,000499
словарь 1,198073 0,000855
мехико 2,932674 0,002093
ii 2,239527 0,003197
официально 1,159607 0,001655
результат 0,524729 0,000375
добавлять 3,743604 0,002672
мориц 3,050457 0,004355
опыт 1,834062 0,005236
ноябрь 0,955511 0,000682
команда 0,262364 0,000187
швейцарка 4,031286 0,002877
большой 0,687247 0,001472
xvi 2,490841 0,005334
iv 2,644992 0,003776
новичок 1,797694 0,001283
лос 1,518981 0,003253
признаться 1,994404 0,001424
ix 2,564949 0,003662
гренобль 3,183989 0,002273
мингиян 5,129899 0,003662
документ 2,038856 0,004366
юный 2,490841 0,001778
ceremoni 4,436752 0,003167
портал 1,416327 0,001011
золото 1,140915 0,000814
стать 0,217244 0,000310
мсо 5,129899 0,003662
xxxiii 3,520461 0,002513
подкасты 4,031286 0,005755
керлинг 1,086847 0,001552
желать 3,338139 0,002383
группа 1,122566 0,000801
толч 5,129899 0,003662
это 0,181139 0,000259
xviii 2,421849 0,003457
слово 1,035554 0,000739
норвежец 2,490841 0,001778
прыжок 0,940244 0,000671
спортсмен 0,565551 0,003229
турин 2,490841 0,001778
max 4,031286 0,008632
изучить 3,520461 0,002513
xxi 2,038856 0,004366
комиссия 2,239527 0,004796
новость 0,285712 0,002039
сильнейший 1,546380 0,002208
хесфлот 5,129899 0,003662
савелий 3,338139 0,004765
мануфактура 4,436752 0,044336
сентябрь 1,035554 0,001478
михаил 1,301257 0,001858
xxv 2,827314 0,010090
xxx 3,743604 0,002672
бадминтон 1,518981 0,001084
нельзя 2,296685 0,001639
маркетинговый 3,520461 0,002513
шорты 1,035554 0,001478
cortina 5,129899 0,007323
xxviii 3,743604 0,002672
анджелес 1,492313 0,003196
xxvi 3,520461 0,002513
атлант 2,357310 0,001683
амбассадоры 4,031286 0,002877
антверпен 3,050457 0,002177
горнолыжный 1,301257 0,000929
защита 1,441019 0,001029
политик 0,224624 0,000160
храмцов 4,436752 0,003167
много 0,735450 0,001050
вад 3,520461 0,002513
вконтакте 1,911023 0,001364
программа 0,799165 0,005134
нарушение 1,416327 0,001011
гандбол 1,122566 0,000801
солт 2,644992 0,001888
список 0,986764 0,000704
кратный 2,357310 0,001683
непряева 2,932674 0,002093
итог 0,867219 0,003714
азбука 4,436752 0,003167
февраль 0,202645 0,003182
идти 1,159607 0,001655
xxxi 3,520461 0,002513
выполнить 1,834062 0,001309
высо 5,129899 0,003662
игра 0,112619 0,006833
атлет 1,951845 0,004180
hour 4,436752 0,006334
отстать 2,932674 0,002093
высота 1,762603 0,005032
of 1,695912 0,001211
традиция 2,134166 0,001523
скво 3,183989 0,002273
ответ 2,239527 0,003197
подвижной 4,436752 0,003167
семенов 2,932674 0,002093
федерация 0,495170 0,000353
пята 2,827314 0,004036
интервью 0,971016 0,002079
больший 0,457070 0,000326
плэсид 3,183989 0,004545
кортина 2,490841 0,014223
зафиксировать 1,994404 0,002847
позволять 1,664163 0,001188
использование 0,277868 0,000198
лыжник 2,085376 0,001488
фев 3,050457 0,013064
материал 0,309617 0,000221
соревнование 0,411400 0,000881
европейский 1,122566 0,000801
быть 0,119263 0,000511
устать 3,338139 0,002383
мельбурн 3,183989 0,002273
настать 5,129899 0,007323
лента 1,518981 0,001084
лейк 2,357310 0,005048
нейтральный 2,185460 0,001560
инсбрук 2,827314 0,002018
зимний 0,663991 0,015166
установить 1,279751 0,004567
спорт 0,125952 0,001169
твой 3,743604 0,002672
практик 2,239527 0,001599
броский 2,490841 0,001778
мочь 0,350775 0,000250
этот 0,350775 0,000250
павильон 5,129899 0,010985
борьба 0,723179 0,001032
хельсинки 3,050457 0,002177
сказать 1,368699 0,000977
сараево 3,050457 0,002177
санный 1,301257 0,000929
правило 0,986764 0,000704
министерство 2,732003 0,001950
инновационный 4,031286 0,002877
йонна 2,421849 0,001729
афина 2,421849 0,005186
анонс 2,564949 0,005492
разыграть 2,038856 0,004366
бы 1,052361 0,005258
обязанность 2,490841 0,001778
пресс 0,895792 0,000639
ru 0,285712 0,000816
элемент 0,925206 0,000660
смочь 1,069456 0,002290
адаптация 3,183989 0,002273
xxxii 3,743604 0,002672
спортивный 0,301585 0,001292
методический 4,031286 0,002877
елистрат 4,436752 0,015834
женщина 0,663991 0,000474
игрок 0,711058 0,000508
выступление 0,955511 0,000682
церемония 2,134166 0,003047
min 5,129899 0,007323
аделий 1,871802 0,002672
фирменный 3,520461 0,005026
лицензионный 4,436752 0,003167
чемпионат 0,188256 0,000134
упустить 2,644992 0,001888
барселона 1,416327 0,001011
образование 2,038856 0,007276
российский 0,224624 0,000160
фестиваль 2,564949 0,001831
кэрол 5,129899 0,003662
просто 1,492313 0,001065
обойтись 3,050457 0,002177
milano 5,129899 0,007323
россия 0,139466 0,000796
смотреть 1,368699 0,000977
сочить 0,853233 0,001827
минспорт 3,743604 0,002672
рекорд 0,955511 0,004092
шесть 1,238078 0,000884
дальквист 4,031286 0,002877
xxxiv 3,520461 0,002513
to 2,038856 0,001455
поло 1,441019 0,001029
open 1,834062 0,001309
энергия 2,564949 0,001831
де 0,955511 0,000682
без 0,466460 0,000333
экватор 4,436752 0,003167
пхёнчхане 4,436752 0,003167
между 0,955511 0,009548
библиотека 3,520461 0,005026
коростелев 3,183989 0,004545
до 0,239550 0,000342
скейт 4,436752 0,003167
правый 0,971016 0,000693
мюнхен 2,490841 0,001778
кристина 2,296685 0,001639
olymp 2,296685 0,018033
руководство 1,301257 0,000929
сеул 2,644992 0,001888
представить 1,518981 0,002168
буллит 3,520461 0,002513
велосипедный 3,520461 0,002513
работа 1,086847 0,000776
спринт 1,871802 0,001336
xxiii 3,520461 0,005026
обладатель 1,492313 0,001065
европа 0,393700 0,000562
трек 1,104547 0,001577
оставаться 1,301257 0,000929
ботинок 3,520461 0,002513
подвесить 3,743604 0,002672
шведка 3,520461 0,002513
посол 0,301585 0,000431
лондон 1,911023 0,004092
велли 4,031286 0,002877
alia 5,129899 0,003662
баскетбол 0,723179 0,000516
штрафной 2,038856 0,001455
vi 2,732003 0,001950
перевалить 4,031286 0,002877
автор 1,466337 0,014653
флаг 0,895792 0,000639
семен 2,932674 0,010466
короткий 0,699082 0,000998
вид 0,393700 0,001405
отрываться 5,129899 0,003662
навязать 5,129899 0,003662
записной 5,129899 0,003662
декларация 3,743604 0,002672
что 0,195425 0,000418
положение 1,416327 0,001011
править 0,544931 0,000389
за 0,125952 0,000180
удовольствие 2,932674 0,002093
совсем 2,827314 0,002018
бобслей 1,217876 0,000869
медаль 0,619039 0,000884
трансляция 1,217876 0,000869
мероприятие 1,762603 0,001258
келин 4,031286 0,002877
ампеццо 2,490841 0,012445
xi 2,932674 0,004187
если 0,675551 0,001929
мокнуть 1,574551 0,001124
токио 2,296685 0,003279
петросян 1,441019 0,002057
дакар 2,421849 0,003457
xv 2,732003 0,003900
из 0,106018 0,000076
xx 1,546380 0,002208
посвятить 1,994404 0,001424
учебник 2,932674 0,002093
наш 0,652562 0,002329
контакт 1,035554 0,001478
похвалить 5,129899 0,003662
хоккей 0,285712 0,000204
следить 1,994404 0,001424
фендрих 4,031286 0,002877
амстердам 3,183989 0,002273
viii 2,932674 0,004187
двоеборье 1,217876 0,000869
служба 1,279751 0,000913
стокгольм 2,644992 0,001888
назначать 3,338139 0,002383
переговоры 2,239527 0,001599
актуальный 1,546380 0,001104
представительство 3,338139 0,002383
будущее 1,664163 0,001188
год 0,099461 0,000071
максим 1,871802 0,001336
машина 2,564949 0,001831
борки 5,129899 0,003662
министр 2,185460 0,001560
международный 0,466460 0,002997
комитет 1,368699 0,004885
октябрь 1,019025 0,000727
ко 2,421849 0,001729
бойцовый 5,129899 0,003662
сент 2,564949 0,001831
завоевать 1,035554 0,000739
iii 2,490841 0,003556
лыжный 0,675551 0,000964
который 0,325878 0,000233
конькобежный 1,140915 0,001629
наталья 3,050457 0,030483
награда 1,279751 0,001827
рим 2,239527 0,001599
рио 2,296685 0,001639
пахаленко 5,129899 0,051262
экстремалы 4,436752 0,012667
рамка 1,441019 0,001029
победа 0,420369 0,000300
страна 0,641262 0,000458
сми 1,546380 0,001104
кратное 3,183989 0,004545
триумфатор 4,031286 0,002877
акция 2,357310 0,001683
температура 2,932674 0,002093
деть 0,619039 0,004419
сити 1,546380 0,001104
правильный 2,827314 0,004036
иван 1,603538 0,001145
ми 2,932674 0,004187
хартия 4,436752 0,006334
внеочередной 3,050457 0,002177
мы 0,195425 0,000139
на 0,023953 0,000308
состав 0,867219 0,000619
олимпиада 0,576022 0,013979
водный 0,723179 0,000516
комплект 1,911023 0,004092
комната 3,743604 0,002672
не 0,099461 0,000284
осло 3,050457 0,002177
календарь 0,675551 0,000964
трамплин 1,140915 0,000814
организация 0,663991 0,000948
соглашение 1,466337 0,014653
золотой 1,002764 0,000716
day 3,338139 0,004765
посашкову 5,129899 0,003662
xiv 2,490841 0,003556
xix 1,834062 0,002618
история 0,270086 0,000193
дегтярев 2,421849 0,003457
три 1,178655 0,000841
длить 0,146292 0,000627
калгари 2,932674 0,002093
бейсбол 1,416327 0,001011
об 0,217244 0,000310
университет 1,911023 0,002728
гаджетах 5,129899 0,003662
диктант 5,129899 0,003662
анаграмма 5,129899 0,010985
завершение 1,695912 0,001211
мужчина 0,812411 0,000580
поиск 0,711058 0,000508
чемпион 0,334108 0,001908
game 1,797694 0,002566
от 0,160085 0,000229
форум 0,867219 0,000619
xxvii 3,338139 0,002383
ванкувер 2,644992 0,001888
winter 3,520461 0,005026
клебо 2,490841 0,001778
официальный 0,735450 0,000525
бокс 0,534779 0,000382
воздушный 3,743604 0,005344
пд 5,129899 0,003662
все 0,067304 0,000432
лыжа 0,925206 0,000660
аэродром 4,436752 0,003167
голос 2,357310 0,005048
возможность 1,279751 0,001827
завершиться 1,728701 0,001234
шафаузер 5,129899 0,003662
по 0,073653 0,000315
достижение 1,279751 0,001827
русада 3,520461 0,002513
xiii 2,932674 0,002093
хедегарт 3,050457 0,002177
скоро 2,827314 0,002018
партнер 1,159607 0,001655
экстремалов 5,129899 0,003662
высокий 0,760451 0,002171
книга 1,911023 0,002728
переть 0,359214 0,000769
термин 1,345709 0,000961
