состояться 1,140915 0,000304
состоять 1,279751 0,001706
ultim 4,031286 0,001075
драйв 4,436752 0,001183
etymonlin 5,129899 0,001368
latina 1,603538 0,000427
девять 2,038856 0,000544
день 0,699082 0,000373
рассказ 3,743604 0,000998
хватать 1,633391 0,000435
экспорт 0,986764 0,000263
выигрывать 1,728701 0,000461
န 2,134166 0,000569
tee 5,129899 0,004103
ဘ 2,134166 0,000569
ไทย 1,238078 0,000330
မ 2,134166 0,001138
нич 5,129899 0,001368
သ 2,134166 0,000569
раритет 5,129899 0,001368
الدارجة 2,357310 0,000628
изобрести 3,183989 0,001698
заявление 0,799165 0,000213
сто 2,644992 0,000705
отмечаться 3,050457 0,000813
задокументирована 5,129899 0,001368
universali 1,951845 0,000520
čeština 1,035554 0,000276
aragoné 1,762603 0,000470
вероятность 3,338139 0,001780
ловушка 3,743604 0,001996
викисклад 1,035554 0,000552
дэвид 2,932674 0,000782
elect 4,031286 0,001075
корфбол 1,762603 0,000470
golf 4,031286 0,024719
пройти 0,544931 0,000581
slovenčina 1,069456 0,000285
отклоняться 5,129899 0,002735
gnd 1,392229 0,000371
уилсон 3,050457 0,000813
оригинал 1,441019 0,001537
gaelg 3,338139 0,000890
a 1,392229 0,000742
e 1,603538 0,000427
проект 0,457070 0,000122
i 1,762603 0,000470
j 1,466337 0,000391
the 1,546380 0,007421
r 2,085376 0,000556
s 1,664163 0,000444
harcourt 5,129899 0,001368
u 1,345709 0,000359
сильный 1,198073 0,001278
v 1,951845 0,000520
w 0,955511 0,000255
иной 2,038856 0,001087
шайба 0,986764 0,000263
индивидуальный 1,797694 0,000479
наказываться 3,338139 0,002670
существо 3,743604 0,000998
находиться 0,925206 0,000493
туннель 4,436752 0,001183
par 4,436752 0,001183
слой 3,743604 0,001996
наклон 4,031286 0,001075
andrew 3,338139 0,001780
sand 5,129899 0,002735
система 0,799165 0,000213
июнь 1,198073 0,000319
постепенно 2,296685 0,000612
гонка 0,853233 0,000455
пластиковый 3,183989 0,000849
иметь 1,069456 0,001140
различие 3,050457 0,000813
совет 0,825834 0,000220
значительный 2,185460 0,000583
пример 1,994404 0,000532
куст 4,031286 0,001075
фирма 2,490841 0,001328
chambot 5,129899 0,001368
йрон 5,129899 0,001368
честность 4,436752 0,002366
выход 1,178655 0,000628
последний 0,376309 0,000100
некоторые 1,198073 0,000639
архив 1,198073 0,000319
инвентарь 2,085376 0,001668
добавляться 3,743604 0,000998
триумф 2,932674 0,000782
pdf 0,940244 0,000501
china 4,031286 0,002149
идентификационный 5,129899 0,001368
курс 2,490841 0,000664
сша 0,586604 0,000313
описание 0,881403 0,000470
сгореть 4,436752 0,001183
июль 1,019025 0,000815
cambuca 5,129899 0,001368
недостаток 1,574551 0,000420
гилмор 4,031286 0,001075
зрение 2,296685 0,000612
proceed 5,129899 0,001368
галлэйн 5,129899 0,001368
видимость 4,436752 0,001183
разработчик 0,971016 0,000259
ноябрь 0,955511 0,001528
встречаться 1,994404 0,000532
сквош 1,728701 0,000461
вклад 0,955511 0,000255
indonesia 1,086847 0,000290
опасность 3,338139 0,000890
чуйвань 5,129899 0,004103
текст 0,925206 0,000493
lâm 1,762603 0,000470
очки 0,940244 0,000251
esperanto 1,198073 0,000319
зона 1,603538 0,002137
перейти 0,586604 0,000313
бить 2,357310 0,000628
boarisch 2,357310 0,000628
интерес 1,871802 0,000499
pga 4,436752 0,005914
станция 3,338139 0,000890
траектория 3,338139 0,001780
образной 3,520461 0,001877
картина 2,644992 0,000705
лякросс 1,762603 0,000470
труба 5,129899 0,001368
нохчийн 2,296685 0,000612
слово 1,035554 0,000828
ответственность 0,895792 0,000239
колышек 5,129899 0,001368
françai 1,019025 0,000272
гольфист 4,031286 0,003224
его 0,447767 0,000597
улучшать 4,031286 0,001075
rudolph 5,129899 0,001368
только 0,447767 0,000119
экспедиция 5,129899 0,001368
php 0,986764 0,000263
метка 5,129899 0,001368
тюрин 5,129899 0,002735
средний 1,441019 0,001153
байдарка 1,603538 0,000427
com 0,925206 0,001233
поддерживаться 3,743604 0,000998
далеко 2,564949 0,000684
турнир 0,293617 0,000391
андрус 5,129899 0,004103
относиться 1,368699 0,000365
чаща 1,834062 0,000489
заглавный 0,986764 0,000263
хороший 0,393700 0,000105
относительно 2,564949 0,000684
добавить 1,518981 0,000405
отсылка 4,436752 0,001183
когда 0,652562 0,000348
дисквалификация 2,732003 0,000728
айрон 5,129899 0,001368
камбука 5,129899 0,001368
престуикском 5,129899 0,001368
сокращение 2,564949 0,000684
продолжать 1,258698 0,000671
слабый 2,134166 0,000569
выполнить 1,834062 0,001467
нестандартный 3,050457 0,000813
статус 1,279751 0,000682
минь 2,134166 0,003983
перетягивание 1,762603 0,000470
против 0,747872 0,000199
общество 1,871802 0,000998
так 0,597299 0,001115
иногда 1,951845 0,000520
федерация 0,495170 0,000132
издание 1,574551 0,000420
попадание 2,038856 0,000544
мина 2,932674 0,001564
вводиться 3,520461 0,000939
encyclopedia 2,932674 0,000782
гоуф 5,129899 0,001368
пятиборье 1,574551 0,000420
лабиринт 4,436752 0,001183
sport 0,760451 0,000405
автомобиль 2,644992 0,001410
cultur 3,050457 0,001626
скалолазание 1,695912 0,000452
вести 1,238078 0,000330
есть 0,812411 0,000433
линия 1,466337 0,000391
спорт 0,125952 0,000470
просмотр 0,925206 0,000247
лишний 3,050457 0,000813
championship 2,296685 0,002449
национальный 0,839439 0,000224
state 3,183989 0,002547
этот 0,350775 0,000281
помечаться 5,129899 0,001368
onlin 3,520461 0,002816
недоступный 2,296685 0,000612
element 5,129899 0,001368
etymolog 5,129899 0,001368
qaraqalpaqsha 2,038856 0,000544
отметить 2,134166 0,000569
основной 1,122566 0,001796
край 1,994404 0,001063
creativ 0,986764 0,000263
известный 0,986764 0,000526
полет 3,050457 0,000813
основное 1,368699 0,001095
вейдж 5,129899 0,001368
камень 2,732003 0,001457
элемент 0,925206 0,000493
alemannisch 2,357310 0,000628
легенда 1,416327 0,000755
спортивный 0,301585 0,000241
игрок 0,711058 0,003412
флэш 5,129899 0,001368
лунка 4,436752 0,035485
kreyòl 2,490841 0,000664
линкс 5,129899 0,001368
цель 1,238078 0,000990
etiquett 5,129899 0,001368
шепард 5,129899 0,001368
реликвия 3,743604 0,000998
charl 3,743604 0,000998
тем 1,217876 0,000325
популярный 1,392229 0,000371
поло 1,441019 0,000768
назвать 0,940244 0,000251
definit 4,436752 0,001183
без 0,466460 0,000497
противоположный 2,732003 0,000728
поле 1,392229 0,001113
lie 5,129899 0,001368
чӑвашла 2,134166 0,000569
альтернатива 4,436752 0,001183
запрет 2,134166 0,000569
европа 0,393700 0,000210
обложка 4,436752 0,001183
оставаться 1,301257 0,000694
doubl 3,520461 0,000939
связывать 3,743604 0,000998
направление 1,728701 0,001843
last 4,031286 0,001075
редакция 0,940244 0,000501
иначе 1,834062 0,000489
eagl 5,129899 0,001368
период 1,035554 0,000276
ಕನ 2,038856 0,000544
клуб 0,652562 0,001218
центральный 1,603538 0,000427
ассоциация 1,416327 0,000755
page 0,986764 0,000526
кроме 1,368699 0,000365
нижний 0,955511 0,000255
заданный 3,743604 0,000998
video 3,520461 0,000939
отведение 5,129899 0,001368
кодекс 0,971016 0,000259
предмет 2,421849 0,000646
тип 1,345709 0,001076
карат 1,728701 0,000461
неправильный 3,520461 0,001877
vote 4,031286 0,002149
бобслей 1,217876 0,000325
mirandé 2,732003 0,000728
шотландский 3,520461 0,000939
культура 1,392229 0,001113
толкать 3,743604 0,000998
статья 0,495170 0,001584
если 0,675551 0,000360
соответственно 2,134166 0,000569
wikimedia 0,986764 0,000263
честь 1,911023 0,000509
ограничение 1,834062 0,000489
посвятить 1,994404 0,000532
занести 2,932674 0,000782
мировой 0,955511 0,000255
ελληνικά 1,086847 0,000290
подставка 3,520461 0,001877
крученый 4,436752 0,004731
делить 2,732003 0,000728
routledg 3,520461 0,000939
put 4,031286 0,002149
многие 1,178655 0,000314
выполняться 2,732003 0,002185
язык 0,925206 0,000493
деревянный 2,932674 0,000782
уменьшение 3,183989 0,000849
অসম 2,644992 0,000705
различный 1,441019 0,001153
топливо 3,743604 0,000998
закрытый 1,911023 0,000509
счастливчик 4,031286 0,001075
прочий 1,069456 0,000570
разный 1,368699 0,000365
wayback 1,633391 0,002613
окаймлять 5,129899 0,001368
распространить 2,134166 0,001138
тройной 2,827314 0,000754
меткий 5,129899 0,001368
международный 0,466460 0,000497
башҡортса 1,518981 0,000405
снаряжение 3,338139 0,000890
стараться 2,564949 0,000684
потеря 2,239527 0,001194
euskara 1,122566 0,000299
айрона 5,129899 0,001368
краткий 3,520461 0,001877
расстояние 2,085376 0,003336
рамка 1,441019 0,000384
текущий 0,867219 0,000231
flagstick 5,129899 0,001368
помощник 2,134166 0,000569
глима 1,762603 0,000470
создать 0,773190 0,000412
лотиан 5,129899 0,002735
деть 0,619039 0,000165
малый 2,134166 0,000569
asturianu 1,323236 0,000353
کوردی 1,762603 0,000470
печать 0,955511 0,000509
íslenska 1,392229 0,000371
пелота 1,728701 0,000461
летний 0,619039 0,000660
лишить 2,421849 0,000646
исторически 3,050457 0,000813
имитировать 3,338139 0,000890
тот 0,393700 0,000840
обсуждение 0,867219 0,000462
titl 0,986764 0,000263
организация 0,663991 0,000177
dogleg 5,129899 0,001368
товарный 0,986764 0,000263
астронавт 5,129899 0,001368
перо 2,827314 0,000754
閩南語 1,762603 0,000470
water 4,031286 0,002149
дважды 1,574551 0,000420
площадь 2,185460 0,001165
университет 1,911023 0,000509
rugbi 3,743604 0,002994
histori 1,762603 0,000470
реальный 1,871802 0,000499
scienc 3,743604 0,000998
площадка 1,574551 0,015951
джеймс 1,911023 0,000509
ямка 5,129899 0,008206
катание 0,514778 0,000137
участник 0,799165 0,000639
как 0,232059 0,000990
задевание 5,129899 0,001368
лыжа 0,925206 0,000493
дистанция 1,728701 0,002304
условие 0,334108 0,000267
park 4,436752 0,002366
лучник 3,743604 0,000998
фильм 2,185460 0,000583
тарашкевіца 1,198073 0,000319
cymraeg 1,574551 0,000420
изображать 3,520461 0,001877
третье 1,035554 0,000276
набитый 5,129899 0,001368
компьютерный 3,338139 0,000890
второй 0,576022 0,000154
покрыть 3,050457 0,001626
специальный 1,217876 0,002597
dansk 1,069456 0,000285
den 5,129899 0,001368
тур 1,159607 0,000309
еще 0,167054 0,000134
копенгаген 3,520461 0,000939
record 2,932674 0,000782
закручивание 5,129899 0,001368
you 3,338139 0,001780
менее 1,258698 0,001007
bunker 5,129899 0,001368
касаться 1,994404 0,001063
важный 0,986764 0,000263
беларуская 1,069456 0,000570
биоразлагаемого 5,129899 0,001368
предложить 1,441019 0,000384
помощь 1,368699 0,000730
cours 3,338139 0,003560
а 0,209918 0,000224
б 1,466337 0,000391
в 0,017911 0,000621
г 0,925206 0,000493
webcit 2,038856 0,000544
и 0,023953 0,000338
й 0,825834 0,000440
к 0,132686 0,000389
велоспорт 1,178655 0,000314
м 0,534779 0,000428
н 0,895792 0,000239
о 0,042302 0,000068
альпинизм 1,301257 0,000347
п 1,086847 0,000290
с 0,036149 0,000482
она 0,597299 0,000478
скейтбординг 1,762603 0,000470
т 1,368699 0,000730
у 0,342407 0,000274
ф 1,728701 0,002765
течение 1,238078 0,000330
х 0,986764 0,001578
аэродинамический 3,520461 0,002816
скачать 0,895792 0,000478
они 0,524729 0,000140
сезон 0,723179 0,000193
э 2,296685 0,000612
удивительный 3,520461 0,000939
сноска 1,951845 0,000520
вариант 1,492313 0,000398
how 3,050457 0,000813
футбол 0,247097 0,000329
атлетика 0,955511 0,000509
резаный 5,129899 0,001368
единица 4,031286 0,001075
deadlink 2,038856 0,000544
копия 1,416327 0,002643
chip 5,129899 0,002735
возвращать 3,183989 0,000849
катить 5,129899 0,001368
перевод 2,490841 0,001992
did 4,031286 0,001075
отвлекать 4,436752 0,001183
город 1,069456 0,000285
замах 4,436752 0,001183
粵語 1,178655 0,000314
следовать 1,728701 0,000922
метр 1,574551 0,003358
தம 1,492313 0,000398
तम 2,644992 0,000705
каталанский 1,695912 0,000904
построить 2,296685 0,000612
снабдить 4,436752 0,001183
club 2,490841 0,001992
викискладе 1,217876 0,000325
mythbust 5,129899 0,001368
жанейро 2,421849 0,000646
сноуборд 1,178655 0,000314
info 1,951845 0,000520
xvii 2,490841 0,000664
выигрыш 2,134166 0,000569
алан 3,520461 0,000939
свиток 5,129899 0,001368
закатываться 5,129899 0,001368
хёрлинг 1,762603 0,000470
подскок 5,129899 0,002735
далекий 1,416327 0,000378
дональд 4,436752 0,001183
тяжелый 0,940244 0,000251
cochran 5,129899 0,001368
ślůnski 2,932674 0,000782
compani 4,031286 0,002149
видео 0,699082 0,000186
академический 1,546380 0,000412
плавание 1,178655 0,000628
биатлон 0,485508 0,000129
мера 2,296685 0,000612
кит 3,183989 0,000849
пожертвовать 0,940244 0,000251
обычай 4,436752 0,001183
распоряжение 2,932674 0,000782
япония 1,279751 0,000341
ссылка 0,699082 0,002423
слайсу 5,129899 0,001368
kiswahili 2,185460 0,000583
hole 5,129899 0,004103
раунд 1,546380 0,000412
середина 1,574551 0,000420
ನಡ 2,038856 0,000544
iron 4,436752 0,001183
делать 1,392229 0,000371
римский 2,644992 0,000705
луна 4,031286 0,001075
слайс 5,129899 0,002735
hook 4,031286 0,001075
преимущество 1,951845 0,000520
оформиться 5,129899 0,001368
кедди 5,129899 0,001368
москва 0,576022 0,000307
вырезать 4,436752 0,001183
pitch 4,436752 0,001183
видеофайлы 4,031286 0,001075
sudoc 2,932674 0,000782
квадах 1,762603 0,000470
отдельный 0,955511 0,000509
mcgrath 4,436752 0,001183
опыт 1,834062 0,000489
деньга 1,951845 0,000520
texa 5,129899 0,001368
dimpl 5,129899 0,001368
hindi 2,421849 0,000646
исключить 1,441019 0,000384
чей 2,357310 0,001257
status 3,743604 0,000998
чжу 4,031286 0,001075
различаться 2,644992 0,000705
стать 0,217244 0,000116
albatross 5,129899 0,001368
выстричь 5,129899 0,002735
фейд 5,129899 0,001368
слайсом 5,129899 0,001368
обучение 2,239527 0,001194
керлинг 1,086847 0,000290
обращение 0,910391 0,004126
промахнуться 5,129899 0,001368
man 3,183989 0,000849
резиденция 5,129899 0,001368
код 0,971016 0,005177
лука 1,104547 0,000294
прыжок 0,940244 0,000752
fiji 2,421849 0,000646
url 0,986764 0,000526
рационализатор 5,129899 0,001368
сентябрь 1,035554 0,001933
михаил 1,301257 0,001388
коннери 5,129899 0,001368
выбивание 4,031286 0,001075
сантиметр 0,955511 0,001274
войти 0,608110 0,000324
старт 1,035554 0,000276
уан 4,436752 0,001183
гольф 1,574551 0,035261
furlan 3,050457 0,000813
богги 5,129899 0,004103
ქართული 1,392229 0,000371
british 3,520461 0,000939
паттера 5,129899 0,001368
политик 0,224624 0,000060
find 5,129899 0,001368
chui 5,129899 0,001368
алфавит 1,159607 0,000309
чип 4,031286 0,001075
рафа 5,129899 0,001368
коротко 5,129899 0,001368
играть 0,895792 0,001672
фигурный 0,514778 0,000137
обычный 2,038856 0,001087
программа 0,799165 0,000213
gaeilg 1,951845 0,000520
неденежный 5,129899 0,001368
тоҷикӣ 1,695912 0,000452
обусловить 2,932674 0,000782
первый 0,317714 0,000339
betawi 2,732003 0,000728
मर 1,574551 0,000420
февраль 0,202645 0,000108
brasch 5,129899 0,001368
значение 1,258698 0,000671
ball 2,827314 0,000754
установка 3,183989 0,000849
попросту 4,031286 0,001075
вылететь 2,296685 0,000612
türkmenç 2,185460 0,000583
kadazandusun 4,436752 0,001183
размахивать 5,129899 0,001368
исчезать 3,743604 0,000998
империя 2,239527 0,001194
nederland 1,019025 0,000272
кто 0,747872 0,000199
идеал 4,436752 0,001183
считаться 1,441019 0,001153
master 3,520461 0,000939
джастин 5,129899 0,001368
август 1,035554 0,000828
самый 0,608110 0,000162
материал 0,309617 0,000165
скиджоринг 1,762603 0,000470
хорватский 2,564949 0,000684
ориентирование 3,743604 0,000998
невидимый 4,436752 0,001183
кук 0,971016 0,000259
сеульский 4,436752 0,001183
inform 3,520461 0,000939
føroyskt 2,085376 0,000556
навигация 0,986764 0,000789
мочь 0,350775 0,001309
борьба 0,723179 0,000193
limburg 2,134166 0,000569
би 3,183989 0,000849
проверять 1,834062 0,000489
tiger 5,129899 0,001368
правило 0,986764 0,000526
гимнастика 1,198073 0,000639
hrvatski 1,052361 0,000281
programm 4,436752 0,001183
английский 1,574551 0,000840
минимальный 2,185460 0,001748
век 1,258698 0,003020
стандарт 2,421849 0,000646
кубок 0,376309 0,000100
во 0,495170 0,000396
occitan 1,466337 0,000391
into 3,520461 0,000939
уже 0,687247 0,000366
fade 5,129899 0,001368
гольфистов 5,129899 0,001368
закрутка 5,129899 0,001368
вы 0,309617 0,000165
honour 4,436752 0,001183
оболочка 4,031286 0,002149
го 1,279751 0,000341
прицельный 5,129899 0,001368
меньшой 3,338139 0,000890
энциклопедия 0,986764 0,000526
фаир 4,031286 0,001075
oldest 4,436752 0,001183
bogey 5,129899 0,004103
всякий 2,827314 0,000754
български 1,086847 0,000290
чтобы 0,773190 0,000825
космический 4,031286 0,002149
open 1,834062 0,001956
брейкинг 1,762603 0,000470
tripl 4,031286 0,001075
пат 4,031286 0,001075
де 0,955511 0,000509
проведение 1,104547 0,000294
оплата 3,183989 0,000849
перед 0,839439 0,000224
американский 0,910391 0,000243
до 0,239550 0,000639
факультет 4,031286 0,001075
многочисленный 2,239527 0,000597
крюк 4,031286 0,001075
зародиться 2,932674 0,001564
другой 0,188256 0,000251
сюда 0,986764 0,000263
файф 4,436752 0,001183
пак 3,743604 0,000998
осуществить 4,031286 0,001075
wood 5,129899 0,002735
трек 1,104547 0,000294
указ 3,050457 0,000813
пар 1,416327 0,006419
цитировать 0,925206 0,000247
ее 0,723179 0,000386
mckay 4,436752 0,001183
фигурировать 3,520461 0,000939
look 3,743604 0,000998
баскетбол 0,723179 0,000193
число 0,955511 0,001274
фервей 5,129899 0,002735
усиливать 3,520461 0,000939
ido 1,546380 0,000412
династия 3,743604 0,001996
гребля 1,518981 0,000810
вид 0,393700 0,001469
же 0,853233 0,000910
rough 5,129899 0,002735
плотный 3,338139 0,000890
русиньскый 2,732003 0,000728
isbn 1,633391 0,000871
rule 2,357310 0,001885
amateur 3,338139 0,000890
путь 1,518981 0,001215
что 0,195425 0,000729
common 0,986764 0,000263
править 0,544931 0,007845
песчаный 4,031286 0,004299
за 0,125952 0,000470
загонять 5,129899 0,002735
софтбол 1,633391 0,000435
форма 1,086847 0,001449
несмотря 1,762603 0,000470
левый 1,871802 0,000998
неясный 4,436752 0,001183
советский 1,140915 0,000304
мокнуть 1,574551 0,000420
принцип 1,695912 0,000904
отличаться 1,664163 0,000444
из 0,106018 0,000594
художественный 1,518981 0,000405
septemb 4,031286 0,003224
ин 3,743604 0,001996
случайный 0,986764 0,000263
скрытый 1,052361 0,000281
граница 2,185460 0,001165
fair 3,338139 0,000890
плат 3,520461 0,000939
восточный 1,911023 0,000509
напоминать 2,644992 0,000705
регламент 1,911023 0,001019
борт 3,338139 0,000890
ванса 5,129899 0,001368
хоккей 0,285712 0,000305
наса 5,129899 0,001368
отделиться 4,436752 0,001183
žemaitėška 2,732003 0,000728
неровный 3,743604 0,001996
серия 0,586604 0,000626
механический 3,520461 0,001877
kaleidoscop 4,436752 0,001183
утерять 4,436752 0,001183
слева 2,564949 0,000684
srpski 1,035554 0,000276
двор 3,743604 0,000998
движение 1,728701 0,000922
word 4,436752 0,001183
влево 3,743604 0,000998
октябрь 1,019025 0,001902
birdi 5,129899 0,001368
решить 1,392229 0,000371
убрать 2,239527 0,000597
участок 2,827314 0,000754
следующий 0,853233 0,000227
аполлон 4,031286 0,001075
соревноваться 1,871802 0,000499
вниз 2,932674 0,000782
строгий 2,239527 0,000597
한국어 1,035554 0,000276
вод 1,466337 0,000391
cannot 5,129899 0,001368
нужный 1,834062 0,000489
синхронный 1,574551 0,000420
бонд 5,129899 0,001368
место 0,402511 0,000322
лежать 2,421849 0,001291
мы 0,195425 0,000104
участие 0,457070 0,000122
утверждать 2,644992 0,000705
крокет 1,728701 0,000461
на 0,023953 0,000383
попытка 1,664163 0,001331
скафандр 5,129899 0,001368
водный 0,723179 0,001157
simpl 1,140915 0,000304
пир 5,129899 0,001368
не 0,099461 0,000292
образоваться 3,050457 0,000813
каждый 0,812411 0,000433
онлайн 0,773190 0,000206
но 0,402511 0,000429
нп 3,520461 0,000939
нанесение 2,827314 0,000754
раздел 1,574551 0,000840
отклонение 3,050457 0,001626
категория 0,881403 0,000470
норвежский 1,345709 0,000359
magyar 1,086847 0,000290
преграда 4,436752 0,002366
об 0,217244 0,000058
ои 0,812411 0,019276
упоминание 2,732003 0,000728
справка 0,986764 0,000263
жульничество 3,743604 0,001996
он 0,475938 0,000888
развитие 1,140915 0,000304
завершение 1,695912 0,000452
тхэквондо 1,633391 0,000435
от 0,160085 0,001195
форум 0,867219 0,000231
смещение 4,031286 0,001075
грин 4,031286 0,012897
официальный 0,735450 0,000392
бокс 0,534779 0,000428
hilden 5,129899 0,001368
па 3,743604 0,000998
принимать 0,955511 0,000255
все 0,067304 0,000054
википедия 0,986764 0,002105
рекламный 2,185460 0,000583
сведение 0,786093 0,000210
возможность 1,279751 0,000682
по 0,073653 0,000511
inc 0,986764 0,000263
голдфингер 5,129899 0,001368
занимать 1,664163 0,000887
модифицировать 4,436752 0,001183
очень 1,140915 0,000912
какой 1,002764 0,000802
сообщество 0,910391 0,000243
википедии 0,986764 0,000526
ioc 4,031286 0,001075
термин 1,345709 0,001794
книга 1,911023 0,001019
scot 1,695912 0,000452
объединящие 5,129899 0,001368
подъемник 5,129899 0,001368
lccn 1,492313 0,000398
вуд 4,031286 0,003224
истый 5,129899 0,001368
ikinyarwanda 3,338139 0,000890
владение 2,421849 0,000646
стиль 1,603538 0,000855
отвести 2,932674 0,000782
日本語 1,035554 0,000276
со 0,447767 0,000477
центр 0,773190 0,000412
ср 3,050457 0,000813
slovenščina 1,345709 0,000359
под 0,723179 0,000578
парусный 1,574551 0,000420
макгимпси 5,129899 0,002735
пол 0,910391 0,000971
связаться 0,867219 0,000231
декабрь 0,853233 0,000682
пом 1,695912 0,000452
brezhoneg 2,038856 0,000544
подробный 0,687247 0,000183
содержание 0,955511 0,000509
ти 3,743604 0,007984
eesti 1,069456 0,000285
притяжение 5,129899 0,001368
مصرى 1,546380 0,000412
обязательство 4,031286 0,001075
retriev 4,031286 0,003224
сейчас 1,104547 0,000294
шар 3,183989 0,005093
тэ 4,031286 0,001075
britannica 1,518981 0,001620
каноэ 1,633391 0,000435
דיש 2,644992 0,000705
весь 1,633391 0,000435
lëtzebuergesch 1,762603 0,000470
возникновение 2,644992 0,000705
machin 1,633391 0,002613
wikipedia 0,986764 0,000526
весьма 2,644992 0,000705
plattdüütsch 2,357310 0,000628
расположить 1,574551 0,001259
отредактировать 0,986764 0,000526
называть 1,258698 0,000336
миллиметр 2,932674 0,000782
создавать 2,357310 0,000628
миниатюрный 5,129899 0,002735
ушу 1,728701 0,000461
пастух 5,129899 0,001368
викиновости 1,238078 0,000330
вудхауз 5,129899 0,001368
новиков 2,932674 0,000782
ситуация 1,392229 0,000371
главный 0,565551 0,000151
හල 1,834062 0,000489
также 0,663991 0,001593
член 1,416327 0,000378
العربية 1,069456 0,000285
фризский 1,762603 0,000470
этикет 4,031286 0,003224
император 3,743604 0,000998
трава 1,392229 0,004083
головка 4,031286 0,005374
собачий 1,762603 0,000940
однажды 3,050457 0,000813
библиографический 1,279751 0,000341
устанавливаться 2,732003 0,000728
правка 0,986764 0,000526
кроличий 5,129899 0,001368
однако 1,069456 0,000855
батут 1,728701 0,000461
серфинг 1,762603 0,000470
себя 0,597299 0,000159
tolışi 1,871802 0,000499
яков 3,520461 0,000939
việt 1,140915 0,000304
отказ 0,839439 0,000224
посылать 3,520461 0,000939
дзюдо 1,466337 0,000391
авторитетный 1,871802 0,000499
один 0,342407 0,000730
полностью 1,546380 0,000412
фарватер 5,129899 0,001368
длина 1,871802 0,000499
жесткий 1,728701 0,000461
часть 1,104547 0,001767
сторона 1,069456 0,000570
майкл 2,239527 0,000597
часто 1,574551 0,000420
заявить 1,140915 0,000304
ресурс 0,812411 0,000217
заменить 1,546380 0,000412
bahasa 1,086847 0,000579
гиннесса 5,129899 0,001368
разрушитель 5,129899 0,001368
mccormick 4,436752 0,001183
король 2,490841 0,000664
номер 1,392229 0,000742
качество 1,323236 0,000353
تۆرکجه 1,762603 0,000470
через 0,971016 0,000259
क 2,421849 0,000646
lietuvių 1,140915 0,000304
rio 3,520461 0,000939
словарь 1,198073 0,001278
стрельба 1,441019 0,000768
ठ 1,574551 0,000420
द 1,546380 0,000412
न 1,518981 0,000810
команда 0,262364 0,000070
प 1,911023 0,000509
роуз 3,338139 0,000890
भ 2,239527 0,000597
новичок 1,797694 0,000479
боков 2,644992 0,002821
ल 1,911023 0,000509
являться 1,019025 0,002717
проводиться 1,086847 0,000579
получать 1,301257 0,000347
ष 2,296685 0,000612
स 2,644992 0,001410
ह 1,546380 0,000412
николова 5,129899 0,002735
скелетон 1,258698 0,000336
українська 1,035554 0,000276
штраф 2,564949 0,004103
пролететь 4,436752 0,001183
саут 5,129899 0,001368
группа 1,122566 0,000299
закон 3,338139 0,000890
зеленый 2,185460 0,000583
шотландия 2,357310 0,005656
рост 0,812411 0,000217
предусмотреть 2,932674 0,000782
garriti 5,129899 0,001368
рэкетс 1,728701 0,000461
цикл 2,644992 0,000705
эффект 2,932674 0,000782
ndl 1,834062 0,000489
cite 1,258698 0,001007
royal 4,436752 0,001183
бадминтон 1,518981 0,000405
шорты 1,035554 0,000276
удаленный 1,492313 0,000398
паганикой 5,129899 0,001368
捶丸 5,129899 0,001368
горнолыжный 1,301257 0,000347
точно 1,911023 0,000509
баскский 1,664163 0,000444
причем 1,871802 0,000499
houghton 5,129899 0,001368
гребнев 4,031286 0,002149
гэльский 1,762603 0,000470
канат 1,762603 0,000470
сегмент 4,031286 0,001075
ব 1,416327 0,000378
нарушение 1,416327 0,001510
য 2,644992 0,000705
конфиденциальность 0,293617 0,000078
unit 2,644992 0,002115
простейшее 5,129899 0,001368
гандбол 1,122566 0,000898
ল 1,416327 0,000378
svenska 1,035554 0,000276
общий 0,986764 0,000789
моторный 1,762603 0,000470
норма 3,183989 0,000849
будо 1,762603 0,000470
алегриа 5,129899 0,001368
открыть 1,279751 0,001365
фехтование 1,546380 0,000412
and 1,762603 0,003289
высота 1,762603 0,000940
профессиональный 1,052361 0,000561
французский 1,052361 0,000281
interlingua 1,603538 0,000427
где 0,675551 0,000720
основание 1,416327 0,000378
позволять 1,664163 0,001331
императорский 5,129899 0,001368
англия 1,238078 0,000330
committe 4,436752 0,001183
всеять 1,871802 0,000499
участвовать 0,955511 0,000255
papiamentu 2,732003 0,000728
посылание 5,129899 0,001368
сообщить 0,447767 0,000119
примечание 1,002764 0,000535
быть 0,119263 0,000636
ведж 5,129899 0,001368
плоскость 3,743604 0,001996
точка 1,762603 0,000470
финальный 1,492313 0,000398
космонавт 4,436752 0,001183
scottish 3,743604 0,000998
установить 1,279751 0,000682
конный 1,574551 0,000420
шон 3,183989 0,000849
атмосфера 3,050457 0,001626
english 0,925206 0,000493
выполнять 1,994404 0,000532
аэрокосмический 5,129899 0,001368
ਜ 1,664163 0,000444
четыре 0,910391 0,000243
suomi 1,052361 0,000281
dictionari 3,743604 0,000998
ਪ 1,664163 0,000444
ਬ 1,664163 0,000444
осенний 2,932674 0,000782
жестяной 5,129899 0,001368
ныне 2,357310 0,000628
обязанность 2,490841 0,000664
воздух 2,421849 0,000646
можно 1,002764 0,000267
română 1,122566 0,000299
nkc 1,574551 0,000420
использоваться 1,159607 0,000309
лунный 5,129899 0,001368
загнать 4,436752 0,001183
portuguê 1,035554 0,000276
мужской 1,198073 0,000319
oʻzbekcha 1,140915 0,000304
раз 0,485508 0,000518
чемпионат 0,188256 0,000151
ўзбекча 1,140915 0,000304
посох 4,436752 0,001183
чжаньцзи 5,129899 0,001368
latviešu 1,052361 0,000281
российский 0,224624 0,000180
паганика 5,129899 0,001368
предположительно 3,743604 0,001996
дерево 3,183989 0,000849
соблюдать 3,520461 0,001877
версия 0,393700 0,000315
некорректный 2,932674 0,000782
игла 5,129899 0,001368
tour 2,827314 0,002261
jawa 1,911023 0,000509
обычно 1,695912 0,000452
зарегистрировать 0,711058 0,000190
препятствие 3,050457 0,004879
йвер 5,129899 0,001368
اردو 1,574551 0,000420
осуществлять 3,183989 0,000849
паритет 5,129899 0,001368
знак 0,986764 0,000263
помеха 3,183989 0,000849
вылетать 3,743604 0,000998
microsoft 4,436752 0,001183
правый 0,971016 0,000518
ударить 2,564949 0,000684
olymp 2,296685 0,001225
either 5,129899 0,001368
австралийский 1,633391 0,000435
паломничество 5,129899 0,001368
golfer 4,436752 0,002366
передача 1,633391 0,000435
катиться 3,743604 0,002994
leith 5,129899 0,001368
edinburgh 4,436752 0,001183
запретить 1,178655 0,000314
нора 5,129899 0,001368
посол 0,301585 0,000322
наказание 2,490841 0,000664
медиафайлы 1,217876 0,000325
украшение 4,436752 0,001183
знать 1,345709 0,000359
galego 1,178655 0,000314
масштабировать 5,129899 0,001368
старый 1,159607 0,000618
короткий 0,699082 0,000559
gàidhlig 2,644992 0,000705
book 2,932674 0,001564
доставить 4,436752 0,001183
километр 1,951845 0,000520
служебный 0,955511 0,000255
клюшка 3,743604 0,023953
scientif 4,436752 0,001183
положение 1,416327 0,000378
сессия 2,732003 0,000728
уменьшать 4,031286 0,001075
green 3,520461 0,003754
поверхность 2,239527 0,004179
associ 0,986764 0,001052
wan 5,129899 0,001368
желобок 5,129899 0,005470
правосторонний 4,436752 0,001183
свободный 0,867219 0,000231
way 4,436752 0,001183
применяться 1,217876 0,000325
процедура 2,490841 0,000664
существовать 1,122566 0,001496
what 3,338139 0,000890
современный 1,159607 0,001546
играться 2,564949 0,000684
play 1,441019 0,001537
ранний 1,492313 0,000796
получить 0,384967 0,000411
территориальный 3,743604 0,000998
нидерланды 1,518981 0,000405
slice 5,129899 0,001368
изгибаться 5,129899 0,001368
следить 1,994404 0,000532
архивировать 1,104547 0,004711
поступать 3,050457 0,000813
יי 2,644992 0,000705
связанный 0,786093 0,000210
нанести 2,185460 0,001748
melayu 1,368699 0,000365
будущее 1,664163 0,000444
italiano 1,035554 0,000276
год 0,099461 0,000742
совместно 2,732003 0,000728
симулятор 5,129899 0,002735
айсшток 1,728701 0,000461
мах 3,520461 0,000939
alistair 5,129899 0,001368
հայերեն 1,198073 0,000319
сент 2,564949 0,002051
мая 0,986764 0,002105
трамп 3,338139 0,000890
расход 2,490841 0,000664
српскохрватски 1,416327 0,000378
web 1,279751 0,001024
рио 2,296685 0,000612
приз 1,834062 0,000489
желоб 4,436752 0,001183
bokmål 1,069456 0,000285
снолф 5,129899 0,001368
more 2,932674 0,000782
шаблон 1,441019 0,000384
инструмент 0,881403 0,000470
акция 2,357310 0,000628
такой 0,735450 0,000588
планерный 1,762603 0,000470
кореянка 5,129899 0,001368
putter 5,129899 0,002735
мусор 3,520461 0,000939
отклониться 5,129899 0,001368
рекреационный 4,436752 0,001183
съемка 3,743604 0,000998
рука 1,392229 0,000371
историк 3,338139 0,000890
русый 1,368699 0,000365
afrikaan 1,441019 0,000384
фонд 0,895792 0,000239
телешоу 5,129899 0,001368
мейджор 4,436752 0,001183
вестись 2,185460 0,000583
стойка 2,490841 0,000664
трамплин 1,140915 0,000304
наиболее 1,466337 0,000782
указать 1,198073 0,000319
датировать 3,520461 0,000939
история 0,270086 0,000648
македонский 1,258698 0,000336
горизонт 4,031286 0,001075
длить 0,146292 0,001599
непосредственно 2,134166 0,000569
bân 1,762603 0,000470
ழ 1,492313 0,000398
либо 1,140915 0,000608
согласно 1,574551 0,000420
ямочный 5,129899 0,001368
название 1,035554 0,000828
редко 2,490841 0,000664
поиск 0,711058 0,000569
чемпион 0,334108 0,000089
game 1,797694 0,000959
handbook 3,520461 0,000939
франц 3,338139 0,000890
исторический 1,762603 0,000470
oldid 0,986764 0,000263
usga 5,129899 0,001368
первое 0,393700 0,000210
типичный 4,436752 0,001183
алексей 1,140915 0,000608
запрещать 2,827314 0,000754
голос 2,357310 0,000628
зачисление 4,436752 0,001183
david 3,338139 0,000890
прохождение 2,732003 0,000728
принять 0,786093 0,000210
рок 1,695912 0,000452
рон 4,436752 0,001183
histor 3,520461 0,000939
ayisyen 2,490841 0,000664
авторство 0,986764 0,000263
высокий 0,760451 0,000405
закатывание 5,129899 0,001368
сместить 4,031286 0,001075
català 1,086847 0,000290
новый 0,239550 0,000064
образ 1,178655 0,000314
поведение 0,839439 0,000224
эволюционировать 4,031286 0,001075
происходить 1,466337 0,000391
выйти 0,773190 0,000206
теннис 0,475938 0,000254
кевин 2,038856 0,001087
గ 2,038856 0,000544
лапа 4,436752 0,001183
финский 1,518981 0,000405
питч 5,129899 0,001368
فارسی 1,104547 0,000294
удар 1,633391 0,016547
bbc 2,932674 0,000782
త 2,038856 0,000544
предел 1,603538 0,000427
исполнение 2,239527 0,000597
an 2,644992 0,001410
as 2,564949 0,001368
ల 2,038856 0,000544
at 2,732003 0,002185
викимедиа 0,986764 0,000263
распространиться 3,050457 0,000813
флажок 3,743604 0,001996
показывать 1,762603 0,000470
azərbaycanca 1,258698 0,000336
теория 2,357310 0,000628
определить 1,301257 0,001388
сохранность 4,436752 0,001183
британец 2,490841 0,000664
эршир 5,129899 0,001368
дополнительный 0,940244 0,000501
первоначальный 2,827314 0,000754
земля 2,490841 0,001992
мир 0,277868 0,000148
by 0,971016 0,000777
регби 0,955511 0,000509
навес 4,031286 0,001075
русский 0,760451 0,000203
входить 1,258698 0,000336
cc 0,986764 0,000263
сознательный 5,129899 0,001368
пирс 4,436752 0,001183
небольшой 2,296685 0,000612
shqip 1,466337 0,000391
время 0,384967 0,000411
co 3,520461 0,000939
вправо 3,743604 0,000998
получение 2,085376 0,000556
носить 1,664163 0,000444
پنجابی 2,239527 0,000597
do 4,436752 0,002366
викиданных 0,986764 0,000263
написать 2,038856 0,000544
зависимость 1,911023 0,001019
научный 2,732003 0,000728
мкс 3,743604 0,001996
каталог 1,301257 0,000347
ea 4,436752 0,001183
показать 0,504926 0,000135
ed 3,520461 0,000939
хоть 4,031286 0,001075
отсутствие 1,664163 0,000444
спороть 3,520461 0,000939
задача 1,546380 0,000412
мячик 5,129899 0,005470
хотя 1,546380 0,000412
счет 0,799165 0,000852
порядок 1,664163 0,000444
олимпийский 0,342407 0,000456
читать 0,555188 0,000148
древний 2,421849 0,000646
прямая 1,441019 0,001153
англ 1,159607 0,010820
musselburgh 5,129899 0,001368
origin 3,183989 0,000849
for 2,239527 0,000597
волейбол 0,955511 0,000255
лужайка 4,436752 0,003548
иды 5,129899 0,002735
bound 5,129899 0,001368
хэчона 5,129899 0,001368
полноразмерный 4,436752 0,001183
британия 4,436752 0,001183
srpskohrvatski 1,416327 0,000378
中文 1,035554 0,000276
помимо 1,911023 0,000509
тереть 0,786093 0,000838
основа 1,301257 0,000347
foundat 0,986764 0,000263
congress 4,436752 0,001183
изд 2,564949 0,000684
бондианы 5,129899 0,001368
подобный 1,911023 0,001019
испытание 3,183989 0,001698
восемнадцать 3,743604 0,000998
среди 0,597299 0,000159
анатолия 2,357310 0,001257
redandblack 5,129899 0,001368
послать 3,050457 0,002440
канадский 1,603538 0,000855
похожий 2,644992 0,000705
гладкий 3,520461 0,002816
join 3,743604 0,000998
https 0,699082 0,000186
if 5,129899 0,001368
ii 2,239527 0,000597
левосторонний 4,436752 0,001183
лопатообразный 5,129899 0,001368
in 1,911023 0,000509
мобильный 0,555188 0,000148
tiếng 1,140915 0,000304
עברית 1,052361 0,000281
index 0,986764 0,000263
is 2,932674 0,000782
большой 0,687247 0,000183
it 2,732003 0,001457
далее 2,185460 0,001165
iv 2,644992 0,000705
ix 2,564949 0,000684
должен 0,597299 0,000796
избранный 0,955511 0,000255
массивный 4,436752 0,001183
ള 1,695912 0,000452
сравнение 2,134166 0,001138
john 2,644992 0,000705
предок 4,436752 0,001183
забить 1,466337 0,000391
begin 4,436752 0,001183
подстричь 5,129899 0,001368
орлан 5,129899 0,001368
librari 5,129899 0,001368
лопез 5,129899 0,001368
kurdî 1,834062 0,000489
разновидность 2,490841 0,000664
tournament 3,050457 0,000813
доглег 5,129899 0,005470
крикет 1,695912 0,000452
world 1,416327 0,000755
ударять 4,031286 0,001075
провести 0,799165 0,000426
это 0,181139 0,000290
массовый 1,466337 0,000782
большинство 1,466337 0,000782
поддерживать 2,185460 0,000583
упряжка 1,762603 0,000470
колебаться 4,031286 0,001075
триатлон 1,633391 0,000435
исследователь 4,031286 0,001075
два 0,504926 0,000673
прямой 1,695912 0,001356
gí 1,762603 0,000470
покрытие 2,490841 0,000664
draw 3,520461 0,000939
доступный 0,955511 0,000255
двойной 2,490841 0,001328
утверждение 1,695912 0,000452
подмена 5,129899 0,001368
стартовый 1,728701 0,003226
держать 2,490841 0,000664
piemontèi 2,564949 0,000684
или 0,576022 0,001536
қазақша 1,178655 0,000314
включить 1,392229 0,000371
than 3,743604 0,000998
bne 2,932674 0,000782
bnf 1,834062 0,000489
учетный 0,986764 0,000263
направо 3,520461 0,000939
много 0,735450 0,000980
чхве 4,436752 0,001183
отсек 5,129899 0,001368
представиться 0,986764 0,000263
инженерия 5,129899 0,001368
затем 1,301257 0,000347
побить 1,951845 0,000520
корейский 2,134166 0,001138
вещество 3,520461 0,000939
означать 2,185460 0,000583
no 1,911023 0,000509
ස 1,834062 0,000489
ошибка 0,576022 0,000154
вопрос 1,104547 0,000294
колебание 5,129899 0,001368
искусственный 2,239527 0,000597
германий 0,723179 0,000193
игра 0,112619 0,001051
компания 0,971016 0,000259
путем 2,644992 0,000705
произвести 2,732003 0,000728
of 1,695912 0,006330
deutsch 1,052361 0,000281
марта 0,853233 0,001137
паттер 5,129899 0,004103
датский 1,368699 0,000365
on 2,239527 0,000597
присутствовать 1,951845 0,000520
рекомендация 1,217876 0,000325
больший 0,457070 0,001584
песок 3,520461 0,000939
ложный 3,520461 0,000939
событие 0,565551 0,000151
драйвер 4,436752 0,002366
использование 0,277868 0,000074
допустимый 2,644992 0,000705
свинг 5,129899 0,004103
скиинг 1,762603 0,000470
соревнование 0,411400 0,000219
ph 1,762603 0,000470
мимо 4,031286 0,001075
лицензия 0,971016 0,000259
округлый 4,436752 0,001183
архивный 1,518981 0,002430
угол 2,421849 0,002583
представлять 1,217876 0,000649
зимний 0,663991 0,000177
продвинуть 5,129899 0,001368
encarta 5,129899 0,001368
ряд 1,198073 0,000319
страница 0,910391 0,001942
сам 0,747872 0,000798
запись 0,910391 0,000243
qr 0,986764 0,000263
old 3,183989 0,001698
ancient 3,743604 0,000998
патт 5,129899 0,002735
санный 1,301257 0,000347
сохранение 0,971016 0,000259
吴语 1,238078 0,000330
фристайл 1,238078 0,000330
дать 0,608110 0,000162
космос 4,031286 0,005374
пресс 0,895792 0,000239
персональный 0,723179 0,000193
ænglisc 2,564949 0,000684
возможный 1,392229 0,000371
ru 0,285712 0,000076
действовать 0,825834 0,000220
ilokano 3,050457 0,000813
оказываться 2,564949 0,000684
sa 0,986764 0,000263
дата 0,799165 0,003622
дюна 4,436752 0,001183
nynorsk 1,546380 0,000412
sh 1,797694 0,000959
того 0,955511 0,000764
мастерс 3,743604 0,000998
китайский 1,069456 0,000855
st 3,183989 0,001698
intern 2,357310 0,000628
español 1,019025 0,000272
спид 1,762603 0,000470
one 3,183989 0,000849
литература 1,695912 0,000904
россия 0,139466 0,000074
winaray 2,490841 0,000664
tagalog 1,911023 0,000509
рекорд 0,955511 0,000509
bosanski 1,345709 0,000359
hill 3,520461 0,000939
свой 0,586604 0,000156
th 2,185460 0,000583
አማርኛ 3,183989 0,000849
fairway 5,129899 0,005470
свое 0,457070 0,000244
to 2,038856 0,000544
январь 0,786093 0,000210
настольный 1,198073 0,000319
нерабочий 2,644992 0,000705
голдфингера 5,129899 0,001368
палка 3,050457 0,000813
декоративный 5,129899 0,001368
uk 3,338139 0,000890
us 2,038856 0,000544
баггера 5,129899 0,001368
norsk 1,052361 0,000561
ruleshistori 5,129899 0,001368
штрафной 2,038856 0,000544
mifflin 5,129899 0,001368
аллея 4,031286 0,001075
задерживаться 4,031286 0,001075
флаг 0,895792 0,000239
ẽ 2,732003 0,000728
подъемный 5,129899 0,001368
затруднить 4,436752 0,002366
волшебный 1,695912 0,000452
попасть 1,140915 0,000912
polski 1,035554 0,000276
свойство 3,183989 0,000849
фактура 5,129899 0,001368
хол 4,436752 0,001183
издержка 5,129899 0,001368
отверстие 4,436752 0,001183
org 0,986764 0,000263
recognit 5,129899 0,001368
сыграть 0,839439 0,000224
коллега 3,050457 0,001626
некоммерческий 0,986764 0,000263
любой 1,238078 0,000660
xv 2,732003 0,001457
xx 1,546380 0,000412
мяч 0,735450 0,009411
естественный 2,827314 0,000754
указание 0,986764 0,000263
темп 2,732003 0,000728
скакать 5,129899 0,001368
показательный 1,279751 0,000341
српски 1,035554 0,000276
ттер 5,129899 0,001368
hazard 4,436752 0,003548
muirfield 5,129899 0,001368
эпизод 2,732003 0,000728
дро 5,129899 0,001368
двоеборье 1,217876 0,000325
дорожный 3,520461 0,000939
apollo 5,129899 0,001368
ски 1,069456 0,000285
берег 4,031286 0,001075
галлахер 5,129899 0,001368
дра 5,129899 0,001368
бердь 5,129899 0,001368
стыковочный 4,436752 0,001183
димпалсами 5,129899 0,001368
безопасность 2,296685 0,000612
хук 4,031286 0,003224
лыжный 0,675551 0,000360
который 0,325878 0,002519
постоянный 0,881403 0,000235
лететь 3,338139 0,000890
конькобежный 1,140915 0,000304
out 3,338139 0,000890
легкий 0,895792 0,001672
например 1,603538 0,001282
türkçe 1,052361 0,000281
привести 1,466337 0,000782
paganica 5,129899 0,002735
случай 0,867219 0,001387
альбатрос 5,129899 0,001368
гнутый 5,129899 0,001368
gentlemen 5,129899 0,001368
несколько 0,971016 0,001035
начало 0,760451 0,000405
располагаться 1,951845 0,002081
avañ 2,732003 0,000728
ровный 2,421849 0,000646
свежий 0,839439 0,000224
использовать 0,940244 0,001003
любитель 1,238078 0,001980
маленький 1,392229 0,002598
xiv 2,490841 0,001328
xix 1,834062 0,000978
внешний 1,104547 0,000589
идеальный 2,644992 0,001410
апрель 0,986764 0,000789
ученый 3,050457 0,000813
начинать 1,140915 0,000304
количество 0,853233 0,000455
бейсбол 1,416327 0,000755
модель 2,490841 0,000664
ground 3,520461 0,001877
кинофильм 4,436752 0,001183
называться 1,603538 0,001710
link 5,129899 0,010941
статистика 0,630089 0,000168
невозможно 2,564949 0,000684
перенос 3,183989 0,000849
воздушный 3,743604 0,000998
побережье 4,031286 0,001075
മലയ 1,695912 0,000452
монгол 1,518981 0,000405
выпуск 2,134166 0,001138
wedg 5,129899 0,004103
информация 0,608110 0,000162
квалификационный 2,085376 0,000556
кыргызча 2,085376 0,000556
проверить 1,368699 0,000365
переть 0,359214 0,000670
источник 0,786093 0,001257
