рф 1,871802 0,000534
личный 2,732003 0,000780
боруссия 3,050457 0,000871
девять 2,038856 0,001164
день 0,699082 0,001996
лед 1,951845 0,001672
хватать 1,633391 0,000466
газета 1,392229 0,001590
сб 4,436752 0,003801
спасибо 2,357310 0,000673
соперничество 2,421849 0,001383
козловый 2,357310 0,001346
стиль 1,603538 0,001374
апл 1,871802 0,000534
со 0,447767 0,000384
прервать 1,762603 0,001007
профессионально 3,743604 0,001069
центр 0,773190 0,001104
ср 3,050457 0,002613
вратарь 1,323236 0,000378
чуть 2,357310 0,003366
мали 2,644992 0,000755
проиграть 1,104547 0,000631
сэ 2,932674 0,001675
пол 0,910391 0,000260
македония 2,732003 0,000780
жертва 2,932674 0,000837
тв 1,633391 0,000466
щетка 4,436752 0,001267
обыграть 1,122566 0,002244
дубай 2,185460 0,001248
лично 3,050457 0,000871
хачанова 5,129899 0,001465
подробный 0,687247 0,000196
немного 2,038856 0,001164
реклама 0,687247 0,000196
фото 0,799165 0,000685
буря 4,436752 0,002534
связь 0,747872 0,000214
иностранный 2,185460 0,000624
домыть 2,932674 0,001675
четвертьфинал 1,279751 0,004385
суд 2,421849 0,000692
olimpbet 3,050457 0,001742
балл 1,871802 0,001603
уезжать 3,743604 0,001069
металлург 1,834062 0,000524
запас 2,932674 0,000837
суперзвезда 3,183989 0,002728
собрать 2,357310 0,001346
полуфиналист 2,239527 0,000639
победный 1,871802 0,002138
читатель 3,050457 0,001742
весь 1,633391 0,001866
пройти 0,544931 0,001089
вхл 1,664163 0,000475
информационный 1,122566 0,000321
оскорбить 4,436752 0,001267
теперь 0,971016 0,000832
сложность 1,951845 0,000557
болгария 2,185460 0,000624
дело 1,664163 0,000950
брайан 3,520461 0,001005
итальянский 1,633391 0,000466
индий 2,644992 0,000755
драка 2,134166 0,000609
акробатика 2,732003 0,003121
g 2,490841 0,000711
расистский 2,827314 0,002422
про 1,301257 0,000372
билль 2,296685 0,000656
винисиус 2,296685 0,001312
сильный 1,198073 0,000342
фк 1,951845 0,003901
миланя 2,038856 0,009315
проблема 1,122566 0,000321
главный 0,565551 0,000161
колумбия 3,050457 0,000871
фс 2,085376 0,000595
aca 5,129899 0,001465
стартовать 1,633391 0,000466
украина 1,217876 0,000348
псж 1,518981 0,002602
италия 0,524729 0,001648
фотография 2,134166 0,001219
прием 1,911023 0,000546
isu 1,603538 0,000458
единоборство 1,994404 0,001139
снова 1,574551 0,002248
россиянин 0,971016 0,000832
правовой 2,038856 0,000582
окончание 1,546380 0,000442
чимаев 2,357310 0,000673
хайкина 3,050457 0,001742
овертайме 2,038856 0,003493
камбэк 2,732003 0,000780
себя 0,597299 0,000512
часы 1,911023 0,001091
летие 2,421849 0,000692
сколько 1,834062 0,000524
дурана 3,743604 0,001069
корея 1,695912 0,001937
трудоголик 5,129899 0,001465
дэвис 1,633391 0,000466
зелимхан 3,520461 0,001005
гонка 0,853233 0,000975
рико 3,338139 0,000953
авторитетный 1,871802 0,000534
поддержка 1,546380 0,000442
один 0,342407 0,000391
одиночный 2,239527 0,001279
дрэгонс 2,932674 0,001675
совет 0,825834 0,000472
вперед 1,797694 0,000513
чм 1,492313 0,000426
контролировать 2,564949 0,000732
чр 3,050457 0,000871
ливан 3,338139 0,000953
нация 1,797694 0,000513
чт 4,436752 0,003801
гвинея 3,050457 0,000871
live 1,492313 0,002557
локомотив 0,839439 0,001438
последний 0,376309 0,000430
монголия 3,520461 0,001005
россиянка 2,085376 0,001191
минута 0,940244 0,001074
немец 2,564949 0,000732
pdf 0,940244 0,000268
арсенал 1,323236 0,000378
заявить 1,140915 0,000326
сша 0,586604 0,001675
ресурс 0,812411 0,000232
лидер 1,258698 0,000719
южный 1,159607 0,000331
vincer 4,436752 0,001267
говорить 1,834062 0,000524
опередить 2,827314 0,000807
уйти 1,392229 0,000795
киберспорт 1,762603 0,000503
номер 1,392229 0,005168
трансфер 1,492313 0,000426
телевизор 3,743604 0,001069
нигерия 2,827314 0,000807
становиться 1,159607 0,000331
нравиться 2,932674 0,000837
бразилия 1,797694 0,000513
команда 0,262364 0,000599
поставить 1,633391 0,000933
матчевый 2,296685 0,000656
конференция 1,392229 0,000398
очко 1,416327 0,000404
зенит 0,867219 0,001238
pfl 2,421849 0,000692
двенадцатый 5,129899 0,001465
никогда 1,951845 0,000557
летчик 4,031286 0,001151
узбекистан 2,732003 0,000780
концовка 2,932674 0,001675
разочарование 4,031286 0,001151
пономарев 2,827314 0,000807
золото 1,140915 0,003258
устроить 2,644992 0,000755
скелетон 1,258698 0,000359
кросби 1,994404 0,001709
штраф 2,564949 0,000732
youtub 1,797694 0,000513
двукратный 2,239527 0,000639
pgl 4,436752 0,001267
юфл 3,338139 0,000953
группа 1,122566 0,002885
малинин 2,644992 0,000755
спецпроект 1,994404 0,000570
француз 2,239527 0,000639
рост 0,812411 0,000696
американец 2,134166 0,000609
реально 3,338139 0,003813
спортсмен 0,565551 0,000323
йонуц 5,129899 0,001465
разобраться 3,520461 0,001005
батрак 3,520461 0,002011
диего 3,183989 0,000909
взять 1,159607 0,000331
стоить 1,546380 0,000442
его 0,447767 0,000639
жизнь 0,881403 0,000755
только 0,447767 0,000256
гирасси 5,129899 0,001465
головин 1,695912 0,001453
бенфикой 3,183989 0,000909
шорты 1,035554 0,000887
нхл 0,925206 0,000793
кордоба 3,743604 0,001069
турнир 0,293617 0,002012
допустить 1,546380 0,000442
эл 2,134166 0,000609
аравия 1,834062 0,001047
уступить 1,368699 0,000391
дзен 2,932674 0,000837
теплый 2,932674 0,000837
канал 1,416327 0,000404
хороший 0,393700 0,000450
обида 3,743604 0,002138
бразилец 2,239527 0,001279
тренировка 0,895792 0,000767
окно 2,357310 0,000673
красный 1,069456 0,000305
белоруссия 2,827314 0,000807
значит 2,644992 0,000755
удостоверение 4,436752 0,001267
сабонис 4,031286 0,001151
трансферный 2,421849 0,000692
черногория 2,732003 0,000780
оренбург 1,301257 0,000743
общий 0,986764 0,000564
обвинить 2,932674 0,000837
кабинет 3,050457 0,000871
состояние 1,301257 0,000372
душно 5,129899 0,001465
приблизить 3,743604 0,001069
эритрея 4,436752 0,001267
психика 4,031286 0,001151
престижный 2,085376 0,000595
буде 2,038856 0,006986
марино 2,827314 0,000807
открыть 1,279751 0,000365
горнолыжница 3,520461 0,001005
никто 1,574551 0,000450
загадывать 5,129899 0,001465
подпортить 5,129899 0,001465
сохранять 2,564949 0,000732
против 0,747872 0,000427
похоже 3,743604 0,001069
профессиональный 1,052361 0,000301
главное 0,524729 0,000599
так 0,597299 0,000171
тонкость 3,743604 0,001069
отметиться 3,050457 0,000871
французский 1,052361 0,000301
румыния 2,038856 0,000582
фифа 1,728701 0,000494
голова 1,301257 0,000372
салават 2,085376 0,002382
винисиусом 2,564949 0,000732
интервью 0,971016 0,000832
любительский 1,416327 0,000404
ньюкасла 2,932674 0,001675
издание 1,574551 0,000450
бундеслига 2,134166 0,000609
сетевой 2,038856 0,000582
раскрыть 1,871802 0,000534
лыжник 2,085376 0,001191
кринон 4,031286 0,001151
fonbet 2,827314 0,001615
англия 1,238078 0,000707
фев 3,050457 0,111496
покер 2,490841 0,002134
быть 0,119263 0,000409
аналитик 2,038856 0,000582
нынешний 2,085376 0,001786
пуэрто 3,338139 0,000953
есть 0,812411 0,000696
вести 1,238078 0,000354
спорт 0,125952 0,000647
таки 2,296685 0,002623
шок 4,436752 0,001267
грузия 2,296685 0,001312
подписка 3,520461 0,006032
мальта 3,050457 0,000871
шон 3,183989 0,000909
франция 0,675551 0,001543
набрать 1,368699 0,000391
этот 0,350775 0,000200
аренда 1,728701 0,000494
четыре 0,910391 0,000780
сказать 1,368699 0,000391
аутсайдер 3,050457 0,000871
night 4,031286 0,001151
швеция 1,035554 0,002661
тайм 1,633391 0,000933
сохранить 2,085376 0,000595
хавбек 3,050457 0,001742
фигуристка 2,239527 0,001279
разыграть 2,038856 0,000582
известный 0,986764 0,000564
основное 1,368699 0,000391
зож 2,827314 0,000807
спортивный 0,301585 0,000172
женщина 0,663991 0,002275
игрок 0,711058 0,000609
мирлинд 4,031286 0,001151
выступление 0,955511 0,002183
челябинск 2,239527 0,001279
отдел 3,183989 0,000909
cyberpro 5,129899 0,005859
чимаева 3,520461 0,001005
rss 2,085376 0,001191
мужской 1,198073 0,000342
бенин 3,520461 0,001005
аделий 1,871802 0,003207
раз 0,485508 0,000139
чемпионат 0,188256 0,000591
оставить 2,185460 0,000624
дюбуа 3,183989 0,001818
жозе 3,183989 0,000909
российский 0,224624 0,000321
феерия 4,436752 0,001267
испания 1,159607 0,000993
выиграть 0,485508 0,000693
прятать 5,129899 0,001465
уехать 2,732003 0,001560
версия 0,393700 0,000112
газетный 4,436752 0,002534
интернет 1,574551 0,000450
испугаться 4,436752 0,003801
смотреть 1,368699 0,001173
сочить 0,853233 0,000487
шесть 1,238078 0,000707
тег 2,421849 0,000692
галатасарай 3,338139 0,001906
карен 2,357310 0,000673
лазурный 5,129899 0,001465
израиль 2,085376 0,000595
популярный 1,392229 0,000398
назвать 0,940244 0,000537
без 0,466460 0,000533
игорь 1,871802 0,000534
убедить 4,031286 0,003453
дома 1,695912 0,000969
поле 1,392229 0,000398
правый 0,971016 0,000555
судейский 2,421849 0,002075
представить 1,518981 0,000434
зря 4,031286 0,002302
осадочек 5,129899 0,001465
работа 1,086847 0,000310
спринт 1,871802 0,001603
моуринью 2,932674 0,000837
запрет 2,134166 0,000609
европа 0,393700 0,000450
atp 1,994404 0,000570
характеристика 2,732003 0,000780
амур 2,644992 0,000755
передача 1,633391 0,000466
эмоция 2,357310 0,000673
евро 1,466337 0,000419
эспозито 3,183989 0,000909
редакция 0,940244 0,000268
мексика 2,239527 0,000639
пока 1,159607 0,000662
посол 0,301585 0,000775
период 1,035554 0,000296
сопротивление 2,564949 0,000732
сибирь 2,038856 0,000582
клуб 0,652562 0,000373
саудовский 1,834062 0,001047
девайс 5,129899 0,001465
автор 1,466337 0,000419
короткий 0,699082 0,001397
абсолютный 2,038856 0,000582
достать 3,743604 0,001069
возвращаться 1,871802 0,000534
гуменник 2,564949 0,000732
тобаго 3,183989 0,000909
нижний 0,955511 0,000273
подтвердить 1,762603 0,000503
всегда 1,258698 0,000719
поражение 1,122566 0,000962
оаэ 2,357310 0,000673
вильярреал 2,827314 0,000807
колонка 4,031286 0,003453
купер 2,932674 0,001675
километр 1,951845 0,001115
ярко 3,050457 0,001742
впереди 2,421849 0,000692
видеоигра 4,436752 0,001267
хлусевича 2,932674 0,000837
фелпса 4,031286 0,001151
зуб 3,183989 0,000909
положение 1,416327 0,000404
краснодар 0,867219 0,001486
армеец 2,564949 0,000732
канада 0,867219 0,006934
бобслей 1,217876 0,000348
оказать 2,732003 0,000780
дортмунд 3,183989 0,000909
уругвай 2,732003 0,000780
призовой 1,951845 0,001672
трансляция 1,217876 0,002782
прокат 1,951845 0,000557
никита 1,492313 0,001278
иран 2,827314 0,000807
хайкин 3,050457 0,000871
монстр 3,338139 0,000953
применяться 1,217876 0,000348
фнл 2,421849 0,001383
статья 0,495170 0,000990
если 0,675551 0,000579
возглавлять 2,564949 0,002197
рен 3,743604 0,001069
разочаровать 5,129899 0,001465
пятый 1,574551 0,000450
вылиться 4,436752 0,001267
глеб 3,050457 0,000871
вторник 2,932674 0,001675
групповой 1,603538 0,000458
редактор 1,871802 0,000534
эдуард 2,085376 0,000595
получить 0,384967 0,000220
контакт 1,035554 0,000296
язык 0,925206 0,000264
монако 1,994404 0,003987
нидерланды 1,518981 0,000434
эквадор 2,932674 0,000837
покупка 2,732003 0,000780
анисимов 3,743604 0,001069
следить 1,994404 0,001139
гол 1,323236 0,003401
неужели 4,436752 0,001267
сделать 0,853233 0,000244
связанный 0,786093 0,000224
босния 2,644992 0,000755
олимпионик 5,129899 0,001465
дилемма 4,436752 0,003801
милан 1,574551 0,001349
обстоятельство 2,732003 0,002340
телеграм 3,050457 0,000871
разный 1,368699 0,000391
дедлайн 4,031286 0,002302
попырина 4,031286 0,001151
год 0,099461 0,000170
нелюбимый 4,436752 0,001267
максим 1,871802 0,000534
эстония 2,296685 0,000656
десятый 3,183989 0,001818
кузнецов 2,239527 0,001918
международный 0,466460 0,000133
матч 0,293617 0,003773
сербия 2,134166 0,000609
мба 3,183989 0,000909
ньюкасл 2,085376 0,001786
большунов 2,185460 0,001872
непростой 3,183989 0,000909
олимпиакос 2,085376 0,001191
серебро 1,695912 0,000969
динамо 0,663991 0,001706
албания 2,932674 0,000837
семь 1,633391 0,000466
корпоративный 3,338139 0,000953
петя 4,436752 0,001267
впечатлять 3,743604 0,001069
вещь 3,338139 0,000953
опоздать 3,338139 0,000953
доминировать 2,421849 0,000692
гостевой 2,421849 0,000692
экспресс 1,416327 0,003235
сегодня 0,881403 0,000755
бормио 4,436752 0,001267
пропустить 1,122566 0,000321
кошмар 2,827314 0,000807
такой 0,735450 0,001260
разбирать 3,338139 0,000953
деть 0,619039 0,000177
полуфинал 1,238078 0,002828
чемпионка 1,441019 0,000411
неожиданный 2,296685 0,000656
глимт 2,038856 0,006986
евротурнире 5,129899 0,001465
поздравить 3,050457 0,000871
лига 0,325878 0,003071
евгения 1,178655 0,000337
накануне 3,183989 0,000909
ради 2,421849 0,000692
военный 1,664163 0,000475
летний 0,619039 0,000354
napoca 4,436752 0,001267
вырвать 2,421849 0,001383
покорять 3,743604 0,001069
топ 1,238078 0,000707
состав 0,867219 0,000495
олимпиада 0,576022 0,026317
глаз 2,239527 0,000639
тот 0,393700 0,000112
лихтенштейн 3,183989 0,000909
календарь 0,675551 0,000772
трамплин 1,140915 0,000326
сложно 2,134166 0,000609
частить 1,664163 0,000475
тринидад 3,050457 0,000871
дебютировать 2,085376 0,002382
бот 4,031286 0,001151
шанхай 2,490841 0,001423
история 0,270086 0,000077
три 1,178655 0,000673
таблица 0,711058 0,000812
звезда 1,035554 0,001183
длить 0,146292 0,000292
гордон 2,421849 0,002766
клубный 1,416327 0,000809
норвегия 1,279751 0,001827
принести 1,871802 0,000534
хорватия 2,296685 0,000656
интером 3,520461 0,001005
бой 1,279751 0,000365
чемпион 0,334108 0,002385
исторический 1,762603 0,000503
клебо 2,490841 0,004979
катание 0,514778 0,001764
первое 0,393700 0,001686
как 0,232059 0,000464
участник 0,799165 0,000228
гаити 3,338139 0,000953
лыжа 0,925206 0,000528
дистанция 1,728701 0,000987
алексей 1,140915 0,000652
голевой 2,827314 0,000807
премьер 1,198073 0,000684
pari 1,546380 0,000442
встреча 1,368699 0,000782
расписание 1,664163 0,001426
герцеговина 2,644992 0,000755
думать 2,185460 0,000624
хоккеист 1,633391 0,001399
гуменника 2,564949 0,002930
занять 1,159607 0,000331
принять 0,786093 0,000224
немой 1,416327 0,000404
канадец 2,421849 0,001383
мхитарян 4,436752 0,001267
зима 2,644992 0,000755
ufc 1,441019 0,000823
третье 1,035554 0,000296
высокий 0,760451 0,000434
хамзат 2,296685 0,000656
второе 0,839439 0,000479
второй 0,576022 0,000329
финал 0,699082 0,002994
новый 0,239550 0,000274
поведение 0,839439 0,000240
рпл 1,140915 0,001303
тур 1,159607 0,009934
медальный 1,797694 0,004107
невероятный 3,050457 0,001742
жуткий 4,031286 0,001151
еще 0,167054 0,000143
теннис 0,475938 0,000680
выйти 0,773190 0,002649
болеть 2,644992 0,001511
марафон 2,490841 0,000711
понервировали 5,129899 0,001465
сахалинск 4,031286 0,001151
йоханнес 2,085376 0,001786
ахмат 1,198073 0,001026
литва 2,239527 0,000639
ставка 0,799165 0,000456
рейс 2,644992 0,001511
тренироваться 2,564949 0,000732
полный 0,940244 0,000268
гера 2,644992 0,000755
рюкзак 4,436752 0,001267
александр 0,839439 0,000719
а 0,209918 0,000360
в 0,017911 0,000685
г 0,925206 0,000264
д 0,895792 0,000256
издаваться 3,743604 0,001069
е 0,867219 0,000495
ж 2,644992 0,000755
и 0,023953 0,000417
интер 1,633391 0,004664
джон 1,633391 0,000933
четверг 2,239527 0,000639
к 0,132686 0,000152
комо 2,421849 0,000692
добиться 2,085376 0,000595
м 0,534779 0,000916
н 0,895792 0,000256
альпинизм 1,301257 0,002601
о 0,042302 0,000157
венесуэла 3,338139 0,000953
п 1,086847 0,000621
предстать 4,031286 0,001151
с 0,036149 0,000444
она 0,597299 0,000341
т 1,368699 0,000782
у 0,342407 0,000978
триколор 4,436752 0,001267
экс 1,994404 0,000570
х 0,986764 0,000845
китай 1,695912 0,001937
бенфики 2,827314 0,000807
скачать 0,895792 0,000256
сезон 0,723179 0,000207
валиев 2,185460 0,000624
косово 3,338139 0,000953
я 0,747872 0,000427
бенфика 2,644992 0,000755
футбол 0,247097 0,003387
конек 2,296685 0,000656
мир 0,277868 0,000714
искать 2,732003 0,000780
ювентус 2,357310 0,002019
бенфику 2,932674 0,000837
португалия 1,994404 0,000570
русский 0,760451 0,000217
этап 0,895792 0,000512
боец 1,797694 0,001027
конец 1,035554 0,000887
время 0,384967 0,000330
забыть 2,932674 0,001675
австрия 1,871802 0,000534
краснодарец 5,129899 0,001465
атлетико 1,911023 0,003274
исландия 2,644992 0,000755
биография 3,520461 0,002011
гаджеты 2,421849 0,000692
cпорт 5,129899 0,001465
зачё 5,129899 0,001465
японец 2,564949 0,000732
соцсетях 1,466337 0,000419
полярный 4,436752 0,001267
шанс 1,258698 0,002157
прийтись 1,871802 0,001603
cluj 4,436752 0,001267
зубной 4,436752 0,001267
северный 1,492313 0,000426
зарубежный 1,695912 0,000484
выступить 1,238078 0,000354
щербаков 2,490841 0,000711
увидеть 2,296685 0,000656
сноуборд 1,178655 0,000337
показать 0,504926 0,000144
победить 0,699082 0,002196
сравнять 3,183989 0,002728
крутой 2,239527 0,000639
мма 1,069456 0,000916
австралия 1,664163 0,000475
юлаев 2,185460 0,001872
продолжиться 3,050457 0,000871
филиппов 3,050457 0,002613
счет 0,799165 0,001369
подняться 2,490841 0,000711
прохоров 3,743604 0,001069
вчистую 5,129899 0,001465
оформить 2,134166 0,003047
олимпийский 0,342407 0,000880
карьер 0,925206 0,000264
млс 2,296685 0,000656
читать 0,555188 0,000793
засуха 4,031286 0,001151
вендел 2,490841 0,000711
сенсация 2,732003 0,001560
запомниться 3,050457 0,000871
сказка 4,031286 0,001151
гран 1,518981 0,000867
командный 1,002764 0,000859
обязательно 2,357310 0,000673
esport 3,520461 0,001005
видео 0,699082 0,002395
чехия 1,258698 0,007548
стык 2,932674 0,000837
привезти 2,827314 0,001615
польша 1,762603 0,000503
биатлон 0,485508 0,000693
перенести 1,633391 0,000466
учредитель 1,994404 0,000570
лишь 1,159607 0,000331
произвольный 1,994404 0,001139
япония 1,279751 0,000731
провал 2,490841 0,002134
янчук 5,129899 0,001465
спортсменка 1,664163 0,000475
видеообзор 3,743604 0,025656
биться 2,564949 0,000732
помочь 1,238078 0,000354
фаворит 2,134166 0,000609
раунд 1,546380 0,000442
бренд 2,357310 0,000673
удаление 2,038856 0,000582
букмекер 1,140915 0,000652
тереть 0,786093 0,000449
джин 2,038856 0,000582
японка 3,183989 0,000909
делать 1,392229 0,001988
технология 0,786093 0,000224
швейцария 1,258698 0,003235
хаф 5,129899 0,002930
бакаев 3,183989 0,000909
латвия 1,664163 0,001901
девушка 1,797694 0,001027
хоккейный 1,416327 0,007280
полевой 2,357310 0,000673
преимущество 1,951845 0,000557
случиться 2,038856 0,000582
узнавать 4,031286 0,001151
москва 0,576022 0,000658
меню 2,932674 0,000837
филиппина 3,050457 0,000871
подойти 2,644992 0,000755
скучный 3,743604 0,001069
ушатайка 5,129899 0,001465
результат 0,524729 0,001798
скандал 1,279751 0,002193
wta 2,038856 0,001164
мобильный 0,555188 0,000317
чех 3,183989 0,003637
большой 0,687247 0,000196
дания 1,834062 0,002095
офф 1,019025 0,002037
должен 0,597299 0,000171
удивить 2,827314 0,001615
греция 1,994404 0,000570
возвращение 1,466337 0,000419
угадать 4,031286 0,002302
пронести 3,520461 0,001005
исключить 1,441019 0,000411
забить 1,466337 0,000837
торпедо 1,574551 0,001349
хотеть 1,104547 0,000946
реал 1,416327 0,001618
natus 4,436752 0,001267
хиль 4,436752 0,001267
стать 0,217244 0,000124
акрон 1,279751 0,001096
хачановым 3,520461 0,001005
вчера 1,518981 0,000434
керлинг 1,086847 0,003414
андреев 2,134166 0,000609
четвертьфинальный 3,520461 0,002011
растоптать 5,129899 0,001465
операция 2,644992 0,000755
невезучий 5,129899 0,001465
это 0,181139 0,000310
легендарный 1,871802 0,000534
синнер 2,932674 0,000837
рублевый 1,951845 0,000557
малайзия 2,827314 0,000807
два 0,504926 0,000144
прыжок 0,940244 0,000537
ладо 2,185460 0,000624
опрос 2,732003 0,001560
бронза 1,728701 0,001481
шиффрин 2,932674 0,000837
новость 0,285712 0,000979
чехов 3,338139 0,001906
доха 2,239527 0,001918
поучиться 4,031286 0,003453
тренер 0,555188 0,000476
таиланд 2,732003 0,000780
варвар 4,436752 0,001267
брат 2,134166 0,001219
стартовый 1,728701 0,000987
диагональ 3,338139 0,000953
финляндия 1,323236 0,001889
особенный 3,183989 0,001818
призер 1,178655 0,000337
стыковой 1,911023 0,004911
арбитр 2,239527 0,001918
пригласить 1,834062 0,001047
считать 1,279751 0,000731
северсталь 2,038856 0,001164
нечто 4,436752 0,002534
ямайка 2,932674 0,000837
зеландия 2,490841 0,000711
шикарный 3,183989 0,000909
брюгге 1,951845 0,003344
вино 3,520461 0,001005
выбить 2,732003 0,003121
хет 2,296685 0,001967
гонконг 3,050457 0,000871
стрикленд 4,031286 0,001151
бельгия 2,038856 0,000582
фигурный 0,514778 0,001470
страдать 3,743604 0,001069
программа 0,799165 0,001826
ждать 1,492313 0,000852
ван 2,296685 0,001312
атаковать 1,871802 0,000534
пятерка 2,827314 0,000807
побить 1,951845 0,000557
тайвань 3,183989 0,000909
минск 1,728701 0,000494
первый 0,317714 0,000544
мхл 1,603538 0,000458
непряева 2,932674 0,000837
итог 0,867219 0,000495
пять 1,140915 0,000326
февраль 0,202645 0,001505
ошибка 0,576022 0,000658
покорить 3,743604 0,001069
вопрос 1,104547 0,000315
штольц 4,031286 0,002302
германий 0,723179 0,002065
словакия 1,664163 0,002851
игра 0,112619 0,000579
переход 1,323236 0,000378
вылететь 2,296685 0,001967
мбаппе 2,239527 0,000639
вауты 5,129899 0,002930
марта 0,853233 0,000244
крянин 5,129899 0,002930
старший 1,695912 0,000484
fight 3,338139 0,000953
заплатить 2,564949 0,000732
больший 0,457070 0,000783
личность 3,338139 0,000953
кто 0,747872 0,000854
чили 2,932674 0,000837
винисиуса 2,644992 0,002266
подборка 3,183989 0,002728
кристьян 5,129899 0,001465
неделя 1,217876 0,000348
самый 0,608110 0,000347
материал 0,309617 0,000088
мишин 3,520461 0,001005
рубин 1,198073 0,001026
соревнование 0,411400 0,001057
публика 2,644992 0,000755
выезд 2,296685 0,000656
мчм 2,490841 0,000711
гленн 5,129899 0,001465
ничей 1,951845 0,001672
бессмысленно 3,338139 0,000953
черный 1,994404 0,000570
аталанта 3,743604 0,001069
зимний 0,663991 0,001138
представлять 1,217876 0,000348
балтика 1,217876 0,001391
ао 2,564949 0,001465
роль 1,695912 0,000484
карточка 1,951845 0,000557
проверка 1,911023 0,000546
марнер 4,436752 0,002534
мочь 0,350775 0,000200
обезьяна 3,520461 0,002011
сам 0,747872 0,000427
свидетельство 2,134166 0,000609
сан 2,038856 0,000582
сборная 0,342407 0,000880
четверной 3,050457 0,002613
лиссабон 3,743604 0,002138
квалификация 1,695912 0,001937
коростелева 3,743604 0,001069
еврохоккейтур 5,129899 0,001465
санный 1,301257 0,000372
женский 0,663991 0,000569
азербайджан 2,357310 0,000673
фристайл 1,238078 0,002475
бы 1,052361 0,000902
уефа 1,466337 0,000419
трик 3,183989 0,002728
кхл 0,760451 0,002823
почтить 1,279751 0,001096
грубый 2,644992 0,002266
фитнес 1,546380 0,000883
смочь 1,069456 0,000305
ассистент 2,732003 0,000780
кубок 0,376309 0,000752
зарплата 1,871802 0,001603
третий 1,238078 0,000354
во 0,495170 0,000283
вс 3,183989 0,002728
вт 4,436752 0,002534
уже 0,687247 0,000981
дата 0,799165 0,000456
вернуться 0,986764 0,001127
остаток 3,338139 0,000953
вы 0,309617 0,000088
паря 1,217876 0,000696
кипр 2,827314 0,000807
трактор 1,994404 0,002278
россия 0,139466 0,000597
го 1,279751 0,000731
тест 1,546380 0,000442
рекорд 0,955511 0,000819
свой 0,586604 0,000335
свое 0,457070 0,000392
чтобы 0,773190 0,000442
разгромить 1,728701 0,002962
плей 1,002764 0,002004
подглядывать 5,129899 0,001465
альбом 3,338139 0,000953
восхищаться 4,031286 0,001151
ехать 2,932674 0,000837
студия 3,338139 0,000953
гарантировать 2,732003 0,000780
казахстан 1,217876 0,000696
авторский 2,732003 0,000780
перед 0,839439 0,000240
до 0,239550 0,000342
коростелев 3,183989 0,000909
полезный 1,695912 0,000484
мирра 2,239527 0,000639
другой 0,188256 0,000323
классик 2,732003 0,000780
трек 1,104547 0,000946
карабах 2,038856 0,002911
утро 2,421849 0,001383
люксембург 2,564949 0,000732
пар 1,416327 0,001213
сплошной 4,436752 0,001267
отдать 1,728701 0,000494
пьер 1,951845 0,000557
кинг 2,239527 0,000639
филипп 2,564949 0,001465
баскетбол 0,723179 0,000413
дебют 2,239527 0,000639
штрафной 2,038856 0,000582
факт 1,797694 0,000513
mls 2,421849 0,000692
скромный 2,827314 0,000807
психолог 3,743604 0,001069
галлямова 4,436752 0,001267
флаг 0,895792 0,000512
вид 0,393700 0,000562
днк 4,031286 0,001151
дюйм 3,050457 0,000871
жк 4,436752 0,001267
горный 2,644992 0,000755
попасть 1,140915 0,000652
юар 2,490841 0,000711
путь 1,518981 0,000434
сингапур 2,732003 0,000780
баринов 2,732003 0,000780
что 0,195425 0,000725
гимнастка 3,743604 0,001069
за 0,125952 0,000611
совсем 2,827314 0,000807
домашний 1,695912 0,000484
рейтинг 0,524729 0,000749
медаль 0,619039 0,001944
рабинер 3,743604 0,001069
энтони 2,038856 0,000582
зачет 1,416327 0,002427
сыграть 0,839439 0,000719
американка 2,644992 0,001511
несмотря 1,762603 0,000503
плющенко 2,239527 0,001279
костюм 2,932674 0,001675
советский 1,140915 0,000326
венгрия 2,134166 0,000609
великобритания 1,664163 0,000950
поддержать 2,185460 0,000624
желтый 1,834062 0,000524
любой 1,238078 0,001061
петросян 1,441019 0,007818
из 0,106018 0,000303
плакат 3,338139 0,000953
игровой 1,104547 0,000315
мяч 0,735450 0,000210
наш 0,652562 0,000373
показательный 1,279751 0,000731
нба 1,546380 0,000442
их 0,799165 0,000913
бойцовский 4,031286 0,001151
над 0,986764 0,000845
канцер 4,436752 0,001267
сюрприз 3,743604 0,001069
минский 2,185460 0,001248
план 1,664163 0,000475
хоккей 0,285712 0,001958
спартак 0,711058 0,001421
драйзайтлем 5,129899 0,001465
двоеборье 1,217876 0,001043
сперцян 3,743604 0,001069
ска 1,279751 0,000731
заметить 2,357310 0,000673
словения 2,357310 0,000673
тело 1,762603 0,000503
байер 1,994404 0,001139
рекомендательный 1,518981 0,000434
ски 1,069456 0,002138
серия 0,586604 0,000335
цска 0,711058 0,001421
аргентина 1,951845 0,000557
овечкин 1,695912 0,000969
мадагаскар 3,520461 0,001005
даку 3,183989 0,000909
собирать 3,183989 0,000909
марокко 2,932674 0,000837
киргизия 4,031286 0,001151
поехать 3,050457 0,000871
кр 3,520461 0,002011
завоевать 1,035554 0,000296
соперник 0,853233 0,000244
пайп 4,436752 0,002534
ирландия 2,185460 0,000624
решить 1,392229 0,000795
лыжный 0,675551 0,000772
юниор 1,345709 0,000384
который 0,325878 0,000186
конькобежный 1,140915 0,000326
неделчару 5,129899 0,001465
сорок 3,338139 0,000953
спас 3,520461 0,002011
турция 1,664163 0,000475
коуч 5,129899 0,001465
ла 1,762603 0,001007
родной 2,732003 0,000780
победа 0,420369 0,000720
ли 1,198073 0,000684
стамбул 3,520461 0,001005
расклад 2,732003 0,000780
рассказать 1,122566 0,000962
лч 2,185460 0,003120
сми 1,546380 0,000883
кения 3,183989 0,000909
червенка 4,436752 0,001267
понять 3,183989 0,000909
лю 3,338139 0,000953
квизы 4,436752 0,001267
начало 0,760451 0,000217
место 0,402511 0,000805
бисау 3,338139 0,000953
недоумение 4,436752 0,001267
мх 1,728701 0,000987
эрнандес 3,743604 0,001069
мы 0,195425 0,000223
болельщик 1,086847 0,000931
на 0,023953 0,000506
комплект 1,911023 0,000546
анна 1,695912 0,000484
не 0,099461 0,000937
выбор 1,834062 0,000524
форвард 1,871802 0,000534
каждый 0,812411 0,000696
досрочно 2,421849 0,001383
золотой 1,002764 0,001145
онлайн 0,773190 0,001987
нн 2,564949 0,001465
но 0,402511 0,001034
категория 0,881403 0,000252
норвежский 1,345709 0,001537
извинение 5,129899 0,001465
подписать 1,492313 0,000426
андорра 3,050457 0,000871
модель 2,490841 0,000711
об 0,217244 0,000186
мадонна 5,129899 0,001465
вулверхэмптон 2,564949 0,000732
полоса 2,644992 0,000755
нет 0,825834 0,000707
худой 2,732003 0,000780
аманда 4,031286 0,001151
трехкратную 5,129899 0,001465
армения 2,564949 0,000732
он 0,475938 0,000680
мужчина 0,812411 0,003480
мартинес 4,031286 0,001151
от 0,160085 0,000549
жулин 4,031286 0,001151
статистика 0,630089 0,000720
бокс 0,534779 0,000458
слать 1,728701 0,000494
фигуристый 1,871802 0,000534
ответный 2,564949 0,000732
все 0,067304 0,000365
алькарас 2,134166 0,000609
алькараса 4,031286 0,001151
возможность 1,279751 0,000365
завершиться 1,728701 0,000494
пн 4,436752 0,002534
по 0,073653 0,000252
пт 4,436752 0,003801
коста 2,932674 0,000837
информация 0,608110 0,000174
травма 1,122566 0,000321
круг 1,392229 0,000795
отпуск 3,743604 0,002138
демон 4,436752 0,001267
латынину 3,743604 0,001069
неподражаемый 5,129899 0,001465
очень 1,140915 0,000326
эстафета 1,871802 0,002672
вничью 1,797694 0,001027
вывесить 3,183989 0,000909
маккиннон 2,239527 0,000639
беречь 3,743604 0,001069
обратный 1,178655 0,000337
боливия 3,520461 0,001005
никак 3,338139 0,000953
переть 0,359214 0,000205
леванте 2,932674 0,000837
бомбардир 1,871802 0,000534
