париж 1,392229 0,000771
формула 1,574551 0,003489
сравняться 3,338139 0,005548
новый 0,239550 0,000133
день 0,699082 0,002711
образ 1,178655 0,000653
нокаут 2,827314 0,001566
рпл 1,140915 0,001264
медальный 1,797694 0,001992
вынести 2,357310 0,001306
невероятный 3,050457 0,001690
еще 0,167054 0,000370
теннис 0,475938 0,000791
любить 1,466337 0,000812
dota 2,490841 0,001380
обзор 1,911023 0,001059
йоханнес 2,085376 0,005777
ставка 0,799165 0,000443
успех 1,518981 0,003366
со 0,447767 0,000744
центр 0,773190 0,001285
измена 3,743604 0,002074
полный 0,940244 0,001042
предел 1,603538 0,000888
скандинавия 4,436752 0,002458
проиграть 1,104547 0,000612
рейд 2,490841 0,001380
а 0,209918 0,000814
клопп 3,743604 0,002074
в 0,017911 0,000695
е 0,867219 0,000961
реклама 0,687247 0,001523
фото 0,799165 0,000443
поделить 3,520461 0,001950
и 0,023953 0,000279
интер 1,633391 0,000905
к 0,132686 0,000074
велоспорт 1,178655 0,000653
альпинизм 1,301257 0,001442
о 0,042302 0,000352
с 0,036149 0,000481
она 0,597299 0,001655
сейчас 1,104547 0,001836
четвертьфинал 1,279751 0,001418
перфлюенс 2,564949 0,001421
у 0,342407 0,001138
х 0,986764 0,001093
бодрый 4,031286 0,002233
авто 0,925206 0,000513
ты 1,871802 0,001037
француженка 4,031286 0,002233
я 0,747872 0,000829
пантани 4,031286 0,002233
поп 1,664163 0,000922
футбол 0,247097 0,000548
мир 0,277868 0,001693
атлетика 0,955511 0,001059
награждение 2,932674 0,001625
майя 2,421849 0,004025
вхл 1,664163 0,000922
регби 0,955511 0,000529
информационный 1,122566 0,000622
ювентус 2,357310 0,001306
теперь 0,971016 0,001076
сложность 1,951845 0,001081
болгария 2,185460 0,001211
стурла 4,031286 0,002233
этап 0,895792 0,002481
небольшой 2,296685 0,001272
симон 3,183989 0,007056
возвращать 3,183989 0,001764
эмильена 5,129899 0,002842
кругом 4,031286 0,006700
поверить 4,031286 0,002233
билль 2,296685 0,001272
ооо 1,871802 0,003111
тренд 2,185460 0,001211
сознание 3,743604 0,002074
okko 2,357310 0,001306
гаджеты 2,421849 0,001342
мощный 2,038856 0,002259
румынский 3,050457 0,010140
миланя 2,038856 0,011296
главный 0,565551 0,000940
нерв 3,183989 0,001764
проблема 1,122566 0,000622
победитель 0,799165 0,000443
шайба 0,986764 0,000547
индивидуальный 1,797694 0,000996
rds 1,911023 0,001059
эмильен 4,031286 0,004467
обсуждать 1,797694 0,000996
псж 1,518981 0,000842
италия 0,524729 0,001454
футзал 2,085376 0,001155
халиль 4,031286 0,002233
мошенница 5,129899 0,002842
bellat 2,490841 0,001380
isu 1,603538 0,000888
метр 1,574551 0,000872
шанс 1,258698 0,000697
снова 1,574551 0,000872
россиянин 0,971016 0,001076
железный 2,932674 0,001625
правовой 2,038856 0,001130
начаться 1,518981 0,002525
сноуборд 1,178655 0,001306
показать 0,504926 0,000839
пляжный 1,603538 0,001777
крутой 2,239527 0,001241
мма 1,069456 0,001777
инна 2,296685 0,003817
камбэк 2,732003 0,001514
экстаз 5,129899 0,002842
кремль 2,421849 0,001342
заслужить 2,357310 0,001306
однако 1,069456 0,000592
олимпизм 1,466337 0,000812
себя 0,597299 0,000331
олимпийский 0,342407 0,001707
карьер 0,925206 0,000513
млс 2,296685 0,001272
подъем 3,183989 0,003528
уверенно 2,490841 0,001380
дэвис 1,633391 0,000905
сенсация 2,732003 0,001514
гонка 0,853233 0,006145
гран 1,518981 0,001683
командный 1,002764 0,001111
волейбол 0,955511 0,001059
мотогонка 2,490841 0,001380
видео 0,699082 0,002324
норвежка 4,436752 0,004916
биатлон 0,485508 0,011566
плавание 1,178655 0,000653
чм 1,492313 0,002480
громкий 2,421849 0,001342
эфир 1,695912 0,002819
нация 1,797694 0,000996
болгарский 3,743604 0,004148
live 1,492313 0,000827
практический 1,546380 0,000857
последний 0,376309 0,000417
стрелок 3,050457 0,001690
сторона 1,069456 0,000592
впятером 4,436752 0,009832
немец 2,564949 0,001421
мой 1,368699 0,000758
видеообзор 3,743604 0,004148
counter 1,911023 0,001059
содружество 1,518981 0,003366
авангард 2,038856 0,001130
отобрать 2,732003 0,001514
дарья 1,951845 0,001081
дебютный 2,296685 0,001272
букмекер 1,140915 0,001896
заявить 1,140915 0,000632
сша 0,586604 0,000975
ресурс 0,812411 0,000450
лидер 1,258698 0,002092
потерять 1,951845 0,001081
ничто 3,338139 0,005548
суметь 2,296685 0,001272
джин 2,038856 0,001130
южный 1,159607 0,000642
вывеска 4,436752 0,002458
символический 2,296685 0,001272
среда 1,871802 0,001037
говорить 1,834062 0,001016
фуркад 3,743604 0,004148
технология 0,786093 0,000436
ranym 2,564949 0,001421
киберспорт 1,762603 0,000977
финиш 2,185460 0,001211
латвия 1,664163 0,000922
девушка 1,797694 0,003984
эксклюзив 2,357310 0,009142
самбо 1,994404 0,001105
скидка 2,185460 0,001211
преимущество 1,951845 0,004325
случиться 2,038856 0,001130
христов 5,129899 0,005684
трансфер 1,492313 0,000827
brave 2,564949 0,001421
спина 2,134166 0,001182
стрельба 1,441019 0,001597
официально 1,159607 0,000642
нравиться 2,932674 0,003250
результат 0,524729 0,001744
wta 2,038856 0,003389
мобильный 0,555188 0,000615
чемпионский 1,574551 0,001745
команда 0,262364 0,000436
большой 0,687247 0,001904
дания 1,834062 0,001016
ranynuevrg 2,564949 0,001421
беня 4,031286 0,006700
удивить 2,827314 0,001566
признаться 1,994404 0,001105
фанат 1,762603 0,000977
конференция 1,392229 0,000771
pfl 2,421849 0,001342
суперкар 2,564949 0,001421
секунда 1,633391 0,003620
мечта 2,185460 0,001211
единый 1,104547 0,001836
мартин 2,038856 0,001130
мадрид 1,762603 0,000977
реал 1,416327 0,002354
домрачев 3,520461 0,001950
мск 2,421849 0,004025
золото 1,140915 0,007585
стать 0,217244 0,000241
биатлонистка 4,031286 0,002233
скелетон 1,258698 0,000697
неприемлемый 4,031286 0,002233
отличный 2,421849 0,002683
вчера 1,518981 0,000842
соперница 2,827314 0,001566
биатлонистки 3,743604 0,006222
керлинг 1,086847 0,000602
провести 0,799165 0,000886
это 0,181139 0,001606
француз 2,239527 0,003722
норвежец 2,490841 0,006900
рост 0,812411 0,000450
прыжок 0,940244 0,001042
допуск 2,564949 0,001421
прямой 1,695912 0,000940
спортсмен 0,565551 0,000313
разобраться 3,520461 0,001950
биатлонной 4,031286 0,004467
жаклене 5,129899 0,002842
strike 2,564949 0,001421
перро 4,436752 0,004916
новость 0,285712 0,001899
кентен 4,031286 0,002233
взять 1,159607 0,000642
красивый 2,644992 0,001465
жизнь 0,881403 0,000977
только 0,447767 0,000248
жаклена 4,436752 0,002458
сладкое 3,743604 0,002074
старт 1,035554 0,000574
com 0,925206 0,000513
шорты 1,035554 0,001147
юрген 3,183989 0,001764
сериал 2,185460 0,001211
нхл 0,925206 0,000513
финляндия 1,323236 0,000733
турнир 0,293617 0,000813
особенный 3,183989 0,001764
призер 1,178655 0,001959
любовь 2,644992 0,001465
судьба 2,185460 0,001211
горнолыжный 1,301257 0,001442
аравия 1,834062 0,001016
сотворить 3,743604 0,004148
табло 2,357310 0,001306
легрейд 4,031286 0,002233
дрифт 2,421849 0,001342
канал 1,416327 0,000785
политик 0,224624 0,000124
жанмонно 4,031286 0,002233
почему 1,122566 0,000622
хороший 0,393700 0,000654
спокойный 3,338139 0,001849
тренировка 0,895792 0,000496
падел 2,296685 0,001272
отреагировать 2,085376 0,001155
фигурный 0,514778 0,001141
ждать 1,492313 0,000827
конфиденциальность 0,293617 0,000163
паралимпиада 2,490841 0,001380
гандбол 1,122566 0,000622
релиз 1,911023 0,001059
дисквалификации 2,732003 0,001514
шахматы 1,834062 0,001016
отмена 2,932674 0,001625
первый 0,317714 0,000704
паралимпиаде 2,490841 0,001380
доминация 5,129899 0,002842
мхл 1,603538 0,000888
бьорндален 4,031286 0,006700
итог 0,867219 0,000961
преследование 2,732003 0,003027
февраль 0,202645 0,003929
ошибка 0,576022 0,000319
идти 1,159607 0,000642
евротур 2,357310 0,001306
суббота 2,732003 0,001514
германий 0,723179 0,000401
словакия 1,664163 0,000922
никто 1,574551 0,001745
игра 0,112619 0,000686
эрик 3,520461 0,003901
атлет 1,951845 0,001081
воплотить 3,743604 0,002074
против 0,747872 0,000829
профессиональный 1,052361 0,000583
гайда 2,564949 0,001421
главное 0,524729 0,000291
так 0,597299 0,000662
французский 1,052361 0,001749
фифа 1,728701 0,000958
румыния 2,038856 0,007907
блестяще 3,520461 0,001950
любительский 1,416327 0,000785
интервью 0,971016 0,000538
больший 0,457070 0,000506
где 0,675551 0,000374
высказаться 1,695912 0,000940
кто 0,747872 0,000414
баз 1,664163 0,000922
активный 1,546380 0,000857
воскресенье 2,732003 0,001514
раскрыть 1,871802 0,001037
событие 0,565551 0,001253
страданье 5,129899 0,002842
использование 0,277868 0,000154
англия 1,238078 0,000686
неделя 1,217876 0,001349
самый 0,608110 0,000674
мотивация 2,357310 0,001306
соревнование 0,411400 0,001368
championat 1,834062 0,001016
быть 0,119263 0,000661
окко 2,490841 0,001380
мчм 2,490841 0,001380
пасслер 4,436752 0,002458
молодежный 1,159607 0,000642
ак 1,695912 0,000940
рома 2,644992 0,001465
спорт 0,125952 0,000837
таки 2,296685 0,001272
ледовый 1,994404 0,001105
транспорт 3,338139 0,001849
атмосфера 3,050457 0,005070
франция 0,675551 0,005614
мочь 0,350775 0,000194
светить 5,129899 0,002842
этот 0,350775 0,000389
шоу 1,441019 0,000798
сам 0,747872 0,000414
борьба 0,723179 0,000401
безумие 3,520461 0,003901
приложение 1,574551 0,001745
сборная 0,342407 0,003225
уверить 2,085376 0,001155
спрогнозировать 5,129899 0,002842
циципас 2,134166 0,001182
швеция 1,035554 0,001147
санный 1,301257 0,000721
женский 0,663991 0,005150
правило 0,986764 0,000547
паратриатлон 2,490841 0,001380
бажин 4,031286 0,002233
фристайл 1,238078 0,001372
гимнастика 1,198073 0,000664
бы 1,052361 0,001749
можно 1,002764 0,000556
уефа 1,466337 0,001625
давление 2,732003 0,004541
снайпер 2,644992 0,001465
кхл 0,760451 0,001264
бё 4,436752 0,012290
космос 4,031286 0,002233
пресс 0,895792 0,000496
мартена 4,031286 0,002233
заруб 4,436752 0,002458
кубок 0,376309 0,003544
легенда 1,416327 0,000785
спортивный 0,301585 0,000167
женщина 0,663991 0,001839
прогноз 1,994404 0,001105
признать 1,834062 0,001016
уже 0,687247 0,001904
мужской 1,198073 0,004646
rss 2,085376 0,002311
впервые 0,839439 0,000930
мишлон 4,436752 0,002458
решиться 3,050457 0,001690
чемпионат 0,188256 0,001356
вы 0,309617 0,000343
киберклубы 2,564949 0,001421
недооценить 5,129899 0,008526
российский 0,224624 0,000373
ranymavgga 2,564949 0,001421
испания 1,159607 0,000642
выиграть 0,485508 0,002421
чудо 2,732003 0,003027
просто 1,492313 0,003307
версия 0,393700 0,000654
россия 0,139466 0,000927
го 1,279751 0,001418
тест 1,546380 0,000857
итальянка 3,520461 0,003901
смотреть 1,368699 0,000758
сочить 0,853233 0,000473
свой 0,586604 0,000325
дрогнуть 4,031286 0,002233
последниевсе 2,564949 0,001421
свое 0,457070 0,000760
да 1,911023 0,001059
ibu 2,239527 0,004963
здесь 1,911023 0,005294
сражение 5,129899 0,002842
настольный 1,198073 0,000664
дикий 3,743604 0,002074
наполоть 2,644992 0,001465
еврокубок 2,296685 0,001272
сайт 0,411400 0,000228
проба 3,338139 0,001849
между 0,955511 0,001059
до 0,239550 0,000133
полезный 1,695912 0,000940
другой 0,188256 0,000104
соответствие 1,002764 0,000556
спринт 1,871802 0,003111
запрет 2,134166 0,001182
трек 1,104547 0,001224
европа 0,393700 0,000436
atp 1,994404 0,003315
перераспределить 4,436752 0,002458
завтра 1,951845 0,001081
евро 1,466337 0,000812
реслинг 2,564949 0,001421
кино 2,134166 0,001182
erid 2,239527 0,003722
кинг 2,239527 0,001241
питание 2,239527 0,001241
посол 0,301585 0,000501
баскетбол 0,723179 0,000801
штрафной 2,038856 0,007907
число 0,955511 0,001588
йохан 4,436752 0,004916
саудовский 1,834062 0,001016
mls 2,421849 0,001342
тандреволд 5,129899 0,005684
знать 1,345709 0,001491
обостриться 4,436752 0,002458
mdvh 2,564949 0,001421
фортуна 2,421849 0,001342
вид 0,393700 0,000654
судиться 4,436752 0,009832
же 0,853233 0,000945
фтор 5,129899 0,002842
дно 2,827314 0,001566
евролига 1,664163 0,000922
шамаев 4,436752 0,019664
android 2,185460 0,001211
попасть 1,140915 0,002528
горячее 3,338139 0,001849
гениально 5,129899 0,002842
путь 1,518981 0,000842
ботн 4,436752 0,004916
чемп 2,564949 0,001421
что 0,195425 0,001407
фийон 3,743604 0,006222
эксперт 2,134166 0,001182
за 0,125952 0,000419
отморозить 4,031286 0,008934
канада 0,867219 0,000961
домашний 1,695912 0,000940
бобслей 1,217876 0,000675
рейтинг 0,524729 0,002326
медаль 0,619039 0,002401
трансляция 1,217876 0,003374
зачет 1,416327 0,001569
зачем 2,421849 0,001342
сид 2,490841 0,001380
хайкин 3,050457 0,001690
применяться 1,217876 0,000675
если 0,675551 0,000374
статья 0,495170 0,000274
мокнуть 1,574551 0,000872
позиция 1,392229 0,000771
медведев 1,633391 0,000905
любой 1,238078 0,000686
дакар 2,421849 0,001342
отличаться 1,664163 0,002766
петросян 1,441019 0,000798
из 0,106018 0,000587
странный 2,490841 0,001380
play 1,441019 0,000798
вторник 2,932674 0,001625
мяч 0,735450 0,000407
наш 0,652562 0,000362
восходить 3,050457 0,001690
биатлонист 1,994404 0,018784
лиза 3,743604 0,006222
швед 2,134166 0,001182
нба 1,546380 0,001713
их 0,799165 0,000443
контакт 1,035554 0,000574
ови 2,490841 0,001380
демин 2,827314 0,001566
биатлонные 3,743604 0,004148
хоккей 0,285712 0,001425
объяснить 1,633391 0,000905
оказаться 1,441019 0,001597
сделать 0,853233 0,001891
двоеборье 1,217876 0,000675
судимость 5,129899 0,002842
здоровье 1,323236 0,000733
рекомендательный 1,518981 0,000842
прочий 1,069456 0,005332
ски 1,069456 0,001185
серия 0,586604 0,000650
цска 0,711058 0,000394
разный 1,368699 0,001517
развязка 4,436752 0,004916
ралли 2,357310 0,002612
год 0,099461 0,000331
камбэка 5,129899 0,005684
отстранять 4,436752 0,002458
министр 2,185460 0,004843
международный 0,466460 0,000258
интера 2,732003 0,001514
матч 0,293617 0,001139
суперлига 1,441019 0,001597
младший 1,911023 0,001059
лыжный 0,675551 0,001497
абсурд 5,129899 0,005684
который 0,325878 0,000181
конькобежный 1,140915 0,000632
легкий 0,895792 0,000993
награда 1,279751 0,000709
снукер 2,564949 0,001421
победа 0,420369 0,002329
киркеэйде 4,436752 0,002458
допинг 1,871802 0,002074
знание 1,951845 0,002163
приз 1,834062 0,001016
паратхэквондо 2,490841 0,001380
рассказать 1,122566 0,001244
понсилуома 4,436752 0,002458
вот 2,134166 0,001182
сегодня 0,881403 0,000977
лу 3,183989 0,001764
повториться 3,520461 0,001950
пропустить 1,122566 0,000622
выскочить 5,129899 0,002842
сми 1,546380 0,001713
lifestyl 2,490841 0,001380
такой 0,735450 0,000407
поколение 2,827314 0,001566
америка 1,279751 0,002127
деть 0,619039 0,000686
битва 2,421849 0,001342
забрало 3,338139 0,003699
камиль 3,743604 0,006222
виттоцци 4,436752 0,007374
неожиданный 2,296685 0,003817
олав 4,436752 0,004916
евробаскет 2,490841 0,001380
отправить 1,871802 0,001037
лига 0,325878 0,002347
собираться 2,185460 0,001211
сосьедад 3,050457 0,001690
догнать 2,827314 0,001566
отдых 2,038856 0,001130
мы 0,195425 0,000974
летний 0,619039 0,000343
вырвать 2,421849 0,002683
участие 0,457070 0,000253
на 0,023953 0,000929
топ 1,238078 0,004801
творить 5,129899 0,002842
состав 0,867219 0,000961
олимпиада 0,576022 0,015637
водный 0,723179 0,000401
трюк 4,031286 0,004467
тот 0,393700 0,001745
не 0,099461 0,000937
барс 1,492313 0,000827
осеан 5,129899 0,002842
календарь 0,675551 0,000374
трамплин 1,140915 0,001264
организация 0,663991 0,001471
откатиться 4,031286 0,002233
онлайн 0,773190 0,002142
золотой 1,002764 0,000556
любитель 1,238078 0,000686
но 0,402511 0,001784
история 0,270086 0,000449
дегтярев 2,421849 0,005367
хозяйка 3,183989 0,001764
длить 0,146292 0,000486
звезда 1,035554 0,002295
совершить 2,134166 0,001182
клубный 1,416327 0,000785
норвегия 1,279751 0,001418
об 0,217244 0,000361
трёхцветные 5,129899 0,002842
бог 2,932674 0,001625
ои 0,812411 0,009452
бой 1,279751 0,000709
он 0,475938 0,001318
мужчина 0,812411 0,001350
чемпион 0,334108 0,001111
сумасшедший 4,436752 0,002458
даже 1,198073 0,000664
от 0,160085 0,000355
исторический 1,762603 0,002930
бокс 0,534779 0,000889
железо 2,357310 0,001306
слать 1,728701 0,001915
катание 0,514778 0,001141
первое 0,393700 0,000218
как 0,232059 0,000257
вернуть 1,695912 0,000940
лыжа 0,925206 0,001538
все 0,067304 0,000410
рекламный 2,185460 0,002422
условие 0,334108 0,000555
жулии 5,129899 0,002842
по 0,073653 0,000490
расписание 1,664163 0,004610
жаклен 4,031286 0,004467
информация 0,608110 0,000337
круг 1,392229 0,003085
принять 0,786093 0,000436
круглосуточный 2,564949 0,001421
жулия 5,129899 0,002842
ufc 1,441019 0,000798
эстафета 1,871802 0,030073
разрыдаться 5,129899 0,002842
второе 0,839439 0,000930
яркий 1,762603 0,000977
второй 0,576022 0,000319
переть 0,359214 0,000398
