ру 1,994404 0,002355
финал 0,699082 0,007016
рф 1,871802 0,001105
чэн 5,129899 0,003028
газета 1,392229 0,001644
еще 0,167054 0,000296
теннис 0,475938 0,000843
выйти 0,773190 0,008672
се 4,436752 0,002619
выстраивать 5,129899 0,003028
ахмат 1,198073 0,001414
ставка 0,799165 0,000944
прервать 1,762603 0,001040
фокин 4,436752 0,015715
менее 1,258698 0,002229
йорк 2,239527 0,001322
под 0,723179 0,000854
александр 0,839439 0,001487
проиграть 1,104547 0,001956
декабрь 0,853233 0,002518
а 0,209918 0,000372
человек 0,940244 0,000555
в 0,017911 0,001766
реклама 0,687247 0,000811
и 0,023953 0,000509
связь 0,747872 0,001324
м 0,534779 0,000631
н 0,895792 0,001058
прекращаться 4,436752 0,002619
вплоть 1,871802 0,002210
о 0,042302 0,000325
сидней 2,732003 0,001613
п 1,086847 0,001283
она 0,597299 0,000353
с 0,036149 0,000939
у 0,342407 0,000404
серебряный 1,368699 0,003232
китай 1,695912 0,001001
балл 1,871802 0,007735
авто 0,925206 0,001638
сезон 0,723179 0,000427
ты 1,871802 0,001105
они 0,524729 0,000929
футбол 0,247097 0,000729
китаец 3,050457 0,005402
мир 0,277868 0,004101
бум 1,911023 0,002256
репортаж 1,633391 0,000964
этап 0,895792 0,000529
проект 0,457070 0,000809
время 0,384967 0,000455
новгород 1,217876 0,001438
мелбет 1,762603 0,002081
ранее 1,104547 0,000652
сильный 1,198073 0,000707
главный 0,565551 0,000334
победитель 0,799165 0,000472
гегемония 4,031286 0,002380
шлейхер 5,129899 0,060566
одержать 1,217876 0,000719
индивидуальный 1,797694 0,008490
обзывать 5,129899 0,003028
украина 1,217876 0,001438
италия 0,524729 0,000310
фотография 2,134166 0,001260
соцсетях 1,466337 0,000866
тройка 2,421849 0,001430
руслан 2,564949 0,012113
актив 3,183989 0,001880
горнодобывающий 5,129899 0,003028
конаныхина 5,129899 0,012113
россиянин 0,971016 0,006305
десятиметровой 5,129899 0,015141
безоговорочный 3,520461 0,002078
зарубежный 1,695912 0,003003
заключительный 2,357310 0,002783
показать 0,504926 0,001192
мма 1,069456 0,001894
австралия 1,664163 0,000982
драма 2,932674 0,001731
судья 1,035554 0,001223
нок 3,183989 0,001880
бета 1,834062 0,002165
однако 1,069456 0,000631
олимпизм 1,466337 0,002597
счет 0,799165 0,000944
добавиться 2,827314 0,001669
олимпийский 0,342407 0,001011
читать 0,555188 0,000328
далекий 1,416327 0,000836
австралийка 4,031286 0,002380
сумма 1,518981 0,000897
спортс 1,871802 0,002210
сенсация 2,732003 0,004838
один 0,342407 0,000404
председатель 2,038856 0,001204
совет 0,825834 0,000975
биатлон 0,485508 0,000860
плавание 1,178655 0,000696
чм 1,492313 0,016738
геннадий 2,421849 0,002859
чо 5,129899 0,003028
бондарь 4,031286 0,004759
оценить 1,603538 0,000947
терновый 5,129899 0,051481
локомотив 0,839439 0,000991
практический 1,546380 0,000913
россиянка 2,085376 0,009848
цзыфэн 5,129899 0,003028
едва 2,932674 0,001731
спортсменка 1,664163 0,000982
биться 2,564949 0,003028
софия 3,743604 0,002210
кндр 3,050457 0,001801
букмекер 1,140915 0,004715
сша 0,586604 0,001039
лидер 1,258698 0,001486
июль 1,019025 0,006617
шлейхером 5,129899 0,003028
говорить 1,834062 0,001083
технология 0,786093 0,001392
остаться 1,301257 0,003841
москва 0,576022 0,001360
чэнь 4,031286 0,002380
олимп 1,762603 0,002081
девятый 2,490841 0,001470
столько 2,564949 0,001514
мэддисон 4,436752 0,005238
результат 0,524729 0,001549
команда 0,262364 0,000155
екатерина 2,134166 0,002520
тасс 1,695912 0,004005
зенит 0,867219 0,002048
исключить 1,441019 0,000851
хотеть 1,104547 0,001956
перейти 0,586604 0,000346
чжу 4,031286 0,004759
золото 1,140915 0,001347
кедрина 5,129899 0,006057
стать 0,217244 0,000513
менталитет 4,031286 0,002380
акрон 1,279751 0,001511
соперница 2,827314 0,001669
это 0,181139 0,000535
равный 1,466337 0,001731
украинский 1,797694 0,002122
рост 0,812411 0,000959
смена 1,762603 0,001040
два 0,504926 0,000894
прыжок 0,940244 0,039963
спортсмен 0,565551 0,000334
новость 0,285712 0,003036
взять 1,159607 0,000685
беляев 3,338139 0,009853
сентябрь 1,035554 0,000611
тренер 0,555188 0,000328
звание 1,994404 0,001177
жизнь 0,881403 0,001041
микст 3,183989 0,001880
китаянка 3,183989 0,001880
com 0,925206 0,002185
нхл 0,925206 0,001638
mail 1,301257 0,002304
турнир 0,293617 0,000520
призер 1,178655 0,001392
фонбет 1,466337 0,001731
сотворить 3,743604 0,004420
уступить 1,368699 0,001616
пригласить 1,834062 0,001083
политик 0,224624 0,000398
молчанов 5,129899 0,012113
почему 1,122566 0,000663
чин 4,031286 0,002380
признаваться 4,436752 0,002619
дуэт 3,743604 0,004420
хороший 0,393700 0,000232
много 0,735450 0,000434
революционный 4,031286 0,002380
когда 0,652562 0,000385
вышка 3,743604 0,055248
фигурный 0,514778 0,000912
конфиденциальность 0,293617 0,000520
гражданство 2,421849 0,002859
оренбург 1,301257 0,001536
тренерский 1,871802 0,001105
смешанный 1,871802 0,001105
первый 0,317714 0,000188
седьмой 2,134166 0,003780
тотальный 4,031286 0,002380
итог 0,867219 0,001536
осень 2,357310 0,001392
опубликовать 1,762603 0,001040
трехкратная 4,031286 0,002380
игра 0,112619 0,000133
компания 0,971016 0,002293
атлет 1,951845 0,001152
переход 1,323236 0,000781
ответ 2,239527 0,001322
так 0,597299 0,000353
федерация 0,495170 0,000585
рекомендация 1,217876 0,002157
интервью 0,971016 0,001720
больший 0,457070 0,000270
высказаться 1,695912 0,001001
цзылун 5,129899 0,003028
воскресенье 2,732003 0,001613
превосходство 3,743604 0,002210
привыкнуть 3,338139 0,001971
использование 0,277868 0,000492
август 1,035554 0,006113
материал 0,309617 0,000366
рубин 1,198073 0,001414
соревнование 0,411400 0,003400
быть 0,119263 0,000141
sport 0,760451 0,000898
юнсинь 5,129899 0,003028
финальный 1,492313 0,000881
назначение 2,239527 0,001322
нейтральный 2,185460 0,001290
метровый 2,932674 0,017312
балтика 1,217876 0,002876
спорт 0,125952 0,002379
национальный 0,839439 0,000496
набрать 1,368699 0,002424
сам 0,747872 0,000883
сказать 1,368699 0,000808
сборная 0,342407 0,001213
хена 5,129899 0,003028
квалификация 1,695912 0,001001
бронзовый 1,345709 0,001589
вообще 1,911023 0,001128
бы 1,052361 0,001242
можно 1,002764 0,000592
илья 1,797694 0,002122
дать 0,608110 0,000359
кхл 0,760451 0,001347
возможный 1,392229 0,000822
фитнес 1,546380 0,002739
смысл 3,183989 0,001880
ви 4,436752 0,002619
смочь 1,069456 0,000631
северокорейский 5,129899 0,003028
спортивный 0,301585 0,000178
женщина 0,663991 0,000392
выступление 0,955511 0,000564
вернуться 0,986764 0,000583
впервые 0,839439 0,000496
чемпионат 0,188256 0,003001
вы 0,309617 0,000366
российский 0,224624 0,001061
паря 1,217876 0,001438
наполнение 5,129899 0,003028
китайский 1,069456 0,003788
авг 4,436752 0,013095
выиграть 0,485508 0,000860
специалист 1,797694 0,001061
крыло 1,238078 0,001462
россия 0,139466 0,000741
турнирный 1,086847 0,001283
сочить 0,853233 0,001007
нью 2,185460 0,001290
рбк 1,797694 0,002122
штаб 1,664163 0,000982
куда 2,564949 0,001514
без 0,466460 0,001377
казахстан 1,217876 0,002157
до 0,239550 0,000283
прекращение 3,338139 0,001971
кристина 2,296685 0,002712
представитель 1,238078 0,001462
выступать 0,940244 0,000555
другой 0,188256 0,000445
зеленский 3,743604 0,004420
работа 1,086847 0,001283
пахалина 5,129899 0,009085
европа 0,393700 0,000697
указ 3,050457 0,001801
пар 1,416327 0,001672
отдать 1,728701 0,001020
направление 1,728701 0,001020
кини 5,129899 0,006057
vk 1,441019 0,000851
фввср 3,743604 0,002210
флаг 0,895792 0,001058
любимчик 4,436752 0,002619
вид 0,393700 0,003951
бороться 1,633391 0,001928
же 0,853233 0,000504
мото 1,574551 0,002788
нижний 0,955511 0,001128
гальперин 5,129899 0,006057
сингапур 2,732003 0,046770
что 0,195425 0,000231
краснодар 0,867219 0,001024
за 0,125952 0,000372
рейтинг 0,524729 0,002168
медаль 0,619039 0,004385
призовой 1,951845 0,001152
никита 1,492313 0,008809
ивэнь 5,129899 0,003028
бетсити 1,633391 0,001928
повод 2,239527 0,001322
пятый 1,574551 0,000929
винлайн 1,834062 0,002165
глеб 3,050457 0,001801
из 0,106018 0,000313
игровой 1,104547 0,001956
еврокубки 1,546380 0,002739
наш 0,652562 0,000385
получить 0,384967 0,000227
беларусь 1,279751 0,002266
робот 4,436752 0,002619
тема 1,104547 0,000652
хоккей 0,285712 0,000843
спартак 0,711058 0,000840
сервис 1,368699 0,000808
государственный 1,871802 0,001105
ильин 3,183989 0,003759
леона 1,633391 0,001928
поднебесный 5,129899 0,003028
казань 1,301257 0,000768
риа 1,466337 0,013850
восьмой 2,239527 0,003966
точный 2,296685 0,001356
лыскун 5,129899 0,009085
заместитель 2,827314 0,001669
серия 0,586604 0,000346
цска 0,711058 0,000840
чхо 5,129899 0,003028
совмещать 3,520461 0,002078
актуальный 1,546380 0,000913
год 0,099461 0,000294
недобрать 5,129899 0,003028
матч 0,293617 0,000347
ко 2,421849 0,001430
завоевать 1,035554 0,003057
решить 1,392229 0,000822
лыжный 0,675551 0,001196
украинка 4,031286 0,002380
который 0,325878 0,000577
искусство 2,296685 0,001356
чистота 3,743604 0,002210
награда 1,279751 0,003022
серебро 1,695912 0,002002
динамо 0,663991 0,001568
следующий 0,853233 0,000504
синхроне 5,129899 0,003028
вне 2,038856 0,001204
победа 0,420369 0,000496
выплата 3,050457 0,001801
рассказать 1,122566 0,000663
вот 2,134166 0,001260
экспресс 1,416327 0,000836
президент 1,035554 0,000611
хорошо 1,951845 0,001152
гранить 2,564949 0,001514
синхронист 5,129899 0,003028
betteri 1,871802 0,002210
завоевание 2,732003 0,001613
соревноваться 1,871802 0,001105
деть 0,619039 0,000365
жить 2,296685 0,001356
полуфинал 1,238078 0,002923
вод 1,466337 0,057130
нужный 1,834062 0,001083
синхронный 1,574551 0,005577
чемпионка 1,441019 0,005955
несколько 0,971016 0,000573
ми 2,932674 0,001731
трехметрового 5,129899 0,015141
юлия 2,085376 0,001231
место 0,402511 0,001426
лига 0,325878 0,001347
проходить 0,867219 0,001536
мх 1,728701 0,002041
мы 0,195425 0,000115
лишить 2,421849 0,002859
приглашение 3,183989 0,001880
рада 2,644992 0,001561
на 0,023953 0,000509
топ 1,238078 0,000731
состав 0,867219 0,000512
водный 0,723179 0,008965
тот 0,393700 0,000232
анна 1,695912 0,003003
не 0,099461 0,000352
календарь 0,675551 0,001196
трамплин 1,140915 0,009429
ни 1,603538 0,001893
выехать 3,520461 0,002078
золотой 1,002764 0,000592
поздний 1,323236 0,000781
но 0,402511 0,000475
маленький 1,392229 0,000822
апрель 0,986764 0,000583
таблица 0,711058 0,000840
предательство 4,436752 0,002619
подписать 1,492313 0,000881
уровень 1,086847 0,000642
владимир 1,392229 0,000822
нет 0,825834 0,000488
синхронисток 5,129899 0,003028
прыгун 3,520461 0,020782
исторический 1,762603 0,001040
бокс 0,534779 0,000947
катание 0,514778 0,000912
как 0,232059 0,000274
первое 0,393700 0,000232
участник 0,799165 0,000472
все 0,067304 0,000238
условие 0,334108 0,000197
премьер 1,198073 0,003536
pari 1,546380 0,001826
завершиться 1,728701 0,001020
по 0,073653 0,001696
прыгунья 4,436752 0,002619
занять 1,159607 0,003423
луганск 5,129899 0,003028
невозможный 2,732003 0,001613
стипендия 5,129899 0,009085
обидно 4,031286 0,002380
шестая 2,490841 0,001470
принять 0,786093 0,000464
пэйлин 5,129899 0,003028
очень 1,140915 0,000674
июл 5,129899 0,009085
наука 2,732003 0,001613
какой 1,002764 0,001184
обратный 1,178655 0,002087
