законный 3,050457 0,003119
медведеввенгриястефанос 5,129899 0,005245
новый 0,239550 0,000490
найти 1,122566 0,001148
письмо 1,911023 0,003908
еще 0,167054 0,002904
четвертьфиналистом 4,031286 0,004122
спасибо 2,357310 0,002410
теннис 0,475938 0,001947
выйти 0,773190 0,005534
расширить 2,239527 0,002290
согласие 2,038856 0,004169
центр 0,773190 0,000791
posit 1,951845 0,007983
доступ 2,490841 0,005094
миа 3,050457 0,006238
задать 2,827314 0,002891
проиграть 1,104547 0,001129
связаться 0,867219 0,005320
пол 0,910391 0,000931
а 0,209918 0,000215
дубай 2,185460 0,008938
в 0,017911 0,000549
г 0,925206 0,001892
д 0,895792 0,001832
left 2,085376 0,008529
реклама 0,687247 0,001405
фото 0,799165 0,000817
и 0,023953 0,000220
политика 2,732003 0,008380
связь 0,747872 0,006118
к 0,132686 0,000271
о 0,042302 0,000043
с 0,036149 0,000665
четвертьфинал 1,279751 0,007851
теннисспорткарлос 5,129899 0,005245
течение 1,238078 0,001266
отыграть 2,564949 0,002623
авто 0,925206 0,000946
футбол 0,247097 0,000253
пройти 0,544931 0,000557
заголовок 2,732003 0,005587
информационный 1,122566 0,004591
a 1,392229 0,001424
рассмотреть 2,421849 0,002476
расположить 1,574551 0,003220
c 1,546380 0,003162
e 1,603538 0,003279
время 0,384967 0,000394
кнопка 2,732003 0,002793
билль 2,296685 0,002348
r 2,085376 0,002132
v 1,951845 0,001996
ранее 1,104547 0,001129
главный 0,565551 0,000578
проблема 1,122566 0,001148
одержать 1,217876 0,002491
фс 2,085376 0,002132
свитолинаженская 5,129899 0,005245
город 1,069456 0,001094
разблокировать 3,183989 0,009767
фотография 2,134166 0,002182
чат 3,183989 0,006511
новостеймолния 3,183989 0,003256
написать 2,038856 0,002085
единоборство 1,994404 0,002039
div 2,357310 0,009641
соглашаться 2,932674 0,002999
rian 3,183989 0,006511
сначала 1,664163 0,001702
профессионал 2,134166 0,006547
показать 0,504926 0,000516
пароль 2,732003 0,030728
удалить 1,951845 0,005987
часы 1,911023 0,003908
вход 2,085376 0,004265
описать 2,357310 0,002410
размещение 2,296685 0,002348
сколько 1,834062 0,001875
дэвис 1,633391 0,001670
теннисспортатркарлос 5,129899 0,005245
гаррос 2,421849 0,002476
биатлон 0,485508 0,000496
подтверждать 2,185460 0,002235
гаврилов 2,827314 0,002891
учредитель 1,994404 0,002039
уимблдон 2,421849 0,002476
рублевстефанос 5,129899 0,005245
циципасом 4,031286 0,004122
ссылка 0,699082 0,002859
коммуникация 2,134166 0,002182
рыбакина 3,338139 0,006826
мой 1,368699 0,006997
counter 1,911023 0,003908
архив 1,198073 0,001225
помочь 1,238078 0,001266
описание 0,881403 0,000901
процесс 1,664163 0,001702
джин 2,038856 0,002085
роскомнадзор 2,644992 0,002704
технология 0,786093 0,001608
теннисный 2,644992 0,013522
ria 2,932674 0,002999
через 0,971016 0,000993
теннисист 2,134166 0,006547
москва 0,576022 0,001178
воспользоваться 2,644992 0,010818
id 2,732003 0,011174
https 0,699082 0,002144
рыбакинаженская 5,129899 0,005245
wta 2,038856 0,008339
старое 1,797694 0,001838
должен 0,597299 0,000611
tns 3,183989 0,003256
хотеть 1,104547 0,001129
открывать 2,644992 0,005409
циципасу 3,743604 0,003828
перейти 0,586604 0,000600
стать 0,217244 0,000222
js 2,827314 0,002891
хачановым 3,520461 0,003600
вчера 1,518981 0,012425
андреев 2,134166 0,002182
top 1,695912 0,001734
обращение 0,910391 0,002793
спецпроект 1,994404 0,002039
массовый 1,466337 0,001499
обработка 2,085376 0,010661
это 0,181139 0,000185
синнер 2,932674 0,002999
рублевый 1,951845 0,007983
новость 0,285712 0,000876
доха 2,239527 0,016029
только 0,447767 0,000458
зарегистрироваться 2,932674 0,014993
пожаловаться 2,732003 0,002793
войти 0,608110 0,002487
старт 1,035554 0,001059
удаленный 1,492313 0,001526
mail 1,301257 0,005322
или 0,576022 0,003534
турнир 0,293617 0,003302
эл 2,134166 0,002182
защита 1,441019 0,005894
политик 0,224624 0,000230
mc 2,421849 0,007429
www 1,392229 0,001424
регистрация 1,871802 0,009570
почему 1,122566 0,001148
восстановление 2,296685 0,009393
border 3,050457 0,003119
гауфф 3,520461 0,003600
utf 3,183989 0,003256
alt 2,185460 0,011173
теннисспортдохакарен 5,129899 0,010491
фучовичкарлос 5,129899 0,005245
вконтакте 1,911023 0,003908
фигурный 0,514778 0,000526
tmsec 3,183989 0,003256
absolut 2,296685 0,009393
логин 2,932674 0,002999
конфиденциальность 0,293617 0,001201
нарушение 1,416327 0,004345
навсегда 2,564949 0,002623
na 2,490841 0,002547
рыбакинабелинда 5,129899 0,005245
действие 1,518981 0,001553
релиз 1,911023 0,001954
назад 1,140915 0,005833
список 0,986764 0,001009
обязательный 1,695912 0,012138
февраль 0,202645 0,000829
ошибка 0,576022 0,001767
fwz 2,827314 0,002891
вопрос 1,104547 0,004518
зубовский 3,183989 0,006511
заполнить 2,490841 0,017828
теннисспортандрей 5,129899 0,005245
ваш 2,038856 0,033356
имя 1,178655 0,006026
beta 3,183989 0,003256
где 0,675551 0,000691
срок 1,546380 0,003162
src 2,239527 0,011450
основание 1,416327 0,001448
издание 1,574551 0,001610
бульвар 3,183989 0,006511
сетевой 2,038856 0,002085
использование 0,277868 0,000284
вновь 1,574551 0,001610
сменить 1,466337 0,001499
материал 0,309617 0,002849
участвовать 0,955511 0,001954
сообщить 0,447767 0,000458
теннисянник 5,129899 0,005245
быть 0,119263 0,000366
sport 0,760451 0,001555
скриншот 3,183989 0,009767
истечь 2,732003 0,002793
лента 1,518981 0,003106
px 2,185460 0,008938
сфера 2,038856 0,002085
электронный 2,038856 0,002085
спорт 0,125952 0,000129
теннисспортелена 5,129899 0,005245
свидетельство 2,134166 0,002182
алькараскарен 5,129899 0,005245
height 3,050457 0,006238
комментирование 3,183989 0,006511
синнералексей 5,129899 0,005245
блокироваться 3,050457 0,003119
тута 2,490841 0,002547
сохранить 2,085376 0,002132
применение 2,085376 0,002132
можно 1,002764 0,001025
взаимодействие 2,490841 0,005094
cup 2,134166 0,002182
зож 2,827314 0,002891
дать 0,608110 0,006218
пресс 0,895792 0,001832
согласный 2,490841 0,007641
персональный 0,723179 0,005916
попыринассоциация 5,129899 0,005245
ru 0,285712 0,002629
перетянуть 3,183989 0,003256
appl 3,050457 0,003119
смочь 1,069456 0,002187
использоваться 1,159607 0,001186
кубок 0,376309 0,000770
во 0,495170 0,001519
готовый 1,994404 0,004079
rss 2,085376 0,002132
дата 0,799165 0,000817
впервые 0,839439 0,000858
раз 0,485508 0,002482
одноклассник 2,490841 0,005094
недопустимый 3,183989 0,003256
вы 0,309617 0,003482
фио 3,050457 0,003119
восстановить 2,644992 0,002704
пожалуйста 1,633391 0,001670
версия 0,393700 0,000403
россия 0,139466 0,000998
stori 2,732003 0,002793
тег 2,421849 0,002476
googl 2,644992 0,002704
зарегистрировать 0,711058 0,000727
watch 2,357310 0,007231
чтобы 0,773190 0,003953
да 1,911023 0,001954
open 1,834062 0,003751
loader 3,183989 0,006511
сайт 0,411400 0,001262
поле 1,392229 0,009965
андреевааманда 5,129899 0,005245
до 0,239550 0,000245
полезный 1,695912 0,001734
галочка 3,183989 0,003256
заблокировать 2,827314 0,005782
перетащить 3,183989 0,009767
поддерживаетсяполучить 3,183989 0,003256
адрес 1,994404 0,010196
другой 0,188256 0,000577
соответствие 1,002764 0,002051
унитарный 3,050457 0,009357
теннисспортдубайказахстанелена 5,129899 0,005245
atp 1,994404 0,008157
давать 1,416327 0,002896
us 2,038856 0,002085
отправка 3,050457 0,003119
загрузить 1,994404 0,004079
ее 0,723179 0,001479
направление 1,728701 0,001768
телефон 1,911023 0,001954
редакция 0,940244 0,002884
кинг 2,239527 0,002290
теннисспортдохароссиявенгрияандрей 5,129899 0,005245
посол 0,301585 0,000308
ассоциация 1,416327 0,005793
автор 1,466337 0,001499
сообщение 2,732003 0,039108
internet 2,932674 0,002999
мото 1,574551 0,001610
подтвердить 1,762603 0,001802
теннисспортмирра 5,129899 0,005245
алькарасассоциация 5,129899 0,005245
что 0,195425 0,000599
циципасассоциация 5,129899 0,005245
править 0,544931 0,002786
за 0,125952 0,000386
авторизация 3,183989 0,003256
рейтинг 0,524729 0,000537
форма 1,086847 0,013336
сыграть 0,839439 0,001717
если 0,675551 0,002763
статья 0,495170 0,000506
медведев 1,633391 0,001670
обо 2,932674 0,002999
из 0,106018 0,000217
бенчичукраинаэлина 5,129899 0,005245
теннискори 5,129899 0,005245
редактор 1,871802 0,001914
мертенсженская 5,129899 0,005245
контакт 1,035554 0,002118
тема 1,104547 0,003388
хачанов 2,296685 0,007045
хоккей 0,285712 0,000292
сервис 1,368699 0,001399
государственный 1,871802 0,005742
дискуссия 2,421849 0,004953
связанный 0,786093 0,001608
служба 1,279751 0,001309
риа 1,466337 0,002999
заметить 2,357310 0,002410
ролан 2,239527 0,002290
закрытый 1,911023 0,001954
обращать 2,827314 0,002891
рекомендательный 1,518981 0,001553
год 0,099461 0,000203
style 2,085376 0,010661
международный 0,466460 0,001431
матчболы 5,129899 0,005245
australian 2,185460 0,002235
rsport 2,932674 0,002999
агентство 1,994404 0,010196
победа 0,420369 0,000860
авторизоваться 3,050457 0,006238
выбрать 1,323236 0,004059
сегодня 0,881403 0,004506
просить 2,732003 0,002793
width 3,050457 0,006238
новыесначала 3,183989 0,003256
фучович 5,129899 0,005245
циципасандрей 5,129899 0,005245
шапка 2,827314 0,002891
отправить 1,871802 0,026795
продолжить 1,492313 0,001526
успешный 1,345709 0,001376
решение 0,839439 0,000858
ознакомить 3,050457 0,003119
анисимоваженская 5,129899 0,005245
вакансия 2,357310 0,002410
мы 0,195425 0,001399
проставлять 3,183989 0,003256
хачановмартон 5,129899 0,010491
участие 0,457070 0,000467
аккаунт 2,644992 0,013522
на 0,023953 0,000269
гауффэлиз 5,129899 0,005245
обсуждение 0,867219 0,001773
не 0,099461 0,000814
опечатка 2,564949 0,002623
использовать 0,940244 0,000961
онлайн 0,773190 0,000791
почта 2,185460 0,015642
блокировка 2,732003 0,011174
осуществляться 2,239527 0,002290
апрель 0,986764 0,001009
фамилия 2,421849 0,002476
длить 0,146292 0,001645
яндекс 2,490841 0,005094
об 0,217244 0,000222
либо 1,140915 0,001167
федеральный 1,834062 0,007501
нажимать 2,732003 0,002793
нет 0,825834 0,000844
поиск 0,711058 0,000727
img 2,185460 0,011173
от 0,160085 0,000164
катание 0,514778 0,000526
попробовать 2,564949 0,002623
заполнение 2,932674 0,020991
внимание 1,695912 0,001734
все 0,067304 0,000551
принимать 0,955511 0,000977
низкий 1,345709 0,004128
алькарас 2,134166 0,006547
по 0,073653 0,000452
выпуск 2,134166 0,002182
круг 1,392229 0,004271
надзор 2,357310 0,002410
теннисспортроссиядохаданиил 5,129899 0,005245
yandex 2,239527 0,006870
предприятие 2,732003 0,008380
способ 1,728701 0,003535
обратный 1,178655 0,008436
второе 0,839439 0,000858
продукт 2,296685 0,002348
произойти 1,178655 0,001205
второй 0,576022 0,001178
переть 0,359214 0,000735
