париж 1,392229 0,003452
состояться 1,140915 0,000471
лауреат 4,031286 0,001666
состоять 1,279751 0,000529
latina 1,603538 0,000663
экспорт 0,986764 0,000408
газета 1,392229 0,008054
lccn 1,492313 0,000617
кобль 5,129899 0,002120
ไทย 1,238078 0,000512
стиль 1,603538 0,000663
kernowek 3,520461 0,001455
tatarça 1,392229 0,000575
日本語 1,035554 0,000428
делиться 2,185460 0,000903
со 0,447767 0,000185
шпейхер 5,129899 0,002120
amauri 5,129899 0,010599
slovenščina 1,345709 0,000556
под 0,723179 0,000598
заявление 0,799165 0,000330
связаться 0,867219 0,000358
сто 2,644992 0,001093
басков 4,031286 0,001666
brezhoneg 2,038856 0,000843
энеко 5,129899 0,002120
подробный 0,687247 0,000284
содержание 0,955511 0,000790
фото 0,799165 0,000330
universali 1,951845 0,001613
eesti 1,069456 0,000442
مصرى 1,546380 0,000639
čeština 1,035554 0,000428
aragoné 1,762603 0,000728
эксмо 3,183989 0,002631
лапеби 5,129899 0,002120
minangkabau 2,564949 0,001060
серебряный 1,368699 0,000566
организовывать 3,338139 0,001379
викисклад 1,035554 0,000856
britannica 1,518981 0,000628
владелец 2,185460 0,003612
эдди 3,520461 0,001455
דיש 2,644992 0,001093
кратковременный 4,031286 0,001666
lëtzebuergesch 1,762603 0,000728
slovenčina 1,069456 0,000442
wikipedia 0,986764 0,000816
gnd 1,392229 0,000575
аймар 5,129899 0,002120
plattdüütsch 2,357310 0,000974
a 1,392229 0,001151
отредактировать 0,986764 0,000408
d 2,185460 0,001806
проект 0,457070 0,000378
e 1,603538 0,000663
амстел 5,129899 0,002120
называть 1,258698 0,000520
j 1,466337 0,000606
l 2,490841 0,014410
социальный 1,603538 0,000663
метонимом 5,129899 0,002120
n 2,421849 0,001001
o 2,932674 0,002424
s 1,664163 0,001375
викиновости 1,238078 0,000512
u 1,345709 0,000556
главный 0,565551 0,000234
w 0,955511 0,000395
x 1,279751 0,000529
фр 2,421849 0,017013
также 0,663991 0,000823
дневной 4,031286 0,003332
член 1,416327 0,000585
العربية 1,069456 0,000442
появиться 1,159607 0,000479
стартовать 1,633391 0,000675
италия 0,524729 0,000217
sprint 4,436752 0,001833
россиянин 0,971016 0,000401
майка 2,932674 0,021813
рубе 5,129899 0,002120
спонсировала 4,436752 0,001833
библиографический 1,279751 0,000529
par 4,436752 0,001833
правка 0,986764 0,000816
эйндховенская 5,129899 0,002120
система 0,799165 0,000330
плуэ 5,129899 0,002120
việt 1,140915 0,000471
отказ 0,839439 0,000347
гонка 0,853233 0,006699
один 0,342407 0,000424
специализироваться 4,031286 0,001666
дисциплина 1,546380 0,000639
фландерен 5,129899 0,002120
меркс 4,436752 0,011000
медиахолдинга 5,129899 0,002120
иметь 1,069456 0,000442
денис 2,296685 0,000949
длина 1,871802 0,000773
фирма 2,490841 0,001029
расчет 3,050457 0,001261
часть 1,104547 0,000456
рийс 5,129899 0,002120
à 5,129899 0,004240
société 5,129899 0,002120
курколь 5,129899 0,004240
последний 0,376309 0,000311
журналист 1,951845 0,000807
столетие 2,490841 0,001029
пекин 2,185460 0,000903
дорогой 2,134166 0,000882
издательский 3,338139 0,001379
архив 1,198073 0,000495
монреаль 2,357310 0,000974
pdf 0,940244 0,000389
зотемелк 5,129899 0,002120
ресурс 0,812411 0,000336
описание 0,881403 0,000364
лидер 1,258698 0,005201
строчной 4,436752 0,001833
июль 1,019025 0,002527
заменить 1,546380 0,000639
уиггинс 5,129899 0,002120
освобождение 4,031286 0,001666
bahasa 1,086847 0,000898
бретон 5,129899 0,004240
король 2,490841 0,001029
номер 1,392229 0,001726
lietuvių 1,140915 0,000471
словарь 1,198073 0,001485
становиться 1,159607 0,001917
ठ 1,574551 0,000651
меняться 1,951845 0,000807
разработчик 0,971016 0,000401
jeun 5,129899 0,002120
лой 5,129899 0,004240
द 1,546380 0,000639
ноябрь 0,955511 0,000790
न 1,518981 0,001255
команда 0,262364 0,000217
प 1,911023 0,000790
worldcat 2,490841 0,001029
вклад 0,955511 0,000395
indonesia 1,086847 0,000449
морис 3,743604 0,001547
роуд 4,436752 0,001833
суммарный 3,183989 0,001316
ल 1,911023 0,000790
текст 0,925206 0,000382
являться 1,019025 0,001263
промежуточный 2,827314 0,008178
проводиться 1,086847 0,000898
получать 1,301257 0,002151
очки 0,940244 0,001166
esperanto 1,198073 0,000495
ह 1,546380 0,000639
каталония 4,436752 0,001833
тиррено 5,129899 0,002120
длиться 2,296685 0,000949
временить 1,140915 0,001414
леблан 5,129899 0,012719
перейти 0,586604 0,000485
сын 2,239527 0,001851
портал 1,416327 0,000585
прюдомм 5,129899 0,010599
елисейский 5,129899 0,004240
ниувсблад 5,129899 0,002120
boarisch 2,357310 0,000974
українська 1,035554 0,000428
youtub 1,797694 0,000743
worldvelosport 5,129899 0,002120
зеленый 2,185460 0,002709
ответственность 0,895792 0,000370
литовский 1,951845 0,000807
молодая 1,762603 0,000728
lenta 2,239527 0,000925
спортсмен 0,565551 0,000234
françai 1,019025 0,000421
чельцова 5,129899 0,002120
его 0,447767 0,001295
рекордсмен 1,834062 0,001516
только 0,447767 0,000185
ndl 1,834062 0,000758
php 0,986764 0,000408
cite 1,258698 0,001040
кублер 5,129899 0,002120
горошек 5,129899 0,002120
com 0,925206 0,000382
frysk 1,762603 0,000728
west 2,827314 0,001168
заглавный 0,986764 0,000408
директор 1,871802 0,005414
ежегодно 2,185460 0,000903
лапиз 5,129899 0,002120
picard 2,827314 0,001168
хороший 0,393700 0,001301
бартали 5,129899 0,004240
красный 1,069456 0,002210
бюссе 5,129899 0,002120
конфиденциальность 0,293617 0,000121
svenska 1,035554 0,000428
roug 5,129899 0,008479
предыдущий 1,797694 0,000743
список 0,986764 0,000816
престижный 2,085376 0,000862
никто 1,574551 0,000651
гороховый 4,031286 0,004997
статус 1,279751 0,000529
départ 5,129899 0,002120
традиция 2,134166 0,000882
общество 1,871802 0,000773
секвестируются 5,129899 0,002120
профессиональный 1,052361 0,000435
главное 0,524729 0,000217
ранжирование 5,129899 0,002120
французский 1,052361 0,000435
адриатико 5,129899 0,002120
сьер 5,129899 0,002120
всеять 1,871802 0,001547
ttt 5,129899 0,002120
контадор 5,129899 0,004240
участвовать 0,955511 0,000395
сообщить 0,447767 0,000185
примечание 1,002764 0,000829
быть 0,119263 0,000641
нынешний 2,085376 0,000862
sport 0,760451 0,000943
мигель 4,436752 0,001833
дора 4,436752 0,001833
ненчини 5,129899 0,002120
есть 0,812411 0,000336
вести 1,238078 0,001023
квебек 3,338139 0,001379
café 5,129899 0,002120
объединиться 4,031286 0,001666
отделение 3,520461 0,001455
спорт 0,125952 0,000104
просмотр 0,925206 0,000382
дегранжем 5,129899 0,002120
meilleur 5,129899 0,002120
english 0,925206 0,000765
франция 0,675551 0,001396
набрать 1,368699 0,001697
этот 0,350775 0,000580
ਜ 1,664163 0,000688
jaun 5,129899 0,004240
pna 5,129899 0,002120
suomi 1,052361 0,000435
определяться 1,797694 0,003714
ਪ 1,664163 0,000688
классификация 2,732003 0,042899
продать 2,239527 0,000925
ਬ 1,664163 0,000688
глава 1,122566 0,001392
viaf 2,490841 0,002059
рекордный 2,038856 0,000843
основной 1,122566 0,004175
creativ 0,986764 0,000408
известный 0,986764 0,000408
română 1,122566 0,000464
страда 5,129899 0,002120
левитан 5,129899 0,006359
элемент 0,925206 0,000382
дофин 4,436752 0,001833
nkc 1,574551 0,000651
alemannisch 2,357310 0,000974
poi 5,129899 0,004240
спортивный 0,301585 0,000623
отдел 3,183989 0,001316
portuguê 1,035554 0,000428
впервые 0,839439 0,000347
раз 0,485508 0,000201
чемпионат 0,188256 0,000156
latviešu 1,052361 0,000435
российский 0,224624 0,000093
испания 1,159607 0,000479
ламбо 5,129899 0,004240
выиграть 0,485508 0,000401
версия 0,393700 0,000325
tour 2,827314 0,010515
jawa 1,911023 0,000790
основать 1,466337 0,000606
зарегистрировать 0,711058 0,000588
анкетиль 5,129899 0,012719
шоссейный 3,743604 0,003094
прописной 4,436752 0,001833
lefèvr 5,129899 0,002120
aso 5,129899 0,006359
اردو 1,574551 0,000651
индурайн 5,129899 0,012719
гарный 5,129899 0,002120
prix 4,031286 0,004997
поле 1,392229 0,001151
доля 2,827314 0,001168
доверяться 5,129899 0,002120
между 0,955511 0,000790
библиотека 3,520461 0,001455
знак 0,986764 0,000408
многодневный 3,743604 0,003094
руководство 1,301257 0,000538
ежедневный 4,436752 0,003667
принцесса 5,129899 0,002120
велосипедный 3,520461 0,002909
австралийский 1,633391 0,000675
спринт 1,871802 0,003867
обладатель 1,492313 0,003083
оставаться 1,301257 0,001075
подписчик 4,031286 0,003332
сеть 1,258698 0,000520
посол 0,301585 0,000748
запрещаться 2,932674 0,001212
медиафайлы 1,217876 0,000503
пешо 5,129899 0,002120
ಕನ 2,038856 0,000843
бернар 4,031286 0,001666
galego 1,178655 0,000487
page 0,986764 0,000408
эванс 5,129899 0,004240
короткий 0,699082 0,000289
поровну 3,743604 0,001547
оушен 5,129899 0,002120
боттеккья 5,129899 0,004240
оаэ 2,357310 0,000974
километр 1,951845 0,001613
служебный 0,955511 0,000395
кодекс 0,971016 0,000401
перевал 4,436752 0,001833
положение 1,416327 0,000585
тип 1,345709 0,000556
тис 5,129899 0,006359
война 1,695912 0,002102
фрума 5,129899 0,002120
призовой 1,951845 0,000807
associ 0,986764 0,000408
свободный 0,867219 0,000358
агрессивный 3,183989 0,007894
существовать 1,122566 0,000928
статья 0,495170 0,003069
interlingu 2,239527 0,000925
дегранж 5,129899 0,010599
wikimedia 0,986764 0,000408
протяженность 4,031286 0,001666
финьон 5,129899 0,004240
музыка 2,357310 0,000974
серийный 3,743604 0,001547
мировой 0,955511 0,001579
близлежащий 4,436752 0,001833
редактор 1,871802 0,001547
ελληνικά 1,086847 0,000449
получить 0,384967 0,000159
гранд 3,338139 0,004138
protour 5,129899 0,002120
язык 0,925206 0,000765
храбрость 5,129899 0,002120
бинкбанк 5,129899 0,002120
продавать 3,520461 0,001455
архивировать 1,104547 0,003651
יי 2,644992 0,001093
parisien 4,436752 0,007333
сделать 0,853233 0,000353
связанный 0,786093 0,000650
састре 5,129899 0,002120
милан 1,574551 0,000651
melayu 1,368699 0,000566
нибали 5,129899 0,002120
italiano 1,035554 0,000428
год 0,099461 0,001891
հայերեն 1,198073 0,000495
окана 5,129899 0,002120
учитываться 2,357310 0,000974
pwn 3,338139 0,001379
вуэльта 5,129899 0,004240
клод 5,129899 0,002120
мая 0,986764 0,001631
euskara 1,122566 0,000464
српскохрватски 1,416327 0,000585
web 1,279751 0,001058
рамка 1,441019 0,004168
катар 2,421849 0,001001
петя 4,436752 0,003667
мас 5,129899 0,006359
приз 1,834062 0,004547
универсальный 1,911023 0,000790
bokmål 1,069456 0,000442
vepsän 3,183989 0,001316
текущий 0,867219 0,000717
экспресс 1,416327 0,000585
сегодня 0,881403 0,000364
страна 0,641262 0,000265
помощник 2,134166 0,001764
лефевру 5,129899 0,002120
инструмент 0,881403 0,000728
создать 0,773190 0,000319
такой 0,735450 0,000304
cycl 5,129899 0,004240
деть 0,619039 0,000767
трусселье 5,129899 0,002120
экземпляр 5,129899 0,004240
asturianu 1,323236 0,000547
спонсируемой 5,129899 0,002120
патри 5,129899 0,002120
проходить 0,867219 0,000358
печать 0,955511 0,000790
генеральный 1,664163 0,006877
франсуа 3,520461 0,004364
русый 1,368699 0,000566
íslenska 1,392229 0,000575
догнать 2,827314 0,001168
включать 1,323236 0,000547
afrikaan 1,441019 0,000595
мари 4,031286 0,009995
фонд 0,895792 0,000370
тот 0,393700 0,000488
обсуждение 0,867219 0,000717
сменять 4,031286 0,001666
uci 5,129899 0,012719
организация 0,663991 0,001372
titl 0,986764 0,000408
указать 1,198073 0,000495
бретань 5,129899 0,002120
премия 2,357310 0,007793
group 2,357310 0,000974
товарный 0,986764 0,000408
история 0,270086 0,000446
македонский 1,258698 0,000520
три 1,178655 0,001461
тираж 5,129899 0,002120
длить 0,146292 0,000181
ripoarisch 4,436752 0,001833
себастьян 3,050457 0,001261
каренсо 5,129899 0,002120
боб 3,183989 0,003947
ழ 1,492313 0,000617
цюрих 3,050457 0,001261
согласно 1,574551 0,000651
équip 4,031286 0,011661
название 1,035554 0,000856
тысяча 1,546380 0,003195
поиск 0,711058 0,000588
франс 4,436752 0,093502
франц 3,338139 0,002759
вевельгем 5,129899 0,002120
дельгадо 5,129899 0,002120
аналогичный 2,085376 0,000862
молодой 2,490841 0,001029
classement 5,129899 0,012719
oldid 0,986764 0,000408
длинный 1,762603 0,000728
point 3,338139 0,001379
очковый 3,743604 0,007735
как 0,232059 0,000479
участник 0,799165 0,000660
первое 0,393700 0,000488
фрум 5,129899 0,010599
parc 4,436752 0,001833
бьянке 5,129899 0,002120
низкий 1,345709 0,000556
условие 0,334108 0,000414
каф 3,050457 0,001261
фильм 2,185460 0,000903
критериум 5,129899 0,002120
достижение 1,279751 0,000529
занять 1,159607 0,000479
тарашкевіца 1,198073 0,000495
комбинированный 3,743604 0,007735
продаваться 3,743604 0,001547
cymraeg 1,574551 0,000651
третье 1,035554 0,000428
авторство 0,986764 0,000408
высокий 0,760451 0,000314
archiv 3,338139 0,001379
мана 2,421849 0,002002
второе 0,839439 0,000347
sicilianu 2,038856 0,000843
второй 0,576022 0,000476
джимонди 5,129899 0,002120
català 1,086847 0,000449
dansk 1,069456 0,000442
новый 0,239550 0,000198
образ 1,178655 0,000487
поведение 0,839439 0,000347
тур 1,159607 0,042168
еще 0,167054 0,000138
ттт 5,129899 0,002120
des 3,520461 0,002909
గ 2,038856 0,000843
франкфурт 3,338139 0,001379
роч 5,129899 0,002120
rank 3,183989 0,001316
успех 1,518981 0,001255
فارسی 1,104547 0,000456
рейс 2,644992 0,001093
валонь 5,129899 0,002120
త 2,038856 0,000843
пинжон 5,129899 0,002120
беларуская 1,069456 0,000884
полный 0,940244 0,000389
дефре 5,129899 0,002120
cours 3,338139 0,001379
фландрии 5,129899 0,002120
льеж 5,129899 0,004240
а 0,209918 0,001041
б 1,466337 0,005453
в 0,017911 0,000400
грег 4,436752 0,001833
ల 2,038856 0,000843
г 0,925206 0,002676
кэдел 5,129899 0,002120
викимедиа 0,986764 0,000408
д 0,895792 0,001110
webcit 2,038856 0,000843
ж 2,644992 0,006558
годдета 5,129899 0,002120
и 0,023953 0,000396
й 0,825834 0,001024
к 0,132686 0,000493
велоспорт 1,178655 0,000974
л 2,038856 0,017693
м 0,534779 0,001989
н 0,895792 0,000740
вплоть 1,871802 0,000773
azərbaycanca 1,258698 0,000520
о 0,042302 0,000192
п 1,086847 0,000449
р 2,239527 0,004627
ницца 3,743604 0,001547
с 0,036149 0,000403
она 0,597299 0,000247
т 1,368699 0,002262
ф 1,728701 0,007858
течение 1,238078 0,001023
определить 1,301257 0,000538
х 0,986764 0,000408
филиал 3,743604 0,003094
ш 3,743604 0,001547
скачать 0,895792 0,000740
сезон 0,723179 0,000299
дополнительный 0,940244 0,000389
э 2,296685 0,005694
андер 5,129899 0,002120
я 0,747872 0,000618
пантани 4,031286 0,001666
journal 3,050457 0,001261
мир 0,277868 0,000230
итоговый 2,085376 0,000862
by 0,971016 0,000802
franc 3,338139 0,009656
экз 2,732003 0,001129
даби 2,827314 0,001168
deadlink 2,038856 0,000843
русский 0,760451 0,000628
армстронг 4,436752 0,012834
входить 1,258698 0,001040
этап 0,895792 0,004812
cc 0,986764 0,000408
организатор 1,951845 0,001613
цветной 3,050457 0,001261
парижский 3,183989 0,001316
дочерний 3,743604 0,003094
shqip 1,466337 0,000606
время 0,384967 0,001591
денежный 3,183989 0,003947
томас 2,490841 0,001029
выходить 1,695912 0,000701
отменить 1,728701 0,000714
боев 2,932674 0,001212
бордо 5,129899 0,002120
ранее 1,104547 0,000456
победитель 0,799165 0,004623
валковяк 5,129899 0,002120
дегранжа 5,129899 0,002120
нечаев 4,031286 0,001666
гент 4,031286 0,001666
ульрих 3,520461 0,001455
de 1,871802 0,008508
неофициальный 2,134166 0,000882
носить 1,664163 0,004126
پنجابی 2,239527 0,000925
粵語 1,178655 0,000487
викиданных 0,986764 0,000408
தம 1,492313 0,000617
актив 3,183989 0,001316
каталанский 1,695912 0,000701
шанс 1,258698 0,000520
вырасти 2,732003 0,001129
научный 2,732003 0,001129
du 4,031286 0,008329
montagn 5,129899 0,002120
каталог 1,301257 0,000538
викискладе 1,217876 0,000503
показать 0,504926 0,000209
фабер 5,129899 0,002120
выигрыш 2,134166 0,000882
акционер 3,050457 0,001261
читать 0,555188 0,000229
гонщик 2,421849 0,012009
граф 3,743604 0,001547
подъем 3,183989 0,001316
дион 5,129899 0,002120
сумма 1,518981 0,003766
англ 1,159607 0,000479
princ 5,129899 0,002120
гран 1,518981 0,001883
командный 1,002764 0,002072
зарубежье 4,436752 0,001833
мужество 3,743604 0,001547
fr 4,436752 0,001833
интересный 2,085376 0,000862
видео 0,699082 0,000289
жак 3,183989 0,009210
польша 1,762603 0,000728
petit 5,129899 0,002120
жан 3,338139 0,017932
пожертвовать 0,940244 0,000389
desgrang 5,129899 0,002120
шлек 5,129899 0,002120
blanc 5,129899 0,006359
henri 3,743604 0,001547
ссылка 0,699082 0,002311
kiswahili 2,185460 0,000903
grand 3,050457 0,002521
srpskohrvatski 1,416327 0,000585
中文 1,035554 0,000428
помимо 1,911023 0,000790
ನಡ 2,038856 0,000843
проявить 2,644992 0,001093
foundat 0,986764 0,000408
philipp 4,436752 0,001833
велогонка 4,031286 0,011661
калифорний 3,743604 0,001547
vert 5,129899 0,004240
швейцария 1,258698 0,000520
среди 0,597299 0,000494
финиш 2,185460 0,003612
https 0,699082 0,000289
sudoc 2,932674 0,001212
soundtrack 5,129899 0,002120
смерть 2,134166 0,000882
отдельный 0,955511 0,000395
результат 0,524729 0,000217
мобильный 0,555188 0,000229
tiếng 1,140915 0,000471
татарча 1,392229 0,000575
עברית 1,052361 0,000435
index 0,986764 0,000408
большой 0,687247 0,000284
изначально 2,038856 0,000843
должен 0,597299 0,000247
избранный 0,955511 0,000395
крис 2,932674 0,001212
гуанси 5,129899 0,002120
предок 4,436752 0,001833
letour 5,129899 0,002120
крыть 2,932674 0,001212
джиро 5,129899 0,004240
родственный 2,239527 0,000925
стать 0,217244 0,000449
возможно 1,664163 0,000688
жео 5,129899 0,002120
килли 5,129899 0,002120
world 1,416327 0,001756
обращение 0,910391 0,003010
vlam 2,827314 0,001168
обедать 5,129899 0,002120
это 0,181139 0,000075
код 0,971016 0,007624
combiné 5,129899 0,006359
édition 5,129899 0,002120
url 0,986764 0,000408
сентябрь 1,035554 0,001712
доступный 0,955511 0,000395
la 2,827314 0,003505
покупать 3,743604 0,001547
сантиметр 0,955511 0,001579
le 3,743604 0,012376
омлоп 5,129899 0,002120
однодневные 5,129899 0,002120
войти 0,608110 0,000251
auto 4,031286 0,014992
piemontèi 2,564949 0,001060
клерк 5,129899 0,002120
или 0,576022 0,000238
измениться 2,038856 0,000843
ქართული 1,392229 0,000575
қазақша 1,178655 0,000487
возраст 1,871802 0,000773
гарригу 5,129899 0,002120
политик 0,224624 0,000093
учетный 0,986764 0,000408
суррей 5,129899 0,002120
принадлежать 1,762603 0,000728
много 0,735450 0,000304
хет 2,296685 0,000949
харелбеке 5,129899 0,002120
лемонд 5,129899 0,008479
представиться 0,986764 0,000408
бельгия 2,038856 0,000843
баамонтес 5,129899 0,002120
имп 5,129899 0,002120
velohack 5,129899 0,002120
затем 1,301257 0,000538
ван 2,296685 0,000949
атаковать 1,871802 0,000773
gaeilg 1,951845 0,000807
разыгрываться 1,994404 0,005769
первый 0,317714 0,000131
дварс 5,129899 0,002120
no 1,911023 0,000790
मर 1,574551 0,000651
итог 0,867219 0,001075
февраль 0,202645 0,000167
ошибка 0,576022 0,000238
ино 5,129899 0,012719
германий 0,723179 0,000299
компания 0,971016 0,000802
песня 3,338139 0,001379
орфографический 4,436752 0,001833
бастонь 5,129899 0,002120
deutsch 1,052361 0,000435
датский 1,368699 0,000566
конкурировать 3,183989 0,001316
старший 1,695912 0,000701
больший 0,457070 0,001889
nederland 1,019025 0,000421
считаться 1,441019 0,001191
событие 0,565551 0,000234
накопить 5,129899 0,004240
использование 0,277868 0,000115
неделя 1,217876 0,000503
самый 0,608110 0,000503
материал 0,309617 0,000128
соревнование 0,411400 0,000510
грейта 5,129899 0,002120
общественный 2,038856 0,000843
кук 0,971016 0,000401
лицензия 0,971016 0,000401
молодежный 1,159607 0,001917
instagram 1,911023 0,000790
føroyskt 2,085376 0,000862
документальный 3,338139 0,001379
эшборн 5,129899 0,002120
uwt 5,129899 0,002120
навигация 0,986764 0,001223
страница 0,910391 0,003386
мочь 0,350775 0,000145
сам 0,747872 0,001854
гамбург 3,183989 0,001316
борьба 0,723179 0,000299
сан 2,038856 0,001685
запись 0,910391 0,000376
qr 0,986764 0,000408
limburg 2,134166 0,000882
даун 5,129899 0,002120
годдет 5,129899 0,002120
сохранение 0,971016 0,000401
吴语 1,238078 0,000512
супер 3,183989 0,001316
madrid 4,436752 0,001833
hrvatski 1,052361 0,000435
занятой 3,050457 0,001261
символизировать 3,743604 0,001547
призвать 2,085376 0,000862
годде 5,129899 0,014839
персональный 0,723179 0,000299
радиге 5,129899 0,004240
ru 0,285712 0,000236
действовать 0,825834 0,000341
организовать 1,466337 0,000606
аудио 1,951845 0,000807
присуждаться 2,827314 0,001168
во 0,495170 0,001637
sa 0,986764 0,000408
occitan 1,466337 0,000606
уже 0,687247 0,000284
дата 0,799165 0,002972
берналь 5,129899 0,002120
kel 3,183989 0,001316
nynorsk 1,546380 0,000639
цвет 1,695912 0,000701
вы 0,309617 0,000128
nedersaksi 3,183989 0,001316
аба 2,490841 0,001029
проводить 0,910391 0,001881
номинация 3,520461 0,002909
меньшов 5,129899 0,002120
китайский 1,069456 0,000442
гора 2,932674 0,001212
español 1,019025 0,000421
соучредитель 4,031286 0,001666
просто 1,492313 0,000617
издатель 4,436752 0,001833
петля 3,743604 0,009282
рекорд 0,955511 0,000395
bosanski 1,345709 0,000556
свой 0,586604 0,000242
энциклопедия 0,986764 0,000816
виктор 1,416327 0,001171
свое 0,457070 0,000378
български 1,086847 0,000449
образовательный 2,421849 0,001001
чтобы 0,773190 0,000958
январь 0,786093 0,000650
янссен 5,129899 0,002120
де 0,955511 0,021321
проведение 1,104547 0,000913
ломбардия 5,129899 0,002120
ди 3,520461 0,001455
велогонщик 4,031286 0,004997
сайт 0,411400 0,000340
десгранджом 5,129899 0,002120
до 0,239550 0,000495
перейро 5,129899 0,002120
пелиссье 5,129899 0,002120
тевене 5,129899 0,004240
combativité 5,129899 0,004240
другой 0,188256 0,000311
сюда 0,986764 0,000408
весить 1,911023 0,000790
классик 2,732003 0,005645
цитировать 0,925206 0,000382
ее 0,723179 0,000299
преуспеть 4,436752 0,001833
поттье 5,129899 0,002120
пьер 1,951845 0,002420
регулярно 1,871802 0,000773
norsk 1,052361 0,000870
лондон 1,911023 0,000790
число 0,955511 0,000790
факт 1,797694 0,000743
ido 1,546380 0,000639
перевалить 4,031286 0,001666
производиться 2,239527 0,000925
трасса 2,134166 0,000882
волшебный 1,695912 0,000701
горный 2,644992 0,010930
isbn 1,633391 0,001350
polski 1,035554 0,000428
organis 4,436752 0,005500
ледюк 5,129899 0,004240
common 0,986764 0,000408
править 0,544931 0,008557
спринтер 3,743604 0,004641
за 0,125952 0,000104
дом 1,911023 0,000790
голь 5,129899 0,002120
org 0,986764 0,000408
зачет 1,416327 0,001171
мероприятие 1,762603 0,000728
альберт 2,564949 0,001060
настоящее 1,368699 0,000566
фамм 5,129899 0,002120
vèneto 2,357310 0,000974
некоммерческий 0,986764 0,000408
советский 1,140915 0,000471
принцип 1,695912 0,001402
желтый 1,834062 0,008337
walon 2,827314 0,001168
дакар 2,421849 0,001001
голд 5,129899 0,002120
из 0,106018 0,000131
астурийской 5,129899 0,002120
кристиан 2,564949 0,005299
наш 0,652562 0,000270
случайный 0,986764 0,000408
указание 0,986764 0,000408
скрытый 1,052361 0,000435
српски 1,035554 0,000428
возложить 4,436752 0,001833
тема 1,104547 0,000456
коппи 5,129899 0,004240
лопатин 4,436752 0,001833
точный 2,296685 0,000949
белый 1,574551 0,001952
анри 3,520461 0,010183
ралли 2,357310 0,000974
srpski 1,035554 0,000428
берет 2,932674 0,001212
октябрь 1,019025 0,000842
ваттенфаль 5,129899 0,002120
администратор 3,338139 0,001379
управление 2,239527 0,000925
géo 5,129899 0,002120
идея 1,871802 0,000773
который 0,325878 0,002020
постоянный 0,881403 0,000364
турция 1,664163 0,000688
награда 1,279751 0,000529
следующий 0,853233 0,000353
türkçe 1,052361 0,000435
победа 0,420369 0,000521
допинг 1,871802 0,000773
рассказать 1,122566 0,000464
facebook 1,994404 0,000824
побеждать 1,951845 0,000807
фонарь 4,436752 0,001833
флеш 5,129899 0,002120
случай 0,867219 0,000358
первоначально 1,951845 0,000807
погачар 5,129899 0,008479
спринтерский 3,183989 0,001316
한국어 1,035554 0,000428
создание 1,633391 0,000675
место 0,402511 0,000499
государство 2,134166 0,000882
reveal 4,436752 0,001833
дух 3,050457 0,001261
закончить 1,994404 0,000824
брест 3,743604 0,001547
корень 2,932674 0,001212
хавьер 3,183989 0,002631
мы 0,195425 0,000081
участие 0,457070 0,000189
на 0,023953 0,000188
достигнуть 1,728701 0,000714
свежий 0,839439 0,000347
simpl 1,140915 0,000471
не 0,099461 0,000205
использовать 0,940244 0,000389
каждый 0,812411 0,001679
ни 1,603538 0,000663
онлайн 0,773190 0,000319
маленький 1,392229 0,000575
вингегор 5,129899 0,004240
внешний 1,104547 0,000456
dossard 5,129899 0,004240
intermédiair 5,129899 0,002120
категория 0,881403 0,001093
норвежский 1,345709 0,000556
независимо 2,932674 0,001212
magyar 1,086847 0,000449
об 0,217244 0,000090
финансовый 1,911023 0,000790
романдии 5,129899 0,002120
справка 0,986764 0,000408
называться 1,603538 0,000663
maillot 5,129899 0,023318
он 0,475938 0,000787
от 0,160085 0,000132
eurosport 3,338139 0,002759
форум 0,867219 0,000358
ремо 5,129899 0,002120
валя 4,031286 0,001666
статистика 0,630089 0,000521
официальный 0,735450 0,000304
слать 1,728701 0,000714
робик 5,129899 0,002120
все 0,067304 0,000195
википедия 0,986764 0,001223
рекламный 2,185460 0,000903
сведение 0,786093 0,000325
по 0,073653 0,000670
монгол 1,518981 0,000628
inc 0,986764 0,000408
учредить 2,185460 0,000903
феликс 3,743604 0,004641
arpetan 3,520461 0,001455
информация 0,608110 0,000251
нака 5,129899 0,004240
спица 5,129899 0,002120
сообщество 0,910391 0,000376
википедии 0,986764 0,000816
переть 0,359214 0,000445
источник 0,786093 0,000325
