состояться 1,140915 0,001483
финал 0,699082 0,006814
крупенникова 5,129899 0,006667
день 0,699082 0,000454
белта 5,129899 0,013333
еще 0,167054 0,000434
теннис 0,475938 0,000928
зенитовцы 4,436752 0,002883
ахмат 1,198073 0,001557
ставка 0,799165 0,001039
со 0,447767 0,002037
петербург 1,345709 0,000874
анонсировать 3,338139 0,002169
важный 0,986764 0,000641
заявление 0,799165 0,000519
предел 1,603538 0,001042
опускать 4,031286 0,002619
конфликт 1,951845 0,002537
проиграть 1,104547 0,002153
сэ 2,932674 0,001906
декабрь 0,853233 0,008871
а 0,209918 0,000273
тв 1,633391 0,001061
обыграть 1,122566 0,007294
в 0,017911 0,000663
георгий 2,421849 0,006295
трудный 2,932674 0,003811
реклама 0,687247 0,000893
е 0,867219 0,001127
з 3,050457 0,001982
и 0,023953 0,000467
связь 0,747872 0,001458
к 0,132686 0,000086
м 0,534779 0,001390
дружба 3,183989 0,004138
н 0,895792 0,001164
о 0,042302 0,000330
п 1,086847 0,001412
санкт 1,279751 0,000832
с 0,036149 0,000376
она 0,597299 0,000776
сейчас 1,104547 0,000718
у 0,342407 0,000667
течение 1,238078 0,000804
olimpbet 3,050457 0,001982
ц 5,129899 0,003333
китай 1,695912 0,002204
авто 0,925206 0,001804
сезон 0,723179 0,002350
дополнительный 0,940244 0,000611
француженка 4,031286 0,002619
я 0,747872 0,000486
футбол 0,247097 0,000803
мир 0,277868 0,002167
итоговый 2,085376 0,001355
пройти 0,544931 0,002124
бум 1,911023 0,002483
португалия 1,994404 0,001296
репортаж 1,633391 0,001061
теперь 0,971016 0,000631
проект 0,457070 0,000891
время 0,384967 0,001251
весной 2,564949 0,003333
конец 1,035554 0,000673
могилев 5,129899 0,006667
сегодняшний 3,338139 0,002169
исландия 2,644992 0,006875
про 1,301257 0,000846
новгород 1,217876 0,001583
представительница 3,338139 0,002169
мелбет 1,762603 0,002291
румынский 3,050457 0,001982
ранее 1,104547 0,000718
победитель 0,799165 0,002077
главный 0,565551 0,001102
ситуация 1,392229 0,001809
избитый 4,436752 0,011532
присоединиться 2,490841 0,001618
также 0,663991 0,001294
белорусский 2,296685 0,001492
полусредней 5,129899 0,003333
избить 4,436752 0,002883
юбилей 2,564949 0,001667
италия 0,524729 0,000341
прошлый 1,518981 0,000987
скорбеть 5,129899 0,003333
соцсетях 1,466337 0,000953
воронин 4,031286 0,002619
хернинг 4,436752 0,008649
бухарест 4,031286 0,005239
снова 1,574551 0,001023
россиянин 0,971016 0,000631
находиться 0,925206 0,000601
машеки 5,129899 0,013333
зарубежный 1,695912 0,003306
окончание 1,546380 0,001005
заключительный 2,357310 0,001532
жанейро 2,421849 0,001574
показать 0,504926 0,000328
победить 0,699082 0,002271
мма 1,069456 0,002085
машеку 5,129899 0,003333
конгресс 2,185460 0,001420
ключевой 2,296685 0,001492
продолжиться 3,050457 0,001982
бета 1,834062 0,002383
олимпизм 1,466337 0,002858
счет 0,799165 0,003635
себя 0,597299 0,000776
забросить 2,421849 0,003147
олимпийский 0,342407 0,001780
карьер 0,925206 0,001202
ирина 2,732003 0,001775
дуда 4,436752 0,002883
читать 0,555188 0,000361
далекий 1,416327 0,000920
видеосвязи 5,129899 0,003333
спортс 1,871802 0,010946
могилевчане 5,129899 0,003333
один 0,342407 0,000445
совет 0,825834 0,001073
полностью 1,546380 0,001005
видео 0,699082 0,000454
биатлон 0,485508 0,000946
локомотив 0,839439 0,001091
россиянка 2,085376 0,002710
владеть 2,357310 0,001532
спортсменка 1,664163 0,001081
мой 1,368699 0,000889
выложить 3,338139 0,002169
лето 1,911023 0,002483
лунь 5,129899 0,006667
обсудить 3,743604 0,007297
раунд 1,546380 0,002010
разойтись 4,031286 0,002619
дарья 1,951845 0,001268
букмекер 1,140915 0,005189
заявить 1,140915 0,000741
лидер 1,258698 0,001636
подвести 3,050457 0,001982
астраханский 4,436752 0,002883
делать 1,392229 0,000905
технология 0,786093 0,001532
среди 0,597299 0,001164
анатолия 2,357310 0,003063
девушка 1,797694 0,001168
роттердам 3,743604 0,007297
качество 1,323236 0,000860
преимущество 1,951845 0,001268
москва 0,576022 0,000749
олимп 1,762603 0,002291
смерть 2,134166 0,001387
амбиция 3,743604 0,002432
результат 0,524729 0,000682
троевластие 5,129899 0,003333
команда 0,262364 0,001705
екатерина 2,134166 0,001387
дания 1,834062 0,016684
павел 1,834062 0,001192
офф 1,019025 0,000662
поставить 1,633391 0,001061
тасс 1,695912 0,006612
возвращение 1,466337 0,000953
конференция 1,392229 0,001809
зенит 0,867219 0,006762
получать 1,301257 0,000846
очки 0,940244 0,000611
забить 1,466337 0,001906
временить 1,140915 0,001483
хотеть 1,104547 0,000718
перейти 0,586604 0,000381
стать 0,217244 0,000565
акрон 1,279751 0,001663
заикина 5,129899 0,003333
ференцвароша 5,129899 0,003333
двукратный 2,239527 0,001455
разыгрывать 2,421849 0,003147
чайковский 4,031286 0,002619
группа 1,122566 0,000729
это 0,181139 0,000706
рост 0,812411 0,001056
смена 1,762603 0,001145
два 0,504926 0,000984
допуск 2,564949 0,006667
дмитриев 3,183989 0,006207
спортсмен 0,565551 0,000367
разница 1,728701 0,001123
бронза 1,728701 0,003370
новость 0,285712 0,001300
армейский 2,932674 0,001906
тренер 0,555188 0,002525
перевес 4,436752 0,002883
жизнь 0,881403 0,000573
только 0,447767 0,000291
коноплев 4,436752 0,002883
ференцварош 4,436752 0,002883
ссора 3,743604 0,002432
старт 1,035554 0,000673
дорога 3,050457 0,001982
нхл 0,925206 0,001804
mail 1,301257 0,000846
астрашапкин 5,129899 0,003333
целый 1,492313 0,000970
турнир 0,293617 0,001145
особенный 3,183989 0,002069
фонбет 1,466337 0,001906
уступить 1,368699 0,003557
стадион 1,518981 0,000987
политик 0,224624 0,000438
уход 1,834062 0,001192
директор 1,871802 0,001216
фгр 4,436752 0,014414
когда 0,652562 0,000424
играть 0,895792 0,000582
белоруссия 2,827314 0,003674
рассчитать 2,490841 0,001618
фигурный 0,514778 0,001003
ждать 1,492313 0,000970
астрахань 4,031286 0,013097
конфиденциальность 0,293617 0,000572
результативный 2,490841 0,003237
гандбол 1,122566 0,043765
оренбург 1,301257 0,001691
черногория 2,732003 0,007101
евтушенко 5,129899 0,006667
назад 1,140915 0,000741
предыдущий 1,797694 0,001168
одинаковый 2,134166 0,001387
ссср 0,940244 0,001222
трефилов 5,129899 0,003333
итог 0,867219 0,001127
пять 1,140915 0,000741
февраль 0,202645 0,000658
опубликовать 1,762603 0,001145
вопрос 1,104547 0,000718
германий 0,723179 0,007049
игра 0,112619 0,000146
компания 0,971016 0,001893
пермский 3,338139 0,002169
гандбольный 4,031286 0,007858
против 0,747872 0,000486
именно 1,492313 0,000970
заикин 5,129899 0,010000
датский 1,368699 0,002668
главное 0,524729 0,000682
французский 1,052361 0,002051
федерация 0,495170 0,003539
скончаться 2,564949 0,001667
рекомендация 1,217876 0,002374
присутствовать 1,951845 0,001268
печальный 4,436752 0,002883
интервью 0,971016 0,001262
сообщаться 2,490841 0,001618
поединок 2,085376 0,001355
использование 0,277868 0,000542
неделя 1,217876 0,000791
самый 0,608110 0,000790
сменить 1,466337 0,000953
материал 0,309617 0,000402
рубин 1,198073 0,001557
соревнование 0,411400 0,000267
сообщить 0,447767 0,000291
быть 0,119263 0,001007
европейский 1,122566 0,000729
закончиться 1,834062 0,001192
потерпеть 2,038856 0,001325
отмечать 2,421849 0,001574
перемена 3,338139 0,002169
финальный 1,492313 0,001939
молодежный 1,159607 0,000753
вести 1,238078 0,000804
балтика 1,217876 0,003165
представлять 1,217876 0,000791
установить 1,279751 0,002495
спорт 0,125952 0,001146
кулак 3,183989 0,002069
ряд 1,198073 0,000778
национальный 0,839439 0,000545
франция 0,675551 0,003073
мочь 0,350775 0,000684
этот 0,350775 0,000912
борьба 0,723179 0,000470
сборная 0,342407 0,004672
хмелек 5,129899 0,003333
наверху 5,129899 0,003333
протяжение 1,951845 0,001268
швеция 1,035554 0,000673
женский 0,663991 0,002157
трир 5,129899 0,003333
бы 1,052361 0,002051
кхл 0,760451 0,001482
пресс 0,895792 0,002910
увлечение 3,743604 0,004865
кулинария 5,129899 0,003333
действовать 0,825834 0,001073
фитнес 1,546380 0,003014
перевернуться 5,129899 0,003333
смочь 1,069456 0,000695
питерский 3,520461 0,004575
кубок 0,376309 0,000489
легенда 1,416327 0,000920
спортивный 0,301585 0,000196
во 0,495170 0,001287
женщина 0,663991 0,001294
многолетний 2,732003 0,001775
известно 1,871802 0,001216
мужской 1,198073 0,003114
вернуться 0,986764 0,000641
раз 0,485508 0,001262
возглавить 2,239527 0,002910
чемпионат 0,188256 0,003180
того 0,955511 0,000621
российский 0,224624 0,000876
паря 1,217876 0,001583
испания 1,159607 0,000753
проводить 0,910391 0,000592
цель 1,238078 0,000804
выиграть 0,485508 0,000946
кипр 2,827314 0,001837
отложить 3,183989 0,002069
отличиться 2,564949 0,003333
крыло 1,238078 0,001609
россия 0,139466 0,001087
го 1,279751 0,000832
телеканал 2,644992 0,001719
турнирный 1,086847 0,002119
сочить 0,853233 0,001109
рекорд 0,955511 0,001863
свое 0,457070 0,000297
рбк 1,797694 0,001168
январь 0,786093 0,003575
плей 1,002764 0,000652
де 0,955511 0,000621
казахстан 1,217876 0,002374
перед 0,839439 0,000545
сайт 0,411400 0,000267
связать 5,129899 0,003333
двухлетний 3,520461 0,002287
до 0,239550 0,000467
правый 0,971016 0,000631
представитель 1,238078 0,000804
выступать 0,940244 0,001222
другой 0,188256 0,000856
шишкарев 5,129899 0,003333
работа 1,086847 0,001412
европа 0,393700 0,003326
давать 1,416327 0,000920
ход 1,279751 0,000832
посол 0,301585 0,000196
сдаваться 4,031286 0,002619
сопротивление 2,564949 0,001667
переиграть 2,644992 0,003437
клуб 0,652562 0,003392
vk 1,441019 0,000936
петербуржец 3,338139 0,002169
причина 1,368699 0,001779
мото 1,574551 0,003069
нижний 0,955511 0,001242
главый 3,050457 0,001982
поражение 1,122566 0,000729
путь 1,518981 0,000987
что 0,195425 0,000381
покинуть 1,871802 0,001216
краснодар 0,867219 0,001127
армеец 2,564949 0,001667
близнова 5,129899 0,003333
за 0,125952 0,001064
будущий 3,050457 0,001982
белорус 4,031286 0,002619
инцидент 2,421849 0,001574
домашний 1,695912 0,001102
оказать 2,732003 0,001775
рейтинг 0,524729 0,002387
олег 1,871802 0,002432
сыграть 0,839439 0,000545
коллега 3,050457 0,003964
левый 1,871802 0,001216
киселев 3,338139 0,002169
если 0,675551 0,000439
больница 3,338139 0,002169
хозяин 2,185460 0,002840
рен 3,743604 0,002432
бетсити 1,633391 0,002123
пятый 1,574551 0,001023
винлайн 1,834062 0,002383
одолеть 2,134166 0,005547
seha 5,129899 0,013333
звездный 2,827314 0,001837
из 0,106018 0,000551
вторник 2,932674 0,001906
игровой 1,104547 0,004306
посвятить 1,994404 0,001296
еврокубки 1,546380 0,003014
мяч 0,735450 0,002867
наш 0,652562 0,000424
групповой 1,603538 0,004168
серьезный 1,633391 0,001061
сосредоточить 3,520461 0,002287
беларусь 1,279751 0,003326
оденсе 4,436752 0,008649
пострадать 3,050457 0,001982
нидерланды 1,518981 0,008883
вяхирев 5,129899 0,016666
план 1,664163 0,003244
тема 1,104547 0,001435
коллектив 2,644992 0,001719
хоккей 0,285712 0,000928
спартак 0,711058 0,000924
егор 1,951845 0,001268
сервис 1,368699 0,000889
хассан 5,129899 0,003333
автобус 3,338139 0,002169
следить 1,994404 0,002592
ильин 3,183989 0,002069
леона 1,633391 0,002123
сделать 0,853233 0,000554
казань 1,301257 0,000846
ihf 4,436752 0,005766
служба 1,279751 0,002495
дорожный 3,520461 0,004575
риа 1,466337 0,003811
словения 2,357310 0,004595
гость 1,994404 0,002592
ковалевский 4,031286 0,002619
цска 0,711058 0,003234
юноша 2,357310 0,001532
актуальный 1,546380 0,001005
будущее 1,664163 0,002163
год 0,099461 0,000646
эстония 2,296685 0,001492
мустафа 5,129899 0,003333
контракт 1,258698 0,001636
международный 0,466460 0,001819
матч 0,293617 0,003816
суперлига 1,441019 0,000936
завоевать 1,035554 0,000673
соперник 0,853233 0,001109
решить 1,392229 0,001809
лыжный 0,675551 0,001317
юниор 1,345709 0,000874
который 0,325878 0,000423
динамо 0,663991 0,003452
рио 2,296685 0,001492
гандболист 4,031286 0,015717
следующий 0,853233 0,000554
артем 1,951845 0,001268
победа 0,420369 0,000546
рассказать 1,122566 0,001459
текущий 0,867219 0,000563
экспресс 1,416327 0,004601
результативность 2,827314 0,005511
сегодня 0,881403 0,000573
страна 0,641262 0,000833
жена 1,728701 0,003370
betteri 1,871802 0,002432
руководитель 2,239527 0,001455
деть 0,619039 0,000402
вместе 1,178655 0,000766
чемпионка 1,441019 0,002809
место 0,402511 0,001046
уточняться 5,129899 0,003333
юлия 2,085376 0,002710
продолжить 1,492313 0,000970
решение 0,839439 0,001091
лига 0,325878 0,002329
рука 1,392229 0,000905
проходить 0,867219 0,000563
евгения 1,178655 0,000766
закончить 1,994404 0,001296
генеральный 1,664163 0,001081
брест 3,743604 0,007297
мх 1,728701 0,002247
гала 3,520461 0,002287
мы 0,195425 0,000381
корреспондент 2,932674 0,003811
летний 0,619039 0,000804
участие 0,457070 0,000297
на 0,023953 0,000265
состав 0,867219 0,003381
водный 0,723179 0,001410
гирик 5,129899 0,003333
олимпиада 0,576022 0,000374
тот 0,393700 0,000512
анна 1,695912 0,002204
продлевать 3,050457 0,001982
не 0,099461 0,000452
образоваться 3,050457 0,001982
календарь 0,675551 0,000878
гандболистка 5,129899 0,013333
заикиным 5,129899 0,003333
соглашение 1,466337 0,002858
золотой 1,002764 0,000652
медведь 3,050457 0,001982
но 0,402511 0,000523
таблица 0,711058 0,001386
норвежский 1,345709 0,000874
дважды 1,574551 0,001023
количество 0,853233 0,000554
подписать 1,492313 0,000970
норвегия 1,279751 0,006652
об 0,217244 0,000565
владимир 1,392229 0,000905
хорватия 2,296685 0,005969
венгерский 3,183989 0,002069
он 0,475938 0,000619
мужчина 0,812411 0,001584
умереть 2,038856 0,001325
чемпион 0,334108 0,000434
общаться 4,436752 0,002883
от 0,160085 0,000104
бокс 0,534779 0,001042
катание 0,514778 0,001003
инициатива 2,134166 0,001387
все 0,067304 0,000219
принимать 0,955511 0,000621
условие 0,334108 0,000217
премьер 1,198073 0,003892
объявить 1,492313 0,001939
возможность 1,279751 0,000832
pari 1,546380 0,002010
по 0,073653 0,001579
встреча 1,368699 0,003557
стадий 1,911023 0,001242
принять 0,786093 0,000511
сообщать 1,951845 0,005073
ярослав 2,732003 0,001775
очень 1,140915 0,002224
третье 1,035554 0,000673
обратный 1,178655 0,002298
уходить 2,134166 0,001387
второй 0,576022 0,001123
