состояться 1,140915 0,000389
долгий 1,728701 0,001327
состоять 1,279751 0,000109
леонид 2,732003 0,000233
банк 2,490841 0,003612
комар 4,031286 0,000344
манолев 5,129899 0,000438
владмо 4,436752 0,000378
сейтаридис 5,129899 0,000438
девять 2,038856 0,000174
день 0,699082 0,000060
хохлов 4,031286 0,000344
хватать 1,633391 0,000139
крестообразный 3,520461 0,000300
найти 1,122566 0,000096
экспорт 0,986764 0,000084
инвестор 4,436752 0,000378
сисеру 5,129899 0,000438
выигрывать 1,728701 0,000295
одноименный 2,827314 0,000241
повлиять 2,564949 0,000219
вфсо 5,129899 0,000875
иностранец 2,564949 0,000438
тосно 2,932674 0,000500
ไทย 1,238078 0,000106
tatarça 1,392229 0,000119
осадный 5,129899 0,000438
ванкёр 5,129899 0,000875
ускориться 5,129899 0,000438
народный 2,296685 0,000392
тетрадзе 5,129899 0,000438
заявление 0,799165 0,000068
множество 1,951845 0,000167
рикардо 3,520461 0,000300
фигон 5,129899 0,000438
плотник 3,183989 0,000272
соответствовать 2,296685 0,000196
помещение 2,239527 0,000573
ссф 4,436752 0,000378
десятилетие 2,239527 0,000191
волгоград 2,732003 0,000233
полгода 3,338139 0,000285
текстильщик 2,932674 0,000250
соловей 3,338139 0,002563
čeština 1,035554 0,000088
динамовскими 5,129899 0,000438
иностранный 2,185460 0,000186
паглазов 5,129899 0,000438
эксмо 3,183989 0,000272
четвертьфинал 1,279751 0,000109
луиса 2,239527 0,000955
новосибирск 2,490841 0,000212
серебряный 1,368699 0,000234
штанюк 5,129899 0,000438
викисклад 1,035554 0,000177
вставать 4,436752 0,000378
здание 3,338139 0,000570
знакомый 2,932674 0,000250
наступление 4,436752 0,000378
металлург 1,834062 0,000156
дэвид 2,932674 0,000250
владелец 2,185460 0,000932
каборе 4,436752 0,000378
удостоиться 5,129899 0,000438
деловой 3,338139 0,000854
пройти 0,544931 0,000232
slovenčina 1,069456 0,000091
резервный 2,932674 0,000500
заурбек 5,129899 0,000438
gnd 1,392229 0,000119
дело 1,664163 0,000142
уваров 5,129899 0,000438
оригинал 1,441019 0,001352
чекист 5,129899 0,000438
рыков 4,436752 0,001135
проект 0,457070 0,000351
весной 2,564949 0,001313
одиннадцать 3,520461 0,000300
ромбик 4,436752 0,000757
i 1,762603 0,000150
добиваться 2,827314 0,000241
union 3,183989 0,000815
гулевский 5,129899 0,000875
l 2,490841 0,000212
soviet 5,129899 0,001313
шалька 3,338139 0,000285
юрина 4,436752 0,000378
r 2,085376 0,000178
добровольский 5,129899 0,000438
s 1,664163 0,000142
тьяго 5,129899 0,000438
фернандес 3,520461 0,001802
согласовать 3,520461 0,000300
w 0,955511 0,000082
проблема 1,122566 0,000192
x 1,279751 0,000218
колумбия 3,050457 0,000260
dynamovec 5,129899 0,000438
назаренко 4,436752 0,000378
дерлей 5,129899 0,000875
дмитрий 1,258698 0,002255
смелов 5,129899 0,000875
воронин 4,031286 0,000688
инютин 5,129899 0,000438
россиянин 0,971016 0,000166
скопинцевым 5,129899 0,000438
находиться 0,925206 0,000237
территория 1,518981 0,000259
кадровый 2,932674 0,000500
разгром 3,050457 0,000260
начать 1,279751 0,000109
окончание 1,546380 0,000132
рипол 4,436752 0,000378
мороз 2,564949 0,000656
нойштедтер 5,129899 0,000438
расторгнуть 2,827314 0,000241
рогачев 5,129899 0,000438
судья 1,035554 0,000088
удалить 1,951845 0,000167
закрыть 2,490841 0,000212
коммерческий 2,185460 0,000373
система 0,799165 0,000136
уверенно 2,490841 0,000850
собрание 2,932674 0,000500
буркин 3,520461 0,000300
июнь 1,198073 0,003066
тюкавин 4,031286 0,002751
спортс 1,871802 0,000798
пластиковый 3,183989 0,000272
примереть 3,743604 0,000319
прокопенко 5,129899 0,000438
иметь 1,069456 0,000365
председатель 2,038856 0,002435
совет 0,825834 0,001761
интертото 3,183989 0,000815
денис 2,296685 0,001567
отставка 2,932674 0,001501
книжный 4,436752 0,001514
футболист 1,518981 0,004535
полноправный 4,031286 0,000344
фирма 2,490841 0,000212
джозеф 3,520461 0,000300
локомотив 0,839439 0,000931
рябов 4,031286 0,000344
практический 1,546380 0,000396
воронеж 2,732003 0,000233
последний 0,376309 0,000225
генрих 3,520461 0,000300
действительный 4,436752 0,000378
минута 0,940244 0,000321
немец 2,564949 0,000219
некоторый 2,644992 0,000226
лето 1,911023 0,000978
некоторые 1,198073 0,000102
архив 1,198073 0,000102
гурам 5,129899 0,001313
mathieu 5,129899 0,000438
pdf 0,940244 0,000080
курс 2,490841 0,000212
дебютный 2,296685 0,000196
арсенал 1,323236 0,000339
описание 0,881403 0,000075
лидер 1,258698 0,000752
июль 1,019025 0,005738
матиас 4,436752 0,000757
техник 1,695912 0,000145
недостаток 1,574551 0,000134
одновременно 1,762603 0,000301
xerox 5,129899 0,000438
булан 5,129899 0,000438
уйти 1,392229 0,000594
сопровождаться 3,050457 0,000260
подряд 1,258698 0,000644
семячкина 5,129899 0,000438
выкладываться 5,129899 0,000438
становиться 1,159607 0,000099
омсбона 5,129899 0,000438
разработчик 0,971016 0,000083
тбилиси 3,183989 0,001087
петрушин 5,129899 0,002188
молотый 3,520461 0,000300
чемпионский 1,574551 0,000403
коштинья 5,129899 0,000875
бечирай 5,129899 0,000438
ноябрь 0,955511 0,001386
сандро 5,129899 0,001751
назначить 1,871802 0,001916
встречаться 1,994404 0,000170
клинтон 4,436752 0,000378
worldcat 2,490841 0,000212
вклад 0,955511 0,000326
indonesia 1,086847 0,000093
поставить 1,633391 0,000279
торсхавн 5,129899 0,000438
окружать 4,031286 0,000344
фанат 1,762603 0,000601
конференция 1,392229 0,000119
текст 0,925206 0,000079
очко 1,416327 0,000483
томь 3,050457 0,000781
выплатить 3,183989 0,000272
нападать 1,518981 0,000648
очки 0,940244 0,000481
esperanto 1,198073 0,000102
островский 4,436752 0,000378
гулин 5,129899 0,000438
временить 1,140915 0,000195
качалин 4,436752 0,000757
зона 1,603538 0,000137
завоевывать 2,732003 0,000233
потратить 3,338139 0,000570
перейти 0,586604 0,000901
армия 2,296685 0,000196
подготовка 1,178655 0,000402
переулок 4,436752 0,000757
некрасов 4,031286 0,001032
григорий 4,031286 0,001032
алексанлра 5,129899 0,000438
определиться 3,050457 0,000260
youtub 1,797694 0,000153
тула 2,490841 0,000212
мудрик 5,129899 0,000875
возобновление 2,644992 0,000451
слово 1,035554 0,000177
ответственность 0,895792 0,000076
спортсмен 0,565551 0,000048
разница 1,728701 0,000147
françai 1,019025 0,000087
малявкин 5,129899 0,000438
xxi 2,038856 0,000174
инвестировать 3,520461 0,000300
синий 1,834062 0,000626
сильнейший 1,546380 0,000132
francetvinfo 5,129899 0,000438
взять 1,159607 0,000495
его 0,447767 0,000458
букмекерская 4,031286 0,000344
только 0,447767 0,000382
звание 1,994404 0,000170
противостояние 2,134166 0,000182
php 0,986764 0,000084
бизнесмен 3,050457 0,000260
средний 1,441019 0,000246
комиссионный 5,129899 0,000438
com 0,925206 0,001421
мигела 5,129899 0,000438
голодец 5,129899 0,000875
целый 1,492313 0,000255
турнир 0,293617 0,000351
калитвинцев 5,129899 0,001313
заглавный 0,986764 0,000084
директор 1,871802 0,006228
реконструкция 2,932674 0,002001
хороший 0,393700 0,000537
спартаковец 3,743604 0,000319
окно 2,357310 0,000402
добавить 1,518981 0,000389
грудь 2,644992 0,000226
когда 0,652562 0,000111
григория 2,644992 0,001128
белоруссия 2,827314 0,000241
рассчитать 2,490841 0,000212
билет 2,085376 0,000178
вконтакте 1,911023 0,000163
тематический 2,038856 0,000174
выражение 3,743604 0,000319
трансферный 2,421849 0,001033
миранчук 2,357310 0,000603
оренбург 1,301257 0,000222
якушин 4,436752 0,002271
защитник 1,217876 0,000831
тренерский 1,871802 0,001118
куснирович 5,129899 0,000438
продолжать 1,258698 0,000107
чего 1,345709 0,000344
предыдущий 1,797694 0,000153
еврокубках 2,827314 0,000965
давыдовский 5,129899 0,000875
состояние 1,301257 0,000444
ознаменоваться 3,338139 0,000285
виталий 2,239527 0,001146
джексон 3,520461 0,000300
азбука 4,436752 0,000378
институт 2,827314 0,000241
идти 1,159607 0,000198
вмещать 3,050457 0,000260
сокол 2,490841 0,000212
расположиться 3,743604 0,000319
выполнить 1,834062 0,000313
бюджет 2,827314 0,001206
капитан 1,574551 0,000806
диаспора 5,129899 0,000438
примерный 2,085376 0,000356
черчесовым 5,129899 0,000438
против 0,747872 0,000957
общество 1,871802 0,004950
так 0,597299 0,000153
там 1,603538 0,000137
федерация 0,495170 0,000296
фифа 1,728701 0,000147
голова 1,301257 0,001110
развиваться 2,185460 0,000186
клоппа 4,436752 0,000757
интервью 0,971016 0,000166
абдулл 5,129899 0,000438
издание 1,574551 0,000134
спорный 2,732003 0,000233
баз 1,664163 0,000710
концерт 3,743604 0,000319
бай 5,129899 0,000438
столичный 2,564949 0,000219
попадание 2,038856 0,000174
бразильский 2,357310 0,000402
вводиться 3,520461 0,000300
перерыть 2,490841 0,000212
покер 2,490841 0,000212
пермь 2,732003 0,000233
турне 3,183989 0,001901
ратник 4,436752 0,000378
фланг 3,338139 0,000285
маричаль 5,129899 0,001751
championat 1,834062 0,001721
parmalat 5,129899 0,000438
sport 0,760451 0,000519
аналитик 2,038856 0,000348
александров 3,338139 0,000570
карцев 5,129899 0,001751
океан 2,490841 0,000212
отряд 4,436752 0,000378
сводной 2,932674 0,000250
жирков 3,743604 0,000958
вести 1,238078 0,000528
есть 0,812411 0,000139
сквозь 3,183989 0,000272
электронный 2,038856 0,000174
девяностый 4,436752 0,000378
басалаев 4,436752 0,000378
спорт 0,125952 0,000312
просмотр 0,925206 0,000158
кредит 3,520461 0,001201
национальный 0,839439 0,000143
попадать 2,296685 0,000196
набрать 1,368699 0,000467
этот 0,350775 0,000449
аренда 1,728701 0,000442
претендовать 2,732003 0,000233
переехать 2,932674 0,000250
консультативный 5,129899 0,001751
признанный 2,038856 0,000348
хабаровск 2,490841 0,000212
приход 2,421849 0,000207
бронзовый 1,345709 0,000230
глава 1,122566 0,000192
основной 1,122566 0,001245
марко 3,183989 0,000543
джордж 1,994404 0,000170
донецк 4,031286 0,000344
creativ 0,986764 0,000084
известный 0,986764 0,000084
полет 3,050457 0,000260
поклонник 2,732003 0,000233
основное 1,368699 0,000584
электрик 4,031286 0,000344
сербский 2,932674 0,000500
amazfit 5,129899 0,000438
урина 5,129899 0,000875
станислав 2,490841 0,000850
немецкий 1,797694 0,000153
рамиль 4,436752 0,000378
камень 2,732003 0,000466
казачёнок 4,436752 0,000378
элемент 0,925206 0,000079
позволить 2,085376 0,000534
начисление 2,932674 0,000250
легенда 1,416327 0,000725
спортивный 0,301585 0,000643
игрок 0,711058 0,002669
спонсор 1,664163 0,001420
многолетний 2,732003 0,000233
выступление 0,955511 0,000408
челябинск 2,239527 0,000573
малофеев 5,129899 0,000438
базовый 2,490841 0,000425
исаев 4,436752 0,000378
открытие 1,695912 0,000145
кладовка 5,129899 0,000438
сметанин 5,129899 0,000438
алекпер 5,129899 0,000438
возглавить 2,239527 0,000382
волна 2,827314 0,000241
всеволод 3,183989 0,000543
исход 2,185460 0,000186
паспорт 3,050457 0,000520
стржалковский 5,129899 0,001313
выиграть 0,485508 0,000538
давно 2,827314 0,000241
крыло 1,238078 0,000634
большевик 4,031286 0,000344
морской 3,520461 0,000300
савва 4,031286 0,000344
оправдать 5,129899 0,000438
сочить 0,853233 0,000291
турнирный 1,086847 0,000093
основать 1,466337 0,000500
набутов 5,129899 0,000438
тем 1,217876 0,000727
вальбуэна 5,129899 0,000875
популярный 1,392229 0,000119
без 0,466460 0,000279
неровно 4,436752 0,000378
отрыв 2,932674 0,000250
старостин 4,031286 0,000344
дома 1,695912 0,000434
доля 2,827314 0,000724
поле 1,392229 0,000119
между 0,955511 0,000163
высокооплачиваемый 3,520461 0,000601
белкин 4,031286 0,001720
чӑвашла 2,134166 0,000182
руководство 1,301257 0,001665
долл 3,743604 0,000319
почетный 2,421849 0,000826
проигрывать 2,357310 0,000201
долг 4,031286 0,001376
европа 0,393700 0,000403
оставаться 1,301257 0,000555
кульчий 5,129899 0,000438
marathon 4,436752 0,000378
кандидат 2,296685 0,000196
редакция 0,940244 0,000241
иначе 1,834062 0,000156
уточнение 3,050457 0,000260
сочетание 3,338139 0,000285
мексика 2,239527 0,000191
период 1,035554 0,001148
лунев 4,436752 0,001514
нередко 2,827314 0,000241
клуб 0,652562 0,008462
гордей 5,129899 0,000438
оцениваться 2,827314 0,000241
центральный 1,603538 0,000821
петербуржец 3,338139 0,000285
page 0,986764 0,000084
бороться 1,633391 0,000139
войско 3,520461 0,000300
мария 1,834062 0,000156
ярка 4,031286 0,000344
гавриил 4,436752 0,000378
нижний 0,955511 0,000326
газзаев 3,338139 0,002278
подтвердить 1,762603 0,000150
зайнутдин 4,436752 0,001514
всегда 1,258698 0,000107
чавес 5,129899 0,001751
ставрополь 2,932674 0,000250
оба 1,368699 0,000350
цск 3,338139 0,000285
кодекс 0,971016 0,000083
эксперт 2,134166 0,000182
армеец 2,564949 0,000219
тип 1,345709 0,000115
детская 2,421849 0,000620
тир 5,129899 0,000438
исправно 5,129899 0,000438
propagand 5,129899 0,000438
согласиться 2,357310 0,000402
шотландский 3,520461 0,001201
разделить 2,134166 0,000182
олег 1,871802 0,001916
культура 1,392229 0,000119
преодолеть 2,357310 0,000201
никита 1,492313 0,000255
честный 2,564949 0,000219
набор 2,296685 0,000196
colour 4,031286 0,000344
статья 0,495170 0,000972
библиотечка 4,436752 0,000378
хозяин 2,185460 0,000186
wikimedia 0,986764 0,000084
викицитатнике 2,827314 0,000241
обл 3,050457 0,000260
медведев 1,633391 0,000279
йокановича 5,129899 0,000875
глеб 3,050457 0,001822
честь 1,911023 0,000326
возрастной 2,296685 0,000196
мировой 0,955511 0,000082
поза 2,827314 0,001206
групповой 1,603538 0,000410
явный 3,338139 0,000285
машук 5,129899 0,000438
ελληνικά 1,086847 0,000093
делить 2,732003 0,000466
размышление 5,129899 0,000875
многие 1,178655 0,000302
sportbox 3,050457 0,000781
волга 2,490841 0,000212
очищать 2,421849 0,000207
язык 0,925206 0,000158
редактирование 3,183989 0,000272
зимой 2,827314 0,000482
деревянный 2,932674 0,000751
коллектив 2,644992 0,000226
покупка 2,732003 0,000466
ильин 3,183989 0,001087
посещать 2,932674 0,000500
подтрибунный 3,743604 0,000319
послевоенный 2,932674 0,000250
березовский 4,436752 0,000378
пролетарский 5,129899 0,000438
восьмой 2,239527 0,000191
гость 1,994404 0,000170
милан 1,574551 0,000269
луценко 5,129899 0,000438
прочий 1,069456 0,000091
эмблема 2,564949 0,002626
право 2,239527 0,000382
заместитель 2,827314 0,001447
проничев 5,129899 0,001313
разный 1,368699 0,000234
нашить 5,129899 0,000875
выкупить 2,827314 0,000241
wayback 1,633391 0,000279
майстрович 5,129899 0,000438
представительство 3,338139 0,000285
защитить 1,633391 0,000139
пакет 3,743604 0,000639
максим 1,871802 0,001597
софийский 4,436752 0,000378
привозить 4,031286 0,000344
улучшиться 3,743604 0,000319
международный 0,466460 0,000119
строчок 2,644992 0,000677
веллитон 4,436752 0,000378
мсфо 5,129899 0,000438
андрей 1,258698 0,003221
комитет 1,368699 0,000117
матч 0,293617 0,001728
культивировать 4,436752 0,000378
учитываться 2,357310 0,000201
максименков 5,129899 0,000438
стараться 2,564949 0,000219
наравне 4,436752 0,000378
дубль 2,644992 0,000226
новороссийск 3,050457 0,000260
потеря 2,239527 0,000191
юсуп 3,520461 0,000601
euskara 1,122566 0,000096
непростой 3,183989 0,000272
сокольник 4,031286 0,000688
крупный 1,198073 0,001431
динамо 0,663991 0,020959
рамка 1,441019 0,000123
гонтарь 5,129899 0,000438
итар 5,129899 0,000438
зобнин 4,436752 0,000757
текущий 0,867219 0,000370
последовать 2,421849 0,000826
экспресс 1,416327 0,000604
босов 5,129899 0,000438
страна 0,641262 0,000656
вместо 1,633391 0,000139
дублировать 3,743604 0,000319
весна 2,827314 0,000724
улучшить 1,951845 0,000167
петр 1,392229 0,000713
правление 2,932674 0,001251
помощник 2,134166 0,000728
кресло 3,743604 0,000319
сразу 1,392229 0,000119
создать 0,773190 0,000198
руководитель 2,239527 0,000191
цифра 2,421849 0,000413
деть 0,619039 0,000211
вместе 1,178655 0,000101
правопорядок 5,129899 0,000438
полуфинал 1,238078 0,000106
тушич 5,129899 0,000438
булут 5,129899 0,000438
неуверенно 4,436752 0,000378
гусаров 3,743604 0,000639
давид 2,827314 0,000241
отправить 1,871802 0,000798
продолжить 1,492313 0,000127
регион 1,834062 0,000156
финалист 2,185460 0,000373
решение 0,839439 0,000215
проходить 0,867219 0,000074
печать 0,955511 0,000163
горазд 3,050457 0,000260
лазарев 4,436752 0,000378
íslenska 1,392229 0,000119
включать 1,323236 0,000226
летний 0,619039 0,000211
экономика 2,296685 0,000392
тот 0,393700 0,000571
мэрия 4,436752 0,000378
обсуждение 0,867219 0,000148
арсен 4,031286 0,000688
протокол 2,490841 0,000212
организация 0,663991 0,000227
titl 0,986764 0,000084
премия 2,357310 0,000201
крест 3,338139 0,000285
розыгрыш 1,762603 0,000150
group 2,357310 0,000201
поздний 1,323236 0,000339
дебютировать 2,085376 0,000178
товарный 0,986764 0,000084
три 1,178655 0,000603
вскоре 2,239527 0,000382
звезда 1,035554 0,000618
дуглас 3,183989 0,000272
высадить 4,436752 0,000378
дубна 5,129899 0,000438
дважды 1,574551 0,000269
вместительный 5,129899 0,000438
школа 1,492313 0,000764
клубный 1,416327 0,000242
университет 1,911023 0,000163
спартакиада 2,564949 0,000438
карпина 3,338139 0,000285
холодный 3,743604 0,000639
принести 1,871802 0,000639
приблизительно 3,743604 0,000319
карпине 4,031286 0,000344
tacc 3,520461 0,001502
histori 1,762603 0,000150
владислав 2,038856 0,000174
гвардия 4,436752 0,000378
бок 2,827314 0,000241
орещук 5,129899 0,000438
тульский 3,050457 0,000260
сатурн 2,732003 0,000466
руководить 2,085376 0,000534
подключать 4,436752 0,000378
горбанец 4,436752 0,000378
вместимость 2,564949 0,000875
аналогичный 2,085376 0,000178
возрасти 2,827314 0,000241
холод 4,031286 0,000344
избегать 4,031286 0,000344
драгун 5,129899 0,000438
петербургский 2,185460 0,000186
как 0,232059 0,000337
участник 0,799165 0,000205
инициатива 2,134166 0,000182
тащин 4,436752 0,000378
обеспечиваться 4,031286 0,000344
голевой 2,827314 0,000482
условие 0,334108 0,000086
премьер 1,198073 0,000511
встреча 1,368699 0,001168
исаак 5,129899 0,003063
стоимость 2,421849 0,000207
достижение 1,279751 0,000873
приковывать 5,129899 0,000438
занять 1,159607 0,001385
угловой 3,050457 0,000260
ярус 3,520461 0,000300
тарашкевіца 1,198073 0,000102
немой 1,416327 0,000242
бителло 5,129899 0,000438
партнер 1,159607 0,000594
финансирование 2,421849 0,000620
скорый 2,296685 0,000196
третье 1,035554 0,000442
moskva 4,436752 0,000378
второе 0,839439 0,000645
яркий 1,762603 0,000301
активно 2,239527 0,000191
второй 0,576022 0,000295
лосевый 5,129899 0,000438
фадей 5,129899 0,000438
специальный 1,217876 0,000104
dansk 1,069456 0,000091
кгб 5,129899 0,000438
ультрас 3,338139 0,000570
данилов 4,031286 0,000344
балаж 5,129899 0,000875
сомнение 3,520461 0,000300
служить 2,644992 0,000226
тур 1,159607 0,001880
еще 0,167054 0,000100
хольмен 5,129899 0,000438
советник 3,520461 0,000601
бахтиер 5,129899 0,001313
фанатского 4,436752 0,000757
услать 2,827314 0,000482
поразить 3,338139 0,000285
успех 1,518981 0,000259
ставка 0,799165 0,000068
отставать 2,827314 0,000241
cuba 5,129899 0,000438
петербург 1,345709 0,000115
менее 1,258698 0,000430
реконструировать 3,743604 0,000319
важный 0,986764 0,000084
беларуская 1,069456 0,000182
карпин 3,050457 0,001041
паркий 3,338139 0,000285
вокзал 4,436752 0,000378
yugoslavia 5,129899 0,000438
задолжать 5,129899 0,000438
а 0,209918 0,000466
б 1,466337 0,000250
в 0,017911 0,000657
г 0,925206 0,000079
д 0,895792 0,000382
георгий 2,421849 0,000826
webcit 2,038856 0,000174
е 0,867219 0,007990
и 0,023953 0,000509
качественный 3,050457 0,000260
й 0,825834 0,000141
к 0,132686 0,000215
л 2,038856 0,000174
м 0,534779 0,002646
н 0,895792 0,000611
о 0,042302 0,000141
п 1,086847 0,000185
санкт 1,279751 0,000109
хрущ 4,436752 0,000378
с 0,036149 0,000540
она 0,597299 0,000255
потап 4,436752 0,000378
кассиль 4,436752 0,000378
у 0,342407 0,000526
агишев 4,436752 0,000378
х 0,986764 0,000758
течение 1,238078 0,000106
договориться 3,050457 0,000260
скачать 0,895792 0,000153
они 0,524729 0,000627
сезон 0,723179 0,004504
рулить 3,183989 0,000272
сыгранный 2,421849 0,000207
э 2,296685 0,000196
ю 1,834062 0,000626
оно 2,038856 0,000522
рапид 3,520461 0,000300
кдк 4,436752 0,000757
сноска 1,951845 0,000167
футбол 0,247097 0,000569
федорычевым 5,129899 0,000438
сила 1,279751 0,000328
атлетика 0,955511 0,000082
пильгуй 4,436752 0,001135
награждение 2,932674 0,000250
структура 1,574551 0,000269
deadlink 2,038856 0,000174
сапета 5,129899 0,000875
альтман 5,129899 0,000438
kefirмолоко 5,129899 0,000438
копия 1,416327 0,000242
саратов 2,490841 0,000212
екатеринбург 2,296685 0,000196
цветной 3,050457 0,000260
квашнин 4,031286 0,001032
аничкин 4,436752 0,001135
томаш 3,338139 0,000285
марцел 5,129899 0,001313
берестовый 5,129899 0,000438
юкос 5,129899 0,000438
днепропетровск 3,743604 0,001916
кутузов 4,436752 0,000378
жила 4,436752 0,000757
рыжкина 5,129899 0,000438
существование 2,085376 0,000178
земляной 5,129899 0,000438
румынский 3,050457 0,000260
составлять 1,518981 0,000130
сергей 1,301257 0,004551
город 1,069456 0,000182
аргумент 2,827314 0,000241
фабиан 4,031286 0,000344
粵語 1,178655 0,000101
вица 2,134166 0,000364
moscow 4,436752 0,000378
метр 1,574551 0,000134
moscou 5,129899 0,000438
тройка 2,421849 0,001859
сектор 2,564949 0,000219
шанс 1,258698 0,000215
алания 2,932674 0,000500
fifa 3,050457 0,000781
построить 2,296685 0,000392
зарубежный 1,695912 0,000289
club 2,490841 0,000212
викискладе 1,217876 0,000104
василий 2,134166 0,002549
требовать 1,466337 0,000250
победить 0,699082 0,000179
info 1,951845 0,000167
впоследствии 1,911023 0,000489
судить 3,183989 0,000272
выигрыш 2,134166 0,000364
уралан 3,050457 0,000260
банковский 3,743604 0,000319
заслужить 2,357310 0,000402
освещение 3,183989 0,000272
вступить 2,357310 0,000201
карьер 0,925206 0,000079
вход 2,085376 0,000178
гомес 4,436752 0,000757
чулков 5,129899 0,000875
сумма 1,518981 0,000389
опять 2,732003 0,000233
динамовец 3,338139 0,008543
побыть 5,129899 0,000438
александер 2,357310 0,000402
цитата 2,732003 0,000233
раздевалка 2,421849 0,000826
видео 0,699082 0,000060
калитвинцева 5,129899 0,000875
шаронов 4,031286 0,000344
колодин 5,129899 0,000438
перенести 1,633391 0,000139
франшиза 5,129899 0,000438
мера 2,296685 0,000588
пожертвовать 0,940244 0,000080
геннадий 2,421849 0,001446
воспитанник 2,239527 0,000382
кирьяк 5,129899 0,000438
эфир 1,695912 0,000289
kuwait 5,129899 0,000438
московский 1,574551 0,005910
ссылка 0,699082 0,000775
скляров 5,129899 0,000438
беспроигрышный 3,183989 0,000543
grand 3,050457 0,000260
эпоха 2,085376 0,000356
помочь 1,238078 0,000211
курбан 3,743604 0,000639
кардифф 4,031286 0,000344
матьё 5,129899 0,000875
раунд 1,546380 0,000396
борис 2,239527 0,001719
середина 1,574551 0,000134
бренд 2,357310 0,000402
кринский 4,436752 0,000378
истечение 2,732003 0,000466
габулова 5,129899 0,000438
делать 1,392229 0,000119
технология 0,786093 0,000067
швейцария 1,258698 0,000107
nouveau 5,129899 0,000438
остаться 1,301257 0,000444
тбилисский 3,520461 0,000300
йоканович 5,129899 0,001313
construct 4,436752 0,000378
уволить 2,421849 0,001240
советск 2,932674 0,000250
продюсерский 5,129899 0,002188
бубнов 3,520461 0,000300
арарат 3,338139 0,000570
москва 0,576022 0,005405
атака 1,762603 0,000150
воспользоваться 2,644992 0,000226
аркадий 4,031286 0,000688
девятый 2,490841 0,000212
бышовец 4,031286 0,000344
крижевский 5,129899 0,000438
превышать 2,296685 0,000196
кмв 5,129899 0,000438
мент 4,436752 0,000378
отдельный 0,955511 0,000082
скандал 1,279751 0,000109
офк 3,338139 0,000285
голкипер 2,732003 0,000466
ульянов 3,520461 0,000300
самойлов 4,436752 0,000378
деньга 1,951845 0,000167
рынок 2,932674 0,000250
тренировочный 1,834062 0,000782
bosco 4,436752 0,001135
dynamo 4,436752 0,001135
свыше 3,338139 0,000285
офф 1,019025 0,000087
деньги 2,732003 0,000233
гржебик 5,129899 0,000438
данил 2,490841 0,001062
дубинин 4,031286 0,001376
исключить 1,441019 0,000123
изидоровича 5,129899 0,001313
торпедо 1,574551 0,000672
реал 1,416327 0,000242
процентный 3,743604 0,000319
даниил 1,728701 0,001180
распрощаться 5,129899 0,000438
половина 1,392229 0,000238
стать 0,217244 0,000890
достаточно 2,134166 0,000182
ашуров 5,129899 0,000438
эштреков 4,436752 0,000378
пустырь 4,031286 0,000688
агент 2,357310 0,000201
театральный 3,743604 0,000319
обращение 0,910391 0,009320
десятка 2,644992 0,000226
фейр 3,520461 0,000300
равный 1,466337 0,000125
код 0,971016 0,000166
лука 1,104547 0,000094
ветеран 1,994404 0,000340
дефицит 3,338139 0,000570
новость 0,285712 0,000146
url 0,986764 0,000084
украшать 5,129899 0,000438
сентябрь 1,035554 0,001325
дерби 2,357310 0,000201
михаил 1,301257 0,002886
сантиметр 0,955511 0,000571
отчетность 5,129899 0,000438
продюсер 5,129899 0,000438
состязание 2,038856 0,000174
войти 0,608110 0,000259
захаров 3,183989 0,000272
юрген 3,183989 0,000272
вшивец 4,436752 0,000378
трогать 3,520461 0,000300
гафина 5,129899 0,000438
призер 1,178655 0,000302
динамовского 4,436752 0,000378
ქართული 1,392229 0,000119
норманн 5,129899 0,000875
easytimelin 3,183989 0,000272
память 2,185460 0,000373
стадион 1,518981 0,006350
защита 1,441019 0,000123
считать 1,279751 0,000109
эгераату 5,129899 0,000438
политик 0,224624 0,000019
буква 2,357310 0,000603
никулин 4,031286 0,001376
алфавит 1,159607 0,000198
особый 1,994404 0,000170
рубль 2,038856 0,002957
тюмень 2,564949 0,000219
принадлежать 1,762603 0,000301
вина 4,031286 0,000344
сосредоточиться 3,338139 0,000570
играть 0,895792 0,000611
данни 4,436752 0,001514
ван 2,296685 0,000196
результативный 2,490841 0,000212
великолепный 3,050457 0,000260
минск 1,728701 0,000442
первый 0,317714 0,000759
разрешить 1,664163 0,000142
бугровский 5,129899 0,000438
пост 2,085376 0,003558
продлить 2,038856 0,000174
обрести 3,338139 0,000285
литера 5,129899 0,000438
मर 1,574551 0,000134
итог 0,867219 0,000814
пять 1,140915 0,000195
предусматривать 2,421849 0,000207
семшов 3,520461 0,001502
февраль 0,202645 0,000363
полузащитник 2,357310 0,001207
значение 1,258698 0,000107
объединять 2,239527 0,000191
планироваться 3,338139 0,000285
подкова 4,436752 0,000378
тогда 1,466337 0,000125
живоглядов 5,129899 0,000438
проклятие 5,129899 0,000438
деятельность 1,546380 0,000132
эрик 3,520461 0,000601
размер 1,911023 0,000978
глот 5,129899 0,000438
вылететь 2,296685 0,000784
войводины 5,129899 0,000438
земельный 4,031286 0,000344
титул 1,301257 0,000999
заплатить 2,564949 0,000219
пята 2,827314 0,000241
срок 1,546380 0,000396
nederland 1,019025 0,000087
fcdynamo 5,129899 0,000875
кто 0,747872 0,000255
считаться 1,441019 0,000123
пора 1,392229 0,000238
август 1,035554 0,003710
betboom 3,338139 0,000285
рижинашвили 5,129899 0,000438
самый 0,608110 0,001038
материал 0,309617 0,000026
рубин 1,198073 0,000613
бесков 3,743604 0,003513
манише 5,129899 0,000875
камышин 3,050457 0,000260
чешский 2,932674 0,000250
кройфу 5,129899 0,000438
закончиться 1,834062 0,000469
шейдаев 5,129899 0,000438
кук 0,971016 0,000083
потерпеть 2,038856 0,000870
реванш 2,185460 0,000186
аз 3,183989 0,000272
молодежный 1,159607 0,000495
прозвище 2,827314 0,000482
instagram 1,911023 0,000163
ромб 4,436752 0,000757
ао 2,564949 0,000219
балтика 1,217876 0,000312
роль 1,695912 0,000434
навигация 0,986764 0,000253
тамбов 2,932674 0,000250
мочь 0,350775 0,000269
месяц 1,492313 0,000509
смолоть 3,520461 0,000601
оборудовать 2,827314 0,000241
борьба 0,723179 0,000123
остановить 1,994404 0,000170
сборная 0,342407 0,000526
леандро 4,031286 0,001032
неудачный 2,732003 0,000233
adida 2,932674 0,000751
кфс 4,031286 0,000688
проверять 1,834062 0,000156
роберто 3,743604 0,001277
правило 0,986764 0,000084
скрыльников 5,129899 0,000438
блинок 4,436752 0,001135
небо 4,436752 0,000378
сергеев 3,520461 0,002102
бы 1,052361 0,000090
hrvatski 1,052361 0,000090
уефа 1,466337 0,001751
трик 3,183989 0,000272
английский 1,574551 0,000134
почтить 1,279751 0,000218
малофееве 5,129899 0,000438
зарабатывать 2,644992 0,000226
аудио 1,951845 0,000167
семин 2,827314 0,000724
век 1,258698 0,000644
фрадков 4,436752 0,000378
корчебоков 5,129899 0,000875
питерский 3,520461 0,000300
сквер 3,520461 0,000300
кубок 0,376309 0,001509
радевич 5,129899 0,000438
во 0,495170 0,000634
зарплата 1,871802 0,000798
вр 3,183989 0,002173
готовый 1,994404 0,000170
уже 0,687247 0,000235
курсивный 5,129899 0,000438
селина 4,436752 0,000378
цвет 1,695912 0,000434
очередь 2,085376 0,000178
каратай 5,129899 0,000438
одноклассник 2,490841 0,000212
вы 0,309617 0,000079
весенний 2,827314 0,001206
отложить 3,183989 0,000272
томск 2,932674 0,000250
славиша 5,129899 0,000438
ведомость 3,338139 0,001139
го 1,279751 0,000328
простой 2,239527 0,000191
видимо 4,436752 0,000378
скорость 1,951845 0,000167
треугольник 4,436752 0,000378
добров 5,129899 0,000438
энциклопедия 0,986764 0,000168
кишинев 5,129899 0,000438
виктор 1,416327 0,001692
ростовой 2,932674 0,000500
заканчивать 3,183989 0,000272
федоров 3,183989 0,000272
български 1,086847 0,000093
чтобы 0,773190 0,000066
плей 1,002764 0,000171
проведение 1,104547 0,000283
формировать 3,183989 0,000272
наполоть 2,644992 0,000226
гарантировать 2,732003 0,000699
перед 0,839439 0,000430
необходимость 2,185460 0,000559
сайт 0,411400 0,000456
шкробышев 5,129899 0,000875
до 0,239550 0,000634
великий 2,239527 0,001528
панов 4,031286 0,000688
нуждаться 2,732003 0,000233
предприниматель 3,338139 0,000285
ркима 4,436752 0,000757
потом 2,564949 0,001094
выступать 0,940244 0,000401
кудрявцев 3,520461 0,000300
другой 0,188256 0,000193
сюда 0,986764 0,000084
весить 1,911023 0,000326
классик 2,732003 0,000233
презентация 3,050457 0,000260
трек 1,104547 0,000094
пао 3,743604 0,000319
рабочий 2,134166 0,000364
лидировать 2,085376 0,000356
указ 3,050457 0,000260
знаменитый 2,296685 0,000196
цитировать 0,925206 0,000079
ее 0,723179 0,000123
zen 4,436752 0,000378
собственный 1,574551 0,000134
учебный 2,490841 0,000425
выдать 2,732003 0,000466
число 0,955511 0,000734
преемник 4,031286 0,000344
контроль 1,951845 0,000167
династия 3,743604 0,000639
борисов 3,743604 0,000319
вид 0,393700 0,000168
же 0,853233 0,000728
жи 5,129899 0,000438
авруцкий 5,129899 0,000438
аншлаг 5,129899 0,000438
возведение 4,031286 0,000688
isbn 1,633391 0,003484
троицкий 5,129899 0,000438
путь 1,518981 0,000518
костяк 3,338139 0,000285
что 0,195425 0,000333
common 0,986764 0,000084
править 0,544931 0,000139
отдавать 2,357310 0,000201
за 0,125952 0,000516
домашние 2,038856 0,000348
яхимович 4,436752 0,000378
домашний 1,695912 0,001013
форма 1,086847 0,000742
медаль 0,619039 0,000264
карпаты 3,338139 0,000285
мостик 3,338139 0,000285
альберт 2,564949 0,000219
настоящее 1,368699 0,000117
никель 4,031286 0,000344
левый 1,871802 0,001437
спонсорский 2,932674 0,001001
советский 1,140915 0,000876
чемпионство 2,185460 0,000186
позиция 1,392229 0,000119
овидий 5,129899 0,002188
моро 5,129899 0,000875
пенальти 2,038856 0,000348
из 0,106018 0,000570
саранск 3,050457 0,000260
игровой 1,104547 0,000094
прекратить 2,296685 0,000196
молодежь 2,490841 0,000212
ольга 2,827314 0,000482
морг 5,129899 0,000438
случайный 0,986764 0,000084
скрытый 1,052361 0,000090
майсторович 5,129899 0,001313
их 0,799165 0,000136
мясо 4,031286 0,000344
выбежать 2,932674 0,000500
восточный 1,911023 0,000163
план 1,664163 0,000142
хоккей 0,285712 0,000024
сервис 1,368699 0,000117
жук 3,183989 0,000272
ротенберг 3,520461 0,002403
демид 5,129899 0,000438
призыв 3,520461 0,000300
изображение 2,239527 0,000191
технический 1,416327 0,000725
симутенков 4,436752 0,001135
серия 0,586604 0,000400
гафиным 5,129899 0,000438
значиться 4,031286 0,000344
первенство 1,301257 0,001443
литгост 5,129899 0,000438
ежедневно 2,357310 0,000201
srpski 1,035554 0,000088
движение 1,728701 0,000442
жфк 3,338139 0,000285
непосредственный 3,338139 0,000285
маника 5,129899 0,000438
знаменательный 5,129899 0,000438
октябрь 1,019025 0,001652
ярцев 4,031286 0,000344
продукция 3,183989 0,000272
кэш 2,296685 0,000196
губочан 4,436752 0,000757
бувач 5,129899 0,000875
набережная 2,644992 0,000226
завоевать 1,035554 0,000353
соперник 0,853233 0,000873
управление 2,239527 0,000191
ку 3,338139 0,000285
решить 1,392229 0,000238
бессмертный 5,129899 0,000438
убрать 2,239527 0,000382
футбольный 1,345709 0,007692
гранада 4,436752 0,000378
турция 1,664163 0,000142
награда 1,279751 0,000328
следующий 0,853233 0,000510
сперва 4,436752 0,000378
располагать 3,520461 0,000300
никола 2,085376 0,000356
катрич 5,129899 0,000438
алешин 4,031286 0,002063
крайний 2,185460 0,000559
совладелец 4,031286 0,000344
мачта 5,129899 0,000438
футболка 2,296685 0,000588
рассказать 1,122566 0,000096
тольятти 2,490841 0,000425
fcdin 5,129899 0,000875
facebook 1,994404 0,000170
побеждать 1,951845 0,000167
президент 1,035554 0,001502
уступать 1,994404 0,000170
роман 1,797694 0,001534
смертин 3,743604 0,000319
безвозмездный 5,129899 0,000875
матюнин 5,129899 0,000438
сити 1,546380 0,000132
한국어 1,035554 0,000088
девелоперском 5,129899 0,000438
фернандеса 5,129899 0,000875
воротник 4,031286 0,000344
создание 1,633391 0,000139
выровнять 4,436752 0,000378
иван 1,603538 0,001778
uefa 2,732003 0,000233
иващенко 5,129899 0,001313
место 0,402511 0,001614
волкан 5,129899 0,000438
мо 2,932674 0,000500
марцела 5,129899 0,000438
успешный 1,345709 0,000344
шарль 2,421849 0,000207
сосьедад 3,050457 0,000520
натуральный 3,050457 0,000260
фасо 3,520461 0,000300
ведомство 3,520461 0,000300
мы 0,195425 0,000033
болельщик 1,086847 0,001113
участие 0,457070 0,000195
утверждать 2,644992 0,000226
действительно 2,644992 0,000226
на 0,023953 0,000286
достигнуть 1,728701 0,000147
simpl 1,140915 0,000097
не 0,099461 0,000246
каждый 0,812411 0,000069
владивосток 2,564949 0,000219
ни 1,603538 0,000274
фомин 3,743604 0,001916
онлайн 0,773190 0,000066
рауша 5,129899 0,000438
нн 2,564949 0,000438
но 0,402511 0,000584
еврокубков 2,827314 0,000482
привычный 3,050457 0,000260
раздел 1,574551 0,000269
обеспечение 3,183989 0,000272
киев 2,421849 0,001240
footbal 2,239527 0,000573
категория 0,881403 0,000226
старченко 4,436752 0,000378
норвежский 1,345709 0,000115
magyar 1,086847 0,000093
подписать 1,492313 0,000637
контрольный 1,994404 0,000170
об 0,217244 0,000111
ташаев 5,129899 0,000875
владимир 1,392229 0,005345
финансовый 1,911023 0,000489
красноярск 2,490841 0,000212
федеральный 1,834062 0,000156
захарян 4,031286 0,001032
справка 0,986764 0,000084
усилиться 3,338139 0,000570
ural 4,436752 0,000378
он 0,475938 0,000447
треть 2,932674 0,000250
развитие 1,140915 0,000195
завершение 1,695912 0,000289
всесоюзный 2,644992 0,000677
браться 3,183989 0,000272
монета 3,183989 0,000272
царев 5,129899 0,001751
от 0,160085 0,000328
форум 0,867219 0,000074
подчеркнуть 3,520461 0,000300
valbuena 5,129899 0,000438
официальный 0,735450 0,001129
черчесова 3,743604 0,000639
вернуть 1,695912 0,000434
погребняк 4,031286 0,000344
внимание 1,695912 0,000145
formatnum 4,031286 0,000344
принимать 0,955511 0,000245
все 0,067304 0,000132
википедия 0,986764 0,001010
бондаренко 4,031286 0,000344
пз 3,183989 0,005433
инвестконтракт 5,129899 0,000438
сведение 0,786093 0,000067
якубик 5,129899 0,000875
возможность 1,279751 0,000109
по 0,073653 0,000540
footboom 5,129899 0,000438
inc 0,986764 0,000084
взгляд 2,490841 0,000212
ворошиловград 3,743604 0,000319
лидерский 4,436752 0,000378
учредить 2,185460 0,000186
феликс 3,743604 0,000319
занимать 1,664163 0,000710
элиста 3,050457 0,000260
уилкшир 5,129899 0,001313
гендиректор 3,338139 0,000854
telegram 2,357310 0,000201
круг 1,392229 0,000475
персонализировать 5,129899 0,000438
втб 1,834062 0,005946
очень 1,140915 0,000097
чикишев 5,129899 0,001313
задубровский 4,436752 0,000378
фрешо 5,129899 0,000438
вничью 1,797694 0,000767
сообщество 0,910391 0,000078
занятие 2,357310 0,000201
достигать 3,050457 0,000260
произойти 1,178655 0,000101
профиздат 4,436752 0,000378
википедии 0,986764 0,000253
термин 1,345709 0,000115
книга 1,911023 0,000489
бомбардир 1,871802 0,001118
уфа 2,134166 0,000182
терёхин 5,129899 0,002188
scot 1,695912 0,000145
головня 5,129899 0,000438
maudit 5,129899 0,000438
маслов 3,520461 0,001201
рядикорский 5,129899 0,000438
астахов 4,031286 0,000344
лев 2,827314 0,000965
мамедов 3,743604 0,000319
забрать 4,031286 0,000344
газета 1,392229 0,000119
лишиться 2,827314 0,000482
fedcom 5,129899 0,000875
санкция 2,421849 0,000207
памятник 3,183989 0,000272
соперничество 2,421849 0,000826
козловый 2,357310 0,001207
физический 1,392229 0,000475
савдунин 5,129899 0,001313
прощальный 4,031286 0,000344
воды 3,050457 0,000260
петреску 5,129899 0,001751
日本語 1,035554 0,000088
со 0,447767 0,000917
прервать 1,762603 0,000150
согласие 2,038856 0,000174
центр 0,773190 0,000528
вратарь 1,323236 0,001580
под 0,723179 0,001172
проиграть 1,104547 0,001225
пол 0,910391 0,000621
сэ 2,932674 0,000250
связаться 0,867219 0,000074
декабрь 0,853233 0,000582
человек 0,940244 0,000080
тв 1,633391 0,000279
вода 3,338139 0,000285
обыграть 1,122566 0,000383
бюттнер 5,129899 0,000875
боруссии 5,129899 0,000875
подробный 0,687247 0,000059
содержание 0,955511 0,000163
фото 0,799165 0,000068
eesti 1,069456 0,000091
связь 0,747872 0,000255
مصرى 1,546380 0,000132
обязательство 4,031286 0,000344
winlin 2,564949 0,000219
амер 3,520461 0,000300
артемьев 4,031286 0,000344
карраскаль 4,436752 0,000757
численко 5,129899 0,002188
находка 2,564949 0,000219
челси 2,827314 0,000241
нехватка 2,827314 0,000241
доработка 4,436752 0,000378
рыжкин 5,129899 0,000438
родина 2,296685 0,000196
собрать 2,357310 0,000201
мототрек 5,129899 0,000438
титульный 2,185460 0,000932
самооборона 3,743604 0,000319
победный 1,871802 0,000479
весь 1,633391 0,000279
опуститься 3,338139 0,000570
скандальный 3,338139 0,000285
врезаться 3,520461 0,000300
machin 1,633391 0,000279
wikipedia 0,986764 0,000168
карраскаля 5,129899 0,000438
итальянский 1,633391 0,000139
опытный 1,994404 0,000510
отредактировать 0,986764 0,000168
расположить 1,574551 0,000134
керимова 5,129899 0,000438
nike 3,050457 0,000520
называть 1,258698 0,000107
грозненский 4,031286 0,000344
создавать 2,357310 0,000201
социальный 1,603538 0,000137
про 1,301257 0,000111
черышев 4,436752 0,000757
ергаков 5,129899 0,000438
викиновости 1,238078 0,000106
новиков 2,932674 0,003002
подписание 2,421849 0,000207
фк 1,951845 0,004163
главный 0,565551 0,000482
ритейлер 5,129899 0,000438
одержать 1,217876 0,000727
также 0,663991 0,001246
изидорович 5,129899 0,000438
член 1,416327 0,000725
العربية 1,069456 0,000091
появиться 1,159607 0,000297
стартовать 1,633391 0,000139
защ 3,183989 0,005433
грозный 2,421849 0,000207
силкин 4,436752 0,001892
прошлый 1,518981 0,000389
пересечение 3,050457 0,000260
символика 2,732003 0,000233
трава 1,392229 0,000119
снова 1,574551 0,001343
балажа 5,129899 0,000438
муравьев 4,436752 0,001514
зал 4,031286 0,000688
правовой 2,038856 0,000174
отбиться 5,129899 0,000438
вчк 5,129899 0,000438
тронуть 5,129899 0,000875
короленков 5,129899 0,000438
наконец 2,296685 0,000196
библиографический 1,279751 0,000109
безответный 4,436752 0,000378
васильев 2,827314 0,000241
правка 0,986764 0,000168
однако 1,069456 0,001004
маричал 5,129899 0,000438
себя 0,597299 0,000306
киильяборда 5,129899 0,000438
грулев 5,129899 0,000438
летие 2,421849 0,000620
завод 3,050457 0,000260
осенить 3,743604 0,000639
кубань 2,732003 0,000699
динамовской 5,129899 0,000438
việt 1,140915 0,000097
отказ 0,839439 0,000072
муми 5,129899 0,001313
капитальный 5,129899 0,000875
дзюдо 1,466337 0,000125
авторитетный 1,871802 0,000160
поддержка 1,546380 0,000396
один 0,342407 0,000876
высадиться 5,129899 0,000875
вначале 3,183989 0,000543
молодец 4,031286 0,000344
мотогонка 2,490841 0,000212
лички 5,129899 0,000438
шиманьский 5,129899 0,000875
diadora 4,031286 0,000344
личка 5,129899 0,001751
часть 1,104547 0,000283
личке 5,129899 0,000438
должность 2,421849 0,001446
образованный 2,644992 0,000226
степашин 5,129899 0,002188
трус 3,338139 0,000285
класс 1,728701 0,000737
майкл 2,239527 0,000191
сторона 1,069456 0,000091
дорогой 2,134166 0,000546
энакархире 5,129899 0,000438
часто 1,574551 0,000134
точилин 5,129899 0,000875
подведомственный 5,129899 0,000438
труд 2,357310 0,000201
тюкавина 5,129899 0,000438
заявить 1,140915 0,000389
щегол 5,129899 0,005252
петровск 4,436752 0,001892
ресурс 0,812411 0,000069
посохин 5,129899 0,000438
заменить 1,546380 0,000528
символический 2,296685 0,000196
bahasa 1,086847 0,000093
самба 5,129899 0,000875
клюев 4,436752 0,000378
шестерка 3,743604 0,000319
махачкала 2,421849 0,000413
повторить 1,834062 0,000156
камерун 3,338139 0,000285
артур 1,664163 0,000426
качество 1,323236 0,000564
تۆرکجه 1,762603 0,000150
через 0,971016 0,000083
авиаперевозчик 5,129899 0,000438
надежда 2,421849 0,000207
компенсация 3,050457 0,000260
lietuvių 1,140915 0,000097
амкаром 4,436752 0,000378
трансфер 1,492313 0,000764
matchtv 3,338139 0,000570
брэнд 5,129899 0,000438
столько 2,564949 0,000219
словарь 1,198073 0,000102
отборочный 2,421849 0,000413
прочить 4,031286 0,000344
ठ 1,574551 0,000134
официально 1,159607 0,000198
химки 2,644992 0,002031
верхолашин 5,129899 0,000438
замаскированный 5,129899 0,000438
ереван 3,338139 0,000285
урал 2,038856 0,000348
команда 0,262364 0,002149
старое 1,797694 0,000153
новичок 1,797694 0,000307
учредительный 4,031286 0,000344
матчевый 2,296685 0,000392
кипрский 3,520461 0,000300
являться 1,019025 0,000695
самар 2,296685 0,000196
зенит 0,867219 0,001702
получать 1,301257 0,000111
проводиться 1,086847 0,000093
никогда 1,951845 0,000167
севидова 5,129899 0,000438
дзержинский 4,436752 0,000757
шварц 4,031286 0,002063
фан 3,338139 0,000285
пономарев 2,827314 0,000482
стрекашов 5,129899 0,000438
кубковый 2,296685 0,001176
нужно 1,492313 0,000127
баженов 4,031286 0,001720
побратим 5,129899 0,002188
українська 1,035554 0,000088
конкретизация 2,827314 0,000241
projet 5,129899 0,000438
группа 1,122566 0,000766
отпустить 3,183989 0,000543
непревзойденный 5,129899 0,000438
шаповал 5,129899 0,000438
француз 2,239527 0,000191
авраменко 5,129899 0,000438
зеленый 2,185460 0,000186
преобразование 4,436752 0,000378
рост 0,812411 0,000208
молодая 1,762603 0,000601
процент 2,932674 0,000500
стоить 1,546380 0,000264
грамота 4,436752 0,001135
рекордсмен 1,834062 0,002190
шемберас 4,031286 0,000344
катастрофа 3,338139 0,000285
жизнь 0,881403 0,000451
конкурент 2,564949 0,000656
зиначев 5,129899 0,000438
менять 1,994404 0,000170
cite 1,258698 0,000215
желько 5,129899 0,000875
крупно 3,183989 0,000272
удаленный 1,492313 0,000127
трики 2,732003 0,000233
уменьшиться 4,436752 0,000378
исполниться 3,338139 0,000285
уступить 1,368699 0,001051
табло 2,357310 0,000201
утвердить 1,871802 0,000319
почему 1,122566 0,000096
ежегодно 2,185460 0,000186
карасевич 5,129899 0,000438
net 2,357310 0,000201
ромащенко 5,129899 0,000438
енисей 2,296685 0,000196
степан 2,732003 0,001165
тренировка 0,895792 0,000153
черчесов 4,031286 0,000344
красный 1,069456 0,000274
кудравец 5,129899 0,000875
соснин 5,129899 0,001751
ব 1,416327 0,000121
объединение 2,296685 0,000392
силва 4,031286 0,000344
нарушение 1,416327 0,000121
конфиденциальность 0,293617 0,000025
ল 1,416327 0,000121
svenska 1,035554 0,000088
общий 0,986764 0,000589
бессрочный 5,129899 0,000438
назад 1,140915 0,000097
список 0,986764 0,000505
темник 5,129899 0,000438
ссср 0,940244 0,003930
кабинет 3,050457 0,000260
великое 2,421849 0,000413
аркадьев 3,520461 0,000601
одноклубник 3,183989 0,000272
приобрести 2,038856 0,000174
тетерин 5,129899 0,000438
открыть 1,279751 0,000328
чуркин 3,743604 0,000319
никто 1,574551 0,000269
луч 2,932674 0,000500
прудников 3,338139 0,000285
четвертая 2,185460 0,000373
воплотить 3,743604 0,000319
промсвязьбанк 5,129899 0,000438
сохранять 2,564949 0,000219
именно 1,492313 0,000255
главное 0,524729 0,001567
профессиональный 1,052361 0,000090
французский 1,052361 0,000090
где 0,675551 0,000231
металлоинвест 5,129899 0,000438
основание 1,416327 0,000242
динамовских 5,129899 0,000875
спросить 4,031286 0,000344
активный 1,546380 0,000396
наградить 3,183989 0,000543
напрямую 3,050457 0,000260
бытовой 3,338139 0,000285
позволять 1,664163 0,000142
подписывать 3,520461 0,000300
англия 1,238078 0,000106
всеять 1,871802 0,000160
сменить 1,466337 0,000375
участвовать 0,955511 0,000326
сообщить 0,447767 0,000076
примечание 1,002764 0,000171
wildberri 4,436752 0,000378
суицид 5,129899 0,000438
быть 0,119263 0,000855
европейский 1,122566 0,000096
подразумевать 3,050457 0,000260
физкультура 1,994404 0,000681
связка 2,932674 0,000250
кардозу 5,129899 0,000438
районный 4,436752 0,000378
веренич 5,129899 0,000438
финальный 1,492313 0,000127
товаровский 5,129899 0,000438
ген 3,050457 0,000260
назначение 2,239527 0,000955
физкультурный 3,520461 0,000901
вылет 2,490841 0,000425
сулейман 3,743604 0,000319
установить 1,279751 0,000218
штурм 3,743604 0,000319
бобковый 5,129899 0,000438
таки 2,296685 0,000196
черноморец 2,732003 0,000233
приобретение 3,183989 0,000543
english 0,925206 0,000158
перерыв 1,762603 0,000601
бородюк 5,129899 0,000438
ਜ 1,664163 0,000142
четыре 0,910391 0,000311
рсфср 2,732003 0,000699
бояренко 5,129899 0,001313
suomi 1,052361 0,000090
друг 1,518981 0,000130
протяжение 1,951845 0,000500
ਪ 1,664163 0,000142
вадим 2,421849 0,000413
ਬ 1,664163 0,000142
голубой 2,490841 0,002337
viaf 2,490841 0,000425
осенний 2,932674 0,000500
гладышев 5,129899 0,001751
рекордный 2,038856 0,000174
codest 5,129899 0,000438
разыграть 2,038856 0,000174
обязанность 2,490841 0,001912
федосов 5,129899 0,000438
română 1,122566 0,000096
кошель 5,129899 0,001751
использоваться 1,159607 0,000297
гришин 3,338139 0,000570
зайдензаль 5,129899 0,000875
portuguê 1,035554 0,000088
паршивлюк 4,436752 0,000757
стремиться 2,421849 0,000207
впервые 0,839439 0,000716
oʻzbekcha 1,140915 0,000097
раз 0,485508 0,000249
чемпионат 0,188256 0,001381
поворот 2,827314 0,000241
ўзбекча 1,140915 0,000097
latviešu 1,052361 0,000090
кирилл 1,695912 0,000868
образование 2,038856 0,000522
достроить 4,436752 0,000757
российский 0,224624 0,000556
нидерландец 5,129899 0,000438
вильям 3,520461 0,000601
дерево 3,183989 0,000272
чудо 2,732003 0,000233
факел 2,296685 0,000392
версия 0,393700 0,000101
спустя 1,911023 0,000489
телеканал 2,644992 0,000226
диас 3,743604 0,000639
омари 5,129899 0,000438
шесть 1,238078 0,000106
сальник 3,520461 0,000300
юркас 5,129899 0,000438
выделить 2,085376 0,000178
зарегистрировать 0,711058 0,000061
макар 2,932674 0,000250
финансы 3,183989 0,000272
израиль 2,085376 0,000356
штаб 1,664163 0,000568
кураньи 5,129899 0,002626
рбк 1,797694 0,000460
титов 3,743604 0,000639
вячеслав 2,185460 0,000373
знамя 3,520461 0,000300
اردو 1,574551 0,000134
энергия 2,564949 0,000438
игорь 1,871802 0,004790
сенежский 4,436752 0,000378
чернышов 3,743604 0,000319
четвертый 1,695912 0,000289
знак 0,986764 0,000168
романцев 3,520461 0,000601
колесов 5,129899 0,000438
пополнить 2,357310 0,001207
излишний 5,129899 0,000438
правый 0,971016 0,000249
купалов 5,129899 0,000438
сотрудник 2,932674 0,000751
соломон 4,031286 0,000344
работа 1,086847 0,000464
бедовый 5,129899 0,000438
обладатель 1,492313 0,001528
передача 1,633391 0,000279
сеть 1,258698 0,000215
евро 1,466337 0,001251
лесовой 4,436752 0,000378
плиев 5,129899 0,000438
посол 0,301585 0,000643
краеугольный 4,436752 0,000378
фарафонов 5,129899 0,000438
сооружение 3,183989 0,000272
полвека 4,436752 0,000378
медиафайлы 1,217876 0,000104
сибирь 2,038856 0,000174
военнослужащий 3,520461 0,000300
знать 1,345709 0,000115
волгоградский 4,031286 0,000344
лещенко 5,129899 0,000875
металлист 3,520461 0,000300
galego 1,178655 0,000101
старый 1,159607 0,000396
короткий 0,699082 0,000060
выяснить 4,031286 0,000344
возвращаться 1,871802 0,000160
кесарев 5,129899 0,000438
байков 4,436752 0,000378
поражение 1,122566 0,001436
ростов 2,827314 0,000965
правительство 3,338139 0,000285
служебный 0,955511 0,000082
шейн 4,436752 0,000378
покинуть 1,871802 0,002076
положение 1,416327 0,000242
краснодар 0,867219 0,000740
мехди 5,129899 0,000438
жоаозиньо 4,031286 0,000344
будущий 3,050457 0,000260
скамейка 2,564949 0,000656
война 1,695912 0,000289
абакумов 5,129899 0,000438
винокур 5,129899 0,000875
news 2,185460 0,000373
призовой 1,951845 0,000333
плеймейкер 5,129899 0,000438
профинансировать 5,129899 0,000438
дошлый 2,827314 0,000241
associ 0,986764 0,000084
свободный 0,867219 0,000148
забитый 2,239527 0,000191
серп 5,129899 0,000438
очередной 2,085376 0,000178
кучеренко 4,436752 0,000378
фнл 2,421849 0,002066
авианалётов 5,129899 0,000438
существовать 1,122566 0,000192
федор 1,871802 0,000479
больница 3,338139 0,000854
возглавлять 2,564949 0,000438
пятый 1,574551 0,000403
ломича 5,129899 0,000438
отношение 1,301257 0,000333
чехарда 4,436752 0,000378
строить 2,490841 0,000637
динамовскую 5,129899 0,000438
серьезный 1,633391 0,000139
эдуард 2,085376 0,000712
внутри 2,421849 0,000620
ковалев 3,743604 0,000319
получить 0,384967 0,000361
подрядчик 5,129899 0,000438
семерка 5,129899 0,000438
tiktok 2,490841 0,000212
государственный 1,871802 0,000319
богдан 3,183989 0,000272
орден 2,732003 0,000466
асмарала 5,129899 0,000438
передать 2,134166 0,000182
архивировать 1,104547 0,007538
бышовце 5,129899 0,000438
гол 1,323236 0,000677
леона 1,633391 0,000139
инвестиция 4,436752 0,000378
сделать 0,853233 0,000218
связанный 0,786093 0,000268
ордец 5,129899 0,000438
казань 1,301257 0,000222
гот 2,038856 0,000174
риа 1,466337 0,000375
ролан 2,239527 0,001719
викицитатник 2,827314 0,000482
евгеньев 5,129899 0,000875
анортосис 4,436752 0,000378
ноль 3,050457 0,000260
послематчевых 2,644992 0,000226
скопинцев 5,129899 0,001313
пролонгировать 5,129899 0,000438
люк 3,743604 0,000639
отчет 2,490841 0,000212
будущее 1,664163 0,000284
italiano 1,035554 0,000088
год 0,099461 0,002418
совместно 2,732003 0,000233
амкара 4,031286 0,000344
контракт 1,258698 0,001074
куратор 3,743604 0,000319
кузнецов 2,239527 0,000764
հայերեն 1,198073 0,000102
семичастный 5,129899 0,000875
парок 5,129899 0,000438
бермудский 4,031286 0,000344
гпу 5,129899 0,000438
миодраг 4,031286 0,000344
аудитор 4,436752 0,000378
мая 0,986764 0,006314
нафта 5,129899 0,000438
балахон 5,129899 0,000438
расход 2,490841 0,000212
близ 3,743604 0,000319
волк 2,644992 0,000451
антон 1,695912 0,001591
агентство 1,994404 0,000510
web 1,279751 0,000218
прин 5,129899 0,000438
гостев 2,827314 0,000241
семь 1,633391 0,000279
выплата 3,050457 0,000260
приз 1,834062 0,000156
вещь 3,338139 0,000570
bokmål 1,069456 0,000091
президиум 3,743604 0,001277
гостевой 2,421849 0,000826
нквд 4,436752 0,000378
стилизовать 3,743604 0,000319
жена 1,728701 0,000147
пропустить 1,122566 0,000192
хорошо 1,951845 0,000167
шаблон 1,441019 0,000123
маухуб 5,129899 0,000875
инструмент 0,881403 0,000150
акция 2,357310 0,002815
божович 4,436752 0,001135
продолжительный 2,644992 0,000451
такой 0,735450 0,000502
заварзин 5,129899 0,000875
проработать 3,743604 0,000319
заложить 4,031286 0,000688
стен 3,050457 0,000520
петерсон 4,436752 0,001135
рука 1,392229 0,000119
лига 0,325878 0,000639
евгения 1,178655 0,000704
собираться 2,185460 0,000186
генеральный 1,664163 0,002555
русый 1,368699 0,010158
расширение 2,296685 0,000196
военный 1,664163 0,000142
шиманьски 5,129899 0,000438
фонд 0,895792 0,000076
винокуров 5,129899 0,001313
динамик 4,031286 0,000344
ломич 5,129899 0,000438
состав 0,867219 0,001184
вестись 2,185460 0,000559
кузьма 5,129899 0,000438
сироткин 5,129899 0,000438
дьяк 4,031286 0,000344
передний 2,490841 0,000212
указать 1,198073 0,000102
соглашение 1,466337 0,000125
комличенко 3,743604 0,000639
строительство 2,490841 0,001275
история 0,270086 0,000783
македонский 1,258698 0,000107
воин 2,932674 0,000250
таблица 0,711058 0,000303
горизонт 4,031286 0,000344
нестабильный 3,338139 0,000285
длить 0,146292 0,000225
минай 4,436752 0,000757
себастьян 3,050457 0,000781
шахтер 2,932674 0,000500
ивлев 5,129899 0,001751
либо 1,140915 0,000195
басконии 4,031286 0,001032
нечисловой 4,031286 0,000344
мгс 5,129899 0,001313
укатать 5,129899 0,000438
жемчужина 3,050457 0,000260
название 1,035554 0,000265
тысяча 1,546380 0,000396
поиск 0,711058 0,000182
чемпион 0,334108 0,000485
решающий 2,134166 0,000182
запланировать 2,932674 0,000250
девятнадцать 4,436752 0,000378
парка 3,050457 0,001301
исторический 1,762603 0,000150
артист 3,520461 0,000601
бегать 3,338139 0,000285
oldid 0,986764 0,000084
первое 0,393700 0,000840
очковый 3,743604 0,000319
зык 4,031286 0,000344
низкий 1,345709 0,000115
алексей 1,140915 0,001655
ленинград 2,827314 0,000724
челны 2,932674 0,000250
рижский 3,520461 0,000300
продажа 2,239527 0,000573
гум 5,129899 0,000438
елизавета 2,185460 0,000186
отвечать 2,239527 0,000191
дружественный 3,520461 0,000300
демушкин 5,129899 0,000438
долматов 4,031286 0,000344
амир 4,031286 0,000344
хоккеист 1,633391 0,000139
принять 0,786093 0,000335
босиком 4,436752 0,000378
ковтун 4,436752 0,001135
yandex 2,239527 0,000191
авторство 0,986764 0,000084
высокий 0,760451 0,000454
archiv 3,338139 0,000285
богомол 4,436752 0,000378
сталинград 4,031286 0,000344
подача 2,490841 0,000212
резник 5,129899 0,000438
ташаева 5,129899 0,000438
финал 0,699082 0,000835
витамин 4,436752 0,000378
català 1,086847 0,000093
dinamo 5,129899 0,000438
максимилиана 5,129899 0,000438
новый 0,239550 0,000613
житарев 5,129899 0,001313
образ 1,178655 0,000302
булыкин 3,338139 0,000285
поведение 0,839439 0,000072
рпл 1,140915 0,000584
детство 3,338139 0,000285
частичный 2,732003 0,000233
академия 1,834062 0,000156
выйти 0,773190 0,000198
кевин 2,038856 0,001044
всероссийский 2,085376 0,000534
ребенок 1,323236 0,000113
ахмат 1,198073 0,000307
норильский 4,436752 0,000378
горянский 4,436752 0,000378
فارسی 1,104547 0,000094
шинник 2,732003 0,000233
полный 0,940244 0,000080
терек 3,050457 0,000520
кутицкий 5,129899 0,000875
александр 0,839439 0,003939
спасать 3,520461 0,000300
нуну 4,031286 0,000688
украинец 2,827314 0,000241
викимедиа 0,986764 0,000084
москвич 3,338139 0,000570
формироваться 2,644992 0,000226
добиться 2,085376 0,000534
показывать 1,762603 0,000150
дружба 3,183989 0,000543
прекращаться 4,436752 0,000378
azərbaycanca 1,258698 0,000107
латыш 4,031286 0,000344
стуров 4,436752 0,000378
средство 1,664163 0,000142
экс 1,994404 0,000510
городец 4,031286 0,000344
дополнительный 0,940244 0,000241
касумов 5,129899 0,000438
помысел 5,129899 0,000438
белоруков 5,129899 0,000438
мир 0,277868 0,000047
by 0,971016 0,000083
экз 2,732003 0,010954
русский 0,760451 0,000324
входить 1,258698 0,000215
хорх 4,436752 0,001135
этап 0,895792 0,000153
cc 0,986764 0,000084
бабаев 3,743604 0,000639
александрович 2,490841 0,000212
малоизвестный 3,743604 0,000319
автомобильный 3,338139 0,000285
планировать 2,296685 0,000196
небольшой 2,296685 0,000196
shqip 1,466337 0,000125
время 0,384967 0,000558
конец 1,035554 0,001237
точелович 5,129899 0,000438
единственный 1,392229 0,000475
kelm 4,436752 0,000378
аджоева 5,129899 0,001313
выходить 1,695912 0,000145
прислать 2,490841 0,001062
биография 3,520461 0,000901
новгород 1,217876 0,000312
безвыигрышная 4,436752 0,000378
пименов 4,436752 0,000378
ранее 1,104547 0,000377
победитель 0,799165 0,000136
анжи 2,827314 0,000724
присоединиться 2,490841 0,000212
чистый 2,038856 0,000348
подать 2,296685 0,000196
получение 2,085376 0,000178
de 1,871802 0,000160
юбилей 2,564949 0,000438
носить 1,664163 0,000142
комплексный 2,932674 0,000250
гранат 3,520461 0,000901
forb 3,743604 0,000319
отец 2,239527 0,000191
восемь 1,695912 0,000145
эскиндаров 5,129899 0,000438
викиданных 0,986764 0,000084
ещенко 4,031286 0,000344
ленинградский 2,564949 0,000219
северный 1,492313 0,000255
эля 3,743604 0,000639
десант 5,129899 0,000875
начаться 1,518981 0,000778
колыванов 3,338139 0,000570
каталог 1,301257 0,000111
заключительный 2,357310 0,000201
яшин 2,827314 0,003136
увидеть 2,296685 0,000196
поляков 3,743604 0,002236
сравнять 3,183989 0,000272
крутой 2,239527 0,000191
доставаться 3,338139 0,000285
отсутствие 1,664163 0,000142
спороть 3,520461 0,000300
миллиард 1,911023 0,001956
габулов 4,436752 0,001514
задача 1,546380 0,000132
хотя 1,546380 0,000396
дополнить 2,827314 0,000482
счет 0,799165 0,000818
рфс 2,564949 0,000875
устанавливать 2,932674 0,000250
оформить 2,134166 0,000364
касерес 5,129899 0,001751
акционер 3,050457 0,000260
олимпийский 0,342407 0,000029
et 4,031286 0,000344
eu 3,183989 0,000543
читать 0,555188 0,000047
переработать 4,436752 0,000378
fc 2,085376 0,000178
орлово 5,129899 0,000875
бердыев 3,743604 0,000639
бальбуэна 5,129899 0,000438
запомниться 3,050457 0,000260
прямая 1,441019 0,000246
генерал 3,520461 0,000300
англ 1,159607 0,000396
купить 1,994404 0,000851
командный 1,002764 0,000171
оценка 1,797694 0,000153
fr 4,436752 0,000378
джуджак 5,129899 0,000875
кабанец 5,129899 0,001313
хронология 2,827314 0,000241
солдат 3,338139 0,000285
оценить 1,603538 0,000137
путина 2,732003 0,000233
лишь 1,159607 0,000594
миранчука 5,129899 0,000438
стрелок 3,050457 0,000260
завершить 1,052361 0,000449
мой 1,368699 0,000234
момент 0,910391 0,000233
дина 3,520461 0,000300
рейнджерс 2,038856 0,000348
дортмундский 4,436752 0,000757
中文 1,035554 0,000088
деркач 5,129899 0,000438
помимо 1,911023 0,000326
академик 4,031286 0,000344
константин 2,185460 0,004661
тереть 0,786093 0,000335
букмекер 1,140915 0,000097
footballfakt 3,183989 0,000272
потерять 1,951845 0,000167
раменский 2,932674 0,000250
foundat 0,986764 0,000084
суметь 2,296685 0,000196
севидов 4,031286 0,001032
пудышев 5,129899 0,000438
викторий 2,038856 0,000174
йован 4,436752 0,000378
среди 0,597299 0,000204
анатолия 2,357310 0,001006
прежний 1,994404 0,000340
латвия 1,664163 0,000142
финиш 2,185460 0,000373
хоккейный 1,416327 0,000242
битело 5,129899 0,001313
случиться 2,038856 0,000348
скидка 2,185460 0,000186
кристофер 4,031286 0,000344
предоставлять 2,932674 0,000500
леоненко 5,129899 0,000438
возле 3,183989 0,000272
https 0,699082 0,000060
предоставление 2,357310 0,000201
португальский 2,932674 0,001251
результат 0,524729 0,000403
мобильный 0,555188 0,000047
пауза 2,490841 0,001062
tiếng 1,140915 0,000097
татарча 1,392229 0,000119
особенно 2,038856 0,000174
עברית 1,052361 0,000090
index 0,986764 0,000084
павел 1,834062 0,002347
большой 0,687247 0,000645
сослуживец 5,129899 0,000438
хуан 2,827314 0,000724
ропотан 5,129899 0,000438
должен 0,597299 0,000153
зато 3,183989 0,000272
изначально 2,038856 0,000174
избранный 0,955511 0,000082
союзный 2,827314 0,000241
латул 5,129899 0,000438
тасс 1,695912 0,001302
возвращение 1,466337 0,000500
footballdatabas 3,338139 0,000285
покидать 2,421849 0,000620
последующий 2,085376 0,000178
bioniq 5,129899 0,000438
мечта 2,185460 0,000186
мешать 2,644992 0,000451
ирон 2,827314 0,000241
забить 1,466337 0,001376
предстоять 3,338139 0,000285
крыть 2,932674 0,000250
жорж 3,520461 0,000300
акрон 1,279751 0,000218
неприемлемый 4,031286 0,000344
лещук 3,520461 0,001201
четвертьфинальный 3,520461 0,000601
заря 3,338139 0,000285
world 1,416327 0,000121
провести 0,799165 0,000750
восстанавливать 4,436752 0,000378
это 0,181139 0,000355
легендарный 1,871802 0,000319
поддерживать 2,185460 0,000186
два 0,504926 0,000862
смена 1,762603 0,000752
ладо 2,185460 0,000186
кострома 3,050457 0,000520
araigné 5,129899 0,000438
прямой 1,695912 0,000145
покрытие 2,490841 0,000212
лорейру 5,129899 0,000438
сделка 3,050457 0,000260
тренер 0,555188 0,003173
интеллектуальный 3,338139 0,000285
пендер 5,129899 0,000438
доступный 0,955511 0,000082
моспроект 5,129899 0,000438
разрыть 3,338139 0,000570
le 3,743604 0,000639
стартовый 1,728701 0,000147
перестановка 3,050457 0,000781
или 0,576022 0,000049
душевой 4,436752 0,000378
потому 2,085376 0,000178
қазақша 1,178655 0,000101
питьевой 5,129899 0,000438
судьба 2,185460 0,001305
фатос 5,129899 0,000438
афиша 5,129899 0,000438
отстоять 2,827314 0,000241
радио 2,421849 0,000207
молодёжку 5,129899 0,000438
пригласить 1,834062 0,000313
отстранить 2,296685 0,000392
осипенко 4,436752 0,001514
врачебный 4,436752 0,000378
www 1,392229 0,001425
уход 1,834062 0,001095
обещание 4,031286 0,000344
учетный 0,986764 0,000084
еврюжихин 4,436752 0,001514
много 0,735450 0,000439
хохол 3,338139 0,001993
заключить 2,490841 0,000425
хет 2,296685 0,000588
изотов 5,129899 0,000438
представиться 0,986764 0,000084
затем 1,301257 0,001332
разместить 3,183989 0,000272
возобновиться 3,520461 0,000300
неизменный 3,520461 0,000300
dream 3,743604 0,000319
эхо 3,743604 0,000319
зритель 1,518981 0,000518
означать 2,185460 0,000186
воспоминание 3,743604 0,000958
no 1,911023 0,000163
кратный 2,357310 0,000201
работник 4,031286 0,000344
осень 2,357310 0,000804
ошибка 0,576022 0,000049
калининград 2,644992 0,000226
штапов 5,129899 0,000438
камаз 2,732003 0,000233
вопрос 1,104547 0,000094
playmakerstat 2,932674 0,000250
вортман 5,129899 0,000438
искусственный 2,239527 0,000191
игра 0,112619 0,000250
поскольку 1,728701 0,000147
компания 0,971016 0,000497
рубенс 4,436752 0,001135
переход 1,323236 0,000339
of 1,695912 0,000145
deutsch 1,052361 0,000090
марта 0,853233 0,001019
имя 1,178655 0,001307
рекомендация 1,217876 0,000104
присутствовать 1,951845 0,000167
больший 0,457070 0,000156
аджоев 5,129899 0,000875
поединок 2,085376 0,000178
углубить 4,436752 0,000378
событие 0,565551 0,000096
использование 0,277868 0,000024
увольнение 2,827314 0,000482
калинин 3,520461 0,000300
соревнование 0,411400 0,000070
выезд 2,296685 0,000392
дикси 5,129899 0,000438
soccerway 3,183989 0,000272
общественный 2,038856 0,000174
кобелев 4,436752 0,006056
снести 3,743604 0,000639
лицензия 0,971016 0,000083
ничей 1,951845 0,000833
архивный 1,518981 0,000259
манеж 3,050457 0,000520
черный 1,994404 0,000340
фанатизм 4,436752 0,000378
зимний 0,663991 0,000453
манкин 5,129899 0,000438
ряд 1,198073 0,000715
страница 0,910391 0,000854
поворотный 4,031286 0,000344
смениться 3,338139 0,000285
отечественный 2,185460 0,000559
добронравов 5,129899 0,003063
пивовар 4,436752 0,001514
сам 0,747872 0,000383
реструктуризация 5,129899 0,000438
благодарить 3,338139 0,000285
запись 0,910391 0,000078
qr 0,986764 0,000084
сердце 2,421849 0,000207
провальный 4,031286 0,000344
umbro 3,338139 0,000570
посещаемость 2,732003 0,000699
погасить 5,129899 0,001313
квалификация 1,695912 0,000145
гагнидзе 5,129899 0,000438
fcdm 5,129899 0,000438
долбоносов 5,129899 0,000438
дуйсбург 4,436752 0,000378
благоустроить 5,129899 0,000438
ульви 5,129899 0,000438
сохранение 0,971016 0,000083
吴语 1,238078 0,000106
агустина 4,436752 0,000378
юрий 1,994404 0,005615
окишор 5,129899 0,000875
удаться 1,994404 0,000510
толстый 3,520461 0,001802
мордовия 2,827314 0,000241
дать 0,608110 0,000104
снайпер 2,644992 0,000226
пресс 0,895792 0,000382
персональный 0,723179 0,000062
захламить 5,129899 0,000438
rt 4,436752 0,000378
ru 0,285712 0,000585
действовать 0,825834 0,000211
киевский 3,050457 0,000260
смочь 1,069456 0,000365
производитель 2,564949 0,000656
changan 5,129899 0,000438
исф 5,129899 0,001313
третий 1,238078 0,000106
будни 5,129899 0,000438
sa 0,986764 0,000084
известно 1,871802 0,000160
режиссер 3,338139 0,000285
дата 0,799165 0,008318
вернуться 0,986764 0,000084
того 0,955511 0,000163
барселона 1,416327 0,000121
федорычев 5,129899 0,000438
паря 1,217876 0,000312
premierliga 3,743604 0,000958
откуда 3,520461 0,000601
intern 2,357310 0,000201
español 1,019025 0,000087
специалист 1,797694 0,001074
цдка 3,520461 0,000601
строитель 5,129899 0,000438
литература 1,695912 0,000434
россия 0,139466 0,000761
перестать 2,644992 0,000226
puma 3,338139 0,000285
горячий 2,564949 0,000219
сысоев 5,129899 0,000875
соскин 4,436752 0,000757
рекорд 0,955511 0,000897
bosanski 1,345709 0,000115
даса 5,129899 0,000438
свой 0,586604 0,000701
нальчик 3,050457 0,000260
парк 2,827314 0,002171
свое 0,457070 0,000468
старожил 4,031286 0,000344
получиться 2,564949 0,000219
январь 0,786093 0,000939
здесь 1,911023 0,000163
пресня 4,436752 0,000378
разгромить 1,728701 0,000295
настольный 1,198073 0,000102
устройство 2,827314 0,000241
kgb 5,129899 0,000438
рождение 1,518981 0,000648
express 2,644992 0,000451
transfermarkt 3,183989 0,000543
намерение 3,520461 0,000601
днепр 3,520461 0,001201
джуджака 5,129899 0,000438
noir 5,129899 0,000438
ионов 3,743604 0,000958
прийти 2,038856 0,000696
популярность 1,797694 0,000153
введение 2,296685 0,000392
триком 4,031286 0,000344
дразнить 5,129899 0,000438
отдать 1,728701 0,000295
автоподтверждённых 3,183989 0,000272
филипп 2,564949 0,000438
ход 1,279751 0,000437
norsk 1,052361 0,000090
обменять 3,338139 0,000285
дейвидас 3,743604 0,000319
праздник 2,732003 0,000233
ярославль 2,490841 0,000212
правоторов 5,129899 0,000438
worldfootbal 2,932674 0,000250
сей 2,421849 0,000413
аллея 4,031286 0,000344
гершк 5,129899 0,000875
благой 5,129899 0,000438
амкар 2,827314 0,000482
милькин 5,129899 0,000438
волшебный 1,695912 0,000145
главый 3,050457 0,000260
мастер 1,518981 0,000389
доход 2,239527 0,000573
попасть 1,140915 0,000195
polski 1,035554 0,000088
динамовская 5,129899 0,000438
темир 5,129899 0,000438
горячее 3,338139 0,000285
конвертировать 4,436752 0,000378
панк 3,743604 0,000319
маховик 5,129899 0,001751
светлый 3,520461 0,000300
kit 4,031286 0,000688
перель 4,436752 0,000378
отрезка 2,644992 0,000226
приступить 3,520461 0,000300
рейтинг 0,524729 0,000045
взойти 4,436752 0,000378
переезд 3,338139 0,000285
дон 2,357310 0,000201
глазго 3,520461 0,000601
полковник 5,129899 0,000438
org 0,986764 0,000168
показатель 1,728701 0,000147
терра 3,743604 0,000319
сыграть 0,839439 0,001003
компетенция 4,436752 0,000378
валерий 2,134166 0,004552
бесплатно 2,827314 0,000482
обмен 2,732003 0,000233
асмарал 2,932674 0,000250
выбыть 2,644992 0,000677
некоммерческий 0,986764 0,000084
великобритания 1,664163 0,000710
танасиевич 5,129899 0,000438
клисф 5,129899 0,000875
дивизион 2,038856 0,000696
шабер 5,129899 0,000438
нулевой 2,732003 0,000466
xx 1,546380 0,000396
недвижимость 3,520461 0,000601
гусев 2,932674 0,002752
мяч 0,735450 0,000627
новогорск 3,743604 0,000639
еврокубки 1,546380 0,000132
наш 0,652562 0,000111
еврокубке 4,436752 0,000378
указание 0,986764 0,000084
темп 2,732003 0,000233
телетрансляция 3,520461 0,000300
еврокубка 3,743604 0,000319
евросезон 5,129899 0,000438
западный 2,134166 0,000182
забродин 5,129899 0,000438
суперкубок 2,296685 0,000392
српски 1,035554 0,000088
над 0,986764 0,000842
поздняков 4,436752 0,000378
литературный 3,743604 0,000319
минский 2,185460 0,000186
присудить 3,520461 0,000601
soccerbas 3,743604 0,000319
служилый 5,129899 0,000438
доллар 2,239527 0,000191
спартак 0,711058 0,001880
егор 1,951845 0,000500
оказаться 1,441019 0,000492
нап 3,183989 0,004074
рфпл 2,932674 0,000500
около 1,518981 0,000389
ворот 1,762603 0,000601
ротор 2,644992 0,000451
сорвать 3,050457 0,000260
лондонский 2,644992 0,000226
служба 1,279751 0,000437
ска 1,279751 0,000218
заниматься 1,574551 0,000134
белые 2,421849 0,000207
копиться 5,129899 0,000438
вроде 4,031286 0,000344
алпатов 5,129899 0,001313
святой 4,436752 0,000757
белый 1,574551 0,002015
кружка 3,520461 0,000601
цска 0,711058 0,000789
регалия 4,436752 0,000378
хомич 4,436752 0,000378
собирать 3,183989 0,000272
конончук 5,129899 0,001313
берет 2,932674 0,000500
максимум 2,827314 0,000241
венский 4,031286 0,000344
заметно 3,050457 0,000260
николас 3,743604 0,001277
верховный 3,743604 0,001277
безопасность 2,296685 0,000196
потапенко 5,129899 0,001313
который 0,325878 0,000917
николай 1,994404 0,003573
постоянный 0,881403 0,000150
идея 1,871802 0,000319
конькобежный 1,140915 0,000097
легкий 0,895792 0,000076
спортобщества 4,436752 0,000378
панченко 4,031286 0,001032
türkçe 1,052361 0,000090
победа 0,420369 0,001148
спад 2,732003 0,000233
выбрать 1,323236 0,000339
политический 2,932674 0,000250
забор 4,436752 0,000378
петровский 3,520461 0,001502
трофим 4,436752 0,001135
случай 0,867219 0,000074
сми 1,546380 0,000132
кокорин 3,743604 0,003194
соколов 3,050457 0,001301
vinci 5,129899 0,000438
шунин 5,129899 0,003063
нгамалё 5,129899 0,002188
архитектор 3,520461 0,000601
световой 4,031286 0,000344
периметр 3,743604 0,000319
союз 1,301257 0,000444
арена 1,104547 0,001885
исполнять 2,827314 0,002171
несколько 0,971016 0,000331
начало 0,760451 0,001297
ротенберга 4,436752 0,001135
располагаться 1,951845 0,000167
заиграть 3,520461 0,000300
закончить 1,994404 0,000340
ровный 2,421849 0,000207
разрешение 2,732003 0,000233
суперкубки 3,338139 0,000285
смп 5,129899 0,000438
наименее 3,743604 0,000319
свежий 0,839439 0,000072
комплекс 2,421849 0,000207
выбор 1,834062 0,000156
форвард 1,871802 0,000958
использовать 0,940244 0,000160
золотой 1,002764 0,000513
отправиться 2,421849 0,000207
гремио 5,129899 0,000875
ротенберге 5,129899 0,000438
любитель 1,238078 0,000317
межсезонье 2,732003 0,000699
апрель 0,986764 0,001179
внешний 1,104547 0,000283
идеальный 2,644992 0,000226
сазонов 5,129899 0,000438
столица 2,490841 0,000637
ментюков 5,129899 0,000438
начинать 1,140915 0,000097
количество 0,853233 0,000801
трибун 1,603538 0,000821
расул 5,129899 0,000875
составить 1,546380 0,000792
орган 2,134166 0,000182
наладиться 4,436752 0,000757
сотрудничество 2,564949 0,000219
селтика 5,129899 0,000438
даже 1,198073 0,000102
ритейлеров 5,129899 0,000438
комбаров 4,031286 0,000688
hero 4,436752 0,000378
статистика 0,630089 0,000215
трофей 1,871802 0,000479
середняк 3,338139 0,000285
госбанк 5,129899 0,000438
ответный 2,564949 0,000219
владикавказ 3,050457 0,000260
лепский 5,129899 0,000438
объявить 1,492313 0,002292
завершиться 1,728701 0,000442
монгол 1,518981 0,000130
правда 2,134166 0,000182
плохой 1,994404 0,000340
отремонтировать 4,436752 0,000378
выпуск 2,134166 0,000182
информация 0,608110 0,000052
квалифицироваться 3,338139 0,000285
пробиться 2,564949 0,000219
травма 1,122566 0,000192
подмосковный 2,827314 0,000241
ввести 1,695912 0,000145
ярослав 2,732003 0,000699
миллион 1,392229 0,002019
федорычева 5,129899 0,000438
уходить 2,134166 0,000546
приравниваться 3,520461 0,000300
переть 0,359214 0,000398
источник 0,786093 0,000671
ленин 3,183989 0,000543
