париж 1,392229 0,000692
слух 2,490841 0,001238
формула 1,574551 0,003130
девять 2,038856 0,001013
день 0,699082 0,001390
бельгиец 3,520461 0,001750
любить 1,466337 0,000729
козловый 2,357310 0,001172
иностранец 2,564949 0,001275
со 0,447767 0,000223
центр 0,773190 0,001153
вратарь 1,323236 0,001315
под 0,723179 0,000359
дубай 2,185460 0,004345
обыграть 1,122566 0,001116
подробный 0,687247 0,000342
реклама 0,687247 0,001366
фото 0,799165 0,002383
отказаться 1,695912 0,001686
поделить 3,520461 0,005249
сейчас 1,104547 0,000549
луиса 2,239527 0,001113
четвертьфинал 1,279751 0,000636
челябинский 3,743604 0,001861
ты 1,871802 0,000930
эдди 3,520461 0,003499
поп 1,664163 0,000827
вхл 1,664163 0,000827
ум 3,520461 0,001750
информационный 1,122566 0,000558
теперь 0,971016 0,000965
гонду 3,743604 0,001861
про 1,301257 0,001940
кисляк 3,338139 0,001659
билль 2,296685 0,001141
водоворот 4,436752 0,002205
мадридский 3,050457 0,001516
подписание 2,421849 0,001204
готовить 2,421849 0,001204
миланя 2,038856 0,004053
главный 0,565551 0,000281
шайба 0,986764 0,000490
rds 1,911023 0,000950
псж 1,518981 0,000755
италия 0,524729 0,001043
футзал 2,085376 0,001036
прошлый 1,518981 0,000755
bellat 2,490841 0,001238
isu 1,603538 0,000797
снова 1,574551 0,000783
арианна 4,031286 0,002004
правовой 2,038856 0,001013
чимаев 2,357310 0,001172
олимпиец 2,644992 0,002629
овертайме 2,038856 0,002027
драма 2,932674 0,001458
инна 2,296685 0,003424
камбэк 2,732003 0,001358
кремль 2,421849 0,001204
олимпизм 1,466337 0,000729
себя 0,597299 0,000594
афк 2,827314 0,001405
руае 4,436752 0,004410
дурана 3,743604 0,001861
корея 1,695912 0,000843
махачева 4,031286 0,004007
дэвис 1,633391 0,000812
гонка 0,853233 0,001272
один 0,342407 0,000170
фила 3,743604 0,001861
молодец 4,031286 0,002004
совет 0,825834 0,001231
мотогонка 2,490841 0,001238
пример 1,994404 0,000991
чм 1,492313 0,002225
нация 1,797694 0,000893
хотеться 3,183989 0,003165
live 1,492313 0,005934
локомотив 0,839439 0,001252
юнайтед 2,185460 0,003259
последний 0,376309 0,000374
майкл 2,239527 0,002226
сторона 1,069456 0,000532
минута 0,940244 0,004206
рыбакина 3,338139 0,001659
выложить 3,338139 0,004977
содружество 1,518981 0,000755
дебютный 2,296685 0,001141
арсенал 1,323236 0,000658
сша 0,586604 0,002332
ресурс 0,812411 0,000404
южный 1,159607 0,001153
повторить 1,834062 0,000912
киберспорт 1,762603 0,000876
самбо 1,994404 0,000991
хёг 4,436752 0,004410
трансфер 1,492313 0,001483
brave 2,564949 0,001275
врач 2,490841 0,002476
официально 1,159607 0,000576
ливерпуль 1,951845 0,000970
чемпионский 1,574551 0,001565
команда 0,262364 0,000782
ranynuevrg 2,564949 0,001275
фанат 1,762603 0,000876
конференция 1,392229 0,000692
зенит 0,867219 0,002586
pfl 2,421849 0,001204
суперкар 2,564949 0,001275
никогда 1,951845 0,000970
очки 0,940244 0,001402
единый 1,104547 0,001098
сидень 1,994404 0,000991
концовка 2,932674 0,001458
зона 1,603538 0,003188
повелеть 3,050457 0,001516
бадоса 3,743604 0,003721
золото 1,140915 0,001134
нужно 1,492313 0,001483
скелетон 1,258698 0,000626
кросби 1,994404 0,001983
мерседес 2,421849 0,001204
кульбиты 4,436752 0,002205
отпустить 3,183989 0,001582
слово 1,035554 0,002573
рост 0,812411 0,002019
взять 1,159607 0,000576
начинаться 1,664163 0,000827
его 0,447767 0,000445
красивый 2,644992 0,001315
жизнь 0,881403 0,001314
только 0,447767 0,000445
уничтожить 3,338139 0,001659
com 0,925206 0,000920
шорты 1,035554 0,001029
сериал 2,185460 0,001086
нхл 0,925206 0,000460
элитный 2,732003 0,001358
турнир 0,293617 0,001167
фонбет 1,466337 0,000729
горнолыжный 1,301257 0,001293
аравия 1,834062 0,000912
табло 2,357310 0,001172
дрифт 2,421849 0,001204
канал 1,416327 0,000704
почему 1,122566 0,002790
хороший 0,393700 0,000196
тренировка 0,895792 0,000445
когда 0,652562 0,000973
отреагировать 2,085376 0,003109
конфиденциальность 0,293617 0,000146
паралимпиада 2,490841 0,001238
гандбол 1,122566 0,000558
оренбург 1,301257 0,001940
глебов 3,050457 0,007581
шахматы 1,834062 0,000912
паралимпиаде 2,490841 0,001238
седьмой 2,134166 0,001061
идти 1,159607 0,001729
буде 2,038856 0,007093
капитан 1,574551 0,001565
рашфорда 4,436752 0,004410
против 0,747872 0,000372
профессиональный 1,052361 0,000523
главное 0,524729 0,000261
так 0,597299 0,000594
эйонг 4,031286 0,004007
отметиться 3,050457 0,001516
фифа 1,728701 0,000859
любительский 1,416327 0,000704
ньюкасла 2,932674 0,001458
баз 1,664163 0,000827
активный 1,546380 0,001537
потребоваться 3,338139 0,001659
раскрыть 1,871802 0,000930
англия 1,238078 0,001231
вновь 1,574551 0,000783
всеять 1,871802 0,000930
покер 2,490841 0,003714
championat 1,834062 0,000912
быть 0,119263 0,000474
окко 2,490841 0,001238
тутберидзе 2,085376 0,002073
ценный 3,183989 0,001582
нигерийский 3,743604 0,001861
нечестность 5,129899 0,002550
есть 0,812411 0,000404
вылет 2,490841 0,002476
спорт 0,125952 0,000751
таки 2,296685 0,001141
ледовый 1,994404 0,000991
кленовый 4,436752 0,002205
шон 3,183989 0,001582
бешенство 5,129899 0,002550
франция 0,675551 0,001007
этот 0,350775 0,000349
шоу 1,441019 0,000716
аренда 1,728701 0,001718
григорян 4,436752 0,006615
разозлить 4,436752 0,002205
сказать 1,368699 0,000680
снятие 3,050457 0,001516
плохо 3,050457 0,001516
швеция 1,035554 0,002059
ближний 1,728701 0,000859
продать 2,239527 0,002226
сбор 1,368699 0,000680
тайм 1,633391 0,004059
дракон 2,421849 0,001204
намекать 5,129899 0,002550
сохранить 2,085376 0,001036
край 1,994404 0,000991
непобежденный 3,183989 0,001582
хавбек 3,050457 0,001516
фигуристка 2,239527 0,002226
легенда 1,416327 0,001408
спортивный 0,301585 0,000150
женщина 0,663991 0,001650
игрок 0,711058 0,001414
выступление 0,955511 0,000475
чимаева 3,520461 0,001750
мужской 1,198073 0,000595
rss 2,085376 0,002073
аделий 1,871802 0,001861
чемпионат 0,188256 0,001404
упустить 2,644992 0,001315
киберклубы 2,564949 0,001275
кирилл 1,695912 0,001686
российский 0,224624 0,000447
испания 1,159607 0,001153
цель 1,238078 0,000615
выиграть 0,485508 0,000724
крыло 1,238078 0,001846
версия 0,393700 0,000587
бьорген 3,743604 0,001861
смотреть 1,368699 0,000680
турнирный 1,086847 0,000540
сочить 0,853233 0,002120
последниевсе 2,564949 0,001275
без 0,466460 0,000232
этта 3,338139 0,003318
поле 1,392229 0,000692
руководство 1,301257 0,001293
соответствие 1,002764 0,000498
работа 1,086847 0,000540
спринт 1,871802 0,002791
европа 0,393700 0,000587
atp 1,994404 0,002974
завтра 1,951845 0,000970
евро 1,466337 0,000729
erid 2,239527 0,003339
посол 0,301585 0,000450
ислам 2,038856 0,001013
период 1,035554 0,001544
клуб 0,652562 0,000649
саудовский 1,834062 0,000912
знать 1,345709 0,001338
сущность 3,743604 0,001861
mdvh 2,564949 0,001275
фортуна 2,421849 0,001204
бороться 1,633391 0,001624
кроме 1,368699 0,000680
нижний 0,955511 0,001900
евролига 1,664163 0,000827
android 2,185460 0,001086
вильярреал 2,827314 0,002810
лебединый 4,031286 0,002004
эксперт 2,134166 0,001061
фелпса 4,031286 0,002004
краснодар 0,867219 0,001293
канада 0,867219 0,003017
бобслей 1,217876 0,000605
сельта 2,932674 0,001458
прокат 1,951845 0,001940
очередной 2,085376 0,001036
никита 1,492313 0,000742
применяться 1,217876 0,000605
набор 2,296685 0,001141
получаться 2,732003 0,001358
статья 0,495170 0,000492
досматривать 4,436752 0,002205
хозяин 2,185460 0,001086
стрикленда 4,436752 0,002205
верить 2,296685 0,001141
повод 2,239527 0,001113
одолеть 2,134166 0,003182
звездный 2,827314 0,001405
музыка 2,357310 0,001172
play 1,441019 0,000716
ответить 1,664163 0,000827
оборонять 4,436752 0,002205
близкий 1,762603 0,001752
контакт 1,035554 0,000515
ови 2,490841 0,001238
нидерланды 1,518981 0,000755
следить 1,994404 0,000991
эмиратском 4,436752 0,002205
гол 1,323236 0,002631
стив 3,743604 0,001861
сделать 0,853233 0,000848
гот 2,038856 0,002027
милан 1,574551 0,003130
прочий 1,069456 0,004784
соблазн 4,436752 0,002205
будущее 1,664163 0,001654
год 0,099461 0,000395
собака 2,827314 0,002810
министр 2,185460 0,001086
матч 0,293617 0,003211
резкий 2,085376 0,001036
мба 3,183989 0,003165
мая 0,986764 0,000981
генич 2,644992 0,003944
ньюкасл 2,085376 0,003109
олимпиакос 2,085376 0,001036
серебро 1,695912 0,000843
динамо 0,663991 0,002970
сегодня 0,881403 0,001314
повториться 3,520461 0,001750
засчитать 2,357310 0,001172
пропустить 1,122566 0,000558
кошмар 2,827314 0,002810
lifestyl 2,490841 0,001238
такой 0,735450 0,000366
деть 0,619039 0,000923
битва 2,421849 0,001204
полуфинал 1,238078 0,001846
глимт 2,038856 0,007093
лига 0,325878 0,003239
хёуге 4,436752 0,002205
догнать 2,827314 0,001405
благодаря 1,441019 0,000716
вырвать 2,421849 0,002407
топ 1,238078 0,002461
маре 5,129899 0,002550
олимпиада 0,576022 0,009448
тот 0,393700 0,000391
календарь 0,675551 0,001007
трамплин 1,140915 0,001134
мексиканский 4,436752 0,004410
этери 2,564949 0,001275
история 0,270086 0,000403
таблица 0,711058 0,001414
длить 0,146292 0,000364
звезда 1,035554 0,001544
волевой 3,183989 0,001582
гордон 2,421849 0,003611
клубный 1,416327 0,000704
норвегия 1,279751 0,000636
принести 1,871802 0,000930
обновление 2,185460 0,001086
бой 1,279751 0,001272
реальный 1,871802 0,000930
чемпион 0,334108 0,001495
клебо 2,490841 0,002476
железо 2,357310 0,001172
катание 0,514778 0,000768
установление 3,338139 0,001659
занавес 5,129899 0,002550
как 0,232059 0,000346
первое 0,393700 0,000587
лыжа 0,925206 0,000920
условие 0,334108 0,000166
премьер 1,198073 0,001191
микаутадзе 4,031286 0,002004
расписание 1,664163 0,000827
думать 2,185460 0,001086
достижение 1,279751 0,000636
биннингтон 4,436752 0,002205
принять 0,786093 0,000391
ufc 1,441019 0,001432
третье 1,035554 0,001544
отыграться 2,357310 0,002343
микаэл 4,436752 0,002205
высокий 0,760451 0,000378
хамзат 2,296685 0,001141
яркий 1,762603 0,000876
сломаться 4,031286 0,002004
второй 0,576022 0,000573
задумываться 4,031286 0,002004
убогий 4,031286 0,002004
джордан 2,932674 0,002915
финал 0,699082 0,003127
аркадаг 3,520461 0,001750
новый 0,239550 0,000119
образ 1,178655 0,000586
рпл 1,140915 0,002268
тур 1,159607 0,016714
пояс 2,564949 0,001275
медальный 1,797694 0,004467
еще 0,167054 0,000332
происходить 1,466337 0,000729
теннис 0,475938 0,001419
выйти 0,773190 0,000769
болеть 2,644992 0,001315
dota 2,490841 0,001238
рувики 5,129899 0,002550
ахмат 1,198073 0,001786
ставка 0,799165 0,000397
успех 1,518981 0,000755
важный 0,986764 0,000490
полный 0,940244 0,002337
позор 2,732003 0,001358
александр 0,839439 0,000417
рейд 2,490841 0,001238
а 0,209918 0,000835
б 1,466337 0,000729
в 0,017911 0,000614
е 0,867219 0,000431
и 0,023953 0,000345
интер 1,633391 0,005683
джон 1,633391 0,000812
й 0,825834 0,007799
четверг 2,239527 0,001113
комо 2,421849 0,004815
к 0,132686 0,000198
велоспорт 1,178655 0,000586
м 0,534779 0,005847
альпинизм 1,301257 0,002587
о 0,042302 0,000231
п 1,086847 0,002161
с 0,036149 0,000305
побороться 3,050457 0,001516
она 0,597299 0,000891
mirror 4,031286 0,004007
перфлюенс 2,564949 0,001275
у 0,342407 0,001191
экс 1,994404 0,000991
мотоцикл 4,031286 0,002004
х 0,986764 0,001962
отыграть 2,564949 0,001275
авто 0,925206 0,000920
ю 1,834062 0,000912
я 0,747872 0,001487
футбол 0,247097 0,001105
мир 0,277868 0,001105
атлетика 0,955511 0,000950
регби 0,955511 0,000475
црвена 2,644992 0,001315
боец 1,797694 0,000893
конец 1,035554 0,001029
время 0,384967 0,000383
атлетико 1,911023 0,005699
трезольди 4,436752 0,002205
ооо 1,871802 0,002791
тренд 2,185460 0,001086
новгород 1,217876 0,002421
веселый 3,338139 0,001659
okko 2,357310 0,001172
гаджеты 2,421849 0,001204
мощный 2,038856 0,001013
мериде 3,520461 0,003499
обсуждать 1,797694 0,000893
восемь 1,695912 0,000843
шанс 1,258698 0,000626
сноуборд 1,178655 0,001172
показать 0,504926 0,000502
победить 0,699082 0,000347
сравнять 3,183989 0,001582
пляжный 1,603538 0,001594
крутой 2,239527 0,002226
мма 1,069456 0,002658
вшестером 4,436752 0,002205
паула 3,520461 0,003499
счет 0,799165 0,001192
олимпийский 0,342407 0,000511
оформить 2,134166 0,001061
млс 2,296685 0,001141
читать 0,555188 0,000828
генича 3,183989 0,003165
вендел 2,490841 0,001238
гран 1,518981 0,001510
командный 1,002764 0,000997
оценка 1,797694 0,000893
волейбол 0,955511 0,001425
видео 0,699082 0,003127
чехия 1,258698 0,000626
интересный 2,085376 0,001036
привезти 2,827314 0,001405
биатлон 0,485508 0,000724
плавание 1,178655 0,000586
перенести 1,633391 0,002435
оценить 1,603538 0,001594
эфир 1,695912 0,001686
заплакать 4,031286 0,002004
произвольный 1,994404 0,001983
момент 0,910391 0,000905
counter 1,911023 0,000950
шанхайский 2,564949 0,001275
помочь 1,238078 0,001231
букмекер 1,140915 0,001701
потерять 1,951845 0,000970
джин 2,038856 0,001013
дедлайном 4,436752 0,002205
японка 3,183989 0,001582
сойти 3,520461 0,001750
технология 0,786093 0,000391
ranym 2,564949 0,001275
швейцария 1,258698 0,002502
подобный 1,911023 0,000950
хау 4,436752 0,004410
хоккейный 1,416327 0,000704
девушка 1,797694 0,000893
скидка 2,185460 0,001086
преимущество 1,951845 0,000970
атака 1,762603 0,000876
скандал 1,279751 0,002544
результат 0,524729 0,000522
wta 2,038856 0,005067
мобильный 0,555188 0,000552
чех 3,183989 0,003165
деньга 1,951845 0,000970
большой 0,687247 0,000683
суоми 5,129899 0,002550
офф 1,019025 0,001519
забить 1,466337 0,005102
торпедо 1,574551 0,000783
реал 1,416327 0,000704
предстоять 3,338139 0,001659
стать 0,217244 0,000216
акрон 1,279751 0,001908
романо 3,183989 0,003165
возможно 1,664163 0,000827
вчера 1,518981 0,000755
керлинг 1,086847 0,001080
андреев 2,134166 0,001061
это 0,181139 0,000450
легендарный 1,871802 0,001861
синнер 2,932674 0,001458
рублевый 1,951845 0,000970
два 0,504926 0,000251
прыжок 0,940244 0,001402
бронза 1,728701 0,000859
strike 2,564949 0,001275
шиффрин 2,932674 0,001458
новость 0,285712 0,001704
раскрывать 4,031286 0,002004
доха 2,239527 0,003339
справиться 3,520461 0,003499
тошнить 4,436752 0,002205
оньедика 4,436752 0,002205
ссора 3,743604 0,001861
финляндия 1,323236 0,001973
финна 3,520461 0,001750
стыковой 1,911023 0,007599
политик 0,224624 0,000112
северсталь 2,038856 0,001013
брюгге 1,951845 0,005821
гауфф 3,520461 0,003499
падел 2,296685 0,001141
играть 0,895792 0,000445
фигурный 0,514778 0,000768
программа 0,799165 0,000794
ждать 1,492313 0,000742
эхо 3,743604 0,001861
размазать 3,520461 0,001750
сняться 2,564949 0,002550
релиз 1,911023 0,000950
разыгрываться 1,994404 0,000991
критика 1,951845 0,000970
первый 0,317714 0,000474
слалом 2,421849 0,001204
мхл 1,603538 0,001594
лист 2,564949 0,001275
пять 1,140915 0,000567
февраль 0,202645 0,002921
евротур 2,357310 0,001172
германий 0,723179 0,000359
игра 0,112619 0,000448
песня 3,338139 0,001659
переход 1,323236 0,001973
гайда 2,564949 0,001275
ответ 2,239527 0,001113
ставить 2,296685 0,001141
больший 0,457070 0,000227
высказаться 1,695912 0,000843
кто 0,747872 0,000743
мертенс 4,031286 0,004007
поединок 2,085376 0,001036
лилля 2,732003 0,001358
уралочки 4,031286 0,002004
событие 0,565551 0,000843
использование 0,277868 0,000138
неделя 1,217876 0,001211
самый 0,608110 0,001209
мотивация 2,357310 0,001172
рубин 1,198073 0,002977
камару 4,436752 0,002205
соревнование 0,411400 0,000204
закончиться 1,834062 0,000912
мчм 2,490841 0,001238
молодежный 1,159607 0,000576
зимний 0,663991 0,000660
балтика 1,217876 0,003027
близнец 4,031286 0,002004
мочь 0,350775 0,000174
метар 3,743604 0,001861
сам 0,747872 0,000372
борьба 0,723179 0,000719
приложение 1,574551 0,001565
сборная 0,342407 0,000851
квалификация 1,695912 0,002529
сараево 3,050457 0,001516
санный 1,301257 0,000647
женский 0,663991 0,001320
вообще 1,911023 0,000950
правило 0,986764 0,000490
паратриатлон 2,490841 0,001238
фристайл 1,238078 0,001231
гимнастика 1,198073 0,000595
уефа 1,466337 0,001458
кхл 0,760451 0,001134
призвать 2,085376 0,001036
пресс 0,895792 0,000445
смочь 1,069456 0,000532
кубок 0,376309 0,001870
третий 1,238078 0,001231
во 0,495170 0,000246
прогноз 1,994404 0,000991
парень 2,827314 0,001405
уже 0,687247 0,000683
дата 0,799165 0,000794
вернуться 0,986764 0,000490
вы 0,309617 0,000308
жалеть 4,436752 0,004410
барселона 1,416327 0,001408
ranymavgga 2,564949 0,001275
паря 1,217876 0,002421
россия 0,139466 0,001109
го 1,279751 0,002544
тест 1,546380 0,000769
спать 4,031286 0,002004
горячий 2,564949 0,001275
рекорд 0,955511 0,000475
свой 0,586604 0,000875
свое 0,457070 0,000909
чтобы 0,773190 0,000384
настольный 1,198073 0,000595
плей 1,002764 0,001495
разгромить 1,728701 0,001718
мегапредложение 4,436752 0,002205
еврокубок 2,296685 0,001141
перед 0,839439 0,000417
сайт 0,411400 0,000204
американский 0,910391 0,000452
полезный 1,695912 0,000843
мирра 2,239527 0,001113
другой 0,188256 0,000094
весить 1,911023 0,001900
трек 1,104547 0,001098
карабах 2,038856 0,004053
ее 0,723179 0,000719
реслинг 2,564949 0,001275
отдать 1,728701 0,001718
кино 2,134166 0,001061
кинг 2,239527 0,001113
шведка 3,520461 0,001750
филипп 2,564949 0,001275
ход 1,279751 0,001272
питание 2,239527 0,001113
баскетбол 0,723179 0,001797
тулицы 4,031286 0,002004
объяснять 3,183989 0,001582
паок 2,732003 0,001358
mls 2,421849 0,001204
краса 5,129899 0,002550
флаг 0,895792 0,000445
вид 0,393700 0,000587
сет 2,644992 0,001315
же 0,853233 0,000424
трасса 2,134166 0,002121
попасть 1,140915 0,001134
баринов 2,732003 0,001358
чемп 2,564949 0,001275
что 0,195425 0,000583
за 0,125952 0,001002
урок 2,932674 0,001458
фонтан 3,183989 0,001582
рейтинг 0,524729 0,002608
форма 1,086847 0,000540
медаль 0,619039 0,001538
зачет 1,416327 0,003520
американка 2,644992 0,003944
окончить 2,644992 0,017090
сид 2,490841 0,001238
чемпионство 2,185460 0,002172
дакар 2,421849 0,001204
петросян 1,441019 0,003581
из 0,106018 0,000422
мяч 0,735450 0,001828
наш 0,652562 0,000649
нба 1,546380 0,000769
их 0,799165 0,000397
наср 3,338139 0,001659
выбежать 2,932674 0,002915
над 0,986764 0,001962
комментарий 1,871802 0,000930
хоккей 0,285712 0,002130
объяснить 1,633391 0,001624
спартак 0,711058 0,002120
пистиолис 4,436752 0,002205
ворот 1,762603 0,002628
двоеборье 1,217876 0,000605
ска 1,279751 0,000636
тысячник 3,520461 0,001750
заметить 2,357310 0,001172
здоровье 1,323236 0,000658
николо 4,031286 0,002004
байер 1,994404 0,000991
рекомендательный 1,518981 0,000755
ски 1,069456 0,002126
серия 0,586604 0,001458
цска 0,711058 0,005301
ралли 2,357310 0,002343
ассист 4,436752 0,002205
пловец 3,183989 0,001582
адриано 3,520461 0,001750
подопечная 5,129899 0,002550
подлинный 4,031286 0,002004
реальность 3,520461 0,001750
суперлига 1,441019 0,002149
младший 1,911023 0,000950
лыжный 0,675551 0,000672
двое 2,296685 0,001141
который 0,325878 0,000486
конькобежный 1,140915 0,001134
легкий 0,895792 0,000890
спас 3,520461 0,001750
награда 1,279751 0,000636
ла 1,762603 0,000876
снукер 2,564949 0,001275
победа 0,420369 0,001671
ли 1,198073 0,000595
знание 1,951845 0,001940
судейство 1,871802 0,000930
паратхэквондо 2,490841 0,001238
побеждать 1,951845 0,000970
лч 2,185460 0,003259
хоэль 4,436752 0,006615
америка 1,279751 0,001908
рафаэль 2,296685 0,001141
мн 2,490841 0,001238
место 0,402511 0,000200
евробаскет 2,490841 0,001238
мх 1,728701 0,003437
титуловать 2,134166 0,002121
отдых 2,038856 0,001013
опоздание 2,932674 0,001458
мю 2,296685 0,002283
на 0,023953 0,000524
водный 0,723179 0,000359
комплект 1,911023 0,000950
не 0,099461 0,000544
форвард 1,871802 0,003721
любитель 1,238078 0,000615
но 0,402511 0,000400
спастись 3,183989 0,003165
намерен 3,050457 0,001516
норвежский 1,345709 0,001338
шокировать 3,050457 0,001516
аль 2,644992 0,001315
русская 1,797694 0,001787
об 0,217244 0,000216
уровень 1,086847 0,000540
вулверхэмптон 2,564949 0,001275
ои 0,812411 0,003230
он 0,475938 0,000473
мужчина 0,812411 0,001615
смеяться 3,743604 0,001861
от 0,160085 0,000716
попырин 4,031286 0,002004
статистика 0,630089 0,000313
бокс 0,534779 0,001329
невозможно 2,564949 0,001275
слать 1,728701 0,000859
все 0,067304 0,000401
проснуться 4,031286 0,002004
алькарас 2,134166 0,002121
объявить 1,492313 0,000742
по 0,073653 0,000293
информация 0,608110 0,000302
травма 1,122566 0,003348
круг 1,392229 0,000692
амбициозный 3,520461 0,001750
круглосуточный 2,564949 0,001275
втб 1,834062 0,000912
эстафета 1,871802 0,002791
какой 1,002764 0,001495
ордоньес 4,031286 0,006011
переть 0,359214 0,000357
леванте 2,932674 0,005830
источник 0,786093 0,000391
