париж 1,392229 0,000865
джордан 2,932674 0,007291
финал 0,699082 0,000434
зажечь 3,743604 0,002327
формула 1,574551 0,003914
новый 0,239550 0,000447
образ 1,178655 0,000733
рпл 1,140915 0,001418
найти 1,122566 0,000698
тур 1,159607 0,000721
медальный 1,797694 0,002235
еще 0,167054 0,000415
теннис 0,475938 0,000887
любить 1,466337 0,000911
dota 2,490841 0,001548
ребенок 1,323236 0,002467
прощальный 4,031286 0,002505
вокруг 2,296685 0,001427
ставка 0,799165 0,000497
центр 0,773190 0,001442
анонсировать 3,338139 0,002075
йорк 2,239527 0,001392
полный 0,940244 0,001169
обманчивый 5,129899 0,003188
пол 0,910391 0,000566
рейд 2,490841 0,001548
а 0,209918 0,000652
адетокунбо 5,129899 0,003188
человек 0,940244 0,001169
в 0,017911 0,000557
драфта 3,520461 0,002188
е 0,867219 0,000539
реклама 0,687247 0,001709
фото 0,799165 0,000993
и 0,023953 0,000387
четверг 2,239527 0,001392
голосовать 3,338139 0,002075
к 0,132686 0,000165
велоспорт 1,178655 0,000733
альпинизм 1,301257 0,002426
о 0,042302 0,000237
вероятность 3,338139 0,004149
с 0,036149 0,000652
сейчас 1,104547 0,000686
суд 2,421849 0,003010
четвертьфинал 1,279751 0,000795
перфлюенс 2,564949 0,001594
у 0,342407 0,000213
мотоцикл 4,031286 0,002505
х 0,986764 0,001227
авто 0,925206 0,000575
сезон 0,723179 0,003146
ты 1,871802 0,001163
они 0,524729 0,000326
бросить 3,050457 0,001896
я 0,747872 0,000465
поп 1,664163 0,001034
футбол 0,247097 0,000614
мир 0,277868 0,001554
атлетика 0,955511 0,001188
эксперимент 4,031286 0,002505
читатель 3,050457 0,001896
вхл 1,664163 0,001034
регби 0,955511 0,000594
ум 3,520461 0,002188
информационный 1,122566 0,000698
теперь 0,971016 0,001810
русский 0,760451 0,000473
дабл 3,743604 0,009307
входить 1,258698 0,000782
легионер 2,490841 0,004644
црвена 2,644992 0,001644
возмужание 5,129899 0,003188
время 0,384967 0,000239
билль 2,296685 0,001427
ооо 1,871802 0,003490
тренд 2,185460 0,001358
новгород 1,217876 0,001514
reuter 4,031286 0,010022
йовица 5,129899 0,003188
пробовать 5,129899 0,003188
okko 2,357310 0,001465
гаджеты 2,421849 0,001505
мощный 2,038856 0,001267
главный 0,565551 0,002109
проблема 1,122566 0,002093
леброна 4,436752 0,008272
ситуация 1,392229 0,000865
начальник 2,732003 0,001698
шайба 0,986764 0,000613
rds 1,911023 0,001188
голден 2,357310 0,002930
обсуждать 1,797694 0,001117
честно 3,050457 0,001896
италия 0,524729 0,000326
футзал 2,085376 0,001296
подробность 2,239527 0,001392
bellat 2,490841 0,001548
isu 1,603538 0,000997
тримбл 5,129899 0,015941
россиянин 0,971016 0,000603
правовой 2,038856 0,001267
выступить 1,238078 0,002308
сноуборд 1,178655 0,001465
показать 0,504926 0,000628
победить 0,699082 0,002607
пляжный 1,603538 0,001993
мма 1,069456 0,001994
овертайме 2,038856 0,005069
инна 2,296685 0,004282
задача 1,546380 0,001922
ncaa 4,436752 0,002757
кремль 2,421849 0,001505
олимпизм 1,466337 0,000911
олимпийский 0,342407 0,000213
карьер 0,925206 0,000575
млс 2,296685 0,001427
летие 2,421849 0,001505
система 0,799165 0,000497
ставочного 5,129899 0,003188
изменить 1,728701 0,001074
сумма 1,518981 0,000944
дэвис 1,633391 0,001015
гонка 0,853233 0,001591
гран 1,518981 0,001888
ивица 4,031286 0,002505
карри 2,421849 0,001505
волейбол 0,955511 0,001188
раздевалка 2,421849 0,001505
различие 3,050457 0,005688
видео 0,699082 0,003476
мотогонка 2,490841 0,001548
жевательный 5,129899 0,003188
биатлон 0,485508 0,000905
плавание 1,178655 0,000733
чм 1,492313 0,002782
воспитанник 2,239527 0,001392
оценить 1,603538 0,001993
жесткий 1,728701 0,002149
эфир 1,695912 0,002108
нация 1,797694 0,001117
локомотив 0,839439 0,001565
live 1,492313 0,000927
последний 0,376309 0,000468
майкл 2,239527 0,005568
журналист 1,951845 0,001213
минута 0,940244 0,000584
срочный 3,743604 0,002327
counter 1,911023 0,001188
содружество 1,518981 0,000944
юта 3,520461 0,002188
помочь 1,238078 0,001539
уникс 4,031286 0,002505
даллас 2,296685 0,004282
перезапуск 5,129899 0,003188
букмекер 1,140915 0,002127
тереть 0,786093 0,001954
заявить 1,140915 0,000709
сша 0,586604 0,002917
ресурс 0,812411 0,000505
джин 2,038856 0,001267
южный 1,159607 0,000721
недостаток 1,574551 0,000979
сойти 3,520461 0,002188
среда 1,871802 0,001163
данка 5,129899 0,003188
технология 0,786093 0,000489
ranym 2,564949 0,001594
киберспорт 1,762603 0,001095
финиш 2,185460 0,001358
седоковой 3,520461 0,006564
сезонный 5,129899 0,003188
король 2,490841 0,001548
эксклюзив 2,357310 0,004395
самбо 1,994404 0,001240
скидка 2,185460 0,001358
преимущество 1,951845 0,003639
чарания 5,129899 0,003188
трансфер 1,492313 0,001855
баскетболист 2,239527 0,002784
brave 2,564949 0,001594
официально 1,159607 0,002162
результат 0,524729 0,000978
скандал 1,279751 0,001591
wta 2,038856 0,003801
мобильный 0,555188 0,000690
чемпионский 1,574551 0,001957
поучаствовать 3,183989 0,001979
лицо 1,695912 0,001054
команда 0,262364 0,000489
большой 0,687247 0,002136
ranynuevrg 2,564949 0,001594
тиммы 3,520461 0,006564
лос 1,518981 0,000944
удивить 2,827314 0,003514
конференция 1,392229 0,000865
возвращение 1,466337 0,003645
очко 1,416327 0,003521
самар 2,296685 0,002855
зенит 0,867219 0,003773
pfl 2,421849 0,001505
суперкар 2,564949 0,001594
очки 0,940244 0,000584
единый 1,104547 0,008924
нормально 4,031286 0,002505
даниил 1,728701 0,001074
стать 0,217244 0,000270
устроить 2,644992 0,001644
шэмс 5,129899 0,003188
скелетон 1,258698 0,000782
потенциал 3,183989 0,001979
топовый 3,050457 0,001896
вчера 1,518981 0,000944
керлинг 1,086847 0,000675
лайве 5,129899 0,003188
обращение 0,910391 0,001132
это 0,181139 0,000788
подкасте 4,031286 0,002505
рублевый 1,951845 0,001213
романтичный 5,129899 0,003188
слово 1,035554 0,000644
рост 0,812411 0,000505
прыжок 0,940244 0,001169
реально 3,338139 0,002075
прямой 1,695912 0,001054
strike 2,564949 0,001594
новость 0,285712 0,002308
раскрывать 4,031286 0,002505
слив 5,129899 0,003188
доха 2,239527 0,001392
сделка 3,050457 0,001896
его 0,447767 0,001113
справиться 3,520461 0,002188
тренер 0,555188 0,002070
жизнь 0,881403 0,000548
только 0,447767 0,000278
михайловский 4,031286 0,005011
стефен 2,564949 0,001594
com 0,925206 0,000575
шорты 1,035554 0,000644
сериал 2,185460 0,001358
нхл 0,925206 0,000575
элитный 2,732003 0,001698
или 0,576022 0,001432
анджелес 1,492313 0,000927
стэйт 2,421849 0,003010
триггер 5,129899 0,003188
турнир 0,293617 0,001460
чикаго 3,183989 0,001979
горнолыжный 1,301257 0,001617
аравия 1,834062 0,001140
исполниться 3,338139 0,002075
табло 2,357310 0,001465
дрифт 2,421849 0,001505
данков 4,031286 0,002505
испытать 3,520461 0,002188
канал 1,416327 0,000880
считать 1,279751 0,000795
политик 0,224624 0,000140
буква 2,357310 0,001465
репутация 2,827314 0,001757
почему 1,122566 0,004186
енисей 2,296685 0,004282
касаткин 2,357310 0,001465
хороший 0,393700 0,000979
подкачать 5,129899 0,003188
колено 2,296685 0,004282
секуличем 5,129899 0,006377
много 0,735450 0,000457
тренировка 0,895792 0,000557
падел 2,296685 0,001427
когда 0,652562 0,000406
отреагировать 2,085376 0,001296
говорят 2,827314 0,001757
фигурный 0,514778 0,000960
ждать 1,492313 0,004637
конфиденциальность 0,293617 0,000182
паралимпиада 2,490841 0,001548
гандбол 1,122566 0,000698
защитник 1,217876 0,001514
релиз 1,911023 0,001188
шахматы 1,834062 0,001140
чего 1,345709 0,000836
первый 0,317714 0,000197
паралимпиаде 2,490841 0,001548
мхл 1,603538 0,000997
итог 0,867219 0,000539
февраль 0,202645 0,003652
евротур 2,357310 0,001465
яннис 2,490841 0,001548
германий 0,723179 0,000449
никто 1,574551 0,000979
игра 0,112619 0,000140
произношение 5,129899 0,003188
капитан 1,574551 0,000979
вау 4,436752 0,002757
переход 1,323236 0,002467
против 0,747872 0,000930
профессиональный 1,052361 0,000654
гайда 2,564949 0,001594
главное 0,524729 0,000326
фифа 1,728701 0,001074
ведь 3,050457 0,001896
любительский 1,416327 0,000880
больший 0,457070 0,000284
высказаться 1,695912 0,008432
перевести 2,644992 0,001644
кто 0,747872 0,000465
баз 1,664163 0,002069
активный 1,546380 0,000961
уралмаш 3,520461 0,004376
лилля 2,732003 0,001698
раскрыть 1,871802 0,004653
событие 0,565551 0,000703
использование 0,277868 0,000173
англия 1,238078 0,000769
неделя 1,217876 0,003028
самый 0,608110 0,001134
мотивация 2,357310 0,001465
деян 4,031286 0,005011
конкурс 2,357310 0,002930
слава 1,871802 0,001163
championat 1,834062 0,001140
быть 0,119263 0,000371
окко 2,490841 0,001548
мчм 2,490841 0,001548
ценный 3,183989 0,001979
арсич 5,129899 0,009565
малика 4,436752 0,002757
зало 1,797694 0,001117
реванш 2,185460 0,001358
молодежный 1,159607 0,000721
вести 1,238078 0,003078
есть 0,812411 0,000505
конкуренция 2,038856 0,001267
спорт 0,125952 0,000626
таки 2,296685 0,001427
ледовый 1,994404 0,001240
задуматься 3,743604 0,002327
франция 0,675551 0,000420
обозначить 2,827314 0,005272
шоу 1,441019 0,004478
сам 0,747872 0,000930
борьба 0,723179 0,000899
сказать 1,368699 0,001701
приложение 1,574551 0,001957
переехать 2,932674 0,001823
сборная 0,342407 0,000851
уверить 2,085376 0,001296
циципас 2,134166 0,001326
глава 1,122566 0,000698
санный 1,301257 0,000809
женский 0,663991 0,000825
правило 0,986764 0,000613
сорваться 3,743604 0,002327
паратриатлон 2,490841 0,001548
фристайл 1,238078 0,001539
удаться 1,994404 0,001240
гимнастика 1,198073 0,000745
известный 0,986764 0,000613
уефа 1,466337 0,001823
дать 0,608110 0,000378
снайпер 2,644992 0,001644
кхл 0,760451 0,000945
пресс 0,895792 0,000557
почтить 1,279751 0,000795
возможный 1,392229 0,000865
фаза 3,050457 0,001896
смысл 3,183989 0,001979
смочь 1,069456 0,001994
рассмешить 5,129899 0,003188
кубок 0,376309 0,002339
легенда 1,416327 0,001761
рубеж 2,421849 0,001505
спортивный 0,301585 0,000187
во 0,495170 0,000615
женщина 0,663991 0,000413
игрок 0,711058 0,003977
прогноз 1,994404 0,001240
опасно 3,743604 0,002327
рая 5,129899 0,003188
хранение 2,564949 0,006377
rss 2,085376 0,002592
вернуться 0,986764 0,000613
чемпионат 0,188256 0,001989
ватутин 4,436752 0,027575
вы 0,309617 0,000385
остаток 3,338139 0,006224
упустить 2,644992 0,004932
киберклубы 2,564949 0,001594
российский 0,224624 0,000279
ranymavgga 2,564949 0,001594
паря 1,217876 0,001514
испания 1,159607 0,001441
цель 1,238078 0,000769
выиграть 0,485508 0,000302
речь 2,932674 0,001823
версия 0,393700 0,000734
узнать 2,134166 0,001326
россия 0,139466 0,001560
рутина 5,129899 0,003188
тест 1,546380 0,000961
горячий 2,564949 0,001594
рано 3,050457 0,001896
нью 2,185460 0,001358
судебный 3,520461 0,002188
представление 3,183989 0,001979
трёхочковый 4,436752 0,002757
свой 0,586604 0,000365
пройтись 4,436752 0,002757
последниевсе 2,564949 0,001594
свое 0,457070 0,000852
да 1,911023 0,001188
назвать 0,940244 0,004091
настольный 1,198073 0,000745
уикенда 4,436752 0,002757
радоньич 5,129899 0,006377
отрыв 2,932674 0,007291
еврокубок 2,296685 0,001427
перед 0,839439 0,001043
кириленко 3,743604 0,011633
чека 5,129899 0,003188
сайт 0,411400 0,000256
американский 0,910391 0,001697
между 0,955511 0,001782
до 0,239550 0,000149
детройт 3,338139 0,002075
полезный 1,695912 0,001054
колледж 2,827314 0,001757
файл 2,827314 0,001757
намерение 3,520461 0,004376
нэвелс 5,129899 0,003188
другой 0,188256 0,000234
соответствие 1,002764 0,000623
трек 1,104547 0,000686
европа 0,393700 0,001223
atp 1,994404 0,003719
оставаться 1,301257 0,000809
ожидание 2,932674 0,001823
завтра 1,951845 0,001213
евро 1,466337 0,000911
реслинг 2,564949 0,001594
кино 2,134166 0,001326
баскетбольный 2,564949 0,001594
erid 2,239527 0,004176
кинг 2,239527 0,001392
пока 1,159607 0,000721
питание 2,239527 0,001392
посол 0,301585 0,000375
баскетбол 0,723179 0,004495
багамы 5,129899 0,012753
дебют 2,239527 0,001392
трижды 2,827314 0,001757
заседание 2,564949 0,001594
клуб 0,652562 0,003245
паок 2,732003 0,001698
неожиданно 3,050457 0,001896
дуэль 4,031286 0,002505
саудовский 1,834062 0,001140
mls 2,421849 0,001505
знать 1,345709 0,001673
сущность 3,743604 0,002327
mdvh 2,564949 0,001594
фортуна 2,421849 0,001505
вид 0,393700 0,000734
нижний 0,955511 0,001188
евролига 1,664163 0,005171
android 2,185460 0,001358
радоньичем 5,129899 0,006377
регулярке 3,743604 0,002327
чемп 2,564949 0,001594
что 0,195425 0,000850
покинуть 1,871802 0,001163
эксперт 2,134166 0,001326
слэм 4,031286 0,002505
за 0,125952 0,001174
урок 2,932674 0,003645
канада 0,867219 0,001078
бобслей 1,217876 0,000757
рейтинг 0,524729 0,002935
сельта 2,932674 0,001823
медаль 0,619039 0,000385
трансляция 1,217876 0,000757
накал 5,129899 0,003188
зачет 1,416327 0,001761
дэмьен 5,129899 0,003188
центровой 3,743604 0,002327
окончить 2,644992 0,001644
сид 2,490841 0,001548
хайкин 3,050457 0,001896
зависеть 2,185460 0,001358
применяться 1,217876 0,000757
если 0,675551 0,000420
статья 0,495170 0,000308
музыкант 3,520461 0,002188
медведев 1,633391 0,001015
дакар 2,421849 0,001505
петросян 1,441019 0,000896
зубац 5,129899 0,003188
из 0,106018 0,000593
странный 2,490841 0,001548
play 1,441019 0,000896
гарретт 5,129899 0,003188
лилларда 5,129899 0,003188
юбилейный 3,338139 0,004149
мяч 0,735450 0,000457
наш 0,652562 0,000811
ответить 1,664163 0,007240
подколоть 5,129899 0,003188
восходить 3,050457 0,003792
серьезный 1,633391 0,002030
нба 1,546380 0,037482
над 0,986764 0,000613
фол 2,827314 0,001757
контакт 1,035554 0,000644
ови 2,490841 0,001548
демин 2,827314 0,012300
тема 1,104547 0,000686
хоккей 0,285712 0,001243
егор 1,951845 0,004852
пистиолис 4,436752 0,008272
двоеборье 1,217876 0,000757
здоровье 1,323236 0,000822
закрытый 1,911023 0,001188
кливленд 3,743604 0,002327
рекомендательный 1,518981 0,000944
прочий 1,069456 0,006647
ски 1,069456 0,001994
серия 0,586604 0,000365
адвокат 3,743604 0,006980
цска 0,711058 0,009280
ралли 2,357310 0,002930
переговоры 2,239527 0,004176
марихуана 4,436752 0,011030
актуальный 1,546380 0,002883
овечкин 1,695912 0,001054
будущее 1,664163 0,001034
год 0,099461 0,000124
обратиться 2,732003 0,003396
подлинный 4,031286 0,002505
контракт 1,258698 0,000782
международный 0,466460 0,000870
поступок 3,050457 0,001896
андрей 1,258698 0,010952
интера 2,732003 0,001698
матч 0,293617 0,004015
суперлига 1,441019 0,001791
инсайд 3,050457 0,001896
бизли 5,129899 0,003188
соперник 0,853233 0,001061
младший 1,911023 0,001188
мба 3,183989 0,015831
мая 0,986764 0,004906
решить 1,392229 0,000865
лыжный 0,675551 0,000840
который 0,325878 0,000405
конькобежный 1,140915 0,000709
легкий 0,895792 0,001113
задержать 2,644992 0,006575
снукер 2,564949 0,001594
ли 1,198073 0,002234
знание 1,951845 0,002426
паратхэквондо 2,490841 0,001548
выбрать 1,323236 0,000822
предстоящий 2,239527 0,002784
рассказать 1,122566 0,000698
сегодня 0,881403 0,001643
пропустить 1,122566 0,002093
предпочесть 4,031286 0,002505
создать 0,773190 0,000961
острый 3,338139 0,004149
lifestyl 2,490841 0,001548
интрига 3,520461 0,004376
цифра 2,421849 0,001505
америка 1,279751 0,002386
понять 3,183989 0,003958
резинка 5,129899 0,003188
налоговый 4,031286 0,002505
забрало 3,338139 0,002075
арена 1,104547 0,002059
нужный 1,834062 0,001140
фантастика 5,129899 0,003188
кайри 2,490841 0,004644
неожиданный 2,296685 0,001427
герой 2,732003 0,001698
усвоить 4,436752 0,002757
евробаскет 2,490841 0,001548
отправить 1,871802 0,001163
лига 0,325878 0,005266
никакой 2,085376 0,001296
ради 2,421849 0,001505
благодаря 1,441019 0,000896
отдых 2,038856 0,001267
лишить 2,421849 0,001505
анне 4,031286 0,005011
на 0,023953 0,000357
топ 1,238078 0,003078
олимпиада 0,576022 0,001432
водный 0,723179 0,000449
тот 0,393700 0,000489
анна 1,695912 0,001054
не 0,099461 0,000742
рыжов 4,436752 0,002757
календарь 0,675551 0,000420
трамплин 1,140915 0,001418
каждый 0,812411 0,000505
ни 1,603538 0,000997
частить 1,664163 0,001034
чудовищный 5,129899 0,003188
онлайн 0,773190 0,000481
любитель 1,238078 0,001539
но 0,402511 0,000250
ну 2,827314 0,001757
история 0,270086 0,000336
таблица 0,711058 0,000442
ирвинг 2,490841 0,004644
идеальный 2,644992 0,001644
нестабильный 3,338139 0,002075
длить 0,146292 0,000455
звезда 1,035554 0,008367
клубный 1,416327 0,000880
русская 1,797694 0,002235
уровень 1,086847 0,001351
ои 0,812411 0,002020
формат 1,871802 0,002327
бой 1,279751 0,000795
название 1,035554 0,000644
мужчина 0,812411 0,000505
семья 2,085376 0,003888
чемпион 0,334108 0,001038
джеймс 1,911023 0,003563
от 0,160085 0,000497
бокс 0,534779 0,000997
трофей 1,871802 0,001163
железо 2,357310 0,001465
слать 1,728701 0,001074
катание 0,514778 0,000960
бесконечный 3,743604 0,002327
слышать 3,743604 0,002327
как 0,232059 0,000288
первое 0,393700 0,000489
лыжа 0,925206 0,001725
все 0,067304 0,000418
условие 0,334108 0,000208
по 0,073653 0,000275
прорывной 5,129899 0,003188
достоинство 3,520461 0,002188
расписание 1,664163 0,001034
информация 0,608110 0,000378
эпштейн 4,031286 0,002505
травма 1,122566 0,002093
дюрант 4,436752 0,002757
круглосуточный 2,564949 0,001594
втб 1,834062 0,001140
партнер 1,159607 0,000721
жбан 5,129899 0,009565
очень 1,140915 0,000709
ufc 1,441019 0,000896
мем 4,436752 0,002757
руженцев 5,129899 0,006377
способ 1,728701 0,001074
какой 1,002764 0,000623
уходить 2,134166 0,001326
яркий 1,762603 0,002191
второй 0,576022 0,000716
переть 0,359214 0,000447
