ямаль 2,421849 0,001510
состояться 1,140915 0,000711
формула 1,574551 0,000982
нокаут 2,827314 0,003525
ухо 3,183989 0,001985
найти 1,122566 0,001400
письмо 1,911023 0,001191
пакьяо 4,031286 0,002513
любить 1,466337 0,001828
апл 1,871802 0,001167
вероятно 3,520461 0,002195
смущать 4,436752 0,002766
чуть 2,357310 0,001470
царствование 5,129899 0,003198
усман 4,031286 0,005027
ризван 5,129899 0,003198
нетс 2,564949 0,001599
пол 0,910391 0,001703
систематизация 2,564949 0,001599
пусть 2,827314 0,001763
дубай 2,185460 0,001363
подробный 0,687247 0,000428
реклама 0,687247 0,000428
трусов 2,490841 0,001553
фото 0,799165 0,002491
задушить 4,436752 0,005532
seri 2,085376 0,001300
устюгов 2,490841 0,001553
нога 1,664163 0,001038
взвеситься 5,129899 0,003198
ты 1,871802 0,002334
металлург 1,834062 0,001143
серхио 2,296685 0,001432
хэмилтон 2,490841 0,001553
булла 2,357310 0,001470
поп 1,664163 0,001038
rcc 4,436752 0,002766
титульный 2,185460 0,004088
лейкерс 2,239527 0,001396
трибунепрожектор 2,644992 0,001649
пройти 0,544931 0,000340
врезаться 3,520461 0,002195
вхл 1,664163 0,001038
информационный 1,122566 0,000700
теперь 0,971016 0,001211
житель 2,932674 0,001828
бакс 2,564949 0,001599
латыпов 2,564949 0,001599
драка 2,134166 0,001331
ромеро 4,436752 0,002766
называть 1,258698 0,000785
майк 3,338139 0,002081
весовой 2,932674 0,001828
октагону 5,129899 0,003198
zuffa 4,031286 0,002513
пиршество 3,743604 0,002334
про 1,301257 0,000811
фе 2,644992 0,001649
винисиус 2,296685 0,001432
самедов 4,031286 0,002513
филадельфия 2,239527 0,001396
s 1,664163 0,001038
подарок 2,827314 0,001763
главный 0,565551 0,000353
адетокумбо 2,564949 0,001599
роберт 2,185460 0,001363
rds 1,911023 0,002383
псж 1,518981 0,001894
италия 0,524729 0,000654
коннор 2,357310 0,001470
дмитрий 1,258698 0,000785
джефф 3,050457 0,001902
knuckl 4,031286 0,002513
кантемир 5,129899 0,003198
isu 1,603538 0,001000
прием 1,911023 0,001191
руслан 2,564949 0,001599
единоборство 1,994404 0,001243
россиянин 0,971016 0,001211
претендент 2,296685 0,001432
находиться 0,925206 0,000577
территория 1,518981 0,000947
чимаев 2,357310 0,001470
вакансиирекламаподдержка 2,644992 0,001649
биволом 4,031286 0,002513
себя 0,597299 0,000745
алекс 2,185460 0,001363
система 0,799165 0,000996
стердаун 5,129899 0,003198
paramount 5,129899 0,003198
дэвис 1,633391 0,002037
дзюба 2,134166 0,001331
надеяться 2,421849 0,001510
макдэвид 2,421849 0,001510
кучер 2,357310 0,001470
один 0,342407 0,000213
дюрэнт 2,564949 0,001599
гаррос 2,421849 0,001510
сундлинг 2,421849 0,001510
пятка 3,743604 0,002334
жесткий 1,728701 0,001078
хотеться 3,183989 0,001985
уимблдон 2,421849 0,001510
часть 1,104547 0,000689
локомотив 0,839439 0,000523
арин 2,357310 0,001470
последний 0,376309 0,000235
майкл 2,239527 0,001396
семененко 2,644992 0,001649
надеть 3,183989 0,001985
содружество 1,518981 0,000947
авангард 2,038856 0,001271
архив 1,198073 0,000747
wada 3,338139 0,002081
дарья 1,951845 0,001217
арсенал 1,323236 0,000825
соглашениеполитика 2,644992 0,001649
сша 0,586604 0,000731
ферстаппен 2,490841 0,001553
challeng 2,296685 0,001432
киберспорт 1,762603 0,001099
артур 1,664163 0,002075
самбо 1,994404 0,002487
карлссон 2,564949 0,001599
вечер 2,421849 0,001510
куклина 2,644992 0,001649
индикар 2,564949 0,001599
мотивировать 3,520461 0,002195
нравиться 2,932674 0,001828
ливерпуль 1,951845 0,001217
видеоспортс 2,644992 0,004947
чувак 5,129899 0,003198
команда 0,262364 0,000981
екатерина 2,134166 0,001331
лос 1,518981 0,002841
новичок 1,797694 0,001121
одобрять 5,129899 0,003198
швыряться 5,129899 0,003198
панарин 2,357310 0,001470
зенит 0,867219 0,001081
коснуться 2,490841 0,001553
боттас 2,490841 0,001553
единый 1,104547 0,000689
мадрид 1,762603 0,001099
сидень 1,994404 0,001243
подготовка 1,178655 0,001470
нурмагомед 2,357310 0,001470
вapp 2,644992 0,001649
устроить 2,644992 0,001649
кросби 1,994404 0,001243
топовый 3,050457 0,001902
мерседес 2,421849 0,001510
леклер 2,490841 0,001553
top 1,695912 0,002115
юфс 5,129899 0,003198
украинский 1,797694 0,001121
слово 1,035554 0,000646
кроссовок 4,436752 0,005532
еда 2,827314 0,001763
джейк 4,031286 0,005027
мисс 4,436752 0,002766
вашингтон 1,994404 0,001243
взять 1,159607 0,000723
его 0,447767 0,002512
хвича 2,490841 0,001553
только 0,447767 0,000558
жизнь 0,881403 0,001099
морэнт 2,644992 0,001649
вероятный 4,031286 0,002513
головин 1,695912 0,002115
шорты 1,035554 0,000646
нхл 0,925206 0,000577
стэйт 2,421849 0,001510
ландо 2,564949 0,001599
турнир 0,293617 0,001831
относиться 1,368699 0,000853
почему 1,122566 0,002100
эш 4,436752 0,002766
касаткин 2,357310 0,001470
хороший 0,393700 0,000982
бразилец 2,239527 0,001396
нэтан 2,564949 0,001599
красный 1,069456 0,000667
готовиться 2,296685 0,001432
цзю 4,436752 0,002766
миранчук 2,357310 0,001470
мейвезера 3,743604 0,002334
пираев 4,436752 0,002766
блоги 2,296685 0,001432
ребята 2,932674 0,001828
спрашивать 3,743604 0,002334
отдохнуть 4,031286 0,002513
след 3,183989 0,001985
растворяться 3,520461 0,002195
лаборатория 2,644992 0,001649
никто 1,574551 0,000982
and 1,762603 0,001099
прикончить 5,129899 0,003198
брюс 3,743604 0,002334
против 0,747872 0,000466
главное 0,524729 0,000327
так 0,597299 0,000372
федерация 0,495170 0,000309
фернандо 2,239527 0,001396
винисиусом 2,564949 0,001599
интервью 0,971016 0,001211
где 0,675551 0,000421
наверное 3,520461 0,002195
бундеслига 2,134166 0,001331
пощекотать 5,129899 0,003198
подписывать 3,520461 0,002195
лыжник 2,085376 0,001300
участвовать 0,955511 0,000596
маверикс 2,564949 0,001599
сообщить 0,447767 0,000279
быть 0,119263 0,000446
sport 0,760451 0,001896
расселл 2,296685 0,001432
тутберидзе 2,085376 0,001300
вегасе 3,520461 0,002195
прожектор 3,183989 0,001985
есть 0,812411 0,000506
вести 1,238078 0,000772
спорт 0,125952 0,000628
емельяненко 2,421849 0,006040
коляда 2,644992 0,001649
моралес 4,436752 0,002766
франция 0,675551 0,001264
этот 0,350775 0,000437
функционер 2,644992 0,001649
шоу 1,441019 0,000898
каррано 5,129899 0,003198
царукяном 5,129899 0,003198
четыре 0,910391 0,000568
сказать 1,368699 0,001707
казахстанский 2,296685 0,001432
друг 1,518981 0,000947
куниев 5,129899 0,003198
night 4,031286 0,002513
швеция 1,035554 0,001937
джокович 2,421849 0,001510
вирусный 4,436752 0,002766
сбор 1,368699 0,000853
глава 1,122566 0,000700
стердауна 5,129899 0,003198
непобежденный 3,183989 0,001985
джордж 1,994404 0,001243
уайт 3,520461 0,002195
перестройка 2,827314 0,001763
бурдж 4,436752 0,002766
миронов 2,644992 0,001649
сложиться 2,490841 0,001553
отправлять 4,031286 0,002513
спортивный 0,301585 0,000376
игрок 0,711058 0,000443
женщина 0,663991 0,003726
пользовательский 2,185460 0,001363
чимаева 3,520461 0,004390
аделий 1,871802 0,001167
впервые 0,839439 0,000523
базовый 2,490841 0,001553
раз 0,485508 0,000303
чемпионат 0,188256 0,000587
пиастри 2,564949 0,001599
магазин 2,038856 0,001271
кирилл 1,695912 0,001057
российский 0,224624 0,000840
денвер 2,296685 0,001432
ошибаться 4,436752 0,002766
версия 0,393700 0,000491
карлос 2,134166 0,002661
джошуа 2,357310 0,001470
интернет 1,574551 0,000982
пахан 5,129899 0,003198
макларен 2,490841 0,001553
карен 2,357310 0,001470
ледниковый 2,564949 0,001599
фрид 2,644992 0,001649
израиль 2,085376 0,002600
платить 2,732003 0,001703
назвать 0,940244 0,001172
без 0,466460 0,000582
харден 2,644992 0,001649
между 0,955511 0,000596
приключение 4,436752 0,002766
проигрывать 2,357310 0,002939
европа 0,393700 0,000245
ямал 4,031286 0,002513
наказать 2,421849 0,001510
загрузить 1,994404 0,004974
сеть 1,258698 0,000785
валяться 5,129899 0,003198
редакция 0,940244 0,000586
блог 2,357310 0,007348
запретить 1,178655 0,000735
ислам 2,038856 0,003813
посол 0,301585 0,000188
манчестер 2,085376 0,001300
имавов 5,129899 0,003198
период 1,035554 0,000646
гагарин 2,085376 0,001300
знать 1,345709 0,000839
мария 1,834062 0,001143
бавария 1,994404 0,001243
евролига 1,664163 0,001038
оаэ 2,357310 0,001470
километр 1,951845 0,001217
астон 2,185460 0,001363
краснодар 0,867219 0,000541
шейх 4,031286 0,002513
канада 0,867219 0,000541
согласиться 2,357310 0,001470
трансляция 1,217876 0,000759
кингс 5,129899 0,003198
прокат 1,951845 0,001217
никита 1,492313 0,000930
применяться 1,217876 0,000759
монетизация 2,644992 0,001649
федор 1,871802 0,002334
если 0,675551 0,001264
верить 2,296685 0,001432
укусить 5,129899 0,003198
йокич 2,644992 0,001649
медведев 1,633391 0,001018
time 2,357310 0,001470
отношение 1,301257 0,000811
странный 2,490841 0,001553
play 1,441019 0,000898
биатлонист 1,994404 0,001243
эдуард 2,085376 0,001300
получить 0,384967 0,000240
крюгер 2,644992 0,001649
исключительно 2,357310 0,001470
фраза 3,520461 0,002195
наггетс 2,490841 0,001553
хачанов 2,296685 0,001432
рахмон 2,564949 0,001599
встряска 3,183989 0,001985
йоэлем 5,129899 0,003198
ролан 2,239527 0,001396
прочий 1,069456 0,000667
вембаньяма 2,644992 0,001649
год 0,099461 0,000372
лагер 5,129899 0,003198
мерфи 5,129899 0,003198
блиц 4,436752 0,002766
контракт 1,258698 0,001569
международный 0,466460 0,000291
андрей 1,258698 0,002354
australian 2,185460 0,001363
мая 0,986764 0,000615
мариуполь 5,129899 0,003198
большунов 2,185460 0,001363
уведомление 2,490841 0,003106
антон 1,695912 0,001057
динамо 0,663991 0,000414
ронда 4,031286 0,005027
заинтересовать 3,050457 0,001902
пельмень 5,129899 0,003198
льюис 2,296685 0,002864
предстоящий 2,239527 0,001396
петр 1,392229 0,000868
пропустить 1,122566 0,000700
хорошо 1,951845 0,001217
инструмент 0,881403 0,000550
делий 5,129899 0,003198
монсон 3,743604 0,002334
создать 0,773190 0,000482
такой 0,735450 0,000459
ощущение 3,743604 0,002334
деть 0,619039 0,000772
вместе 1,178655 0,000735
спортсе 2,644992 0,001649
жигули 5,129899 0,003198
кайри 2,490841 0,001553
спортса 2,644992 0,006596
юлия 2,085376 0,001300
лига 0,325878 0,002235
рука 1,392229 0,000868
евгения 1,178655 0,002204
арутюнян 3,743604 0,002334
немков 5,129899 0,003198
бакли 5,129899 0,003198
марк 2,085376 0,001300
топ 1,238078 0,001544
олимпиада 0,576022 0,000359
джонс 2,085376 0,002600
глаз 2,239527 0,001396
тот 0,393700 0,000245
нганну 2,644992 0,001649
пайфером 5,129899 0,003198
барс 1,492313 0,001861
календарь 0,675551 0,000842
макгрегор 2,421849 0,003020
выехать 3,520461 0,002195
дебютировать 2,085376 0,001300
этери 2,564949 0,001599
история 0,270086 0,000505
дегтярев 2,421849 0,006040
звезда 1,035554 0,000646
длить 0,146292 0,000091
светлана 1,994404 0,001243
норвегия 1,279751 0,003191
доротея 2,490841 0,001553
бог 2,932674 0,001828
бой 1,279751 0,012766
швентек 2,644992 0,001649
фэнтези 2,644992 0,001649
реальный 1,871802 0,001167
калажоков 5,129899 0,003198
разнести 3,520461 0,002195
баффера 5,129899 0,003198
тысяча 1,546380 0,000964
куиллан 5,129899 0,003198
чемпион 0,334108 0,001041
джеймс 1,911023 0,002383
валттери 2,490841 0,001553
новак 2,564949 0,001599
лариса 2,296685 0,001432
катание 0,514778 0,000321
лавстори 5,129899 0,003198
слышать 3,743604 0,002334
применимый 4,031286 0,002513
как 0,232059 0,000723
первое 0,393700 0,000245
стивсон 5,129899 0,003198
лыжа 0,925206 0,000577
алексей 1,140915 0,000711
конфиденциальностиинформация 2,644992 0,001649
голос 2,357310 0,001470
елизавета 2,185460 0,001363
отвечать 2,239527 0,001396
пробежать 3,338139 0,004162
спустить 5,129899 0,003198
думать 2,185460 0,002725
хоккеист 1,633391 0,001018
оппонент 2,932674 0,001828
тампа 2,490841 0,001553
заубер 2,644992 0,001649
гаснуть 2,421849 0,001510
финансирование 2,421849 0,001510
хегстад 2,644992 0,001649
ufc 1,441019 0,017968
упасть 2,357310 0,001470
nascar 2,644992 0,001649
хамзат 2,296685 0,002864
мана 2,421849 0,001510
свечник 2,644992 0,001649
вирер 2,564949 0,001599
мовсара 4,436752 0,002766
придумать 2,490841 0,001553
терентьев 2,490841 0,001553
новый 0,239550 0,000747
загадочный 5,129899 0,003198
ефим 3,520461 0,002195
рпл 1,140915 0,000711
костяшка 5,129899 0,003198
тур 1,159607 0,000723
вызов 2,357310 0,001470
еще 0,167054 0,000208
теннис 0,475938 0,000593
кевин 2,038856 0,001271
голливудский 4,031286 0,002513
ребенок 1,323236 0,000825
йоханнес 2,085376 0,002600
ганом 4,436752 0,002766
ставка 0,799165 0,000498
дончич 2,564949 0,001599
петербург 1,345709 0,000839
полный 0,940244 0,000586
предложить 1,441019 0,000898
александр 0,839439 0,004187
перчатка 2,732003 0,001703
стефанос 2,564949 0,001599
а 0,209918 0,000523
яна 1,834062 0,001143
в 0,017911 0,000547
и 0,023953 0,000388
джон 1,633391 0,002037
к 0,132686 0,000248
о 0,042302 0,000290
подходить 2,932674 0,001828
санкт 1,279751 0,000798
с 0,036149 0,000406
у 0,342407 0,001067
ф 1,728701 0,001078
хемсворт 4,436752 0,002766
авто 0,925206 0,000577
они 0,524729 0,000327
валиев 2,185460 0,001363
я 0,747872 0,004663
похороны 4,436752 0,002766
вариант 1,492313 0,000930
кулачника 5,129899 0,003198
футбол 0,247097 0,000308
мир 0,277868 0,001559
регби 0,955511 0,000596
месси 2,239527 0,001396
бруклин 2,296685 0,001432
репортаж 1,633391 0,002037
русский 0,760451 0,000474
хабиб 2,296685 0,005727
грустный 3,743604 0,002334
миннесота 2,421849 0,001510
боец 1,797694 0,013449
планировать 2,296685 0,001432
конец 1,035554 0,000646
время 0,384967 0,000480
бедолага 5,129899 0,003198
забыть 2,932674 0,001828
насредакцияконтакты 2,644992 0,001649
правообладатель 2,296685 0,001432
макса 2,038856 0,001271
победитель 0,799165 0,000498
шавкат 2,564949 0,001599
бабиков 2,644992 0,001649
сергей 1,301257 0,001623
голден 2,357310 0,001470
василевский 2,564949 0,001599
честно 3,050457 0,001902
час 1,728701 0,001078
армянский 4,031286 0,002513
соцсетях 1,466337 0,001828
шанс 1,258698 0,000785
евлоева 4,436752 0,002766
щербаков 2,490841 0,001553
выступить 1,238078 0,000772
требовать 1,466337 0,000914
карано 3,520461 0,004390
показать 0,504926 0,001259
мма 1,069456 0,002000
миллиард 1,911023 0,001191
заслужить 2,357310 0,001470
олимпийский 0,342407 0,000213
карьер 0,925206 0,001154
иго 2,564949 0,001599
гонщик 2,421849 0,001510
тяжелый 0,940244 0,001172
сирилом 5,129899 0,003198
fc 2,085376 0,001300
орать 5,129899 0,003198
прямая 1,441019 0,000898
александер 2,357310 0,001470
гран 1,518981 0,000947
пощечина 4,436752 0,002766
карри 2,421849 0,001510
конченый 5,129899 0,003198
салах 2,564949 0,001599
выяснять 3,338139 0,002081
гогоплата 5,129899 0,003198
видео 0,699082 0,001308
камил 2,239527 0,001396
закатать 5,129899 0,003198
биатлон 0,485508 0,000605
полусредний 3,520461 0,002195
салкиллд 5,129899 0,003198
эфир 1,695912 0,001057
стэнли 2,185460 0,001363
актер 3,183989 0,001985
оскар 2,357310 0,001470
япония 1,279751 0,000798
sportsdaili 3,520461 0,002195
мой 1,368699 0,004267
gp 2,490841 0,001553
wrc 2,564949 0,001599
кажется 2,644992 0,001649
даллас 2,296685 0,001432
раунд 1,546380 0,000964
извиниться 3,050457 0,001902
рейнджерс 2,038856 0,001271
тереть 0,786093 0,000490
проводниковый 3,743604 0,002334
основа 1,301257 0,000811
запустить 2,827314 0,001763
джин 2,038856 0,001271
викторий 2,038856 0,001271
технология 0,786093 0,000980
среди 0,597299 0,000372
прежний 1,994404 0,001243
махмудов 4,436752 0,005532
motogp 2,644992 0,001649
москва 0,576022 0,000359
теннисист 2,134166 0,001331
баскетболист 2,239527 0,001396
остон 2,564949 0,001599
эмбиид 2,644992 0,001649
предоставление 2,357310 0,001470
фьюри 2,357310 0,005879
джейсон 2,421849 0,001510
скандал 1,279751 0,000798
мобильный 0,555188 0,000692
большой 0,687247 0,000857
it 2,732003 0,001703
офф 1,019025 0,000635
кровавый 4,436752 0,002766
фрэнсис 2,564949 0,001599
dog 2,564949 0,003198
мартин 2,038856 0,001271
забить 1,466337 0,000914
реал 1,416327 0,001766
сливко 2,564949 0,001599
хотеть 1,104547 0,001377
взнос 3,520461 0,002195
даниил 1,728701 0,002155
стать 0,217244 0,000271
титульнике 5,129899 0,003198
еличевой 5,129899 0,003198
возможно 1,664163 0,001038
вчера 1,518981 0,001894
андреев 2,134166 0,001331
бетербиев 2,421849 0,003020
нокаутировать 3,743604 0,002334
провести 0,799165 0,001993
ламин 2,490841 0,001553
это 0,181139 0,001016
легендарный 1,871802 0,001167
рублевый 1,951845 0,001217
лука 1,104547 0,000689
два 0,504926 0,000630
увольнять 4,436752 0,002766
прямой 1,695912 0,001057
новость 0,285712 0,001603
бэй 2,490841 0,001553
плакать 3,520461 0,002195
тренер 0,555188 0,000692
геем 5,129899 0,003198
сульяновым 5,129899 0,003198
михаил 1,301257 0,001623
надаль 2,564949 0,001599
стефен 2,564949 0,001599
войти 0,608110 0,000379
симен 2,644992 0,001649
держать 2,490841 0,001553
анджелес 1,492313 0,002791
или 0,576022 0,001077
симуляция 3,520461 0,002195
каприз 2,564949 0,001599
горец 5,129899 0,003198
питтсбург 2,421849 0,001510
рубль 2,038856 0,001271
шварцман 2,644992 0,001649
сосредоточиться 3,338139 0,002081
стрикленд 4,031286 0,005027
кубинец 4,436752 0,002766
фигурный 0,514778 0,000321
ждать 1,492313 0,001861
раузи 4,436752 0,008298
артемий 2,239527 0,001396
соведущим 4,436752 0,002766
самоделкина 2,564949 0,001599
критика 1,951845 0,001217
первый 0,317714 0,000198
разрешить 1,664163 0,001038
джоэл 2,644992 0,001649
соболенко 2,357310 0,001470
мхл 1,603538 0,001000
февраль 0,202645 0,002400
ошибка 0,576022 0,000359
box 3,050457 0,003804
вопрос 1,104547 0,000689
яннис 2,490841 0,001553
германий 0,723179 0,001803
деятельность 1,546380 0,000964
игра 0,112619 0,000070
зрелище 3,520461 0,002195
клэбо 2,644992 0,001649
мбаппе 2,239527 0,001396
леброн 2,564949 0,001599
марта 0,853233 0,000532
туктамышева 2,490841 0,001553
ваш 2,038856 0,001271
имя 1,178655 0,000735
хаас 2,564949 0,001599
гарсия 4,031286 0,002513
fight 3,338139 0,002081
титул 1,301257 0,000811
усик 2,296685 0,002864
бастони 3,743604 0,002334
впечатление 2,932674 0,001828
больший 0,457070 0,000855
кто 0,747872 0,000466
поединок 2,085376 0,007801
событие 0,565551 0,000353
пользователь 1,911023 0,001191
предпочтение 2,296685 0,001432
носков 2,564949 0,001599
самый 0,608110 0,001516
соревнование 0,411400 0,000256
кулачный 2,421849 0,001510
джа 2,644992 0,001649
гватемала 3,050457 0,001902
лердам 4,031286 0,002513
ничей 1,951845 0,001217
лента 1,518981 0,001894
ханна 2,564949 0,001599
реванш 2,185460 0,001363
ак 1,695912 0,001057
черный 1,994404 0,001243
уильямс 2,296685 0,001432
представлять 1,217876 0,001519
попадаться 4,436752 0,002766
мочь 0,350775 0,000656
турок 2,932674 0,001828
сам 0,747872 0,000466
борьба 0,723179 0,000902
приложение 1,574551 0,001963
сборная 0,342407 0,006191
циципас 2,134166 0,001331
бо 2,185460 0,001363
цирк 3,743604 0,002334
совпадение 5,129899 0,003198
йонна 2,421849 0,001510
арман 5,129899 0,003198
бы 1,052361 0,002624
высокомерный 5,129899 0,003198
халиф 5,129899 0,003198
дать 0,608110 0,000379
кхл 0,760451 0,000474
алонсо 2,421849 0,001510
идол 4,436752 0,002766
ru 0,285712 0,000712
смысл 3,183989 0,001985
болото 4,436752 0,002766
алфи 5,129899 0,003198
кубок 0,376309 0,002346
netflix 5,129899 0,003198
зарплата 1,871802 0,001167
третий 1,238078 0,000772
во 0,495170 0,000617
уметь 2,932674 0,001828
вес 2,038856 0,003813
драться 2,827314 0,010576
перечень 2,827314 0,001763
уорриорз 2,490841 0,001553
уже 0,687247 0,000857
дата 0,799165 0,000498
беллингем 2,644992 0,001649
вы 0,309617 0,000193
адесанья 4,436752 0,002766
барселона 1,416327 0,000883
китайский 1,069456 0,000667
мэттьюс 2,644992 0,001649
просто 1,492313 0,000930
iba 3,520461 0,002195
россия 0,139466 0,001913
тест 1,546380 0,000964
store 2,490841 0,001553
скорость 1,951845 0,001217
чейл 5,129899 0,003198
башня 3,743604 0,002334
виктор 1,416327 0,000883
серохвостов 2,644992 0,001649
полумарафон 4,031286 0,002513
поговорить 3,743604 0,002334
медиафутбол 2,564949 0,001599
софья 2,421849 0,001510
чтобы 0,773190 0,000482
ibu 2,239527 0,001396
здесь 1,911023 0,001191
плей 1,002764 0,000625
open 1,834062 0,003430
де 0,955511 0,000596
студия 3,338139 0,002081
перед 0,839439 0,001047
до 0,239550 0,000299
великий 2,239527 0,001396
шарапов 2,490841 0,001553
кристина 2,296685 0,001432
нуждаться 2,732003 0,001703
помнить 3,183989 0,001985
мирра 2,239527 0,001396
другой 0,188256 0,000352
перес 2,357310 0,001470
bare 4,031286 0,002513
утро 2,421849 0,001510
us 2,038856 0,001271
пьер 1,951845 0,001217
баскетбол 0,723179 0,000902
резцовый 2,421849 0,001510
дебют 2,239527 0,002792
тейтум 2,564949 0,001599
юновидов 5,129899 0,003198
vs 3,050457 0,001902
support 2,421849 0,001510
вид 0,393700 0,000982
кондратюк 2,644992 0,001649
mma 2,038856 0,010169
сайнс 2,564949 0,001599
что 0,195425 0,000731
мэнни 4,031286 0,002513
за 0,125952 0,000393
малкин 2,421849 0,001510
рейтинг 0,524729 0,000654
прижать 4,436752 0,002766
скручивание 4,436752 0,002766
дом 1,911023 0,003574
бивол 2,421849 0,001510
энтони 2,038856 0,001271
сыграть 0,839439 0,000523
милуоки 2,490841 0,001553
плющенко 2,239527 0,001396
подбородок 4,031286 0,002513
перейра 2,490841 0,003106
ютты 5,129899 0,003198
альпина 2,421849 0,001510
логинов 2,644992 0,001649
замучить 3,183989 0,001985
петросян 1,441019 0,000898
из 0,106018 0,000397
юве 3,338139 0,002081
наш 0,652562 0,000407
роналду 1,911023 0,001191
уолш 4,436752 0,002766
ит 2,564949 0,001599
показательный 1,279751 0,000798
нба 1,546380 0,002892
барриос 4,031286 0,002513
над 0,986764 0,000615
компаниипромокоды 2,644992 0,001649
тайсон 2,421849 0,004530
спартак 0,711058 0,000887
хоккей 0,285712 0,000356
объяснить 1,633391 0,001018
вgoogle 2,644992 0,001649
бобровский 2,644992 0,001649
ска 1,279751 0,000798
здоровье 1,323236 0,000825
анализ 2,296685 0,001432
грэпплингу 5,129899 0,003198
рекомендательный 1,518981 0,000947
серия 0,586604 0,000366
ски 1,069456 0,000667
белый 1,574551 0,002945
цска 0,711058 0,000887
овечкин 1,695912 0,001057
бадаев 4,031286 0,002513
ко 2,421849 0,001510
гутьеррес 5,129899 0,003198
рублевка 4,436752 0,002766
суперлига 1,441019 0,000898
соперник 0,853233 0,002660
ступак 2,644992 0,001649
выжить 4,031286 0,002513
юниор 1,345709 0,000839
идея 1,871802 0,001167
который 0,325878 0,000609
ухаживать 5,129899 0,003198
морить 4,436752 0,002766
подтягиваться 5,129899 0,003198
гигатест 5,129899 0,003198
ла 1,762603 0,001099
следующий 0,853233 0,000532
ле 2,038856 0,001271
победа 0,420369 0,000262
никола 2,085376 0,001300
ли 1,198073 0,000747
допинг 1,871802 0,001167
воспитывать 5,129899 0,003198
выбрать 1,323236 0,001650
норрис 2,421849 0,001510
вrustore 2,644992 0,001649
загитов 2,357310 0,001470
сити 1,546380 0,000964
конор 2,421849 0,003020
мг 2,296685 0,001432
гилджес 2,644992 0,001649
рафаэль 2,296685 0,001432
нужный 1,834062 0,002287
иван 1,603538 0,001999
мертвый 4,436752 0,002766
шарль 2,421849 0,001510
икра 5,129899 0,003198
бостон 2,296685 0,001432
эрнандес 3,743604 0,004668
вольная 2,932674 0,001828
мы 0,195425 0,000731
болельщик 1,086847 0,000678
мю 2,296685 0,001432
на 0,023953 0,000194
махачев 2,134166 0,006653
болван 5,129899 0,003198
анна 1,695912 0,001057
не 0,099461 0,001054
левандовски 2,644992 0,001649
каждый 0,812411 0,001013
онлайн 0,773190 0,000482
феррари 2,490841 0,001553
золотой 1,002764 0,000625
но 0,402511 0,001506
намерен 3,050457 0,001902
алин 2,296685 0,001432
ирвинг 2,490841 0,001553
апрель 0,986764 0,001230
категория 0,881403 0,000550
тайсона 3,743604 0,002334
трибун 1,603538 0,002999
аль 2,644992 0,001649
контрольный 1,994404 0,001243
об 0,217244 0,000406
нет 0,825834 0,001030
спивак 4,436752 0,002766
армения 2,564949 0,001599
он 0,475938 0,001484
мужчина 0,812411 0,004558
от 0,160085 0,000200
вappgallery 2,644992 0,001649
бокс 0,534779 0,003001
фигуристый 1,871802 0,001167
попробовать 2,564949 0,001599
все 0,067304 0,000252
алькарас 2,134166 0,001331
ласа 3,338139 0,002081
сведение 0,786093 0,000980
по 0,073653 0,000184
информация 0,608110 0,000379
оберг 2,644992 0,001649
втб 1,834062 0,001143
рб 2,357310 0,001470
селтикс 2,421849 0,001510
маккиннон 2,239527 0,001396
соннен 4,436752 0,002766
какой 1,002764 0,000625
проверить 1,368699 0,000853
переть 0,359214 0,000448
ленин 3,183989 0,001985
