состояться 1,140915 0,000189
долгий 1,728701 0,000287
подкладка 4,436752 0,001473
состоять 1,279751 0,001487
слух 2,490841 0,000413
latina 1,603538 0,000266
день 0,699082 0,000116
найти 1,122566 0,000186
экспорт 0,986764 0,000164
vinton 5,129899 0,000851
удаваться 2,644992 0,000439
выигрывать 1,728701 0,000861
န 2,134166 0,000354
lvii 5,129899 0,000851
ဘ 2,134166 0,000354
ไทย 1,238078 0,000205
မ 2,134166 0,000708
вокруг 2,296685 0,000381
tatarça 1,392229 0,000231
pastim 5,129899 0,000851
သ 2,134166 0,000354
пушкаша 4,031286 0,000669
nova 2,932674 0,000487
الدارجة 2,357310 0,000391
изобрести 3,183989 0,000528
заявление 0,799165 0,000398
множество 1,951845 0,000324
mìng 2,827314 0,000469
isixhosa 3,338139 0,000554
соответствовать 2,296685 0,000381
universali 1,951845 0,000324
пункт 2,357310 0,000783
манера 3,338139 0,000554
культурный 3,338139 0,000554
графстрём 4,031286 0,000669
čeština 1,035554 0,000172
aragoné 1,762603 0,000293
lombard 3,338139 0,000554
minangkabau 2,564949 0,000426
серебряный 1,368699 0,000227
радиус 3,050457 0,001519
мастерство 2,564949 0,000426
викисклад 1,035554 0,000344
дэвид 2,932674 0,000487
подниматься 3,183989 0,000528
kaszëbsczi 3,183989 0,000528
корфбол 1,762603 0,000293
пройти 0,544931 0,000362
slovenčina 1,069456 0,000178
gnd 1,392229 0,000231
юношеский 1,574551 0,000784
аякс 3,520461 0,000584
оригинал 1,441019 0,000718
gaelg 3,338139 0,000554
a 1,392229 0,001386
b 2,564949 0,000426
c 1,546380 0,000513
драка 2,134166 0,000354
d 2,185460 0,000363
проект 0,457070 0,000228
e 1,603538 0,000532
одиннадцать 3,520461 0,000584
j 1,466337 0,000243
добиваться 2,827314 0,000469
прямоугольник 4,436752 0,000736
ᐃᓄᒃᑎᑐᑦ 5,129899 0,000851
o 2,932674 0,000487
the 1,546380 0,010523
p 1,951845 0,011339
мадридский 3,050457 0,000506
s 1,664163 0,001933
u 1,345709 0,000447
throw 4,436752 0,000736
w 0,955511 0,000159
x 1,279751 0,000212
иной 2,038856 0,000677
рефери 2,932674 0,000487
шайба 0,986764 0,000328
сниматься 3,338139 0,000554
либеро 4,031286 0,000669
ligur 3,520461 0,000584
футзал 2,085376 0,001038
прием 1,911023 0,000317
пытаться 1,834062 0,000304
violenc 5,129899 0,000851
находиться 0,925206 0,000768
территория 1,518981 0,000504
окончание 1,546380 0,000513
малов 5,129899 0,014474
савиола 5,129899 0,000851
аут 3,050457 0,001013
chi 4,031286 0,000669
судья 1,035554 0,003609
предназначить 2,490841 0,000413
авеланж 4,031286 0,000669
система 0,799165 0,000663
афк 2,827314 0,000939
сколько 1,834062 0,000304
корея 1,695912 0,000281
приостановить 3,338139 0,000554
июнь 1,198073 0,001989
конфедерация 3,050457 0,002025
гонка 0,853233 0,000283
emiliàn 4,031286 0,000669
иметь 1,069456 0,000710
председатель 2,038856 0,000338
совет 0,825834 0,000274
вперед 1,797694 0,000298
футболист 1,518981 0,003530
богатый 2,644992 0,000439
выход 1,178655 0,000391
практический 1,546380 0,000257
последний 0,376309 0,000125
юнайтед 2,185460 0,000363
минута 0,940244 0,000780
вовсе 3,743604 0,001243
верхний 2,296685 0,000381
ladin 3,338139 0,000554
некоторые 1,198073 0,001193
архив 1,198073 0,000199
инвентарь 2,085376 0,001038
贛語 3,743604 0,000621
pdf 0,940244 0,000312
частый 3,183989 0,001057
there 4,031286 0,000669
курт 4,031286 0,000669
сша 0,586604 0,000195
описание 0,881403 0,000146
июль 1,019025 0,001184
отказать 3,743604 0,000621
руффинен 4,031286 0,000669
недостаток 1,574551 0,000261
недисциплинированный 4,436752 0,002209
флагшток 4,436752 0,001473
approach 4,436752 0,000736
финт 4,436752 0,000736
таковой 3,520461 0,001169
логический 4,436752 0,000736
легализация 4,436752 0,001473
блаттер 4,031286 0,001338
qırımtatarca 5,129899 0,000851
этика 3,183989 0,000528
исса 4,031286 0,000669
бразилия 1,797694 0,000895
разработчик 0,971016 0,000161
ноябрь 0,955511 0,000952
назначить 1,871802 0,001243
сквош 1,728701 0,000287
вклад 0,955511 0,000159
indonesia 1,086847 0,000180
ever 3,743604 0,000621
текст 0,925206 0,000307
million 4,031286 0,000669
сигнал 3,050457 0,000506
lâm 1,762603 0,000293
нападать 1,518981 0,001765
юный 2,490841 0,000413
очки 0,940244 0,000156
esperanto 1,198073 0,000199
перспективный 3,338139 0,000554
мадрид 1,762603 0,000293
временить 1,140915 0,000568
women 2,827314 0,000469
зона 1,603538 0,000798
молчание 5,129899 0,000851
перейти 0,586604 0,000195
подготовка 1,178655 0,000196
sunda 2,564949 0,000426
increas 4,436752 0,000736
boarisch 2,357310 0,000391
matter 5,129899 0,000851
двукратным 3,338139 0,000554
сокращенно 3,520461 0,001169
tok 5,129899 0,000851
taclḥit 4,436752 0,000736
כדורגל 5,129899 0,000851
обогнать 3,743604 0,000621
лякросс 1,762603 0,000293
возобновление 2,644992 0,000439
нохчийн 2,296685 0,000381
ответственность 0,895792 0,000595
слово 1,035554 0,000688
усмотрение 4,031286 0,000669
престон 5,129899 0,001703
прочность 3,520461 0,000584
спортсмен 0,565551 0,000188
françai 1,019025 0,000169
kinet 3,520461 0,001169
сильнейший 1,546380 0,000257
взять 1,159607 0,000192
его 0,447767 0,000520
сиссе 5,129899 0,000851
только 0,447767 0,000149
php 0,986764 0,000164
средний 1,441019 0,001196
байдарка 1,603538 0,000266
кигали 4,031286 0,000669
com 0,925206 0,000768
поддерживаться 3,743604 0,000621
турнир 0,293617 0,000682
маркус 3,183989 0,000528
относиться 1,368699 0,000682
астрель 4,031286 0,000669
каттнер 4,031286 0,000669
frysk 1,762603 0,000293
west 2,827314 0,000469
ведение 2,644992 0,000439
заглавный 0,986764 0,000164
picard 2,827314 0,000469
хороший 0,393700 0,000131
колено 2,296685 0,000381
производная 3,743604 0,000621
всевозможный 4,031286 0,000669
добавить 1,518981 0,000756
law 3,520461 0,010518
когда 0,652562 0,000325
футболи 5,129899 0,000851
客家語 2,564949 0,000426
выражение 3,743604 0,000621
упорный 3,050457 0,000506
сокращение 2,564949 0,000851
защитник 1,217876 0,000404
were 4,031286 0,000669
детский 3,183989 0,000528
سرائیکی 4,436752 0,000736
продолжать 1,258698 0,000209
чего 1,345709 0,000223
обвинить 2,932674 0,000487
оплошность 5,129899 0,001703
калька 5,129899 0,000851
идти 1,159607 0,000192
престижный 2,085376 0,000692
размечаться 4,436752 0,001473
заслуга 2,732003 0,000453
примерный 2,085376 0,000692
сравнимый 5,129899 0,000851
капитан 1,574551 0,000261
статус 1,279751 0,000212
twentieth 5,129899 0,000851
минь 2,134166 0,000708
twelv 5,129899 0,000851
перетягивание 1,762603 0,000293
против 0,747872 0,000372
общество 1,871802 0,000311
так 0,597299 0,000694
там 1,603538 0,000266
федерация 0,495170 0,000493
фифа 1,728701 0,014059
голова 1,301257 0,000648
интервью 0,971016 0,000161
спорный 2,732003 0,000453
монтевидео 4,031286 0,000669
перерыть 2,490841 0,000413
пятиборье 1,574551 0,000261
sport 0,760451 0,001515
определение 2,085376 0,001038
камера 3,183989 0,001057
cultur 3,050457 0,001013
lea 5,129899 0,000851
скалолазание 1,695912 0,000281
есть 0,812411 0,001079
вести 1,238078 0,000205
линия 1,466337 0,006084
спорт 0,125952 0,000314
аптон 5,129899 0,000851
просмотр 0,925206 0,000307
championship 2,296685 0,000381
национальный 0,839439 0,001254
викисловарь 2,490841 0,000413
state 3,183989 0,001585
этот 0,350775 0,000873
аренда 1,728701 0,002008
сказать 1,368699 0,000227
викисловаре 2,490841 0,000413
швеция 1,035554 0,000172
qaraqalpaqsha 2,038856 0,000338
выдаваться 2,296685 0,000381
глава 1,122566 0,000186
экипировка 2,239527 0,000372
основной 1,122566 0,003540
поправка 4,436752 0,000736
creativ 0,986764 0,000164
известный 0,986764 0,001146
адыгейский 5,129899 0,000851
основное 1,368699 0,001363
cup 2,134166 0,000708
немецкий 1,797694 0,000298
māori 3,743604 0,000621
элемент 0,925206 0,000307
позволить 2,085376 0,000346
хаяту 4,031286 0,000669
alemannisch 2,357310 0,000391
спортивный 0,301585 0,000150
игрок 0,711058 0,004957
женщина 0,663991 0,000882
щиток 3,338139 0,000554
базовый 2,490841 0,000413
kreyòl 2,490841 0,000413
эпискирос 5,129899 0,000851
пожалуйста 1,633391 0,000542
цель 1,238078 0,000616
выиграть 0,485508 0,000161
медиакомпаниях 5,129899 0,000851
давно 2,827314 0,000469
пятнадцатиминутные 5,129899 0,000851
team 2,490841 0,001240
основать 1,466337 0,000730
अवध 3,338139 0,000554
тем 1,217876 0,000202
популярный 1,392229 0,000462
травмированный 3,743604 0,000621
поло 1,441019 0,000478
без 0,466460 0,000077
цена 2,357310 0,000391
поле 1,392229 0,004853
дома 1,695912 0,000281
閩東語 2,827314 0,000469
между 0,955511 0,000793
чӑвашла 2,134166 0,000354
hak 2,564949 0,000426
school 3,338139 0,001108
lis 5,129899 0,000851
has 4,031286 0,000669
европа 0,393700 0,000327
оставаться 1,301257 0,000216
заострение 5,129899 0,000851
ройал 5,129899 0,000851
редакция 0,940244 0,000156
eric 4,031286 0,001338
мексика 2,239527 0,000372
пока 1,159607 0,000385
develop 3,743604 0,000621
socca 5,129899 0,000851
манчестер 2,085376 0,000692
определять 2,185460 0,000725
futbol 4,031286 0,000669
कण 4,031286 0,000669
ಕನ 2,038856 0,000338
клуб 0,652562 0,002491
центральный 1,603538 0,001331
ассоциация 1,416327 0,002821
page 0,986764 0,000164
treccani 2,827314 0,000469
кроме 1,368699 0,000227
играющий 2,644992 0,001317
chewa 4,031286 0,000669
video 3,520461 0,000584
оба 1,368699 0,000454
кодекс 0,971016 0,000322
греческий 2,644992 0,000439
многомиллионный 4,031286 0,000669
карат 1,728701 0,000287
канада 0,867219 0,000144
тоттенхэм 3,050457 0,000506
бобслей 1,217876 0,000202
mirandé 2,732003 0,000453
overview 5,129899 0,000851
разделить 2,134166 0,000354
публиковаться 3,743604 0,000621
райт 5,129899 0,000851
культура 1,392229 0,001155
yet 5,129899 0,000851
earli 3,743604 0,000621
vosa 3,743604 0,000621
статья 0,495170 0,002301
если 0,675551 0,001009
interlingu 2,239527 0,000372
хозяин 2,185460 0,000363
wikimedia 0,986764 0,000164
викицитатнике 2,827314 0,000469
time 2,357310 0,000391
вверху 5,129899 0,000851
мировой 0,955511 0,000317
англицизм 5,129899 0,000851
михелса 5,129899 0,000851
ελληνικά 1,086847 0,000180
routledg 3,520461 0,000584
put 4,031286 0,000669
многие 1,178655 0,000978
выполняться 2,732003 0,000907
язык 0,925206 0,001075
редактирование 3,183989 0,000528
исключительно 2,357310 0,000783
предпринять 3,183989 0,000528
центрфорвард 4,436752 0,000736
hawaiʻi 5,129899 0,000851
ревякин 5,129899 0,000851
অসম 2,644992 0,000439
посещать 2,932674 0,000487
различный 1,441019 0,000478
диета 3,743604 0,000621
обстоятельство 2,732003 0,000453
прочий 1,069456 0,000533
разный 1,368699 0,000454
chris 3,743604 0,000621
стенка 4,436752 0,000736
распространить 2,134166 0,001063
защитить 1,633391 0,000271
международный 0,466460 0,001316
комитет 1,368699 0,000682
башҡортса 1,518981 0,000252
матч 0,293617 0,000877
pwn 3,338139 0,000554
спарта 3,183989 0,000528
стараться 2,564949 0,000426
вноситься 5,129899 0,000851
preliter 5,129899 0,000851
euskara 1,122566 0,000186
крупный 1,198073 0,000199
расстояние 2,085376 0,001384
универсальный 1,911023 0,000317
текущий 0,867219 0,000144
страна 0,641262 0,000639
вместо 1,633391 0,000271
улучшить 1,951845 0,000648
banjar 2,932674 0,000487
помощник 2,134166 0,001417
глима 1,762603 0,000293
batak 3,050457 0,001013
создать 0,773190 0,000385
малый 2,134166 0,000708
недоброжелательный 5,129899 0,000851
asturianu 1,323236 0,000220
телевидение 2,732003 0,000453
дрюри 4,031286 0,000669
کوردی 1,762603 0,000293
запрос 2,421849 0,000402
финалист 2,185460 0,000363
решение 0,839439 0,000557
печать 0,955511 0,000476
проходить 0,867219 0,000144
хельмут 4,031286 0,000669
íslenska 1,392229 0,000231
catastroph 5,129899 0,000851
пелота 1,728701 0,000287
летний 0,619039 0,000205
जप 3,520461 0,000584
исторически 3,050457 0,001013
экономика 2,296685 0,000381
major 3,743604 0,000621
имитировать 3,338139 0,000554
જર 3,338139 0,000554
тот 0,393700 0,000784
обсуждение 0,867219 0,000288
magazin 3,520461 0,000584
протокол 2,490841 0,000827
организация 0,663991 0,001102
сложно 2,134166 0,000354
titl 0,986764 0,000164
десять 1,797694 0,000298
премия 2,357310 0,000783
розыгрыш 1,762603 0,000878
товарный 0,986764 0,000164
разрешать 3,050457 0,000506
три 1,178655 0,000196
wolof 5,129899 0,000851
инфантино 3,520461 0,001753
閩南語 1,762603 0,000293
школа 1,492313 0,001238
площадь 2,185460 0,004353
клубный 1,416327 0,001881
университет 1,911023 0,000317
rugbi 3,743604 0,000621
цюрих 3,050457 0,001013
виртуальный 3,743604 0,000621
histori 1,762603 0,000585
семья 2,085376 0,000346
площадка 1,574551 0,000261
руководить 2,085376 0,000346
катание 0,514778 0,000085
corsu 4,436752 0,000736
фига 4,436752 0,000736
sociolog 5,129899 0,000851
как 0,232059 0,001194
участник 0,799165 0,000133
лыжа 0,925206 0,000307
условие 0,334108 0,000277
помогать 2,134166 0,000354
премьер 1,198073 0,000199
mundial 4,031286 0,000669
каф 3,050457 0,001013
снабжать 3,743604 0,000621
фильм 2,185460 0,000725
process 5,129899 0,000851
угловой 3,050457 0,003038
ежегодный 2,564949 0,000426
тарашкевіца 1,198073 0,000199
немой 1,416327 0,000235
cymraeg 1,574551 0,000261
вертикальный 2,490841 0,000413
толщина 3,520461 0,000584
мокшень 3,520461 0,000584
терентий 5,129899 0,000851
эгида 1,728701 0,000574
второе 0,839439 0,000139
tonga 4,436752 0,000736
sicilianu 2,038856 0,000338
аналогия 4,436752 0,000736
been 5,129899 0,000851
доусона 5,129899 0,000851
специальный 1,217876 0,000404
dansk 1,069456 0,000178
фигура 2,827314 0,000469
вынести 2,357310 0,000391
еще 0,167054 0,000111
учет 2,185460 0,000363
бангладеш 3,520461 0,000584
знаменитость 3,743604 0,000621
سنڌي 3,050457 0,000506
население 3,338139 0,001662
успех 1,518981 0,000504
менее 1,258698 0,000209
важный 0,986764 0,000164
ринуса 5,129899 0,000851
беларуская 1,069456 0,000355
боковой 2,644992 0,002195
покрышка 4,436752 0,001473
помощь 1,368699 0,000454
гасман 4,031286 0,000669
а 0,209918 0,000836
ставиться 3,743604 0,000621
в 0,017911 0,000752
олык 2,932674 0,000487
г 0,925206 0,000307
webcit 2,038856 0,000338
е 0,867219 0,000288
и 0,023953 0,000425
й 0,825834 0,000548
к 0,132686 0,000264
конмебол 3,743604 0,001864
л 2,038856 0,000338
велоспорт 1,178655 0,000196
м 0,534779 0,001331
о 0,042302 0,000091
альпинизм 1,301257 0,000216
п 1,086847 0,000180
с 0,036149 0,000294
она 0,597299 0,000397
скейтбординг 1,762603 0,000293
т 1,368699 0,001136
у 0,342407 0,000398
богиня 5,129899 0,000851
х 0,986764 0,000328
течение 1,238078 0,000822
китай 1,695912 0,000563
скачать 0,895792 0,000297
они 0,524729 0,000958
сезон 0,723179 0,000360
поэт 3,520461 0,000584
профессионализм 3,743604 0,001243
оно 2,038856 0,000338
я 0,747872 0,000124
вариант 1,492313 0,000248
футбол 0,247097 0,005496
сила 1,279751 0,000212
мулинхаус 4,031286 0,000669
атлетика 0,955511 0,000317
структура 1,574551 0,000784
deadlink 2,038856 0,000338
португалия 1,994404 0,000331
денежный 3,183989 0,000528
восковой 5,129899 0,000851
dagban 5,129899 0,000851
оксфордский 3,743604 0,001243
одиннадцатиметровая 5,129899 0,000851
исключаться 5,129899 0,000851
раздеть 1,871802 0,001243
автоматический 2,932674 0,000487
составлять 1,518981 0,000756
наказуемый 4,436752 0,000736
город 1,069456 0,000178
london 2,932674 0,001460
звено 3,743604 0,000621
粵語 1,178655 0,000196
следовать 1,728701 0,000287
partha 5,129899 0,000851
метр 1,574551 0,000784
தம 1,492313 0,000248
сектор 2,564949 0,001277
региональный 1,871802 0,000311
каталанский 1,695912 0,000563
формулироваться 5,129899 0,000851
fifa 3,050457 0,012657
ярд 3,338139 0,005540
викискладе 1,217876 0,000404
вечный 2,644992 0,000439
сноуборд 1,178655 0,000196
победить 0,699082 0,000116
пляжный 1,603538 0,000798
info 1,951845 0,000648
австралия 1,664163 0,000276
впоследствии 1,911023 0,000317
уменьшить 2,421849 0,000402
спонсируя 5,129899 0,000851
ефрона 3,183989 0,002114
хёрлинг 1,762603 0,000293
тяжелый 0,940244 0,000156
подключаться 4,436752 0,000736
mazumdar 5,129899 0,000851
արեւմտահայերէն 2,564949 0,000426
цуцзюй 5,129899 0,000851
ślůnski 2,932674 0,000487
цитата 2,732003 0,000453
пробиваться 3,338139 0,002216
британский 2,239527 0,001487
академический 1,546380 0,000257
плавание 1,178655 0,000391
биатлон 0,485508 0,000081
мера 2,296685 0,000381
пожертвовать 0,940244 0,000156
дуга 3,183989 0,001585
пользоваться 2,490841 0,000413
хирург 4,031286 0,000669
human 3,520461 0,001169
горизонтальный 3,050457 0,000506
тренировать 3,183989 0,000528
япония 1,279751 0,000425
ссылка 0,699082 0,001392
бросаться 5,129899 0,000851
kiswahili 2,185460 0,000363
биться 2,564949 0,000426
vahcuengh 3,743604 0,000621
помочь 1,238078 0,000411
lingála 3,050457 0,000506
home 3,743604 0,000621
середина 1,574551 0,000261
бременить 5,129899 0,000851
print 4,436752 0,000736
ನಡ 2,038856 0,000338
кругосвет 1,994404 0,000331
тыл 2,564949 0,000426
делать 1,392229 0,000231
dolnoserbski 4,436752 0,000736
технология 0,786093 0,000130
швейцария 1,258698 0,000418
пробитие 5,129899 0,000851
девушка 1,797694 0,000597
штанга 3,520461 0,000584
атака 1,762603 0,000878
ᱥᱟᱱᱛᱟᱲᱤ 2,932674 0,000487
соединить 2,932674 0,000487
превышать 2,296685 0,000762
квадах 1,762603 0,000293
отдельный 0,955511 0,000317
офк 3,338139 0,001108
скандал 1,279751 0,000212
деньга 1,951845 0,000324
conmebol 5,129899 0,000851
дания 1,834062 0,000304
field 3,050457 0,001013
მარგალური 2,490841 0,000413
бывать 2,490841 0,000413
толща 5,129899 0,000851
энциклопедический 3,050457 0,001013
hindi 2,421849 0,000402
исключить 1,441019 0,000239
рукав 4,031286 0,000669
реал 1,416327 0,000235
родственный 2,239527 0,000372
чжу 4,031286 0,000669
половина 1,392229 0,000924
стать 0,217244 0,000288
summer 3,338139 0,000554
robert 3,050457 0,001013
керлинг 1,086847 0,000180
обращение 0,910391 0,004080
десятка 2,644992 0,000439
vlam 2,827314 0,000469
文言 3,338139 0,000554
фейр 3,520461 0,000584
равный 1,466337 0,000487
independ 4,031286 0,001338
код 0,971016 0,000322
лука 1,104547 0,000183
прыжок 0,940244 0,000624
эрнест 4,031286 0,000669
речной 4,436752 0,000736
бутсы 4,031286 0,000669
fiji 2,421849 0,000402
url 0,986764 0,000164
сентябрь 1,035554 0,002234
сантиметр 0,955511 0,001903
войти 0,608110 0,000202
коробка 4,031286 0,000669
гольф 1,574551 0,000261
furlan 3,050457 0,000506
объявляться 3,338139 0,000554
луиш 4,031286 0,000669
use 3,520461 0,000584
ქართული 1,392229 0,000231
british 3,520461 0,000584
возраст 1,871802 0,000311
жером 4,031286 0,000669
стадион 1,518981 0,000504
защита 1,441019 0,000718
считать 1,279751 0,000425
политик 0,224624 0,000037
буква 2,357310 0,000391
общение 3,338139 0,000554
алфавит 1,159607 0,000385
зеландия 2,490841 0,000413
восстановление 2,296685 0,000381
мишель 3,743604 0,001243
ⵜⴰⵏⴰⵡⴰⵢⵜ 4,031286 0,000669
бельгия 2,038856 0,000338
играть 0,895792 0,001784
засчитываться 2,564949 0,000851
фигурный 0,514778 0,000085
maguir 5,129899 0,000851
gaeilg 1,951845 0,000324
ئۇيغۇرچە 2,644992 0,000439
разделяться 2,644992 0,000439
тоҷикӣ 1,695912 0,000281
разрешить 1,664163 0,000552
первый 0,317714 0,000475
одинаковый 2,134166 0,000708
betawi 2,732003 0,000453
मर 1,574551 0,000261
пять 1,140915 0,000189
обязательный 1,695912 0,000563
полузащитник 2,357310 0,000783
значение 1,258698 0,001045
одиннадцатиметровой 5,129899 0,000851
взятие 3,050457 0,000506
best 3,183989 0,001585
यच 4,031286 0,000669
отметка 2,932674 0,002434
тогда 1,466337 0,000487
ifab 5,129899 0,001703
ball 2,827314 0,000469
bali 2,827314 0,000469
специализированный 3,183989 0,000528
отдыхать 3,743604 0,000621
размер 1,911023 0,001903
malagasi 3,183989 0,000528
men 2,932674 0,000487
kadazandusun 4,436752 0,000736
türkmenç 2,185460 0,000363
пята 2,827314 0,000469
срок 1,546380 0,000257
швейцарский 2,490841 0,000413
nederland 1,019025 0,000169
сократиться 3,183989 0,000528
постараться 3,183989 0,000528
ника 4,436752 0,000736
прохор 3,183989 0,000528
неделя 1,217876 0,000404
август 1,035554 0,000172
самый 0,608110 0,000807
гарсии 3,743604 0,000621
материал 0,309617 0,000051
скиджоринг 1,762603 0,000293
хорватский 2,564949 0,000426
dun 5,129899 0,001703
runew 4,436752 0,000736
кук 0,971016 0,000161
потерпеть 2,038856 0,000338
молодежный 1,159607 0,001155
ратифицировать 3,743604 0,000621
расположение 2,732003 0,000453
føroyskt 2,085376 0,000346
конкуренция 2,038856 0,000338
навигация 0,986764 0,000491
мочь 0,350775 0,000757
месяц 1,492313 0,000743
исправлять 5,129899 0,000851
борьба 0,723179 0,000360
остановить 1,994404 0,000662
пинать 5,129899 0,000851
сборная 0,342407 0,001137
limburg 2,134166 0,000354
invent 5,129899 0,000851
правило 0,986764 0,000983
ر 3,743604 0,000621
гимнастика 1,198073 0,000398
бы 1,052361 0,000175
характер 2,185460 0,000363
hrvatski 1,052361 0,000175
уефа 1,466337 0,001947
английский 1,574551 0,001307
nordfriisk 4,031286 0,000669
грубый 2,644992 0,000439
век 1,258698 0,000627
кубок 0,376309 0,001187
во 0,495170 0,000657
зарплата 1,871802 0,001243
occitan 1,466337 0,000243
признать 1,834062 0,000304
запасной 2,185460 0,000725
уже 0,687247 0,000114
возмещение 4,436752 0,000736
цвет 1,695912 0,000281
очередь 2,085376 0,000692
экспонат 5,129899 0,000851
вы 0,309617 0,000051
free 3,520461 0,000584
веб 2,644992 0,000439
речь 2,932674 0,000487
pisin 5,129899 0,000851
просто 1,492313 0,000248
гл 3,050457 0,000506
оболочка 4,031286 0,002007
личной 1,664163 0,000276
сдать 3,050457 0,000506
скорость 1,951845 0,000648
меньшой 3,338139 0,000554
скидивающим 5,129899 0,000851
рагби 4,031286 0,000669
энциклопедия 0,986764 0,000819
виктор 1,416327 0,000235
всякий 2,827314 0,000469
oclc 5,129899 0,000851
български 1,086847 0,000180
чтобы 0,773190 0,000128
mani 5,129899 0,000851
плей 1,002764 0,000166
брейкинг 1,762603 0,000293
журнал 1,871802 0,000311
де 0,955511 0,000317
ехать 2,932674 0,000487
организоваться 3,520461 0,000584
перед 0,839439 0,000418
сайт 0,411400 0,000068
буряад 3,338139 0,000554
американский 0,910391 0,000302
до 0,239550 0,000437
ice 3,183989 0,000528
другой 0,188256 0,000437
сюда 0,986764 0,000328
континент 2,239527 0,000372
аԥсшәа 4,031286 0,000669
трек 1,104547 0,000183
давать 1,416327 0,000470
знаменитый 2,296685 0,000381
цитировать 0,925206 0,000154
черта 2,932674 0,000487
ее 0,723179 0,000240
пронин 4,031286 0,000669
сплошной 4,436752 0,001473
перекладина 3,520461 0,000584
равенство 2,827314 0,000469
кино 2,134166 0,000354
собственный 1,574551 0,000523
регулярно 1,871802 0,000311
составляться 4,436752 0,000736
баскетбол 0,723179 0,000240
число 0,955511 0,000793
объяснять 3,183989 0,000528
ido 1,546380 0,000257
контроль 1,951845 0,000324
гребля 1,518981 0,000504
вид 0,393700 0,000588
же 0,853233 0,000566
русиньскый 2,732003 0,000453
isbn 1,633391 0,001627
отходить 3,743604 0,000621
𐌲𐌿𐍄𐌹𐍃𐌺 4,031286 0,000669
превышение 3,743604 0,000621
что 0,195425 0,000324
common 0,986764 0,000164
лезги 3,183989 0,000528
править 0,544931 0,003708
за 0,125952 0,000523
домашний 1,695912 0,000563
удаляться 3,183989 0,000528
софтбол 1,633391 0,000271
форма 1,086847 0,001263
basa 2,732003 0,000907
настоящее 1,368699 0,000227
vèneto 2,357310 0,000391
развить 3,050457 0,000506
советский 1,140915 0,000379
блокировать 3,183989 0,000528
позиция 1,392229 0,001155
принцип 1,695912 0,000281
пересекать 3,183989 0,000528
пенальти 2,038856 0,002707
из 0,106018 0,000563
игровой 1,104547 0,000183
художественный 1,518981 0,000252
runa 2,732003 0,000453
ходить 3,050457 0,000506
случайный 0,986764 0,000164
скрытый 1,052361 0,000175
удобный 2,564949 0,000426
гетры 4,031286 0,000669
их 0,799165 0,000663
настоящий 2,134166 0,000354
konknni 4,031286 0,000669
напоминать 2,644992 0,000439
регламент 1,911023 0,000634
план 1,664163 0,000276
хоккей 0,285712 0,000237
jalgamiäčči 5,129899 0,000851
žemaitėška 2,732003 0,000453
van 4,436752 0,000736
ловить 3,338139 0,000554
var 5,129899 0,001703
президентский 3,338139 0,000554
технический 1,416327 0,000705
серия 0,586604 0,000292
юноша 2,357310 0,000391
estremeñu 2,827314 0,000469
первенство 1,301257 0,000216
srpski 1,035554 0,000172
элинио 5,129899 0,000851
word 4,436752 0,000736
invinc 5,129899 0,000851
октябрь 1,019025 0,001353
lingua 3,050457 0,000506
соперник 0,853233 0,001841
управление 2,239527 0,000372
футбольный 1,345709 0,010944
трёхкратными 5,129899 0,000851
боол 5,129899 0,000851
кэ 5,129899 0,000851
награда 1,279751 0,000850
следующий 0,853233 0,000142
hornjoserbsc 4,031286 0,000669
вне 2,038856 0,001354
крайний 2,185460 0,001451
футболка 2,296685 0,000381
кальчо 5,129899 0,000851
президент 1,035554 0,000688
уступать 1,994404 0,000331
масштаб 3,520461 0,000584
рудольф 3,520461 0,000584
tetun 5,129899 0,000851
mandail 3,338139 0,000554
imperi 5,129899 0,000851
сити 1,546380 0,000257
한국어 1,035554 0,000172
жить 2,296685 0,000381
вод 1,466337 0,000487
томский 3,743604 0,000621
нужный 1,834062 0,000304
популяция 5,129899 0,000851
синхронный 1,574551 0,000261
создание 1,633391 0,000271
иврит 5,129899 0,000851
сверху 2,932674 0,000487
uefa 2,732003 0,000453
отличать 3,743604 0,000621
first 2,732003 0,000907
faka 5,129899 0,000851
место 0,402511 0,000067
ខ 3,183989 0,000528
allen 3,743604 0,000621
мы 0,195425 0,000032
болельщик 1,086847 0,000541
участие 0,457070 0,000455
крокет 1,728701 0,000287
на 0,023953 0,000270
попытка 1,664163 0,001105
урс 4,031286 0,000669
водный 0,723179 0,000360
simpl 1,140915 0,000379
брокгауза 3,183989 0,002114
ភ 3,183989 0,000528
не 0,099461 0,000462
ម 3,183989 0,000528
образоваться 3,050457 0,000506
каждый 0,812411 0,001888
រ 3,183989 0,000528
ни 1,603538 0,000798
онлайн 0,773190 0,000128
ស 3,183989 0,000528
но 0,402511 0,000468
писать 2,644992 0,000878
педагогический 4,031286 0,000669
нанесение 2,827314 0,000469
намерен 3,050457 0,001013
раздел 1,574551 0,000523
footbal 2,239527 0,004460
категория 0,881403 0,000731
отклонение 3,050457 0,000506
ведомый 4,436752 0,000736
интернационал 3,743604 0,000621
норвежский 1,345709 0,000447
isizulu 3,743604 0,000621
magyar 1,086847 0,000180
об 0,217244 0,000036
уровень 1,086847 0,000361
владимир 1,392229 0,000231
продолжительность 2,185460 0,000363
ои 0,812411 0,012001
leboa 3,520461 0,000584
справка 0,986764 0,000164
он 0,475938 0,000790
развитие 1,140915 0,000189
тхэквондо 1,633391 0,000271
от 0,160085 0,000611
форум 0,867219 0,000144
pona 3,338139 0,000554
niha 5,129899 0,000851
валя 4,031286 0,000669
официальный 0,735450 0,000366
рашбол 5,129899 0,000851
бокс 0,534779 0,000178
toba 3,743604 0,000621
zazaki 2,239527 0,000372
все 0,067304 0,000067
принимать 0,955511 0,000317
википедия 0,986764 0,001310
рекламный 2,185460 0,000363
сведение 0,786093 0,000130
ngṳ 2,827314 0,000469
возможность 1,279751 0,000425
по 0,073653 0,000709
inc 0,986764 0,000164
круг 1,392229 0,000924
frederick 5,129899 0,000851
очень 1,140915 0,000568
кутеж 5,129899 0,000851
какой 1,002764 0,000499
упростить 4,031286 0,000669
сообщество 0,910391 0,000151
произойти 1,178655 0,000391
википедии 0,986764 0,000328
принятие 2,564949 0,000426
kabɩyɛ 3,338139 0,000554
термин 1,345709 0,001340
бомбардир 1,871802 0,000311
париж 1,392229 0,000462
scot 1,695912 0,000281
стандартный 2,185460 0,002539
адаптированный 4,031286 0,000669
видеопомощник 5,129899 0,000851
выразиться 5,129899 0,000851
acèh 5,129899 0,000851
письмо 1,911023 0,000317
lccn 1,492313 0,000248
валька 4,031286 0,000669
энджинирс 5,129899 0,000851
физический 1,392229 0,000693
ikinyarwanda 3,338139 0,000554
факто 3,183989 0,000528
mueller 5,129899 0,000851
日本語 1,035554 0,000172
со 0,447767 0,000669
делиться 2,185460 0,000725
центр 0,773190 0,000898
частность 1,994404 0,000331
замысел 3,743604 0,000621
вратарь 1,323236 0,001537
slovenščina 1,345709 0,000223
под 0,723179 0,000360
парусный 1,574551 0,000261
неоднократно 2,421849 0,000402
окружность 2,827314 0,000939
пол 0,910391 0,001511
связаться 0,867219 0,000144
декабрь 0,853233 0,000708
пом 1,695912 0,000281
brezhoneg 2,038856 0,000338
человек 0,940244 0,000936
pearton 5,129899 0,000851
подробный 0,687247 0,000228
подножка 3,520461 0,000584
незавершенный 3,183989 0,001057
содержание 0,955511 0,000317
отказаться 1,695912 0,000281
eesti 1,069456 0,000178
явление 4,031286 0,000669
скаут 5,129899 0,000851
связь 0,747872 0,000248
مصرى 1,546380 0,000257
сейчас 1,104547 0,000183
calcio 5,129899 0,000851
нога 1,664163 0,000829
нехватка 2,827314 0,000469
болотный 5,129899 0,000851
guttman 4,436752 0,000736
britannica 1,518981 0,000252
карл 2,732003 0,000453
тактический 2,564949 0,000426
каноэ 1,633391 0,000271
победный 1,871802 0,000311
דיש 2,644992 0,000439
lëtzebuergesch 1,762603 0,000293
wikipedia 0,986764 0,000328
теперь 0,971016 0,000161
сложность 1,951845 0,000324
увлечь 5,129899 0,001703
итальянский 1,633391 0,000542
plattdüütsch 2,357310 0,000391
расположить 1,574551 0,000784
отредактировать 0,986764 0,000164
называть 1,258698 0,000418
внесение 4,031286 0,000669
фа 3,743604 0,000621
ушу 1,728701 0,000287
фк 1,951845 0,000324
ситуация 1,392229 0,000462
ⱄⰾⱁⰲⱑⱀⱐⱄⰽⱏ 4,436752 0,000736
также 0,663991 0,002204
периодика 5,129899 0,000851
член 1,416327 0,000235
العربية 1,069456 0,000178
появиться 1,159607 0,000192
фризский 1,762603 0,000293
италия 0,524729 0,000174
прошлый 1,518981 0,000252
nożna 5,129899 0,000851
плевок 5,129899 0,000851
трава 1,392229 0,000462
сначала 1,664163 0,000552
собачий 1,762603 0,000293
вложить 3,338139 0,000554
изменение 1,345709 0,001117
библиографический 1,279751 0,000212
силовой 2,296685 0,000381
конгресс 2,185460 0,000725
amend 5,129899 0,000851
правка 0,986764 0,000328
однако 1,069456 0,000533
батут 1,728701 0,000287
серфинг 1,762603 0,000293
себя 0,597299 0,000297
tolışi 1,871802 0,000311
южноамериканский 3,050457 0,001519
civilis 5,129899 0,000851
việt 1,140915 0,000189
отказ 0,839439 0,000139
посылать 3,520461 0,000584
дзюдо 1,466337 0,000243
один 0,342407 0,000398
luganda 5,129899 0,000851
полностью 1,546380 0,000513
vol 2,932674 0,000487
длина 1,871802 0,000311
чм 1,492313 0,000248
жесткий 1,728701 0,000287
часть 1,104547 0,000733
персонал 2,827314 0,000939
ступня 4,436752 0,000736
трус 3,338139 0,000554
сторона 1,069456 0,000178
столетие 2,490841 0,000827
часто 1,574551 0,000784
estim 5,129899 0,000851
ноттингем 3,520461 0,000584
заявить 1,140915 0,000189
ресурс 0,812411 0,000135
южный 1,159607 0,000577
заменить 1,546380 0,000257
разметка 3,050457 0,002025
говорить 1,834062 0,000304
bahasa 1,086847 0,000361
अ 3,338139 0,000554
следствие 3,183989 0,000528
избрание 4,436752 0,000736
нарушить 2,490841 0,000827
санкт-петербург 2,827314 0,000939
артур 1,664163 0,000552
number 4,031286 0,001338
качество 1,323236 0,000220
تۆرکجه 1,762603 0,000293
через 0,971016 0,000161
क 2,421849 0,000804
надежда 2,421849 0,000402
вып 3,743604 0,000621
ग 3,183989 0,001057
lietuvių 1,140915 0,000189
замена 1,951845 0,000324
взрослый 2,564949 0,000426
словарь 1,198073 0,000994
ट 4,436752 0,000736
стрельба 1,441019 0,000478
ठ 1,574551 0,000261
меняться 1,951845 0,000648
официально 1,159607 0,000192
ड 4,436752 0,000736
थ 2,932674 0,000487
саха 2,644992 0,000439
द 1,546380 0,000257
न 1,518981 0,000756
команда 0,262364 0,001481
प 1,911023 0,000634
суффикс 5,129899 0,000851
роуз 3,338139 0,000554
भ 2,239527 0,000743
म 2,932674 0,000487
боков 2,644992 0,001317
toki 3,338139 0,000554
र 3,520461 0,000584
ल 1,911023 0,001269
являться 1,019025 0,002537
issn 3,338139 0,000554
получать 1,301257 0,000648
проводиться 1,086847 0,001443
ष 2,296685 0,000381
коснуться 2,490841 0,000413
ह 1,546380 0,000257
ποδόσφαιρο 5,129899 0,000851
предоставляться 3,520461 0,000584
единый 1,104547 0,000183
портал 1,416327 0,000705
селдрейерс 4,031286 0,000669
нужно 1,492313 0,000495
скелетон 1,258698 0,000209
українська 1,035554 0,000172
физиотерапевт 4,436752 0,000736
перераб 4,031286 0,000669
группа 1,122566 0,000186
ограничивать 2,932674 0,001460
закон 3,338139 0,000554
зеленый 2,185460 0,000363
hatnot 3,520461 0,000584
шотландия 2,357310 0,001956
литовский 1,951845 0,000324
гимн 1,994404 0,000331
рост 0,812411 0,000135
молодая 1,762603 0,000293
либертадорес 3,743604 0,000621
рэкетс 1,728701 0,000287
раггер 4,436752 0,000736
конкурент 2,564949 0,000426
ndl 1,834062 0,000304
cite 1,258698 0,000418
бадминтон 1,518981 0,000252
шорты 1,035554 0,000172
võro 2,932674 0,000487
выявляться 4,436752 0,000736
допустить 1,546380 0,000513
кезер 4,031286 0,000669
горнолыжный 1,301257 0,000216
уступить 1,368699 0,000227
баскский 1,664163 0,000276
конкакаф 3,338139 0,002770
assoc 5,129899 0,000851
случаться 3,183989 0,000528
харпастум 5,129899 0,000851
гэльский 1,762603 0,000585
канат 1,762603 0,000293
степан 2,732003 0,000453
eto 5,129899 0,000851
тренировка 0,895792 0,000743
красный 1,069456 0,000355
значит 2,644992 0,000439
ব 1,416327 0,000235
нарушение 1,416327 0,002821
য 2,644992 0,000439
конфиденциальность 0,293617 0,000049
unit 2,644992 0,001317
гандбол 1,122566 0,000559
ল 1,416327 0,000235
жюль 3,520461 0,001169
жюля 4,436752 0,001473
svenska 1,035554 0,000172
общий 0,986764 0,000328
amf 5,129899 0,000851
моторный 1,762603 0,000293
joseph 3,743604 0,000621
список 0,986764 0,000491
луи 3,520461 0,000584
легализовать 4,436752 0,000736
коррупционный 3,743604 0,000621
будо 1,762603 0,000293
приобрести 2,038856 0,000338
ширина 2,357310 0,001174
понятие 3,183989 0,000528
фехтование 1,546380 0,000257
and 1,762603 0,002340
именно 1,492313 0,000495
igbo 3,338139 0,000554
профессиональный 1,052361 0,000873
главное 0,524729 0,000348
французский 1,052361 0,000349
interlingua 1,603538 0,000266
фернандо 2,239527 0,000372
где 0,675551 0,000336
любительский 1,416327 0,000470
основание 1,416327 0,000235
рубашка 4,031286 0,000669
фиксироваться 3,050457 0,000506
зафиксировать 1,994404 0,000662
позволять 1,664163 0,000552
англия 1,238078 0,003082
вновь 1,574551 0,000261
всеять 1,871802 0,000311
нанять 4,436752 0,000736
участвовать 0,955511 0,000634
papiamentu 2,732003 0,000453
sardu 2,932674 0,000487
сообщить 0,447767 0,000074
примечание 1,002764 0,000333
быть 0,119263 0,000792
посередине 3,050457 0,000506
европейский 1,122566 0,000373
точка 1,762603 0,001170
диаметр 2,732003 0,000907
зало 1,797694 0,000597
установить 1,279751 0,000425
конный 1,574551 0,000261
таки 2,296685 0,000381
шон 3,183989 0,000528
english 0,925206 0,000307
франция 0,675551 0,000224
вознаграждение 3,743604 0,000621
выполнять 1,994404 0,000662
ਜ 1,664163 0,000276
объем 2,490841 0,000413
четыре 0,910391 0,000302
suomi 1,052361 0,000175
башкирский 3,743604 0,000621
друг 1,518981 0,000504
ladino 3,743604 0,000621
ਪ 1,664163 0,000276
ਬ 1,664163 0,000276
тайм 1,633391 0,002440
схема 1,951845 0,001944
воздух 2,421849 0,000402
можно 1,002764 0,000166
română 1,122566 0,000186
аякса 5,129899 0,000851
аяксе 5,129899 0,000851
nkc 1,574551 0,000261
использоваться 1,159607 0,000385
portuguê 1,035554 0,000172
хранение 2,564949 0,000426
впервые 0,839439 0,000139
ngî 2,564949 0,000426
oʻzbekcha 1,140915 0,000189
бросать 3,520461 0,000584
are 3,743604 0,000621
раз 0,485508 0,000403
чемпионат 0,188256 0,001000
ўзбекча 1,140915 0,000189
rsssf 4,031286 0,000669
latviešu 1,052361 0,000175
кирилл 1,695912 0,000281
дойти 2,490841 0,000413
popular 3,520461 0,002337
российский 0,224624 0,000037
хиршман 4,031286 0,000669
ролик 3,743604 0,000621
фестиваль 2,564949 0,000426
испания 1,159607 0,000192
вильям 3,520461 0,000584
предположительно 3,743604 0,000621
соблюдать 3,520461 0,000584
aru 5,129899 0,000851
версия 0,393700 0,000392
labdarúgá 5,129899 0,000851
jawa 1,911023 0,000317
вестник 5,129899 0,000851
оговорка 5,129899 0,000851
обычно 1,695912 0,000563
зарегистрировать 0,711058 0,000354
kick 3,743604 0,002485
metric 5,129899 0,000851
требование 1,797694 0,000298
штаб 1,664163 0,000276
платить 2,732003 0,001360
اردو 1,574551 0,000261
gõychi 4,031286 0,000669
осуществлять 3,183989 0,000528
джанни 3,743604 0,001864
thuɔŋjäŋ 4,436752 0,000736
chishona 4,031286 0,000669
знак 0,986764 0,000164
платини 4,436752 0,000736
увеличить 2,038856 0,000338
словѣньскъ 4,436752 0,000736
представитель 1,238078 0,000205
technolog 3,743604 0,000621
представить 1,518981 0,000252
baili 5,129899 0,000851
австралийский 1,633391 0,000542
завезти 5,129899 0,000851
ગ 3,338139 0,000554
работа 1,086847 0,000902
тактика 2,421849 0,000804
обладатель 1,492313 0,000248
норт 5,129899 0,001703
передача 1,633391 0,000271
регламентироваться 3,050457 0,000506
сверхатакующий 5,129899 0,000851
ત 3,338139 0,000554
dure 4,436752 0,000736
посол 0,301585 0,000751
запрещаться 2,932674 0,000487
camp 5,129899 0,000851
медиафайлы 1,217876 0,000404
museum 3,743604 0,001243
параметр 2,490841 0,000827
знать 1,345709 0,000223
galego 1,178655 0,000196
name 3,743604 0,000621
старый 1,159607 0,000577
короткий 0,699082 0,000232
gàidhlig 2,644992 0,000439
ячейка 4,031286 0,000669
самур 4,031286 0,000669
внести 2,239527 0,000372
поражение 1,122566 0,000186
километр 1,951845 0,000324
служебный 0,955511 0,000159
not 4,436752 0,000736
central 2,732003 0,000453
положение 1,416327 0,001410
погодный 3,050457 0,000506
now 3,520461 0,000584
жест 2,827314 0,000469
назначаться 2,421849 0,003216
устарелый 3,338139 0,000554
уругвай 2,732003 0,002267
news 2,185460 0,000363
associ 0,986764 0,000655
брать 2,239527 0,000372
дисциплинарный 3,338139 0,000554
свободный 0,867219 0,000720
забитый 2,239527 0,001859
выдвинуть 3,520461 0,000584
применяться 1,217876 0,000202
существовать 1,122566 0,001677
современный 1,159607 0,000577
больница 3,338139 0,000554
играться 2,564949 0,003831
саддел 5,129899 0,000851
ференц 4,031286 0,000669
yank 5,129899 0,000851
музыка 2,357310 0,000391
play 1,441019 0,000478
ответственный 2,827314 0,000469
бумага 4,436752 0,000736
ранний 1,492313 0,000743
футбо 3,520461 0,000584
получить 0,384967 0,000064
фол 2,827314 0,000939
обязательность 5,129899 0,000851
монако 1,994404 0,000331
нарушать 2,732003 0,000453
нидерланды 1,518981 0,000504
письменный 4,031286 0,001338
государственный 1,871802 0,000311
орден 2,732003 0,000453
следить 1,994404 0,000331
архивировать 1,104547 0,005316
гол 1,323236 0,001977
יי 2,644992 0,000439
сделать 0,853233 0,000283
связанный 0,786093 0,000391
квартира 2,732003 0,000453
seeltersk 4,436752 0,000736
викицитатник 2,827314 0,000939
melayu 1,368699 0,000227
жоао 3,183989 0,000528
планет 2,827314 0,001408
послематчевых 2,644992 0,000439
studi 3,743604 0,000621
переговоры 2,239527 0,000372
сферический 4,436752 0,000736
italiano 1,035554 0,000172
год 0,099461 0,001337
айсшток 1,728701 0,000287
հայերեն 1,198073 0,000199
модуль 3,183989 0,000528
irish 4,436752 0,000736
мая 0,986764 0,000655
champaign 4,436752 0,001473
повседневный 3,520461 0,000584
феномен 3,520461 0,000584
поэтому 1,392229 0,000462
расход 2,490841 0,000413
српскохрватски 1,416327 0,000235
рим 2,239527 0,001859
web 1,279751 0,000425
bokmål 1,069456 0,000178
vepsän 3,183989 0,000528
more 2,932674 0,000487
deitsch 4,436752 0,000736
приниматься 3,338139 0,000554
шаблон 1,441019 0,000478
инструмент 0,881403 0,000293
доклад 3,338139 0,000554
такой 0,735450 0,000610
планерный 1,762603 0,000293
познать 5,129899 0,000851
samoa 3,050457 0,000506
осаждать 5,129899 0,000851
рука 1,392229 0,001618
лига 0,325878 0,000595
sportarena 5,129899 0,001703
русый 1,368699 0,000227
генеральный 1,664163 0,000276
внеочередной 3,050457 0,000506
благодаря 1,441019 0,000239
afrikaan 1,441019 0,000239
фонд 0,895792 0,000149
совершаться 3,743604 0,000621
состав 0,867219 0,000432
стойка 2,490841 0,000413
трамплин 1,140915 0,000189
наиболее 1,466337 0,000243
указать 1,198073 0,000199
содержать 2,134166 0,000354
refere 3,520461 0,000584
строительство 2,490841 0,000413
история 0,270086 0,000493
македонский 1,258698 0,000209
aymar 5,129899 0,000851
употребляться 3,520461 0,001169
длить 0,146292 0,000413
ripoarisch 4,436752 0,000736
both 4,436752 0,000736
bân 1,762603 0,000293
most 3,338139 0,001662
фут 3,338139 0,001662
ழ 1,492313 0,000248
либо 1,140915 0,001136
согласно 1,574551 0,001307
ринус 5,129899 0,000851
высматривать 5,129899 0,000851
название 1,035554 0,001891
венгерский 3,183989 0,000528
тысяча 1,546380 0,000257
поиск 0,711058 0,000236
чемпион 0,334108 0,000277
game 1,797694 0,003879
gĩkũyũ 3,743604 0,000621
ꯂ 5,129899 0,000851
ꯃ 5,129899 0,000851
ꯇ 5,129899 0,000851
исторический 1,762603 0,000293
futebol 5,129899 0,000851
oldid 0,986764 0,000164
длинный 1,762603 0,000878
первое 0,393700 0,000719
низкий 1,345709 0,000447
ꯟ 5,129899 0,000851
malti 2,732003 0,000453
soccer 2,827314 0,004693
enough 5,129899 0,001703
принять 0,786093 0,000522
опасный 2,357310 0,001174
рок 1,695912 0,000281
ayisyen 2,490841 0,000413
авторство 0,986764 0,000164
высокий 0,760451 0,000379
мец 4,031286 0,000669
лицевой 3,050457 0,001013
финал 0,699082 0,000232
польский 3,183989 0,000528
català 1,086847 0,000180
новый 0,239550 0,000159
аста 4,436752 0,001473
поведение 0,839439 0,000557
complet 3,183989 0,000528
hausa 2,732003 0,000453
частичный 2,732003 0,000453
академия 1,834062 0,000304
испанский 2,185460 0,000363
теннис 0,475938 0,000158
complex 5,129899 0,000851
గ 2,038856 0,000338
заключаться 2,421849 0,001206
ребенок 1,323236 0,000220
лакку 3,743604 0,000621
финский 1,518981 0,000504
enciclopedia 3,183989 0,000528
эрзянь 5,129899 0,000851
карельский 5,129899 0,000851
فارسی 1,104547 0,000183
удар 1,633391 0,007049
bbc 2,932674 0,000974
grow 4,436752 0,000736
త 2,038856 0,000338
полный 0,940244 0,000312
автоматически 2,644992 0,000878
предел 1,603538 0,002395
ⵜⴰⵎⴰⵣⵉⵖⵜ 4,031286 0,000669
трюковый 5,129899 0,000851
исполнение 2,239527 0,001115
секретарь 3,338139 0,000554
as 2,564949 0,000851
ల 2,038856 0,000338
at 2,732003 0,000453
викимедиа 0,986764 0,000164
steven 3,743604 0,000621
показывать 1,762603 0,000293
коми 3,050457 0,000506
вплоть 1,871802 0,000311
azərbaycanca 1,258698 0,000209
робер 4,031286 0,000669
средство 1,664163 0,001105
be 3,520461 0,000584
определить 1,301257 0,000432
дополнительный 0,940244 0,001405
первоначальный 2,827314 0,000469
напротив 3,050457 0,000506
земля 2,490841 0,000827
мир 0,277868 0,002121
by 0,971016 0,000322
регби 0,955511 0,000634
русский 0,760451 0,000379
foot 5,129899 0,000851
входить 1,258698 0,000418
герен 4,031286 0,000669
cc 0,986764 0,000164
пустить 3,183989 0,000528
shqip 1,466337 0,000243
время 0,384967 0,000703
единственный 1,392229 0,000231
марья 2,827314 0,000469
внутренний 2,038856 0,000338
победитель 0,799165 0,000928
bikol 2,732003 0,000453
получение 2,085376 0,000346
носить 1,664163 0,000276
неофициальный 2,134166 0,000354
پنجابی 2,239527 0,000372
руй 3,183989 0,000528
отец 2,239527 0,000372
викиданных 0,986764 0,000164
зависимость 1,911023 0,000634
делаться 2,644992 0,001317
иво 3,338139 0,000554
видеоповторов 5,129899 0,000851
каталог 1,301257 0,000216
franca 3,050457 0,000506
увидеть 2,296685 0,000381
обеспечивать 2,732003 0,000453
индонезия 3,050457 0,000506
ತ 3,743604 0,000621
миллиард 1,911023 0,000317
хотя 1,546380 0,000770
en 2,932674 0,000487
дополнить 2,827314 0,001877
благотворительный 3,743604 0,000621
счет 0,799165 0,000265
er 4,031286 0,000669
олимпийский 0,342407 0,000341
ಳ 3,743604 0,000621
энд 3,520461 0,001169
читать 0,555188 0,000092
древние 2,932674 0,000487
древний 2,421849 0,000804
compar 5,129899 0,000851
прямая 1,441019 0,000478
англ 1,159607 0,003849
командный 1,002764 0,000499
for 2,239527 0,000372
волейбол 0,955511 0,000159
обязательно 2,357310 0,000783
кэмари 5,129899 0,000851
выявить 2,732003 0,000907
inuktitut 5,129899 0,000851
davvisámegiella 3,520461 0,000584
англоязычный 3,520461 0,001169
стэнли 2,185460 0,000363
лишь 1,159607 0,000192
anarâškielâ 5,129899 0,000851
порядком 4,436752 0,000736
лъэпэеу 5,129899 0,000851
nogomet 5,129899 0,000851
go 3,050457 0,000506
zeêuw 4,436752 0,000736
момент 0,910391 0,000302
эра 2,296685 0,000381
srpskohrvatski 1,416327 0,000235
футдаблбол 5,129899 0,000851
несостоявшийся 3,743604 0,000621
中文 1,035554 0,000172
помимо 1,911023 0,000317
добавление 4,031286 0,000669
fußbal 5,129899 0,000851
foundat 0,986764 0,000164
изд 2,564949 0,001277
испытание 3,183989 0,000528
подобный 1,911023 0,000317
среди 0,597299 0,001091
латвия 1,664163 0,000276
хоккейный 1,416327 0,000470
линси 4,031286 0,000669
канадский 1,603538 0,000266
yorùbá 2,732003 0,000453
corner 4,436752 0,000736
https 0,699082 0,000116
ie 4,436752 0,000736
вбрасывание 3,520461 0,001169
португальский 2,932674 0,000487
предупреждение 2,827314 0,000469
in 1,911023 0,002855
мобильный 0,555188 0,000092
пауза 2,490841 0,000413
татарча 1,392229 0,000231
tiếng 1,140915 0,000189
עברית 1,052361 0,000175
index 0,986764 0,000164
is 2,932674 0,002434
it 2,732003 0,000907
должен 0,597299 0,001091
избранный 0,955511 0,000159
dĕ 2,827314 0,000469
christma 4,436752 0,000736
ള 1,695912 0,000281
پښتو 2,732003 0,000453
последующий 2,085376 0,000346
мечта 2,185460 0,000725
ирон 2,827314 0,000469
забить 1,466337 0,001704
открывать 2,644992 0,000439
повторный 3,338139 0,000554
утвердиться 4,031286 0,000669
kurdî 1,834062 0,000304
разновидность 2,490841 0,004548
построение 3,183989 0,000528
крикет 1,695912 0,000563
world 1,416327 0,001646
провести 0,799165 0,000265
нецензурный 5,129899 0,000851
novial 3,520461 0,000584
издательство 3,338139 0,000554
это 0,181139 0,000511
массовый 1,466337 0,000243
прочный 3,338139 0,000554
большинство 1,466337 0,000243
упряжка 1,762603 0,000293
вулфолл 4,031286 0,000669
фатма 4,031286 0,000669
триатлон 1,633391 0,000271
taqbaylit 3,183989 0,000528
два 0,504926 0,001006
смена 1,762603 0,000293
centuri 4,031286 0,000669
gí 1,762603 0,000293
чистильщик 5,129899 0,000851
покрытие 2,490841 0,002067
ограничить 1,951845 0,000648
тренер 0,555188 0,000369
мефодий 5,129899 0,000851
доступный 0,955511 0,000159
пинание 5,129899 0,000851
li 4,031286 0,000669
стартовый 1,728701 0,000287
управлять 2,357310 0,000391
piemontèi 2,564949 0,000426
или 0,576022 0,002581
soc 5,129899 0,000851
размещаться 3,338139 0,000554
потому 2,085376 0,000346
қазақша 1,178655 0,000196
видеопомощи 5,129899 0,000851
that 3,520461 0,001169
арбитр 2,239527 0,001487
high 4,031286 0,001338
остров 2,357310 0,000783
включить 1,392229 0,000231
минимум 2,239527 0,000372
уход 1,834062 0,000304
bne 2,932674 0,000487
сокращаться 4,436752 0,000736
облегчение 5,129899 0,000851
bnf 1,834062 0,000304
учетный 0,986764 0,000164
нарушитель 3,743604 0,000621
музей 2,490841 0,000827
много 0,735450 0,000854
наноситься 3,183989 0,003699
level 4,436752 0,000736
представиться 0,986764 0,000164
уругваец 5,129899 0,000851
дворовый 4,436752 0,000736
затем 1,301257 0,000648
корейский 2,134166 0,000354
na 2,490841 0,000413
ng 2,827314 0,000469
разыгрываться 1,994404 0,000331
зритель 1,518981 0,000252
означать 2,185460 0,000363
no 1,911023 0,000317
тотальный 4,031286 0,000669
eʋegb 5,129899 0,000851
ошибка 0,576022 0,000191
вопрос 1,104547 0,000183
искусственный 2,239527 0,001115
германий 0,723179 0,000240
игра 0,112619 0,001009
поскольку 1,728701 0,000287
путем 2,644992 0,000439
of 1,695912 0,006474
deutsch 1,052361 0,000175
kâ 2,564949 0,000426
марта 0,853233 0,000566
регбилиг 3,743604 0,000621
шеффилд 4,436752 0,000736
имя 1,178655 0,000391
датский 1,368699 0,000227
on 2,239527 0,000372
kriyòl 3,743604 0,000621
рекомендация 1,217876 0,000202
присутствовать 1,951845 0,000324
больший 0,457070 0,000910
итальянец 2,421849 0,000402
мундиале 5,129899 0,000851
песок 3,520461 0,000584
ماز 2,490841 0,000413
распространение 2,357310 0,001174
событие 0,565551 0,000094
rumantsch 2,564949 0,000426
использование 0,277868 0,000184
уильям 3,050457 0,000506
скиинг 1,762603 0,000293
соревнование 0,411400 0,001502
ph 1,762603 0,000293
vakav 3,743604 0,000621
diffus 5,129899 0,000851
pp 3,520461 0,001169
лицензия 0,971016 0,000161
ничей 1,951845 0,000648
nation 2,644992 0,000878
заимствование 4,031286 0,000669
нагрузка 2,644992 0,000439
injuri 3,743604 0,000621
метровый 2,932674 0,000487
нейтральный 2,185460 0,000363
кодовый 4,031286 0,000669
угол 2,421849 0,001206
представлять 1,217876 0,000202
зимний 0,663991 0,000110
отстраняться 5,129899 0,000851
карточка 1,951845 0,000648
суть 3,183989 0,000528
практик 2,239527 0,000372
ряд 1,198073 0,000597
страница 0,910391 0,001511
адыгабзэ 3,743604 0,000621
сам 0,747872 0,000248
запись 0,910391 0,000151
qr 0,986764 0,000164
пренебрежительный 4,436752 0,000736
сердце 2,421849 0,000402
квалификация 1,695912 0,000844
санный 1,301257 0,000216
женский 0,663991 0,000110
banyumasan 4,436752 0,000736
сохранение 0,971016 0,000161
吴语 1,238078 0,000205
юрий 1,994404 0,000331
фристайл 1,238078 0,000411
удаться 1,994404 0,000331
шрикер 4,031286 0,000669
применение 2,085376 0,001038
социум 5,129899 0,000851
дать 0,608110 0,000101
пресс 0,895792 0,000149
персональный 0,723179 0,000120
ænglisc 2,564949 0,000426
действовать 0,825834 0,000411
ru 0,285712 0,000190
ilokano 3,050457 0,000506
исп 3,183989 0,000528
simi 2,732003 0,000453
болото 4,436752 0,000736
перенаправляться 2,644992 0,000439
третий 1,238078 0,000205
интерактивный 3,743604 0,000621
sa 0,986764 0,000328
дата 0,799165 0,003581
kel 3,183989 0,000528
nynorsk 1,546380 0,000257
sh 1,797694 0,000597
рекопа 4,031286 0,000669
того 0,955511 0,000317
nedersaksi 3,183989 0,000528
паря 1,217876 0,000202
проводить 0,910391 0,000604
китайский 1,069456 0,000178
español 1,019025 0,000169
спид 1,762603 0,000293
литература 1,695912 0,000563
россия 0,139466 0,000046
winaray 2,490841 0,000413
tagalog 1,911023 0,000317
emerg 4,031286 0,000669
bosanski 1,345709 0,000223
کٲش 3,743604 0,000621
свой 0,586604 0,000389
አማርኛ 3,183989 0,000528
парк 2,827314 0,000469
свое 0,457070 0,000379
свод 3,520461 0,001169
assist 4,031286 0,000669
встретиться 1,728701 0,000574
опробовать 4,031286 0,000669
to 2,038856 0,001015
настольный 1,198073 0,000597
шоубол 5,129899 0,000851
колледж 2,827314 0,001408
ua 3,520461 0,000584
эррерой 5,129899 0,000851
soomaaliga 3,050457 0,000506
популярность 1,797694 0,000895
йозеф 3,338139 0,000554
отдать 1,728701 0,000861
автоподтверждённых 3,183989 0,000528
norsk 1,052361 0,000349
gagana 3,050457 0,000506
штрафной 2,038856 0,006768
причина 1,368699 0,000454
флаг 0,895792 0,000297
ẽ 2,732003 0,000453
preview 4,031286 0,000669
кошт 3,520461 0,000584
дюйм 3,050457 0,000506
зепп 4,031286 0,000669
волшебный 1,695912 0,000281
попасть 1,140915 0,000189
polski 1,035554 0,000172
пробегать 3,520461 0,000584
юар 2,490841 0,001240
we 4,436752 0,000736
ситник 5,129899 0,000851
livvinkarjala 3,050457 0,000506
ножной 4,436752 0,000736
рейтинг 0,524729 0,000261
доп 3,050457 0,001013
org 0,986764 0,000164
зачем 2,421849 0,000402
зависеть 2,185460 0,000363
некоммерческий 0,986764 0,000164
даваться 3,050457 0,000506
великобритания 1,664163 0,000276
желтый 1,834062 0,000304
любой 1,238078 0,001233
мидо 5,129899 0,000851
walon 2,827314 0,000469
оригинальный 2,827314 0,000469
xx 1,546380 0,000513
мяч 0,735450 0,004639
наш 0,652562 0,000108
естественный 2,827314 0,000469
джибриля 5,129899 0,000851
ya 5,129899 0,000851
указание 0,986764 0,000164
блаттера 5,129899 0,000851
показательный 1,279751 0,000212
устареть 3,050457 0,000506
школьник 3,183989 0,000528
суперкубок 2,296685 0,000381
српски 1,035554 0,000172
problem 4,031286 0,000669
доллар 2,239527 0,000372
предложение 2,239527 0,000372
piłka 5,129899 0,000851
около 1,518981 0,000756
бертон 5,129899 0,000851
goal 4,436752 0,001473
ворот 1,762603 0,011117
распределение 2,421849 0,000402
двоеборье 1,217876 0,000202
тело 1,762603 0,000293
заниматься 1,574551 0,000523
come 3,520461 0,000584
анализ 2,296685 0,000381
дэниел 3,743604 0,000621
противник 2,239527 0,000743
ски 1,069456 0,000178
аргентина 1,951845 0,000648
гиффорд 5,129899 0,011920
одиннадцатиметрового 5,129899 0,000851
penalti 5,129899 0,000851
маттиас 4,031286 0,000669
собирать 3,183989 0,000528
адриано 3,520461 0,000584
ག 2,564949 0,000426
максимум 2,827314 0,000939
континентальный 1,871802 0,000311
ирландия 2,185460 0,000363
исполнительный 3,050457 0,000506
лыжный 0,675551 0,000224
который 0,325878 0,001947
юниор 1,345709 0,000223
постоянный 0,881403 0,000293
конькобежный 1,140915 0,000189
легкий 0,895792 0,000149
пересечь 3,338139 0,001662
ད 2,564949 0,000426
например 1,603538 0,002129
رونی 2,490841 0,000413
བ 2,564949 0,000426
türkçe 1,052361 0,000175
победа 0,420369 0,000070
филлипса 5,129899 0,000851
забивать 2,564949 0,000426
защищаться 2,564949 0,000426
ཡ 2,564949 0,000426
napulitano 2,932674 0,000487
выбрать 1,323236 0,000220
случай 0,867219 0,001439
сми 1,546380 0,000257
поколение 2,827314 0,000469
америка 1,279751 0,000637
cebuano 2,932674 0,000487
rugger 4,436752 0,000736
союз 1,301257 0,000216
инфраструктура 2,564949 0,000426
несколько 0,971016 0,000322
jalkapallo 5,129899 0,000851
dello 3,183989 0,000528
rumagnòl 4,031286 0,000669
начало 0,760451 0,000884
располагаться 1,951845 0,000648
сетка 2,085376 0,000346
avañ 2,732003 0,000453
хавьер 3,183989 0,000528
gwiyannen 3,743604 0,000621
разрешение 2,732003 0,000453
свежий 0,839439 0,000139
использовать 0,940244 0,000780
околофутбольная 5,129899 0,001703
соккер 4,436752 0,006628
закачиваться 5,129899 0,000851
золотой 1,002764 0,000499
любитель 1,238078 0,000205
маленький 1,392229 0,000462
толчок 2,490841 0,000413
development 5,129899 0,000851
ລາວ 2,932674 0,000487
xiv 2,490841 0,000413
xix 1,834062 0,000304
коррупция 3,338139 0,000554
uyghurch 2,644992 0,000439
апрель 0,986764 0,002129
embassi 5,129899 0,000851
внешний 1,104547 0,000183
совершить 2,134166 0,000708
основатель 2,564949 0,000426
морьентес 5,129899 0,000851
количество 0,853233 0,001699
трибун 1,603538 0,000266
colleg 4,436752 0,001473
бейсбол 1,416327 0,000470
начальный 2,827314 0,001408
составить 1,546380 0,000257
нет 0,825834 0,000274
называться 1,603538 0,001597
мужчина 0,812411 0,000135
престона 5,129899 0,000851
sesotho 3,520461 0,000584
line 3,743604 0,000621
соединять 4,436752 0,000736
becom 3,338139 0,000554
статистика 0,630089 0,000105
трофей 1,871802 0,000621
связующий 3,743604 0,000621
award 3,183989 0,000528
бэкхема 5,129899 0,000851
മലയ 1,695912 0,000281
пресса 5,129899 0,000851
player 3,183989 0,002114
монгол 1,518981 0,000252
плохой 1,994404 0,000331
will 3,338139 0,000554
arpetan 3,520461 0,000584
травма 1,122566 0,000932
талант 2,644992 0,000439
follow 4,436752 0,000736
ввести 1,695912 0,000281
аудитория 3,183989 0,000528
престону 5,129899 0,000851
cantu 5,129899 0,000851
миллион 1,392229 0,003004
обслуживать 4,436752 0,000736
кыргызча 2,085376 0,000346
уходить 2,134166 0,000354
проверить 1,368699 0,000227
переть 0,359214 0,000537
источник 0,786093 0,000130
