состояться 1,140915 0,001550
scot 1,695912 0,000461
поездка 3,520461 0,000957
состоять 1,279751 0,001043
стандартный 2,185460 0,000594
adolph 5,129899 0,001394
latina 1,603538 0,000436
хватать 1,633391 0,000444
найти 1,122566 0,000305
branch 4,436752 0,001206
экспорт 0,986764 0,000268
влиятельный 3,520461 0,000957
lccn 1,492313 0,000406
တ 5,129899 0,001394
выигрывать 1,728701 0,000940
န 2,134166 0,000580
физический 1,392229 0,000378
ikinyarwanda 3,338139 0,000907
владение 2,421849 0,003291
ဘ 2,134166 0,000580
ไทย 1,238078 0,000336
kernowek 3,520461 0,000957
မ 2,134166 0,001160
tatarça 1,392229 0,000378
日本語 1,035554 0,000281
со 0,447767 0,000608
центр 0,773190 0,000210
частность 1,994404 0,000542
вероятно 3,520461 0,000957
သ 2,134166 0,000580
nova 2,932674 0,000797
الدارجة 2,357310 0,000641
slovenščina 1,345709 0,000366
под 0,723179 0,001376
клипперс 3,743604 0,001017
парусный 1,574551 0,000428
заявление 0,799165 0,000217
старинный 3,050457 0,000829
окружность 2,827314 0,000768
проиграть 1,104547 0,000300
пол 0,910391 0,000742
связаться 0,867219 0,000236
декабрь 0,853233 0,000927
пом 1,695912 0,000461
mìng 2,827314 0,000768
brezhoneg 2,038856 0,000554
человек 0,940244 0,001022
помещение 2,239527 0,000609
подробный 0,687247 0,000187
заведение 3,338139 0,001814
содержание 0,955511 0,000519
десятилетие 2,239527 0,001217
отказаться 1,695912 0,000461
universali 1,951845 0,001061
eesti 1,069456 0,000291
пункт 2,357310 0,001281
овладеть 5,129899 0,001394
отсчет 3,050457 0,000829
مصرى 1,546380 0,000420
čeština 1,035554 0,000281
wind 5,129899 0,001394
aragoné 1,762603 0,000479
нога 1,664163 0,001809
minangkabau 2,564949 0,000697
студент 2,357310 0,001281
barnstorm 5,129899 0,001394
нортгемптоне 5,129899 0,001394
создатель 3,050457 0,000829
викисклад 1,035554 0,000563
населенный 4,436752 0,001206
britannica 1,518981 0,000826
корфбол 1,762603 0,000958
каноэ 1,633391 0,000444
aau 4,436752 0,001206
דיש 2,644992 0,000719
лейкерс 2,239527 0,000609
пройти 0,544931 0,000148
lëtzebuergesch 1,762603 0,000479
slovenčina 1,069456 0,000291
machin 1,633391 0,000444
wikipedia 0,986764 0,000536
gnd 1,392229 0,000378
итальянский 1,633391 0,001332
gaelg 3,338139 0,000907
plattdüütsch 2,357310 0,000641
a 1,392229 0,000757
препятствовать 3,520461 0,000957
отредактировать 0,986764 0,000268
c 1,546380 0,000840
увековечиваться 5,129899 0,001394
проект 0,457070 0,000248
быстро 2,038856 0,000554
называть 1,258698 0,001026
h 2,490841 0,001354
j 1,466337 0,000398
христианский 4,436752 0,002411
ушу 1,728701 0,000470
the 1,546380 0,004622
p 1,951845 0,000530
франкоязычный 5,129899 0,001394
s 1,664163 0,001357
u 1,345709 0,000366
ситуация 1,392229 0,000378
w 0,955511 0,000260
x 1,279751 0,000696
හල 1,834062 0,000498
потребовать 2,932674 0,000797
иной 2,038856 0,000554
также 0,663991 0,001263
шайба 0,986764 0,000268
العربية 1,069456 0,000291
фризский 1,762603 0,000479
украина 1,217876 0,000331
ligur 3,520461 0,000957
италия 0,524729 0,000143
пересечение 3,050457 0,000829
трава 1,392229 0,000757
шотов 5,129899 0,001394
находиться 0,925206 0,001006
территория 1,518981 0,000413
собачий 1,762603 0,000479
duck 5,129899 0,001394
начать 1,279751 0,001043
изменение 1,345709 0,001097
окончание 1,546380 0,001261
библиографический 1,279751 0,000348
аут 3,050457 0,000829
конгресс 2,185460 0,000594
сверх 5,129899 0,001394
правка 0,986764 0,000536
судья 1,035554 0,001126
однако 1,069456 0,000581
батут 1,728701 0,000470
серфинг 1,762603 0,000479
себя 0,597299 0,000487
tolışi 1,871802 0,000509
грунт 4,436752 0,001206
система 0,799165 0,000217
стритбол 5,129899 0,001394
việt 1,140915 0,000310
отказ 0,839439 0,000228
травмоопасным 4,436752 0,001206
нападение 2,357310 0,002562
июнь 1,198073 0,000977
дзюдо 1,466337 0,000398
постепенно 2,296685 0,000624
рико 3,338139 0,000907
гонка 0,853233 0,000464
один 0,342407 0,001117
иметь 1,069456 0,000581
значительный 2,185460 0,000594
jaku 4,031286 0,001095
длина 1,871802 0,001017
пример 1,994404 0,000542
вперед 1,797694 0,000489
чм 1,492313 0,000406
контролировать 2,564949 0,000697
жесткий 1,728701 0,000470
югославский 3,743604 0,001017
часть 1,104547 0,000300
выход 1,178655 0,000641
практический 1,546380 0,000840
последний 0,376309 0,000409
майкл 2,239527 0,000609
сторона 1,069456 0,000581
минута 0,940244 0,001278
некоторый 2,644992 0,000719
часто 1,574551 0,000428
крепиться 4,436752 0,001206
бежать 3,050457 0,000829
некоторые 1,198073 0,000326
архив 1,198073 0,000326
инвентарь 2,085376 0,001700
монреаль 2,357310 0,000641
pdf 0,940244 0,000256
сша 0,586604 0,001275
ресурс 0,812411 0,000221
описание 0,881403 0,000240
age 3,520461 0,000957
заменить 1,546380 0,000420
одновременно 1,762603 0,000958
bahasa 1,086847 0,000591
अ 3,338139 0,000907
хранить 3,743604 0,001017
кольцо 2,827314 0,007683
качество 1,323236 0,000360
تۆرکجه 1,762603 0,000479
через 0,971016 0,000528
क 2,421849 0,001316
океания 2,296685 0,001248
ग 3,183989 0,000865
lietuvių 1,140915 0,000310
замена 1,951845 0,000530
вследствие 3,338139 0,000907
словарь 1,198073 0,000651
становиться 1,159607 0,000315
стрельба 1,441019 0,000783
ठ 1,574551 0,000428
официально 1,159607 0,000315
скала 3,743604 0,001017
knickerbock 5,129899 0,001394
бразилия 1,797694 0,000977
разработчик 0,971016 0,000264
значимый 2,644992 0,000719
थ 2,932674 0,000797
саха 2,644992 0,000719
द 1,546380 0,000420
чемпионский 1,574551 0,000428
ноябрь 0,955511 0,000779
न 1,518981 0,001238
команда 0,262364 0,002780
प 1,911023 0,001039
nba 4,436752 0,008439
вклад 0,955511 0,000519
сквош 1,728701 0,000470
indonesia 1,086847 0,000295
भ 2,239527 0,000609
лос 1,518981 0,000826
म 2,932674 0,000797
toki 3,338139 0,000907
довольный 1,994404 0,000542
конференция 1,392229 0,000378
ल 1,911023 0,001558
текст 0,925206 0,000251
очко 1,416327 0,002309
являться 1,019025 0,001938
lâm 1,762603 0,000479
проводиться 1,086847 0,000591
получать 1,301257 0,000354
ष 2,296685 0,000624
коснуться 2,490841 0,000677
нападать 1,518981 0,000413
никогда 1,951845 0,000530
स 2,644992 0,001437
очки 0,940244 0,000511
секунда 1,633391 0,005326
esperanto 1,198073 0,000326
ह 1,546380 0,000420
временить 1,140915 0,001550
jame 3,520461 0,000957
стопа 2,932674 0,000797
women 2,827314 0,000768
зона 1,603538 0,004357
перейти 0,586604 0,000319
uleb 5,129899 0,001394
нужно 1,492313 0,000406
бить 2,357310 0,001281
boarisch 2,357310 0,000641
интерес 1,871802 0,000509
guy 5,129899 0,001394
скелетон 1,258698 0,000342
українська 1,035554 0,000281
популяризация 2,932674 0,000797
металлический 3,520461 0,000957
лякросс 1,762603 0,000479
нохчийн 2,296685 0,000624
ответственность 0,895792 0,000487
слово 1,035554 0,000281
американец 2,134166 0,001160
дистанцироваться 5,129899 0,001394
молодая 1,762603 0,000479
допуск 2,564949 0,000697
спортсмен 0,565551 0,000461
образовать 2,827314 0,001537
françai 1,019025 0,000277
рэкетс 1,728701 0,000470
сильнейший 1,546380 0,000840
взять 1,159607 0,000630
начинаться 1,664163 0,000452
стоить 1,546380 0,000420
его 0,447767 0,001217
удачный 2,564949 0,000697
только 0,447767 0,000365
ndl 1,834062 0,000498
php 0,986764 0,000268
cite 1,258698 0,000342
средний 1,441019 0,001175
студенческий 2,564949 0,000697
бадминтон 1,518981 0,000413
байдарка 1,603538 0,000436
com 0,925206 0,000754
шорты 1,035554 0,000281
donald 4,436752 0,001206
удаленный 1,492313 0,000406
võro 2,932674 0,000797
турнир 0,293617 0,000160
гимнастический 3,338139 0,000907
горнолыжный 1,301257 0,000354
уступить 1,368699 0,000372
баскский 1,664163 0,000452
корзина 4,436752 0,015673
причем 1,871802 0,000509
frysk 1,762603 0,000479
west 2,827314 0,000768
ведение 2,644992 0,003594
заглавный 0,986764 0,000268
гэльский 1,762603 0,000479
быстрый 1,664163 0,000452
канат 1,762603 0,000479
all 3,050457 0,001658
new 2,038856 0,001662
совершать 3,338139 0,000907
грудь 2,644992 0,000719
когда 0,652562 0,000887
шота 4,436752 0,001206
разграничение 5,129899 0,001394
сеять 2,827314 0,000768
客家語 2,564949 0,000697
тематический 2,038856 0,000554
ব 1,416327 0,000385
объединение 2,296685 0,001248
нарушение 1,416327 0,002694
выражение 3,743604 0,001017
য 2,644992 0,000719
конфиденциальность 0,293617 0,000080
гандбол 1,122566 0,000915
ল 1,416327 0,000385
привязать 4,436752 0,001206
svenska 1,035554 0,000281
шахматы 1,834062 0,000498
чего 1,345709 0,000366
моторный 1,762603 0,000479
список 0,986764 0,001073
масса 1,911023 0,000519
ссср 0,940244 0,000767
будо 1,762603 0,000479
опубликовать 1,762603 0,000479
приобрести 2,038856 0,000554
идти 1,159607 0,000315
ширина 2,357310 0,000641
престижный 2,085376 0,000567
открыть 1,279751 0,000348
появляться 2,038856 0,000554
пропорционально 5,129899 0,001394
примерный 2,085376 0,000567
фехтование 1,546380 0,000420
минь 2,134166 0,000580
and 1,762603 0,001916
перетягивание 1,762603 0,000479
высота 1,762603 0,000958
именно 1,492313 0,000811
против 0,747872 0,000203
igbo 3,338139 0,000907
общество 1,871802 0,000509
профессиональный 1,052361 0,003146
так 0,597299 0,000812
там 1,603538 0,001307
французский 1,052361 0,000286
interlingua 1,603538 0,000436
федерация 0,495170 0,000269
румыния 2,038856 0,000554
баа 4,436752 0,001206
возникнуть 2,038856 0,001108
развиваться 2,185460 0,000594
любительский 1,416327 0,002309
где 0,675551 0,000367
основание 1,416327 0,000385
перевести 2,644992 0,000719
спорный 2,732003 0,000742
accord 5,129899 0,001394
активный 1,546380 0,001261
попадание 2,038856 0,000554
счастливый 2,932674 0,001594
всеять 1,871802 0,000509
участвовать 0,955511 0,000519
укрепить 3,050457 0,000829
sardu 2,932674 0,000797
сообщить 0,447767 0,000122
примечание 1,002764 0,000545
счастье 4,031286 0,001095
пятиборье 1,574551 0,000428
быть 0,119263 0,000940
европейский 1,122566 0,000305
физкультура 1,994404 0,000542
расселл 2,296685 0,000624
sport 0,760451 0,000207
балкон 4,031286 0,001095
пуэрто 3,338139 0,000907
зало 1,797694 0,001466
финальный 1,492313 0,000406
перила 5,129899 0,001394
исключение 1,695912 0,000461
скалолазание 1,695912 0,000461
есть 0,812411 0,000221
линия 1,466337 0,001594
произвольно 3,743604 0,001017
объединиться 4,031286 0,001095
преподаватель 3,183989 0,001730
установить 1,279751 0,000696
спорт 0,125952 0,000787
конный 1,574551 0,000428
разработать 1,728701 0,000470
кулак 3,183989 0,000865
просмотр 0,925206 0,000251
помешать 2,239527 0,001217
спрингфилде 4,436752 0,001206
национальный 0,839439 0,003194
english 0,925206 0,000503
выполнять 1,994404 0,001084
перерыв 1,762603 0,001437
набрать 1,368699 0,000372
этот 0,350775 0,000572
спрингфилда 5,129899 0,001394
press 2,185460 0,001782
ਜ 1,664163 0,000452
четыре 0,910391 0,000247
кроссовер 5,129899 0,001394
сказать 1,368699 0,000372
suomi 1,052361 0,000286
признанный 2,038856 0,000554
друг 1,518981 0,000826
want 4,436752 0,001206
ближний 1,728701 0,000470
qaraqalpaqsha 2,038856 0,000554
ਪ 1,664163 0,000452
ਬ 1,664163 0,000452
экипировка 2,239527 0,000609
основной 1,122566 0,001525
край 1,994404 0,000542
афина 2,421849 0,000658
creativ 0,986764 0,000268
известный 0,986764 0,001073
ныне 2,357310 0,000641
можно 1,002764 0,000272
фиксировать 3,520461 0,000957
основное 1,368699 0,000744
română 1,122566 0,000305
сложиться 2,490841 0,000677
māori 3,743604 0,001017
камень 2,732003 0,001485
элемент 0,925206 0,001006
toronto 3,338139 0,000907
nkc 1,574551 0,000428
alemannisch 2,357310 0,000641
спортивный 0,301585 0,000492
игрок 0,711058 0,004831
женщина 0,663991 0,000180
portuguê 1,035554 0,000281
стремиться 2,421849 0,000658
мужской 1,198073 0,001302
впервые 0,839439 0,000228
ngî 2,564949 0,000697
oʻzbekcha 1,140915 0,000310
бросать 3,520461 0,000957
прыгать 4,031286 0,004382
раз 0,485508 0,000132
чемпионат 0,188256 0,001177
ўзбекча 1,140915 0,000310
kreyòl 2,490841 0,000677
прошествие 3,743604 0,001017
latviešu 1,052361 0,000286
российский 0,224624 0,000183
испания 1,159607 0,000315
цель 1,238078 0,001009
think 4,436752 0,001206
необходимо 1,994404 0,001084
выиграть 0,485508 0,000132
расформировываться 5,129899 0,001394
счетчик 4,436752 0,001206
подбрасывать 5,129899 0,001394
снизу 3,520461 0,000957
версия 0,393700 0,000321
регулярный 1,951845 0,000530
спустя 1,911023 0,001558
team 2,490841 0,000677
турнирный 1,086847 0,000591
jawa 1,911023 0,000519
обычно 1,695912 0,000922
воспитание 2,827314 0,000768
основать 1,466337 0,000797
अवध 3,338139 0,000907
зарегистрировать 0,711058 0,000193
популярный 1,392229 0,000757
поло 1,441019 0,000783
اردو 1,574551 0,000428
без 0,466460 0,000634
противоположный 2,732003 0,000742
поле 1,392229 0,000757
thuɔŋjäŋ 4,436752 0,001206
передневать 4,436752 0,001206
閩東語 2,827314 0,000768
между 0,955511 0,001298
выполнение 2,185460 0,000594
плотноопекаемый 5,129899 0,002788
знак 0,986764 0,000268
bomb 3,743604 0,001017
штат 2,185460 0,001782
мюнхен 2,490841 0,000677
правый 0,971016 0,000528
чӑвашла 2,134166 0,000580
положить 2,185460 0,000594
представитель 1,238078 0,000336
руководство 1,301257 0,000707
hak 2,564949 0,000697
коллективный 4,436752 0,001206
разрешаться 2,490841 0,001354
австралийский 1,633391 0,000444
ગ 3,338139 0,000907
европа 0,393700 0,000642
вынудить 2,185460 0,000594
оставаться 1,301257 0,000354
блок 2,421849 0,001316
передача 1,633391 0,000888
glass 5,129899 0,001394
ત 3,338139 0,000907
пока 1,159607 0,000315
develop 3,743604 0,001017
посол 0,301585 0,000492
медиафайлы 1,217876 0,000662
ಕನ 2,038856 0,000554
клуб 0,652562 0,000355
слиться 5,129899 0,001394
гласить 4,031286 0,001095
batchelor 5,129899 0,001394
оцениваться 2,827314 0,000768
celtic 4,436752 0,001206
центральный 1,603538 0,000436
galego 1,178655 0,000320
ассоциация 1,416327 0,004618
renaiss 5,129899 0,001394
старый 1,159607 0,000315
page 0,986764 0,000268
короткий 0,699082 0,000380
treccani 2,827314 0,000768
gàidhlig 2,644992 0,000719
бороться 1,633391 0,000444
нижний 0,955511 0,000519
внести 2,239527 0,001217
евролига 1,664163 0,001357
просуществовать 3,520461 0,000957
играющий 2,644992 0,000719
book 2,932674 0,002391
basketbal 4,031286 0,008764
поражение 1,122566 0,000610
оба 1,368699 0,000372
служебный 0,955511 0,000260
кодекс 0,971016 0,000264
central 2,732003 0,000742
покинуть 1,871802 0,001017
положение 1,416327 0,000385
слэм 4,031286 0,001095
скамейка 2,564949 0,001394
жест 2,827314 0,001537
назначаться 2,421849 0,001316
карат 1,728701 0,000470
война 1,695912 0,000461
канада 0,867219 0,000943
бобслей 1,217876 0,000331
mirandé 2,732003 0,000742
разделить 2,134166 0,000580
associ 0,986764 0,000268
торонто 3,183989 0,000865
поначалу 3,338139 0,000907
несоблюдение 4,436752 0,001206
культура 1,392229 0,000757
проставить 3,743604 0,001017
свободный 0,867219 0,000236
vosa 3,743604 0,001017
рассматриваться 2,932674 0,000797
существовать 1,122566 0,000610
статья 0,495170 0,002018
если 0,675551 0,000918
interlingu 2,239527 0,000609
современный 1,159607 0,001260
улеб 5,129899 0,001394
соответственно 2,134166 0,000580
wikimedia 0,986764 0,000268
викицитатнике 2,827314 0,000768
секундный 5,129899 0,004182
повод 2,239527 0,000609
pub 5,129899 0,001394
аббревиатура 3,183989 0,000865
ограничение 1,834062 0,000498
сводиться 4,031286 0,001095
мировой 0,955511 0,000260
групповой 1,603538 0,000436
ελληνικά 1,086847 0,000295
routledg 3,520461 0,000957
близкий 1,762603 0,000958
получить 0,384967 0,000837
фол 2,827314 0,008451
контакт 1,035554 0,000563
язык 0,925206 0,000251
исключительно 2,357310 0,001281
зимой 2,827314 0,000768
golden 3,520461 0,000957
предпринять 3,183989 0,000865
архивировать 1,104547 0,001201
অসম 2,644992 0,000719
יי 2,644992 0,000719
tsetsêhestâhes 5,129899 0,001394
связанный 0,786093 0,000427
гость 1,994404 0,000542
викицитатник 2,827314 0,001537
melayu 1,368699 0,000372
разный 1,368699 0,000372
memori 4,031286 0,001095
wayback 1,633391 0,000444
italiano 1,035554 0,000281
год 0,099461 0,001514
пробежка 4,031286 0,001095
айсшток 1,728701 0,000470
закинуть 4,436752 0,001206
приходиться 2,038856 0,001108
международный 0,466460 0,001521
հայերեն 1,198073 0,000326
комитет 1,368699 0,000744
башҡортса 1,518981 0,000413
матч 0,293617 0,001277
деталь 2,644992 0,000719
мая 0,986764 0,000268
euskara 1,122566 0,000305
вывод 3,338139 0,000907
поэтому 1,392229 0,000378
длительность 3,183989 0,000865
српскохрватски 1,416327 0,000385
дриблинг 4,031286 0,001095
расстояние 2,085376 0,001133
антон 1,695912 0,000922
web 1,279751 0,000348
динамо 0,663991 0,000361
bokmål 1,069456 0,000291
доминировать 2,421849 0,001316
sakizaya 4,436752 0,001206
vepsän 3,183989 0,000865
подбора 3,520461 0,001913
текущий 0,867219 0,000236
экспресс 1,416327 0,000385
овертайм 3,183989 0,001730
страна 0,641262 0,000871
улучшить 1,951845 0,000530
banjar 2,932674 0,000797
пропустить 1,122566 0,000305
засчитать 2,357310 0,000641
инструмент 0,881403 0,000479
глима 1,762603 0,000479
batak 3,050457 0,000829
создать 0,773190 0,000840
температура 2,932674 0,000797
такой 0,735450 0,000799
планерный 1,762603 0,000479
деть 0,619039 0,000168
samoa 3,050457 0,000829
стен 3,050457 0,000829
полуфинал 1,238078 0,000336
asturianu 1,323236 0,000360
лестница 3,520461 0,000957
کوردی 1,762603 0,000479
решение 0,839439 0,000456
рука 1,392229 0,001892
лига 0,325878 0,000886
проходить 0,867219 0,000236
печать 0,955511 0,000519
íslenska 1,392229 0,000378
широкий 2,038856 0,000554
включать 1,323236 0,000360
пелота 1,728701 0,000470
летний 0,619039 0,000673
afrikaan 1,441019 0,000392
фонд 0,895792 0,000243
фиба 4,031286 0,023005
состав 0,867219 0,000707
изъять 3,743604 0,001017
олимпиада 0,576022 0,000313
જર 3,338139 0,000907
тот 0,393700 0,001498
обсуждение 0,867219 0,000471
jordan 3,743604 0,001017
стойка 2,490841 0,001354
трамплин 1,140915 0,000310
наиболее 1,466337 0,000797
организация 0,663991 0,000902
драфт 3,520461 0,000957
сложно 2,134166 0,000580
titl 0,986764 0,000268
десять 1,797694 0,000977
group 2,357310 0,000641
пятнадцать 3,338139 0,000907
поздний 1,323236 0,000360
товарный 0,986764 0,000268
история 0,270086 0,000367
македонский 1,258698 0,000342
три 1,178655 0,000641
таблица 0,711058 0,000386
shatter 4,436752 0,001206
длить 0,146292 0,000199
閩南語 1,762603 0,000479
bân 1,762603 0,000479
клубный 1,416327 0,000770
школа 1,492313 0,000406
персик 5,129899 0,001394
ழ 1,492313 0,000406
либо 1,140915 0,000620
миннеаполис 4,436752 0,001206
histori 1,762603 0,000958
forrest 5,129899 0,001394
перехват 3,743604 0,001017
название 1,035554 0,001126
тыловой 5,129899 0,001394
поиск 0,711058 0,000386
площадка 1,574551 0,003851
чемпион 0,334108 0,000182
сформулировать 3,743604 0,001017
game 1,797694 0,000489
handbook 3,520461 0,000957
джеймс 1,911023 0,002077
аналогичный 2,085376 0,000567
возрасти 2,827314 0,000768
remark 5,129899 0,001394
oldid 0,986764 0,000268
оформляться 5,129899 0,001394
катание 0,514778 0,000140
слышать 3,743604 0,002035
массачусетс 4,031286 0,002191
петербургский 2,185460 0,000594
первое 0,393700 0,001391
как 0,232059 0,000568
лыжа 0,925206 0,000503
дистанция 1,728701 0,000940
условие 0,334108 0,000272
женева 3,050457 0,000829
отвечать 2,239527 0,000609
отсутствовать 2,564949 0,000697
harlem 4,436752 0,001206
malti 2,732003 0,000742
изменяться 3,050457 0,001658
занять 1,159607 0,000315
стейплс 5,129899 0,001394
тарашкевіца 1,198073 0,000326
принять 0,786093 0,000854
немой 1,416327 0,000385
рок 1,695912 0,000461
брэ 4,031286 0,001095
замечание 3,743604 0,001017
гастрольный 5,129899 0,001394
cymraeg 1,574551 0,000428
третье 1,035554 0,000281
ayisyen 2,490841 0,000677
двенадцать 2,827314 0,000768
авторство 0,986764 0,000268
высокий 0,760451 0,000413
эгида 1,728701 0,001409
пилотный 5,129899 0,001394
активно 2,239527 0,000609
sicilianu 2,038856 0,000554
второй 0,576022 0,000313
джордан 2,932674 0,000797
финал 0,699082 0,000760
català 1,086847 0,000295
глобализация 4,031286 0,001095
dansk 1,069456 0,000291
новый 0,239550 0,000325
поведение 0,839439 0,000456
hausa 2,732003 0,000742
вызов 2,357310 0,001281
еще 0,167054 0,000272
теннис 0,475938 0,000259
గ 2,038856 0,000554
заключаться 2,421849 0,000658
поразить 3,338139 0,000907
سنڌي 3,050457 0,000829
ребенок 1,323236 0,000360
giant 3,743604 0,001017
одерживать 3,050457 0,000829
литва 2,239527 0,002434
лакку 3,743604 0,001017
финский 1,518981 0,000413
трёхочковой 4,436752 0,003617
you 3,338139 0,000907
فارسی 1,104547 0,000300
менее 1,258698 0,000684
касаться 1,994404 0,000542
берлин 2,644992 0,000719
త 2,038856 0,000554
беларуская 1,069456 0,000581
полный 0,940244 0,000256
предел 1,603538 0,001307
чехословакия 2,038856 0,000554
bill 3,520461 0,001913
предложить 1,441019 0,000392
поменяться 3,183989 0,000865
an 2,644992 0,000719
а 0,209918 0,000228
в 0,017911 0,000813
устраиваться 5,129899 0,001394
олык 2,932674 0,000797
ల 2,038856 0,000554
г 0,925206 0,000503
викимедиа 0,986764 0,000268
д 0,895792 0,000243
webcit 2,038856 0,000554
сендой 5,129899 0,001394
расставаться 4,031286 0,001095
и 0,023953 0,000482
живой 3,520461 0,002870
к 0,132686 0,000397
добиться 2,085376 0,000567
л 2,038856 0,000554
велоспорт 1,178655 0,000320
м 0,534779 0,001453
коми 3,050457 0,000829
вплоть 1,871802 0,000509
azərbaycanca 1,258698 0,000342
альпинизм 1,301257 0,000354
о 0,042302 0,000023
с 0,036149 0,000403
она 0,597299 0,000649
скейтбординг 1,762603 0,000479
средство 1,664163 0,000452
т 1,368699 0,000372
у 0,342407 0,000093
определить 1,301257 0,000707
течение 1,238078 0,001009
х 0,986764 0,000536
hoopmania 4,436752 0,001206
скачать 0,895792 0,000487
они 0,524729 0,000713
сезон 0,723179 0,000786
дополнительный 0,940244 0,000511
я 0,747872 0,000406
сноска 1,951845 0,003182
футбол 0,247097 0,000403
мир 0,277868 0,001586
атлетика 0,955511 0,000519
статистический 3,050457 0,000829
by 0,971016 0,000264
регби 0,955511 0,000519
deadlink 2,038856 0,000554
португалия 1,994404 0,000542
русский 0,760451 0,000207
brad 4,436752 0,001206
касание 2,827314 0,000768
входить 1,258698 0,000342
копия 1,416327 0,000385
xitsonga 5,129899 0,001394
этап 0,895792 0,000487
cc 0,986764 0,000268
небольшой 2,296685 0,000624
shqip 1,466337 0,000398
время 0,384967 0,001046
конец 1,035554 0,000281
отдаленно 4,031286 0,001095
единственный 1,392229 0,000378
приставить 5,129899 0,001394
марья 2,827314 0,000768
fiba 4,031286 0,002191
прислать 2,490841 0,000677
победитель 0,799165 0,000434
bikol 2,732003 0,000742
составлять 1,518981 0,000413
получение 2,085376 0,000567
неофициальный 2,134166 0,000580
پنجابی 2,239527 0,000609
粵語 1,178655 0,000320
приземление 4,436752 0,001206
метр 1,574551 0,000856
восемь 1,695912 0,000922
викиданных 0,986764 0,000268
तम 2,644992 0,000719
தம 1,492313 0,000406
каталанский 1,695912 0,000922
прийтись 1,871802 0,000509
построить 2,296685 0,000624
каталог 1,301257 0,000354
franca 3,050457 0,000829
викискладе 1,217876 0,000662
выступить 1,238078 0,000336
нейсмит 4,436752 0,003617
сноуборд 1,178655 0,000320
паркет 4,436752 0,001206
победить 0,699082 0,000190
австралия 1,664163 0,000452
впоследствии 1,911023 0,000519
ключевой 2,296685 0,000624
ತ 3,743604 0,001017
задача 1,546380 0,000420
счет 0,799165 0,000434
brown 4,031286 0,001095
забросить 2,421849 0,004607
недолгий 3,520461 0,000957
олимпийский 0,342407 0,001210
хёрлинг 1,762603 0,000479
ಳ 3,743604 0,001017
читать 0,555188 0,000151
susan 4,031286 0,001095
тяжелый 0,940244 0,000256
արեւմտահայերէն 2,564949 0,000697
рфб 4,031286 0,001095
школьный 3,520461 0,000957
жаловаться 3,743604 0,002035
англ 1,159607 0,005672
ślůnski 2,932674 0,000797
командный 1,002764 0,000545
цитата 2,732003 0,002227
origin 3,183989 0,001730
преднамеренно 5,129899 0,001394
волейбол 0,955511 0,000260
раздевалка 2,421849 0,000658
univers 2,564949 0,001394
random 4,436752 0,001206
академический 1,546380 0,000420
плавание 1,178655 0,000641
биатлон 0,485508 0,000132
мера 2,296685 0,001248
выявить 2,732003 0,000742
пожертвовать 0,940244 0,000256
существенный 2,732003 0,001485
обоюдный 3,520461 0,000957
подтверждать 2,185460 0,000594
лишь 1,159607 0,001260
over 3,743604 0,001017
владеть 2,357310 0,003203
япония 1,279751 0,000348
московский 1,574551 0,000428
ссылка 0,699082 0,001710
активность 3,183989 0,000865
kiswahili 2,185460 0,000594
впрочем 2,732003 0,002970
момент 0,910391 0,000742
vahcuengh 3,743604 0,001017
simmon 5,129899 0,001394
lingála 3,050457 0,000829
srpskohrvatski 1,416327 0,000385
середина 1,574551 0,000856
中文 1,035554 0,000281
publish 2,932674 0,000797
тереть 0,786093 0,000641
ನಡ 2,038856 0,000554
комбинация 2,732003 0,000742
foundat 0,986764 0,000268
суметь 2,296685 0,000624
кругосвет 1,994404 0,000542
предполагаться 3,338139 0,000907
карта 2,085376 0,000567
basket 4,436752 0,001206
тыл 2,564949 0,000697
щит 2,932674 0,004782
делать 1,392229 0,000378
восемнадцать 3,743604 0,001017
швейцария 1,258698 0,000684
становление 3,050457 0,000829
среди 0,597299 0,000487
остаться 1,301257 0,001414
латвия 1,664163 0,000904
полевой 2,357310 0,000641
america 3,338139 0,000907
yorùbá 2,732003 0,000742
huski 5,129899 0,001394
ᱥᱟᱱᱛᱟᱲᱤ 2,932674 0,000797
баскетболист 2,239527 0,001217
корректироваться 4,436752 0,001206
https 0,699082 0,000190
sudoc 2,932674 0,000797
соединить 2,932674 0,001594
вбрасывание 3,520461 0,001913
квадах 1,762603 0,000479
скучный 3,743604 0,001017
изобретение 4,436752 0,001206
отдельный 0,955511 0,000779
результат 0,524729 0,000428
in 1,911023 0,000519
мобильный 0,555188 0,000151
татарча 1,392229 0,000378
tiếng 1,140915 0,000310
עברית 1,052361 0,000286
index 0,986764 0,000268
большой 0,687247 0,000560
it 2,732003 0,001485
извлекать 5,129899 0,001394
изначально 2,038856 0,000554
должен 0,597299 0,000649
избранный 0,955511 0,000260
dĕ 2,827314 0,000768
греция 1,994404 0,000542
возвращение 1,466337 0,000797
ള 1,695912 0,000461
მარგალური 2,490841 0,000677
максибаскетбол 5,129899 0,001394
самостоятельность 5,129899 0,001394
پښتو 2,732003 0,000742
hindi 2,421849 0,000658
мечта 2,185460 0,000594
grundman 5,129899 0,001394
исключить 1,441019 0,000392
перебрасывать 4,436752 0,001206
датироваться 3,743604 0,001017
обтянуть 4,031286 0,001095
родственный 2,239527 0,000609
нейсмитом 4,436752 0,001206
половина 1,392229 0,000378
стать 0,217244 0,000177
kurdî 1,834062 0,000498
tournament 3,050457 0,000829
возможно 1,664163 0,000452
крикет 1,695912 0,000461
отбить 3,338139 0,000907
керлинг 1,086847 0,000295
обращение 0,910391 0,000990
vlam 2,827314 0,000768
ударять 4,031286 0,001095
novial 3,520461 0,000957
это 0,181139 0,000394
равный 1,466337 0,000797
упряжка 1,762603 0,000479
man 3,183989 0,000865
guardian 3,743604 0,001017
нравственный 4,436752 0,001206
триатлон 1,633391 0,000444
taqbaylit 3,183989 0,000865
код 0,971016 0,004486
два 0,504926 0,000960
лука 1,104547 0,000300
прыжок 0,940244 0,001022
бронза 1,728701 0,000470
gí 1,762603 0,000479
ограничить 1,951845 0,000530
fiji 2,421849 0,000658
url 0,986764 0,000268
остановка 2,421849 0,000658
тренер 0,555188 0,000302
сентябрь 1,035554 0,000281
доступный 0,955511 0,000260
двойной 2,490841 0,000677
сантиметр 0,955511 0,002337
краска 4,031286 0,001095
утверждение 1,695912 0,000461
соприкосновение 4,031286 0,001095
состязание 2,038856 0,001108
войти 0,608110 0,000330
гольф 1,574551 0,000428
furlan 3,050457 0,000829
piemontèi 2,564949 0,000697
или 0,576022 0,002817
анджелес 1,492313 0,000811
приспособить 3,520461 0,000957
отличие 1,695912 0,000461
потому 2,085376 0,001133
ქართული 1,392229 0,000378
қазақша 1,178655 0,000320
умственный 5,129899 0,001394
трёхочковые 5,129899 0,001394
second 4,436752 0,001206
защита 1,441019 0,001175
успевать 4,436752 0,001206
политик 0,224624 0,000061
включить 1,392229 0,000378
bne 2,932674 0,000797
алфавит 1,159607 0,000315
смит 3,050457 0,000829
зеландия 2,490841 0,000677
особый 1,994404 0,000542
bnf 1,834062 0,000498
учетный 0,986764 0,000268
много 0,735450 0,001199
представиться 0,986764 0,000268
играть 0,895792 0,001704
засчитываться 2,564949 0,000697
фигурный 0,514778 0,000140
программа 0,799165 0,000651
затем 1,301257 0,000707
неизменный 3,520461 0,000957
атаковать 1,871802 0,000509
gaeilg 1,951845 0,000530
ئۇيغۇرچە 2,644992 0,000719
корейский 2,134166 0,000580
na 2,490841 0,000677
bob 3,520461 0,000957
dream 3,743604 0,001017
ng 2,827314 0,000768
тоҷикӣ 1,695912 0,000461
shackelford 5,129899 0,001394
первый 0,317714 0,000604
аргентинский 2,932674 0,000797
no 1,911023 0,000519
маяк 5,129899 0,001394
betawi 2,732003 0,000742
मर 1,574551 0,000428
ස 1,834062 0,000498
пять 1,140915 0,001550
итог 0,867219 0,000236
дужка 5,129899 0,001394
февраль 0,202645 0,000110
ошибка 0,576022 0,000157
значение 1,258698 0,000342
тогда 1,466337 0,000797
германий 0,723179 0,000197
деятельность 1,546380 0,000420
игра 0,112619 0,001285
ball 2,827314 0,000768
bali 2,827314 0,000768
произвести 2,732003 0,000742
sterl 5,129899 0,001394
размер 1,911023 0,003635
hous 3,743604 0,001017
malagasi 3,183989 0,000865
of 1,695912 0,003226
deutsch 1,052361 0,000286
kâ 2,564949 0,000697
türkmenç 2,185460 0,000594
playground 5,129899 0,001394
имя 1,178655 0,000320
датский 1,368699 0,000372
on 2,239527 0,000609
титул 1,301257 0,000354
присутствовать 1,951845 0,000530
нейсмита 4,031286 0,001095
империя 2,239527 0,000609
больший 0,457070 0,001242
nederland 1,019025 0,000277
джи 4,031286 0,001095
кто 0,747872 0,000406
ماز 2,490841 0,000677
считаться 1,441019 0,001566
распространение 2,357310 0,001922
чили 2,932674 0,000797
событие 0,565551 0,000154
дисквалифицировать 2,085376 0,001133
rumantsch 2,564949 0,000697
использование 0,277868 0,000076
пора 1,392229 0,000757
август 1,035554 0,000281
самый 0,608110 0,000496
приобщение 5,129899 0,001394
материал 0,309617 0,000084
скиджоринг 1,762603 0,000479
скиинг 1,762603 0,000479
соревнование 0,411400 0,000894
ph 1,762603 0,000479
vakav 3,743604 0,001017
слава 1,871802 0,000509
вершина 2,732003 0,000742
вывести 2,357310 0,000641
кук 0,971016 0,000264
потерпеть 2,038856 0,001108
продолжение 2,564949 0,000697
лицензия 0,971016 0,000264
globetrott 4,436752 0,001206
молодежный 1,159607 0,000945
архивный 1,518981 0,000413
about 2,827314 0,000768
grundi 5,129899 0,001394
вовлечь 3,743604 0,001017
føroyskt 2,085376 0,000567
конкуренция 2,038856 0,000554
представлять 1,217876 0,000331
зимний 0,663991 0,000180
роль 1,695912 0,000922
сфера 2,038856 0,000554
ряд 1,198073 0,000326
навигация 0,986764 0,000804
санз 4,436752 0,001206
страница 0,910391 0,001732
броский 2,490841 0,006769
мочь 0,350775 0,000763
сам 0,747872 0,000203
борьба 0,723179 0,000393
they 4,436752 0,001206
запись 0,910391 0,000247
qr 0,986764 0,000268
сборная 0,342407 0,001023
африка 2,296685 0,001248
прыгание 5,129899 0,001394
прыгании 5,129899 0,001394
разнообразный 3,050457 0,001658
спорить 3,338139 0,000907
fibaeurop 5,129899 0,001394
санный 1,301257 0,000354
женский 0,663991 0,001083
правило 0,986764 0,000804
сохранение 0,971016 0,000264
吴语 1,238078 0,000336
неспортивный 3,183989 0,002596
фристайл 1,238078 0,000673
гимнастика 1,198073 0,000651
бы 1,052361 0,000286
hrvatski 1,052361 0,000286
дать 0,608110 0,000165
билл 3,050457 0,000829
персональный 0,723179 0,000786
ænglisc 2,564949 0,000697
заповедь 4,436752 0,001206
ru 0,285712 0,000078
действовать 0,825834 0,000224
ilokano 3,050457 0,000829
смысл 3,183989 0,001730
век 1,258698 0,001026
simi 2,732003 0,000742
финикс 4,436752 0,001206
стандарт 2,421849 0,000658
кубок 0,376309 0,000205
третий 1,238078 0,000673
sa 0,986764 0,000536
occitan 1,466337 0,000398
запасной 2,185460 0,001188
pangasinan 5,129899 0,001394
уже 0,687247 0,000560
известно 1,871802 0,000509
дата 0,799165 0,000869
kel 3,183989 0,000865
nynorsk 1,546380 0,000420
однообразие 5,129899 0,001394
sh 1,797694 0,000977
того 0,955511 0,000779
цвет 1,695912 0,000461
вы 0,309617 0,000168
уток 5,129899 0,001394
проводить 0,910391 0,000247
китайский 1,069456 0,000581
español 1,019025 0,000277
спид 1,762603 0,000479
литература 1,695912 0,000922
россия 0,139466 0,000038
winaray 2,490841 0,000677
tagalog 1,911023 0,000519
bosanski 1,345709 0,000366
трёхочковый 4,436752 0,001206
свой 0,586604 0,000478
энциклопедия 0,986764 0,000804
th 2,185460 0,000594
አማርኛ 3,183989 0,000865
свое 0,457070 0,000124
български 1,086847 0,000295
образовательный 2,421849 0,000658
чтобы 0,773190 0,000630
to 2,038856 0,001662
январь 0,786093 0,000214
брейкинг 1,762603 0,000479
настольный 1,198073 0,000326
проведение 1,104547 0,000600
де 0,955511 0,000260
rosen 4,436752 0,001206
еврокубок 2,296685 0,001248
сайт 0,411400 0,000671
правильно 3,183989 0,000865
буряад 3,338139 0,000907
американский 0,910391 0,001484
до 0,239550 0,000456
nebraska 4,436752 0,002411
колледж 2,827314 0,003841
зародиться 2,932674 0,000797
выступать 0,940244 0,000256
soomaaliga 3,050457 0,000829
другой 0,188256 0,000563
сюда 0,986764 0,000268
континент 2,239527 0,001217
весить 1,911023 0,000519
популярность 1,797694 0,000489
прийти 2,038856 0,000554
трек 1,104547 0,000300
five 3,520461 0,000957
цитировать 0,925206 0,000251
ее 0,723179 0,000197
прямоугольный 2,932674 0,000797
перемещение 2,827314 0,000768
баскетбольный 2,564949 0,016031
фигурировать 3,520461 0,000957
азия 1,834062 0,000997
ход 1,279751 0,000348
norsk 1,052361 0,000572
gagana 3,050457 0,000829
баскетбол 0,723179 0,011201
баскетбо 4,436752 0,001206
учебный 2,490841 0,001354
забрасывать 4,031286 0,001095
штрафной 2,038856 0,002216
число 0,955511 0,000260
squad 5,129899 0,001394
ido 1,546380 0,000420
know 3,743604 0,001017
гребля 1,518981 0,000826
флаг 0,895792 0,000243
ẽ 2,732003 0,000742
вид 0,393700 0,001498
же 0,853233 0,001159
дно 2,827314 0,000768
волшебный 1,695912 0,000461
русиньскый 2,732003 0,000742
isbn 1,633391 0,003995
polski 1,035554 0,000281
amateur 3,338139 0,000907
𐌲𐌿𐍄𐌹𐍃𐌺 4,031286 0,001095
что 0,195425 0,000425
реализация 3,050457 0,000829
common 0,986764 0,000268
лезги 3,183989 0,000865
livvinkarjala 3,050457 0,000829
править 0,544931 0,007700
отдавать 2,357310 0,000641
pamela 5,129899 0,001394
за 0,125952 0,000411
упражнение 2,490841 0,000677
удаляться 3,183989 0,000865
софтбол 1,633391 0,000444
данк 4,436752 0,001206
форма 1,086847 0,000295
рейтинг 0,524729 0,000143
basa 2,732003 0,000742
russel 4,436752 0,001206
org 0,986764 0,000268
показатель 1,728701 0,000470
сыграть 0,839439 0,000228
trivia 4,436752 0,001206
настоящее 1,368699 0,000744
многократно 4,436752 0,001206
vèneto 2,357310 0,000641
некоммерческий 0,986764 0,000268
регулирование 4,031286 0,001095
блокировать 3,183989 0,000865
позиция 1,392229 0,000757
любой 1,238078 0,001009
walon 2,827314 0,000768
традиционно 2,296685 0,000624
отличаться 1,664163 0,000452
из 0,106018 0,000720
xx 1,546380 0,001261
игровой 1,104547 0,001201
художественный 1,518981 0,000413
перемещаться 3,050457 0,000829
espn 2,932674 0,000797
runa 2,732003 0,000742
мяч 0,735450 0,008594
молодежь 2,490841 0,000677
случайный 0,986764 0,000536
указание 0,986764 0,000268
скрытый 1,052361 0,000286
сбрасываться 5,129899 0,001394
показательный 1,279751 0,000348
нба 1,546380 0,006723
beyond 4,436752 0,001206
српски 1,035554 0,000281
над 0,986764 0,000268
восточный 1,911023 0,000519
напоминать 2,644992 0,000719
строка 4,031286 0,001095
хоккей 0,285712 0,000388
оказаться 1,441019 0,000392
naismith 4,031286 0,001095
žemaitėška 2,732003 0,000742
родоначальник 3,338139 0,000907
двоеборье 1,217876 0,000331
заниматься 1,574551 0,000428
технический 1,416327 0,001155
соломина 5,129899 0,002788
ски 1,069456 0,000291
юноша 2,357310 0,001281
estremeñu 2,827314 0,000768
аргентина 1,951845 0,001591
первенство 1,301257 0,000354
iban 4,031286 0,001095
srpski 1,035554 0,000281
непосредственный 3,338139 0,000907
ག 2,564949 0,000697
lingua 3,050457 0,000829
соперник 0,853233 0,001623
младший 1,911023 0,000519
лыжный 0,675551 0,000367
который 0,325878 0,000974
идея 1,871802 0,000509
постоянный 0,881403 0,000240
конькобежный 1,140915 0,000310
rock 4,436752 0,001206
легкий 0,895792 0,000243
турция 1,664163 0,000452
ད 2,564949 0,000697
завладеть 4,031286 0,001095
رونی 2,490841 0,000677
བ 2,564949 0,000697
подвергнуть 3,520461 0,000957
следующий 0,853233 0,000232
hornjoserbsc 4,031286 0,001095
türkçe 1,052361 0,000286
победа 0,420369 0,000571
защищаться 2,564949 0,000697
ཡ 2,564949 0,000697
изобретатель 4,031286 0,001095
забираться 5,129899 0,001394
содействие 4,031286 0,001095
масштаб 3,520461 0,000957
четверть 2,732003 0,001485
наименование 4,031286 0,002191
случай 0,867219 0,000707
радость 3,743604 0,002035
дальний 2,644992 0,000719
opinion 4,436752 0,001206
mandail 3,338139 0,000907
америка 1,279751 0,001043
한국어 1,035554 0,000281
доктор 2,932674 0,000797
вод 1,466337 0,000797
союз 1,301257 0,000354
арена 1,104547 0,000300
синхронный 1,574551 0,000428
создание 1,633391 0,000444
преимущественный 2,421849 0,000658
несколько 0,971016 0,000528
authorhous 5,129899 0,001394
место 0,402511 0,000438
начало 0,760451 0,000413
евробаскет 2,490841 0,000677
allen 3,743604 0,001017
миссия 3,743604 0,001017
индианаполисе 5,129899 0,001394
никакой 2,085376 0,000567
сетка 2,085376 0,001133
avañ 2,732003 0,000742
титуловать 2,134166 0,000580
бостон 2,296685 0,001248
мы 0,195425 0,000053
участие 0,457070 0,000497
пик 2,932674 0,000797
крокет 1,728701 0,000470
на 0,023953 0,000319
попытка 1,664163 0,000452
достигнуть 1,728701 0,000470
водный 0,723179 0,000590
свежий 0,839439 0,000228
simpl 1,140915 0,000310
не 0,099461 0,000568
использовать 0,940244 0,000256
каждый 0,812411 0,001325
from 2,827314 0,000768
онлайн 0,773190 0,000210
но 0,402511 0,000656
herzog 4,436752 0,001206
taylor 4,436752 0,001206
ລາວ 2,932674 0,000797
вызвать 1,797694 0,000489
uyghurch 2,644992 0,000719
апрель 0,986764 0,000268
внешний 1,104547 0,000300
появление 2,239527 0,001217
категория 0,881403 0,000719
совершить 2,134166 0,000580
основатель 2,564949 0,000697
норвежский 1,345709 0,000366
начинать 1,140915 0,000310
количество 0,853233 0,001391
бейсбол 1,416327 0,000770
magyar 1,086847 0,000295
об 0,217244 0,000059
уровень 1,086847 0,000295
составить 1,546380 0,000420
продолжительность 2,185460 0,000594
ои 0,812411 0,019648
leboa 3,520461 0,000957
справка 0,986764 0,000268
развитие 1,140915 0,002170
он 0,475938 0,000905
беренсон 5,129899 0,001394
треть 2,932674 0,000797
мужчина 0,812411 0,000221
тхэквондо 1,633391 0,000444
sesotho 3,520461 0,000957
от 0,160085 0,000609
форум 0,867219 0,000236
pona 3,338139 0,000907
сотня 2,827314 0,000768
контактный 2,421849 0,000658
статистика 0,630089 0,000342
официальный 0,735450 0,001599
бокс 0,534779 0,000291
zazaki 2,239527 0,000609
все 0,067304 0,000018
принимать 0,955511 0,000260
ballantin 5,129899 0,001394
википедия 0,986764 0,001073
മലയ 1,695912 0,000461
сведение 0,786093 0,000427
ngṳ 2,827314 0,000768
по 0,073653 0,000460
монгол 1,518981 0,000413
inc 0,986764 0,000268
защитный 2,644992 0,002156
patoi 4,031286 0,001095
пронос 4,436752 0,001206
информация 0,608110 0,000165
шестая 2,490841 0,000677
круг 1,392229 0,000378
футовый 3,338139 0,000907
обрез 5,129899 0,001394
очень 1,140915 0,000310
селтикс 2,421849 0,001316
отражаться 4,436752 0,001206
york 2,564949 0,001394
какой 1,002764 0,000545
кыргызча 2,085376 0,000567
сообщество 0,910391 0,000247
занятие 2,357310 0,001281
учреждение 3,050457 0,000829
уходить 2,134166 0,000580
подбор 4,436752 0,001206
произойти 1,178655 0,000320
википедии 0,986764 0,000536
kabɩyɛ 3,338139 0,000907
переть 0,359214 0,000390
термин 1,345709 0,000366
источник 0,786093 0,000854
