джордан 2,932674 0,002872
px 2,185460 0,002141
ак 1,695912 0,001661
поведение 0,839439 0,001644
приятно 4,436752 0,039109
карточка 1,951845 0,007647
fix 4,436752 0,004345
козловый 2,357310 0,050794
подопечный 3,183989 0,009356
адмирал 3,050457 0,002988
набрать 1,368699 0,002681
pango 5,129899 0,005024
posit 1,951845 0,001912
доступ 2,490841 0,002440
вратарь 1,323236 0,001296
александр 0,839439 0,000822
голубой 2,490841 0,004879
дракон 2,421849 0,004744
тв 1,633391 0,003200
в 0,017911 0,000158
подробный 0,687247 0,005385
left 2,085376 0,002042
фото 0,799165 0,001565
и 0,023953 0,000188
к 0,132686 0,000130
м 0,534779 0,000524
о 0,042302 0,000041
снайпер 2,644992 0,002591
п 1,086847 0,001064
персональный 0,723179 0,001417
кхл 0,760451 0,000745
с 0,036149 0,000389
ru 0,285712 0,000280
ассистент 2,732003 0,002676
балл 1,871802 0,001833
эксклюзивный 2,564949 0,002512
сезон 0,723179 0,003542
металлург 1,834062 0,001796
кубок 0,376309 0,001106
спонсор 1,664163 0,003260
игрок 0,711058 0,005571
вс 3,183989 0,003119
проигрыш 2,490841 0,002440
автомобилист 2,932674 0,031596
дата 0,799165 0,007827
титульный 2,185460 0,002141
победный 1,871802 0,016500
искать 2,732003 0,002676
запад 2,085376 0,002042
раз 0,485508 0,000476
чемпионат 0,188256 0,000553
магазин 2,038856 0,005991
вы 0,309617 0,000303
стоп 4,436752 0,043455
обыгрывать 3,338139 0,029425
регулярный 1,951845 0,003823
россия 0,139466 0,000273
платинум 4,031286 0,007897
про 1,301257 0,001274
смотреть 1,368699 0,018768
сочить 0,853233 0,004178
рвб 5,129899 0,005024
p 1,951845 0,001912
новгород 1,217876 0,002386
праздновать 3,338139 0,003269
отменить 1,728701 0,001693
свой 0,586604 0,001149
сильный 1,198073 0,011734
свое 0,457070 0,000448
штаб 1,664163 0,003260
тем 1,217876 0,001193
бонусный 4,436752 0,004345
посещение 4,031286 0,003948
одержать 1,217876 0,001193
кеч 5,129899 0,005024
шайба 0,986764 0,000966
вячеслав 2,185460 0,047091
проведение 1,104547 0,019473
сенежский 4,436752 0,004345
подробность 2,239527 0,017548
четвертый 1,695912 0,001661
рождение 1,518981 0,001488
правый 0,971016 0,000951
руководство 1,301257 0,002549
витрина 4,436752 0,004345
хк 2,827314 0,016615
уил 5,129899 0,005024
работа 1,086847 0,009580
папа 3,520461 0,003448
давать 1,416327 0,012485
передача 1,633391 0,001600
эмоция 2,357310 0,002309
info 1,951845 0,001912
ложа 2,932674 0,005745
выигрыш 2,134166 0,002090
филиппов 3,050457 0,002988
посол 0,301585 0,000295
счет 0,799165 0,000783
loung 5,129899 0,010049
обменять 3,338139 0,003269
гагарин 2,085376 0,004085
южанин 5,129899 0,005024
клуб 0,652562 0,005113
vk 1,441019 0,002823
vs 3,050457 0,005975
ресторан 3,743604 0,007333
нижний 0,955511 0,001872
купить 1,994404 0,017580
командный 1,002764 0,001964
всегда 1,258698 0,011095
что 0,195425 0,000191
олимпбет 5,129899 0,005024
править 0,544931 0,001067
морозов 3,520461 0,031032
за 0,125952 0,000123
фанатское 5,129899 0,010049
чт 4,436752 0,004345
персонал 2,827314 0,005538
локомотив 0,839439 0,000822
завершить 1,052361 0,001031
максимальный 1,951845 0,001912
сыграть 0,839439 0,009044
шанхайский 2,564949 0,002512
квазиоптика 5,129899 0,005024
надежность 3,743604 0,003667
подвести 3,050457 0,005975
бонус 2,490841 0,004879
наш 0,652562 0,010865
ответить 1,664163 0,001630
рельс 4,436752 0,039109
хоккейный 1,416327 0,006936
контакт 1,035554 0,002029
номер 1,392229 0,005454
скидка 2,185460 0,004281
преимущество 1,951845 0,001912
москва 0,576022 0,006770
подряд 1,258698 0,001233
меню 2,932674 0,002872
егор 1,951845 0,017205
спартак 0,711058 0,000696
покупка 2,732003 0,002676
https 0,699082 0,000685
наставник 2,827314 0,002769
предложение 2,239527 0,002193
результат 0,524729 0,004625
ска 1,279751 0,002507
команда 0,262364 0,004111
закрытый 1,911023 0,001872
dynamo 4,436752 0,004345
белый 1,574551 0,003084
серия 0,586604 0,001149
цска 0,711058 0,000696
программка 3,743604 0,007333
документ 2,038856 0,003994
получать 1,301257 0,001274
нападать 1,518981 0,001488
год 0,099461 0,001364
движение 1,728701 0,003386
очки 0,940244 0,002763
style 2,085376 0,002042
сравнение 2,134166 0,004181
защитить 1,633391 0,001600
торпедо 1,574551 0,033928
машина 2,564949 0,025122
кз 5,129899 0,005024
зона 1,603538 0,003141
фан 3,338139 0,006539
блинный 5,129899 0,005024
матч 0,293617 0,005752
пенсионер 4,436752 0,008691
даниил 1,728701 0,001693
стать 0,217244 0,000213
соперник 0,853233 0,006685
континентальный 1,871802 0,001833
тематика 4,436752 0,004345
римашевский 5,129899 0,045219
придавать 3,743604 0,036666
youtub 1,797694 0,003521
динамо 0,663991 0,037719
группа 1,122566 0,002199
провести 0,799165 0,000783
следующий 0,853233 0,001671
победа 0,420369 0,004529
забивать 2,564949 0,022610
еда 2,827314 0,002769
гостевой 2,421849 0,004744
ладо 2,185460 0,002141
сегодня 0,881403 0,001727
атрибутика 3,743604 0,003667
президент 1,035554 0,001014
новость 0,285712 0,001959
роман 1,797694 0,001761
такой 0,735450 0,007203
тренер 0,555188 0,000544
плюс 2,239527 0,002193
деть 0,619039 0,002425
льготный 5,129899 0,010049
мг 2,296685 0,002249
арена 1,104547 0,001082
выездной 2,490841 0,004879
com 0,925206 0,000906
место 0,402511 0,003154
мн 2,490841 0,004879
золотов 5,129899 0,005024
пыленков 5,129899 0,005024
лига 0,325878 0,000319
генеральный 1,664163 0,004890
фонбет 1,466337 0,001436
стадион 1,518981 0,002975
сикьюра 5,129899 0,005024
на 0,023953 0,000094
состав 0,867219 0,001699
канал 1,416327 0,005549
политик 0,224624 0,000440
лояльность 4,031286 0,003948
джонс 2,085376 0,002042
северсталь 2,038856 0,001997
не 0,099461 0,000097
барс 1,492313 0,001462
календарь 0,675551 0,001323
уверенность 3,743604 0,073332
быстрый 1,664163 0,001630
музей 2,490841 0,004879
крк 4,436752 0,004345
поставщик 3,520461 0,003448
история 0,270086 0,000529
alt 2,185460 0,002141
билет 2,085376 0,036765
вконтакте 1,911023 0,003743
программа 0,799165 0,000783
закупка 4,031286 0,003948
конфиденциальность 0,293617 0,000575
количество 0,853233 0,002507
школа 1,492313 0,005846
mtz 5,129899 0,005024
дилан 5,129899 0,005024
яндекс 2,490841 0,007319
медиа 1,834062 0,005389
тренерский 1,871802 0,003667
предыдущий 1,797694 0,003521
владислав 2,038856 0,001997
ссср 0,940244 0,004605
поиск 0,711058 0,001393
мхк 4,031286 0,015793
img 2,185460 0,002141
rtrg 4,436752 0,008691
чемпион 0,334108 0,002945
мхл 1,603538 0,003141
обрести 3,338139 0,032695
итог 0,867219 0,001699
от 0,160085 0,001254
февраль 0,202645 0,003771
статистика 0,630089 0,003086
вопрос 1,104547 0,001082
официальный 0,735450 0,000720
игра 0,112619 0,000552
подъяпольский 5,129899 0,005024
статус 1,279751 0,002507
car 4,031286 0,003948
переход 1,323236 0,002592
принимать 0,955511 0,000936
все 0,067304 0,000198
алексей 1,140915 0,010057
марта 0,853233 0,005850
главное 0,524729 0,000514
продажа 2,239527 0,002193
впечатление 2,932674 0,002872
интервью 0,971016 0,001902
больший 0,457070 0,000448
src 2,239527 0,002193
уникальный 2,421849 0,002372
поздравлять 3,520461 0,034481
приоритетный 3,743604 0,003667
telegram 2,357310 0,004618
нагорный 4,031286 0,003948
партнер 1,159607 0,017036
втб 1,834062 0,003593
трансфин 5,129899 0,005024
высокий 0,760451 0,000745
маркета 4,031286 0,003948
быть 0,119263 0,000117
второй 0,576022 0,000564
переть 0,359214 0,000352
бомбардир 1,871802 0,001833
