рыбный 5,129899 0,001485
ассирии 5,129899 0,001485
экспорт 0,986764 0,000286
физический 1,392229 0,000403
ไทย 1,238078 0,000358
стиль 1,603538 0,012531
воды 3,050457 0,007946
tatarça 1,392229 0,000403
日本語 1,035554 0,000300
со 0,447767 0,000130
вероятно 3,520461 0,001019
الدارجة 2,357310 0,000682
чуть 2,357310 0,000682
народный 2,296685 0,000665
под 0,723179 0,001465
парусный 1,574551 0,000456
заявление 0,799165 0,000231
неоднократно 2,421849 0,000701
lectu 5,129899 0,001485
суслов 5,129899 0,001485
стабильный 2,085376 0,000604
связаться 0,867219 0,000251
декабрь 0,853233 0,000247
пом 1,695912 0,000491
человек 0,940244 0,000816
вода 3,338139 0,003865
лен 3,743604 0,001084
подробный 0,687247 0,000199
купальник 4,031286 0,002334
содержание 0,955511 0,000553
eesti 1,069456 0,000310
čeština 1,035554 0,000300
seri 2,085376 0,000604
находка 2,564949 0,000742
нога 1,664163 0,007707
minangkabau 2,564949 0,000742
викисклад 1,035554 0,000599
britannica 1,518981 0,000440
унифицировать 5,129899 0,001485
корфбол 1,762603 0,000510
каноэ 1,633391 0,000473
скоростной 2,564949 0,002227
полуфиналист 2,239527 0,000648
пройти 0,544931 0,000473
lëtzebuergesch 1,762603 0,000510
machin 1,633391 0,003309
вытесняться 5,129899 0,001485
wikipedia 0,986764 0,000571
gnd 1,392229 0,000403
дело 1,664163 0,000482
окончательно 2,564949 0,000742
оригинал 1,441019 0,000417
plattdüütsch 2,357310 0,000682
усовершенствовать 4,031286 0,001167
a 1,392229 0,002821
b 2,564949 0,000742
отредактировать 0,986764 0,000286
проект 0,457070 0,000132
быстро 2,038856 0,000590
fédération 3,743604 0,001084
называть 1,258698 0,000364
регистрироваться 3,338139 0,000966
ушу 1,728701 0,000500
the 1,546380 0,000448
p 1,951845 0,000565
дельфин 5,129899 0,001485
сверхдальний 5,129899 0,001485
colymbet 5,129899 0,001485
арма 5,129899 0,002970
w 0,955511 0,000277
හල 1,834062 0,000531
развернуть 3,520461 0,001019
одержать 1,217876 0,000352
также 0,663991 0,001153
фр 2,421849 0,001402
шайба 0,986764 0,000286
العربية 1,069456 0,000310
появиться 1,159607 0,001007
индивидуальный 1,797694 0,001041
универсиада 2,644992 0,000766
фризский 1,762603 0,000510
isl 5,129899 0,001485
италия 0,524729 0,000152
русскоязычный 3,338139 0,000966
переименовать 2,357310 0,001365
допускать 2,564949 0,000742
трава 1,392229 0,000806
пытаться 1,834062 0,000531
сначала 1,664163 0,000482
находиться 0,925206 0,000803
претендент 2,296685 0,000665
собачий 1,762603 0,000510
начать 1,279751 0,000741
вечерний 3,520461 0,001019
изменение 1,345709 0,000389
плавучесть 5,129899 0,001485
библиографический 1,279751 0,000370
устанавливаться 2,732003 0,001581
овер 5,129899 0,002970
конгресс 2,185460 0,001265
переименование 3,338139 0,002899
правка 0,986764 0,000571
однако 1,069456 0,000310
батут 1,728701 0,000500
серфинг 1,762603 0,000510
себя 0,597299 0,000173
мэттью 4,031286 0,001167
джаммеры 5,129899 0,001485
система 0,799165 0,000925
việt 1,140915 0,000330
отказ 0,839439 0,000243
неполный 3,520461 0,001019
июнь 1,198073 0,000694
дзюдо 1,466337 0,000424
постепенно 2,296685 0,000665
гонка 0,853233 0,000494
допускаться 1,911023 0,000553
один 0,342407 0,001090
нормальный 3,050457 0,000883
дисциплина 1,546380 0,002238
полностью 1,546380 0,003133
jaku 4,031286 0,001167
длина 1,871802 0,002709
вперед 1,797694 0,001041
самостоятельный 2,932674 0,002546
часть 1,104547 0,001279
вено 3,183989 0,001843
последний 0,376309 0,000545
ступня 4,436752 0,001284
водоплавающий 5,129899 0,001485
сторона 1,069456 0,000619
столетие 2,490841 0,000721
минута 0,940244 0,000272
некоторые 1,198073 0,000347
архив 1,198073 0,000347
инвентарь 2,085376 0,000604
pdf 0,940244 0,000272
дэниэльс 5,129899 0,001485
сша 0,586604 0,000340
природный 5,129899 0,001485
ресурс 0,812411 0,000235
описание 0,881403 0,000255
июль 1,019025 0,001475
лопатка 5,129899 0,001485
заменить 1,546380 0,000448
техник 1,695912 0,000491
одновременно 1,762603 0,002041
bahasa 1,086847 0,000315
фина 4,436752 0,015410
артур 1,664163 0,000482
triathlonmast 5,129899 0,001485
качество 1,323236 0,000383
через 0,971016 0,000281
क 2,421849 0,000701
словарь 1,198073 0,000694
погружаться 4,436752 0,001284
стрельба 1,441019 0,000834
меняться 1,951845 0,001130
разработчик 0,971016 0,000281
ноябрь 0,955511 0,000553
न 1,518981 0,000440
xvi 2,490841 0,000721
newsru 3,743604 0,001084
प 1,911023 0,000553
сквош 1,728701 0,000500
вклад 0,955511 0,000277
indonesia 1,086847 0,000315
норматив 3,743604 0,001084
ल 1,911023 0,000553
текст 0,925206 0,000268
являться 1,019025 0,000590
проводиться 1,086847 0,003146
получать 1,301257 0,000377
स 2,644992 0,001531
очки 0,940244 0,000544
esperanto 1,198073 0,000347
открыто 4,436752 0,001284
временить 1,140915 0,000330
стопа 2,932674 0,001698
перейти 0,586604 0,000340
одновременный 3,743604 0,002167
четный 3,338139 0,000966
нейлон 4,031286 0,001167
скелетон 1,258698 0,000364
українська 1,035554 0,000300
доска 3,183989 0,000922
лякросс 1,762603 0,000510
шапочка 3,520461 0,001019
чередоваться 3,338139 0,001932
ответственность 0,895792 0,000259
литовский 1,951845 0,000565
рост 0,812411 0,000235
американец 2,134166 0,001235
lenta 2,239527 0,000648
спортсмен 0,565551 0,001310
штейнбах 3,743604 0,002167
françai 1,019025 0,000295
рэкетс 1,728701 0,000500
его 0,447767 0,000130
рекордсмен 1,834062 0,000531
цикл 2,644992 0,003062
триатлона 4,436752 0,001284
фирс 4,436752 0,001284
только 0,447767 0,001037
менять 1,994404 0,000577
выноситься 4,031286 0,001167
микст 3,183989 0,000922
php 0,986764 0,000286
cite 1,258698 0,000364
бадминтон 1,518981 0,000440
кэвиллом 5,129899 0,001485
байдарка 1,603538 0,000464
составной 4,436752 0,002568
com 0,925206 0,000268
шорты 1,035554 0,000300
маркус 3,183989 0,000922
nostrum 5,129899 0,001485
относиться 1,368699 0,000792
горнолыжный 1,301257 0,000377
баскский 1,664163 0,000482
утвердить 1,871802 0,000542
заглавный 0,986764 0,000286
гэльский 1,762603 0,000510
хороший 0,393700 0,000228
канат 1,762603 0,000510
гарри 3,050457 0,000883
тренировка 0,895792 0,000259
относительно 2,564949 0,000742
добавить 1,518981 0,000879
грудь 2,644992 0,002297
локоть 3,338139 0,000966
когда 0,652562 0,000189
тематический 2,038856 0,000590
ব 1,416327 0,000410
вверх 2,421849 0,000701
нарушение 1,416327 0,000820
конфиденциальность 0,293617 0,000085
дельфинообразный 5,129899 0,002970
включительно 2,827314 0,000818
гандбол 1,122566 0,000975
ল 1,416327 0,000410
дельфинообразные 5,129899 0,001485
svenska 1,035554 0,000300
назад 1,140915 0,000330
моторный 1,762603 0,000510
ссср 0,940244 0,001089
будо 1,762603 0,000510
след 3,183989 0,000922
приобрести 2,038856 0,000590
продемонстрировать 3,183989 0,001843
открыть 1,279751 0,002593
нестандартный 3,050457 0,000883
появляться 2,038856 0,000590
объяснение 3,520461 0,001019
фехтование 1,546380 0,000448
and 1,762603 0,001020
перетягивание 1,762603 0,000510
датчанин 3,520461 0,001019
так 0,597299 0,000346
французский 1,052361 0,000305
interlingua 1,603538 0,000464
федерация 0,495170 0,000573
голова 1,301257 0,001883
возникнуть 2,038856 0,000590
где 0,675551 0,000196
повысить 3,520461 0,001019
активный 1,546380 0,000448
зафиксировать 1,994404 0,001732
англия 1,238078 0,000717
сообщить 0,447767 0,000130
примечание 1,002764 0,000580
пятиборье 1,574551 0,000911
европейский 1,122566 0,000650
быть 0,119263 0,000897
физкультура 1,994404 0,001155
sport 0,760451 0,000220
плоскость 3,743604 0,003251
точка 1,762603 0,001020
финальный 1,492313 0,000864
распределить 2,421849 0,000701
исключение 1,695912 0,000491
скалолазание 1,695912 0,000491
вести 1,238078 0,000358
диалог 4,031286 0,001167
произвольно 3,743604 0,001084
линия 1,466337 0,000424
установить 1,279751 0,000741
спорт 0,125952 0,000838
конный 1,574551 0,000456
разработать 1,728701 0,000500
просмотр 0,925206 0,000268
len 4,436752 0,002568
халмаи 5,129899 0,002970
curli 4,436752 0,001284
национальный 0,839439 0,000243
english 0,925206 0,000268
франция 0,675551 0,000196
выполнять 1,994404 0,000577
попадать 2,296685 0,001329
этот 0,350775 0,000812
press 2,185460 0,001265
справочник 2,564949 0,005939
suomi 1,052361 0,000305
башкирский 3,743604 0,001084
друг 1,518981 0,000879
определяться 1,797694 0,000520
протяжение 1,951845 0,001130
швеция 1,035554 0,000300
qaraqalpaqsha 2,038856 0,000590
классификация 2,732003 0,000791
баттерфляй 5,129899 0,022272
экипировка 2,239527 0,001296
основной 1,122566 0,000325
джордж 1,994404 0,000577
creativ 0,986764 0,000286
известный 0,986764 0,000571
ныне 2,357310 0,001365
заново 2,932674 0,000849
română 1,122566 0,000325
заплыв 3,743604 0,018420
преодоление 4,031286 0,001167
комплектование 4,031286 0,001167
элемент 0,925206 0,000268
позволить 2,085376 0,000604
использоваться 1,159607 0,001007
рубеж 2,421849 0,000701
спортивный 0,301585 0,000698
женщина 0,663991 0,000769
portuguê 1,035554 0,000300
впервые 0,839439 0,000972
oʻzbekcha 1,140915 0,000330
раз 0,485508 0,000141
чемпионат 0,188256 0,000817
поворот 2,827314 0,018003
ўзбекча 1,140915 0,000330
latviešu 1,052361 0,000305
пожалуйста 1,633391 0,000473
российский 0,224624 0,000065
выиграть 0,485508 0,000141
art 2,644992 0,000766
версия 0,393700 0,000456
выделить 2,085376 0,000604
воспитание 2,827314 0,000818
зарегистрировать 0,711058 0,000412
препятствие 3,050457 0,000883
тем 1,217876 0,000352
популярный 1,392229 0,000403
поло 1,441019 0,001251
اردو 1,574551 0,000456
без 0,466460 0,000405
выполнение 2,185460 0,003163
между 0,955511 0,000277
знак 0,986764 0,000286
bomb 3,743604 0,001084
tyr 5,129899 0,001485
olymp 2,296685 0,000665
разрешаться 2,490841 0,006488
соответствие 1,002764 0,000290
австралийский 1,633391 0,000473
европа 0,393700 0,000798
оставаться 1,301257 0,000377
регламентироваться 3,050457 0,000883
doubl 3,520461 0,001019
кроль 4,436752 0,011557
запретить 1,178655 0,000682
пока 1,159607 0,001007
посол 0,301585 0,001484
pro 3,050457 0,000883
определять 2,185460 0,000633
сопротивление 2,564949 0,000742
медиафайлы 1,217876 0,000352
ಕನ 2,038856 0,000590
ассоциация 1,416327 0,000410
автор 1,466337 0,000849
старый 1,159607 0,000336
вплавь 4,436752 0,001284
page 0,986764 0,000286
короткий 0,699082 0,001214
swim 3,520461 0,002038
возвращаться 1,871802 0,001084
кроме 1,368699 0,000396
нижний 0,955511 0,000277
внести 2,239527 0,000648
оба 1,368699 0,001585
брасс 4,436752 0,037240
километр 1,951845 0,002260
служебный 0,955511 0,000277
кодекс 0,971016 0,000281
снять 1,871802 0,000542
положение 1,416327 0,001640
закрывать 3,743604 0,002167
тип 1,345709 0,000389
вольный 3,520461 0,007133
карат 1,728701 0,000500
указывать 2,827314 0,000818
бобслей 1,217876 0,000352
уменьшать 4,031286 0,001167
поверхность 2,239527 0,007778
associ 0,986764 0,000286
yes 3,520461 0,001019
свободный 0,867219 0,000251
преодолеть 2,357310 0,000682
плавка 5,129899 0,004454
существовать 1,122566 0,000325
статья 0,495170 0,001290
если 0,675551 0,000196
современный 1,159607 0,002014
wikimedia 0,986764 0,000286
бортик 3,743604 0,001084
ограничение 1,834062 0,001062
мировой 0,955511 0,003042
явный 3,338139 0,000966
ранний 1,492313 0,000864
делить 2,732003 0,000791
заходить 3,743604 0,001084
шелк 5,129899 0,001485
полиуретановый 5,129899 0,001485
многие 1,178655 0,000682
получить 0,384967 0,000111
выполняться 2,732003 0,003954
язык 0,925206 0,000268
нидерланды 1,518981 0,000440
зимой 2,827314 0,000818
внутрь 3,520461 0,001019
архивировать 1,104547 0,000639
сделать 0,853233 0,000741
различный 1,441019 0,001251
связанный 0,786093 0,000683
прочий 1,069456 0,000310
прорыв 4,436752 0,001284
разный 1,368699 0,000396
wayback 1,633391 0,003309
год 0,099461 0,001785
айсшток 1,728701 0,000500
рисунок 3,338139 0,000966
международный 0,466460 0,000675
австралиец 3,520461 0,001019
հայերեն 1,198073 0,000347
башҡортса 1,518981 0,000440
мая 0,986764 0,001142
человеческий 4,031286 0,001167
euskara 1,122566 0,000325
поэтому 1,392229 0,000403
крупный 1,198073 0,001387
расстояние 2,085376 0,001207
web 1,279751 0,000370
предлагаться 3,520461 0,001019
cavil 5,129899 0,001485
универсальный 1,911023 0,000553
венгр 4,031286 0,001167
последовательность 3,050457 0,000883
чарльз 3,183989 0,000922
основывать 3,520461 0,001019
винманом 5,129899 0,001485
текущий 0,867219 0,000251
страна 0,641262 0,000371
несуществующий 3,520461 0,001019
весна 2,827314 0,000818
шаблон 1,441019 0,000834
инструмент 0,881403 0,000510
перевернуть 3,743604 0,001084
сразу 1,392229 0,000403
глима 1,762603 0,000510
создать 0,773190 0,000895
такой 0,735450 0,000213
удалять 3,520461 0,001019
планерный 1,762603 0,000510
деть 0,619039 0,000717
nasa 5,129899 0,001485
вместе 1,178655 0,000341
samoa 3,050457 0,000883
полуфинал 1,238078 0,000717
کوردی 1,762603 0,000510
запрос 2,421849 0,000701
финалист 2,185460 0,000633
бедро 2,932674 0,001698
решение 0,839439 0,000486
лига 0,325878 0,000094
рука 1,392229 0,008059
печать 0,955511 0,000553
русый 1,368699 0,000396
благодаря 1,441019 0,000834
широкий 2,038856 0,000590
военный 1,664163 0,000482
ныряние 5,129899 0,005939
включать 1,323236 0,001149
пелота 1,728701 0,000500
летний 0,619039 0,000358
européenn 4,436752 0,001284
фонд 0,895792 0,000259
просрочить 3,338139 0,000966
обсуждение 0,867219 0,001004
тот 0,393700 0,000570
трамплин 1,140915 0,000330
организация 0,663991 0,000577
указать 1,198073 0,000347
titl 0,986764 0,000286
частить 1,664163 0,001445
group 2,357310 0,000682
speedo 5,129899 0,001485
поздний 1,323236 0,000766
товарный 0,986764 0,000286
строительство 2,490841 0,000721
история 0,270086 0,000313
македонский 1,258698 0,000364
употребляться 3,520461 0,001019
длить 0,146292 0,000296
школа 1,492313 0,000432
yle 4,436752 0,002568
ழ 1,492313 0,000432
либо 1,140915 0,000660
приблизительно 3,743604 0,001084
согласно 1,574551 0,003190
разделение 2,644992 0,000766
усовершенствование 4,031286 0,001167
бок 2,827314 0,002455
название 1,035554 0,000899
редко 2,490841 0,000721
поиск 0,711058 0,000412
сформулировать 3,743604 0,001084
чемпион 0,334108 0,000097
game 1,797694 0,000520
oldid 0,986764 0,000286
длинный 1,762603 0,002041
катание 0,514778 0,000149
установление 3,338139 0,000966
как 0,232059 0,000403
первое 0,393700 0,001253
участник 0,799165 0,001157
лыжа 0,925206 0,000536
дистанция 1,728701 0,012008
низкий 1,345709 0,001168
trudgen 5,129899 0,002970
условие 0,334108 0,000387
словосочетание 3,520461 0,001019
манш 5,129899 0,004454
стадий 1,911023 0,001106
род 2,932674 0,000849
dialogus 5,129899 0,001485
комбинированный 3,743604 0,009752
принять 0,786093 0,000683
рок 1,695912 0,000491
канадец 2,421849 0,000701
оборудование 2,827314 0,000818
способ 1,728701 0,002001
авторство 0,986764 0,000286
высокий 0,760451 0,000880
второе 0,839439 0,000243
эгида 1,728701 0,002001
overarm 5,129899 0,002970
финал 0,699082 0,001214
català 1,086847 0,000315
специальный 1,217876 0,000352
хебнер 5,129899 0,001485
новый 0,239550 0,000208
поведение 0,839439 0,000243
вынести 2,357310 0,000682
еще 0,167054 0,000097
толковый 5,129899 0,001485
теннис 0,475938 0,000276
всероссийский 2,085376 0,001207
గ 2,038856 0,000590
заключаться 2,421849 0,000701
giant 3,743604 0,001084
золтан 5,129899 0,002970
dmoz 4,436752 0,001284
успех 1,518981 0,000440
финский 1,518981 0,000879
فارسی 1,104547 0,000320
удар 1,633391 0,002364
менее 1,258698 0,000729
умение 2,732003 0,000791
важный 0,986764 0,000571
наряд 2,357310 0,000682
త 2,038856 0,000590
свидетельствовать 4,031286 0,001167
полный 0,940244 0,002449
герметик 5,129899 0,001485
предложить 1,441019 0,000417
промысел 5,129899 0,001485
а 0,209918 0,000425
в 0,017911 0,000736
ల 2,038856 0,000590
викимедиа 0,986764 0,000286
webcit 2,038856 0,000590
е 0,867219 0,000251
проанализировать 3,743604 0,001084
з 3,050457 0,000883
и 0,023953 0,000562
джон 1,633391 0,000473
к 0,132686 0,000384
добиться 2,085376 0,001207
л 2,038856 0,001180
велоспорт 1,178655 0,000341
м 0,534779 0,009906
azərbaycanca 1,258698 0,000364
о 0,042302 0,000037
альпинизм 1,301257 0,000377
п 1,086847 0,001258
с 0,036149 0,000534
она 0,597299 0,000173
скейтбординг 1,762603 0,000510
средство 1,664163 0,000482
у 0,342407 0,000297
ф 1,728701 0,000500
х 0,986764 0,002570
течение 1,238078 0,000358
определить 1,301257 0,000377
скачать 0,895792 0,000519
они 0,524729 0,000759
сезон 0,723179 0,000209
дополнительный 0,940244 0,000544
первоначальный 2,827314 0,000818
футбол 0,247097 0,000358
сила 1,279751 0,000370
мир 0,277868 0,000804
атлетика 0,955511 0,000553
by 0,971016 0,000281
регби 0,955511 0,000553
ходжсон 5,129899 0,001485
deadlink 2,038856 0,000590
русский 0,760451 0,000220
касание 2,827314 0,003273
входить 1,258698 0,002914
копия 1,416327 0,002870
этап 0,895792 0,000519
cc 0,986764 0,000286
классический 1,834062 0,000531
shqip 1,466337 0,000424
время 0,384967 0,001448
конец 1,035554 0,001199
единственный 1,392229 0,000403
австрия 1,871802 0,000542
поручень 5,129899 0,001485
ранее 1,104547 0,000320
чистый 2,038856 0,000590
de 1,871802 0,002167
аргумент 2,827314 0,000818
прежде 2,185460 0,000633
носить 1,664163 0,000963
мода 3,183989 0,000922
реестр 4,031286 0,001167
پنجابی 2,239527 0,000648
многоэтапный 4,436752 0,001284
粵語 1,178655 0,000341
проплыть 4,436752 0,001284
следовать 1,728701 0,000500
комплексный 2,932674 0,008488
час 1,728701 0,000500
водоем 4,031286 0,001167
викиданных 0,986764 0,000286
तम 2,644992 0,000766
தம 1,492313 0,000432
ярд 3,338139 0,015459
каталог 1,301257 0,000753
crego 5,129899 0,001485
викискладе 1,217876 0,000352
сноуборд 1,178655 0,000341
показать 0,504926 0,000146
победить 0,699082 0,000405
обеспечивать 2,732003 0,000791
впоследствии 1,911023 0,000553
трубка 4,436752 0,001284
порядок 1,664163 0,000963
олимпийский 0,342407 0,001685
хёрлинг 1,762603 0,000510
читать 0,555188 0,000161
тяжелый 0,940244 0,000272
граф 3,743604 0,001084
древний 2,421849 0,001402
англ 1,159607 0,004028
fi 5,129899 0,001485
волейбол 0,955511 0,000277
именование 3,520461 0,001019
академический 1,546380 0,000448
плавание 1,178655 0,029338
биатлон 0,485508 0,000141
пожертвовать 0,940244 0,000272
пользоваться 2,490841 0,000721
лишь 1,159607 0,000336
горизонтальный 3,050457 0,002649
ссылка 0,699082 0,001821
невозможность 3,338139 0,000966
возникать 2,732003 0,000791
момент 0,910391 0,001054
эра 2,296685 0,000665
stroke 5,129899 0,002970
зрелищность 3,050457 0,000883
фаворит 2,134166 0,000618
середина 1,574551 0,002279
отобрать 2,732003 0,000791
中文 1,035554 0,000300
помимо 1,911023 0,001106
publish 2,932674 0,000849
ನಡ 2,038856 0,000590
foundat 0,986764 0,000286
кругосвет 1,994404 0,000577
сост 3,050457 0,000883
кожа 3,183989 0,000922
среда 1,871802 0,000542
подобный 1,911023 0,001659
финиш 2,185460 0,003795
латвия 1,664163 0,000482
сшить 4,436752 0,001284
natandi 5,129899 0,001485
перезаплыв 5,129899 0,001485
москва 0,576022 0,000333
составитель 3,050457 0,002649
https 0,699082 0,000202
спина 2,134166 0,012354
квадах 1,762603 0,000510
вставка 3,743604 0,001084
отдельный 0,955511 0,000553
роган 5,129899 0,001485
результат 0,524729 0,001367
мобильный 0,555188 0,000161
татарча 1,392229 0,000403
tiếng 1,140915 0,000330
עברית 1,052361 0,000305
лицо 1,695912 0,000491
index 0,986764 0,000286
тренировочный 1,834062 0,000531
далее 2,185460 0,000633
должен 0,597299 0,003630
зато 3,183989 0,000922
избранный 0,955511 0,000277
греция 1,994404 0,000577
подводной 3,338139 0,006763
ള 1,695912 0,000491
მარგალური 2,490841 0,000721
پښتو 2,732003 0,000791
ричмондом 5,129899 0,001485
исключить 1,441019 0,000417
john 2,644992 0,000766
сравнение 2,134166 0,000618
половина 1,392229 0,000403
стать 0,217244 0,000755
разновидность 2,490841 0,000721
крикет 1,695912 0,000491
robert 3,050457 0,000883
керлинг 1,086847 0,000315
обращение 0,910391 0,001317
文言 3,338139 0,000966
это 0,181139 0,000367
равный 1,466337 0,000849
упряжка 1,762603 0,000510
триатлон 1,633391 0,000473
код 0,971016 0,005059
два 0,504926 0,000146
centuri 4,031286 0,001167
лука 1,104547 0,000320
прыжок 0,940244 0,001361
дальность 4,031286 0,001167
египет 2,827314 0,000818
новость 0,285712 0,000083
координация 3,743604 0,001084
url 0,986764 0,000286
festiuus 5,129899 0,001485
доступный 0,955511 0,000277
остальное 1,834062 0,000531
сантиметр 0,955511 0,001106
ловля 4,436752 0,001284
сравнительно 4,031286 0,001167
эстафетный 3,743604 0,001084
состязание 2,038856 0,000590
войти 0,608110 0,000352
стартовый 1,728701 0,000500
старт 1,035554 0,003597
гольф 1,574551 0,000456
или 0,576022 0,002668
англичанин 2,932674 0,002546
кпм 3,743604 0,001084
ქართული 1,392229 0,000403
политик 0,224624 0,000065
регистрация 1,871802 0,002167
включить 1,392229 0,001209
fina 4,436752 0,006421
зеландия 2,490841 0,000721
учетный 0,986764 0,000286
international 3,183989 0,000922
много 0,735450 0,001703
представиться 0,986764 0,000286
плыть 4,031286 0,002334
фигурный 0,514778 0,000149
программа 0,799165 0,003470
затем 1,301257 0,000753
разыгрываться 1,994404 0,000577
смешанный 1,871802 0,000542
первый 0,317714 0,000276
разрешить 1,664163 0,001927
исходный 3,338139 0,000966
означать 2,185460 0,000633
прибавка 5,129899 0,001485
ස 1,834062 0,000531
итог 0,867219 0,000502
археологический 4,031286 0,001167
февраль 0,202645 0,000176
ошибка 0,576022 0,000167
значение 1,258698 0,001457
покорить 3,743604 0,001084
искусственный 2,239527 0,001296
тогда 1,466337 0,000424
германий 0,723179 0,000209
игра 0,112619 0,000359
malagasi 3,183989 0,000922
of 1,695912 0,000491
deutsch 1,052361 0,000305
türkmenç 2,185460 0,000633
марта 0,853233 0,000247
пояснение 3,520461 0,001019
wynman 5,129899 0,002970
упираться 4,436752 0,001284
разорвать 3,338139 0,002899
больший 0,457070 0,000661
nederland 1,019025 0,000295
вание 5,129899 0,001485
считаться 1,441019 0,000417
полуфинальный 2,564949 0,000742
событие 0,565551 0,000164
финикии 5,129899 0,001485
использование 0,277868 0,000161
пора 1,392229 0,000403
самый 0,608110 0,000352
материал 0,309617 0,000448
тумбочка 5,129899 0,001485
скиджоринг 1,762603 0,000510
скиинг 1,762603 0,000510
соревнование 0,411400 0,002977
технологический 3,338139 0,000966
кук 0,971016 0,000281
продолжение 2,564949 0,000742
лицензия 0,971016 0,000281
архивный 1,518981 0,003078
уэбб 4,436752 0,001284
охота 3,338139 0,000966
метровый 2,932674 0,001698
миля 3,050457 0,000883
зимний 0,663991 0,000192
ряд 1,198073 0,000347
навигация 0,986764 0,000857
страница 0,910391 0,002898
скобка 3,743604 0,002167
мочь 0,350775 0,001218
пролив 4,436752 0,001284
многоборье 3,183989 0,000922
борьба 0,723179 0,000209
запись 0,910391 0,000263
qr 0,986764 0,000286
подведение 3,050457 0,001766
richmond 5,129899 0,001485
дельфинообразное 5,129899 0,002970
вращательный 5,129899 0,001485
включаться 3,520461 0,001019
санный 1,301257 0,000377
правило 0,986764 0,001714
сохранение 0,971016 0,000281
сэкономить 5,129899 0,001485
фристайл 1,238078 0,000358
гимнастика 1,198073 0,000694
характер 2,185460 0,000633
sidestrok 5,129899 0,001485
hrvatski 1,052361 0,000305
погружение 5,129899 0,001485
дать 0,608110 0,000176
персональный 0,723179 0,000209
почтить 1,279751 0,001111
действовать 0,825834 0,000956
ru 0,285712 0,000248
текстиль 5,129899 0,001485
век 1,258698 0,001457
преодолевать 2,932674 0,001698
перенаправляться 2,644992 0,000766
кубок 0,376309 0,000218
во 0,495170 0,001290
уметь 2,932674 0,000849
sa 0,986764 0,000286
перечень 2,827314 0,000818
дата 0,799165 0,001157
вы 0,309617 0,000090
iucundus 5,129899 0,001485
проводить 0,910391 0,001054
китайский 1,069456 0,000310
español 1,019025 0,000295
специалист 1,797694 0,000520
спид 1,762603 0,000510
литература 1,695912 0,001473
россия 0,139466 0,000161
олимпий 3,338139 0,001932
рекорд 0,955511 0,006361
энциклопедия 0,986764 0,001142
th 2,185460 0,001265
вслед 2,564949 0,000742
свое 0,457070 0,000397
български 1,086847 0,000315
январь 0,786093 0,000910
плавать 4,436752 0,002568
брейкинг 1,762603 0,000510
настольный 1,198073 0,000347
проведение 1,104547 0,000639
де 0,955511 0,000277
перед 0,839439 0,001215
необходимость 2,185460 0,000633
сайт 0,411400 0,000476
американский 0,910391 0,000527
до 0,239550 0,000693
книзу 5,129899 0,002970
agostini 3,183989 0,000922
другой 0,188256 0,000599
сюда 0,986764 0,000571
популярность 1,797694 0,001041
трек 1,104547 0,000320
давать 1,416327 0,000410
цитировать 0,925206 0,000268
равенство 2,827314 0,000818
собственный 1,574551 0,000456
регулярно 1,871802 0,000542
ход 1,279751 0,001852
держаться 2,932674 0,000849
gagana 3,050457 0,000883
баскетбол 0,723179 0,000209
число 0,955511 0,000277
nicola 5,129899 0,002970
причина 1,368699 0,000396
гребля 1,518981 0,000879
флаг 0,895792 0,000259
вид 0,393700 0,002735
производиться 2,239527 0,000648
же 0,853233 0,001235
треджен 5,129899 0,007424
волшебный 1,695912 0,000491
неизменно 3,338139 0,000966
isbn 1,633391 0,000946
rule 2,357310 0,000682
polski 1,035554 0,000300
вытеснить 3,743604 0,004334
что 0,195425 0,000339
common 0,986764 0,000286
править 0,544931 0,006151
за 0,125952 0,000401
отрезка 2,644992 0,000766
софтбол 1,633391 0,000473
тысячелетье 4,436752 0,001284
org 0,986764 0,000571
настоящее 1,368699 0,000792
протяжка 5,129899 0,001485
костюм 2,932674 0,011035
некоммерческий 0,986764 0,000286
венгрия 2,134166 0,000618
mare 5,129899 0,001485
мокнуть 1,574551 0,000456
принцип 1,695912 0,000491
любой 1,238078 0,002150
xv 2,732003 0,000791
из 0,106018 0,000491
сальников 4,436752 0,001284
бассейн 2,932674 0,011883
художественный 1,518981 0,000440
синоним 3,743604 0,001084
гребок 5,129899 0,022272
прекратить 2,296685 0,000665
мяч 0,735450 0,000213
наш 0,652562 0,000189
естественный 2,827314 0,000818
случайный 0,986764 0,000286
указание 0,986764 0,000286
скрытый 1,052361 0,000305
ножницеобразные 5,129899 0,001485
показательный 1,279751 0,000370
их 0,799165 0,000694
српски 1,035554 0,000300
над 0,986764 0,000286
напоминать 2,644992 0,000766
издать 3,338139 0,000966
колобашка 5,129899 0,001485
ligu 5,129899 0,001485
хоккей 0,285712 0,000331
дискуссия 2,421849 0,000701
двоеборье 1,217876 0,000352
служба 1,279751 0,000370
заниматься 1,574551 0,000456
тело 1,762603 0,004081
natat 5,129899 0,002970
ски 1,069456 0,000310
исключать 3,338139 0,002899
первенство 1,301257 0,000753
вайцеховский 5,129899 0,001485
iban 4,031286 0,001167
srpski 1,035554 0,000300
движение 1,728701 0,006004
пловец 3,183989 0,018431
ко 2,421849 0,000701
октябрь 1,019025 0,000295
николас 3,743604 0,001084
континентальный 1,871802 0,000542
лыжный 0,675551 0,000391
который 0,325878 0,001038
постоянный 0,881403 0,000255
конькобежный 1,140915 0,000330
искусство 2,296685 0,000665
легкий 0,895792 0,000259
награда 1,279751 0,000370
ла 1,762603 0,001530
следующий 0,853233 0,001482
türkçe 1,052361 0,000305
победа 0,420369 0,000122
допинг 1,871802 0,000542
вибрировать 5,129899 0,001485
случай 0,867219 0,000502
вниз 2,932674 0,001698
greenwood 4,031286 0,001167
한국어 1,035554 0,000300
вод 1,466337 0,008064
синхронный 1,574551 0,000911
текстильный 5,129899 0,001485
создание 1,633391 0,000473
несколько 0,971016 0,001405
начало 0,760451 0,001761
место 0,402511 0,000350
предварительный 2,421849 0,004206
синтетический 3,183989 0,000922
венеция 5,129899 0,001485
натуральный 3,050457 0,000883
вольная 2,932674 0,008488
лежать 2,421849 0,000701
плавательный 3,743604 0,010835
мы 0,195425 0,000057
дичь 4,031286 0,001167
участие 0,457070 0,000265
крокет 1,728701 0,000500
на 0,023953 0,000742
водный 0,723179 0,001884
свежий 0,839439 0,000243
не 0,099461 0,000691
использовать 0,940244 0,000816
высокотехнологичный 5,129899 0,001485
каждый 0,812411 0,002351
расти 2,564949 0,000742
онлайн 0,773190 0,000224
погрузить 4,436752 0,005137
любитель 1,238078 0,000358
маленький 1,392229 0,000403
но 0,402511 0,000117
толчок 2,490841 0,002884
проноситься 4,436752 0,001284
xix 1,834062 0,001593
вызвать 1,797694 0,000520
апрель 0,986764 0,000571
внешний 1,104547 0,000320
совершить 2,134166 0,000618
категория 0,881403 0,000510
начинать 1,140915 0,000330
sive 5,129899 0,001485
бейсбол 1,416327 0,000820
об 0,217244 0,000189
уровень 1,086847 0,000315
владимир 1,392229 0,000403
ои 0,812411 0,021398
справка 0,986764 0,000286
развитие 1,140915 0,000660
лата 3,338139 0,001932
arthur 5,129899 0,001485
мужчина 0,812411 0,001176
лайкрой 5,129899 0,001485
предшествовать 3,338139 0,000966
тхэквондо 1,633391 0,000473
пла 5,129899 0,001485
от 0,160085 0,000463
форум 0,867219 0,000251
ласт 5,129899 0,002970
статистика 0,630089 0,000182
официальный 0,735450 0,001064
бокс 0,534779 0,000310
zazaki 2,239527 0,000648
все 0,067304 0,000214
википедия 0,986764 0,001714
മലയ 1,695912 0,000491
сведение 0,786093 0,000228
по 0,073653 0,000618
inc 0,986764 0,000286
занимать 1,664163 0,000482
одежда 2,827314 0,000818
эстафета 1,871802 0,006501
какой 1,002764 0,000580
обратный 1,178655 0,000341
сообщество 0,910391 0,000263
прикладной 3,520461 0,003057
произойти 1,178655 0,000341
википедии 0,986764 0,000571
проверить 1,368699 0,000396
утренний 4,031286 0,001167
термин 1,345709 0,000779
переть 0,359214 0,000832
книга 1,911023 0,000553
источник 0,786093 0,000455
