состоять 1,279751 0,000317
latina 1,603538 0,000199
формула 1,574551 0,000195
tdv 5,129899 0,000635
день 0,699082 0,000173
рассказ 3,743604 0,000927
нокаут 2,827314 0,000700
иштван 4,436752 0,000549
найти 1,122566 0,000278
экспорт 0,986764 0,000122
выигрывать 1,728701 0,000428
терраса 5,129899 0,000635
повлиять 2,564949 0,000635
န 2,134166 0,000264
подчиняться 4,031286 0,000499
любить 1,466337 0,000182
ဘ 2,134166 0,000264
ไทย 1,238078 0,000153
kernowek 3,520461 0,000436
မ 2,134166 0,000528
забелин 4,436752 0,000549
tatarça 1,392229 0,000172
သ 2,134166 0,000264
nova 2,932674 0,000363
ифань 4,436752 0,001648
الدارجة 2,357310 0,000292
заявление 0,799165 0,000297
множество 1,951845 0,000725
людем 5,129899 0,000635
выделять 2,932674 0,000726
стабильный 2,085376 0,000258
парной 2,644992 0,000327
mìng 2,827314 0,000350
isixhosa 3,338139 0,000413
трудный 2,932674 0,000363
universali 1,951845 0,000242
пункт 2,357310 0,000292
культурный 3,338139 0,000413
čeština 1,035554 0,000128
иностранный 2,185460 0,000271
чужая 3,338139 0,000413
продолжаться 1,951845 0,000483
aragoné 1,762603 0,000218
ловушка 3,743604 0,000463
эксмо 3,183989 0,000394
луиса 2,239527 0,000554
крамник 5,129899 0,002540
lombard 3,338139 0,000413
minangkabau 2,564949 0,000318
создатель 3,050457 0,000378
очевидный 3,520461 0,000436
викисклад 1,035554 0,000256
цениться 5,129899 0,000635
вскользь 5,129899 0,000635
гипермодернизм 5,129899 0,000635
владелец 2,185460 0,000271
природа 4,436752 0,001098
купреянов 5,129899 0,000635
горизонталь 5,129899 0,006986
еллинского 5,129899 0,001270
индия 4,436752 0,000549
slovenčina 1,069456 0,000132
морфи 5,129899 0,001270
gnd 1,392229 0,000172
дело 1,664163 0,000206
уилсон 3,050457 0,000378
юношеский 1,574551 0,000195
ограниченность 5,129899 0,000635
окончательно 2,564949 0,000318
оригинал 1,441019 0,000178
индий 2,644992 0,000327
a 1,392229 0,002413
b 2,564949 0,003175
c 1,546380 0,002297
d 2,185460 0,002705
e 1,603538 0,002382
маневрирование 4,436752 0,000549
проект 0,457070 0,000113
f 2,564949 0,004128
g 2,490841 0,004317
h 2,490841 0,003700
i 1,762603 0,000436
j 1,466337 0,000182
l 2,490841 0,000308
полить 3,183989 0,000788
n 2,421849 0,000600
маэстро 5,129899 0,002540
the 1,546380 0,001340
p 1,951845 0,001933
нажатие 5,129899 0,001270
найтись 4,031286 0,000499
s 1,664163 0,000206
t 2,732003 0,000338
blue 4,031286 0,000499
u 1,345709 0,000167
сильный 1,198073 0,000593
проблема 1,122566 0,000695
w 0,955511 0,000118
x 1,279751 0,000158
потребовать 2,932674 0,001089
заботиться 4,436752 0,000549
инок 4,436752 0,000549
иной 2,038856 0,001262
обучать 4,031286 0,000499
универсиада 2,644992 0,000655
индивидуальный 1,797694 0,000668
объемный 5,129899 0,000635
режанс 5,129899 0,000635
шатрандж 5,129899 0,001270
приведение 4,436752 0,000549
пытаться 1,834062 0,000454
измышление 5,129899 0,000635
степень 2,490841 0,000617
находиться 0,925206 0,000573
развлечение 2,932674 0,000363
начать 1,279751 0,000317
окончание 1,546380 0,000191
профессионал 2,134166 0,000264
слон 3,743604 0,002781
судья 1,035554 0,001538
удалить 1,951845 0,000242
walker 5,129899 0,000635
часы 1,911023 0,005441
предназначить 2,490841 0,000308
коммерческий 2,185460 0,000271
тавлия 5,129899 0,001270
система 0,799165 0,000890
miscellan 5,129899 0,000635
падение 1,797694 0,000890
играетъ 5,129899 0,000635
июнь 1,198073 0,000593
соврать 5,129899 0,000635
ласкера 5,129899 0,000635
emiliàn 4,031286 0,000499
нормальный 3,050457 0,001133
иметь 1,069456 0,000662
совет 0,825834 0,000102
суждение 5,129899 0,000635
значительный 2,185460 0,000541
вперед 1,797694 0,000445
пример 1,994404 0,000247
ладья 5,129899 0,003175
самостоятельный 2,932674 0,000363
имети 5,129899 0,000635
расчет 3,050457 0,001133
сунна 5,129899 0,000635
практический 1,546380 0,000574
последний 0,376309 0,000466
россиянка 2,085376 0,000258
минута 0,940244 0,000698
ladin 3,338139 0,000413
некоторые 1,198073 0,001631
инвентарь 2,085376 0,000516
добавляться 3,743604 0,000927
贛語 3,743604 0,000463
pdf 0,940244 0,000116
германский 3,520461 0,000436
дебютный 2,296685 0,000569
сша 0,586604 0,000145
ܐܪܡܝܐ 5,129899 0,000635
описание 0,881403 0,000109
июль 1,019025 0,000505
отказать 3,743604 0,000463
недостаток 1,574551 0,000195
одновременно 1,762603 0,000436
коран 5,129899 0,000635
контратака 3,050457 0,000378
ануширван 5,129899 0,000635
общепризнанный 4,436752 0,001098
encyclopaedia 4,436752 0,000549
зрение 2,296685 0,001137
подряд 1,258698 0,000156
возрадоваться 5,129899 0,000635
казанцев 4,031286 0,000499
различать 3,520461 0,000436
таковой 3,520461 0,001307
логический 4,436752 0,002746
становиться 1,159607 0,000287
артуро 5,129899 0,001270
известность 3,743604 0,000463
разработчик 0,971016 0,000120
чемпионский 1,574551 0,000195
ноябрь 0,955511 0,000237
xvi 2,490841 0,001542
претензия 4,031286 0,000499
встречаться 1,994404 0,000247
аще 5,129899 0,000635
intel 5,129899 0,001270
причетник 5,129899 0,001270
вклад 0,955511 0,000118
indonesia 1,086847 0,000135
поставить 1,633391 0,001415
четырёхсторонние 5,129899 0,000635
патер 5,129899 0,000635
текст 0,925206 0,000229
lâm 1,762603 0,000218
очки 0,940244 0,000233
esperanto 1,198073 0,000148
мадрид 1,762603 0,000218
временить 1,140915 0,003531
зона 1,603538 0,000199
перейти 0,586604 0,000145
подготовка 1,178655 0,000146
абстрактный 5,129899 0,000635
sunda 2,564949 0,000318
сын 2,239527 0,000277
обладать 2,490841 0,000925
бить 2,357310 0,000584
дворецкий 4,436752 0,000549
boarisch 2,357310 0,000292
оговаривать 5,129899 0,000635
интерес 1,871802 0,000232
youtub 1,797694 0,000223
изменять 4,031286 0,000499
картина 2,644992 0,000655
сохраниться 2,932674 0,000363
умный 4,436752 0,000549
нохчийн 2,296685 0,000284
чередоваться 3,338139 0,000413
слово 1,035554 0,000128
ответственность 0,895792 0,000111
спортсмен 0,565551 0,000070
разница 1,728701 0,000214
françai 1,019025 0,000126
изучить 3,520461 0,000436
сильнейший 1,546380 0,000574
взять 1,159607 0,000287
его 0,447767 0,000942
распасться 4,436752 0,000549
звание 1,994404 0,005185
только 0,447767 0,000388
разноцветный 4,031286 0,000499
php 0,986764 0,000122
واللعب 5,129899 0,000635
научиться 3,183989 0,000394
средний 1,441019 0,000178
функция 3,050457 0,000378
com 0,925206 0,000687
разнообразие 4,031286 0,000499
κᾰλός 5,129899 0,000635
межзональный 5,129899 0,000635
епископ 5,129899 0,000635
целый 1,492313 0,000185
турнир 0,293617 0,001672
необоснованный 3,338139 0,000413
чаща 1,834062 0,000454
frysk 1,762603 0,000218
запретность 5,129899 0,000635
заглавный 0,986764 0,000122
вмешательство 3,743604 0,000463
хороший 0,393700 0,000244
гарри 3,050457 0,002643
чувство 3,050457 0,000755
добавить 1,518981 0,000376
law 3,520461 0,000872
когда 0,652562 0,000646
客家語 2,564949 0,000318
тематический 2,038856 0,000252
выражение 3,743604 0,000463
сцена 3,050457 0,001133
твориться 4,436752 0,000549
подчиненный 5,129899 0,000635
чего 1,345709 0,000333
предыдущий 1,797694 0,000445
отмена 2,932674 0,000363
الشطرنج 5,129899 0,001270
состояние 1,301257 0,000161
институт 2,827314 0,000350
происхождение 2,827314 0,000350
престижный 2,085376 0,000258
появляться 2,038856 0,000252
بالورق 5,129899 0,000635
осада 5,129899 0,000635
набирать 2,644992 0,000327
мыслить 2,932674 0,000363
татарика 4,436752 0,000549
слаженность 4,031286 0,000499
против 0,747872 0,000555
статуя 3,743604 0,000463
так 0,597299 0,001183
иногда 1,951845 0,000242
образно 5,129899 0,000635
федерация 0,495170 0,000490
быков 4,031286 0,000499
возникнуть 2,038856 0,000252
їли 5,129899 0,001270
упоминаться 3,050457 0,000755
издание 1,574551 0,000390
значимость 3,183989 0,000394
раскрыть 1,871802 0,000232
общеизвестный 5,129899 0,000635
тая 2,827314 0,000350
lojban 5,129899 0,000635
крh 5,129899 0,001270
encyclopedia 2,932674 0,000363
фланг 3,338139 0,000413
определение 2,085376 0,002323
возбранять 5,129899 0,001270
духовенство 4,436752 0,001098
ravili 5,129899 0,001270
исключение 1,695912 0,000630
есть 0,812411 0,001006
вести 1,238078 0,000307
найджела 5,129899 0,000635
линия 1,466337 0,000182
электронный 2,038856 0,001010
спорт 0,125952 0,000156
просмотр 0,925206 0,000229
национальный 0,839439 0,001143
неравнодушный 4,436752 0,000549
этот 0,350775 0,000825
press 2,185460 0,000271
смыслова 5,129899 0,000635
проходная 4,031286 0,000499
претендовать 2,732003 0,000338
сказать 1,368699 0,000339
признанный 2,038856 0,000505
chessbomb 5,129899 0,000635
насчитывать 3,338139 0,000413
классификация 2,732003 0,000338
глава 1,122566 0,000278
основной 1,122566 0,002223
creativ 0,986764 0,000122
известный 0,986764 0,000611
царить 5,129899 0,000635
настояние 4,436752 0,000549
основное 1,368699 0,000508
рассуждение 4,436752 0,000549
музычук 5,129899 0,000635
согласный 2,490841 0,000308
сложиться 2,490841 0,000617
полунажатое 5,129899 0,000635
элемент 0,925206 0,000458
alemannisch 2,357310 0,000292
спортивный 0,301585 0,000187
игрок 0,711058 0,005369
женщина 0,663991 0,000329
фланговый 4,031286 0,000499
переписка 4,436752 0,003295
характеризоваться 4,436752 0,000549
открытие 1,695912 0,000210
kreyòl 2,490841 0,000308
исход 2,185460 0,000541
комбинационный 4,031286 0,000499
цель 1,238078 0,000613
выиграть 0,485508 0,000421
умолчание 5,129899 0,000635
регулярный 1,951845 0,000483
турнирный 1,086847 0,000269
ଓଡ 3,338139 0,000413
अवध 3,338139 0,000413
буквальный 2,732003 0,000338
гамбит 5,129899 0,000635
ранг 2,732003 0,000338
тем 1,217876 0,000754
популярный 1,392229 0,000345
эстетический 4,031286 0,008983
без 0,466460 0,000462
поле 1,392229 0,001723
閩東語 2,827314 0,000350
между 0,955511 0,000710
чӑвашла 2,134166 0,000264
hak 2,564949 0,000318
соответствие 1,002764 0,000124
запрет 2,134166 0,002642
наработать 5,129899 0,000635
цейтнот 5,129899 0,003175
европа 0,393700 0,000146
вынудить 2,185460 0,000271
вовремя 3,743604 0,000463
прикрыть 3,743604 0,000463
chess 5,129899 0,012066
направление 1,728701 0,000642
редакция 0,940244 0,000466
karol 5,129899 0,000635
сеанс 5,129899 0,000635
определять 2,185460 0,001082
период 1,035554 0,000128
сопротивление 2,564949 0,000318
ಕನ 2,038856 0,000252
клуб 0,652562 0,000081
бернар 4,031286 0,000499
апостольский 5,129899 0,000635
центральный 1,603538 0,000199
ассоциация 1,416327 0,000526
page 0,986764 0,000122
отрицательно 4,436752 0,000549
treccani 2,827314 0,000350
кроме 1,368699 0,001186
мария 1,834062 0,000227
конкурентный 4,031286 0,000499
подход 3,183989 0,000788
нижний 0,955511 0,000118
возрастать 3,743604 0,000463
просуществовать 3,520461 0,000436
играющий 2,644992 0,000655
всегда 1,258698 0,000312
заданный 3,743604 0,000463
попеременный 3,520461 0,000436
колонка 4,031286 0,001996
оба 1,368699 0,001525
кодекс 0,971016 0,000240
преследовать 4,436752 0,000549
тип 1,345709 0,000167
детская 2,421849 0,000300
тарраша 5,129899 0,000635
неправильный 3,520461 0,000436
цепь 4,436752 0,000549
согласиться 2,357310 0,000875
mirandé 2,732003 0,000338
достигаться 3,520461 0,000872
безосновательно 5,129899 0,000635
решевского 5,129899 0,000635
earli 3,743604 0,000463
vosa 3,743604 0,000463
набор 2,296685 0,001422
статья 0,495170 0,001532
если 0,675551 0,002425
interlingu 2,239527 0,000277
wikimedia 0,986764 0,000122
викицитатнике 2,827314 0,000350
повод 2,239527 0,000554
فهو 5,129899 0,000635
предусматриваться 4,031286 0,000499
ограничение 1,834062 0,000681
посвятить 1,994404 0,000247
цикличность 5,129899 0,000635
возрастной 2,296685 0,000284
мировой 0,955511 0,000237
ответить 1,664163 0,000412
часовой 3,183989 0,000394
полтора 2,827314 0,000350
ελληνικά 1,086847 0,000135
многий 2,296685 0,000284
близкий 1,762603 0,000218
многие 1,178655 0,000730
колугер 5,129899 0,000635
язык 0,925206 0,000916
близкие 3,183989 0,000394
редактирование 3,183989 0,000394
предпринять 3,183989 0,000788
удовлетворять 3,743604 0,000927
অসম 2,644992 0,000327
различный 1,441019 0,000892
закрытый 1,911023 0,000237
обстоятельство 2,732003 0,000676
обращать 2,827314 0,000350
прочий 1,069456 0,000132
право 2,239527 0,000277
йотировать 5,129899 0,001270
разный 1,368699 0,000339
wayback 1,633391 0,002022
творчество 4,436752 0,000549
затронуть 5,129899 0,000635
распространить 2,134166 0,001057
упорядочить 4,031286 0,000998
защитить 1,633391 0,000202
софийский 4,436752 0,000549
стоглавый 5,129899 0,002540
рисунок 3,338139 0,000826
шахматист 5,129899 0,010161
международный 0,466460 0,001155
взрыть 5,129899 0,000635
комитет 1,368699 0,000169
игральный 5,129899 0,001270
андрей 1,258698 0,000467
башҡортса 1,518981 0,000188
матч 0,293617 0,001054
حرام 5,129899 0,001270
januari 4,031286 0,000499
передвигаться 3,338139 0,000413
bright 4,436752 0,000549
euskara 1,122566 0,000139
цукерторта 5,129899 0,000635
рекше 5,129899 0,000635
православие 5,129899 0,002540
прародитель 3,743604 0,000463
заставлять 4,031286 0,000499
крупный 1,198073 0,000742
краткий 3,520461 0,000436
расстояние 2,085376 0,001033
истекший 5,129899 0,000635
горсея 5,129899 0,000635
пешечный 5,129899 0,001905
schredder 5,129899 0,000635
рамка 1,441019 0,000178
отвергнуть 4,436752 0,001098
горсей 5,129899 0,000635
перепрыгивать 5,129899 0,000635
последовательность 3,050457 0,000378
текущий 0,867219 0,000215
сегодня 0,881403 0,000109
страна 0,641262 0,000238
вместо 1,633391 0,000202
кингчесс 5,129899 0,000635
banjar 2,932674 0,000363
сёги 5,129899 0,001905
доммараджу 5,129899 0,000635
петр 1,392229 0,000345
правление 2,932674 0,000363
сразу 1,392229 0,000689
перевернуть 3,743604 0,000463
batak 3,050457 0,000378
оттуда 3,520461 0,000436
создать 0,773190 0,000670
цифра 2,421849 0,000600
шестиугольной 5,129899 0,001270
деть 0,619039 0,000153
вместе 1,178655 0,000146
малый 2,134166 0,001321
asturianu 1,323236 0,000164
концепция 3,183989 0,000394
کوردی 1,762603 0,000218
запрос 2,421849 0,000300
продолжить 1,492313 0,000185
финалист 2,185460 0,000271
решение 0,839439 0,000208
проходить 0,867219 0,000644
явочный 5,129899 0,000635
печать 0,955511 0,000237
необычный 2,827314 0,000350
горазд 3,050457 0,000755
рентген 4,031286 0,000499
íslenska 1,392229 0,000172
лg 5,129899 0,003175
претендентка 5,129899 0,001905
включать 1,323236 0,000328
летний 0,619039 0,000153
जप 3,520461 0,000436
ввиду 2,732003 0,000338
просрочить 3,338139 0,001240
олимпиада 0,576022 0,000214
schwalb 5,129899 0,000635
જર 3,338139 0,000413
тот 0,393700 0,001949
обсуждение 0,867219 0,000215
протокол 2,490841 0,000617
организация 0,663991 0,000904
titl 0,986764 0,000122
чатуранга 5,129899 0,001270
десять 1,797694 0,000223
розыгрыш 1,762603 0,000655
поздний 1,323236 0,000328
ботвинник 5,129899 0,001270
вертикаль 4,436752 0,003295
несыгранный 4,436752 0,000549
почта 2,185460 0,000271
товарный 0,986764 0,000122
разрешать 3,050457 0,000378
прихожанин 5,129899 0,000635
перс 4,436752 0,001098
три 1,178655 0,000438
вскоре 2,239527 0,000277
противостоять 3,183989 0,000394
閩南語 1,762603 0,000218
школа 1,492313 0,000369
безымянный 5,129899 0,000635
подобно 4,436752 0,000549
повторять 3,743604 0,000463
обратить 3,338139 0,000826
приходский 4,436752 0,000549
нажимать 2,732003 0,001015
разделение 2,644992 0,000327
бешеный 5,129899 0,000635
histori 1,762603 0,000218
реальный 1,871802 0,000463
сильвестровская 5,129899 0,000635
калугер 5,129899 0,001270
предлагать 2,421849 0,000899
руководить 2,085376 0,000258
стейниц 5,129899 0,001270
петербургский 2,185460 0,000271
как 0,232059 0,001092
участник 0,799165 0,000099
объявление 3,743604 0,000463
инициатива 2,134166 0,001321
ванька 5,129899 0,001270
условие 0,334108 0,000538
молниеносный 5,129899 0,000635
сергий 5,129899 0,000635
каф 3,050457 0,000378
отсутствовать 2,564949 0,000953
крестик 5,129899 0,000635
изменяться 3,050457 0,000378
достижение 1,279751 0,000634
угловой 3,050457 0,000378
τάβλα 5,129899 0,000635
тарашкевіца 1,198073 0,000148
τάβλη 5,129899 0,000635
полуоткрытый 5,129899 0,000635
логика 3,743604 0,000463
rybka 5,129899 0,000635
видеть 1,994404 0,000494
cymraeg 1,574551 0,000195
финансирование 2,421849 0,000300
партнер 1,159607 0,000287
запускать 4,031286 0,000499
вертикальный 2,490841 0,000308
третье 1,035554 0,000128
фиде 5,129899 0,011431
способ 1,728701 0,000642
мокшень 3,520461 0,000436
эгида 1,728701 0,000642
второе 0,839439 0,000208
sicilianu 2,038856 0,000252
этюд 5,129899 0,003810
второй 0,576022 0,000143
заранее 2,932674 0,000726
специальный 1,217876 0,000302
dansk 1,069456 0,000132
фигура 2,827314 0,016100
тур 1,159607 0,000287
вызов 2,357310 0,000875
еще 0,167054 0,000083
des 3,520461 0,000436
аспект 2,732003 0,001691
سنڌي 3,050457 0,000378
ставка 0,799165 0,000099
петербург 1,345709 0,000666
менее 1,258698 0,000935
важный 0,986764 0,000366
касаться 1,994404 0,000247
берлин 2,644992 0,000655
наряд 2,357310 0,000292
беларуская 1,069456 0,000265
пешка 5,129899 0,013336
отметать 5,129899 0,000635
конфликт 1,951845 0,000242
предложить 1,441019 0,000178
помощь 1,368699 0,000169
а 0,209918 0,000572
ставиться 3,743604 0,000463
в 0,017911 0,000623
яна 1,834062 0,000227
г 0,925206 0,001260
д 0,895792 0,001109
издаваться 3,743604 0,000463
е 0,867219 0,000751
з 3,050457 0,000378
и 0,023953 0,000676
к 0,132686 0,000526
л 2,038856 0,003029
м 0,534779 0,000662
н 0,895792 0,000333
о 0,042302 0,000110
санкт 1,279751 0,000792
п 1,086847 0,000269
бут 4,436752 0,000549
р 2,239527 0,000832
с 0,036149 0,000474
она 0,597299 0,000887
исследование 2,038856 0,000252
творческий 4,436752 0,001648
т 1,368699 0,001186
у 0,342407 0,000636
ф 1,728701 0,000428
х 0,986764 0,000366
течение 1,238078 0,001073
китай 1,695912 0,000210
скачать 0,895792 0,000222
они 0,524729 0,000650
дворец 2,827314 0,000350
цугцванг 5,129899 0,000635
сыгранный 2,421849 0,000300
оно 2,038856 0,000252
я 0,747872 0,000278
рапид 3,520461 0,000436
вариант 1,492313 0,002956
футбол 0,247097 0,000031
сила 1,279751 0,000951
journal 3,050457 0,001511
обеспечить 2,296685 0,000284
структура 1,574551 0,000195
песочный 5,129899 0,000635
выпадать 5,129899 0,000635
копия 1,416327 0,001753
организатор 1,951845 0,000242
игрище 5,129899 0,001270
классический 1,834062 0,001589
على 5,129899 0,001270
кнопка 2,732003 0,001691
ангишола 5,129899 0,000635
ѩ 5,129899 0,001270
возвращать 3,183989 0,000394
денежный 3,183989 0,000394
явиться 4,031286 0,000998
томас 2,490841 0,000308
боев 2,932674 0,000363
переживание 4,436752 0,000549
существование 2,085376 0,000516
макса 2,038856 0,000252
автоматический 2,932674 0,000363
составлять 1,518981 0,000188
перевод 2,490841 0,000308
paul 3,743604 0,000463
город 1,069456 0,000132
оставлять 3,183989 0,000394
битый 4,436752 0,001098
прежде 2,185460 0,000812
粵語 1,178655 0,000146
следовать 1,728701 0,000428
брейк 3,050457 0,000378
равилиус 5,129899 0,001905
तम 2,644992 0,000327
தம 1,492313 0,000185
каталанский 1,695912 0,000210
вторичный 3,183989 0,000394
nāhuatl 4,031286 0,000499
викискладе 1,217876 0,000302
вечный 2,644992 0,000655
василий 2,134166 0,000264
требовать 1,466337 0,000363
выступить 1,238078 0,000153
фa 5,129899 0,001270
победить 0,699082 0,000260
впоследствии 1,911023 0,000473
шахматъι 5,129899 0,001270
уменьшить 2,421849 0,000300
живопись 4,436752 0,001098
xvii 2,490841 0,000617
выигрыш 2,134166 0,001585
редкий 3,050457 0,000755
fide 5,129899 0,002540
андерсен 4,436752 0,001648
недолгий 3,520461 0,000436
ефрона 3,183989 0,000788
take 3,520461 0,000436
кардави 5,129899 0,000635
очередность 3,743604 0,000463
святаго 5,129899 0,000635
humbl 4,436752 0,001098
արեւմտահայերէն 2,564949 0,000318
рассматривать 2,732003 0,000338
сумма 1,518981 0,000188
إن 5,129899 0,000635
гран 1,518981 0,000188
ślůnski 2,932674 0,000363
настигнуть 5,129899 0,000635
цитата 2,732003 0,000338
пережить 3,183989 0,000394
соревновательный 2,644992 0,000655
британский 2,239527 0,000554
мера 2,296685 0,000284
пожертвовать 0,940244 0,000116
обоюдный 3,520461 0,000436
горизонтальный 3,050457 0,000378
рауль 4,031286 0,000499
обидный 5,129899 0,000635
расстановка 3,520461 0,001743
япония 1,279751 0,000158
наблюдатель 5,129899 0,000635
еврейский 5,129899 0,000635
ссылка 0,699082 0,000779
богдановский 5,129899 0,000635
kiswahili 2,185460 0,000271
vahcuengh 3,743604 0,000463
перемещать 4,436752 0,000549
середина 1,574551 0,000390
эндшпильные 5,129899 0,000635
подсчет 2,732003 0,000338
ನಡ 2,038856 0,000252
комбинация 2,732003 0,003720
белопольный 5,129899 0,000635
древнегреческо 5,129899 0,000635
кругосвет 1,994404 0,000247
истечение 2,732003 0,000338
тыл 2,564949 0,000318
делать 1,392229 0,000689
dolnoserbski 4,436752 0,000549
всемирный 1,762603 0,000436
прослушивание 5,129899 0,000635
остаться 1,301257 0,000967
проблемист 5,129899 0,001270
конечность 3,520461 0,000436
выносить 3,338139 0,000413
москва 0,576022 0,000357
атака 1,762603 0,000218
ᱥᱟᱱᱛᱟᱲᱤ 2,932674 0,000363
гибкий 3,743604 0,000463
подойти 2,644992 0,000327
базироваться 3,338139 0,000413
отдельный 0,955511 0,000591
изобретение 4,436752 0,000549
добавлять 3,743604 0,000463
тринадцатый 4,436752 0,000549
обнаружиться 5,129899 0,000635
швейцарка 4,031286 0,000499
échec 5,129899 0,000635
строгость 4,436752 0,000549
მარგალური 2,490841 0,000308
отсталый 5,129899 0,000635
энциклопедический 3,050457 0,000378
hindi 2,421849 0,000300
чей 2,357310 0,000292
целесообразность 4,436752 0,001098
родственный 2,239527 0,000277
угроза 2,732003 0,001015
половина 1,392229 0,000172
стать 0,217244 0,000323
достаточно 2,134166 0,000793
обучение 2,239527 0,000277
немедленно 3,183989 0,000788
обращение 0,910391 0,001465
макрук 5,129899 0,001905
вызывать 2,827314 0,000350
макрух 5,129899 0,001270
быт 4,031286 0,000499
устояться 4,436752 0,000549
код 0,971016 0,000240
ветеран 1,994404 0,000247
присвоение 3,183989 0,000394
математика 4,436752 0,000549
fiji 2,421849 0,000300
опираться 4,031286 0,000499
url 0,986764 0,000122
сентябрь 1,035554 0,000256
михаил 1,301257 0,000805
таиланд 2,732003 0,000338
сантиметр 0,955511 0,000946
тавлѣя 5,129899 0,001270
состязание 2,038856 0,001010
войти 0,608110 0,000075
голицын 5,129899 0,001270
furlan 3,050457 0,000378
мельница 4,436752 0,000549
объявляться 3,338139 0,000826
диагональ 3,338139 0,001240
дипломат 4,436752 0,000549
ქართული 1,392229 0,000172
british 3,520461 0,001743
лишение 3,520461 0,000436
вспомогательный 4,436752 0,000549
защита 1,441019 0,000178
политик 0,224624 0,000056
считать 1,279751 0,000634
воздействие 3,338139 0,000413
буква 2,357310 0,000875
регистрация 1,871802 0,000232
алфавит 1,159607 0,000431
особый 1,994404 0,000741
восстановление 2,296685 0,000284
international 3,183989 0,000394
принадлежать 1,762603 0,000655
убо 5,129899 0,000635
играть 0,895792 0,001331
размен 5,129899 0,000635
засчитываться 2,564949 0,002223
обычный 2,038856 0,001010
программа 0,799165 0,000396
gaeilg 1,951845 0,000242
blitz 5,129899 0,000635
разделяться 2,644992 0,000327
действие 1,518981 0,000564
чжунъи 5,129899 0,000635
тоҷикӣ 1,695912 0,000210
смешанный 1,871802 0,000232
критика 1,951845 0,000242
обусловить 2,932674 0,000363
играти 5,129899 0,000635
первый 0,317714 0,000590
религиозный 4,031286 0,000499
разрешить 1,664163 0,000412
шахматистка 5,129899 0,001905
betawi 2,732003 0,000338
मर 1,574551 0,000195
итог 0,867219 0,000644
пять 1,140915 0,000282
февраль 0,202645 0,000050
байхаки 5,129899 0,000635
значение 1,258698 0,000467
взятие 3,050457 0,003399
объединять 2,239527 0,000554
тогда 1,466337 0,000182
отождествлять 4,436752 0,000549
деятельность 1,546380 0,000574
косвенно 5,129899 0,000635
размер 1,911023 0,000237
malagasi 3,183989 0,000394
türkmenç 2,185460 0,000271
проход 2,932674 0,001452
ответ 2,239527 0,000277
мнение 1,951845 0,001208
апокриф 5,129899 0,000635
титул 1,301257 0,000967
швейцарский 2,490841 0,000308
nederland 1,019025 0,000126
кто 0,747872 0,000370
формулировать 5,129899 0,000635
фишер 3,338139 0,001653
считаться 1,441019 0,000892
пора 1,392229 0,000172
август 1,035554 0,000769
самый 0,608110 0,000151
материал 0,309617 0,000192
минус 2,827314 0,000350
публика 2,644992 0,000327
закончиться 1,834062 0,000454
кук 0,971016 0,000120
боевой 2,827314 0,000350
реванш 2,185460 0,000271
расположение 2,732003 0,000676
викиучебник 5,129899 0,000635
føroyskt 2,085376 0,000258
ан 2,932674 0,000363
документальный 3,338139 0,000413
партия 2,644992 0,013097
рокировка 5,129899 0,005715
роль 1,695912 0,000630
навигация 0,986764 0,000366
мочь 0,350775 0,001216
umma 5,129899 0,000635
церковь 3,520461 0,001307
борьба 0,723179 0,000179
остановить 1,994404 0,000988
γέρων 5,129899 0,000635
сборная 0,342407 0,000042
неатакованное 5,129899 0,000635
limburg 2,134166 0,000264
неудачный 2,732003 0,000338
бо 2,185460 0,000541
правило 0,986764 0,001222
вообще 1,911023 0,000237
коган 4,436752 0,000549
ر 3,743604 0,000463
усиливаться 4,031286 0,000499
вильгельм 4,436752 0,001098
καλόγηρος 5,129899 0,000635
характер 2,185460 0,000541
бы 1,052361 0,000130
hrvatski 1,052361 0,000130
изобразительный 4,436752 0,001098
почтить 1,279751 0,000317
английский 1,574551 0,000195
nordfriisk 4,031286 0,000499
грубый 2,644992 0,000327
топалов 5,129899 0,000635
православный 4,436752 0,001648
век 1,258698 0,003584
кубок 0,376309 0,000093
во 0,495170 0,000552
occitan 1,466337 0,000182
признать 1,834062 0,000227
лимит 2,827314 0,000350
уже 0,687247 0,000510
lichess 5,129899 0,000635
морда 5,129899 0,000635
очередь 2,085376 0,001549
цвет 1,695912 0,001050
вы 0,309617 0,000115
восстановить 2,644992 0,000327
отложить 3,183989 0,000394
просто 1,492313 0,000369
гл 3,050457 0,000378
кандидатский 5,129899 0,000635
простой 2,239527 0,000277
треугольник 4,436752 0,000549
энциклопедия 0,986764 0,000611
вслед 2,564949 0,000318
всякий 2,827314 0,001050
български 1,086847 0,000135
плен 4,436752 0,000549
чтобы 0,773190 0,000383
да 1,911023 0,000710
журнал 1,871802 0,000695
пат 4,031286 0,003493
де 0,955511 0,000237
проведение 1,104547 0,000957
отклонить 3,743604 0,000463
дж 3,338139 0,000413
гарантировать 2,732003 0,000338
авторский 2,732003 0,000338
кубик 5,129899 0,002540
перед 0,839439 0,000416
эндшпиль 5,129899 0,005080
серон 5,129899 0,000635
сайт 0,411400 0,000153
правильно 3,183989 0,000394
буряад 3,338139 0,000413
гадание 4,436752 0,000549
до 0,239550 0,000386
др 2,490841 0,001233
зевок 5,129899 0,000635
черновик 5,129899 0,000635
останавливаться 2,827314 0,000350
выступать 0,940244 0,000233
другой 0,188256 0,000536
сюда 0,986764 0,000244
запретный 5,129899 0,001270
клетка 3,338139 0,002479
континент 2,239527 0,000277
перес 2,357310 0,000584
كان 5,129899 0,000635
независимый 2,357310 0,000292
указ 3,050457 0,000378
рабочий 2,134166 0,000264
пар 1,416327 0,000351
цитировать 0,925206 0,000115
ее 0,723179 0,000627
нежелательный 4,436752 0,001098
sánchez 5,129899 0,000635
соседний 3,520461 0,000872
икчф 5,129899 0,001905
собственный 1,574551 0,000780
персидский 5,129899 0,001270
азия 1,834062 0,000454
лондон 1,911023 0,000473
равилиуса 5,129899 0,000635
составляться 4,436752 0,000549
сдаваться 4,031286 0,000499
число 0,955511 0,000946
факт 1,797694 0,000223
хамбла 5,129899 0,001270
ido 1,546380 0,000191
контроль 1,951845 0,002899
человечество 5,129899 0,000635
вид 0,393700 0,000731
производиться 2,239527 0,000277
же 0,853233 0,001056
сборник 4,436752 0,001098
русиньскый 2,732003 0,000338
isbn 1,633391 0,000809
зарекомендовать 3,743604 0,000463
путь 1,518981 0,000376
яростный 5,129899 0,001270
𐌲𐌿𐍄𐌹𐍃𐌺 4,031286 0,000499
что 0,195425 0,000774
реализация 3,050457 0,000378
common 0,986764 0,000122
договор 2,421849 0,000300
лезги 3,183989 0,000394
править 0,544931 0,002631
мобилизация 5,129899 0,000635
за 0,125952 0,000468
ираника 5,129899 0,000635
удовольствие 2,932674 0,001089
домашний 1,695912 0,000630
форма 1,086847 0,001076
ожидать 2,827314 0,000350
заканчиваться 2,421849 0,000300
настоящее 1,368699 0,001186
vèneto 2,357310 0,000292
левый 1,871802 0,000232
увлекаться 4,031286 0,000998
спонсорский 2,932674 0,000363
советский 1,140915 0,000424
доходить 3,183989 0,000394
развить 3,050457 0,000378
позиция 1,392229 0,002930
принцип 1,695912 0,000630
орос 5,129899 0,000635
ansiklopedisi 5,129899 0,000635
отличаться 1,664163 0,000824
из 0,106018 0,000472
игровой 1,104547 0,000547
художественный 1,518981 0,000188
перемещаться 3,050457 0,000378
runa 2,732003 0,000338
прекратить 2,296685 0,000853
ходить 3,050457 0,003399
молодежь 2,490841 0,000308
случайный 0,986764 0,000366
i̇slam 5,129899 0,000635
скрытый 1,052361 0,000651
конструкционный 5,129899 0,000635
удобный 2,564949 0,000318
кусать 5,129899 0,000635
их 0,799165 0,000594
настоящий 2,134166 0,000264
theori 4,436752 0,000549
восточный 1,911023 0,000237
компонент 3,050457 0,000378
смолян 5,129899 0,003175
преемственность 4,436752 0,001098
оригинальность 4,436752 0,001098
план 1,664163 0,001030
volapük 5,129899 0,000635
греча 3,338139 0,001240
schachklub 5,129899 0,000635
žemaitėška 2,732003 0,000338
изображение 2,239527 0,000277
музыкальный 3,338139 0,000413
технический 1,416327 0,000701
цивилизация 5,129899 0,000635
серия 0,586604 0,000218
estremeñu 2,827314 0,000350
механический 3,520461 0,002615
первенство 1,301257 0,001128
религаре 5,129899 0,000635
слева 2,564949 0,000318
srpski 1,035554 0,000128
двор 3,743604 0,000927
нард 5,129899 0,000635
христианство 5,129899 0,001270
писатель 3,743604 0,000463
непосредственный 3,338139 0,000413
влево 3,743604 0,000463
кн 4,436752 0,000549
lingua 3,050457 0,000378
круглый 2,932674 0,000363
кр 3,520461 0,000872
соперник 0,853233 0,001479
завоевать 1,035554 0,000128
iii 2,490841 0,000617
альфонсо 5,129899 0,000635
решить 1,392229 0,000172
бесчисленный 5,129899 0,000635
курьерский 5,129899 0,000635
إسلام 5,129899 0,001270
майзелис 5,129899 0,000635
следующий 0,853233 0,000951
hornjoserbsc 4,031286 0,000499
досадный 4,436752 0,000549
крайний 2,185460 0,000271
претерпеть 2,732003 0,000338
президент 1,035554 0,000128
обозначаться 3,338139 0,000413
радость 3,743604 0,000463
первоначально 1,951845 0,000242
дамиани 5,129899 0,000635
строгий 2,239527 0,000554
ля 5,129899 0,000635
한국어 1,035554 0,000128
подтверждение 3,520461 0,000436
создание 1,633391 0,000404
иван 1,603538 0,000397
ހ 4,031286 0,000499
место 0,402511 0,000100
государство 2,134166 0,000264
успешный 1,345709 0,000333
ބ 4,031286 0,000499
полузакрытые 5,129899 0,000635
ވ 4,031286 0,000499
mathworld 5,129899 0,000635
ދ 4,031286 0,000499
корреспондент 2,932674 0,000363
мы 0,195425 0,000024
ސ 4,031286 0,000499
участие 0,457070 0,000226
прекрасный 3,050457 0,001133
утверждать 2,644992 0,000655
на 0,023953 0,000368
попытка 1,664163 0,000412
хальмг 5,129899 0,000635
достигнуть 1,728701 0,000428
simpl 1,140915 0,000141
брокгауза 3,183989 0,000788
не 0,099461 0,000763
titan 5,129899 0,000635
собор 5,129899 0,003175
каждый 0,812411 0,000805
from 2,827314 0,000350
ни 1,603538 0,000596
онлайн 0,773190 0,000191
но 0,402511 0,000947
осуществляться 2,239527 0,000277
раздел 1,574551 0,000585
ну 2,827314 0,000700
арабский 3,520461 0,000436
фантастический 5,129899 0,000635
появление 2,239527 0,000554
категория 0,881403 0,000218
норвежский 1,345709 0,000167
независимо 2,932674 0,000726
isizulu 3,743604 0,000463
magyar 1,086847 0,000135
подписать 1,492313 0,000185
об 0,217244 0,000134
уровень 1,086847 0,000269
владимир 1,392229 0,000689
механизм 4,031286 0,000998
уточнять 5,129899 0,000635
миттельшпиль 5,129899 0,001270
leboa 3,520461 0,000436
справка 0,986764 0,000122
развитие 1,140915 0,000565
он 0,475938 0,001178
умереть 2,038856 0,000252
завершение 1,695912 0,000210
ферзевый 5,129899 0,000635
от 0,160085 0,000634
переходить 2,185460 0,000271
форум 0,867219 0,000107
поистине 4,436752 0,000549
pona 3,338139 0,000413
отыскать 4,436752 0,000549
официальный 0,735450 0,000364
бокс 0,534779 0,000066
toba 3,743604 0,000463
слать 1,728701 0,000214
недостаточный 4,031286 0,000499
zazaki 2,239527 0,000277
ларусса 3,338139 0,000826
внимание 1,695912 0,000420
все 0,067304 0,000158
принимать 0,955511 0,000237
википедия 0,986764 0,000611
ссылаться 5,129899 0,000635
уголь 5,129899 0,000635
сведение 0,786093 0,000195
ngṳ 2,827314 0,000350
возможность 1,279751 0,000634
по 0,073653 0,000830
inc 0,986764 0,000122
пр 3,743604 0,000463
занимать 1,664163 0,000412
вселенский 5,129899 0,000635
patoi 4,031286 0,000499
огромный 2,296685 0,000284
невозможный 2,732003 0,000676
круг 1,392229 0,000172
сообщать 1,951845 0,000242
очень 1,140915 0,000141
вничью 1,797694 0,000445
какой 1,002764 0,000745
наличие 2,357310 0,000292
сообщество 0,910391 0,000113
занятие 2,357310 0,000584
произойти 1,178655 0,000438
википедии 0,986764 0,000244
принятие 2,564949 0,000318
термин 1,345709 0,000500
книга 1,911023 0,000710
переноситься 3,743604 0,000463
париж 1,392229 0,000172
scot 1,695912 0,000210
стандартный 2,185460 0,000271
notat 5,129899 0,000635
кормити 5,129899 0,000635
лишиться 2,827314 0,000350
lccn 1,492313 0,000185
памятник 3,183989 0,001577
соперничество 2,421849 0,000300
стиль 1,603538 0,000199
фосс 5,129899 0,000635
日本語 1,035554 0,000128
со 0,447767 0,000776
согласие 2,038856 0,000252
прервать 1,762603 0,000218
центр 0,773190 0,000096
частность 1,994404 0,000247
замысел 3,743604 0,001390
задание 4,031286 0,000499
slovenščina 1,345709 0,000167
под 0,723179 0,000985
старец 5,129899 0,000635
встретить 4,031286 0,000499
пол 0,910391 0,001352
проследить 5,129899 0,000635
проиграть 1,104547 0,000273
связаться 0,867219 0,000107
декабрь 0,853233 0,000317
менчик 5,129899 0,000635
brezhoneg 2,038856 0,000252
жертва 2,932674 0,000363
дополнительно 2,932674 0,000363
человек 0,940244 0,000466
лично 3,050457 0,000755
подробный 0,687247 0,000170
содержание 0,955511 0,000237
отказаться 1,695912 0,000210
eesti 1,069456 0,000132
wojtyla 5,129899 0,000635
связь 0,747872 0,000185
مصرى 1,546380 0,000191
насколько 3,183989 0,000394
сейчас 1,104547 0,000273
ездить 4,031286 0,000499
относить 3,743604 0,000927
нога 1,664163 0,000206
сѧ 5,129899 0,000635
клирикъ 5,129899 0,000635
карп 4,031286 0,000998
составление 5,129899 0,000635
субъективный 3,743604 0,000463
шах 5,129899 0,010796
britannica 1,518981 0,000376
рентеро 5,129899 0,000635
דיש 2,644992 0,000327
весь 1,633391 0,000404
lëtzebuergesch 1,762603 0,000218
стандартизировать 5,129899 0,000635
возникновение 2,644992 0,000327
ум 3,520461 0,000436
machin 1,633391 0,002022
wikipedia 0,986764 0,000244
сложность 1,951845 0,000483
теперь 0,971016 0,000120
однозначно 5,129899 0,000635
необходимый 2,357310 0,000292
итальянский 1,633391 0,000404
plattdüütsch 2,357310 0,000292
взаимосвязь 5,129899 0,000635
мирской 5,129899 0,000635
препятствовать 3,520461 0,001307
рассмотреть 2,421849 0,000300
отредактировать 0,986764 0,000122
называть 1,258698 0,000467
fédération 3,743604 0,000463
близость 4,031286 0,000499
ушенина 5,129899 0,000635
создавать 2,357310 0,000584
записывать 4,436752 0,000549
троекратный 5,129899 0,002540
каспаров 4,436752 0,005492
простота 4,436752 0,000549
ситуация 1,392229 0,000517
главный 0,565551 0,000210
ⱄⰾⱁⰲⱑⱀⱐⱄⰽⱏ 4,436752 0,000549
හල 1,834062 0,000227
максимально 2,644992 0,000327
одержать 1,217876 0,000452
также 0,663991 0,001891
фр 2,421849 0,000300
сюлли 5,129899 0,000635
бритье 5,129899 0,000635
член 1,416327 0,000351
العربية 1,069456 0,000132
появиться 1,159607 0,000574
сего 5,129899 0,000635
грозный 2,421849 0,000600
прошлый 1,518981 0,000188
вера 3,338139 0,000413
сначала 1,664163 0,000412
претендент 2,296685 0,002559
изменение 1,345709 0,000666
однажды 3,050457 0,000378
библиографический 1,279751 0,000158
приходить 2,644992 0,000327
алехин 5,129899 0,000635
конгресс 2,185460 0,000271
правка 0,986764 0,000244
пожелать 4,031286 0,000499
отбор 2,296685 0,000284
однако 1,069456 0,001192
мышца 4,031286 0,000499
соавт 5,129899 0,000635
себя 0,597299 0,000665
tolışi 1,871802 0,000232
изменить 1,728701 0,000214
полупрофессионал 5,129899 0,000635
việt 1,140915 0,000141
отказ 0,839439 0,000104
вшс 5,129899 0,001905
нападение 2,357310 0,000292
поддержка 1,546380 0,000191
один 0,342407 0,001441
дисциплина 1,546380 0,000191
zermelo 5,129899 0,000635
cray 5,129899 0,000635
полностью 1,546380 0,000383
победительница 2,644992 0,000327
vol 2,932674 0,001452
свобода 2,421849 0,000300
срезневский 5,129899 0,002540
сторона 1,069456 0,002515
журналист 1,951845 0,000242
столетие 2,490841 0,000308
часто 1,574551 0,000195
заявить 1,140915 0,000141
ресурс 0,812411 0,000201
ωстанеши 5,129899 0,000635
ничто 3,338139 0,000413
передвижение 3,183989 0,000788
способность 3,050457 0,000755
софонисба 5,129899 0,000635
южный 1,159607 0,000144
способный 2,732003 0,000676
bahasa 1,086847 0,000269
अ 3,338139 0,000413
како 5,129899 0,000635
линейный 3,338139 0,000413
нарушить 2,490841 0,000308
أقوال 5,129899 0,000635
поочередный 3,050457 0,000378
король 2,490841 0,006784
симметрия 5,129899 0,000635
качество 1,323236 0,001474
تۆرکجه 1,762603 0,000218
через 0,971016 0,000481
क 2,421849 0,000600
компенсация 3,050457 0,000378
ग 3,183989 0,000394
lietuvių 1,140915 0,000141
мцнмо 5,129899 0,000635
реверте 5,129899 0,001270
словарь 1,198073 0,001187
изолированный 5,129899 0,000635
отборочный 2,421849 0,001499
нотация 5,129899 0,001905
оформление 4,436752 0,000549
перегрузка 5,129899 0,000635
ठ 1,574551 0,000195
официально 1,159607 0,000287
меняться 1,951845 0,000242
зея 5,129899 0,000635
пятьдесятное 5,129899 0,000635
थ 2,932674 0,000363
саха 2,644992 0,000327
соблюдение 2,732003 0,000338
द 1,546380 0,000191
влиять 3,050457 0,000378
न 1,518981 0,000564
команда 0,262364 0,000130
илюмжинов 5,129899 0,000635
प 1,911023 0,000473
старое 1,797694 0,000223
भ 2,239527 0,000554
म 2,932674 0,000363
toki 3,338139 0,000413
र 3,520461 0,000436
ल 1,911023 0,000710
случайность 4,436752 0,000549
являться 1,019025 0,002145
промежуточный 2,827314 0,000350
проводиться 1,086847 0,002018
получать 1,301257 0,000483
ष 2,296685 0,000284
никогда 1,951845 0,000242
स 2,644992 0,000655
секунда 1,633391 0,000202
ह 1,546380 0,000191
переплетаться 4,436752 0,000549
единый 1,104547 0,000273
распустить 4,031286 0,000499
кураев 5,129899 0,002540
навык 3,050457 0,000378
переключение 4,436752 0,001098
шварц 4,031286 0,000499
одновременный 3,743604 0,000463
гармония 5,129899 0,001270
портал 1,416327 0,000351
зигберта 5,129899 0,000635
удвоение 5,129899 0,000635
українська 1,035554 0,000128
штраф 2,564949 0,000635
конкретизация 2,827314 0,000350
напряжение 3,520461 0,000436
перераб 4,031286 0,000499
aesthet 5,129899 0,003810
доска 3,183989 0,009854
группа 1,122566 0,000139
саул 5,129899 0,000635
xviii 2,421849 0,000300
ограничивать 2,932674 0,000363
обанкротиться 4,436752 0,000549
вейк 5,129899 0,000635
предусмотреть 2,932674 0,000363
противный 3,183989 0,000394
начинаться 1,664163 0,000206
стоить 1,546380 0,000574
красивый 2,644992 0,000655
эффект 2,932674 0,001089
жизнь 0,881403 0,000327
пша 5,129899 0,002540
корона 3,743604 0,000463
ndl 1,834062 0,000227
менять 1,994404 0,000247
выноситься 4,031286 0,000499
cite 1,258698 0,000156
маршалл 4,436752 0,000549
võro 2,932674 0,000363
تدل 5,129899 0,000635
трое 2,185460 0,000271
некоронованный 5,129899 0,000635
точно 1,911023 0,000237
счесть 3,743604 0,000463
византийский 5,129899 0,000635
причем 1,871802 0,000463
chessbas 5,129899 0,000635
репутация 2,827314 0,000350
шведский 2,564949 0,000318
калогер 5,129899 0,001270
подумать 3,743604 0,000463
ежегодно 2,185460 0,000271
быстрый 1,664163 0,000412
тайный 3,520461 0,000436
красный 1,069456 0,000132
инвариант 5,129899 0,001270
сеять 2,827314 0,000350
ব 1,416327 0,000175
объединение 2,296685 0,000569
алматы 4,436752 0,000549
нарушение 1,416327 0,000351
য 2,644992 0,000327
конфиденциальность 0,293617 0,000036
вилка 5,129899 0,000635
ল 1,416327 0,000175
католичество 5,129899 0,001270
юс 5,129899 0,001270
комбинаторный 5,129899 0,000635
svenska 1,035554 0,000128
общий 0,986764 0,000122
подсиживать 5,129899 0,000635
шахматы 1,834062 0,041776
бесовский 5,129899 0,001270
повторение 3,520461 0,002179
дополнение 3,183989 0,001182
ссср 0,940244 0,000349
кабинет 3,050457 0,000378
великое 2,421849 0,000600
проза 5,129899 0,000635
приобрести 2,038856 0,000252
понятие 3,183989 0,000788
зло 5,129899 0,000635
открыть 1,279751 0,000475
дизайн 2,490841 0,000308
никто 1,574551 0,000195
тешиться 5,129899 0,000635
объяснение 3,520461 0,000436
and 1,762603 0,000655
стратегия 2,239527 0,001941
эмануил 5,129899 0,000635
последовательный 3,520461 0,000436
именно 1,492313 0,000924
шашка 4,031286 0,001996
профессиональный 1,052361 0,000651
главное 0,524729 0,000065
угодный 5,129899 0,000635
азартный 3,338139 0,001240
прибегать 3,743604 0,000463
французский 1,052361 0,000130
interlingua 1,603538 0,000199
ann 4,031286 0,000499
ведь 3,050457 0,000378
где 0,675551 0,000335
араб 4,031286 0,000499
колугеръ 5,129899 0,000635
фиксироваться 3,050457 0,001888
активный 1,546380 0,000574
шорта 5,129899 0,000635
бытовой 3,338139 0,000413
зафиксировать 1,994404 0,000247
позволять 1,664163 0,000412
вновь 1,574551 0,000195
англия 1,238078 0,000153
yivo 5,129899 0,000635
stockfish 5,129899 0,000635
komodo 5,129899 0,000635
участвовать 0,955511 0,000237
martin 3,338139 0,000413
sardu 2,932674 0,000363
сообщить 0,447767 0,000111
примечание 1,002764 0,000248
европейский 1,122566 0,000417
быть 0,119263 0,000812
физкультура 1,994404 0,000247
связка 2,932674 0,000363
точка 1,762603 0,000655
истечь 2,732003 0,000338
отмечать 2,421849 0,000600
воплощение 4,436752 0,000549
выразительный 5,129899 0,000635
штурм 3,743604 0,000463
разработать 1,728701 0,000214
оштрафовать 3,743604 0,000463
разрушить 3,520461 0,000436
зеркальный 4,031286 0,000499
асар 5,129899 0,001270
помешать 2,239527 0,000277
влириями 5,129899 0,000635
english 0,925206 0,000229
перерыв 1,762603 0,000218
обозначить 2,827314 0,000350
функционер 2,644992 0,000327
ਜ 1,664163 0,000206
четыре 0,910391 0,000225
маковское 5,129899 0,000635
отражать 3,338139 0,000413
глубокий 2,827314 0,000700
suomi 1,052361 0,000130
определяться 1,797694 0,000223
друг 1,518981 0,001504
ਪ 1,664163 0,000206
охарактеризовать 4,436752 0,000549
разрешённости 5,129899 0,000635
ਬ 1,664163 0,000206
поэзия 5,129899 0,000635
непобежденный 3,183989 0,000394
схема 1,951845 0,000483
рамадан 4,031286 0,000499
можно 1,002764 0,000497
взаимодействие 2,490841 0,000925
română 1,122566 0,000139
альтернативный 2,932674 0,000363
сочетать 3,338139 0,000413
четырёхугольными 5,129899 0,000635
пятикратного 5,129899 0,000635
nkc 1,574551 0,000195
использоваться 1,159607 0,000431
miguel 5,129899 0,000635
гадюшный 5,129899 0,000635
латинский 3,183989 0,000394
portuguê 1,035554 0,000128
мужской 1,198073 0,000297
стремиться 2,421849 0,000300
ngî 2,564949 0,000318
oʻzbekcha 1,140915 0,000141
раз 0,485508 0,000421
чемпионат 0,188256 0,000280
подростковый 5,129899 0,000635
ўзбекча 1,140915 0,000141
композитор 3,520461 0,001307
latviešu 1,052361 0,000130
доказать 2,644992 0,000327
образование 2,038856 0,000252
российский 0,224624 0,000111
монополия 3,743604 0,000463
фестиваль 2,564949 0,000318
испания 1,159607 0,000287
стол 3,338139 0,000826
тиша 5,129899 0,000635
борода 4,031286 0,000499
необходимо 1,994404 0,000494
art 2,644992 0,000655
завершаться 3,050457 0,000378
версия 0,393700 0,000390
спустя 1,911023 0,000237
превращение 4,436752 0,001098
jawa 1,911023 0,000237
обычно 1,695912 0,001889
wilson 4,436752 0,000549
выделить 2,085376 0,000258
зарегистрировать 0,711058 0,000088
препятствие 3,050457 0,000378
священнослужитель 5,129899 0,000635
требование 1,797694 0,000668
матовый 4,436752 0,000549
вячеслав 2,185460 0,000541
اردو 1,574551 0,000195
записать 2,932674 0,000363
выполнение 2,185460 0,000271
знак 0,986764 0,000122
сложный 1,871802 0,000927
правый 0,971016 0,000601
наблюдать 3,183989 0,000394
реализоваться 4,436752 0,001098
словѣньскъ 4,436752 0,000549
представитель 1,238078 0,000153
русь 4,031286 0,000499
положить 2,185460 0,000271
компьютер 3,520461 0,000436
ગ 3,338139 0,000413
работа 1,086847 0,000135
проф 4,436752 0,000549
тактика 2,421849 0,000899
руденко 3,520461 0,000436
обладатель 1,492313 0,000185
наказать 2,421849 0,000300
leela 5,129899 0,000635
произведенье 4,436752 0,001648
критерий 2,490841 0,000308
единодушно 5,129899 0,000635
ત 3,338139 0,000413
телефон 1,911023 0,000237
запретить 1,178655 0,000584
ислам 2,038856 0,000757
посол 0,301585 0,000373
запрещаться 2,932674 0,000726
медиафайлы 1,217876 0,000302
galego 1,178655 0,000146
автор 1,466337 0,000545
говориться 3,050457 0,000755
старый 1,159607 0,000431
короткий 0,699082 0,000260
gàidhlig 2,644992 0,000327
соображение 3,183989 0,000394
внести 2,239527 0,000277
затягивание 4,436752 0,000549
поражение 1,122566 0,000695
служебный 0,955511 0,000118
гукеш 5,129899 0,000635
снять 1,871802 0,000232
покинуть 1,871802 0,000232
положение 1,416327 0,000351
атаковаться 5,129899 0,000635
война 1,695912 0,000210
указывать 2,827314 0,000350
рождаться 5,129899 0,000635
жидовский 5,129899 0,000635
оказать 2,732003 0,000338
news 2,185460 0,000271
призовой 1,951845 0,000242
associ 0,986764 0,000122
максимальный 1,951845 0,000242
свободный 0,867219 0,000215
очередной 2,085376 0,000516
применяться 1,217876 0,000452
получаться 2,732003 0,000338
существовать 1,122566 0,001807
федор 1,871802 0,000232
современный 1,159607 0,000718
играться 2,564949 0,000635
отношение 1,301257 0,000322
музыка 2,357310 0,000875
референтный 5,129899 0,000635
азиатский 2,296685 0,000284
ଆ 3,338139 0,000413
ранний 1,492313 0,000185
серьезный 1,633391 0,000202
получить 0,384967 0,000191
стих 4,031286 0,000499
направить 2,296685 0,000284
клетчатый 4,436752 0,000549
зачастую 3,050457 0,000378
письменный 4,031286 0,001996
государственный 1,871802 0,000463
фактор 2,421849 0,000300
мерзкий 4,031286 0,000499
передать 2,134166 0,000264
архивировать 1,104547 0,001641
יי 2,644992 0,000327
фактически 2,357310 0,000584
сделать 0,853233 0,000739
телеграф 5,129899 0,000635
связанный 0,786093 0,000292
сопереживание 5,129899 0,000635
банглапедия 3,743604 0,000463
викицитатник 2,827314 0,000700
melayu 1,368699 0,000169
планет 2,827314 0,000350
маг 4,436752 0,001098
испытывать 2,932674 0,001089
мультиспортивных 4,436752 0,000549
переговоры 2,239527 0,000277
проявляться 4,031286 0,000499
воля 2,932674 0,000726
italiano 1,035554 0,000128
год 0,099461 0,000887
блиц 4,436752 0,001648
հայերեն 1,198073 0,000148
кампоманесом 5,129899 0,000635
резкий 2,085376 0,000516
сент 2,564949 0,000318
эвм 5,129899 0,000635
мая 0,986764 0,000366
украинка 4,031286 0,000499
поэтому 1,392229 0,000862
вносить 3,183989 0,000394
квадрат 3,743604 0,000463
српскохрватски 1,416327 0,000175
волк 2,644992 0,000327
web 1,279751 0,000158
корпоративный 3,338139 0,000413
мат 3,338139 0,005785
шень 5,129899 0,000635
bokmål 1,069456 0,000132
стучать 5,129899 0,000635
vepsän 3,183989 0,000394
засчитать 2,357310 0,000875
хорошо 1,951845 0,000483
шаблон 1,441019 0,000178
инструмент 0,881403 0,000218
справа 2,932674 0,000363
завоевание 2,732003 0,000676
такой 0,735450 0,001457
плюс 2,239527 0,000277
аида 5,129899 0,000635
тесно 3,520461 0,000436
грань 5,129899 0,000635
адольф 4,436752 0,000549
чемпионка 1,441019 0,001784
всесторонне 5,129899 0,000635
доиграть 3,183989 0,000394
tabula 5,129899 0,000635
оптимальный 3,338139 0,000826
лига 0,325878 0,000040
рука 1,392229 0,000345
собираться 2,185460 0,000271
dice 5,129899 0,000635
русый 1,368699 0,000339
благодаря 1,441019 0,000535
некий 3,520461 0,000436
afrikaan 1,441019 0,000178
фонд 0,895792 0,000222
вестись 2,185460 0,000271
наиболее 1,466337 0,000908
указать 1,198073 0,000148
соглашение 1,466337 0,000545
частить 1,664163 0,000412
الفتوى 5,129899 0,001270
содержать 2,134166 0,000264
спонсорство 3,050457 0,000378
линарес 5,129899 0,000635
история 0,270086 0,000334
македонский 1,258698 0,000156
таблица 0,711058 0,000176
зависать 5,129899 0,000635
длить 0,146292 0,000724
непосредственно 2,134166 0,000264
bân 1,762603 0,000218
ழ 1,492313 0,000185
либо 1,140915 0,000989
остыть 5,129899 0,000635
effect 3,743604 0,000463
согласно 1,574551 0,000585
хара 4,436752 0,000549
венгерский 3,183989 0,000394
тысяча 1,546380 0,000383
поиск 0,711058 0,000176
гус 4,436752 0,000549
соболевский 5,129899 0,000635
чемпион 0,334108 0,001324
game 1,797694 0,000445
handbook 3,520461 0,000872
чернопольный 5,129899 0,000635
брайт 5,129899 0,000635
чанги 5,129899 0,000635
oldid 0,986764 0,000122
длинный 1,762603 0,000655
маневры 4,031286 0,000499
заочный 5,129899 0,003175
первое 0,393700 0,000585
нарды 5,129899 0,000635
алексей 1,140915 0,000424
запрещать 2,827314 0,000700
кереса 5,129899 0,000635
mcfarland 4,436752 0,000549
houdini 5,129899 0,000635
malti 2,732003 0,000338
стадий 1,911023 0,000946
кардинал 5,129899 0,000635
принять 0,786093 0,000681
присущий 5,129899 0,000635
точность 2,932674 0,000726
упасть 2,357310 0,001459
ayisyen 2,490841 0,000308
авторство 0,986764 0,000122
высокий 0,760451 0,000282
систематически 5,129899 0,000635
льшую 4,436752 0,000549
приводить 2,085376 0,000258
català 1,086847 0,000135
математический 5,129899 0,001905
playchess 5,129899 0,000635
новый 0,239550 0,000297
образ 1,178655 0,000438
поведение 0,839439 0,000104
hausa 2,732003 0,000338
частичный 2,732003 0,000338
католический 5,129899 0,000635
академия 1,834062 0,000227
конь 3,520461 0,003486
происходить 1,466337 0,000363
частично 2,932674 0,000363
выйти 0,773190 0,000096
గ 2,038856 0,000252
заключаться 2,421849 0,000300
ребенок 1,323236 0,000164
فارسی 1,104547 0,000137
удар 1,633391 0,000809
త 2,038856 0,000252
полный 0,940244 0,000349
предел 1,603538 0,000199
александр 0,839439 0,000416
an 2,644992 0,000655
ల 2,038856 0,000252
композиция 3,743604 0,010196
викимедиа 0,986764 0,000122
царь 4,031286 0,001996
шестиугольник 5,129899 0,000635
флажок 3,743604 0,004634
azərbaycanca 1,258698 0,000156
средство 1,664163 0,001030
джером 5,129899 0,000635
теория 2,357310 0,001167
определить 1,301257 0,001128
дополнительный 0,940244 0,000349
لعب 5,129899 0,000635
лѣкъι 5,129899 0,000635
пауль 3,743604 0,000463
проигрыш 2,490841 0,001233
обращаться 4,031286 0,000499
мир 0,277868 0,001823
by 0,971016 0,000120
стрелка 4,436752 0,000549
экз 2,732003 0,000676
русский 0,760451 0,000282
входить 1,258698 0,000467
этап 0,895792 0,000444
играние 5,129899 0,001270
cc 0,986764 0,000122
практика 4,031286 0,000499
небольшой 2,296685 0,000569
shqip 1,466337 0,000182
время 0,384967 0,001191
конец 1,035554 0,000385
крепость 5,129899 0,000635
единственный 1,392229 0,000172
хосе 3,338139 0,000413
оппозиция 5,129899 0,000635
бланк 5,129899 0,001270
гексагональный 5,129899 0,000635
выходить 1,695912 0,000630
внутренний 2,038856 0,000252
отменить 1,728701 0,000214
ранее 1,104547 0,000137
победитель 0,799165 0,000594
biographi 3,743604 0,000463
ненавидеть 3,743604 0,000463
чистый 2,038856 0,000505
вправо 3,743604 0,000463
de 1,871802 0,000232
неофициальный 2,134166 0,000264
носить 1,664163 0,000206
پنجابی 2,239527 0,000277
руй 3,183989 0,000394
вправе 3,520461 0,000872
профсоюз 3,338139 0,000413
восемь 1,695912 0,000630
викиданных 0,986764 0,000122
повторяться 3,520461 0,000436
боярин 5,129899 0,000635
научный 2,732003 0,000338
буснардо 5,129899 0,000635
начаться 1,518981 0,000188
делаться 2,644992 0,000655
каталог 1,301257 0,000161
franca 3,050457 0,000378
флоренсио 5,129899 0,000635
костенюк 5,129899 0,000635
заключительный 2,357310 0,000584
увидеть 2,296685 0,000284
представать 5,129899 0,000635
зональный 4,031286 0,000998
отсутствие 1,664163 0,000412
подвергаться 3,743604 0,000463
ключевой 2,296685 0,000284
разногласие 3,183989 0,000394
задача 1,546380 0,001914
требоваться 2,827314 0,000350
продолжиться 3,050457 0,000378
хотя 1,546380 0,000383
счет 0,799165 0,000297
олимпийский 0,342407 0,000085
читать 0,555188 0,000069
фрэнк 3,183989 0,000394
описать 2,357310 0,000875
فمكروه 5,129899 0,000635
древние 2,932674 0,000363
выявлять 3,338139 0,000413
англ 1,159607 0,001148
художник 3,743604 0,000463
deep 5,129899 0,000635
командный 1,002764 0,000869
оценка 1,797694 0,000223
обязательно 2,357310 0,000292
стык 2,932674 0,000363
середа 5,129899 0,000635
существенный 2,732003 0,000676
davvisámegiella 3,520461 0,000436
задавать 3,520461 0,000436
сэмюэля 5,129899 0,000635
хамбл 5,129899 0,003810
оценить 1,603538 0,000397
приоритет 3,520461 0,000436
лишь 1,159607 0,000574
стрелок 3,050457 0,000378
порядком 4,436752 0,000549
завершить 1,052361 0,000130
невозможность 3,338139 0,000826
впрочем 2,732003 0,000338
момент 0,910391 0,000451
portabl 4,436752 0,000549
эра 2,296685 0,000284
srpskohrvatski 1,416327 0,000175
заметка 3,743604 0,000463
وإلا 5,129899 0,000635
中文 1,035554 0,000128
form 4,436752 0,001098
помимо 1,911023 0,001419
тереть 0,786093 0,000292
добавление 4,031286 0,000499
основа 1,301257 0,000483
foundat 0,986764 0,000122
среда 1,871802 0,000232
изд 2,564949 0,000635
викитеку 4,031286 0,000499
подобный 1,911023 0,000237
улучить 5,129899 0,000635
среди 0,597299 0,000665
богослов 5,129899 0,001270
батарея 4,436752 0,000549
анатолия 2,357310 0,000292
зернь 5,129899 0,001905
латвия 1,664163 0,000206
развивать 2,827314 0,000350
канадский 1,603538 0,000199
yorùbá 2,732003 0,000338
похожий 2,644992 0,000327
невостребованный 4,436752 0,000549
лоренцо 4,436752 0,000549
raúl 5,129899 0,000635
демонстрировать 2,932674 0,000363
https 0,699082 0,000087
обаяние 5,129899 0,000635
ii 2,239527 0,001109
изя 5,129899 0,000635
смерть 2,134166 0,000793
результат 0,524729 0,000325
поднимать 2,932674 0,001089
лѣкъ 5,129899 0,000635
мобильный 0,555188 0,000069
доставлять 4,031286 0,000499
татарча 1,392229 0,000172
tiếng 1,140915 0,000141
עברית 1,052361 0,000130
index 0,986764 0,000122
большой 0,687247 0,000425
павел 1,834062 0,000227
is 2,932674 0,000726
далее 2,185460 0,000271
ix 2,564949 0,000318
должен 0,597299 0,000592
избранный 0,955511 0,000118
dĕ 2,827314 0,000350
выделяться 3,050457 0,000755
ള 1,695912 0,000210
obolo 5,129899 0,000635
پښتو 2,732003 0,000338
последующий 2,085376 0,000258
драматический 5,129899 0,000635
лѣки 5,129899 0,000635
ирон 2,827314 0,000350
детерминированный 5,129899 0,000635
лѣка 5,129899 0,000635
kurdî 1,834062 0,000227
гроссмейстер 5,129899 0,002540
нежели 3,050457 0,000378
разновидность 2,490841 0,000617
построение 3,183989 0,000394
capablanca 5,129899 0,000635
возможно 1,664163 0,000618
приобретать 4,436752 0,001098
дар 4,436752 0,000549
провести 0,799165 0,000396
novial 3,520461 0,000436
издательство 3,338139 0,001240
это 0,181139 0,001031
большинство 1,466337 0,000545
поддерживать 2,185460 0,000271
taqbaylit 3,183989 0,000394
кинематограф 4,031286 0,000499
форпост 5,129899 0,000635
два 0,504926 0,001813
прямой 1,695912 0,000210
gí 1,762603 0,000218
вполне 3,338139 0,000413
оспорить 4,436752 0,000549
интеллектуальный 3,338139 0,002479
тренер 0,555188 0,000069
перекрытие 5,129899 0,000635
законченность 5,129899 0,000635
лопес 3,743604 0,000463
повесть 4,436752 0,001098
викитеке 4,031286 0,000499
доступный 0,955511 0,000118
la 2,827314 0,000350
сдаться 5,129899 0,001270
филателия 3,050457 0,000378
двойной 2,490841 0,000308
китаянка 3,183989 0,000788
ويب 5,129899 0,001270
управлять 2,357310 0,000292
держать 2,490841 0,000925
налимова 4,436752 0,000549
piemontèi 2,564949 0,000318
или 0,576022 0,003138
англичанин 2,932674 0,000363
осуществление 4,031286 0,000499
измениться 2,038856 0,000252
отличие 1,695912 0,000630
қазақша 1,178655 0,000146
судьба 2,185460 0,000271
шестой 2,357310 0,000292
радио 2,421849 0,000300
арбитр 2,239527 0,000277
клервосский 5,129899 0,000635
восток 2,644992 0,000327
остров 2,357310 0,000292
включить 1,392229 0,000172
www 1,392229 0,000172
детгиз 5,129899 0,000635
минимум 2,239527 0,000277
часами 5,129899 0,001905
уход 1,834062 0,000227
изучение 3,338139 0,000413
bne 2,932674 0,000363
bnf 1,834062 0,000227
учетный 0,986764 0,000122
отсеять 5,129899 0,000635
нарушитель 3,743604 0,000463
таня 5,129899 0,000635
музей 2,490841 0,000308
древнерусский 5,129899 0,003175
много 0,735450 0,000546
объект 2,732003 0,000338
представиться 0,986764 0,000122
alphazero 5,129899 0,000635
затем 1,301257 0,000161
неизменный 3,520461 0,000872
атаковать 1,871802 0,000232
fritz 5,129899 0,000635
рубцов 5,129899 0,000635
побить 1,951845 0,000483
na 2,490841 0,000308
отозваться 4,031286 0,000499
ng 2,827314 0,000350
разыгрываться 1,994404 0,000247
ночь 3,743604 0,000463
зритель 1,518981 0,000940
капабланки 5,129899 0,001270
означать 2,185460 0,000271
no 1,911023 0,000946
ස 1,834062 0,000227
ошибка 0,576022 0,000071
вопрос 1,104547 0,000137
искусственный 2,239527 0,000832
игра 0,112619 0,001143
предопределить 4,436752 0,000549
поскольку 1,728701 0,000428
путем 2,644992 0,000327
kotava 5,129899 0,000635
приписывать 5,129899 0,000635
of 1,695912 0,002099
deutsch 1,052361 0,000130
kâ 2,564949 0,000318
марта 0,853233 0,000422
датский 1,368699 0,000169
thoma 3,520461 0,000436
юдович 5,129899 0,000635
рассказов 3,743604 0,000463
kriyòl 3,743604 0,000463
ставить 2,296685 0,000284
скончаться 2,564949 0,000318
стереотипный 5,129899 0,000635
рекомендация 1,217876 0,000151
больший 0,457070 0,000679
льших 5,129899 0,000635
геометрический 5,129899 0,000635
ماز 2,490841 0,000308
укоротить 3,183989 0,000394
дьявол 4,031286 0,000499
нечетный 2,827314 0,000350
мэррей 5,129899 0,000635
дальнейший 1,994404 0,000247
имам 5,129899 0,001905
распространение 2,357310 0,000584
событие 0,565551 0,000210
sunnuck 5,129899 0,000635
rumantsch 2,564949 0,000318
مات 5,129899 0,000635
сказочный 5,129899 0,000635
использование 0,277868 0,000034
допустимый 2,644992 0,000327
фианкеттирование 5,129899 0,000635
соревнование 0,411400 0,001069
подчиниться 5,129899 0,000635
ph 1,762603 0,000218
монах 5,129899 0,000635
vakav 3,743604 0,000463
pp 3,520461 0,000436
лицензия 0,971016 0,000120
ничей 1,951845 0,007732
архивный 1,518981 0,001880
бессмысленно 3,338139 0,000413
черный 1,994404 0,002222
достаточный 3,520461 0,000436
представлять 1,217876 0,000603
сфера 2,038856 0,000252
практик 2,239527 0,000554
ряд 1,198073 0,000890
страница 0,910391 0,000902
беснование 5,129899 0,001270
مال 5,129899 0,000635
сак 3,520461 0,000436
адыгабзэ 3,743604 0,000463
сам 0,747872 0,000370
сан 2,038856 0,000252
запись 0,910391 0,000225
потворство 5,129899 0,000635
вскрыть 4,436752 0,000549
qr 0,986764 0,000122
африка 2,296685 0,000284
бесчиньствуют 5,129899 0,000635
شاه 5,129899 0,000635
путать 3,183989 0,000394
включаться 3,520461 0,000872
женский 0,663991 0,000164
сохранение 0,971016 0,000361
吴语 1,238078 0,000153
воображение 4,436752 0,000549
ulrich 5,129899 0,000635
дать 0,608110 0,000301
соборный 5,129899 0,001270
кормчая 5,129899 0,001905
персональный 0,723179 0,000090
ænglisc 2,564949 0,000318
действовать 0,825834 0,001022
возможный 1,392229 0,000689
заповедь 4,436752 0,000549
ru 0,285712 0,000106
диакон 5,129899 0,000635
ilokano 3,050457 0,000378
организовать 1,466337 0,000726
присуждаться 2,827314 0,000700
исп 3,183989 0,000394
стремление 3,520461 0,000436
simi 2,732003 0,000338
перенаправляться 2,644992 0,000327
оказываться 2,564949 0,000953
sa 0,986764 0,000244
їӡвержетьсѧ 5,129899 0,000635
известно 1,871802 0,000232
ценность 2,932674 0,001452
дата 0,799165 0,001088
kel 3,183989 0,000394
nynorsk 1,546380 0,000191
sh 1,797694 0,000223
каисса 5,129899 0,000635
того 0,955511 0,000946
стратегический 3,183989 0,000394
наслаждение 5,129899 0,000635
nedersaksi 3,183989 0,000394
проводить 0,910391 0,000338
st 3,183989 0,000394
завлечение 5,129899 0,000635
español 1,019025 0,000126
созерцание 5,129899 0,000635
стаунтон 5,129899 0,000635
литература 1,695912 0,001050
россия 0,139466 0,000155
winaray 2,490841 0,000308
tagalog 1,911023 0,000237
каиссы 5,129899 0,000635
bosanski 1,345709 0,000167
иоганн 5,129899 0,000635
کٲش 3,743604 0,000463
свой 0,586604 0,000508
józef 5,129899 0,000635
th 2,185460 0,000271
አማርኛ 3,183989 0,000394
свое 0,457070 0,000736
куда 2,564949 0,000318
assist 4,031286 0,000499
утилитарный 5,129899 0,000635
иоанн 5,129899 0,000635
январь 0,786093 0,000876
паисиевском 5,129899 0,000635
настольный 1,198073 0,000593
chessmast 5,129899 0,000635
потомок 4,031286 0,000499
восхищаться 4,031286 0,000499
объединительный 5,129899 0,000635
непредсказуем 5,129899 0,000635
рождение 1,518981 0,000188
бесить 4,031286 0,000499
круговой 3,050457 0,000378
zero 4,436752 0,000549
agostini 3,183989 0,000394
soomaaliga 3,050457 0,000378
популярность 1,797694 0,000445
папа 3,520461 0,000436
окрасить 4,031286 0,000998
явно 4,031286 0,000499
ткачев 3,743604 0,000463
автоподтверждённых 3,183989 0,000394
филипп 2,564949 0,000318
ход 1,279751 0,008396
norsk 1,052361 0,000261
раскалить 5,129899 0,000635
дебют 2,239527 0,003604
данько 5,129899 0,000635
vi 2,732003 0,000676
столкновение 2,827314 0,000700
причина 1,368699 0,000678
ẽ 2,732003 0,000338
хосров 5,129899 0,000635
следование 4,436752 0,000549
волшебный 1,695912 0,000210
мастер 1,518981 0,000376
попасть 1,140915 0,000282
polski 1,035554 0,000128
تحريم 5,129899 0,000635
эйве 5,129899 0,000635
домострой 5,129899 0,001270
приидут 5,129899 0,000635
livvinkarjala 3,050457 0,000378
хоу 5,129899 0,001905
религия 3,520461 0,000872
зороастрийцам 5,129899 0,000635
рейтинг 0,524729 0,000130
дом 1,911023 0,000237
формальный 3,050457 0,000378
доп 3,050457 0,000378
org 0,986764 0,000122
нерегулярный 4,436752 0,000549
сыграть 0,839439 0,000208
josé 5,129899 0,000635
зависеть 2,185460 0,000541
многократно 4,436752 0,001098
выбыть 2,644992 0,000327
xi 2,932674 0,000363
некоммерческий 0,986764 0,000122
великобритания 1,664163 0,000206
нулевой 2,732003 0,000676
любой 1,238078 0,001533
xv 2,732003 0,001353
оригинальный 2,827314 0,000350
xx 1,546380 0,000766
الصحابة 5,129899 0,000635
наш 0,652562 0,000242
красота 3,050457 0,001888
указание 0,986764 0,000244
физически 3,338139 0,000413
темп 2,732003 0,000338
отвлечение 5,129899 0,000635
кость 3,183989 0,001577
тавлея 5,129899 0,001270
српски 1,035554 0,000128
над 0,986764 0,000122
объединить 1,994404 0,000247
problem 4,031286 0,000998
издать 3,338139 0,000413
присудить 3,520461 0,000436
прибой 5,129899 0,000635
доллар 2,239527 0,000277
тема 1,104547 0,000273
неявка 5,129899 0,001270
оказаться 1,441019 0,000178
целенаправленный 4,031286 0,000998
предложение 2,239527 0,001109
schadow 5,129899 0,000635
бронштейн 5,129899 0,003175
лондонский 2,644992 0,000327
заметить 2,357310 0,001167
юго 3,743604 0,000463
гаприндашвили 5,129899 0,000635
заниматься 1,574551 0,000390
مركز 5,129899 0,001270
белые 2,421849 0,002998
сходить 5,129899 0,001905
предупредить 4,031286 0,000499
противник 2,239527 0,004990
белый 1,574551 0,000195
иерархия 3,520461 0,000436
такоже 5,129899 0,000635
ферзь 5,129899 0,005715
сянци 5,129899 0,001905
обуславливать 4,436752 0,000549
произведение 3,338139 0,001653
обратиться 2,732003 0,000676
ག 2,564949 0,000318
максимум 2,827314 0,000350
заметно 3,050457 0,000378
который 0,325878 0,002017
идея 1,871802 0,001622
постоянный 0,881403 0,000109
искусство 2,296685 0,007108
хто 5,129899 0,000635
ད 2,564949 0,000318
например 1,603538 0,002779
رونی 2,490841 0,000308
བ 2,564949 0,000318
türkçe 1,052361 0,000130
королевский 3,050457 0,000378
победа 0,420369 0,000572
привести 1,466337 0,000363
знание 1,951845 0,000242
ཡ 2,564949 0,000318
napulitano 2,932674 0,000363
заменяться 3,743604 0,000463
подчиненность 5,129899 0,000635
загадка 4,031286 0,000499
случай 0,867219 0,002147
магараджа 5,129899 0,000635
шахматный 4,031286 0,052400
палец 2,732003 0,000338
союз 1,301257 0,000161
несколько 0,971016 0,001082
rumagnòl 4,031286 0,000499
начало 0,760451 0,000941
мечеть 5,129899 0,000635
располагаться 1,951845 0,000242
никакой 2,085376 0,000516
закончить 1,994404 0,000247
avañ 2,732003 0,000338
упомянуть 4,436752 0,000549
душ 3,743604 0,000463
благодарение 5,129899 0,000635
gwiyannen 3,743604 0,000463
опоздание 2,932674 0,001815
наименее 3,743604 0,000463
церковный 5,129899 0,001905
свежий 0,839439 0,000104
анна 1,695912 0,000210
комплект 1,911023 0,000237
использовать 0,940244 0,000349
выбор 1,834062 0,000227
xii 3,183989 0,000394
многовариантный 5,129899 0,000635
самостоятельно 3,338139 0,000413
страсть 4,031286 0,000499
любитель 1,238078 0,000460
маленький 1,392229 0,000345
xiv 2,490841 0,000617
xix 1,834062 0,000908
минутный 3,338139 0,000413
внешний 1,104547 0,000273
апрель 0,986764 0,000366
совершить 2,134166 0,000793
недавний 3,183989 0,000788
ученый 3,050457 0,000378
начинать 1,140915 0,000424
количество 0,853233 0,000951
аль 2,644992 0,000982
русская 1,797694 0,000890
файна 5,129899 0,000635
начальный 2,827314 0,002800
аля 2,827314 0,000700
влияние 2,644992 0,000655
орган 2,134166 0,000264
нет 0,825834 0,000307
называться 1,603538 0,000794
обязать 2,038856 0,001010
лата 3,338139 0,000413
мужчина 0,812411 0,000101
даже 1,198073 0,000297
sesotho 3,520461 0,000436
договоренность 3,183989 0,000394
чибурданидзе 5,129899 0,000635
статистика 0,630089 0,000078
невозможно 2,564949 0,000318
понимать 2,644992 0,000327
ответный 2,564949 0,000318
дьякон 5,129899 0,000635
властитель 5,129899 0,000635
മലയ 1,695912 0,000210
индийский 3,183989 0,000394
объявить 1,492313 0,000924
устранить 4,031286 0,000998
завершиться 1,728701 0,000214
монгол 1,518981 0,000188
плохой 1,994404 0,000494
сюжет 3,050457 0,000755
информация 0,608110 0,000376
постановка 3,743604 0,000463
уникальный 2,421849 0,000600
единичный 3,743604 0,000463
ትግርኛ 5,129899 0,000635
ввести 1,695912 0,000210
ройбна 5,129899 0,000635
пересылка 5,129899 0,000635
наука 2,732003 0,000338
кыргызча 2,085376 0,000258
сегура 5,129899 0,000635
проверить 1,368699 0,000339
никак 3,338139 0,000413
переть 0,359214 0,001201
захватывать 4,031286 0,000499
источник 0,786093 0,000097
посредничество 5,129899 0,000635
