состояться 1,140915 0,000854
извиняться 5,129899 0,003840
финал 0,699082 0,000523
амена 5,129899 0,003840
новый 0,239550 0,000179
скорректировать 4,436752 0,003321
еще 0,167054 0,000875
спасибо 2,357310 0,001764
выигрывать 1,728701 0,001294
теннис 0,475938 0,001069
кевин 2,038856 0,003052
ахмат 1,198073 0,001794
ставка 0,799165 0,001196
со 0,447767 0,001005
дончич 2,564949 0,001920
менее 1,258698 0,000942
каспер 4,031286 0,003017
важный 0,986764 0,001477
йорк 2,239527 0,001676
тренироваться 2,564949 0,001920
клипперс 3,743604 0,002802
связаться 0,867219 0,000649
пол 0,910391 0,000681
обыграть 1,122566 0,001680
иисус 5,129899 0,003840
в 0,017911 0,000563
реклама 0,687247 0,001029
янг 3,743604 0,005604
и 0,023953 0,000323
связь 0,747872 0,001679
й 0,825834 0,001854
четверг 2,239527 0,003353
к 0,132686 0,000298
м 0,534779 0,000400
н 0,895792 0,001341
о 0,042302 0,000507
п 1,086847 0,001627
насколько 3,183989 0,002383
вероятность 3,338139 0,002499
карлайл 5,129899 0,007679
с 0,036149 0,000379
сейчас 1,104547 0,001654
у 0,342407 0,001538
теория 2,357310 0,001764
авто 0,925206 0,002078
сезон 0,723179 0,003789
они 0,524729 0,001178
ты 1,871802 0,001401
я 0,747872 0,009516
футбол 0,247097 0,000925
совпасть 4,436752 0,003321
весь 1,633391 0,001223
эван 4,436752 0,006642
лейкерс 2,239527 0,008381
бум 1,911023 0,002861
бруклин 2,296685 0,003438
репортаж 1,633391 0,001223
теперь 0,971016 0,000727
брайан 3,520461 0,002635
c 1,546380 0,001157
проект 0,457070 0,001026
время 0,384967 0,001441
посмотреть 2,732003 0,002045
новгород 1,217876 0,002735
прислать 2,490841 0,001864
филадельфия 2,239527 0,001676
мощный 2,038856 0,001526
мелбет 1,762603 0,002639
обследовать 3,520461 0,002635
главный 0,565551 0,002540
леброна 4,436752 0,003321
адетокумбо 2,564949 0,001920
макси 5,129899 0,003840
подать 2,296685 0,001719
голден 2,357310 0,001764
обсуждать 1,797694 0,002691
италия 0,524729 0,000393
прошлый 1,518981 0,001137
следовать 1,728701 0,001294
соцсетях 1,466337 0,001098
обследование 5,129899 0,003840
отец 2,239527 0,003353
претендент 2,296685 0,001719
тайриз 5,129899 0,003840
зарубежный 1,695912 0,003808
василий 2,134166 0,001597
показать 0,504926 0,000756
крутой 2,239527 0,001676
мма 1,069456 0,002401
овертайме 2,038856 0,003052
ключевой 2,296685 0,003438
подбирать 4,031286 0,003017
хотя 1,546380 0,001157
бета 1,834062 0,002746
олимпизм 1,466337 0,003293
счет 0,799165 0,001795
себя 0,597299 0,001341
олимпийский 0,342407 0,000769
карьер 0,925206 0,001385
take 3,520461 0,002635
читать 0,555188 0,000416
фрэнк 3,183989 0,007150
далекий 1,416327 0,001060
кубань 2,732003 0,002045
отказ 0,839439 0,000628
спортс 1,871802 0,028021
нападение 2,357310 0,001764
куминга 4,031286 0,003017
постепенно 2,296685 0,001719
кларк 4,436752 0,003321
карри 2,421849 0,001813
куминги 5,129899 0,003840
дюрэнт 2,564949 0,005760
совет 0,825834 0,001236
рика 2,932674 0,004390
биатлон 0,485508 0,001090
перенести 1,633391 0,001223
вперед 1,797694 0,001346
отстранение 2,644992 0,001980
киф 5,129899 0,003840
симмонс 5,129899 0,003840
арестовать 4,031286 0,003017
задавать 3,520461 0,002635
двусторонке 5,129899 0,003840
лишь 1,159607 0,000868
локомотив 0,839439 0,001885
нацелиться 4,436752 0,003321
последний 0,376309 0,000563
завершить 1,052361 0,001575
сторона 1,069456 0,000800
минута 0,940244 0,001408
журналист 1,951845 0,001461
мой 1,368699 0,008196
даллас 2,296685 0,001719
раунд 1,546380 0,001157
осознать 4,436752 0,003321
букмекер 1,140915 0,005978
заявить 1,140915 0,002562
ресурс 0,812411 0,001216
говорить 1,834062 0,001373
технология 0,786093 0,001765
седоковой 3,520461 0,002635
номер 1,392229 0,001042
качество 1,323236 0,000990
через 0,971016 0,002180
москва 0,576022 0,000431
надежда 2,421849 0,001813
баскетболист 2,239527 0,005029
джейлену 5,129899 0,003840
олимп 1,762603 0,002639
подойти 2,644992 0,003960
джейсон 2,421849 0,003626
результат 0,524729 0,000393
джини 5,129899 0,003840
мобли 4,436752 0,006642
христос 5,129899 0,003840
команда 0,262364 0,000982
тиммы 3,520461 0,002635
фейковых 4,436752 0,003321
офф 1,019025 0,000763
должен 0,597299 0,000894
фанат 1,762603 0,001319
возвращение 1,466337 0,001098
очко 1,416327 0,001060
крис 2,932674 0,002195
самар 2,296685 0,001719
конечно 2,932674 0,004390
зенит 0,867219 0,002596
очки 0,940244 0,000704
единый 1,104547 0,003307
взволновать 5,129899 0,003840
хотеть 1,104547 0,003307
мск 2,421849 0,001813
тейтума 5,129899 0,003840
стать 0,217244 0,000163
акрон 1,279751 0,001916
возможно 1,664163 0,001246
отличный 2,421849 0,001813
леброном 4,436752 0,003321
обращение 0,910391 0,000681
разыгрывать 2,421849 0,003626
провести 0,799165 0,000598
скептический 4,436752 0,003321
операция 2,644992 0,001980
это 0,181139 0,002034
слово 1,035554 0,000775
рост 0,812411 0,001216
лука 1,104547 0,001654
достойный 3,338139 0,002499
прямой 1,695912 0,001269
разница 1,728701 0,001294
ограничить 1,951845 0,001461
кон 3,743604 0,002802
новость 0,285712 0,001069
вашингтон 1,994404 0,001493
восстанавливаться 4,436752 0,003321
взять 1,159607 0,000868
его 0,447767 0,001005
справиться 3,520461 0,005270
тренер 0,555188 0,002078
противостояние 2,134166 0,003195
средний 1,441019 0,001079
коб 4,436752 0,003321
томпсон 3,743604 0,002802
нхл 0,925206 0,002078
mail 1,301257 0,001948
моргун 4,031286 0,003017
или 0,576022 0,000431
стэйт 2,421849 0,001813
керр 5,129899 0,003840
целый 1,492313 0,001117
турнир 0,293617 0,000659
потому 2,085376 0,001561
фонбет 1,466337 0,002195
трое 2,185460 0,003272
атлант 2,357310 0,001764
тейтумом 5,129899 0,003840
эй 5,129899 0,015359
относиться 1,368699 0,002049
особо 3,050457 0,004567
точно 1,911023 0,001430
политик 0,224624 0,000504
восток 2,644992 0,001980
считать 1,279751 0,000958
минимум 2,239527 0,001676
смит 3,050457 0,009133
восстановление 2,296685 0,003438
енисей 2,296685 0,001719
дуэт 3,743604 0,002802
хороший 0,393700 0,001473
колено 2,296685 0,003438
много 0,735450 0,002202
выбить 2,732003 0,002045
тренировка 0,895792 0,002682
когда 0,652562 0,000488
играть 0,895792 0,002012
фигурный 0,514778 0,001156
ждать 1,492313 0,001117
программа 0,799165 0,000598
объединение 2,296685 0,001719
конфиденциальность 0,293617 0,000659
атаковать 1,871802 0,001401
результативный 2,490841 0,001864
оренбург 1,301257 0,001948
защитник 1,217876 0,000912
действие 1,518981 0,002274
медик 4,436752 0,003321
акабаса 5,129899 0,003840
продолжать 1,258698 0,000942
состояние 1,301257 0,001948
итог 0,867219 0,000649
февраль 0,202645 0,003640
джексон 3,520461 0,002635
идти 1,159607 0,000868
антонио 3,050457 0,002283
вопрос 1,104547 0,000827
яннис 2,490841 0,001864
игра 0,112619 0,000506
компания 0,971016 0,002180
переход 1,323236 0,000990
новобранец 3,743604 0,002802
против 0,747872 0,001679
именно 1,492313 0,001117
мнение 1,951845 0,001461
титул 1,301257 0,000974
никс 4,031286 0,009052
симмонсу 5,129899 0,003840
рекомендация 1,217876 0,002735
развиваться 2,185460 0,001636
интервью 0,971016 0,000727
где 0,675551 0,000506
срок 1,546380 0,001157
наверное 3,520461 0,005270
высказаться 1,695912 0,001269
сообщаться 2,490841 0,001864
зайти 3,520461 0,002635
столичный 2,564949 0,001920
зафиксировать 1,994404 0,001493
использование 0,277868 0,000624
пора 1,392229 0,002084
неделя 1,217876 0,002735
самый 0,608110 0,000455
величие 3,520461 0,002635
материал 0,309617 0,000463
рубин 1,198073 0,001794
сообщить 0,447767 0,000335
быть 0,119263 0,001518
sport 0,760451 0,000569
аналитик 2,038856 0,001526
нынешний 2,085376 0,001561
связка 2,932674 0,002195
вершина 2,732003 0,002045
вывести 2,357310 0,001764
тоже 1,911023 0,001430
расстроить 4,436752 0,003321
твиттера 4,436752 0,006642
есть 0,812411 0,003040
балтика 1,217876 0,003646
хьюстон 3,338139 0,002499
пистонс 4,436752 0,006642
спорт 0,125952 0,000754
ряд 1,198073 0,001794
мочь 0,350775 0,000788
набрать 1,368699 0,001024
этот 0,350775 0,000788
сам 0,747872 0,001679
благодарить 3,338139 0,004997
сан 2,038856 0,001526
четыре 0,910391 0,000681
сказать 1,368699 0,004098
сборная 0,342407 0,000769
глубокий 2,827314 0,002116
уверить 2,085376 0,003122
джереми 3,520461 0,002635
сохан 4,436752 0,006642
отлично 3,183989 0,002383
джонатан 3,520461 0,005270
отметить 2,134166 0,001597
двигать 4,436752 0,003321
рекордный 2,038856 0,001526
ерунда 4,436752 0,006642
кейтлин 4,436752 0,003321
бы 1,052361 0,006302
известный 0,986764 0,000739
обороняться 4,031286 0,003017
кхл 0,760451 0,001708
иск 3,743604 0,002802
почтить 1,279751 0,000958
возможный 1,392229 0,001042
фитнес 1,546380 0,003472
кубок 0,376309 0,000563
во 0,495170 0,000371
игрок 0,711058 0,003726
прогноз 1,994404 0,001493
парень 2,827314 0,002116
уорриорз 2,490841 0,001864
уже 0,687247 0,002058
вернуться 0,986764 0,005170
чемпионат 0,188256 0,000141
того 0,955511 0,001430
вы 0,309617 0,000463
паря 1,217876 0,001823
проводить 0,910391 0,001363
дэнни 4,031286 0,003017
выиграть 0,485508 0,000727
просто 1,492313 0,001117
крыло 1,238078 0,001853
регулярный 1,951845 0,001461
обстоять 4,031286 0,003017
россия 0,139466 0,000209
смотреть 1,368699 0,001024
турнирный 1,086847 0,001627
сочить 0,853233 0,001277
нью 2,185460 0,001636
свой 0,586604 0,000439
свое 0,457070 0,001026
поговорить 3,743604 0,002802
получиться 2,564949 0,001920
январь 0,786093 0,000588
чтобы 0,773190 0,001736
разгромить 1,728701 0,001294
плей 1,002764 0,000751
казахстан 1,217876 0,002735
перед 0,839439 0,000628
дома 1,695912 0,001269
между 0,955511 0,001430
бен 2,827314 0,004233
до 0,239550 0,000359
кавальерс 4,436752 0,006642
стивен 3,520461 0,010540
детройт 3,338139 0,004997
медиальный 5,129899 0,003840
квадрицепса 5,129899 0,003840
другой 0,188256 0,000564
работа 1,086847 0,000814
оставаться 1,301257 0,000974
лоуренс 4,436752 0,003321
отдать 1,728701 0,002588
баскетбольный 2,564949 0,001920
пока 1,159607 0,001736
посол 0,301585 0,001129
баскетбол 0,723179 0,012450
автодор 4,436752 0,003321
тейтум 2,564949 0,001920
клуб 0,652562 0,001954
vk 1,441019 0,001079
сей 2,421849 0,001813
знать 1,345709 0,002015
прилетать 5,129899 0,003840
мото 1,574551 0,003536
нижний 0,955511 0,002146
всегда 1,258698 0,000942
оба 1,368699 0,002049
обновить 2,085376 0,001561
что 0,195425 0,002487
краснодар 0,867219 0,001298
греческий 2,644992 0,001980
за 0,125952 0,000566
рейтинг 0,524729 0,002749
форма 1,086847 0,000814
показатель 1,728701 0,002588
сыграть 0,839439 0,000628
никита 1,492313 0,001117
шоколад 5,129899 0,003840
левый 1,871802 0,004203
если 0,675551 0,000506
существовать 1,122566 0,000840
статья 0,495170 0,000371
кенни 5,129899 0,003840
браун 2,932674 0,004390
позиция 1,392229 0,002084
бетсити 1,633391 0,002445
повод 2,239527 0,005029
винлайн 1,834062 0,002746
звездный 2,827314 0,002116
из 0,106018 0,000317
игровой 1,104547 0,003307
здорово 3,183989 0,002383
еврокубки 1,546380 0,003472
строить 2,490841 0,003729
ответить 1,664163 0,001246
ранний 1,492313 0,001117
кость 3,183989 0,002383
нба 1,546380 0,005787
их 0,799165 0,001196
получить 0,384967 0,000864
сосредоточить 3,520461 0,002635
беларусь 1,279751 0,002874
над 0,986764 0,000739
уэйр 5,129899 0,003840
наследие 3,183989 0,002383
тема 1,104547 0,000827
хоккей 0,285712 0,001069
спартак 0,711058 0,001064
сервис 1,368699 0,001024
оказаться 1,441019 0,001079
эпизод 2,732003 0,004090
леона 1,633391 0,002445
настолько 3,050457 0,002283
имущество 3,743604 0,002802
баскет 4,031286 0,003017
сделать 0,853233 0,000639
стив 3,743604 0,002802
уважать 3,520461 0,002635
казань 1,301257 0,000974
риа 1,466337 0,003293
сработать 3,520461 0,002635
кливленд 3,743604 0,002802
серия 0,586604 0,000439
цска 0,711058 0,004258
актуальный 1,546380 0,001157
год 0,099461 0,000074
нетерпение 5,129899 0,003840
матч 0,293617 0,003297
соперник 0,853233 0,000639
мба 3,183989 0,009533
мая 0,986764 0,002216
лыжный 0,675551 0,001517
который 0,325878 0,000488
янис 4,436752 0,003321
динамо 0,663991 0,002485
джарен 5,129899 0,003840
следующий 0,853233 0,000639
книппел 4,436752 0,006642
победа 0,420369 0,001259
калифорнийский 4,436752 0,003321
карасевый 3,743604 0,002802
ли 1,198073 0,002690
чрезвычайный 3,520461 0,002635
привести 1,466337 0,001098
универсальный 1,911023 0,002861
порзингиса 5,129899 0,003840
вор 5,129899 0,007679
текущий 0,867219 0,000649
рассказать 1,122566 0,000840
сегодня 0,881403 0,001319
овертайм 3,183989 0,002383
хорошо 1,951845 0,001461
betteri 1,871802 0,002802
предпочесть 4,031286 0,003017
такой 0,735450 0,001101
деть 0,619039 0,000927
лю 3,338139 0,002499
арена 1,104547 0,000827
нужный 1,834062 0,002746
тайрону 5,129899 0,003840
предоставить 2,564949 0,001920
ушибить 4,031286 0,003017
first 2,732003 0,002045
выездной 2,490841 0,001864
начало 0,760451 0,001138
место 0,402511 0,000603
решение 0,839439 0,001885
лига 0,325878 0,002927
собираться 2,185460 0,004907
басс 5,129899 0,003840
мх 1,728701 0,002588
парма 3,338139 0,002499
мы 0,195425 0,000878
летний 0,619039 0,000927
вырвать 2,421849 0,001813
участие 0,457070 0,000342
разрешение 2,732003 0,004090
аккаунт 2,644992 0,001980
на 0,023953 0,000359
состав 0,867219 0,000649
водный 0,723179 0,001624
кряду 3,743604 0,002802
тот 0,393700 0,000884
не 0,099461 0,001340
форвард 1,871802 0,004203
использовать 0,940244 0,000704
календарь 0,675551 0,001011
владивосток 2,564949 0,001920
расти 2,564949 0,001920
но 0,402511 0,001506
прокомментировать 2,085376 0,001561
раздел 1,574551 0,001179
история 0,270086 0,000404
воин 2,932674 0,002195
таблица 0,711058 0,001064
длить 0,146292 0,000219
звезда 1,035554 0,000775
об 0,217244 0,000488
трэй 4,031286 0,006035
холл 4,436752 0,003321
опция 4,436752 0,003321
реальный 1,871802 0,002802
обязать 2,038856 0,001526
он 0,475938 0,001425
семья 2,085376 0,003122
площадка 1,574551 0,004714
даже 1,198073 0,001794
от 0,160085 0,000120
контактный 2,421849 0,003626
исторический 1,762603 0,001319
телеведущий 3,743604 0,002802
грин 4,031286 0,003017
бокс 0,534779 0,001201
коллатеральный 5,129899 0,003840
катание 0,514778 0,001156
понимать 2,644992 0,003960
двусторонней 5,129899 0,003840
как 0,232059 0,000347
первое 0,393700 0,000295
все 0,067304 0,000655
низкий 1,345709 0,001007
условие 0,334108 0,000250
премьер 1,198073 0,004484
pari 1,546380 0,002315
возможность 1,279751 0,002874
продажа 2,239527 0,001676
завершиться 1,728701 0,001294
по 0,073653 0,000551
встреча 1,368699 0,001024
взгляд 2,490841 0,001864
пробежать 3,338139 0,002499
лидерский 4,436752 0,003321
думать 2,185460 0,004907
информация 0,608110 0,000910
травма 1,122566 0,002521
амбициозный 3,520461 0,002635
обидно 4,031286 0,003017
принять 0,786093 0,001765
опасный 2,357310 0,001764
видеть 1,994404 0,001493
втб 1,834062 0,005491
партнер 1,159607 0,000868
очень 1,140915 0,001708
скорый 2,296685 0,001719
эткинсон 5,129899 0,003840
селтикс 2,421849 0,003626
обратный 1,178655 0,002647
второе 0,839439 0,000628
активно 2,239527 0,001676
второй 0,576022 0,000431
печение 5,129899 0,003840
