новый 0,239550 0,001768
день 0,699082 0,003869
медальный 1,797694 0,006634
еще 0,167054 0,000308
установить 1,279751 0,002361
спорт 0,125952 0,001394
выйти 0,773190 0,001427
теннис 0,475938 0,000878
обзор 1,911023 0,010578
франция 0,675551 0,001246
ахмат 1,198073 0,002210
ставка 0,799165 0,001474
прервать 1,762603 0,003252
аренда 1,728701 0,003189
сам 0,747872 0,002760
жечь 3,520461 0,006495
приложение 1,574551 0,005810
спортрадар 5,129899 0,009465
четверной 3,050457 0,005628
рейс 2,644992 0,004880
вратарь 1,323236 0,002441
полный 0,940244 0,001735
убивать 4,436752 0,008186
александр 0,839439 0,001549
спасать 3,520461 0,006495
а 0,209918 0,001162
обыграть 1,122566 0,002071
в 0,017911 0,000661
г 0,925206 0,001707
рассмеяться 5,129899 0,009465
е 0,867219 0,003200
реклама 0,687247 0,001268
фото 0,799165 0,011796
юрий 1,994404 0,003680
бойкотировать 3,183989 0,005875
фигуристка 2,239527 0,004132
и 0,023953 0,000354
интер 1,633391 0,006027
перезапустить 5,129899 0,009465
связь 0,747872 0,001380
комо 2,421849 0,004468
авакян 5,129899 0,009465
применение 2,085376 0,003848
winlin 2,564949 0,004732
о 0,042302 0,000234
выкуп 3,520461 0,006495
дать 0,608110 0,003366
кхл 0,760451 0,001403
персональный 0,723179 0,002669
с 0,036149 0,000667
ru 0,285712 0,002109
у 0,342407 0,000632
роузи 4,031286 0,007438
olimpbet 3,050457 0,005628
скачать 0,895792 0,001653
они 0,524729 0,001936
ты 1,871802 0,003454
игрок 0,711058 0,003936
пользовательский 2,185460 0,004032
винить 3,338139 0,006159
футбол 0,247097 0,002279
церемония 2,134166 0,003938
букмекерские 3,520461 0,006495
аделий 1,871802 0,006907
обеспечить 2,296685 0,004237
открытие 1,695912 0,003129
раз 0,485508 0,000896
упустить 2,644992 0,004880
шаг 2,038856 0,003762
сесть 3,520461 0,006495
теперь 0,971016 0,003583
русский 0,760451 0,002806
email 3,520461 0,006495
проводить 0,910391 0,001680
драка 2,134166 0,003938
проект 0,457070 0,000843
уехать 2,732003 0,005041
тюрьма 3,520461 0,012991
тцк 3,743604 0,006907
конец 1,035554 0,003821
версия 0,393700 0,000726
карлос 2,134166 0,003938
photo 4,436752 0,016372
россия 0,139466 0,000772
атлетико 1,911023 0,003526
сутки 3,183989 0,005875
ооо 1,871802 0,006907
минспорт 3,743604 0,006907
сочить 0,853233 0,001574
выходить 1,695912 0,003129
зарегистрировать 0,711058 0,001312
готовить 2,421849 0,004468
свое 0,457070 0,000843
главный 0,565551 0,001043
imag 3,743604 0,027628
фс 2,085376 0,003848
разгромить 1,728701 0,003189
плей 1,002764 0,001850
пообещать 3,520461 0,006495
украина 1,217876 0,002247
студия 3,338139 0,006159
перед 0,839439 0,001549
дома 1,695912 0,003129
следовать 1,728701 0,003189
американский 0,910391 0,001680
до 0,239550 0,002652
галерея 2,732003 0,005041
начаться 1,518981 0,002803
другой 0,188256 0,000695
reklama 5,129899 0,009465
позорить 4,031286 0,007438
изменение 1,345709 0,002483
прийти 2,038856 0,003762
карано 3,520461 0,006495
карабах 2,038856 0,003762
европа 0,393700 0,000726
победить 0,699082 0,002580
info 1,951845 0,003601
ее 0,723179 0,001334
мма 1,069456 0,001973
загрузить 1,994404 0,003680
овертайме 2,038856 0,007523
ткачев 3,743604 0,006907
телефон 1,911023 0,003526
пьер 1,951845 0,003601
судья 1,035554 0,001911
редакция 0,940244 0,005204
фрибет 4,031286 0,022313
хайкиным 4,031286 0,014876
khl 3,743604 0,013814
оформить 2,134166 0,003938
розенштайн 4,031286 0,007438
футболвчера 5,129899 0,028394
карьер 0,925206 0,001707
размещение 2,296685 0,004237
кринона 4,436752 0,008186
случайно 3,743604 0,006907
любимчик 4,436752 0,008186
пенсия 3,743604 0,006907
короткий 0,699082 0,001290
падение 1,797694 0,003317
вид 0,393700 0,001453
попасть 1,140915 0,002105
лебедев 3,183989 0,005875
видео 0,699082 0,001290
польша 1,762603 0,003252
прохожий 5,129899 0,009465
что 0,195425 0,000721
хлусевича 2,932674 0,005411
кит 3,183989 0,005875
футболист 1,518981 0,002803
править 0,544931 0,001005
за 0,125952 0,001859
учредитель 1,994404 0,003680
live 1,492313 0,005507
согласиться 2,357310 0,004349
медаль 0,619039 0,001142
трансляция 1,217876 0,002247
произвольный 1,994404 0,003680
зачет 1,416327 0,005226
инструкция 3,338139 0,012318
сыграть 0,839439 0,001549
роскомнадзором 3,520461 0,006495
танцевать 2,932674 0,005411
прокат 1,951845 0,003601
помочь 1,238078 0,002284
впаять 5,129899 0,009465
поддержать 2,185460 0,004032
букмекер 1,140915 0,002105
лидер 1,258698 0,002322
грозить 3,520461 0,006495
подвести 3,050457 0,005628
петросян 1,441019 0,010635
лесик 5,129899 0,009465
джин 2,038856 0,003762
организм 3,338139 0,006159
из 0,106018 0,000978
делать 1,392229 0,002569
наш 0,652562 0,002408
технология 0,786093 0,001450
костя 5,129899 0,009465
швейцария 1,258698 0,002322
ммавчера 5,129899 0,009465
редактор 1,871802 0,003454
буллитам 2,732003 0,005041
над 0,986764 0,001821
номер 1,392229 0,005137
теннисист 2,134166 0,003938
надежда 2,421849 0,004468
faq 4,031286 0,007438
спартак 0,711058 0,001312
вышвырнуть 5,129899 0,009465
оказаться 1,441019 0,002659
следить 1,994404 0,003680
гол 1,323236 0,002441
io 3,520461 0,006495
ска 1,279751 0,002361
команда 0,262364 0,000484
лицо 1,695912 0,003129
милан 1,574551 0,005810
большой 0,687247 0,001268
самсонов 3,338139 0,006159
it 2,732003 0,005041
рекомендательный 1,518981 0,002803
офф 1,019025 0,001880
серия 0,586604 0,001082
поставить 1,633391 0,003014
цска 0,711058 0,002624
фанат 1,762603 0,003252
простиль 5,129899 0,009465
овечкин 1,695912 0,003129
год 0,099461 0,000734
торпедо 1,574551 0,002905
мистер 4,031286 0,007438
матч 0,293617 0,001625
подсудимая 5,129899 0,009465
стать 0,217244 0,000401
кипера 5,129899 0,009465
генич 2,644992 0,004880
который 0,325878 0,000601
ньюкасл 2,085376 0,003848
психануть 4,436752 0,008186
задержать 2,644992 0,004880
это 0,181139 0,000334
спецпроект 1,994404 0,003680
обработка 2,085376 0,003848
ронда 4,031286 0,007438
победа 0,420369 0,002327
допинг 1,871802 0,006907
слово 1,035554 0,001911
два 0,504926 0,000932
прыжок 0,940244 0,003470
новость 0,285712 0,001581
взять 1,159607 0,002139
сми 1,546380 0,011412
его 0,447767 0,001652
америка 1,279751 0,002361
красивый 2,644992 0,004880
полуфинал 1,238078 0,002284
жизнь 0,881403 0,001626
синнером 4,436752 0,008186
чемпионка 1,441019 0,002659
вляпаться 4,436752 0,008186
глимт 2,038856 0,007523
протеин 5,129899 0,009465
место 0,402511 0,001485
лига 0,325878 0,003006
финляндия 1,323236 0,002441
ради 2,421849 0,004468
стыковой 1,911023 0,007052
эл 2,134166 0,003938
getti 4,436752 0,032744
уступить 1,368699 0,002525
прекрасный 3,050457 0,005628
топ 1,238078 0,002284
на 0,023953 0,000398
олимпиада 0,576022 0,005314
политик 0,224624 0,000414
северсталь 2,038856 0,003762
глаз 2,239527 0,004132
тот 0,393700 0,000726
не 0,099461 0,000918
каждый 0,812411 0,001499
соглашение 1,466337 0,002705
хороший 0,393700 0,001453
брюгге 1,951845 0,003601
но 0,402511 0,000743
тренировка 0,895792 0,001653
шанхай 2,490841 0,004596
история 0,270086 0,001495
дисквалификацию 3,520461 0,006495
играть 0,895792 0,001653
избивать 5,129899 0,009465
фигурный 0,514778 0,004749
программа 0,799165 0,001474
длить 0,146292 0,000810
разрывать 4,031286 0,007438
гордон 2,421849 0,004468
бережный 5,129899 0,009465
артемий 2,239527 0,004132
паралимпийских 3,050457 0,005628
русская 1,797694 0,003317
кузьмин 3,520461 0,006495
карпина 3,338139 0,006159
принести 1,871802 0,003454
защитник 1,217876 0,002247
медиа 1,834062 0,003384
общий 0,986764 0,003641
грандиозный 3,520461 0,006495
назад 1,140915 0,002105
поймать 3,183989 0,005875
бой 1,279751 0,002361
первый 0,317714 0,000586
он 0,475938 0,002634
задизайнено 5,129899 0,009465
чемпион 0,334108 0,002466
даже 1,198073 0,002210
хоккейвчера 5,129899 0,028394
пять 1,140915 0,002105
предусматривать 2,421849 0,004468
от 0,160085 0,000591
катаниевчера 5,129899 0,037859
джексон 3,520461 0,006495
молодой 2,490841 0,009191
статистика 0,630089 0,001163
буде 2,038856 0,007523
никто 1,574551 0,002905
катание 0,514778 0,000950
деятельность 1,546380 0,002853
игра 0,112619 0,000208
первое 0,393700 0,001453
как 0,232059 0,000428
установка 3,183989 0,005875
коркка 5,129899 0,009465
все 0,067304 0,000373
комментатор 2,357310 0,004349
контора 3,183989 0,005875
главное 0,524729 0,000968
старший 1,695912 0,003129
по 0,073653 0,000272
французский 1,052361 0,001942
интервью 0,971016 0,001792
алькарасу 5,129899 0,009465
больший 0,457070 0,000843
хоккеист 1,633391 0,003014
издание 1,574551 0,002905
тильте 5,129899 0,009465
талант 2,644992 0,004880
сетевой 2,038856 0,003762
зайти 3,520461 0,006495
винисиуса 2,644992 0,004880
видеть 1,994404 0,003680
расист 3,520461 0,006495
самый 0,608110 0,001122
ufc 1,441019 0,002659
покер 2,490841 0,004596
вничью 1,797694 0,003317
сообщить 0,447767 0,000826
обратный 1,178655 0,002175
скамья 4,436752 0,008186
sport 0,760451 0,007015
аналитик 2,038856 0,003762
бомбардир 1,871802 0,003454
