поездка 3,520461 0,004732
ален 3,183989 0,004280
злобин 5,129899 0,006895
зало 1,797694 0,007249
сертификация 4,436752 0,017890
молодежный 1,159607 0,001559
бывальцев 5,129899 0,006895
день 0,699082 0,000940
новожилов 5,129899 0,006895
линия 1,466337 0,001971
тур 1,159607 0,006234
майоров 4,031286 0,005418
отечественный 2,185460 0,002937
ребенок 1,323236 0,001779
ставка 0,799165 0,004297
согласие 2,038856 0,002740
шоу 1,441019 0,001937
центр 0,773190 0,005196
барыс 3,050457 0,004100
петербург 1,345709 0,001809
сборная 0,342407 0,005523
вратарь 1,323236 0,007114
юридический 3,520461 0,004732
александр 0,839439 0,004513
бодров 4,031286 0,005418
кукштель 5,129899 0,006895
декабрь 0,853233 0,009175
женский 0,663991 0,000892
в 0,017911 0,000361
инновационный 4,031286 0,016255
д 0,895792 0,002408
фото 0,799165 0,004297
и 0,023953 0,000322
к 0,132686 0,000178
илья 1,797694 0,007249
о 0,042302 0,000114
санкт 1,279751 0,001720
cup 2,134166 0,002869
дать 0,608110 0,001635
кхл 0,760451 0,002044
пресс 0,895792 0,002408
персональный 0,723179 0,001944
с 0,036149 0,000049
семаку 4,436752 0,005963
средство 1,664163 0,002237
ru 0,285712 0,001152
теория 2,357310 0,009505
х 0,986764 0,005305
легенда 1,416327 0,011422
кубок 0,376309 0,009610
ионин 5,129899 0,006895
спонсор 1,664163 0,002237
готовый 1,994404 0,002681
церемония 2,134166 0,008606
мир 0,277868 0,001120
пройти 0,544931 0,000732
вхл 1,664163 0,004474
чемпионат 0,188256 0,001518
структура 1,574551 0,006349
ул 2,732003 0,003672
вы 0,309617 0,000416
стратегический 3,183989 0,004280
кирилл 1,695912 0,002279
юношеский 1,574551 0,002116
екатеринбург 2,296685 0,003087
таратухин 5,129899 0,006895
юрьев 5,129899 0,006895
цель 1,238078 0,004992
иихф 3,743604 0,010063
речь 2,932674 0,015767
jastar 5,129899 0,006895
кнопка 2,732003 0,003672
россия 0,139466 0,005624
проскуряков 4,436752 0,005963
горячий 2,564949 0,003448
бакика 5,129899 0,006895
минспорт 3,743604 0,010063
виктор 1,416327 0,001904
u 1,345709 0,047027
новиков 2,932674 0,003942
окоряк 5,129899 0,006895
сильный 1,198073 0,001610
главный 0,565551 0,003041
свое 0,457070 0,000614
x 1,279751 0,001720
методика 2,644992 0,010665
получиться 2,564949 0,003448
январь 0,786093 0,002113
прошедший 1,951845 0,002623
колмыкова 5,129899 0,006895
сергей 1,301257 0,001749
игорь 1,871802 0,002516
реестр 4,031286 0,016255
казахстан 1,217876 0,004911
фотография 2,134166 0,014343
схл 5,129899 0,013790
сайт 0,411400 0,000553
рождение 1,518981 0,002042
руководство 1,301257 0,005247
торжественный 3,743604 0,010063
адрес 1,994404 0,005361
ивр 5,129899 0,013790
квартальнов 3,050457 0,004100
климкина 5,129899 0,006895
показать 0,504926 0,000679
рабочий 2,134166 0,002869
введение 2,296685 0,009261
инна 2,296685 0,003087
детско 2,932674 0,003942
грачев 4,031286 0,005418
пеньковский 5,129899 0,006895
медицина 3,338139 0,013460
задача 1,546380 0,006235
чеченский 4,436752 0,005963
чечелев 5,129899 0,006895
en 2,932674 0,003942
филиппов 3,050457 0,004100
олимпийский 0,342407 0,001381
семен 2,932674 0,003942
прямая 1,441019 0,007747
мастер 1,518981 0,004083
видео 0,699082 0,008457
денис 2,296685 0,003087
пашинин 4,436752 0,005963
что 0,195425 0,000263
дюбанок 5,129899 0,006895
морозов 3,520461 0,004732
лужнецкая 3,520461 0,004732
последний 0,376309 0,000506
класс 1,728701 0,002324
ссылка 0,699082 0,000940
вкс 5,129899 0,013790
момент 0,910391 0,004895
никита 1,492313 0,004012
валерий 2,134166 0,002869
наб 4,436752 0,005963
борис 2,239527 0,003010
нппх 5,129899 0,041370
константин 2,185460 0,002937
курс 2,490841 0,003348
дюс 5,129899 0,013790
отношение 1,301257 0,001749
антидопинг 3,183989 0,012839
новогорск 3,743604 0,005032
наш 0,652562 0,003508
мировой 0,955511 0,002569
санкт-петербург 2,827314 0,007600
ковалев 3,743604 0,005032
контакт 1,035554 0,006959
над 0,986764 0,001326
беларусь 1,279751 0,013761
буйван 5,129899 0,006895
москва 0,576022 0,001548
клатчер 5,129899 0,006895
предоставлять 2,932674 0,003942
тема 1,104547 0,005938
хоккей 0,285712 0,009217
кулик 3,183989 0,004280
астан 3,520461 0,004732
распределение 2,421849 0,003255
команда 0,262364 0,000705
павел 1,834062 0,007395
науменков 4,436752 0,005963
самсонов 3,338139 0,004487
большой 0,687247 0,003695
подписаться 2,732003 0,007344
документ 2,038856 0,008221
будущее 1,664163 0,026841
нападать 1,518981 0,044916
год 0,099461 0,000802
мечта 2,185460 0,005875
максим 1,871802 0,002516
машина 2,564949 0,013790
мах 3,520461 0,004732
международный 0,466460 0,000627
андрей 1,258698 0,003384
матч 0,293617 0,003946
даниил 1,728701 0,002324
соперник 0,853233 0,001147
стать 0,217244 0,000292
креган 5,129899 0,006895
аккредитация 3,338139 0,013460
юниор 1,345709 0,001809
волк 2,644992 0,003555
антон 1,695912 0,002279
динамо 0,663991 0,000892
тула 2,490841 0,003348
артем 1,951845 0,005247
массовый 1,466337 0,005913
проскурнин 5,129899 0,006895
обработка 2,085376 0,005606
леонов 4,031286 0,005418
жхл 4,031286 0,010837
победа 0,420369 0,001130
гоголев 5,129899 0,006895
аверкин 5,129899 0,006895
страна 0,641262 0,002586
побеждать 1,951845 0,002623
президент 1,035554 0,001392
новость 0,285712 0,006528
роман 1,797694 0,002416
тренер 0,555188 0,004477
руководитель 2,239527 0,003010
поколение 2,827314 0,003800
михаил 1,301257 0,001749
арена 1,104547 0,001485
исполнять 2,827314 0,007600
eurasia 4,436752 0,005963
иван 1,603538 0,004311
xhl 5,129899 0,013790
квочко 5,129899 0,006895
ротенберга 4,436752 0,005963
регион 1,834062 0,004930
фактический 3,743604 0,005032
лига 0,325878 0,003066
попихин 4,436752 0,005963
евгения 1,178655 0,003168
нмхл 4,031286 0,010837
турнир 0,293617 0,001579
лилит 5,129899 0,006895
на 0,023953 0,000064
защита 1,441019 0,001937
канал 1,416327 0,011422
политик 0,224624 0,000302
анна 1,695912 0,002279
не 0,099461 0,000134
дьяк 4,031286 0,005418
товарищеский 1,994404 0,010723
хороший 0,393700 0,002646
автозаводский 4,436752 0,005963
красный 1,069456 0,005750
яковенко 4,436752 0,005963
харькин 5,129899 0,006895
история 0,270086 0,002541
белоруссия 2,827314 0,015201
билет 2,085376 0,008409
суперсерии 4,031286 0,016255
программа 0,799165 0,003222
совершить 2,134166 0,002869
длить 0,146292 0,000197
школа 1,492313 0,012035
светлана 1,994404 0,002681
владимир 1,392229 0,003743
защитник 1,217876 0,019643
релиз 1,911023 0,005137
нажимать 2,732003 0,003672
владислав 2,038856 0,005481
минск 1,728701 0,002324
мхл 1,603538 0,004311
от 0,160085 0,000215
обязательный 1,695912 0,002279
февраль 0,202645 0,002179
науменко 5,129899 0,006895
официальный 0,735450 0,001977
зборовский 4,436752 0,005963
фхр 4,031286 0,032510
игра 0,112619 0,000605
капитан 1,574551 0,002116
первое 0,393700 0,003175
все 0,067304 0,000362
алексей 1,140915 0,004600
главное 0,524729 0,000705
каштан 4,436752 0,005963
азартный 3,338139 0,004487
кароян 5,129899 0,006895
федерация 0,495170 0,002662
третьяк 3,743604 0,005032
информация 0,608110 0,000817
поздравлять 3,520461 0,009464
принять 0,786093 0,001057
событие 0,565551 0,000760
использование 0,277868 0,000373
партнер 1,159607 0,004676
fhr 5,129899 0,013790
материал 0,309617 0,000416
соревнование 0,411400 0,000553
слава 1,871802 0,007548
быть 0,119263 0,000160
переть 0,359214 0,000483
