джордан 2,932674 0,003275
финал 0,699082 0,000390
ален 3,183989 0,014222
сравняться 3,338139 0,001864
новый 0,239550 0,000134
день 0,699082 0,000781
бюстгальтер 4,436752 0,004954
семирунний 4,436752 0,002477
медальный 1,797694 0,002007
еще 0,167054 0,000280
бельгиец 3,520461 0,001966
теннис 0,475938 0,000797
выйти 0,773190 0,002590
метровка 4,436752 0,004954
услать 2,827314 0,001579
ребенок 1,323236 0,000739
ахмат 1,198073 0,001338
попросить 3,183989 0,001778
ставка 0,799165 0,000892
успех 1,518981 0,000848
со 0,447767 0,000250
конькобежка 3,183989 0,017778
важный 0,986764 0,000551
рискнуть 4,031286 0,002251
под 0,723179 0,000404
ap 5,129899 0,005729
а 0,209918 0,000703
человек 0,940244 0,001575
в 0,017911 0,000580
д 0,895792 0,001000
реклама 0,687247 0,000767
е 0,867219 0,000968
немного 2,038856 0,001138
измерять 4,031286 0,002251
и 0,023953 0,000388
связь 0,747872 0,002088
к 0,132686 0,000222
м 0,534779 0,002986
н 0,895792 0,001000
о 0,042302 0,000236
п 1,086847 0,001214
с 0,036149 0,000121
она 0,597299 0,001334
т 1,368699 0,004585
четвертьфинал 1,279751 0,002144
у 0,342407 0,001338
нехватка 2,827314 0,001579
авто 0,925206 0,001550
они 0,524729 0,001758
ты 1,871802 0,001045
такаги 4,436752 0,002477
знакомый 2,932674 0,001637
забег 2,644992 0,010338
посашков 4,436752 0,014863
я 0,747872 0,009604
лидерство 2,827314 0,001579
футбол 0,247097 0,000690
конек 2,296685 0,032059
итоговый 2,085376 0,001164
пройти 0,544931 0,000304
бум 1,911023 0,002134
шаг 2,038856 0,001138
репортаж 1,633391 0,000912
теперь 0,971016 0,001626
дело 1,664163 0,000929
итальянский 1,633391 0,001824
этап 0,895792 0,000500
c 1,546380 0,000863
пустить 3,183989 0,001778
сосредотачиваться 5,129899 0,002864
проект 0,457070 0,000766
слишком 2,644992 0,001477
время 0,384967 0,000860
быстро 2,038856 0,001138
единственный 1,392229 0,000777
трекисты 4,436752 0,004954
новгород 1,217876 0,001360
тренд 2,185460 0,001220
фемке 5,129899 0,005729
выходить 1,695912 0,000947
мелбет 1,762603 0,001968
миланя 2,038856 0,006830
семируннего 5,129899 0,002864
также 0,663991 0,000371
италия 0,524729 0,002930
подталкивать 5,129899 0,002864
кока 3,743604 0,012541
следовать 1,728701 0,000965
соцсетях 1,466337 0,000819
метр 1,574551 0,010550
легко 2,932674 0,001637
тройка 2,421849 0,001352
восемь 1,695912 0,000947
шанс 1,258698 0,000703
россиянин 0,971016 0,001084
зарубежный 1,695912 0,002841
чимаев 2,357310 0,001316
окончание 1,546380 0,001727
выступить 1,238078 0,000691
увидеть 2,296685 0,001282
показать 0,504926 0,001128
переживать 3,050457 0,001703
победить 0,699082 0,000390
вписать 3,520461 0,001966
мма 1,069456 0,001791
ида 4,436752 0,002477
судья 1,035554 0,001156
нок 3,183989 0,001778
бета 1,834062 0,002048
олимпизм 1,466337 0,002456
счет 0,799165 0,000892
подняться 2,490841 0,001391
олимпийский 0,342407 0,004780
читать 0,555188 0,000310
приближаться 3,520461 0,001966
далекий 1,416327 0,000791
раскатка 4,436752 0,002477
корея 1,695912 0,000947
падение 1,797694 0,002007
спортс 1,871802 0,004180
тишина 4,031286 0,002251
гонка 0,853233 0,000953
родиться 2,827314 0,001579
командный 1,002764 0,001120
иметь 1,069456 0,001791
бельгийский 3,183989 0,001778
совет 0,825834 0,000922
молодец 4,031286 0,002251
польша 1,762603 0,001968
биатлон 0,485508 0,000813
вперед 1,797694 0,001004
оценить 1,603538 0,000895
бьёрндаленом 5,129899 0,002864
лишь 1,159607 0,000647
локомотив 0,839439 0,000937
россиянка 2,085376 0,004657
последний 0,376309 0,000630
завершить 1,052361 0,001175
ссылка 0,699082 0,000390
демонстрация 3,520461 0,003931
спортсменка 1,664163 0,002788
мой 1,368699 0,000764
михо 4,436752 0,002477
момент 0,910391 0,001017
часто 1,574551 0,000879
бежать 3,050457 0,005110
эпоха 2,085376 0,001164
помочь 1,238078 0,000691
фаворит 2,134166 0,001192
духом 4,436752 0,002477
букмекер 1,140915 0,004459
тереть 0,786093 0,001756
сша 0,586604 0,000655
японка 3,183989 0,001778
южный 1,159607 0,000647
делать 1,392229 0,001555
говорить 1,834062 0,001024
негативный 3,183989 0,001778
технология 0,786093 0,001317
трекистка 4,031286 0,018007
крылов 2,932674 0,029474
среди 0,597299 0,000334
повторить 1,834062 0,001024
уйти 1,392229 0,000777
финиш 2,185460 0,004881
трекистки 5,129899 0,005729
канадский 1,603538 0,001791
случиться 2,038856 0,001138
зрение 2,296685 0,001282
олимп 1,762603 0,001968
девятый 2,490841 0,002782
спина 2,134166 0,002383
чжан 3,520461 0,001966
результат 0,524729 0,001172
команда 0,262364 0,000439
лицо 1,695912 0,001894
дания 1,834062 0,001024
блогах 3,743604 0,002090
должен 0,597299 0,000334
признаться 1,994404 0,001114
тасс 1,695912 0,005681
зенит 0,867219 0,001937
branthlet 5,129899 0,002864
никогда 1,951845 0,003269
секунда 1,633391 0,002736
хотеть 1,104547 0,001850
финишировать 2,357310 0,006581
временить 1,140915 0,000637
удержать 4,031286 0,002251
мск 2,421849 0,001352
золото 1,140915 0,003822
стать 0,217244 0,000849
устроить 2,644992 0,002954
непривычный 5,129899 0,014321
акрон 1,279751 0,001429
топовый 3,050457 0,001703
соперница 2,827314 0,001579
четвертьфинальный 3,520461 0,003931
это 0,181139 0,001113
поддерживать 2,185460 0,001220
хван 4,436752 0,002477
слово 1,035554 0,000578
рост 0,812411 0,000907
два 0,504926 0,000846
спортсмен 0,565551 0,001895
бронза 1,728701 0,000965
новость 0,285712 0,000798
взять 1,159607 0,001295
стоить 1,546380 0,000863
его 0,447767 0,001000
остальной 4,031286 0,002251
жизнь 0,881403 0,000984
брат 2,134166 0,001192
китаянка 3,183989 0,001778
твердить 5,129899 0,002864
войти 0,608110 0,000340
старт 1,035554 0,001156
шорты 1,035554 0,027754
крузбергс 5,129899 0,002864
нхл 0,925206 0,001550
mail 1,301257 0,004359
турнир 0,293617 0,000820
призер 1,178655 0,001316
потому 2,085376 0,005822
особенный 3,183989 0,001778
фонбет 1,466337 0,001637
дискриминировать 5,129899 0,002864
допустить 1,546380 0,000863
политик 0,224624 0,000376
достаться 2,421849 0,001352
почему 1,122566 0,000627
невероятно 3,743604 0,002090
подумать 3,743604 0,002090
быстрый 1,664163 0,000929
хороший 0,393700 0,000879
муж 2,827314 0,003157
много 0,735450 0,002053
вина 4,031286 0,002251
когда 0,652562 0,000729
говорят 2,827314 0,001579
фигурный 0,514778 0,001150
конфиденциальность 0,293617 0,000492
ван 2,296685 0,007694
оренбург 1,301257 0,001453
пьетро 4,436752 0,002477
корейский 2,134166 0,001192
назад 1,140915 0,001274
продолжать 1,258698 0,001406
конькобежец 3,338139 0,009319
смешанный 1,871802 0,001045
критика 1,951845 0,002180
первый 0,317714 0,000177
преследование 2,732003 0,003051
итог 0,867219 0,000484
латвиец 5,129899 0,002864
февраль 0,202645 0,002716
зацепиться 4,436752 0,002477
идти 1,159607 0,000647
значение 1,258698 0,000703
суббота 2,732003 0,001525
появляться 2,038856 0,001138
штольц 4,031286 0,004502
тогда 1,466337 0,000819
никто 1,574551 0,001758
вауту 4,436752 0,002477
игра 0,112619 0,000943
поскольку 1,728701 0,000965
компания 0,971016 0,002169
атлет 1,951845 0,001090
наблюдение 4,031286 0,002251
датчанин 3,520461 0,001966
имя 1,178655 0,000658
датский 1,368699 0,001528
лайковый 4,436752 0,002477
так 0,597299 0,001668
главное 0,524729 0,000586
мнение 1,951845 0,002180
рекомендация 1,217876 0,002040
падаль 5,129899 0,002864
интервью 0,971016 0,001084
больший 0,457070 0,000510
просвриновой 5,129899 0,002864
итальянец 2,421849 0,001352
фиксироваться 3,050457 0,001703
кортина 2,490841 0,002782
велзебур 5,129899 0,005729
дисквалифицировать 2,085376 0,001164
использование 0,277868 0,000465
неделя 1,217876 0,000680
вновь 1,574551 0,000879
материал 0,309617 0,000346
рубин 1,198073 0,001338
участвовать 0,955511 0,000534
соревнование 0,411400 0,000919
публика 2,644992 0,001477
слава 1,871802 0,001045
исполком 2,932674 0,001637
быть 0,119263 0,000333
позитивный 3,520461 0,001966
вывести 2,357310 0,001316
лердам 4,031286 0,013505
камера 3,183989 0,001778
тоже 1,911023 0,001067
финальный 1,492313 0,000833
есть 0,812411 0,000907
зимний 0,663991 0,002224
балтика 1,217876 0,002720
установить 1,279751 0,000715
спорт 0,125952 0,001617
таки 2,296685 0,001282
ледовый 1,994404 0,001114
помешать 2,239527 0,001250
мгновение 5,129899 0,002864
мочь 0,350775 0,000783
попадать 2,296685 0,001282
этот 0,350775 0,001763
шоу 1,441019 0,002414
сам 0,747872 0,000418
безумие 3,520461 0,003931
четыре 0,910391 0,000508
запомнить 3,743604 0,002090
сказать 1,368699 0,000764
сборная 0,342407 0,001147
друг 1,518981 0,003392
квалификация 1,695912 0,000947
робертс 5,129899 0,002864
трекист 4,031286 0,018007
вообще 1,911023 0,001067
разыграть 2,038856 0,001138
бы 1,052361 0,001763
йенс 3,520461 0,005897
дать 0,608110 0,000340
кхл 0,760451 0,001274
сложиться 2,490841 0,001391
почтить 1,279751 0,000715
фитнес 1,546380 0,002590
смочь 1,069456 0,001194
во 0,495170 0,000553
спортивный 0,301585 0,000168
третий 1,238078 0,001383
елистрат 4,436752 0,004954
уметь 2,932674 0,003275
выступление 0,955511 0,001601
транслировать 3,520461 0,001966
парень 2,827314 0,001579
уже 0,687247 0,000767
сигель 4,436752 0,007432
раз 0,485508 0,000813
того 0,955511 0,000534
чемпионат 0,188256 0,000105
упустить 2,644992 0,001477
дюбуа 3,183989 0,001778
доказать 2,644992 0,001477
российский 0,224624 0,000878
паря 1,217876 0,001360
волна 2,827314 0,001579
китайский 1,069456 0,000597
выиграть 0,485508 0,001898
просто 1,492313 0,003333
крыло 1,238078 0,001383
россия 0,139466 0,000467
личной 1,664163 0,001858
перестать 2,644992 0,001477
смотреть 1,368699 0,001528
турнирный 1,086847 0,001214
сочить 0,853233 0,000953
скорость 1,951845 0,003269
рекорд 0,955511 0,003201
шесть 1,238078 0,000691
свой 0,586604 0,000983
обычно 1,695912 0,001894
виктор 1,416327 0,000791
свое 0,457070 0,002297
рбк 1,797694 0,003011
замкнуть 3,743604 0,002090
софья 2,421849 0,004057
спокойствие 5,129899 0,002864
получиться 2,564949 0,004296
чтобы 0,773190 0,000863
здесь 1,911023 0,001067
непросто 3,520461 0,001966
энергия 2,564949 0,001432
де 0,955511 0,000534
без 0,466460 0,000521
казахстан 1,217876 0,002040
поле 1,392229 0,000777
американский 0,910391 0,000508
до 0,239550 0,000134
четвертый 1,695912 0,000947
стивен 3,520461 0,001966
помеха 3,183989 0,001778
представитель 1,238078 0,001383
другой 0,188256 0,000420
дэ 5,129899 0,002864
прийти 2,038856 0,001138
трек 1,104547 0,017268
давать 1,416327 0,000791
окей 3,743604 0,002090
пар 1,416327 0,000791
цитировать 0,925206 0,001033
эмоция 2,357310 0,001316
ее 0,723179 0,001615
наказать 2,421849 0,001352
разминка 2,732003 0,001525
ход 1,279751 0,001429
пока 1,159607 0,001942
посол 0,301585 0,000842
число 0,955511 0,001067
vk 1,441019 0,000805
знать 1,345709 0,000751
флаг 0,895792 0,000500
семен 2,932674 0,001637
вид 0,393700 0,000220
основательница 5,129899 0,002864
мото 1,574551 0,002637
нижний 0,955511 0,001067
всегда 1,258698 0,001406
светский 4,436752 0,002477
преследовать 4,436752 0,002477
обновить 2,085376 0,001164
нидерландский 2,932674 0,014737
что 0,195425 0,001637
хон 4,436752 0,002477
краснодар 0,867219 0,000968
зуб 3,183989 0,005333
править 0,544931 0,000304
за 0,125952 0,000774
фонтан 3,183989 0,001778
канада 0,867219 0,000968
рейтинг 0,524729 0,002051
медаль 0,619039 0,003456
ваут 4,031286 0,011254
ютта 4,436752 0,009909
зачет 1,416327 0,001582
мероприятие 1,762603 0,000984
преодолеть 2,357310 0,001316
несмотря 1,762603 0,000984
ампеццо 2,490841 0,002782
если 0,675551 0,000377
мокнуть 1,574551 0,000879
эффектный 4,031286 0,006753
бетсити 1,633391 0,001824
пятый 1,574551 0,000879
винлайн 1,834062 0,002048
отношение 1,301257 0,000727
из 0,106018 0,000474
игровой 1,104547 0,001850
еврокубки 1,546380 0,002590
сознательно 4,031286 0,002251
их 0,799165 0,000892
близкий 1,762603 0,001968
получить 0,384967 0,000860
многие 1,178655 0,000658
беларусь 1,279751 0,002144
контакт 1,035554 0,000578
близкие 3,183989 0,001778
нидерланды 1,518981 0,001696
тема 1,104547 0,000617
доллар 2,239527 0,002501
хоккей 0,285712 0,000798
мелле 4,031286 0,002251
спартак 0,711058 0,000794
объяснить 1,633391 0,000912
сервис 1,368699 0,000764
торуп 5,129899 0,005729
леона 1,633391 0,001824
просвирновой 5,129899 0,002864
сделать 0,853233 0,001429
уважать 3,520461 0,001966
казань 1,301257 0,000727
риа 1,466337 0,002456
заниматься 1,574551 0,002637
милан 1,574551 0,000879
вроде 4,031286 0,002251
цска 0,711058 0,000794
актуальный 1,546380 0,000863
движение 1,728701 0,000965
год 0,099461 0,000111
международный 0,466460 0,000260
матч 0,293617 0,000328
завоевать 1,035554 0,001735
соперник 0,853233 0,000476
решить 1,392229 0,000777
лыжный 0,675551 0,001132
который 0,325878 0,000910
серебро 1,695912 0,003788
динамо 0,663991 0,001483
рамка 1,441019 0,000805
победа 0,420369 0,000704
ли 1,198073 0,000669
рассказать 1,122566 0,001254
вот 2,134166 0,001192
экспресс 1,416327 0,004745
сегодня 0,881403 0,000492
страна 0,641262 0,001074
betteri 1,871802 0,002090
случай 0,867219 0,000484
сми 1,546380 0,000863
такой 0,735450 0,001232
плюс 2,239527 0,001250
развернуться 3,338139 0,001864
понять 3,183989 0,001778
ксандра 5,129899 0,002864
забрало 3,338139 0,001864
полуфинал 1,238078 0,005530
союз 1,301257 0,000727
иван 1,603538 0,002686
несколько 0,971016 0,000542
заставить 2,490841 0,001391
предварительный 2,421849 0,001352
место 0,402511 0,002023
решение 0,839439 0,000937
лига 0,325878 0,001274
чутун 5,129899 0,002864
мх 1,728701 0,001930
отставание 3,183989 0,001778
ради 2,421849 0,001352
благодаря 1,441019 0,000805
мы 0,195425 0,001309
летний 0,619039 0,001037
фредерик 3,520461 0,001966
прекрасный 3,050457 0,003406
на 0,023953 0,000896
заработать 2,564949 0,001432
водный 0,723179 0,001211
олимпиада 0,576022 0,006111
трюк 4,031286 0,002251
тот 0,393700 0,000220
несчастный 5,129899 0,002864
не 0,099461 0,001000
слушать 4,436752 0,004954
календарь 0,675551 0,000754
каждый 0,812411 0,000907
золотой 1,002764 0,005039
маневр 4,031286 0,002251
но 0,402511 0,001348
маленький 1,392229 0,001555
поздний 1,323236 0,000739
прокомментировать 2,085376 0,003493
писать 2,644992 0,001477
вызвать 1,797694 0,001004
уральский 3,338139 0,001864
история 0,270086 0,000151
daili 3,520461 0,001966
таблица 0,711058 0,000794
звезда 1,035554 0,001156
длить 0,146292 0,000327
посашкове 5,129899 0,002864
дважды 1,574551 0,000879
количество 0,853233 0,000476
об 0,217244 0,000121
норвегия 1,279751 0,000715
уровень 1,086847 0,001214
владимир 1,392229 0,001555
принести 1,871802 0,001045
нет 0,825834 0,001383
ои 0,812411 0,001814
соотечественница 3,743604 0,002090
превращать 3,743604 0,002090
редко 2,490841 0,001391
лата 3,338139 0,001864
он 0,475938 0,001063
тысяча 1,546380 0,000863
чемпион 0,334108 0,000373
поделиться 2,357310 0,001316
бегать 3,338139 0,005592
пьедестал 2,644992 0,002954
бокс 0,534779 0,000896
катание 0,514778 0,001150
понимать 2,644992 0,001477
участник 0,799165 0,000446
как 0,232059 0,000130
все 0,067304 0,000338
дистанция 1,728701 0,023165
условие 0,334108 0,000187
рекламный 2,185460 0,001220
премьер 1,198073 0,003345
pari 1,546380 0,001727
по 0,073653 0,000452
нутро 5,129899 0,002864
достижение 1,279751 0,000715
занять 1,159607 0,005180
скрывать 3,338139 0,001864
принять 0,786093 0,000439
постоянно 2,644992 0,001477
канадец 2,421849 0,001352
очень 1,140915 0,003822
упасть 2,357310 0,002632
эстафета 1,871802 0,002090
третье 1,035554 0,001735
миллион 1,392229 0,002332
высокий 0,760451 0,000425
хамзат 2,296685 0,001282
квалификационный 2,085376 0,002329
обратный 1,178655 0,001974
второе 0,839439 0,002343
второй 0,576022 0,000643
