состоять 1,279751 0,002002
latina 1,603538 0,000836
ухо 3,183989 0,001660
экспорт 0,986764 0,000514
lccn 1,492313 0,000778
န 2,134166 0,001113
физический 1,392229 0,000726
вуз 3,338139 0,001740
владение 2,421849 0,001263
ဘ 2,134166 0,001113
ไทย 1,238078 0,000646
မ 2,134166 0,002225
воды 3,050457 0,009543
tatarça 1,392229 0,000726
日本語 1,035554 0,000540
သ 2,134166 0,001113
вратарь 1,323236 0,002760
slovenščina 1,345709 0,000702
под 0,723179 0,001508
изобрести 3,183989 0,001660
парусный 1,574551 0,000821
заявление 0,799165 0,000417
окружность 2,827314 0,002948
пол 0,910391 0,001899
связаться 0,867219 0,000452
пом 1,695912 0,000884
вода 3,338139 0,003481
подробный 0,687247 0,000358
содержание 0,955511 0,000996
eesti 1,069456 0,000558
водонепроницаемый 5,129899 0,002675
отсчет 3,050457 0,001590
مصرى 1,546380 0,000806
čeština 1,035554 0,000540
aragoné 1,762603 0,000919
передаваться 2,932674 0,001529
создатель 3,050457 0,001590
викисклад 1,035554 0,000540
ein 5,129899 0,002675
britannica 1,518981 0,001584
тактический 2,564949 0,001337
корфбол 1,762603 0,000919
каноэ 1,633391 0,000852
lëtzebuergesch 1,762603 0,000919
slovenčina 1,069456 0,000558
резервный 2,932674 0,001529
wikipedia 0,986764 0,001029
gnd 1,392229 0,000726
уилсон 3,050457 0,001590
весьма 2,644992 0,001379
plattdüütsch 2,357310 0,001229
расположить 1,574551 0,000821
отредактировать 0,986764 0,000514
c 1,546380 0,000806
проект 0,457070 0,000477
j 1,466337 0,000765
ушу 1,728701 0,000901
викиновости 1,238078 0,000646
u 1,345709 0,000702
отскок 3,338139 0,001740
w 0,955511 0,000498
причал 5,129899 0,002675
атм 5,129899 0,005349
также 0,663991 0,001385
шайба 0,986764 0,000514
العربية 1,069456 0,000558
одобрить 2,827314 0,001474
фризский 1,762603 0,000919
отслоение 5,129899 0,002675
украина 1,217876 0,000635
ligur 3,520461 0,001835
наказываться 3,338139 0,001740
трава 1,392229 0,001452
степень 2,490841 0,001299
находиться 0,925206 0,001930
zum 5,129899 0,002675
собачий 1,762603 0,000919
kulturtransf 5,129899 0,002675
библиографический 1,279751 0,000667
устанавливаться 2,732003 0,001424
аут 3,050457 0,004771
правка 0,986764 0,001029
судья 1,035554 0,001080
großbritannien 5,129899 0,002675
отбор 2,296685 0,001197
батут 1,728701 0,000901
серфинг 1,762603 0,000919
себя 0,597299 0,000623
tolışi 1,871802 0,000976
система 0,799165 0,000417
австралийка 4,031286 0,002102
việt 1,140915 0,000595
отказ 0,839439 0,000438
дзюдо 1,466337 0,000765
гонка 0,853233 0,000890
один 0,342407 0,001250
grundzüg 5,129899 0,002675
иметь 1,069456 0,002230
полностью 1,546380 0,000806
долгушин 5,129899 0,002675
длина 1,871802 0,001952
vom 5,129899 0,002675
жесткий 1,728701 0,000901
часть 1,104547 0,000576
последний 0,376309 0,000196
сторона 1,069456 0,001673
минута 0,940244 0,000490
надеть 3,183989 0,001660
инвентарь 2,085376 0,001087
триумф 2,932674 0,001529
pdf 0,940244 0,000490
частый 3,183989 0,001660
ресурс 0,812411 0,000424
описание 0,881403 0,000460
дежа 5,129899 0,002675
одновременно 1,762603 0,001838
bahasa 1,086847 0,001133
фина 4,436752 0,004626
номер 1,392229 0,000726
lietuvių 1,140915 0,000595
замена 1,951845 0,002035
словарь 1,198073 0,000625
становиться 1,159607 0,000605
стрельба 1,441019 0,001503
ठ 1,574551 0,000821
разработчик 0,971016 0,000506
द 1,546380 0,000806
न 1,518981 0,001584
ноябрь 0,955511 0,000498
команда 0,262364 0,002325
प 1,911023 0,000996
сквош 1,728701 0,000901
вклад 0,955511 0,000498
indonesia 1,086847 0,000567
भ 2,239527 0,001168
рыжак 5,129899 0,002675
ल 1,911023 0,000996
текст 0,925206 0,000482
являться 1,019025 0,000531
сигнал 3,050457 0,001590
lâm 1,762603 0,000919
проводиться 1,086847 0,001133
ष 2,296685 0,001197
секунда 1,633391 0,001703
esperanto 1,198073 0,000625
ह 1,546380 0,000806
временить 1,140915 0,002379
перейти 0,586604 0,000612
подготовка 1,178655 0,000615
портал 1,416327 0,000738
золото 1,140915 0,000595
скелетон 1,258698 0,000656
квадратный 3,183989 0,003320
українська 1,035554 0,000540
свойственный 4,436752 0,002313
уилсоном 4,031286 0,002102
отдаваться 3,743604 0,001952
лякросс 1,762603 0,000919
шапочка 3,520461 0,023861
ответственность 0,895792 0,000467
литовский 1,951845 0,001018
предусмотреть 2,932674 0,001529
усмотрение 4,031286 0,002102
françai 1,019025 0,000531
рэкетс 1,728701 0,000901
синий 1,834062 0,000956
nach 5,129899 0,002675
начинаться 1,664163 0,000868
взять 1,159607 0,001209
только 0,447767 0,000467
ndl 1,834062 0,000956
php 0,986764 0,000514
бадминтон 1,518981 0,000792
байдарка 1,603538 0,000836
шорты 1,035554 0,000540
горнолыжный 1,301257 0,000678
чаща 1,834062 0,000956
баскский 1,664163 0,000868
заглавный 0,986764 0,000514
гэльский 1,762603 0,000919
канат 1,762603 0,000919
красный 1,069456 0,001115
ব 1,416327 0,000738
нарушение 1,416327 0,001477
конфиденциальность 0,293617 0,000153
гандбол 1,122566 0,001756
ল 1,416327 0,000738
svenska 1,035554 0,000540
моторный 1,762603 0,000919
масса 1,911023 0,000996
ссср 0,940244 0,000490
садиться 4,031286 0,002102
будо 1,762603 0,000919
перепасовка 5,129899 0,002675
приобрести 2,038856 0,001063
ширина 2,357310 0,002458
никто 1,574551 0,000821
фехтование 1,546380 0,000806
перетягивание 1,762603 0,000919
высота 1,762603 0,002757
топить 5,129899 0,005349
против 0,747872 0,000390
так 0,597299 0,000311
профессиональный 1,052361 0,000549
там 1,603538 0,000836
иногда 1,951845 0,001018
французский 1,052361 0,000549
interlingua 1,603538 0,000836
федерация 0,495170 0,000516
негрубый 5,129899 0,002675
голова 1,301257 0,001357
любительский 1,416327 0,000738
основание 1,416327 0,000738
спорный 2,732003 0,001424
бак 3,050457 0,001590
вновь 1,574551 0,000821
всеять 1,871802 0,000976
участвовать 0,955511 0,000498
papiamentu 2,732003 0,001424
sardu 2,932674 0,001529
сообщить 0,447767 0,000233
дное 5,129899 0,002675
примечание 1,002764 0,001046
шотландец 4,436752 0,002313
пятиборье 1,574551 0,000821
быть 0,119263 0,001679
посередине 3,050457 0,001590
послужить 3,520461 0,001835
европейский 1,122566 0,001171
sport 0,760451 0,000793
камера 3,183989 0,001660
сечь 3,050457 0,001590
зало 1,797694 0,000937
исключение 1,695912 0,000884
скалолазание 1,695912 0,000884
есть 0,812411 0,000847
вести 1,238078 0,000646
линия 1,466337 0,005352
установить 1,279751 0,001334
waterpolo 4,436752 0,002313
спорт 0,125952 0,001182
конный 1,574551 0,000821
пятиметровые 5,129899 0,002675
просмотр 0,925206 0,000482
национальный 0,839439 0,000438
english 0,925206 0,000965
ਜ 1,664163 0,000868
этот 0,350775 0,000183
спереди 3,743604 0,001952
четыре 0,910391 0,000475
марка 1,834062 0,000956
справочник 2,564949 0,001337
глубокий 2,827314 0,001474
suomi 1,052361 0,000549
друг 1,518981 0,001584
ਪ 1,664163 0,000868
ਬ 1,664163 0,000868
тайм 1,633391 0,002555
основной 1,122566 0,000585
край 1,994404 0,001040
выпрыгнуть 4,436752 0,002313
схема 1,951845 0,001018
creativ 0,986764 0,000514
разыграть 2,038856 0,001063
можно 1,002764 0,000523
воздух 2,421849 0,001263
основное 1,368699 0,000714
română 1,122566 0,000585
элемент 0,925206 0,000482
nkc 1,574551 0,000821
развязать 4,031286 0,002102
спортивный 0,301585 0,000629
игрок 0,711058 0,007785
женщина 0,663991 0,000692
portuguê 1,035554 0,000540
мужской 1,198073 0,002499
впервые 0,839439 0,000875
oʻzbekcha 1,140915 0,000595
раз 0,485508 0,000253
чемпионат 0,188256 0,000491
ўзбекча 1,140915 0,000595
latviešu 1,052361 0,000549
российский 0,224624 0,000117
цель 1,238078 0,000646
выиграть 0,485508 0,000253
протест 2,732003 0,001424
версия 0,393700 0,000821
шесть 1,238078 0,000646
jawa 1,911023 0,000996
обычно 1,695912 0,000884
зарегистрировать 0,711058 0,000371
булгаков 5,129899 0,002675
популярный 1,392229 0,000726
поло 1,441019 0,019534
اردو 1,574551 0,000821
без 0,466460 0,000486
отрыв 2,932674 0,001529
поле 1,392229 0,005081
между 0,955511 0,001495
знак 0,986764 0,000514
правый 0,971016 0,000506
кабан 4,031286 0,002102
положить 2,185460 0,001139
мелкий 4,436752 0,002313
разрешаться 2,490841 0,001299
австралийский 1,633391 0,001703
ватерпо 5,129899 0,002675
редакция 0,940244 0,000490
запретить 1,178655 0,000615
пока 1,159607 0,000605
посол 0,301585 0,000157
запрещаться 2,932674 0,001529
защищать 2,296685 0,001197
период 1,035554 0,001620
медиафайлы 1,217876 0,000635
galego 1,178655 0,000615
старый 1,159607 0,001209
page 0,986764 0,000514
короткий 0,699082 0,000364
gàidhlig 2,644992 0,001379
нижний 0,955511 0,000498
играющий 2,644992 0,002758
оба 1,368699 0,000714
служебный 0,955511 0,000498
ярко 3,050457 0,001590
кодекс 0,971016 0,000506
скамейка 2,564949 0,001337
карат 1,728701 0,000901
бобслей 1,217876 0,000635
призовой 1,951845 0,001018
поверхность 2,239527 0,001168
associ 0,986764 0,000514
максимальный 1,951845 0,001018
свободный 0,867219 0,001356
существовать 1,122566 0,000585
если 0,675551 0,000704
статья 0,495170 0,001291
современный 1,159607 0,001814
wikimedia 0,986764 0,000514
аббревиатура 3,183989 0,003320
учебник 2,932674 0,001529
грамм 5,129899 0,002675
ранний 1,492313 0,000778
ελληνικά 1,086847 0,000567
застегнуть 5,129899 0,002675
внутри 2,421849 0,002525
близкий 1,762603 0,000919
многие 1,178655 0,000615
получить 0,384967 0,000201
язык 0,925206 0,000482
направить 2,296685 0,001197
шестиметровой 5,129899 0,002675
ватерполист 5,129899 0,002675
hannov 5,129899 0,005349
связанный 0,786093 0,000820
нанести 2,185460 0,002279
melayu 1,368699 0,000714
прочий 1,069456 0,000558
разный 1,368699 0,000714
italiano 1,035554 0,000540
год 0,099461 0,000519
айсшток 1,728701 0,000901
международный 0,466460 0,000486
հայերեն 1,198073 0,000625
башҡортса 1,518981 0,000792
ниппель 5,129899 0,002675
матч 0,293617 0,000153
стараться 2,564949 0,001337
euskara 1,122566 0,000585
близ 3,743604 0,001952
српскохрватски 1,416327 0,000738
расстояние 2,085376 0,005436
серебро 1,695912 0,000884
дьярмати 5,129899 0,002675
семь 1,633391 0,000852
универсальный 1,911023 0,000996
венгр 4,031286 0,002102
bokmål 1,069456 0,000558
текущий 0,867219 0,000452
страна 0,641262 0,001003
инструмент 0,881403 0,000919
глима 1,762603 0,000919
температура 2,932674 0,001529
создать 0,773190 0,000403
такой 0,735450 0,000767
цифра 2,421849 0,001263
zwischen 5,129899 0,002675
планерный 1,762603 0,000919
rezept 5,129899 0,002675
контрастировать 5,129899 0,002675
asturianu 1,323236 0,000690
атрибут 3,743604 0,001952
шапка 2,827314 0,001474
рука 1,392229 0,002178
проходить 0,867219 0,000452
евгения 1,178655 0,000615
печать 0,955511 0,000996
узнаваемый 4,436752 0,002313
íslenska 1,392229 0,000726
пелота 1,728701 0,000901
летний 0,619039 0,000968
afrikaan 1,441019 0,000751
фонд 0,895792 0,000467
тот 0,393700 0,001026
обсуждение 0,867219 0,000904
стойка 2,490841 0,002597
трамплин 1,140915 0,000595
наиболее 1,466337 0,000765
titl 0,986764 0,000514
организация 0,663991 0,000346
england 3,520461 0,001835
товарный 0,986764 0,000514
разрешать 3,050457 0,001590
история 0,270086 0,000422
македонский 1,258698 0,000656
почтовый 2,296685 0,001197
длить 0,146292 0,000992
閩南語 1,762603 0,000919
water 4,031286 0,004204
непосредственно 2,134166 0,001113
bân 1,762603 0,000919
ழ 1,492313 0,000778
обратить 3,338139 0,001740
согласно 1,574551 0,000821
название 1,035554 0,000540
тащить 4,436752 0,002313
поиск 0,711058 0,000741
чемпион 0,334108 0,000174
oldid 0,986764 0,000514
продержка 5,129899 0,002675
катание 0,514778 0,000268
первое 0,393700 0,000821
как 0,232059 0,000726
лыжа 0,925206 0,000965
алексей 1,140915 0,000595
условие 0,334108 0,000523
тарашкевіца 1,198073 0,000625
рок 1,695912 0,000884
партнер 1,159607 0,001209
толщина 3,520461 0,001835
авторство 0,986764 0,000514
высокий 0,760451 0,000396
форт 4,436752 0,002313
второй 0,576022 0,000300
лицевой 3,050457 0,004771
покрыть 3,050457 0,001590
приводить 2,085376 0,001087
català 1,086847 0,000567
специальный 1,217876 0,000635
dansk 1,069456 0,000558
новый 0,239550 0,000125
овладение 3,743604 0,001952
образ 1,178655 0,000615
поведение 0,839439 0,000438
der 5,129899 0,005349
еще 0,167054 0,000087
des 3,520461 0,001835
теннис 0,475938 0,000496
enciclopedia 3,183989 0,001660
финский 1,518981 0,000792
فارسی 1,104547 0,000576
менее 1,258698 0,003281
удар 1,633391 0,000852
касаться 1,994404 0,001040
ушной 4,436752 0,004626
беларуская 1,069456 0,001115
предел 1,603538 0,003344
al 4,031286 0,004204
александр 0,839439 0,000875
а 0,209918 0,000547
в 0,017911 0,000486
олык 2,932674 0,001529
викимедиа 0,986764 0,000514
ж 2,644992 0,001379
иллюстрировать 3,338139 0,001740
и 0,023953 0,000350
к 0,132686 0,000415
велоспорт 1,178655 0,000615
м 0,534779 0,006134
коми 3,050457 0,001590
н 0,895792 0,000467
azərbaycanca 1,258698 0,000656
альпинизм 1,301257 0,000678
о 0,042302 0,000044
с 0,036149 0,000339
скейтбординг 1,762603 0,000919
у 0,342407 0,000357
течение 1,238078 0,000646
х 0,986764 0,000514
скачать 0,895792 0,000934
они 0,524729 0,000547
дополнительный 0,940244 0,000980
футбол 0,247097 0,000644
сила 1,279751 0,000667
мир 0,277868 0,001014
атлетика 0,955511 0,000996
by 0,971016 0,000506
регби 0,955511 0,001993
русский 0,760451 0,000396
касание 2,827314 0,002948
cc 0,986764 0,000514
shqip 1,466337 0,000765
время 0,384967 0,000803
конец 1,035554 0,001080
марья 2,827314 0,001474
мощный 2,038856 0,001063
прототип 3,183989 0,001660
секундомер 4,436752 0,004626
соответствующий 1,695912 0,000884
составлять 1,518981 0,002376
чистый 2,038856 0,001063
наружное 4,031286 0,002102
город 1,069456 0,000558
пятиметровой 5,129899 0,002675
майами 3,338139 0,001740
geschicht 5,129899 0,005349
norddeutschland 5,129899 0,002675
粵語 1,178655 0,000615
водоем 4,031286 0,002102
викиданных 0,986764 0,000514
தம 1,492313 0,000778
каталанский 1,695912 0,001768
канадка 3,338139 0,001740
каталог 1,301257 0,000678
викискладе 1,217876 0,000635
требовать 1,466337 0,001529
сноуборд 1,178655 0,000615
ed 3,520461 0,001835
доставаться 3,338139 0,001740
задача 1,546380 0,000806
забросить 2,421849 0,002525
олимпийский 0,342407 0,001607
et 4,031286 0,002102
хёрлинг 1,762603 0,000919
aquat 3,743604 0,005855
читать 0,555188 0,000289
тяжелый 0,940244 0,000490
незамедлительно 5,129899 0,002675
англ 1,159607 0,001814
командный 1,002764 0,001046
волейбол 0,955511 0,000498
шаронов 4,031286 0,002102
академический 1,546380 0,000806
плавание 1,178655 0,002458
биатлон 0,485508 0,000253
пожертвовать 0,940244 0,000490
обоюдный 3,520461 0,001835
лодердейл 5,129899 0,002675
владеть 2,357310 0,003687
ссылка 0,699082 0,002187
момент 0,910391 0,000475
und 4,436752 0,006940
srpskohrvatski 1,416327 0,000738
中文 1,035554 0,000540
удаление 2,038856 0,003189
foundat 0,986764 0,000514
кругосвет 1,994404 0,002080
истечение 2,732003 0,002849
philipp 4,436752 0,002313
подобный 1,911023 0,000996
среди 0,597299 0,001557
bis 4,031286 0,004204
преимущество 1,951845 0,001018
атака 1,762603 0,001838
https 0,699082 0,000364
вбрасывание 3,520461 0,001835
becker 5,129899 0,002675
квадах 1,762603 0,000919
отдельный 0,955511 0,000498
in 1,911023 0,001993
мобильный 0,555188 0,000289
татарча 1,392229 0,000726
tiếng 1,140915 0,000595
особенно 2,038856 0,001063
עברית 1,052361 0,000549
index 0,986764 0,000514
должен 0,597299 0,007785
избранный 0,955511 0,000498
подводной 3,338139 0,003481
ള 1,695912 0,000884
энциклопедический 3,050457 0,001590
исключить 1,441019 0,000751
забить 1,466337 0,000765
половина 1,392229 0,000726
стать 0,217244 0,000113
kurdî 1,834062 0,000956
возможно 1,664163 0,001735
отличный 2,421849 0,001263
крикет 1,695912 0,000884
удержание 4,031286 0,002102
михайл 3,183989 0,001660
керлинг 1,086847 0,000567
world 1,416327 0,001477
это 0,181139 0,000283
упряжка 1,762603 0,000919
триатлон 1,633391 0,000852
код 0,971016 0,006075
два 0,504926 0,001316
лука 1,104547 0,000576
прыжок 0,940244 0,001471
бронза 1,728701 0,000901
gí 1,762603 0,000919
координация 3,743604 0,001952
url 0,986764 0,000514
остановка 2,421849 0,001263
доступный 0,955511 0,000498
сантиметр 0,955511 0,001993
китаянка 3,183989 0,001660
войти 0,608110 0,000634
состязание 2,038856 0,001063
держать 2,490841 0,001299
гольф 1,574551 0,000821
или 0,576022 0,001802
трогать 3,520461 0,001835
ქართული 1,392229 0,000726
қазақша 1,178655 0,000615
отстоять 2,827314 0,001474
политик 0,224624 0,000117
буква 2,357310 0,001229
включить 1,392229 0,001452
алфавит 1,159607 0,000605
кпа 5,129899 0,005349
югославия 2,134166 0,001113
bnf 1,834062 0,000956
учетный 0,986764 0,000514
много 0,735450 0,001534
предотвратить 4,031286 0,002102
представиться 0,986764 0,000514
играть 0,895792 0,001868
плыть 4,031286 0,002102
фигурный 0,514778 0,000268
программа 0,799165 0,000833
жир 4,031286 0,002102
атаковать 1,871802 0,000976
gaeilg 1,951845 0,001018
побить 1,951845 0,001018
глубина 4,436752 0,004626
действие 1,518981 0,000792
минск 1,728701 0,000901
вещество 3,520461 0,001835
मर 1,574551 0,000821
пять 1,140915 0,000595
ошибка 0,576022 0,001201
значение 1,258698 0,001313
игра 0,112619 0,002349
путем 2,644992 0,001379
установка 3,183989 0,001660
переход 1,323236 0,000690
kam 5,129899 0,002675
deutsch 1,052361 0,000549
датский 1,368699 0,000714
баркалов 5,129899 0,002675
больший 0,457070 0,001430
nederland 1,019025 0,000531
считаться 1,441019 0,000751
событие 0,565551 0,000295
использование 0,277868 0,000290
уильям 3,050457 0,003181
материал 0,309617 0,000161
скиджоринг 1,762603 0,000919
скиинг 1,762603 0,000919
соревнование 0,411400 0,000214
ph 1,762603 0,000919
слава 1,871802 0,000976
кук 0,971016 0,000506
лицензия 0,971016 0,000506
представлять 1,217876 0,000635
зимний 0,663991 0,000346
навигация 0,986764 0,001543
страница 0,910391 0,002848
броский 2,490841 0,006493
трёхбуквенная 5,129899 0,002675
мочь 0,350775 0,001829
борьба 0,723179 0,000754
остановить 1,994404 0,001040
запись 0,910391 0,000475
qr 0,986764 0,000514
сборная 0,342407 0,000357
limburg 2,134166 0,001113
санный 1,301257 0,000678
женский 0,663991 0,001731
правило 0,986764 0,001543
сохранение 0,971016 0,000506
吴语 1,238078 0,000646
фристайл 1,238078 0,000646
гимнастика 1,198073 0,001249
hrvatski 1,052361 0,000549
давление 2,732003 0,005698
персональный 0,723179 0,000377
ænglisc 2,564949 0,001337
действовать 0,825834 0,000861
ru 0,285712 0,000149
грубый 2,644992 0,002758
минимальный 2,185460 0,001139
wasserbal 5,129899 0,002675
век 1,258698 0,001313
во 0,495170 0,001291
sa 0,986764 0,000514
occitan 1,466337 0,000765
запасной 2,185460 0,003418
вернуться 0,986764 0,000514
sh 1,797694 0,000937
christian 5,129899 0,002675
цвет 1,695912 0,006189
того 0,955511 0,000498
вы 0,309617 0,000161
проводить 0,910391 0,000475
китайский 1,069456 0,000558
español 1,019025 0,000531
фунт 3,050457 0,003181
спид 1,762603 0,000919
литература 1,695912 0,001768
россия 0,139466 0,000145
tagalog 1,911023 0,000996
рекорд 0,955511 0,000498
bosanski 1,345709 0,000702
энциклопедия 0,986764 0,001543
th 2,185460 0,001139
вслед 2,564949 0,001337
свое 0,457070 0,000238
български 1,086847 0,000567
чтобы 0,773190 0,000806
прошедший 1,951845 0,001018
брейкинг 1,762603 0,000919
настольный 1,198073 0,000625
пас 2,490841 0,002597
проведение 1,104547 0,000576
де 0,955511 0,000498
перед 0,839439 0,000438
сайт 0,411400 0,000214
американский 0,910391 0,000949
до 0,239550 0,000500
выступать 0,940244 0,000490
кудрявцев 3,520461 0,003671
другой 0,188256 0,000393
сюда 0,986764 0,000514
грубость 4,031286 0,002102
вратарский 2,932674 0,001529
трек 1,104547 0,000576
введение 2,296685 0,001197
знаменитый 2,296685 0,001197
цитировать 0,925206 0,000482
окрасить 4,031286 0,002102
прямоугольный 2,932674 0,001529
перекладина 3,520461 0,005506
norsk 1,052361 0,000549
баскетбол 0,723179 0,000377
штрафной 2,038856 0,002126
ido 1,546380 0,000806
флаг 0,895792 0,000934
гребля 1,518981 0,001584
вид 0,393700 0,001642
производиться 2,239527 0,001168
же 0,853233 0,000445
дюйм 3,050457 0,003181
дно 2,827314 0,001474
попасть 1,140915 0,000595
polski 1,035554 0,000540
что 0,195425 0,000204
реализация 3,050457 0,001590
common 0,986764 0,000514
править 0,544931 0,008239
отдавать 2,357310 0,001229
за 0,125952 0,000525
удаляться 3,183989 0,003320
софтбол 1,633391 0,000852
форма 1,086847 0,001133
медаль 0,619039 0,000323
org 0,986764 0,000514
американка 2,644992 0,001379
мюнстер 5,129899 0,002675
некоммерческий 0,986764 0,000514
советский 1,140915 0,000595
венгрия 2,134166 0,001113
подбородок 4,031286 0,002102
пасовать 4,436752 0,002313
великобритания 1,664163 0,000868
принцип 1,695912 0,000884
wolfgang 5,129899 0,002675
из 0,106018 0,000663
бассейн 2,932674 0,006116
игровой 1,104547 0,003455
художественный 1,518981 0,000792
мяч 0,735450 0,013037
естественный 2,827314 0,001474
случайный 0,986764 0,000514
указание 0,986764 0,000514
граница 2,185460 0,002279
показательный 1,279751 0,000667
српски 1,035554 0,000540
над 0,986764 0,000514
европейка 5,129899 0,002675
хоккей 0,285712 0,000596
оказаться 1,441019 0,000751
ворот 1,762603 0,011028
двоеборье 1,217876 0,000635
белый 1,574551 0,002463
противник 2,239527 0,002335
ски 1,069456 0,000558
srpski 1,035554 0,000540
круглый 2,932674 0,001529
соперник 0,853233 0,003114
закрываться 4,031286 0,002102
завоевать 1,035554 0,000540
лыжный 0,675551 0,000704
который 0,325878 0,001359
постоянный 0,881403 0,000460
лететь 3,338139 0,001740
конькобежный 1,140915 0,000595
легкий 0,895792 0,000467
награда 1,279751 0,000667
türkçe 1,052361 0,000549
ло 3,743604 0,003904
политический 2,932674 0,001529
jahrhundert 5,129899 0,002675
случай 0,867219 0,000452
строгий 2,239527 0,001168
한국어 1,035554 0,000540
вод 1,466337 0,001529
синхронный 1,574551 0,000821
dello 3,183989 0,001660
начало 0,760451 0,000396
место 0,402511 0,000210
успешный 1,345709 0,000702
мы 0,195425 0,000102
прекрасный 3,050457 0,001590
участие 0,457070 0,000238
крокет 1,728701 0,000901
на 0,023953 0,000400
попытка 1,664163 0,000868
водный 0,723179 0,010557
свежий 0,839439 0,000438
simpl 1,140915 0,000595
не 0,099461 0,000882
использовать 0,940244 0,000490
каждый 0,812411 0,002965
онлайн 0,773190 0,000403
но 0,402511 0,000630
нанесение 2,827314 0,001474
осуществляться 2,239527 0,001168
xix 1,834062 0,001912
минутный 3,338139 0,001740
footbal 2,239527 0,001168
внешний 1,104547 0,000576
категория 0,881403 0,000919
совершить 2,134166 0,001113
норвежский 1,345709 0,000702
количество 0,853233 0,000445
бейсбол 1,416327 0,001477
magyar 1,086847 0,000567
контрольный 1,994404 0,001040
об 0,217244 0,000113
продолжительность 2,185460 0,001139
ои 0,812411 0,037698
справка 0,986764 0,000514
он 0,475938 0,000496
мужчина 0,812411 0,000847
тхэквондо 1,633391 0,000852
от 0,160085 0,000835
переходить 2,185460 0,001139
форум 0,867219 0,000452
контактный 2,421849 0,001263
статистика 0,630089 0,000329
регулироваться 3,743604 0,001952
бокс 0,534779 0,000558
воздушный 3,743604 0,001952
все 0,067304 0,000175
википедия 0,986764 0,000514
മലയ 1,695912 0,000884
сведение 0,786093 0,000410
по 0,073653 0,000576
inc 0,986764 0,000514
протектор 4,436752 0,004626
polo 4,031286 0,006305
сообщество 0,910391 0,000475
произойти 1,178655 0,000615
википедии 0,986764 0,001029
термин 1,345709 0,000702
переть 0,359214 0,001124
источник 0,786093 0,000410
