финал 0,699082 0,002853
устоять 4,436752 0,009055
директорат 5,129899 0,010469
молодежный 1,159607 0,011833
академия 1,834062 0,003743
тур 1,159607 0,021299
газета 1,392229 0,002841
спорт 0,125952 0,000257
выйти 0,773190 0,001578
legalbet 4,436752 0,009055
обзор 1,911023 0,027300
карполя 4,436752 0,009055
этот 0,350775 0,000716
ставка 0,799165 0,003262
согласие 2,038856 0,004161
остановить 1,994404 0,004070
mlvolleyru 5,129899 0,020938
сборная 0,342407 0,002096
текстовой 3,338139 0,006813
наблюдательный 3,338139 0,006813
ближний 1,728701 0,003528
анапа 4,436752 0,027164
сбор 1,368699 0,002793
финишный 3,183989 0,006498
вфв 4,436752 0,144874
тв 1,633391 0,010000
а 0,209918 0,001285
обыграть 1,122566 0,002291
женский 0,663991 0,001355
в 0,017911 0,000366
антидопинговый 3,183989 0,006498
д 0,895792 0,001828
фото 0,799165 0,001631
пункт 2,357310 0,004811
терапевтический 4,436752 0,009055
и 0,023953 0,000342
разыграть 2,038856 0,008322
к 0,132686 0,000271
о 0,042302 0,000345
пресс 0,895792 0,010969
с 0,036149 0,000221
четвертьфинал 1,279751 0,002612
снег 2,644992 0,048581
лекарство 4,031286 0,008227
аудио 1,951845 0,003983
кубок 0,376309 0,003072
спортивный 0,301585 0,000615
игрок 0,711058 0,005805
спонсор 1,664163 0,006793
женщина 0,663991 0,013551
колодинский 4,436752 0,009055
мужской 1,198073 0,004890
поздравление 5,129899 0,020938
структура 1,574551 0,003213
чемпионат 0,188256 0,004226
магазин 2,038856 0,004161
репортаж 1,633391 0,003333
образование 2,038856 0,004161
российский 0,224624 0,001375
юношеский 1,574551 0,006427
выиграть 0,485508 0,000991
регулярный 1,951845 0,003983
россия 0,139466 0,003131
посмотреть 2,732003 0,005576
артюхов 5,129899 0,010469
го 1,279751 0,005223
телеканал 2,644992 0,005398
выходить 1,695912 0,003461
дрогнуть 4,031286 0,008227
правообладатель 2,296685 0,004687
платеж 5,129899 0,010469
главный 0,565551 0,003463
требование 1,797694 0,003669
режим 2,644992 0,005398
образовательный 2,421849 0,004943
оплата 3,183989 0,006498
барнаул 4,031286 0,016454
сайт 0,411400 0,001679
видеоматериал 4,031286 0,008227
наглядный 5,129899 0,010469
до 0,239550 0,000489
прием 1,911023 0,003900
региональный 1,871802 0,003820
полезный 1,695912 0,003461
правый 0,971016 0,001982
руководство 1,301257 0,002656
соответствие 1,002764 0,002046
сидеть 2,421849 0,004943
studvolley 5,129899 0,010469
пляжный 1,603538 0,019635
передача 1,633391 0,003333
арбитраж 5,129899 0,010469
zen 4,436752 0,009055
детско 2,932674 0,011970
rutub 3,520461 0,007185
медицина 3,338139 0,006813
редакция 0,940244 0,001919
карьер 0,925206 0,001888
клуб 0,652562 0,007991
ассоциация 1,416327 0,005781
контроль 1,951845 0,003983
возврат 3,338139 0,006813
прямая 1,441019 0,002941
cообщить 5,129899 0,010469
постепенно 2,296685 0,004687
волейбол 0,955511 0,064351
совет 0,825834 0,001685
волейбольный 3,338139 0,020438
править 0,544931 0,001112
за 0,125952 0,000257
live 1,492313 0,003046
ссылка 0,699082 0,001427
мероприятие 1,762603 0,003597
beach 4,436752 0,009055
тестово 5,129899 0,010469
любой 1,238078 0,005053
антидопинг 3,183989 0,006498
собственность 3,743604 0,007640
среди 0,597299 0,001219
девушка 1,797694 0,007338
получить 0,384967 0,000786
контакт 1,035554 0,004227
батальон 3,743604 0,007640
вещание 3,520461 0,007185
volleysuperleagu 5,129899 0,020938
казань 1,301257 0,002656
выглядеть 2,827314 0,005770
команда 0,262364 0,001071
юноша 2,357310 0,004811
возвращение 1,466337 0,002993
первенство 1,301257 0,002656
зенит 0,867219 0,001770
snowvolleyru 5,129899 0,010469
документ 2,038856 0,033287
год 0,099461 0,000609
защитить 1,633391 0,003333
международный 0,466460 0,000952
матч 0,293617 0,001198
суперлига 1,441019 0,047054
юниор 1,345709 0,002746
возможно 1,664163 0,003396
это 0,181139 0,000370
volleyvfv 5,129899 0,020938
победа 0,420369 0,001716
допинг 1,871802 0,007640
кострома 3,050457 0,006225
ветеран 1,994404 0,008140
жена 1,728701 0,007056
новость 0,285712 0,007580
законодательство 2,932674 0,005985
тренер 0,555188 0,001133
цифра 2,421849 0,004943
интеллектуальный 3,338139 0,006813
только 0,447767 0,000914
арена 1,104547 0,013525
геотек 5,129899 0,052346
volleyru 5,129899 0,020938
студенческий 2,564949 0,010469
место 0,402511 0,000821
начало 0,760451 0,001552
героический 4,436752 0,009055
решение 0,839439 0,001713
лига 0,325878 0,004655
турнир 0,293617 0,002996
призер 1,178655 0,002405
арбитр 2,239527 0,004570
на 0,023953 0,000587
политик 0,224624 0,000458
пляжке 5,129899 0,010469
не 0,099461 0,000203
календарь 0,675551 0,011029
тюмень 2,564949 0,005235
премия 2,357310 0,004811
муж 2,827314 0,005770
но 0,402511 0,000821
осуществляться 2,239527 0,004570
бугаенкову 5,129899 0,010469
история 0,270086 0,000551
программа 0,799165 0,001631
конфиденциальность 0,293617 0,000599
об 0,217244 0,000443
медиа 1,834062 0,011229
завершение 1,695912 0,003461
мужчина 0,812411 0,009948
договорной 3,743604 0,015280
от 0,160085 0,000327
февраль 0,202645 0,000414
опубликовать 1,762603 0,003597
адамс 3,743604 0,007640
официальный 0,735450 0,001501
игра 0,112619 0,000230
как 0,232059 0,000474
первое 0,393700 0,000803
все 0,067304 0,000824
главное 0,524729 0,002142
по 0,073653 0,000451
федерация 0,495170 0,002021
уралочка 3,743604 0,007640
больший 0,457070 0,000933
русада 3,520461 0,007185
событие 0,565551 0,002308
использование 0,277868 0,001134
партнер 1,159607 0,002367
материал 0,309617 0,001264
beachvolleyru 5,129899 0,010469
высокий 0,760451 0,003104
соревнование 0,411400 0,001679
сообщить 0,447767 0,001828
проверить 1,368699 0,002793
переть 0,359214 0,000733
уралочку 4,436752 0,009055
