подача 2,490841 0,004566
париж 1,392229 0,006381
долгий 1,728701 0,001585
финал 0,699082 0,002563
ру 1,994404 0,001828
рф 1,871802 0,005147
новый 0,239550 0,000659
детство 3,338139 0,003060
академия 1,834062 0,005043
газета 1,392229 0,001276
невероятный 3,050457 0,002796
еще 0,167054 0,000459
санкция 2,421849 0,002220
супергерой 5,129899 0,004702
теннис 0,475938 0,026611
франкфурт 3,338139 0,003060
ребенок 1,323236 0,002426
ахмат 1,198073 0,002196
ставка 0,799165 0,001465
меца 5,129899 0,004702
удар 1,633391 0,001497
сидоренко 5,129899 0,023510
под 0,723179 0,000663
дени 4,436752 0,004067
мид 3,520461 0,006454
гера 2,644992 0,002424
сэ 2,932674 0,002688
а 0,209918 0,000385
обыграть 1,122566 0,001029
в 0,017911 0,000804
реклама 0,687247 0,001260
и 0,023953 0,000242
интер 1,633391 0,001497
связь 0,747872 0,002056
н 0,895792 0,001642
о 0,042302 0,000310
п 1,086847 0,001992
шумный 5,129899 0,004702
с 0,036149 0,000298
серебряный 1,368699 0,001255
область 1,633391 0,001497
китай 1,695912 0,004663
авто 0,925206 0,002544
сезон 0,723179 0,000663
футбол 0,247097 0,001132
взорвать 4,436752 0,004067
китаец 3,050457 0,005592
каллберг 5,129899 0,004702
бум 1,911023 0,003503
месси 2,239527 0,004105
чуциня 5,129899 0,004702
соцсети 3,183989 0,002918
репортаж 1,633391 0,001497
теперь 0,971016 0,000890
проект 0,457070 0,001676
планировать 2,296685 0,004210
время 0,384967 0,001411
весной 2,564949 0,002351
новгород 1,217876 0,002233
мелбет 1,762603 0,003231
победитель 0,799165 0,000733
покоряться 5,129899 0,004702
одержать 1,217876 0,002233
универсиада 2,644992 0,014546
украина 1,217876 0,001116
майами 3,338139 0,003060
италия 0,524729 0,000481
дмитрий 1,258698 0,001154
журналистка 4,031286 0,007390
соцсетях 1,466337 0,001344
россиянин 0,971016 0,004450
зарубежный 1,695912 0,004663
выступить 1,238078 0,001135
требовать 1,466337 0,001344
показать 0,504926 0,000463
победить 0,699082 0,001282
крутой 2,239527 0,002053
олимпиец 2,644992 0,002424
мма 1,069456 0,002941
знакомиться 4,436752 0,004067
судья 1,035554 0,000949
бета 1,834062 0,003362
олимпизм 1,466337 0,004032
одаренный 5,129899 0,004702
счет 0,799165 0,001465
себя 0,597299 0,001095
олимпийский 0,342407 0,002511
часы 1,911023 0,001752
миллер 3,338139 0,003060
читать 0,555188 0,000509
далекий 1,416327 0,001298
дискриминация 4,436752 0,004067
корея 1,695912 0,003109
сумма 1,518981 0,001392
июнь 1,198073 0,001098
надеяться 2,421849 0,002220
один 0,342407 0,000314
командный 1,002764 0,001838
дисциплина 1,546380 0,001417
одиночный 2,239527 0,004105
чжэньдун 4,436752 0,008133
председатель 2,038856 0,001869
совет 0,825834 0,001514
оскорбление 2,932674 0,002688
видео 0,699082 0,000641
пинг 4,436752 0,004067
биатлон 0,485508 0,001335
отстранение 2,644992 0,004849
футболист 1,518981 0,001392
путина 2,732003 0,005008
локомотив 0,839439 0,001539
россиянка 2,085376 0,003823
ругнуться 5,129899 0,004702
класс 1,728701 0,001585
минута 0,940244 0,000862
спортсменка 1,664163 0,001525
букмекер 1,140915 0,007320
заявить 1,140915 0,001046
июль 1,019025 0,003736
основа 1,301257 0,001193
южный 1,159607 0,002126
технология 0,786093 0,002162
луна 4,031286 0,003695
криштиану 2,932674 0,002688
среди 0,597299 0,000547
остаться 1,301257 0,001193
похожий 2,644992 0,002424
москва 0,576022 0,000528
моура 5,129899 0,004702
олимп 1,762603 0,003231
взрослый 2,564949 0,002351
португальский 2,932674 0,002688
опыт 1,834062 0,001681
ноябрь 0,955511 0,002627
команда 0,262364 0,000240
признание 2,732003 0,002504
избранный 0,955511 0,000876
тасс 1,695912 0,017099
зенит 0,867219 0,003180
wtt 5,129899 0,004702
секунда 1,633391 0,001497
мешать 2,644992 0,002424
champion 3,338139 0,003060
прокофьев 4,031286 0,007390
японский 2,296685 0,004210
золото 1,140915 0,004183
стать 0,217244 0,000796
нужно 1,492313 0,001368
менталитет 4,031286 0,003695
акрон 1,279751 0,002346
фейк 5,129899 0,004702
разыгрывать 2,421849 0,002220
провести 0,799165 0,000733
это 0,181139 0,000996
гимн 1,994404 0,001828
рост 0,812411 0,001489
обнаружить 2,490841 0,002283
дискриминационный 5,129899 0,004702
два 0,504926 0,000463
lenta 2,239527 0,002053
спортсмен 0,565551 0,004665
бронза 1,728701 0,001585
ковид 5,129899 0,004702
тайлакова 5,129899 0,004702
новость 0,285712 0,001048
его 0,447767 0,001642
сентябрь 1,035554 0,001898
интеллектуальный 3,338139 0,003060
брат 2,134166 0,001956
стартовый 1,728701 0,001585
войти 0,608110 0,000557
захаров 3,183989 0,002918
com 0,925206 0,001696
нхл 0,925206 0,002544
mail 1,301257 0,005964
или 0,576022 0,000528
реализованный 4,031286 0,003695
турнир 0,293617 0,002153
призер 1,178655 0,002161
фонбет 1,466337 0,002688
шестой 2,357310 0,002161
мерегорда 5,129899 0,004702
паралимпиады 3,338139 0,003060
политик 0,224624 0,000618
гребнев 4,031286 0,003695
канал 1,416327 0,001298
шведский 2,564949 0,004702
директор 1,871802 0,001716
хороший 0,393700 0,000361
германия 4,031286 0,003695
тренировка 0,895792 0,000821
овчар 4,436752 0,004067
объект 2,732003 0,002504
играть 0,895792 0,000821
фигурный 0,514778 0,001416
конфиденциальность 0,293617 0,000807
нарушение 1,416327 0,001298
ван 2,296685 0,002105
паралимпийских 3,050457 0,002796
оренбург 1,301257 0,005964
упорный 3,050457 0,002796
воспринять 4,031286 0,003695
высмеять 3,338139 0,006119
отмена 2,932674 0,002688
первый 0,317714 0,000291
февраль 0,202645 0,000186
вложение 4,031286 0,003695
германий 0,723179 0,001989
игра 0,112619 0,000929
компания 0,971016 0,003560
марта 0,853233 0,002346
губернатор 3,520461 0,003227
так 0,597299 0,000547
старший 1,695912 0,001554
федерация 0,495170 0,001815
рекомендация 1,217876 0,003349
голова 1,301257 0,001193
разорвать 3,338139 0,003060
интервью 0,971016 0,002670
где 0,675551 0,000619
кто 0,747872 0,000685
попадание 2,038856 0,001869
событие 0,565551 0,000518
дисквалифицировать 2,085376 0,003823
использование 0,277868 0,000764
реакция 2,490841 0,002283
август 1,035554 0,006644
самый 0,608110 0,001672
материал 0,309617 0,000851
рубин 1,198073 0,002196
соревнование 0,411400 0,000754
быть 0,119263 0,000219
европейский 1,122566 0,001029
sport 0,760451 0,001394
выносливость 3,338139 0,003060
балтика 1,217876 0,004465
представлять 1,217876 0,001116
установить 1,279751 0,001173
спорт 0,125952 0,002078
франция 0,675551 0,000619
попадать 2,296685 0,002105
этот 0,350775 0,000322
сборная 0,342407 0,002197
протяжение 1,951845 0,001789
швеция 1,035554 0,000949
отлично 3,183989 0,002918
отметить 2,134166 0,001956
глава 1,122566 0,002058
женский 0,663991 0,001217
известный 0,986764 0,000904
кхл 0,760451 0,002091
почтить 1,279751 0,001173
ru 0,285712 0,000262
фитнес 1,546380 0,004252
немецкий 1,797694 0,001648
смочь 1,069456 0,000980
понг 4,436752 0,004067
спортивный 0,301585 0,000276
во 0,495170 0,000908
игрок 0,711058 0,002607
женщина 0,663991 0,000609
готовый 1,994404 0,001828
признать 1,834062 0,001681
церемония 2,134166 0,001956
уже 0,687247 0,001890
педро 3,743604 0,003431
мужской 1,198073 0,001098
впервые 0,839439 0,001539
вернуться 0,986764 0,001809
базовый 2,490841 0,002283
чемпионат 0,188256 0,000345
вы 0,309617 0,000568
теннисистка 2,932674 0,002688
российский 0,224624 0,001441
паря 1,217876 0,002233
китайский 1,069456 0,001961
выиграть 0,485508 0,002670
крыло 1,238078 0,002270
приехать 2,134166 0,001956
прокачать 5,129899 0,004702
чжэндун 5,129899 0,004702
трульса 5,129899 0,004702
россия 0,139466 0,000383
личной 1,664163 0,001525
лионелем 5,129899 0,004702
турнирный 1,086847 0,001992
сочить 0,853233 0,001564
рекорд 0,955511 0,000876
свое 0,457070 0,002095
чтобы 0,773190 0,000709
назвать 0,940244 0,001724
настольный 1,198073 0,061496
казахстан 1,217876 0,003349
толкнуть 5,129899 0,004702
до 0,239550 0,000220
соотечественник 3,520461 0,003227
представитель 1,238078 0,001135
выступать 0,940244 0,002585
другой 0,188256 0,000863
представить 1,518981 0,001392
пао 3,743604 0,003431
эмоция 2,357310 0,002161
газпром 2,732003 0,005008
наказать 2,421849 0,004440
шведка 3,520461 0,003227
иначе 1,834062 0,001681
клуб 0,652562 0,001794
vk 1,441019 0,001321
знать 1,345709 0,001233
сен 3,183989 0,002918
флаг 0,895792 0,000821
ракетка 2,732003 0,005008
вид 0,393700 0,000361
мария 1,834062 0,001681
мото 1,574551 0,004330
нижний 0,955511 0,001752
сравнить 3,183989 0,008755
замечательный 3,743604 0,006863
что 0,195425 0,000716
эксперт 2,134166 0,001956
краснодар 0,867219 0,001590
править 0,544931 0,000999
за 0,125952 0,000808
ws 5,129899 0,004702
рейтинг 0,524729 0,003367
медаль 0,619039 0,000567
олег 1,871802 0,001716
солнцев 4,436752 0,004067
настоящее 1,368699 0,001255
ассара 5,129899 0,004702
несмотря 1,762603 0,001616
если 0,675551 0,000619
эффектный 4,031286 0,003695
бетсити 1,633391 0,002994
пятеро 4,436752 0,004067
винлайн 1,834062 0,003362
отношение 1,301257 0,001193
из 0,106018 0,000389
игровой 1,104547 0,003037
еврокубки 1,546380 0,004252
роналду 1,911023 0,001752
наш 0,652562 0,000598
швед 2,134166 0,003912
школьник 3,183989 0,002918
получить 0,384967 0,000353
беларусь 1,279751 0,003519
над 0,986764 0,000904
тема 1,104547 0,001012
хоккей 0,285712 0,001309
спартак 0,711058 0,001303
сервис 1,368699 0,001255
сформировать 2,732003 0,002504
сёрлинг 5,129899 0,004702
фаня 4,436752 0,008133
леона 1,633391 0,002994
сделать 0,853233 0,000782
казань 1,301257 0,001193
риа 1,466337 0,002688
точный 2,296685 0,002105
цска 0,711058 0,001303
аргентина 1,951845 0,001789
актуальный 1,546380 0,001417
год 0,099461 0,000273
египтянин 4,031286 0,003695
максим 1,871802 0,001716
контракт 1,258698 0,001154
международный 0,466460 0,001710
комитет 1,368699 0,001255
октябрь 1,019025 0,003736
матч 0,293617 0,001077
завалюев 5,129899 0,004702
соперник 0,853233 0,000782
завоевать 1,035554 0,000949
мая 0,986764 0,001809
лыжный 0,675551 0,001858
который 0,325878 0,000597
подкрутка 4,436752 0,004067
антон 1,695912 0,001554
серебро 1,695912 0,001554
динамо 0,663991 0,002434
следующий 0,853233 0,000782
рамка 1,441019 0,001321
победа 0,420369 0,000771
мат 3,338139 0,006119
рассказать 1,122566 0,004116
экспресс 1,416327 0,006491
елена 1,834062 0,001681
страна 0,641262 0,000588
президент 1,035554 0,001898
петр 1,392229 0,001276
правление 2,932674 0,002688
betteri 1,871802 0,003431
сразу 1,392229 0,001276
такой 0,735450 0,000674
ма 4,436752 0,004067
союз 1,301257 0,001193
чемпионка 1,441019 0,001321
место 0,402511 0,000369
успешный 1,345709 0,001233
лига 0,325878 0,002091
евгения 1,178655 0,001080
проходить 0,867219 0,001590
генеральный 1,664163 0,001525
мх 1,728701 0,003169
мы 0,195425 0,000358
летний 0,619039 0,001702
корреспондент 2,932674 0,002688
участие 0,457070 0,000419
прекрасный 3,050457 0,002796
на 0,023953 0,000285
состав 0,867219 0,001590
водный 0,723179 0,001989
олимпиада 0,576022 0,002112
тот 0,393700 0,000361
не 0,099461 0,000182
форвард 1,871802 0,003431
выбор 1,834062 0,003362
календарь 0,675551 0,001238
организация 0,663991 0,000609
золотой 1,002764 0,000919
розыгрыш 1,762603 0,001616
толчок 2,490841 0,002283
история 0,270086 0,000248
таблица 0,711058 0,001303
длить 0,146292 0,000268
омар 5,129899 0,004702
русская 1,797694 0,001648
об 0,217244 0,000398
владимир 1,392229 0,005104
продолжительность 2,185460 0,002003
ои 0,812411 0,000745
оренбургский 4,436752 0,004067
он 0,475938 0,000872
чемпион 0,334108 0,000612
от 0,160085 0,000147
открыться 3,050457 0,002796
разряд 2,490841 0,009132
официальный 0,735450 0,000674
бокс 0,534779 0,001471
катание 0,514778 0,001416
интернат 4,436752 0,004067
первое 0,393700 0,000361
cas 3,338139 0,006119
как 0,232059 0,000638
все 0,067304 0,000247
алексей 1,140915 0,001046
условие 0,334108 0,000919
совладать 5,129899 0,004702
помогать 2,134166 0,001956
премьер 1,198073 0,005491
pari 1,546380 0,002835
по 0,073653 0,000945
португалец 3,338139 0,003060
огромный 2,296685 0,002105
telegram 2,357310 0,002161
принять 0,786093 0,000721
сообщать 1,951845 0,001789
третье 1,035554 0,000949
обратный 1,178655 0,003241
умолять 4,436752 0,004067
мец 4,031286 0,003695
переть 0,359214 0,000329
