состоять 1,279751 0,000366
latina 1,603538 0,000459
день 0,699082 0,000200
доменико 4,031286 0,001154
металл 4,031286 0,001154
хватать 1,633391 0,000468
экспорт 0,986764 0,000283
johann 5,129899 0,001469
письмо 1,911023 0,000547
lccn 1,492313 0,000427
инвалидный 3,338139 0,000956
физический 1,392229 0,000399
владение 2,421849 0,004161
родион 3,743604 0,001072
ไทย 1,238078 0,000355
tatarça 1,392229 0,000399
日本語 1,035554 0,000297
со 0,447767 0,000385
контратаковать 4,031286 0,001154
частность 1,994404 0,000571
арт 3,743604 0,005360
хирургический 5,129899 0,001469
slovenščina 1,345709 0,000385
под 0,723179 0,001035
парусный 1,574551 0,000451
заявление 0,799165 0,000229
старинный 3,050457 0,001747
связаться 0,867219 0,000248
декабрь 0,853233 0,000244
пом 1,695912 0,000486
brezhoneg 2,038856 0,000584
человек 0,940244 0,000539
подножка 3,520461 0,001008
подробный 0,687247 0,000197
заведение 3,338139 0,000956
содержание 0,955511 0,000547
universali 1,951845 0,000559
eesti 1,069456 0,000306
čeština 1,035554 0,000297
нога 1,664163 0,001430
minangkabau 2,564949 0,000735
серебряный 1,368699 0,000392
студент 2,357310 0,000675
область 1,633391 0,000468
викисклад 1,035554 0,000593
britannica 1,518981 0,000870
корфбол 1,762603 0,000505
amberg 5,129899 0,001469
каноэ 1,633391 0,000468
пройти 0,544931 0,000156
lëtzebuergesch 1,762603 0,000505
slovenčina 1,069456 0,000306
шаг 2,038856 0,001168
wikipedia 0,986764 0,000565
сложность 1,951845 0,000559
войнов 4,031286 0,001154
gnd 1,392229 0,000399
оригинал 1,441019 0,000825
итальянский 1,633391 0,000468
a 1,392229 0,001595
опытный 1,994404 0,000571
легионер 2,490841 0,000713
b 2,564949 0,001469
отредактировать 0,986764 0,000283
c 1,546380 0,000886
шпага 5,129899 0,020567
проект 0,457070 0,000262
толедо 5,129899 0,001469
называть 1,258698 0,000721
i 1,762603 0,000505
весовой 2,932674 0,000840
j 1,466337 0,000420
фехтовальный 5,129899 0,007345
регистрироваться 3,338139 0,003824
кинжал 5,129899 0,004407
ушу 1,728701 0,000495
the 1,546380 0,001329
halt 5,129899 0,001469
викиновости 1,238078 0,000355
u 1,345709 0,000385
главный 0,565551 0,000162
батто 5,129899 0,001469
w 0,955511 0,000274
හල 1,834062 0,000525
максимально 2,644992 0,000757
потребовать 2,932674 0,000840
иной 2,038856 0,000584
также 0,663991 0,002852
фр 2,421849 0,000694
шайба 0,986764 0,000283
العربية 1,069456 0,000306
появиться 1,159607 0,000664
фризский 1,762603 0,000505
либери 5,129899 0,001469
штыковой 4,436752 0,003812
отразить 3,183989 0,000912
шарообразный 4,436752 0,001271
настраиваться 4,436752 0,001271
пересечение 3,050457 0,000874
прошлый 1,518981 0,000435
достоверность 4,436752 0,001271
прокопчик 5,129899 0,001469
прием 1,911023 0,002189
ранить 4,031286 0,001154
единоборство 1,994404 0,000571
трава 1,392229 0,000797
россиянин 0,971016 0,000278
степень 2,490841 0,000713
находиться 0,925206 0,001060
зао 3,743604 0,003216
собачий 1,762603 0,000505
начать 1,279751 0,000733
библиографический 1,279751 0,000366
прэ 5,129899 0,001469
феникс 3,520461 0,001008
pas 5,129899 0,001469
нож 5,129899 0,002938
правка 0,986764 0,000848
судья 1,035554 0,002372
затылок 3,743604 0,001072
выпад 5,129899 0,001469
батут 1,728701 0,000495
серфинг 1,762603 0,000505
себя 0,597299 0,000513
дуаньбин 5,129899 0,001469
tolışi 1,871802 0,000536
ампутация 4,031286 0,001154
металлизировать 5,129899 0,004407
камадзюцу 4,436752 0,001271
система 0,799165 0,000687
việt 1,140915 0,000327
отказ 0,839439 0,000240
травмоопасным 4,436752 0,001271
дзюдо 1,466337 0,000420
гонка 0,853233 0,000489
допускаться 1,911023 0,001095
кастл 5,129899 0,001469
один 0,342407 0,000784
тэцубодзюцу 4,436752 0,001271
дисциплина 1,546380 0,002214
одиночный 2,239527 0,000641
иметь 1,069456 0,002144
стальной 4,436752 0,002541
полностью 1,546380 0,000443
научить 3,743604 0,001072
рубяще 5,129899 0,002938
длина 1,871802 0,004288
вперед 1,797694 0,000515
пример 1,994404 0,001142
аналоговый 5,129899 0,002938
жесткий 1,728701 0,000495
часть 1,104547 0,000316
рапира 5,129899 0,022036
практический 1,546380 0,000443
выход 1,178655 0,000338
последний 0,376309 0,000216
класс 1,728701 0,000495
приносить 3,050457 0,000874
действительный 4,436752 0,001271
evangelista 5,129899 0,001469
минута 0,940244 0,000269
столетие 2,490841 0,000713
некоторые 1,198073 0,000686
круглов 4,436752 0,001271
pdf 0,940244 0,000269
обувь 3,050457 0,000874
длинноствольный 5,129899 0,001469
курс 2,490841 0,000713
германский 3,520461 0,001008
описание 0,881403 0,000505
ресурс 0,812411 0,000233
саблист 5,129899 0,001469
процесс 1,664163 0,000477
избежать 2,732003 0,001565
аппарат 3,183989 0,011853
метать 5,129899 0,004407
июль 1,019025 0,000584
техник 1,695912 0,000971
одновременно 1,762603 0,001010
bahasa 1,086847 0,000622
паралимпийское 5,129899 0,008814
санкт-петербург 2,827314 0,001619
грудной 4,436752 0,001271
сформироваться 3,050457 0,000874
качество 1,323236 0,000379
через 0,971016 0,000278
lietuvių 1,140915 0,000327
слоновый 5,129899 0,001469
финт 4,436752 0,001271
различать 3,520461 0,002016
словарь 1,198073 0,001029
становиться 1,159607 0,000664
сабля 5,129899 0,016159
дзёдзюцу 4,436752 0,001271
стрельба 1,441019 0,000825
меняться 1,951845 0,000559
разработчик 0,971016 0,000278
द 1,546380 0,000443
न 1,518981 0,001305
команда 0,262364 0,000225
печатный 3,050457 0,000874
екатерина 2,134166 0,000611
xvi 2,490841 0,000713
प 1,911023 0,001095
сквош 1,728701 0,000495
вклад 0,955511 0,000274
indonesia 1,086847 0,000311
भ 2,239527 0,000641
ल 1,911023 0,001095
текст 0,925206 0,000265
являться 1,019025 0,001459
очко 1,416327 0,000406
сигнал 3,050457 0,002621
параллельно 2,357310 0,000675
альт 5,129899 0,001469
lâm 1,762603 0,000505
получать 1,301257 0,000373
проводиться 1,086847 0,002179
ष 2,296685 0,000658
юный 2,490841 0,000713
esperanto 1,198073 0,000343
ह 1,546380 0,000443
усилие 2,490841 0,000713
единый 1,104547 0,000633
длиться 2,296685 0,000658
доспех 4,436752 0,002541
временить 1,140915 0,000327
перейти 0,586604 0,000336
подготовка 1,178655 0,001013
пономарев 2,827314 0,000810
sunda 2,564949 0,000735
решать 2,564949 0,000735
японский 2,296685 0,000658
обладать 2,490841 0,000713
медицинский 3,050457 0,001747
скелетон 1,258698 0,000360
українська 1,035554 0,000297
трёхгранного 5,129899 0,001469
условный 3,338139 0,000956
разыгрывать 2,421849 0,000694
металлический 3,520461 0,002016
группа 1,122566 0,000643
церебральный 5,129899 0,001469
отдаваться 3,743604 0,001072
лякросс 1,762603 0,000505
xviii 2,421849 0,001387
восход 5,129899 0,001469
француз 2,239527 0,000641
ответственность 0,895792 0,000257
постановочный 4,436752 0,001271
рост 0,812411 0,000233
американец 2,134166 0,000611
пружина 4,436752 0,001271
спортсмен 0,565551 0,001296
françai 1,019025 0,000292
кусаригамадзюцу 4,436752 0,001271
рэкетс 1,728701 0,000495
комиссия 2,239527 0,000641
гоша 5,129899 0,001469
начинаться 1,664163 0,000477
взять 1,159607 0,000332
стоить 1,546380 0,000443
его 0,447767 0,000898
гравюра 4,031286 0,001154
эффект 2,932674 0,000840
жизнь 0,881403 0,000252
только 0,447767 0,000641
принадлежность 3,338139 0,000956
ndl 1,834062 0,000525
php 0,986764 0,000283
средний 1,441019 0,000413
бадминтон 1,518981 0,000435
байдарка 1,603538 0,000459
шорты 1,035554 0,000297
длинноклинкового 5,129899 0,001469
реконструкторы 5,129899 0,001469
удаленный 1,492313 0,000427
сэр 3,743604 0,001072
võro 2,932674 0,000840
турнир 0,293617 0,000336
относиться 1,368699 0,001568
горнолыжный 1,301257 0,000373
устойчивость 4,031286 0,001154
счесть 3,743604 0,001072
дзен 2,932674 0,000840
энтузиаст 4,031286 0,001154
баскский 1,664163 0,000477
эт 5,129899 0,001469
frysk 1,762603 0,000505
коляска 2,932674 0,002519
ведение 2,644992 0,001515
заглавный 0,986764 0,000283
реконструкция 2,932674 0,002519
гэльский 1,762603 0,000505
приподниматься 5,129899 0,001469
канат 1,762603 0,000505
колено 2,296685 0,000658
наносить 3,338139 0,004780
тренировка 0,895792 0,000257
когда 0,652562 0,000374
этимологический 4,436752 0,002541
фиоре 5,129899 0,001469
рубить 4,031286 0,002309
вверх 2,421849 0,001387
нарушение 1,416327 0,000406
бригантина 5,129899 0,001469
конфиденциальность 0,293617 0,000084
паралимпийских 3,050457 0,001747
мишенев 5,129899 0,001469
гандбол 1,122566 0,000964
svenska 1,035554 0,000297
общий 0,986764 0,000565
тантаро 5,129899 0,001469
назад 1,140915 0,000327
продолжать 1,258698 0,000360
моторный 1,762603 0,000505
список 0,986764 0,000283
масса 1,911023 0,002736
ссср 0,940244 0,000539
великое 2,421849 0,000694
приблизить 3,743604 0,001072
аркадьев 3,520461 0,001008
будо 1,762603 0,000505
паралимпийским 3,743604 0,001072
идти 1,159607 0,000664
ширина 2,357310 0,000675
штык 5,129899 0,002938
открыть 1,279751 0,000366
media 3,050457 0,000874
появляться 2,038856 0,000584
никто 1,574551 0,000451
набирать 2,644992 0,000757
средневековый 4,031286 0,002309
фехтование 1,546380 0,053583
тиссо 5,129899 0,001469
ориентироваться 4,436752 0,001271
новобранец 3,743604 0,001072
and 1,762603 0,000505
перетягивание 1,762603 0,000505
стратегия 2,239527 0,000641
лечебный 4,436752 0,001271
так 0,597299 0,000684
главное 0,524729 0,000301
практичность 5,129899 0,001469
французский 1,052361 0,000904
interlingua 1,603538 0,000459
федерация 0,495170 0,000993
голова 1,301257 0,000373
развиваться 2,185460 0,001252
где 0,675551 0,000387
издание 1,574551 0,000902
активный 1,546380 0,000443
фиксироваться 3,050457 0,001747
попадание 2,038856 0,000584
бытовой 3,338139 0,001912
позволять 1,664163 0,000477
всеять 1,871802 0,000536
участвовать 0,955511 0,000547
papiamentu 2,732003 0,000782
конструктивный 4,436752 0,001271
сообщить 0,447767 0,000128
примечание 1,002764 0,000574
исполком 2,932674 0,000840
пятиборье 1,574551 0,000902
быть 0,119263 0,000546
европейский 1,122566 0,001286
келси 5,129899 0,001469
диаметр 2,732003 0,002347
определение 2,085376 0,000597
сечь 3,050457 0,000874
скалолазание 1,695912 0,000486
есть 0,812411 0,000698
электрокуртку 5,129899 0,001469
вести 1,238078 0,000355
линия 1,466337 0,000420
снаряд 2,490841 0,000713
сквозь 3,183989 0,000912
установить 1,279751 0,000366
спорт 0,125952 0,000577
конный 1,574551 0,000451
защититься 5,129899 0,001469
разработать 1,728701 0,000990
просмотр 0,925206 0,000265
compter 5,129899 0,001469
национальный 0,839439 0,000481
english 0,925206 0,000530
франция 0,675551 0,000193
выполнять 1,994404 0,001713
викисловарь 2,490841 0,000713
этот 0,350775 0,000502
press 2,185460 0,000626
ਜ 1,664163 0,000477
спереди 3,743604 0,002144
друа 5,129899 0,001469
интеллект 4,436752 0,001271
гульченко 5,129899 0,001469
suomi 1,052361 0,000301
артистический 4,436752 0,005082
викисловаре 2,490841 0,000713
друг 1,518981 0,001740
определяться 1,797694 0,000515
ਪ 1,664163 0,000477
мгсги 5,129899 0,001469
ਬ 1,664163 0,000477
экипировка 2,239527 0,001924
основной 1,122566 0,001929
ловкость 5,129899 0,001469
афина 2,421849 0,001387
схема 1,951845 0,000559
creativ 0,986764 0,000283
разыграть 2,038856 0,000584
известный 0,986764 0,000283
фиксировать 3,520461 0,004033
можно 1,002764 0,000574
основное 1,368699 0,001176
română 1,122566 0,000321
конструкция 2,732003 0,001565
элемент 0,925206 0,000265
nkc 1,574551 0,000451
использоваться 1,159607 0,000664
спортивный 0,301585 0,001900
женщина 0,663991 0,000761
выступление 0,955511 0,000547
секира 5,129899 0,001469
щиток 3,338139 0,001912
отдел 3,183989 0,001824
portuguê 1,035554 0,000297
педро 3,743604 0,001072
oʻzbekcha 1,140915 0,000327
раз 0,485508 0,000139
чемпионат 0,188256 0,000431
возглавить 2,239527 0,000641
ўзбекча 1,140915 0,000327
kreyòl 2,490841 0,000713
latviešu 1,052361 0,000301
утяжелить 5,129899 0,001469
шейный 5,129899 0,001469
дойти 2,490841 0,000713
российский 0,224624 0,000129
фис 4,031286 0,002309
сражаться 3,520461 0,002016
цель 1,238078 0,001064
необходимо 1,994404 0,001713
art 2,644992 0,000757
батман 5,129899 0,001469
версия 0,393700 0,000676
анджело 5,129899 0,001469
энтузиазм 4,436752 0,001271
сальник 3,520461 0,001008
jawa 1,911023 0,000547
зарегистрировать 0,711058 0,000204
prêt 5,129899 0,001469
требование 1,797694 0,000515
тем 1,217876 0,000349
поло 1,441019 0,000825
отражение 4,031286 0,001154
центрполиграф 5,129899 0,004407
اردو 1,574551 0,000451
игорь 1,871802 0,000536
без 0,466460 0,000801
между 0,955511 0,000274
выполнение 2,185460 0,000626
знак 0,986764 0,000283
рассудок 5,129899 0,001469
сложный 1,871802 0,001608
белкин 4,031286 0,002309
ударить 2,564949 0,000735
представитель 1,238078 0,000709
руководство 1,301257 0,000373
судейский 2,421849 0,000694
запястье 4,031286 0,001154
преподавать 4,031286 0,002309
соответствие 1,002764 0,000574
австралийский 1,633391 0,000468
работа 1,086847 0,000622
тактика 2,421849 0,001387
европа 0,393700 0,000564
характеристика 2,732003 0,000782
направление 1,728701 0,000990
имитатор 5,129899 0,002938
редакция 0,940244 0,000269
запретить 1,178655 0,000675
короча 4,031286 0,001154
сочетание 3,338139 0,000956
дзэн 5,129899 0,001469
пока 1,159607 0,000332
посол 0,301585 0,000173
определять 2,185460 0,001878
взаимно 5,129899 0,001469
защищать 2,296685 0,000658
нагрудник 5,129899 0,001469
фасмера 5,129899 0,001469
медиафайлы 1,217876 0,000698
болонский 5,129899 0,001469
гранный 5,129899 0,001469
заседание 2,564949 0,000735
ಕನ 2,038856 0,000584
galego 1,178655 0,000338
автор 1,466337 0,000420
старый 1,159607 0,000332
page 0,986764 0,000283
короткий 0,699082 0,000200
бороться 1,633391 0,000468
превратиться 2,732003 0,000782
кроме 1,368699 0,001568
фехтовать 5,129899 0,001469
нижний 0,955511 0,000274
оба 1,368699 0,000784
служебный 0,955511 0,000274
кудре 5,129899 0,001469
кодекс 0,971016 0,000278
четкий 3,743604 0,001072
положение 1,416327 0,000811
фехтбух 5,129899 0,002938
тип 1,345709 0,000385
детская 2,421849 0,000694
карат 1,728701 0,000495
бобслей 1,217876 0,000349
арсланов 5,129899 0,001469
поверхность 2,239527 0,002565
брать 2,239527 0,000641
associ 0,986764 0,000283
проставить 3,743604 0,001072
культура 1,392229 0,000399
свободный 0,867219 0,000497
виновный 5,129899 0,001469
статья 0,495170 0,002127
если 0,675551 0,000774
существовать 1,122566 0,000643
современный 1,159607 0,001660
соответственно 2,134166 0,000611
wikimedia 0,986764 0,000283
арнис 5,129899 0,001469
time 2,357310 0,000675
вневременный 5,129899 0,001469
турчин 5,129899 0,001469
учебник 2,932674 0,000840
burbank 5,129899 0,001469
групповой 1,603538 0,000459
ελληνικά 1,086847 0,000311
multi 4,031286 0,001154
получить 0,384967 0,000110
контакт 1,035554 0,000593
язык 0,925206 0,001060
направить 2,296685 0,000658
деревянный 2,932674 0,000840
сформировать 2,732003 0,000782
архивировать 1,104547 0,000316
vous 5,129899 0,001469
сделать 0,853233 0,000244
связанный 0,786093 0,000675
нанести 2,185460 0,006258
закрытый 1,911023 0,001642
melayu 1,368699 0,000392
вооруженный 2,732003 0,001565
прочий 1,069456 0,000306
воля 2,932674 0,000840
italiano 1,035554 0,000297
год 0,099461 0,000513
droit 4,436752 0,001271
защитить 1,633391 0,000936
айсшток 1,728701 0,000495
характерный 2,564949 0,000735
международный 0,466460 0,000267
հայերեն 1,198073 0,000343
башҡортса 1,518981 0,000435
снаряжение 3,338139 0,001912
граммовый 4,031286 0,001154
euskara 1,122566 0,000321
поэтому 1,392229 0,000797
рдой 5,129899 0,001469
српскохрватски 1,416327 0,000406
рим 2,239527 0,001924
объявлять 2,932674 0,000840
bokmål 1,069456 0,000306
текущий 0,867219 0,000745
стилизовать 3,743604 0,001072
улучшить 1,951845 0,000559
banjar 2,932674 0,000840
благородный 3,743604 0,001072
инструмент 0,881403 0,000757
кресло 3,743604 0,002144
глима 1,762603 0,000505
справа 2,932674 0,000840
создать 0,773190 0,000664
такой 0,735450 0,000842
sword 5,129899 0,001469
планерный 1,762603 0,000505
вместе 1,178655 0,000338
селестина 5,129899 0,001469
эрмитаж 5,129899 0,002938
сходный 4,436752 0,001271
заложить 4,031286 0,001154
малый 2,134166 0,000611
asturianu 1,323236 0,000379
уколоть 5,129899 0,001469
отчасти 3,520461 0,001008
дворянин 5,129899 0,001469
کوردی 1,762603 0,000505
изготовление 3,338139 0,000956
решение 0,839439 0,000481
рука 1,392229 0,003588
проходить 0,867219 0,000497
печать 0,955511 0,000547
горазд 3,050457 0,000874
русый 1,368699 0,000784
íslenska 1,392229 0,000399
благодаря 1,441019 0,000413
военный 1,664163 0,000477
рукопашный 3,338139 0,000956
включать 1,323236 0,000758
пелота 1,728701 0,000495
летний 0,619039 0,000355
afrikaan 1,441019 0,000413
фонд 0,895792 0,000257
глаз 2,239527 0,000641
тот 0,393700 0,001466
вестись 2,185460 0,000626
обсуждение 0,867219 0,000497
трамплин 1,140915 0,000327
организация 0,663991 0,000380
сложно 2,134166 0,000611
titl 0,986764 0,000283
гражданин 3,338139 0,000956
частить 1,664163 0,001430
электрический 3,743604 0,003216
пятнадцать 3,338139 0,000956
поздний 1,323236 0,000379
товарный 0,986764 0,000283
статичный 5,129899 0,001469
история 0,270086 0,000541
македонский 1,258698 0,000360
воин 2,932674 0,000840
три 1,178655 0,000338
длить 0,146292 0,000419
閩南語 1,762603 0,000505
сечение 4,436752 0,003812
bân 1,762603 0,000505
школа 1,492313 0,002137
останавливать 3,520461 0,001008
ழ 1,492313 0,000427
клинок 5,129899 0,010283
либо 1,140915 0,000980
согласно 1,574551 0,000451
histori 1,762603 0,000505
бой 1,279751 0,012460
шпажносабельного 5,129899 0,001469
реальный 1,871802 0,001072
название 1,035554 0,000593
гатманном 5,129899 0,001469
scienc 3,743604 0,002144
поиск 0,711058 0,000407
показание 5,129899 0,002938
чемпион 0,334108 0,000096
молодой 2,490841 0,000713
исторический 1,762603 0,007571
oldid 0,986764 0,000283
длинный 1,762603 0,000505
катание 0,514778 0,000147
избегать 4,031286 0,001154
ффр 5,129899 0,002938
участник 0,799165 0,001831
первое 0,393700 0,000564
как 0,232059 0,001063
лыжа 0,925206 0,000530
мольер 5,129899 0,001469
низкий 1,345709 0,000385
дистанция 1,728701 0,000495
условие 0,334108 0,000383
запрещать 2,827314 0,001619
вельмонте 5,129899 0,001469
malti 2,732003 0,000782
стадий 1,911023 0,000547
нипкц 5,129899 0,001469
динамичный 4,031286 0,001154
достижение 1,279751 0,000366
занять 1,159607 0,000332
xiii 2,932674 0,000840
тарашкевіца 1,198073 0,000343
немой 1,416327 0,000406
рок 1,695912 0,000486
точность 2,932674 0,000840
содзюцу 4,436752 0,001271
видеть 1,994404 0,000571
cymraeg 1,574551 0,000451
караться 4,031286 0,002309
ayisyen 2,490841 0,000713
способ 1,728701 0,000495
авторство 0,986764 0,000283
высокий 0,760451 0,000436
меч 3,743604 0,003216
второй 0,576022 0,000165
català 1,086847 0,000311
специальный 1,217876 0,001046
евразия 3,743604 0,001072
dansk 1,069456 0,000306
новый 0,239550 0,000069
indianapoli 5,129899 0,001469
поведение 0,839439 0,000240
лампа 5,129899 0,005876
бсэ 4,436752 0,001271
служить 2,644992 0,000757
рапирист 4,436752 0,001271
пояс 2,564949 0,000735
учет 2,185460 0,000626
колоть 5,129899 0,008814
происходить 1,466337 0,000420
еще 0,167054 0,000144
реконструкторов 5,129899 0,001469
аспект 2,732003 0,000782
теннис 0,475938 0,000273
знаменитость 3,743604 0,001072
గ 2,038856 0,000584
ребенок 1,323236 0,000379
финский 1,518981 0,000435
петербург 1,345709 0,000771
дага 5,129899 0,001469
فارسی 1,104547 0,000316
удар 1,633391 0,006081
менее 1,258698 0,000360
важный 0,986764 0,000565
త 2,038856 0,000584
беларуская 1,069456 0,000613
боковой 2,644992 0,000757
зрелищный 2,932674 0,000840
полный 0,940244 0,000269
изолировать 4,436752 0,002541
предложить 1,441019 0,000413
помощь 1,368699 0,001176
готовность 2,932674 0,000840
перчатка 2,732003 0,000782
прибавить 4,436752 0,001271
а 0,209918 0,001383
б 1,466337 0,000420
в 0,017911 0,000610
ల 2,038856 0,000584
г 0,925206 0,002120
заболевание 4,031286 0,001154
викимедиа 0,986764 0,000283
д 0,895792 0,000257
е 0,867219 0,000745
и 0,023953 0,000624
гладиатор 4,031286 0,001154
вольт 5,129899 0,001469
к 0,132686 0,000988
л 2,038856 0,000584
велоспорт 1,178655 0,000338
м 0,534779 0,001531
н 0,895792 0,000513
azərbaycanca 1,258698 0,000360
о 0,042302 0,000061
альпинизм 1,301257 0,000373
санкт 1,279751 0,000733
парирование 5,129899 0,002938
с 0,036149 0,000476
она 0,597299 0,000171
скейтбординг 1,762603 0,000505
средство 1,664163 0,000477
т 1,368699 0,000392
у 0,342407 0,000294
применять 2,732003 0,000782
определить 1,301257 0,001118
х 0,986764 0,001130
теория 2,357310 0,000675
набалдашник 5,129899 0,001469
скачать 0,895792 0,000513
они 0,524729 0,000601
дополнительный 0,940244 0,000539
э 2,296685 0,000658
сноска 1,951845 0,003354
вариант 1,492313 0,000427
панцирь 5,129899 0,001469
футбол 0,247097 0,000354
талия 4,436752 0,001271
сила 1,279751 0,000733
укол 4,436752 0,043199
мир 0,277868 0,000477
конкретный 2,644992 0,000757
атлетика 0,955511 0,000547
by 0,971016 0,000278
регби 0,955511 0,000547
русский 0,760451 0,000653
тонкий 3,050457 0,000874
касание 2,827314 0,000810
копия 1,416327 0,000406
входить 1,258698 0,000360
cc 0,986764 0,000283
цветной 3,050457 0,001747
боец 1,797694 0,003089
классический 1,834062 0,000525
время 0,384967 0,000992
конец 1,035554 0,000593
чанбин 5,129899 0,001469
электрофиксатора 5,129899 0,001469
аналог 3,520461 0,001008
боев 2,932674 0,001680
ибо 4,436752 0,001271
макса 2,038856 0,000584
победитель 0,799165 0,000229
соответствующий 1,695912 0,000971
рукопашная 4,436752 0,001271
методика 2,644992 0,000757
быстрота 3,743604 0,001072
подать 2,296685 0,000658
получение 2,085376 0,000597
город 1,069456 0,000306
обсуждать 1,797694 0,000515
прежде 2,185460 0,000626
неофициальный 2,134166 0,000611
резкость 5,129899 0,001469
粵語 1,178655 0,000338
приваривать 5,129899 0,001469
вправе 3,520461 0,001008
сохо 5,129899 0,001469
метр 1,574551 0,000451
викиданных 0,986764 0,000283
தம 1,492313 0,000427
написать 2,038856 0,000584
каталанский 1,695912 0,000971
зависимость 1,911023 0,000547
каталог 1,301257 0,000373
викискладе 1,217876 0,000698
требовать 1,466337 0,000420
сноуборд 1,178655 0,000338
показать 0,504926 0,000145
философский 4,436752 0,001271
обеспечивать 2,732003 0,000782
xvii 2,490841 0,001427
en 2,932674 0,000840
нагинатадзюцу 4,436752 0,001271
паралимпийцев 4,436752 0,001271
счет 0,799165 0,000229
порядок 1,664163 0,000477
аннулироваться 5,129899 0,001469
ефрона 3,183989 0,001824
олимпийский 0,342407 0,000490
хёрлинг 1,762603 0,000505
читать 0,555188 0,000159
пересмотр 4,436752 0,001271
описать 2,357310 0,001350
тяжелый 0,940244 0,001077
gard 5,129899 0,001469
древний 2,421849 0,001387
прямая 1,441019 0,000413
оценивать 2,827314 0,001619
англ 1,159607 0,000664
командный 1,002764 0,001436
оценка 1,797694 0,000515
волейбол 0,955511 0,000274
обязательно 2,357310 0,000675
павлов 4,031286 0,001154
академический 1,546380 0,000443
плавание 1,178655 0,000675
биатлон 0,485508 0,000139
мера 2,296685 0,000658
пожертвовать 0,940244 0,000269
подтверждать 2,185460 0,000626
задавать 3,520461 0,002016
шлем 2,296685 0,000658
пользоваться 2,490841 0,000713
приоритет 3,520461 0,003024
лишь 1,159607 0,000996
япония 1,279751 0,000366
ссылка 0,699082 0,001602
эпоха 2,085376 0,001194
srpskohrvatski 1,416327 0,000406
中文 1,035554 0,000297
ನಡ 2,038856 0,000584
основа 1,301257 0,001118
foundat 0,986764 0,000283
кругосвет 1,994404 0,000571
делать 1,392229 0,000399
щит 2,932674 0,000840
подобный 1,911023 0,000547
становление 3,050457 0,001747
крылов 2,932674 0,000840
среди 0,597299 0,000684
канадский 1,603538 0,000459
преимущество 1,951845 0,001118
похожий 2,644992 0,000757
выносить 3,338139 0,000956
конечность 3,520461 0,001008
москва 0,576022 0,000330
атака 1,762603 0,002524
леконт 5,129899 0,001469
специфический 4,031286 0,001154
гладкий 3,520461 0,001008
гибкий 3,743604 0,001072
https 0,699082 0,000200
спина 2,134166 0,001833
квадах 1,762603 0,000505
предупреждение 2,827314 0,000810
отдельный 0,955511 0,001095
мобильный 0,555188 0,000159
татарча 1,392229 0,000399
tiếng 1,140915 0,000327
עברית 1,052361 0,000301
лицо 1,695912 0,000971
хаттон 5,129899 0,002938
index 0,986764 0,000283
тренировочный 1,834062 0,000525
большой 0,687247 0,000197
должен 0,597299 0,001197
избранный 0,955511 0,000274
греция 1,994404 0,000571
ള 1,695912 0,000486
лейтман 5,129899 0,001469
hindi 2,421849 0,000694
исключить 1,441019 0,000413
сравнение 2,134166 0,000611
размерный 5,129899 0,001469
налево 4,436752 0,001271
родственный 2,239527 0,000641
половина 1,392229 0,000797
повторный 3,338139 0,000956
стать 0,217244 0,000062
kurdî 1,834062 0,000525
фарит 5,129899 0,001469
работать 1,518981 0,000435
обучение 2,239527 0,000641
позвоночник 3,743604 0,002144
крикет 1,695912 0,000486
театральный 3,743604 0,001072
керлинг 1,086847 0,000311
обращение 0,910391 0,000261
холодное 3,338139 0,009559
gauch 4,436752 0,001271
это 0,181139 0,000415
обработка 2,085376 0,000597
массовый 1,466337 0,000420
равный 1,466337 0,000420
упряжка 1,762603 0,000505
хват 3,520461 0,001008
людвиг 5,129899 0,001469
триатлон 1,633391 0,000468
код 0,971016 0,004449
два 0,504926 0,000434
лука 1,104547 0,000316
прыжок 0,940244 0,000808
gí 1,762603 0,000505
огнестрельный 4,031286 0,001154
кор 3,338139 0,001912
fiji 2,421849 0,000694
url 0,986764 0,000283
трость 4,436752 0,010164
остановка 2,421849 0,000694
сентябрь 1,035554 0,000297
тренер 0,555188 0,000477
доступный 0,955511 0,000274
сантиметр 0,955511 0,003284
бодзюцу 4,436752 0,001271
фехтова 5,129899 0,001469
утверждение 1,695912 0,000486
состязание 2,038856 0,000584
войти 0,608110 0,000174
fechten 5,129899 0,001469
управлять 2,357310 0,000675
держать 2,490841 0,000713
гольф 1,574551 0,000451
паралимпийцы 5,129899 0,002938
или 0,576022 0,002309
отличие 1,695912 0,001457
ქართული 1,392229 0,000399
қазақша 1,178655 0,000338
парикаоба 5,129899 0,001469
возраст 1,871802 0,000536
арбитр 2,239527 0,001924
защита 1,441019 0,003301
считать 1,279751 0,000366
политик 0,224624 0,000064
включить 1,392229 0,000399
алфавит 1,159607 0,000332
учетный 0,986764 0,000283
недействительный 5,129899 0,002938
направо 3,520461 0,001008
много 0,735450 0,002738
основываться 3,050457 0,000874
наноситься 3,183989 0,000912
дестреза 5,129899 0,001469
представиться 0,986764 0,000283
засчитываться 2,564949 0,000735
болезный 4,031286 0,001154
фигурный 0,514778 0,000147
программа 0,799165 0,000687
затем 1,301257 0,000745
обычный 2,038856 0,000584
атаковать 1,871802 0,001072
gaeilg 1,951845 0,000559
корейский 2,134166 0,000611
действие 1,518981 0,002610
проводной 5,129899 0,001469
разыгрываться 1,994404 0,000571
зритель 1,518981 0,000435
первый 0,317714 0,000182
разрешить 1,664163 0,000953
соло 4,436752 0,001271
ස 1,834062 0,000525
обязательный 1,695912 0,000971
кисть 2,932674 0,004199
включиться 3,743604 0,001072
февраль 0,202645 0,000174
ошибка 0,576022 0,000165
объединять 2,239527 0,000641
значение 1,258698 0,000360
вопрос 1,104547 0,000316
тогда 1,466337 0,000420
деятельность 1,546380 0,000443
игра 0,112619 0,000194
длиннодревкового 5,129899 0,001469
поскольку 1,728701 0,000495
атлет 1,951845 0,000559
паралич 4,436752 0,001271
переход 1,323236 0,000379
дзиттэдзюцу 4,436752 0,001271
of 1,695912 0,000971
deutsch 1,052361 0,000301
датский 1,368699 0,000392
ответ 2,239527 0,000641
fight 3,338139 0,000956
электропроводящий 5,129899 0,001469
больший 0,457070 0,001047
nederland 1,019025 0,000292
кто 0,747872 0,000428
поединок 2,085376 0,004777
куртка 4,031286 0,004618
считаться 1,441019 0,000825
событие 0,565551 0,000162
предпочтение 2,296685 0,000658
master 3,520461 0,001008
использование 0,277868 0,000398
пора 1,392229 0,000399
тауера 5,129899 0,002938
материал 0,309617 0,000177
скиджоринг 1,762603 0,000505
скиинг 1,762603 0,000505
соревнование 0,411400 0,002238
ph 1,762603 0,000505
выбирать 2,239527 0,000641
общественный 2,038856 0,000584
бугуртные 5,129899 0,001469
дея 5,129899 0,001469
кук 0,971016 0,000278
лицензия 0,971016 0,000278
боевой 2,827314 0,004858
тоже 1,911023 0,001095
античный 3,338139 0,000956
ан 2,932674 0,000840
представлять 1,217876 0,000698
зимний 0,663991 0,000190
давний 3,743604 0,001072
учитель 4,031286 0,001154
практик 2,239527 0,001283
страница 0,910391 0,002086
проверка 1,911023 0,000547
навигация 0,986764 0,000848
броский 2,490841 0,000713
трапециевидный 5,129899 0,001469
мочь 0,350775 0,000904
гарда 5,129899 0,005876
сам 0,747872 0,000857
борьба 0,723179 0,000207
проверяться 2,490841 0,000713
запись 0,910391 0,000261
qr 0,986764 0,000283
дорожка 2,827314 0,004048
нева 4,031286 0,001154
разнообразный 3,050457 0,000874
санный 1,301257 0,000373
правило 0,986764 0,001413
сохранение 0,971016 0,000278
吴语 1,238078 0,000355
фристайл 1,238078 0,000355
гимнастика 1,198073 0,001029
характер 2,185460 0,001252
hrvatski 1,052361 0,000301
давление 2,732003 0,000782
дать 0,608110 0,000697
персональный 0,723179 0,000207
оружие 2,421849 0,029129
английский 1,574551 0,000451
боче 5,129899 0,001469
ru 0,285712 0,000082
действовать 0,825834 0,000236
аннулировать 2,827314 0,000810
фаза 3,050457 0,000874
присуждаться 2,827314 0,004048
век 1,258698 0,003965
освидетельствование 5,129899 0,001469
кубок 0,376309 0,000323
во 0,495170 0,000709
оказываться 2,564949 0,000735
готовый 1,994404 0,001142
sa 0,986764 0,000283
occitan 1,466337 0,000420
показ 3,338139 0,000956
ву 4,436752 0,001271
дата 0,799165 0,000229
nynorsk 1,546380 0,000443
sh 1,797694 0,000515
того 0,955511 0,000274
вы 0,309617 0,000266
га 3,520461 0,001008
проводить 0,910391 0,000261
номинация 3,520461 0,001008
китайский 1,069456 0,000306
español 1,019025 0,000292
спид 1,762603 0,000505
литература 1,695912 0,000971
скрестный 5,129899 0,002938
кольчуга 5,129899 0,002938
россия 0,139466 0,000200
личной 1,664163 0,001430
winaray 2,490841 0,000713
tagalog 1,911023 0,000547
bosanski 1,345709 0,000385
поражать 5,129899 0,005876
мэтр 4,436752 0,001271
паралимпийского 4,031286 0,002309
шпажист 5,129899 0,001469
свой 0,586604 0,000168
энциклопедия 0,986764 0,000848
th 2,185460 0,000626
свое 0,457070 0,000131
български 1,086847 0,000311
образовательный 2,421849 0,000694
чтобы 0,773190 0,000443
январь 0,786093 0,000225
здесь 1,911023 0,000547
брейкинг 1,762603 0,000505
настольный 1,198073 0,000343
проведение 1,104547 0,000633
де 0,955511 0,000274
необходимость 2,185460 0,001252
предупреждать 4,031286 0,001154
перед 0,839439 0,000721
американский 0,910391 0,000261
до 0,239550 0,000343
правдоподобный 5,129899 0,001469
решетка 4,031286 0,001154
латный 5,129899 0,001469
палка 3,050457 0,000874
нуждаться 2,732003 0,001565
останавливаться 2,827314 0,001619
выступать 0,940244 0,000269
êtes 5,129899 0,001469
другой 0,188256 0,000377
сюда 0,986764 0,000283
грубость 4,031286 0,001154
континент 2,239527 0,000641
популярность 1,797694 0,000515
fenc 5,129899 0,002938
трек 1,104547 0,000316
цитировать 0,925206 0,000265
ее 0,723179 0,000207
вылечить 4,436752 0,001271
собственный 1,574551 0,000451
регулярно 1,871802 0,000536
психологический 3,050457 0,001747
держаться 2,932674 0,001680
norsk 1,052361 0,000603
баскетбол 0,723179 0,000207
учебный 2,490841 0,001427
штрафной 2,038856 0,001168
применить 3,050457 0,000874
число 0,955511 0,000274
столкновение 2,827314 0,002429
ido 1,546380 0,000443
гребля 1,518981 0,000870
флаг 0,895792 0,000257
сет 2,644992 0,000757
вид 0,393700 0,002819
же 0,853233 0,001710
стружка 5,129899 0,001469
двуручные 5,129899 0,001469
кэндо 4,436752 0,002541
wheelchair 3,743604 0,001072
отрывать 4,031286 0,001154
ударный 3,338139 0,000956
волшебный 1,695912 0,000486
мастер 1,518981 0,002610
isbn 1,633391 0,001403
polski 1,035554 0,000297
поднять 2,185460 0,000626
присуждать 3,520461 0,001008
выразить 3,050457 0,000874
ущерб 4,436752 0,001271
что 0,195425 0,000336
common 0,986764 0,000283
повтор 5,129899 0,001469
править 0,544931 0,007022
отдавать 2,357310 0,000675
за 0,125952 0,000325
гигиенический 4,031286 0,001154
упражнение 2,490841 0,002140
софтбол 1,633391 0,000468
форма 1,086847 0,000311
маска 3,743604 0,003216
конте 4,031286 0,001154
секция 3,050457 0,000874
christoph 3,520461 0,001008
org 0,986764 0,000283
заканчиваться 2,421849 0,000694
туша 5,129899 0,001469
настоящее 1,368699 0,000784
образец 2,421849 0,000694
vèneto 2,357310 0,000675
левый 1,871802 0,000536
костюм 2,932674 0,000840
некоммерческий 0,986764 0,000283
увлекаться 4,031286 0,001154
советский 1,140915 0,000327
подвижность 4,031286 0,001154
позиция 1,392229 0,000399
любой 1,238078 0,001418
отличаться 1,664163 0,000953
гражданский 3,338139 0,000956
xv 2,732003 0,001565
из 0,106018 0,000607
художественный 1,518981 0,000435
мяч 0,735450 0,000211
наш 0,652562 0,000374
ножевой 5,129899 0,002938
указание 0,986764 0,000565
случайный 0,986764 0,000283
скрытый 1,052361 0,000301
кость 3,183989 0,000912
граница 2,185460 0,001252
удобный 2,564949 0,000735
показательный 1,279751 0,000366
их 0,799165 0,001373
западный 2,134166 0,000611
српски 1,035554 0,000297
восточный 1,911023 0,000547
повышение 2,185460 0,000626
засчитывать 4,031286 0,001154
хоккей 0,285712 0,000327
около 1,518981 0,000435
двоеборье 1,217876 0,000349
тело 1,762603 0,003029
противник 2,239527 0,002565
белый 1,574551 0,000451
ски 1,069456 0,000306
первенство 1,301257 0,000373
слева 2,564949 0,001469
srpski 1,035554 0,000297
топнуть 5,129899 0,001469
движение 1,728701 0,000990
кг 2,185460 0,000626
ручной 3,338139 0,002868
правота 4,436752 0,002541
ག 2,564949 0,000735
круглый 2,932674 0,001680
соперник 0,853233 0,000489
младший 1,911023 0,000547
secret 4,436752 0,001271
лыжный 0,675551 0,000387
который 0,325878 0,001213
идея 1,871802 0,000536
постоянный 0,881403 0,000252
разить 5,129899 0,001469
конькобежный 1,140915 0,000327
искусство 2,296685 0,005919
nick 4,436752 0,001271
легкий 0,895792 0,000257
ད 2,564949 0,000735
награда 1,279751 0,000733
паралимпийскому 5,129899 0,001469
བ 2,564949 0,000735
следующий 0,853233 0,000489
türkçe 1,052361 0,000301
победа 0,420369 0,000241
чрезвычайный 3,520461 0,001008
судейство 1,871802 0,001072
защищаться 2,564949 0,000735
ཡ 2,564949 0,000735
промежуток 3,743604 0,001072
крайний 2,185460 0,000626
выбрать 1,323236 0,000379
елена 1,834062 0,000525
случай 0,867219 0,000745
первоначально 1,951845 0,001118
соревноваться 1,871802 0,001608
한국어 1,035554 0,000297
доктор 2,932674 0,000840
вод 1,466337 0,000420
синхронный 1,574551 0,000451
преимущественный 2,421849 0,000694
сверху 2,932674 0,000840
несколько 0,971016 0,000278
алл 4,436752 0,001271
начало 0,760451 0,001307
место 0,402511 0,000115
ខ 3,183989 0,000912
необычность 4,436752 0,001271
резать 4,436752 0,001271
посредство 3,520461 0,001008
кэндзюцу 4,436752 0,001271
бабенко 3,743604 0,001072
мы 0,195425 0,000112
участие 0,457070 0,000262
духовная 3,743604 0,001072
крокет 1,728701 0,000495
на 0,023953 0,000528
попытка 1,664163 0,000477
водный 0,723179 0,000621
свежий 0,839439 0,000240
simpl 1,140915 0,000327
комплект 1,911023 0,000547
брокгауза 3,183989 0,001824
ភ 3,183989 0,000912
не 0,099461 0,000798
использовать 0,940244 0,002154
ម 3,183989 0,000912
каждый 0,812411 0,001163
រ 3,183989 0,000912
видеоповтор 4,436752 0,001271
эластичный 4,436752 0,001271
онлайн 0,773190 0,000221
allez 5,129899 0,001469
ស 3,183989 0,000912
любитель 1,238078 0,000355
но 0,402511 0,000461
маленький 1,392229 0,000399
сигнализировать 4,031286 0,001154
фехтовальщик 5,129899 0,024974
нанесение 2,827314 0,002429
сценический 5,129899 0,005876
внешний 1,104547 0,000316
карабин 5,129899 0,007345
категория 0,881403 0,002524
начинать 1,140915 0,000327
количество 0,853233 0,000244
бейсбол 1,416327 0,000811
magyar 1,086847 0,000311
регистрировать 5,129899 0,010283
об 0,217244 0,000124
сварка 5,129899 0,001469
продолжительность 2,185460 0,000626
ои 0,812411 0,020706
справка 0,986764 0,000283
он 0,475938 0,000545
развитие 1,140915 0,000980
мужчина 0,812411 0,001163
тхэквондо 1,633391 0,000468
даже 1,198073 0,000343
от 0,160085 0,000825
переходить 2,185460 0,000626
форум 0,867219 0,000248
наконечник 4,436752 0,002541
статистика 0,630089 0,000180
официальный 0,735450 0,000421
бокс 0,534779 0,000306
схватка 3,050457 0,004368
клинковый 5,129899 0,004407
па 3,743604 0,001072
ответный 2,564949 0,000735
трактат 4,436752 0,001271
все 0,067304 0,000096
википедия 0,986764 0,000848
рыцарь 4,436752 0,001271
മലയ 1,695912 0,000486
сведение 0,786093 0,000450
значительно 1,911023 0,000547
по 0,073653 0,000443
монгол 1,518981 0,000435
inc 0,986764 0,000283
защитный 2,644992 0,001515
информация 0,608110 0,000174
видеоповтора 3,743604 0,001072
травма 1,122566 0,000643
ние 4,436752 0,001271
круг 1,392229 0,000399
генуэзский 5,129899 0,001469
одежда 2,827314 0,001619
какой 1,002764 0,000574
кыргызча 2,085376 0,000597
наличие 2,357310 0,000675
сообщество 0,910391 0,000261
занятие 2,357310 0,001350
википедии 0,986764 0,000565
проверить 1,368699 0,000392
принятие 2,564949 0,000735
дцп 5,129899 0,001469
переть 0,359214 0,001029
источник 0,786093 0,001126
книга 1,911023 0,000547
выдвигать 4,031286 0,001154
уфа 2,134166 0,000611
манускрипт 5,129899 0,001469
