состояться 1,140915 0,003172
рф 1,871802 0,007434
специальный 1,217876 0,002418
двухкратный 5,129899 0,002037
новый 0,239550 0,000285
девять 2,038856 0,000810
скайдайверы 5,129899 0,002037
день 0,699082 0,001111
игнатьев 3,743604 0,001487
оборона 2,732003 0,001085
найти 1,122566 0,000446
рапирист 4,436752 0,001762
газета 1,392229 0,000553
рядовой 4,436752 0,003524
теннис 0,475938 0,000189
козловый 2,357310 0,001872
физический 1,392229 0,000553
всероссийский 2,085376 0,011595
ребенок 1,323236 0,001051
со 0,447767 0,000533
центр 0,773190 0,001535
гостиница 4,031286 0,001601
петербург 1,345709 0,005879
posit 1,951845 0,000775
ств 5,129899 0,004075
важный 0,986764 0,000784
рейс 2,644992 0,002101
под 0,723179 0,000574
парусный 1,574551 0,000625
сш 5,129899 0,002037
наблюдательный 3,338139 0,003977
монумент 5,129899 0,002037
спортроты 5,129899 0,002037
помощь 1,368699 0,001087
александр 0,839439 0,000667
грэпплинг 4,031286 0,001601
декабрь 0,853233 0,000339
а 0,209918 0,000333
в 0,017911 0,000804
г 0,925206 0,000735
подробный 0,687247 0,002456
помещение 2,239527 0,001779
left 2,085376 0,000828
и 0,023953 0,000295
связь 0,747872 0,000594
й 0,825834 0,000984
к 0,132686 0,000316
майгуров 4,436752 0,001762
культурный 3,338139 0,001326
л 2,038856 0,000810
м 0,534779 0,000637
н 0,895792 0,001067
о 0,042302 0,000118
санкт 1,279751 0,005591
коллекция 3,338139 0,002651
с 0,036149 0,000316
автоспорт 3,338139 0,001326
серебряный 1,368699 0,000544
х 0,986764 0,000784
филиал 3,743604 0,008920
область 1,633391 0,000649
сезон 0,723179 0,000862
присоединяться 4,031286 0,003202
родина 2,296685 0,000912
воодушевить 5,129899 0,002037
ю 1,834062 0,002914
я 0,747872 0,000594
каноэ 1,633391 0,000649
футбол 0,247097 0,000785
сила 1,279751 0,003558
лусиано 3,520461 0,001398
мир 0,277868 0,000441
атлетика 0,955511 0,003036
пройти 0,544931 0,002164
тесный 4,031286 0,001601
регби 0,955511 0,001518
даби 2,827314 0,002246
репортаж 1,633391 0,000649
этап 0,895792 0,001779
бабаев 3,743604 0,004460
александрович 2,490841 0,000989
годовщина 4,031286 0,003202
пропускать 3,050457 0,002423
мемориальный 4,436752 0,003524
конец 1,035554 0,000411
i 1,762603 0,000700
гонду 3,743604 0,001487
социальный 1,603538 0,002547
кутузов 4,436752 0,005286
платинум 4,031286 0,001601
вымпел 4,031286 0,001601
okko 2,357310 0,000936
сильный 1,198073 0,000952
начальник 2,732003 0,003255
методика 2,644992 0,002101
qazaq 5,129899 0,002037
фс 2,085376 0,000828
член 1,416327 0,001125
дневной 4,031286 0,001601
сергей 1,301257 0,000517
универсиада 2,644992 0,001050
стартовать 1,633391 0,002595
кикбоксеры 5,129899 0,002037
город 1,069456 0,000425
юбилей 2,564949 0,003056
верде 3,183989 0,001264
дмитрий 1,258698 0,001000
погибнуть 2,421849 0,000962
пулевой 3,743604 0,004460
региональный 1,871802 0,004460
div 2,357310 0,000936
ленинградский 2,564949 0,001019
северный 1,492313 0,001185
fifa 3,050457 0,001211
охрана 4,031286 0,001601
поселок 3,520461 0,001398
хк 2,827314 0,001123
ортокосмос 5,129899 0,002037
изменение 1,345709 0,000534
сноуборд 1,178655 0,000936
закрытие 2,732003 0,001085
показать 0,504926 0,000201
пляжный 1,603538 0,001274
законотворческий 5,129899 0,002037
выставка 3,743604 0,001487
токсово 5,129899 0,002037
конгресс 2,185460 0,000868
пискаревский 5,129899 0,004075
борец 3,338139 0,003977
заслужить 2,357310 0,001872
парковка 4,031286 0,001601
олимпийский 0,342407 0,000408
карьер 0,925206 0,000735
летие 2,421849 0,002885
тяжелый 0,940244 0,001120
дзюдоистка 4,436752 0,001762
собрание 2,932674 0,003494
прямая 1,441019 0,000572
дзюдо 1,466337 0,000582
гонка 0,853233 0,001017
кавалер 4,436752 0,005286
один 0,342407 0,000408
командный 1,002764 0,000796
цвета 5,129899 0,002037
волейбол 0,955511 0,000379
соревновательный 2,644992 0,001050
совет 0,825834 0,006559
победительница 2,644992 0,002101
академический 1,546380 0,000614
плавание 1,178655 0,003745
биатлон 0,485508 0,000386
закупочный 5,129899 0,002037
футболист 1,518981 0,000603
воспитанник 2,239527 0,000889
путина 2,732003 0,002170
live 1,492313 0,000593
обучающийся 4,436752 0,005286
московский 1,574551 0,001251
класс 1,728701 0,000687
завершить 1,052361 0,000418
пфк 3,520461 0,016777
галина 3,743604 0,001487
коммуникация 2,134166 0,000848
ссылка 0,699082 0,000278
спортсменка 1,664163 0,002644
загрузка 3,338139 0,001326
иркутский 5,129899 0,002037
содружество 1,518981 0,002413
помочь 1,238078 0,000492
лайонел 4,436752 0,001762
триумф 2,932674 0,001165
борис 2,239527 0,001779
курс 2,490841 0,001978
константин 2,185460 0,000868
тереть 0,786093 0,000624
ресурс 0,812411 0,000323
подвести 3,050457 0,006057
оздоровительный 4,436752 0,001762
карта 2,085376 0,001656
цво 5,129899 0,006112
пхк 4,436752 0,003524
всемирный 1,762603 0,008400
аэротрубе 5,129899 0,002037
римский 2,644992 0,001050
среди 0,597299 0,000474
уйти 1,392229 0,000553
мотоспорт 5,129899 0,002037
kuresi 5,129899 0,002037
номер 1,392229 0,000553
самбо 1,994404 0,001584
москва 0,576022 0,002059
узнавать 4,031286 0,001601
меню 2,932674 0,001165
фабио 2,932674 0,001165
вычет 4,436752 0,003524
https 0,699082 0,000278
батальон 3,743604 0,002973
спортдома 5,129899 0,006112
стрельба 1,441019 0,004578
администрация 3,183989 0,001264
одинцово 3,743604 0,002973
хабаровский 3,743604 0,005947
генассамблея 5,129899 0,002037
экскурсия 3,743604 0,001487
вэб 4,031286 0,001601
команда 0,262364 0,000521
тренировочный 1,834062 0,001457
большой 0,687247 0,004913
нтс 5,129899 0,002037
новичок 1,797694 0,000714
конференция 1,392229 0,000553
подводной 3,338139 0,003977
самар 2,296685 0,010945
известие 3,050457 0,001211
данил 2,490841 0,001978
документ 2,038856 0,000810
покидать 2,421849 0,000962
юный 2,490841 0,000989
единый 1,104547 0,000877
брехаловска 5,129899 0,002037
крыть 2,932674 0,001165
армия 2,296685 0,016418
подготовка 1,178655 0,000936
портал 1,416327 0,000562
золото 1,140915 0,004078
всеармейский 5,129899 0,004075
фау 5,129899 0,002037
стать 0,217244 0,000345
аккредитация 3,338139 0,002651
акрон 1,279751 0,000508
крымский 4,436752 0,001762
рота 5,129899 0,024447
десятка 2,644992 0,002101
отечество 4,031286 0,003202
группа 1,122566 0,001337
провести 0,799165 0,000952
это 0,181139 0,000072
обработка 2,085376 0,000828
массовый 1,466337 0,000582
севастопольский 5,129899 0,010186
офицерский 5,129899 0,006112
рост 0,812411 0,001613
воплощать 5,129899 0,004075
копилка 5,129899 0,012224
два 0,504926 0,001003
лука 1,104547 0,002193
прыжок 0,940244 0,000747
спортсмен 0,565551 0,004717
вейв 5,129899 0,002037
ветеран 1,994404 0,016633
forward 4,031286 0,003202
бронза 1,728701 0,007552
присвоение 3,183989 0,002529
скалодроме 5,129899 0,002037
новость 0,285712 0,001248
армейский 2,932674 0,010482
взять 1,159607 0,000461
cism 4,436752 0,010572
бобров 3,050457 0,001211
тренер 0,555188 0,001102
возложение 5,129899 0,002037
жизнь 0,881403 0,001050
звание 1,994404 0,007129
налимову 5,129899 0,004075
бадминтон 1,518981 0,000603
байдарка 1,603538 0,000637
старт 1,035554 0,000823
шорты 1,035554 0,000823
спортцентра 5,129899 0,002037
героический 4,436752 0,003524
налимова 4,436752 0,003524
осуществление 4,031286 0,001601
греко 4,031286 0,001601
призер 1,178655 0,002340
турнир 0,293617 0,001633
возраст 1,871802 0,000743
память 2,185460 0,008679
эл 2,134166 0,000848
политик 0,224624 0,000178
mc 2,421849 0,000962
пополитов 4,436752 0,001762
регистрация 1,871802 0,000743
www 1,392229 0,000553
харитонов 5,129899 0,002037
хороший 0,393700 0,000313
музей 2,490841 0,003957
тренировка 0,895792 0,000712
объект 2,732003 0,006510
куцый 5,129899 0,002037
когда 0,652562 0,000259
alt 2,185460 0,000868
готовиться 2,296685 0,000912
горемыкин 5,129899 0,002037
тематический 2,038856 0,000810
фигурный 0,514778 0,000613
absolut 2,296685 0,000912
конфиденциальность 0,293617 0,000233
медиа 1,834062 0,001457
защитник 1,217876 0,000967
легкоатлет 3,520461 0,002796
тренерский 1,871802 0,000743
назад 1,140915 0,000453
офицер 2,932674 0,004659
сибирский 3,338139 0,001326
продолжать 1,258698 0,001000
первый 0,317714 0,000379
родриго 4,436752 0,001762
людмила 3,520461 0,001398
итог 0,867219 0,002755
преследование 2,732003 0,001085
микрофон 4,436752 0,001762
виталий 2,239527 0,000889
обязательный 1,695912 0,000674
февраль 0,202645 0,000161
кладбище 3,743604 0,002973
шуманский 4,031286 0,001601
рассылка 3,743604 0,001487
деятельность 1,546380 0,003071
игра 0,112619 0,000760
капитан 1,574551 0,001876
кавказ 4,436752 0,003524
фехтование 1,546380 0,001228
новобранец 3,743604 0,001487
переход 1,323236 0,000526
минь 2,134166 0,000848
традиция 2,134166 0,001695
марта 0,853233 0,000339
имя 1,178655 0,000936
профессиональный 1,052361 0,000836
федерация 0,495170 0,001967
футболистка 3,743604 0,001487
больший 0,457070 0,000545
src 2,239527 0,000889
баз 1,664163 0,000661
cska 3,743604 0,004460
наградить 3,183989 0,002529
событие 0,565551 0,000225
вво 5,129899 0,004075
вильягра 4,436752 0,001762
fonbet 2,827314 0,001123
сменить 1,466337 0,000582
самый 0,608110 0,004347
материал 0,309617 0,000123
соревнование 0,411400 0,003758
чайка 3,050457 0,001211
ученик 3,183989 0,001264
слава 1,871802 0,002230
областной 4,031286 0,001601
пятиборье 1,574551 0,000625
общественный 2,038856 0,001619
быть 0,119263 0,000142
лысяк 5,129899 0,002037
устать 3,338139 0,001326
вершина 2,732003 0,002170
лицензия 0,971016 0,000386
отмечать 2,421849 0,001924
зало 1,797694 0,000714
px 2,185460 0,000868
ростовский 2,932674 0,004659
присвоить 3,050457 0,002423
скалолазание 1,695912 0,000674
летать 4,031286 0,001601
вести 1,238078 0,000492
легкоатлетическо 5,129899 0,002037
зимний 0,663991 0,001582
отделение 3,520461 0,001398
сфера 2,038856 0,000810
спорт 0,125952 0,003752
межрегиональный 4,031286 0,008005
транспорт 3,338139 0,001326
черноморец 2,732003 0,001085
национальный 0,839439 0,000667
легкоатлетический 3,183989 0,001264
мочь 0,350775 0,000139
аренда 1,728701 0,002746
свидетельство 2,134166 0,000848
борьба 0,723179 0,000862
четыре 0,910391 0,000723
запись 0,910391 0,000723
казахстанский 2,296685 0,000912
сборная 0,342407 0,000408
уверить 2,085376 0,000828
хабаровск 2,490841 0,002968
сбор 1,368699 0,002174
выдаваться 2,296685 0,001824
юрий 1,994404 0,000792
фристайл 1,238078 0,000983
гимнастика 1,198073 0,000952
можно 1,002764 0,000398
дать 0,608110 0,000242
космос 4,031286 0,001601
персональный 0,723179 0,000287
почтить 1,279751 0,000508
преодоление 4,031286 0,003202
ru 0,285712 0,000340
стремление 3,520461 0,002796
фрадков 4,436752 0,001762
тыва 4,436752 0,001762
адаптация 3,183989 0,001264
кубок 0,376309 0,003736
легенда 1,416327 0,000562
спортивный 0,301585 0,007306
кикбоксинг 3,743604 0,001487
вс 3,183989 0,010116
спортшколы 4,436752 0,010572
церемония 2,134166 0,004238
открытие 1,695912 0,002694
чемпионат 0,188256 0,001271
российский 0,224624 0,000981
сво 2,932674 0,001165
всеволод 3,183989 0,001264
испания 1,159607 0,000461
аба 2,490841 0,001978
гора 2,932674 0,003494
выиграть 0,485508 0,000193
крыло 1,238078 0,000492
гк 5,129899 0,004075
версия 0,393700 0,000156
узнать 2,134166 0,000848
савва 4,031286 0,001601
россия 0,139466 0,002492
тест 1,546380 0,000614
телеканал 2,644992 0,003151
смотреть 1,368699 0,000544
сочить 0,853233 0,000339
храменков 5,129899 0,004075
бабак 4,436752 0,001762
виктор 1,416327 0,001125
watch 2,357310 0,000936
свое 0,457070 0,000182
штаб 1,664163 0,000661
образовательный 2,421849 0,000962
чтобы 0,773190 0,000614
поло 1,441019 0,000572
назвать 0,940244 0,000747
гребец 4,436752 0,001762
журнал 1,871802 0,000743
оплата 3,183989 0,006322
услуга 3,183989 0,007587
кириленко 3,743604 0,002973
сайт 0,411400 0,000163
записать 2,932674 0,002329
рождение 1,518981 0,007842
брехаловка 5,129899 0,002037
до 0,239550 0,000190
клфк 5,129899 0,006112
великий 2,239527 0,000889
помеха 3,183989 0,001264
пополнить 2,357310 0,000936
громовый 4,436752 0,005286
венок 5,129899 0,002037
матвей 2,490841 0,000989
округ 3,338139 0,005303
руководство 1,301257 0,001034
торжественный 3,743604 0,008920
велосипедный 3,520461 0,001398
классик 2,732003 0,001085
трек 1,104547 0,000877
европа 0,393700 0,000469
указ 3,050457 0,002423
челестини 3,743604 0,001487
сеть 1,258698 0,001000
направление 1,728701 0,001373
воинский 4,031286 0,006404
мемориал 2,932674 0,001165
агафошина 5,129899 0,002037
медицина 3,338139 0,001326
республиканский 5,129899 0,002037
хоз 5,129899 0,002037
пиманов 5,129899 0,002037
баскетбол 0,723179 0,000574
учебный 2,490841 0,001978
выдать 2,732003 0,001085
клуб 0,652562 0,010885
военнослужащий 3,520461 0,001398
центральный 1,603538 0,003821
пбк 5,129899 0,004075
sportliga 5,129899 0,002037
флаг 0,895792 0,000356
гребля 1,518981 0,001206
севастополь 4,031286 0,020813
вид 0,393700 0,000313
ярка 4,031286 0,003202
горный 2,644992 0,001050
мастер 1,518981 0,001810
траурный 4,436752 0,001762
дзюдоист 4,031286 0,006404
костяк 3,338139 0,001326
баринов 2,732003 0,002170
что 0,195425 0,000233
мэд 5,129899 0,002037
краснодар 0,867219 0,000344
армеец 2,564949 0,011205
пвк 5,129899 0,004075
начальствующий 5,129899 0,006112
медаль 0,619039 0,005900
трансляция 1,217876 0,000484
дон 2,357310 0,004681
олег 1,871802 0,002973
мероприятие 1,762603 0,000700
валерий 2,134166 0,000848
иран 2,827314 0,001123
интеграция 5,129899 0,002037
советский 1,140915 0,000453
современный 1,159607 0,001382
силаев 4,436752 0,001762
пгк 5,129899 0,004075
троеборье 3,743604 0,004460
литуева 5,129899 0,004075
сороченко 5,129899 0,004075
честь 1,911023 0,001518
глеб 3,050457 0,001211
пенальти 2,038856 0,000810
из 0,106018 0,000295
параспортсмены 5,129899 0,002037
бассейн 2,932674 0,005823
игровой 1,104547 0,000439
художественный 1,518981 0,000603
посвятить 1,994404 0,003168
юбилейный 3,338139 0,001326
наш 0,652562 0,001037
днем 2,827314 0,013474
биатлонист 1,994404 0,002376
настоящий 2,134166 0,000848
бесконечность 5,129899 0,002037
получить 0,384967 0,000153
контакт 1,035554 0,001234
наследие 3,183989 0,001264
эквадор 2,932674 0,001165
возложить 4,436752 0,001762
цитирование 4,436752 0,001762
хоккей 0,285712 0,000340
орден 2,732003 0,003255
боксер 2,932674 0,002329
передать 2,134166 0,000848
предложение 2,239527 0,000889
ска 1,279751 0,001016
служба 1,279751 0,000508
вмф 3,743604 0,002973
закрытый 1,911023 0,000759
вооруженный 2,732003 0,006510
самарский 3,338139 0,006629
подписаться 2,732003 0,002170
право 2,239527 0,001779
цска 0,711058 0,037840
первенство 1,301257 0,004651
актуальный 1,546380 0,000614
будущее 1,664163 0,001983
год 0,099461 0,000276
style 2,085376 0,000828
жфк 3,338139 0,002651
международный 0,466460 0,001667
андрей 1,258698 0,001000
мать 3,050457 0,001211
октябрь 1,019025 0,000405
матч 0,293617 0,000233
слабовидящий 5,129899 0,002037
завоевать 1,035554 0,016039
управление 2,239527 0,001779
лыжный 0,675551 0,000537
делегация 3,050457 0,001211
который 0,325878 0,000129
конькобежный 1,140915 0,000906
смоленск 4,436752 0,008810
легкий 0,895792 0,001779
гтрк 5,129899 0,002037
футбольный 1,345709 0,001069
серебро 1,695912 0,005388
артек 5,129899 0,002037
динамо 0,663991 0,000264
артем 1,951845 0,002325
приэльбрусья 5,129899 0,002037
следующий 0,853233 0,000339
параспортсменов 5,129899 0,002037
победа 0,420369 0,000501
президиум 3,743604 0,001487
выбрать 1,323236 0,000526
прозуменщиков 5,129899 0,002037
пода 4,031286 0,001601
сегодня 0,881403 0,000350
президент 1,035554 0,000823
роман 1,797694 0,002856
петр 1,392229 0,001106
сми 1,546380 0,002457
руководитель 2,239527 0,000889
деть 0,619039 0,000246
налоговый 4,031286 0,003202
стен 3,050457 0,002423
вод 1,466337 0,001165
арена 1,104547 0,001316
союз 1,301257 0,000517
чемпионка 1,441019 0,000572
герой 2,732003 0,004340
место 0,402511 0,000480
начало 0,760451 0,000302
мо 2,932674 0,002329
матеус 4,031286 0,003202
поздравить 3,050457 0,001211
дух 3,050457 0,002423
проходить 0,867219 0,001033
вольная 2,932674 0,001165
военный 1,664163 0,012557
вакансия 2,357310 0,000936
рукопашный 3,338139 0,005303
летний 0,619039 0,000246
мы 0,195425 0,000233
болельщик 1,086847 0,000432
участие 0,457070 0,001089
на 0,023953 0,000361
покорять 3,743604 0,001487
состав 0,867219 0,000344
водный 0,723179 0,000287
комплекс 2,421849 0,002885
анна 1,695912 0,000674
не 0,099461 0,000158
календарь 0,675551 0,000268
организация 0,663991 0,000264
товарищеский 1,994404 0,002376
онлайн 0,773190 0,000614
золотой 1,002764 0,001991
содержать 2,134166 0,000848
премия 2,357310 0,000936
валентин 2,421849 0,000962
побывать 3,183989 0,001264
история 0,270086 0,000429
три 1,178655 0,000468
горизонт 4,031286 0,001601
длить 0,146292 0,000407
звезда 1,035554 0,000411
школа 1,492313 0,008297
русская 1,797694 0,000714
об 0,217244 0,000086
финансовый 1,911023 0,000759
владимир 1,392229 0,001659
орган 2,134166 0,000848
федеральный 1,834062 0,001457
согласно 1,574551 0,001251
лионель 3,743604 0,001487
хакасия 5,129899 0,004075
бой 1,279751 0,002033
самарканд 4,031286 0,001601
название 1,035554 0,000411
тхэквондо 1,633391 0,000649
img 2,185460 0,000868
чемпион 0,334108 0,000929
от 0,160085 0,000254
переходить 2,185460 0,001736
форум 0,867219 0,000689
открыться 3,050457 0,002423
адамс 3,743604 0,001487
официальный 0,735450 0,000292
пьедестал 2,644992 0,001050
бокс 0,534779 0,001274
катание 0,514778 0,000613
петербургский 2,185460 0,002604
армрестлингу 5,129899 0,006112
первое 0,393700 0,000625
участник 0,799165 0,000317
персона 4,031286 0,004803
все 0,067304 0,000053
принимать 0,955511 0,000759
лыжа 0,925206 0,000367
неолимпийские 4,031286 0,001601
алексей 1,140915 0,001359
условие 0,334108 0,000133
алябьева 5,129899 0,002037
интернасьонал 5,129899 0,002037
завершиться 1,728701 0,005492
елизавета 2,185460 0,000868
по 0,073653 0,001814
взгляд 2,490841 0,000989
футзалу 3,338139 0,001326
информация 0,608110 0,007245
поздравлять 3,520461 0,002796
занять 1,159607 0,000921
коротков 3,743604 0,001487
ежегодный 2,564949 0,001019
принять 0,786093 0,001561
надзор 2,357310 0,000936
зима 2,644992 0,001050
партнер 1,159607 0,000921
третье 1,035554 0,000411
yandex 2,239527 0,000889
высокий 0,760451 0,002416
смирнов 3,743604 0,001487
парашютный 5,129899 0,002037
обратный 1,178655 0,000468
занятие 2,357310 0,001872
второе 0,839439 0,000333
прикладной 3,520461 0,001398
книга 1,911023 0,001518
конференц 5,129899 0,002037
переть 0,359214 0,000143
