русалка 5,129899 0,008564
специальный 1,217876 0,002033
рф 1,871802 0,003125
зажечь 3,743604 0,006250
px 2,185460 0,003649
одеть 5,129899 0,008564
новый 0,239550 0,000800
instagram 1,911023 0,003190
вести 1,238078 0,002067
найти 1,122566 0,005622
зимний 0,663991 0,007759
ао 2,564949 0,004282
сфера 2,038856 0,003404
электронный 2,038856 0,003404
еще 0,167054 0,000837
штурм 3,743604 0,006250
карточка 1,951845 0,003259
спорт 0,125952 0,000631
выйти 0,773190 0,001291
ледовый 1,994404 0,003330
volum 4,031286 0,006730
стиль 1,603538 0,002677
выполнять 1,994404 0,003330
финский 1,518981 0,002536
свидетельство 2,134166 0,003563
петербург 1,345709 0,006740
posit 1,951845 0,003259
приложение 1,574551 0,005257
сборная 0,342407 0,000572
урегулирование 3,743604 0,006250
проверять 1,834062 0,003062
позор 2,732003 0,004561
александр 0,839439 0,001401
пол 0,910391 0,001520
сбор 1,368699 0,006855
ao 5,129899 0,008564
дракон 2,421849 0,004043
тв 1,633391 0,002727
человек 0,940244 0,001570
в 0,017911 0,000867
г 0,925206 0,001545
size 5,129899 0,008564
фристайлист 4,031286 0,006730
left 2,085376 0,003481
реклама 0,687247 0,001147
фигуристка 2,239527 0,003739
и 0,023953 0,000400
джон 1,633391 0,008181
ленво 5,129899 0,008564
гимнастика 1,198073 0,002000
связь 0,747872 0,001249
к 0,132686 0,000665
цветок 4,436752 0,007407
курсант 4,436752 0,007407
о 0,042302 0,000071
дать 0,608110 0,003046
персональный 0,723179 0,001207
с 0,036149 0,000181
средство 1,664163 0,002778
ru 0,285712 0,004770
у 0,342407 0,000572
авария 3,520461 0,005877
акционерный 3,743604 0,006250
сезон 0,723179 0,001207
ты 1,871802 0,003125
забег 2,644992 0,004416
легенда 1,416327 0,002364
кубок 0,376309 0,000628
спортивный 0,301585 0,000503
игрок 0,711058 0,001187
выступление 0,955511 0,001595
впервые 0,839439 0,001401
блокадный 4,436752 0,007407
атлетика 0,955511 0,001595
открытие 1,695912 0,002831
пройти 0,544931 0,003639
чемпионат 0,188256 0,000314
визитный 4,031286 0,006730
одноклассник 2,490841 0,004158
вы 0,309617 0,001034
информационный 1,122566 0,001874
российский 0,224624 0,001125
итальянский 1,633391 0,002727
гиперссылка 4,436752 0,007407
проводить 0,910391 0,001520
выиграть 0,485508 0,000811
завершаться 3,050457 0,005093
протест 2,732003 0,004561
соучредитель 4,031286 0,006730
дуран 3,338139 0,005573
проект 0,457070 0,000763
россия 0,139466 0,001397
телеканал 2,644992 0,004416
экстрим 4,436752 0,007407
свой 0,586604 0,000979
саночник 3,338139 0,005573
зарегистрировать 0,711058 0,001187
watch 2,357310 0,003935
главный 0,565551 0,000944
shanghai 5,129899 0,008564
присоединиться 2,490841 0,004158
paus 4,436752 0,007407
назвать 0,940244 0,001570
фс 2,085376 0,003481
стартовать 1,633391 0,005454
гарантировать 2,732003 0,004561
велогонщик 4,031286 0,006730
настраиваться 4,436752 0,007407
сайт 0,411400 0,001374
до 0,239550 0,000400
правый 0,971016 0,003242
файл 2,827314 0,004720
div 2,357310 0,003935
россиянин 0,971016 0,003242
адрес 1,994404 0,003330
выступить 1,238078 0,002067
показать 0,504926 0,000843
передача 1,633391 0,008181
мемориал 2,932674 0,004896
rutub 3,520461 0,005877
телефон 1,911023 0,003190
эспозито 3,183989 0,005316
редакция 0,940244 0,003139
отбор 2,296685 0,003834
удалить 1,951845 0,003259
посол 0,301585 0,001007
себя 0,597299 0,001994
логотип 2,357310 0,003935
олимпийский 0,342407 0,001715
число 0,955511 0,001595
превысить 2,827314 0,004720
vk 1,441019 0,002406
ленобласть 5,129899 0,008564
короткий 0,699082 0,001167
падение 1,797694 0,003001
бороться 1,633391 0,002727
гуменник 2,564949 0,012846
гонка 0,853233 0,002849
поддержка 1,546380 0,002582
один 0,342407 0,000572
оаэ 2,357310 0,007871
видео 0,699082 0,004668
чехия 1,258698 0,002101
что 0,195425 0,000326
краснодар 0,867219 0,001448
геннадий 2,421849 0,004043
положение 1,416327 0,002364
бизнес 2,296685 0,003834
демков 5,129899 0,008564
за 0,125952 0,000210
эфир 1,695912 0,005662
mash 5,129899 0,008564
учредитель 1,994404 0,003330
отравиться 4,031286 0,006730
телекомпания 4,031286 0,020190
медаль 0,619039 0,001033
призовой 1,951845 0,003259
россиянка 2,085376 0,003481
произвольный 1,994404 0,003330
московский 1,574551 0,007886
ссылка 0,699082 0,001167
коммуникация 2,134166 0,003563
активность 3,183989 0,005316
прокат 1,951845 0,003259
шанхайский 2,564949 0,004282
костюм 2,932674 0,004896
статья 0,495170 0,000827
мокнуть 1,574551 0,005257
колумбийский 4,031286 0,006730
пятый 1,574551 0,002629
любой 1,238078 0,002067
петросян 1,441019 0,002406
июль 1,019025 0,006805
одолеть 2,134166 0,003563
из 0,106018 0,000354
play 1,441019 0,002406
художественный 1,518981 0,002536
неизвестный 3,050457 0,005093
роскомнадзор 2,644992 0,004416
технология 0,786093 0,001312
фаеры 5,129899 0,008564
редактор 1,871802 0,003125
показательный 1,279751 0,002136
dragon 4,436752 0,007407
настоящий 2,134166 0,003563
хоккейный 1,416327 0,002364
отрепетировать 5,129899 0,008564
наследие 3,183989 0,005316
номер 1,392229 0,002324
москва 0,576022 0,006731
объяснить 1,633391 0,002727
хоккей 0,285712 0,000477
демарш 4,031286 0,006730
https 0,699082 0,001167
становиться 1,159607 0,001936
обязываться 4,031286 0,006730
вещание 3,520461 0,011754
скандал 1,279751 0,002136
результат 0,524729 0,000876
служба 1,279751 0,002136
большой 0,687247 0,001147
bosco 4,436752 0,007407
фанат 1,762603 0,002943
переговоры 2,239527 0,003739
зенит 0,867219 0,008687
бургерами 4,436752 0,007407
нападать 1,518981 0,002536
год 0,099461 0,000664
style 2,085376 0,003481
флешмобу 5,129899 0,008564
защитить 1,633391 0,002727
митч 4,031286 0,006730
нтв 3,183989 0,053155
машина 2,564949 0,004282
перейти 0,586604 0,000979
международный 0,466460 0,000779
мать 3,050457 0,005093
сын 2,239527 0,003739
нурмагомед 2,357310 0,003935
матч 0,293617 0,000490
насмерть 5,129899 0,008564
стать 0,217244 0,000725
лыжный 0,675551 0,004511
отличный 2,421849 0,004043
легкий 0,895792 0,001495
биатлонистки 3,743604 0,006250
футбольный 1,345709 0,002247
керлинг 1,086847 0,003629
десятка 2,644992 0,004416
операция 2,644992 0,004416
лыжня 4,031286 0,013460
массовый 1,466337 0,007344
обработка 2,085376 0,003481
катар 2,421849 0,008086
украинский 1,797694 0,003001
слово 1,035554 0,001729
госпитализировать 4,031286 0,006730
прочность 3,520461 0,005877
спортсмен 0,565551 0,001888
сегодня 0,881403 0,002943
facebook 1,994404 0,003330
страна 0,641262 0,001071
инвестировать 3,520461 0,005877
новость 0,285712 0,001908
петр 1,392229 0,006973
сми 1,546380 0,012908
загитов 2,357310 0,003935
рекордсмен 1,834062 0,003062
тренер 0,555188 0,000927
ntv 4,031286 0,053840
ночной 3,520461 0,011754
жизнь 0,881403 0,001471
старт 1,035554 0,001729
место 0,402511 0,000672
сериал 2,185460 0,007297
решение 0,839439 0,001401
турнир 0,293617 0,000980
военный 1,664163 0,005556
вакансия 2,357310 0,003935
допустить 1,546380 0,002582
эл 2,134166 0,003563
болельщик 1,086847 0,001814
участие 0,457070 0,003052
фонд 0,895792 0,001495
дзен 2,932674 0,009792
аккаунт 2,644992 0,004416
экономика 2,296685 0,003834
на 0,023953 0,000720
посейдон 5,129899 0,008564
пригласить 1,834062 0,003062
защита 1,441019 0,002406
олимпиада 0,576022 0,010578
канал 1,416327 0,002364
mc 2,421849 0,004043
www 1,392229 0,004649
регистрация 1,871802 0,003125
не 0,099461 0,000166
сбить 3,050457 0,005093
использовать 0,940244 0,001570
рубль 2,038856 0,003404
соглашение 1,466337 0,002448
онлайн 0,773190 0,001291
смартфон 2,732003 0,004561
золотой 1,002764 0,003348
бразилец 2,239527 0,003739
любитель 1,238078 0,002067
дарить 3,520461 0,005877
тренировка 0,895792 0,001495
почта 2,185460 0,003649
шанхай 2,490841 0,004158
история 0,270086 0,001353
alt 2,185460 0,003649
готовиться 2,296685 0,003834
лаюнена 5,129899 0,008564
тематический 2,038856 0,003404
программа 0,799165 0,004002
столица 2,490841 0,012475
длить 0,146292 0,000488
absolut 2,296685 0,003834
лава 3,520461 0,005877
яндекс 2,490841 0,008317
русская 1,797694 0,006002
об 0,217244 0,000725
федеральный 1,834062 0,003062
фигурист 3,050457 0,005093
ои 0,812411 0,001356
всухую 3,183989 0,005316
название 1,035554 0,001729
тысяча 1,546380 0,002582
настроение 3,338139 0,005573
img 2,185460 0,003649
телепрограмма 4,436752 0,007407
от 0,160085 0,001336
обязательный 1,695912 0,002831
февраль 0,202645 0,000338
недопуск 4,436752 0,007407
приобрести 2,038856 0,003404
клебо 2,490841 0,004158
открыть 1,279751 0,002136
официальный 0,735450 0,001228
бокс 0,534779 0,000893
невский 4,031286 0,006730
германий 0,723179 0,001207
слать 1,728701 0,002886
фигуристый 1,871802 0,006250
игра 0,112619 0,000376
компания 0,971016 0,001621
первое 0,393700 0,000657
как 0,232059 0,000387
все 0,067304 0,000112
условие 0,334108 0,000558
горнолыжник 3,338139 0,005573
общество 1,871802 0,003125
мозговой 3,743604 0,006250
по 0,073653 0,000738
порт 2,732003 0,004561
занимать 1,664163 0,002778
выпуск 2,134166 0,014252
src 2,239527 0,003739
издание 1,574551 0,013143
информация 0,608110 0,001015
эпштейн 4,031286 0,006730
гуменника 2,564949 0,004282
telegram 2,357310 0,003935
сетевой 2,038856 0,017019
орлов 4,436752 0,007407
принять 0,786093 0,005249
надзор 2,357310 0,003935
зима 2,644992 0,008831
лужники 2,827314 0,004720
использование 0,277868 0,000464
неделя 1,217876 0,010166
yandex 2,239527 0,003739
миллион 1,392229 0,002324
материал 0,309617 0,000517
высокий 0,760451 0,001270
соревнование 0,411400 0,000687
конкурс 2,357310 0,003935
переть 0,359214 0,000600
обрасти 5,129899 0,008564
