состоять 1,279751 0,002019
банк 2,490841 0,001310
велосипед 4,031286 0,002119
latina 1,603538 0,000843
плэсиде 3,743604 0,001968
rusbob 5,129899 0,002697
экспорт 0,986764 0,000519
lccn 1,492313 0,000785
козловый 2,357310 0,001239
сэндбординг 5,129899 0,002697
tatarça 1,392229 0,000732
日本語 1,035554 0,000544
со 0,447767 0,000235
путешествие 2,827314 0,001486
неэнциклопедичного 5,129899 0,002697
парусный 1,574551 0,000828
заявление 0,799165 0,000420
связаться 0,867219 0,000456
декабрь 0,853233 0,000449
пом 1,695912 0,000892
человек 0,940244 0,001977
незавершенный 3,183989 0,003348
подробный 0,687247 0,000361
содержание 0,955511 0,002009
universali 1,951845 0,001026
eesti 1,069456 0,000562
čeština 1,035554 0,000544
aragoné 1,762603 0,000927
сейчас 1,104547 0,000581
hang 5,129899 0,002697
радиус 3,050457 0,001604
викисклад 1,035554 0,001089
знакомый 2,932674 0,001542
родина 2,296685 0,001208
britannica 1,518981 0,000799
машиноремонтный 5,129899 0,002697
корфбол 1,762603 0,000927
сноубординг 5,129899 0,002697
каноэ 1,633391 0,000859
bodyboard 5,129899 0,002697
скоростной 2,564949 0,002697
запад 2,085376 0,001096
виндсерфинг 5,129899 0,002697
slovenčina 1,069456 0,000562
wikipedia 0,986764 0,001038
летательный 5,129899 0,002697
gnd 1,392229 0,000732
уилсон 3,050457 0,001604
расположить 1,574551 0,000828
отредактировать 0,986764 0,000519
сочинский 4,031286 0,002119
проект 0,457070 0,000240
быстро 2,038856 0,001072
называть 1,258698 0,000662
j 1,466337 0,000771
ушу 1,728701 0,000909
n 2,421849 0,001273
саночник 3,338139 0,003510
викиновости 1,238078 0,000651
скайсёрфинг 5,129899 0,002697
u 1,345709 0,000708
сильный 1,198073 0,000630
w 0,955511 0,000502
также 0,663991 0,000349
шайба 0,986764 0,000519
верт 4,436752 0,002333
член 1,416327 0,000745
العربية 1,069456 0,000562
появиться 1,159607 0,000610
фризский 1,762603 0,000927
дмитрий 1,258698 0,000662
sled 5,129899 0,002697
трава 1,392229 0,001464
бобслейный 5,129899 0,021577
сначала 1,664163 0,000875
находиться 0,925206 0,000486
собачий 1,762603 0,000927
конструктор 4,436752 0,002333
начать 1,279751 0,000673
библиографический 1,279751 0,000673
приходить 2,644992 0,001391
янсонс 5,129899 0,002697
правка 0,986764 0,001038
лобовой 5,129899 0,002697
пятиместных 5,129899 0,002697
однако 1,069456 0,001125
батут 1,728701 0,000909
list 3,743604 0,003936
серфинг 1,762603 0,001853
себя 0,597299 0,001256
tolışi 1,871802 0,000984
пейнтбол 5,129899 0,002697
система 0,799165 0,000420
производственный 4,031286 0,002119
изменить 1,728701 0,000909
việt 1,140915 0,000600
отказ 0,839439 0,000441
падение 1,797694 0,000945
дзюдо 1,466337 0,000771
гонка 0,853233 0,000897
один 0,342407 0,000540
банджи 5,129899 0,002697
иметь 1,069456 0,001125
стальной 4,436752 0,002333
вперед 1,797694 0,000945
длина 1,871802 0,000984
фридайвинг 5,129899 0,002697
игльсе 5,129899 0,002697
часть 1,104547 0,000581
джампинг 5,129899 0,002697
последний 0,376309 0,000396
класс 1,728701 0,000909
сторона 1,069456 0,000562
инвентарь 2,085376 0,001096
автотриал 5,129899 0,002697
pdf 0,940244 0,000494
сша 0,586604 0,000308
ресурс 0,812411 0,000854
описание 0,881403 0,000463
аппарат 3,183989 0,001674
заменить 1,546380 0,000813
вейкбординг 5,129899 0,002697
недостаток 1,574551 0,000828
bahasa 1,086847 0,001143
ракета 4,031286 0,004239
сборный 5,129899 0,002697
тоня 2,932674 0,001542
гасить 4,436752 0,002333
lietuvių 1,140915 0,000600
словарь 1,198073 0,000630
ibsf 5,129899 0,002697
стрельба 1,441019 0,001515
меняться 1,951845 0,001026
разработчик 0,971016 0,000511
мориц 3,050457 0,004811
ноябрь 0,955511 0,001005
команда 0,262364 0,000828
старое 1,797694 0,000945
сквош 1,728701 0,000909
вклад 0,955511 0,000502
indonesia 1,086847 0,000571
текст 0,925206 0,000486
являться 1,019025 0,000536
issn 3,338139 0,001755
проводиться 1,086847 0,002286
никогда 1,951845 0,001026
esperanto 1,198073 0,000630
перейти 0,586604 0,000617
лонгбординг 5,129899 0,002697
портал 1,416327 0,000745
золото 1,140915 0,001200
нужно 1,492313 0,000785
скелетон 1,258698 0,003971
air 4,031286 0,002119
українська 1,035554 0,000544
зинтиса 5,129899 0,002697
доска 3,183989 0,001674
группа 1,122566 0,001180
лякросс 1,762603 0,000927
вэф 5,129899 0,008091
мотокросс 5,129899 0,002697
слово 1,035554 0,000544
ответственность 0,895792 0,000471
литовский 1,951845 0,001026
четырёхместных 5,129899 0,005394
культивироваться 4,436752 0,002333
экманиса 5,129899 0,002697
механик 4,436752 0,002333
спортсмен 0,565551 0,000595
цех 4,031286 0,002119
françai 1,019025 0,000536
рэкетс 1,728701 0,000909
дайвинг 4,436752 0,006998
его 0,447767 0,000235
сконструировать 4,436752 0,004665
cite 1,258698 0,001324
php 0,986764 0,000519
бадминтон 1,518981 0,000799
нельзя 2,296685 0,001208
байдарка 1,603538 0,000843
шорты 1,035554 0,000544
boardsport 5,129899 0,002697
горнолыжный 1,301257 0,001368
уступить 1,368699 0,000720
баскский 1,664163 0,000875
дрифт 2,421849 0,001273
причем 1,871802 0,000984
железобетонный 4,436752 0,002333
ледолазание 5,129899 0,002697
frysk 1,762603 0,000927
заглавный 0,986764 0,000519
директор 1,871802 0,001968
гэльский 1,762603 0,000927
канат 1,762603 0,000927
степан 2,732003 0,001436
каньонинг 5,129899 0,002697
тренировка 0,895792 0,000471
обслуживание 4,031286 0,004239
объединение 2,296685 0,001208
вверх 2,421849 0,001273
трактриал 5,129899 0,002697
конфиденциальность 0,293617 0,000154
гандбол 1,122566 0,001771
шнепстса 5,129899 0,002697
легкоатлет 3,520461 0,001851
svenska 1,035554 0,000544
назад 1,140915 0,000600
моторный 1,762603 0,001853
список 0,986764 0,000519
ссср 0,940244 0,002472
будо 1,762603 0,000927
набирать 2,644992 0,001391
фехтование 1,546380 0,000813
четвертая 2,185460 0,001149
перетягивание 1,762603 0,000927
высота 1,762603 0,000927
последовательный 3,520461 0,001851
традиция 2,134166 0,002244
так 0,597299 0,000314
там 1,603538 0,000843
иногда 1,951845 0,001026
французский 1,052361 0,000553
interlingua 1,603538 0,000843
федерация 0,495170 0,002083
труненков 5,129899 0,002697
где 0,675551 0,001066
основание 1,416327 0,000745
гдр 2,038856 0,001072
сообщить 0,447767 0,000235
примечание 1,002764 0,001054
пятиборье 1,574551 0,000828
лабиринт 4,436752 0,002333
быть 0,119263 0,001003
европейский 1,122566 0,000590
нынешний 2,085376 0,001096
сноркелинг 5,129899 0,002697
парашютизм 5,129899 0,002697
скалолазание 1,695912 0,001783
маунтинбординг 5,129899 0,002697
снаряд 2,490841 0,002619
спорт 0,125952 0,001589
конный 1,574551 0,000828
разработать 1,728701 0,001818
просмотр 0,925206 0,000486
ледовый 1,994404 0,001049
национальный 0,839439 0,001324
english 0,925206 0,000973
этот 0,350775 0,000738
разгон 3,520461 0,003702
четыре 0,910391 0,000957
тропин 5,129899 0,002697
марка 1,834062 0,000964
suomi 1,052361 0,000553
парасейлинг 5,129899 0,002697
ladino 3,743604 0,001968
бронзовый 1,345709 0,000708
глава 1,122566 0,000590
основной 1,122566 0,001771
creativ 0,986764 0,000519
română 1,122566 0,000590
конструкция 2,732003 0,002873
сложиться 2,490841 0,001310
дертсерф 5,129899 0,002697
элемент 0,925206 0,000486
использоваться 1,159607 0,000610
спортивный 0,301585 0,001268
женщина 0,663991 0,000698
portuguê 1,035554 0,000544
впервые 0,839439 0,000441
oʻzbekcha 1,140915 0,000600
раз 0,485508 0,000255
чемпионат 0,188256 0,000396
поворот 2,827314 0,002973
ўзбекча 1,140915 0,000600
latviešu 1,052361 0,000553
пожалуйста 1,633391 0,001718
российский 0,224624 0,000354
скольжение 3,743604 0,001968
выставить 3,183989 0,001674
дерево 3,183989 0,001674
версия 0,393700 0,000621
бадер 5,129899 0,002697
сочить 0,853233 0,000449
шесть 1,238078 0,000651
основать 1,466337 0,000771
зарегистрировать 0,711058 0,000374
тем 1,217876 0,000640
поло 1,441019 0,001515
без 0,466460 0,000736
между 0,955511 0,000502
четвертый 1,695912 0,000892
знак 0,986764 0,000519
айварс 5,129899 0,002697
увеличить 2,038856 0,001072
положить 2,185460 0,001149
особенность 2,421849 0,001273
туризм 3,183989 0,001674
руководство 1,301257 0,000684
двойка 3,520461 0,003702
соответствие 1,002764 0,000527
австралийский 1,633391 0,000859
jet 5,129899 0,002697
европа 0,393700 0,000828
ожидание 2,932674 0,001542
улдиса 4,436752 0,002333
посол 0,301585 0,000634
сопротивление 2,564949 0,001349
медиафайлы 1,217876 0,000640
клуб 0,652562 0,000686
негодайло 5,129899 0,002697
galego 1,178655 0,000620
старый 1,159607 0,000610
page 0,986764 0,000519
короткий 0,699082 0,000368
мария 1,834062 0,000964
километр 1,951845 0,002052
служебный 0,955511 0,000502
кодекс 0,971016 0,000511
central 2,732003 0,001436
street 3,743604 0,001968
бизнес 2,296685 0,001208
карат 1,728701 0,000909
упоминать 5,129899 0,002697
канада 0,867219 0,000456
бобслей 1,217876 0,021130
news 2,185460 0,001149
достигаться 3,520461 0,001851
race 3,338139 0,005265
associ 0,986764 0,000519
олег 1,871802 0,000984
максимальный 1,951845 0,001026
свободный 0,867219 0,000912
описывать 3,520461 0,001851
статья 0,495170 0,003645
современный 1,159607 0,000610
wikimedia 0,986764 0,000519
мигланса 5,129899 0,002697
мировой 0,955511 0,000502
bobsleigh 5,129899 0,002697
распад 2,564949 0,001349
ελληνικά 1,086847 0,000571
пластмасса 4,436752 0,002333
получить 0,384967 0,000607
climb 5,129899 0,002697
язык 0,925206 0,000973
пилот 4,031286 0,004239
деревянный 2,932674 0,001542
коллектив 2,644992 0,001391
мечтать 3,520461 0,001851
архивировать 1,104547 0,001742
реверс 5,129899 0,002697
сделать 0,853233 0,000449
различный 1,441019 0,000758
параплан 5,129899 0,002697
связанный 0,786093 0,000413
melayu 1,368699 0,000720
прочий 1,069456 0,000562
скайраннинг 5,129899 0,002697
italiano 1,035554 0,000544
год 0,099461 0,001464
распространить 2,134166 0,001122
айсшток 1,728701 0,000909
увеличение 2,421849 0,001273
харийса 5,129899 0,002697
международный 0,466460 0,001226
հայերեն 1,198073 0,000630
башҡортса 1,518981 0,000799
flowrid 5,129899 0,002697
euskara 1,122566 0,000590
бейсджампинг 5,129899 0,002697
српскохрватски 1,416327 0,000745
передовой 5,129899 0,002697
web 1,279751 0,000673
вираж 3,743604 0,003936
scooter 5,129899 0,002697
универсальный 1,911023 0,001005
желоб 4,436752 0,002333
bokmål 1,069456 0,000562
журналистика 5,129899 0,002697
текущий 0,867219 0,000456
управляемый 4,436752 0,002333
страна 0,641262 0,000674
улучшить 1,951845 0,002052
snocross 5,129899 0,002697
шаблон 1,441019 0,000758
инструмент 0,881403 0,000927
глима 1,762603 0,000927
создать 0,773190 0,001626
планерный 1,762603 0,000927
вместе 1,178655 0,000620
asturianu 1,323236 0,000696
bellyboard 5,129899 0,002697
юлия 2,085376 0,002193
евгения 1,178655 0,000620
печать 0,955511 0,001005
генеральный 1,664163 0,000875
русый 1,368699 0,000720
пелота 1,728701 0,000909
летний 0,619039 0,000325
afrikaan 1,441019 0,000758
фонд 0,895792 0,000471
кисиелс 5,129899 0,002697
состав 0,867219 0,001368
олимпиада 0,576022 0,000606
тот 0,393700 0,000414
обсуждение 0,867219 0,000912
трамплин 1,140915 0,000600
организация 0,663991 0,001047
titl 0,986764 0,000519
указать 1,198073 0,000630
иварс 5,129899 0,002697
содержать 2,134166 0,001122
дебютировать 2,085376 0,001096
товарный 0,986764 0,000519
фибс 5,129899 0,002697
фибт 5,129899 0,002697
история 0,270086 0,000710
македонский 1,258698 0,000662
почтовый 2,296685 0,001208
три 1,178655 0,000620
качаться 5,129899 0,002697
длить 0,146292 0,000538
калгари 2,932674 0,001542
боб 3,183989 0,025110
обратить 3,338139 0,001755
принести 1,871802 0,000984
обновление 2,185460 0,001149
мгу 5,129899 0,002697
название 1,035554 0,000544
макаров 4,031286 0,002119
поиск 0,711058 0,000748
бокинг 5,129899 0,002697
руководить 2,085376 0,001096
агрессив 5,129899 0,002697
oldid 0,986764 0,000519
спидвей 5,129899 0,002697
катание 0,514778 0,000541
посадка 5,129899 0,002697
первое 0,393700 0,000621
как 0,232059 0,000732
турист 4,436752 0,002333
лыжа 0,925206 0,002432
низкий 1,345709 0,000708
алексей 1,140915 0,001800
условие 0,334108 0,000527
рижский 3,520461 0,001851
древолазание 5,129899 0,002697
вингсьют 5,129899 0,002697
стоимость 2,421849 0,006367
занять 1,159607 0,001829
тарашкевіца 1,198073 0,000630
рок 1,695912 0,000892
шнепстс 5,129899 0,002697
оборудование 2,827314 0,001486
контруклона 5,129899 0,002697
cymraeg 1,574551 0,000828
способ 1,728701 0,000909
авторство 0,986764 0,000519
высокий 0,760451 0,001199
второе 0,839439 0,000883
sicilianu 2,038856 0,001072
рубрика 3,743604 0,001968
català 1,086847 0,000571
специальный 1,217876 0,000640
dansk 1,069456 0,000562
новый 0,239550 0,000126
поведение 0,839439 0,000441
австрийский 3,183989 0,001674
еще 0,167054 0,000176
выйти 0,773190 0,000407
теннис 0,475938 0,000500
luge 4,436752 0,002333
река 3,743604 0,001968
ставка 0,799165 0,000420
финский 1,518981 0,000799
ханжина 5,129899 0,002697
surf 5,129899 0,002697
فارسی 1,104547 0,000581
менее 1,258698 0,000662
беларуская 1,069456 0,001125
паркий 3,338139 0,001755
александр 0,839439 0,001324
двухместного 5,129899 0,002697
рейд 2,490841 0,001310
а 0,209918 0,000993
в 0,017911 0,000640
г 0,925206 0,001459
ледяной 3,338139 0,001755
викимедиа 0,986764 0,000519
е 0,867219 0,000912
и 0,023953 0,000378
й 0,825834 0,000434
к 0,132686 0,000209
велоспорт 1,178655 0,001239
ультрамарафон 4,436752 0,002333
azərbaycanca 1,258698 0,000662
о 0,042302 0,000089
альпинизм 1,301257 0,001368
санкт 1,279751 0,002019
латыш 4,031286 0,002119
с 0,036149 0,000494
она 0,597299 0,000314
скейтбординг 1,762603 0,001853
х 0,986764 0,001556
аколовса 5,129899 0,002697
четверка 3,050457 0,004811
ч 2,644992 0,002781
скачать 0,895792 0,000942
они 0,524729 0,000276
дополнительный 0,940244 0,000494
планеризм 5,129899 0,002697
челерину 5,129899 0,002697
футбол 0,247097 0,000650
конек 2,296685 0,002415
мир 0,277868 0,000877
атлетика 0,955511 0,001005
искать 2,732003 0,001436
by 0,971016 0,000511
регби 0,955511 0,001005
множественный 5,129899 0,005394
русский 0,760451 0,000400
cc 0,986764 0,000519
конец 1,035554 0,000544
время 0,384967 0,000202
единственный 1,392229 0,000732
австрия 1,871802 0,001968
supercross 5,129899 0,002697
cs 3,520461 0,003702
ранее 1,104547 0,000581
раздеть 1,871802 0,001968
bikol 2,732003 0,001436
начальник 2,732003 0,001436
соответствующий 1,695912 0,000892
river 5,129899 0,002697
город 1,069456 0,000562
de 1,871802 0,001968
粵語 1,178655 0,000620
неэнциклопедический 2,932674 0,003084
метр 1,574551 0,002484
восемь 1,695912 0,000892
викиданных 0,986764 0,000519
каталанский 1,695912 0,000892
северный 1,492313 0,000785
построить 2,296685 0,001208
возрождение 2,644992 0,001391
начаться 1,518981 0,001597
каталог 1,301257 0,000684
викискладе 1,217876 0,000640
выступить 1,238078 0,000651
сноуборд 1,178655 0,000620
показать 0,504926 0,000265
автокросс 5,129899 0,002697
уменьшить 2,421849 0,001273
дополнить 2,827314 0,002973
заслужить 2,357310 0,001239
олимпийский 0,342407 0,001620
et 4,031286 0,002119
инженер 3,338139 0,001755
хёрлинг 1,762603 0,000927
кипурса 5,129899 0,002697
читать 0,555188 0,000876
тяжелый 0,940244 0,000494
прямая 1,441019 0,001515
англ 1,159607 0,000610
командный 1,002764 0,000527
волейбол 0,955511 0,000502
академический 1,546380 0,000813
плавание 1,178655 0,001239
биатлон 0,485508 0,000255
мера 2,296685 0,001208
пожертвовать 0,940244 0,000494
монолитный 5,129899 0,002697
распоряжение 2,932674 0,001542
экстремальный 3,183989 0,003348
воевода 5,129899 0,005394
ссылка 0,699082 0,002940
выпустить 2,932674 0,001542
kiswahili 2,185460 0,001149
solo 4,436752 0,002333
кипурс 5,129899 0,005394
помочь 1,238078 0,000651
srpskohrvatski 1,416327 0,000745
середина 1,574551 0,000828
中文 1,035554 0,000544
тереть 0,786093 0,000827
iron 4,436752 0,002333
foundat 0,986764 0,000519
кругосвет 1,994404 0,001049
делать 1,392229 0,001464
викторий 2,038856 0,001072
швейцария 1,258698 0,000662
среди 0,597299 0,000628
остаться 1,301257 0,000684
финиш 2,185460 0,001149
латвия 1,664163 0,000875
obstacl 5,129899 0,002697
ski 3,520461 0,001851
советск 2,932674 0,001542
https 0,699082 0,000368
материальный 3,743604 0,001968
соединить 2,932674 0,001542
перепад 4,436752 0,002333
хай 4,031286 0,002119
квадах 1,762603 0,000927
отдельный 0,955511 0,000502
результат 0,524729 0,000276
мобильный 0,555188 0,000292
татарча 1,392229 0,000732
tiếng 1,140915 0,000600
עברית 1,052361 0,000553
index 0,986764 0,000519
должен 0,597299 0,000314
избранный 0,955511 0,000502
тасс 1,695912 0,000892
боулдеринг 5,129899 0,002697
разгонять 4,436752 0,004665
написание 2,564949 0,001349
исключить 1,441019 0,000758
стать 0,217244 0,000457
монобоба 5,129899 0,002697
крикет 1,695912 0,000892
керлинг 1,086847 0,000571
обращение 0,910391 0,001915
десятка 2,644992 0,001391
это 0,181139 0,000667
упряжка 1,762603 0,000927
триатлон 1,633391 0,000859
код 0,971016 0,006637
два 0,504926 0,001593
лука 1,104547 0,000581
прыжок 0,940244 0,001483
прямой 1,695912 0,000892
бронза 1,728701 0,000909
тобогган 4,436752 0,002333
новость 0,285712 0,000150
url 0,986764 0,000519
миезиса 5,129899 0,002697
тренер 0,555188 0,000292
сентябрь 1,035554 0,001089
доступный 0,955511 0,000502
сантиметр 0,955511 0,000502
войти 0,608110 0,000320
гольф 1,574551 0,000828
или 0,576022 0,001211
бобсле 5,129899 0,002697
ქართული 1,392229 0,000732
қазақша 1,178655 0,000620
bmx 5,129899 0,008091
крутизна 4,436752 0,002333
радио 2,421849 0,001273
политик 0,224624 0,000118
включить 1,392229 0,000732
алфавит 1,159607 0,000610
смит 3,050457 0,001604
особый 1,994404 0,001049
рубль 2,038856 0,003216
кайтсёрфинг 5,129899 0,002697
bnf 1,834062 0,000964
учетный 0,986764 0,000519
смекалка 5,129899 0,002697
international 3,183989 0,001674
много 0,735450 0,000387
представиться 0,986764 0,000519
author 4,031286 0,004239
фигурный 0,514778 0,000271
затем 1,301257 0,000684
программа 0,799165 0,000420
bob 3,520461 0,001851
тоҷикӣ 1,695912 0,000892
латвийский 3,520461 0,005553
солт 2,644992 0,001391
первый 0,317714 0,000334
анастасий 2,644992 0,001391
подлубный 5,129899 0,002697
слалом 2,421849 0,001273
пять 1,140915 0,001800
февраль 0,202645 0,000426
ошибка 0,576022 0,000303
объединять 2,239527 0,001177
тогда 1,466337 0,001542
германий 0,723179 0,000380
мягкий 3,183989 0,001674
игра 0,112619 0,000296
индеец 4,436752 0,002333
осисом 5,129899 0,002697
deutsch 1,052361 0,000553
имя 1,178655 0,001239
датский 1,368699 0,000720
riverboard 5,129899 0,002697
больший 0,457070 0,000721
nederland 1,019025 0,000536
дальнейший 1,994404 0,001049
распространение 2,357310 0,001239
событие 0,565551 0,000297
использование 0,277868 0,000146
август 1,035554 0,000544
extrem 4,031286 0,006358
велтина 5,129899 0,002697
вэфе 5,129899 0,005394
материал 0,309617 0,000326
скиджоринг 1,762603 0,000927
скиинг 1,762603 0,000927
соревнование 0,411400 0,002379
freestyl 4,436752 0,004665
ориентирование 3,743604 0,001968
кук 0,971016 0,000511
лицензия 0,971016 0,000511
лейк 2,357310 0,002479
экипаж 5,129899 0,026971
зимний 0,663991 0,002444
представлять 1,217876 0,001281
разработка 2,357310 0,001239
роль 1,695912 0,000892
сани 3,338139 0,021061
ряд 1,198073 0,000630
навигация 0,986764 0,001556
страница 0,910391 0,002872
четырёхместного 5,129899 0,002697
мочь 0,350775 0,000738
ленёва 5,129899 0,002697
оборудовать 2,827314 0,001486
борьба 0,723179 0,000380
запись 0,910391 0,000479
qr 0,986764 0,000519
сборная 0,342407 0,000540
спидглайдинг 5,129899 0,002697
сараево 3,050457 0,001604
бурный 3,743604 0,001968
санный 1,301257 0,003421
правило 0,986764 0,000519
женский 0,663991 0,000349
сохранение 0,971016 0,000511
吴语 1,238078 0,000651
фристайл 1,238078 0,001953
гимнастика 1,198073 0,001260
характер 2,185460 0,001149
hrvatski 1,052361 0,000553
юрис 4,436752 0,002333
дать 0,608110 0,000320
призвать 2,085376 0,001096
персональный 0,723179 0,000380
английский 1,574551 0,000828
почтить 1,279751 0,000673
ru 0,285712 0,000451
действовать 0,825834 0,000434
организовать 1,466337 0,000771
минимальный 2,185460 0,001149
стандарт 2,421849 0,001273
кубок 0,376309 0,000594
sa 0,986764 0,000519
occitan 1,466337 0,000771
сигулда 4,436752 0,002333
уже 0,687247 0,000361
дата 0,799165 0,001681
nynorsk 1,546380 0,000813
sh 1,797694 0,000945
того 0,955511 0,000502
вы 0,309617 0,000163
клифф 4,436752 0,002333
free 3,520461 0,001851
притормаживать 4,436752 0,002333
проводить 0,910391 0,000479
гора 2,932674 0,001542
español 1,019025 0,000536
специалист 1,797694 0,000945
спид 1,762603 0,000927
россия 0,139466 0,000880
моховая 5,129899 0,002697
скорость 1,951845 0,005131
tagalog 1,911023 0,001005
bosanski 1,345709 0,000708
энциклопедия 0,986764 0,001038
виктор 1,416327 0,000745
български 1,086847 0,000571
сноукайтинг 5,129899 0,002697
январь 0,786093 0,002066
to 2,038856 0,001072
glide 5,129899 0,002697
здесь 1,911023 0,001005
брейкинг 1,762603 0,000927
настольный 1,198073 0,000630
журнал 1,871802 0,000984
проведение 1,104547 0,000581
де 0,955511 0,000502
формировать 3,183989 0,001674
студия 3,338139 0,001755
coasteer 5,129899 0,002697
спелеотуризм 5,129899 0,002697
роландса 5,129899 0,002697
сайт 0,411400 0,000216
американский 0,910391 0,000479
до 0,239550 0,000504
факультет 4,031286 0,002119
кристина 2,296685 0,001208
шванкса 5,129899 0,002697
брейкмана 5,129899 0,002697
другой 0,188256 0,000198
сюда 0,986764 0,000519
трек 1,104547 0,000581
цитировать 0,925206 0,000486
ее 0,723179 0,000380
собственный 1,574551 0,000828
norsk 1,052361 0,001107
баскетбол 0,723179 0,000380
учебный 2,490841 0,001310
число 0,955511 0,001005
ido 1,546380 0,000813
перевалить 4,031286 0,002119
гребля 1,518981 0,001597
флаг 0,895792 0,000471
вид 0,393700 0,002484
же 0,853233 0,002243
трасса 2,134166 0,014587
горный 2,644992 0,001391
мастер 1,518981 0,000799
двигаться 2,490841 0,001310
polski 1,035554 0,000544
роликовый 5,129899 0,010788
дань 3,520461 0,001851
что 0,195425 0,000205
common 0,986764 0,001038
править 0,544931 0,008022
за 0,125952 0,000199
софтбол 1,633391 0,000859
форма 1,086847 0,000571
bobskesan 5,129899 0,002697
медаль 0,619039 0,000325
org 0,986764 0,000519
александрово 3,520461 0,001851
зачет 1,416327 0,000745
арвидса 5,129899 0,002697
сыграть 0,839439 0,000441
некоммерческий 0,986764 0,000519
советский 1,140915 0,003599
позиция 1,392229 0,000732
из 0,106018 0,000613
художественный 1,518981 0,000799
мяч 0,735450 0,000387
случайный 0,986764 0,000519
указание 0,986764 0,000519
скрытый 1,052361 0,000553
показательный 1,279751 0,000673
их 0,799165 0,000420
мусьякова 5,129899 0,002697
мотопараплан 5,129899 0,002697
српски 1,035554 0,000544
восточный 1,911023 0,001005
pogo 5,129899 0,002697
тема 1,104547 0,000581
хоккей 0,285712 0,000601
предложение 2,239527 0,001177
экспериментальный 4,031286 0,004239
двоеборье 1,217876 0,000640
придать 4,436752 0,002333
серия 0,586604 0,000308
ски 1,069456 0,000562
разогнаться 5,129899 0,002697
ралли 2,357310 0,002479
воднолыжный 5,129899 0,002697
srpski 1,035554 0,000544
feder 2,732003 0,001436
рафтинг 5,129899 0,002697
прозвать 3,743604 0,001968
завоевать 1,035554 0,001089
двое 2,296685 0,001208
лыжный 0,675551 0,000710
который 0,325878 0,001542
постоянный 0,881403 0,000463
спуск 3,050457 0,004811
конькобежный 1,140915 0,000600
легкий 0,895792 0,000471
янис 4,436752 0,006998
участок 2,827314 0,002973
награда 1,279751 0,000673
например 1,603538 0,000843
türkçe 1,052361 0,000553
крайний 2,185460 0,001149
случай 0,867219 0,000456
сплав 4,436752 0,002333
соревноваться 1,871802 0,000984
вниз 2,932674 0,001542
америка 1,279751 0,000673
сити 1,546380 0,000813
한국어 1,035554 0,000544
вод 1,466337 0,000771
союз 1,301257 0,002737
синхронный 1,574551 0,000828
несколько 0,971016 0,001021
место 0,402511 0,000635
начало 0,760451 0,000800
токовый 5,129899 0,002697
натуральный 3,050457 0,001604
мы 0,195425 0,000103
участие 0,457070 0,000240
крокет 1,728701 0,000909
на 0,023953 0,000491
водный 0,723179 0,001521
свежий 0,839439 0,000441
simpl 1,140915 0,000600
использовать 0,940244 0,000494
не 0,099461 0,000366
онлайн 0,773190 0,000407
но 0,402511 0,000635
xix 1,834062 0,000964
раздел 1,574551 0,001656
внешний 1,104547 0,000581
гунтис 5,129899 0,002697
категория 0,881403 0,000927
норвежский 1,345709 0,000708
начинать 1,140915 0,001200
количество 0,853233 0,000897
бейсбол 1,416327 0,001489
magyar 1,086847 0,000571
русская 1,797694 0,002835
об 0,217244 0,000114
владимир 1,392229 0,001464
каякинг 5,129899 0,002697
ои 0,812411 0,038015
справка 0,986764 0,000519
развитие 1,140915 0,001200
он 0,475938 0,000500
мужчина 0,812411 0,000427
тхэквондо 1,633391 0,000859
монета 3,183989 0,001674
от 0,160085 0,000168
форум 0,867219 0,000456
сотня 2,827314 0,001486
поручение 5,129899 0,002697
зубков 5,129899 0,008091
статистика 0,630089 0,000331
официальный 0,735450 0,000387
бокс 0,534779 0,000562
слэклайн 5,129899 0,002697
вернуть 1,695912 0,000892
внимание 1,695912 0,000892
tobagan 5,129899 0,002697
упатниекса 5,129899 0,002697
все 0,067304 0,000106
википедия 0,986764 0,004669
сведение 0,786093 0,000413
пришествие 5,129899 0,002697
по 0,073653 0,000658
inc 0,986764 0,000519
сюжет 3,050457 0,001604
сократить 2,564949 0,001349
миллион 1,392229 0,001464
кыргызча 2,085376 0,001096
сообщество 0,910391 0,000479
википедии 0,986764 0,001038
источник 0,786093 0,000413
