париж 1,392229 0,000822
долгий 1,728701 0,001020
придумать 2,490841 0,001470
формула 1,574551 0,040897
новый 0,239550 0,002404
день 0,699082 0,000413
образ 1,178655 0,000696
рпл 1,140915 0,001347
медальный 1,797694 0,002122
жуткий 4,031286 0,002380
вынести 2,357310 0,001392
еще 0,167054 0,000296
дружить 4,436752 0,002619
теннис 0,475938 0,000843
выйти 0,773190 0,000456
любить 1,466337 0,000866
марафон 2,490841 0,001470
dota 2,490841 0,001470
стиль 1,603538 0,000947
fiat 5,129899 0,003028
ставка 0,799165 0,000472
апл 1,871802 0,001105
со 0,447767 0,000264
прервать 1,762603 0,001040
центр 0,773190 0,001369
важный 0,986764 0,001748
мозг 3,050457 0,005402
пойти 2,185460 0,001290
полный 0,940244 0,001110
предел 1,603538 0,000947
доверие 3,743604 0,004420
помощь 1,368699 0,000808
рейд 2,490841 0,001470
а 0,209918 0,000620
в 0,017911 0,000761
е 0,867219 0,001024
реклама 0,687247 0,001623
фото 0,799165 0,002359
и 0,023953 0,000325
й 0,825834 0,001950
голосовать 3,338139 0,001971
к 0,132686 0,000392
велоспорт 1,178655 0,000696
альпинизм 1,301257 0,001536
о 0,042302 0,000225
чужая 3,338139 0,001971
р 2,239527 0,002644
с 0,036149 0,000469
сейчас 1,104547 0,002608
она 0,597299 0,001058
автоспорт 3,338139 0,003941
суд 2,421849 0,001430
перфлюенс 2,564949 0,001514
у 0,342407 0,001011
ф 1,728701 0,015307
х 0,986764 0,001748
британец 2,490841 0,001470
аэродинамический 3,520461 0,002078
область 1,633391 0,000964
китай 1,695912 0,001001
авария 3,520461 0,006235
авто 0,925206 0,001638
сезон 0,723179 0,003415
ты 1,871802 0,001105
хэмилтон 2,490841 0,010293
инженерный 5,129899 0,009085
булла 2,357310 0,008349
собрать 2,357310 0,001392
я 0,747872 0,001324
поп 1,664163 0,000982
футбол 0,247097 0,000583
потенциальный 3,183989 0,003759
роскошь 4,436752 0,002619
мир 0,277868 0,001148
атлетика 0,955511 0,001128
лейкерс 2,239527 0,001322
вхл 1,664163 0,000982
регби 0,955511 0,000564
информационный 1,122566 0,000663
теперь 0,971016 0,001146
бояться 4,031286 0,007139
итальянский 1,633391 0,001928
этап 0,895792 0,001058
ньюи 5,129899 0,012113
проект 0,457070 0,000270
время 0,384967 0,000682
социальный 1,603538 0,000947
билль 2,296685 0,001356
ооо 1,871802 0,003315
тренд 2,185460 0,001290
the 1,546380 0,003651
okko 2,357310 0,001392
гаджеты 2,421849 0,001430
мощный 2,038856 0,001204
макса 2,038856 0,002407
сильный 1,198073 0,002122
главный 0,565551 0,001002
проблема 1,122566 0,002651
трицикл 5,129899 0,003028
составлять 1,518981 0,000897
методика 2,644992 0,001561
шайба 0,986764 0,000583
голосование 2,732003 0,006451
появиться 1,159607 0,000685
уэббер 5,129899 0,003028
rds 1,911023 0,003384
обсуждать 1,797694 0,001061
юбилей 2,564949 0,001514
италия 0,524729 0,000310
футзал 2,085376 0,001231
прошлый 1,518981 0,000897
bellat 2,490841 0,001470
isu 1,603538 0,000947
шанс 1,258698 0,000743
прийтись 1,871802 0,001105
корбюзье 5,129899 0,003028
находиться 0,925206 0,001092
правовой 2,038856 0,001204
кадровый 2,932674 0,005194
наконец 2,296685 0,001356
незабываемый 5,129899 0,006057
выступить 1,238078 0,000731
увидеть 2,296685 0,002712
сноуборд 1,178655 0,001392
переворот 4,031286 0,004759
показать 0,504926 0,001788
антигонки 5,129899 0,003028
пляжный 1,603538 0,001893
крутой 2,239527 0,001322
мма 1,069456 0,001894
австралия 1,664163 0,002947
инна 2,296685 0,004067
спороть 3,520461 0,002078
кремль 2,421849 0,001430
истинный 4,436752 0,002619
шумахер 3,520461 0,004156
однако 1,069456 0,000631
удалить 1,951845 0,001152
олимпизм 1,466337 0,000866
закрыть 2,490841 0,001470
подняться 2,490841 0,002941
бахрейн 2,932674 0,008656
олимпийский 0,342407 0,000202
карьер 0,925206 0,000546
инженер 3,338139 0,001971
млс 2,296685 0,001356
завод 3,050457 0,001801
гонщик 2,421849 0,004289
повисеть 5,129899 0,003028
изменить 1,728701 0,001020
рассматривать 2,732003 0,004838
полиция 3,338139 0,001971
дэвис 1,633391 0,000964
запомниться 3,050457 0,001801
надеяться 2,421849 0,001430
гонка 0,853233 0,003022
гран 1,518981 0,001793
торо 5,129899 0,003028
один 0,342407 0,000202
волейбол 0,955511 0,001128
иметь 1,069456 0,000631
совет 0,825834 0,000488
мотогонка 2,490841 0,002941
видео 0,699082 0,002063
привезти 2,827314 0,003338
биатлон 0,485508 0,001433
плавание 1,178655 0,000696
чм 1,492313 0,002643
оценить 1,603538 0,001893
эфир 1,695912 0,002002
смотреться 5,129899 0,003028
нация 1,797694 0,001061
лишь 1,159607 0,000685
live 1,492313 0,000881
последний 0,376309 0,000444
крыша 2,564949 0,001514
завершить 1,052361 0,000621
класс 1,728701 0,001020
провал 2,490841 0,001470
сокрытие 4,436752 0,002619
самодельный 5,129899 0,003028
мой 1,368699 0,002424
дорогой 2,134166 0,001260
хэмилтона 5,129899 0,003028
gp 2,490841 0,001470
кажется 2,644992 0,001561
момент 0,910391 0,001075
counter 1,911023 0,001128
содружество 1,518981 0,000897
биться 2,564949 0,001514
букмекер 1,140915 0,002021
ферстаппен 2,490841 0,007352
ресурс 0,812411 0,000480
лидер 1,258698 0,000743
метод 3,050457 0,001801
джин 2,038856 0,001204
южный 1,159607 0,000685
мука 4,436752 0,002619
хаджар 4,436752 0,007857
среда 1,871802 0,002210
технология 0,786093 0,000464
ranym 2,564949 0,001514
батарея 4,436752 0,007857
киберспорт 1,762603 0,001040
названый 2,490841 0,001470
эксклюзив 2,357310 0,001392
автогонки 4,436752 0,002619
самбо 1,994404 0,001177
скидка 2,185460 0,001290
виноватый 3,520461 0,002078
трансфер 1,492313 0,000881
brave 2,564949 0,001514
телевизор 3,743604 0,004420
спорткар 5,129899 0,003028
официально 1,159607 0,002054
результат 0,524729 0,000310
ливерпуль 1,951845 0,001152
wta 2,038856 0,003611
мобильный 0,555188 0,000655
чемпионский 1,574551 0,001859
выглядеть 2,827314 0,005007
команда 0,262364 0,001084
большой 0,687247 0,000811
назначить 1,871802 0,001105
ranynuevrg 2,564949 0,001514
лос 1,518981 0,000897
новичок 1,797694 0,001061
удивить 2,827314 0,003338
признаться 1,994404 0,001177
конференция 1,392229 0,000822
оживить 4,031286 0,002380
конечно 2,932674 0,001731
pfl 2,421849 0,001430
суперкар 2,564949 0,006057
боттас 2,490841 0,001470
единый 1,104547 0,000652
ничего 2,732003 0,001613
албон 4,436752 0,002619
мартин 2,038856 0,010832
увеличивать 3,050457 0,005402
лимитировать 5,129899 0,003028
японский 2,296685 0,001356
стать 0,217244 0,000641
скелетон 1,258698 0,000743
работать 1,518981 0,000897
определиться 3,050457 0,001801
возможно 1,664163 0,000982
мерседес 2,421849 0,010008
вчера 1,518981 0,000897
керлинг 1,086847 0,000642
двукратный 2,239527 0,001322
леклер 2,490841 0,001470
подразделение 4,436752 0,007857
это 0,181139 0,000535
два 0,504926 0,000298
прыжок 0,940244 0,001110
прямой 1,695912 0,001001
турин 2,490841 0,001470
strike 2,564949 0,001514
новость 0,285712 0,002024
ферстаппена 4,436752 0,007857
мотор 4,436752 0,018334
его 0,447767 0,000529
гоночный 4,436752 0,007857
дерби 2,357310 0,001392
красивый 2,644992 0,001561
ломать 4,031286 0,002380
жизнь 0,881403 0,000520
только 0,447767 0,000264
конкурент 2,564949 0,001514
менять 1,994404 0,002355
ферстаппену 5,129899 0,003028
нельзя 2,296685 0,001356
перестановка 3,050457 0,005402
старт 1,035554 0,003668
молодёжке 4,031286 0,002380
com 0,925206 0,000546
шорты 1,035554 0,000611
сериал 2,185460 0,001290
нхл 0,925206 0,000546
анджелес 1,492313 0,000881
турнир 0,293617 0,000867
горнолыжный 1,301257 0,001536
аравия 1,834062 0,001083
табло 2,357310 0,001392
дрифт 2,421849 0,002859
баскский 1,664163 0,000982
канал 1,416327 0,000836
политик 0,224624 0,000133
включить 1,392229 0,001644
уход 1,834062 0,003248
хороший 0,393700 0,002092
обида 3,743604 0,002210
тренировка 0,895792 0,000529
падел 2,296685 0,001356
красный 1,069456 0,000631
значит 2,644992 0,003123
фигурный 0,514778 0,000608
конфиденциальность 0,293617 0,000173
паралимпиада 2,490841 0,001470
подарить 2,421849 0,001430
гандбол 1,122566 0,000663
феттель 5,129899 0,003028
мультфильм 4,436752 0,002619
экстремальнее 5,129899 0,003028
общий 0,986764 0,000583
ребята 2,932674 0,001731
релиз 1,911023 0,001128
назад 1,140915 0,000674
шахматы 1,834062 0,001083
критика 1,951845 0,003457
первый 0,317714 0,001500
двигатель 4,436752 0,005238
паралимпиаде 2,490841 0,001470
мхл 1,603538 0,000947
итог 0,867219 0,000512
февраль 0,202645 0,002871
amr 5,129899 0,006057
ошибка 0,576022 0,000680
идти 1,159607 0,002054
евротур 2,357310 0,001392
значение 1,258698 0,000743
антонио 3,050457 0,001801
камаз 2,732003 0,001613
раздавать 4,436752 0,002619
марино 2,827314 0,001669
германий 0,723179 0,000427
мягкий 3,183989 0,001880
никто 1,574551 0,000929
игра 0,112619 0,000066
стролла 5,129899 0,003028
мощь 3,183989 0,001880
профессиональный 1,052361 0,000621
гайда 2,564949 0,001514
главное 0,524729 0,000310
так 0,597299 0,000353
французский 1,052361 0,000621
титул 1,301257 0,001536
фифа 1,728701 0,001020
любительский 1,416327 0,000836
больший 0,457070 0,001349
интервью 0,971016 0,000573
кто 0,747872 0,000441
итальянец 2,421849 0,001430
спорный 2,732003 0,003226
баз 1,664163 0,000982
активный 1,546380 0,000913
раскрыть 1,871802 0,002210
событие 0,565551 0,000668
использование 0,277868 0,000164
англия 1,238078 0,000731
неделя 1,217876 0,002157
август 1,035554 0,002445
пора 1,392229 0,001644
самый 0,608110 0,000718
мотивация 2,357310 0,001392
утечка 5,129899 0,003028
лэнса 5,129899 0,003028
championat 1,834062 0,001083
быть 0,119263 0,000422
аналитик 2,038856 0,002407
расселл 2,296685 0,004067
окко 2,490841 0,001470
мельбурн 3,183989 0,003759
автомобиль 2,644992 0,003123
мчм 2,490841 0,001470
расстроить 4,436752 0,002619
молодежный 1,159607 0,000685
есть 0,812411 0,001918
уильямс 2,296685 0,002712
эдриан 5,129899 0,003028
вылет 2,490841 0,001470
спорт 0,125952 0,000595
ледовый 1,994404 0,001177
проверка 1,911023 0,002256
франция 0,675551 0,000399
мочь 0,350775 0,000414
этот 0,350775 0,000621
шоу 1,441019 0,000851
сам 0,747872 0,001324
борьба 0,723179 0,000427
объем 2,490841 0,004411
сан 2,038856 0,002407
запомнить 3,743604 0,002210
ауди 4,436752 0,002619
приложение 1,574551 0,001859
марка 1,834062 0,001083
сборная 0,342407 0,000606
болид 4,031286 0,026177
встроить 4,031286 0,002380
монтойя 5,129899 0,003028
фиа 4,436752 0,020953
санный 1,301257 0,000768
женский 0,663991 0,000392
вообще 1,911023 0,002256
правило 0,986764 0,000583
паратриатлон 2,490841 0,001470
безумный 4,436752 0,002619
инновационный 4,031286 0,002380
фристайл 1,238078 0,001462
удаться 1,994404 0,001177
гимнастика 1,198073 0,000707
бы 1,052361 0,001242
уефа 1,466337 0,001731
кхл 0,760451 0,000898
призвать 2,085376 0,003693
пресс 0,895792 0,000529
алонсо 2,421849 0,008578
позволить 2,085376 0,001231
кубок 0,376309 0,002444
легенда 1,416327 0,000836
спортивный 0,301585 0,000178
зарплата 1,871802 0,001105
женщина 0,663991 0,000392
спонсор 1,664163 0,000982
прогноз 1,994404 0,001177
режиссер 3,338139 0,001971
rss 2,085376 0,002462
sf 5,129899 0,003028
вернуться 0,986764 0,001165
чемпионат 0,188256 0,001667
вы 0,309617 0,000366
киберклубы 2,564949 0,001514
canal 5,129899 0,003028
барселона 1,416327 0,000836
разбить 2,564949 0,001514
пожалуйста 1,633391 0,000964
российский 0,224624 0,000265
ranymavgga 2,564949 0,001514
волна 2,827314 0,001669
испания 1,159607 0,001369
цель 1,238078 0,000731
специалист 1,797694 0,001061
версия 0,393700 0,000697
расплата 5,129899 0,003028
хонда 4,436752 0,005238
россия 0,139466 0,000988
интернет 1,574551 0,000929
тест 1,546380 0,019170
испугаться 4,436752 0,002619
гп 4,031286 0,002380
макларен 2,490841 0,001470
скорость 1,951845 0,001152
свой 0,586604 0,000693
последниевсе 2,564949 0,001514
свое 0,457070 0,001079
всякий 2,827314 0,001669
январь 0,786093 0,000464
назвать 0,940244 0,001665
настольный 1,198073 0,000707
проведение 1,104547 0,001956
шина 4,031286 0,002380
восхищаться 4,031286 0,002380
россо 5,129899 0,003028
дождев 4,436752 0,002619
еврокубок 2,296685 0,001356
перед 0,839439 0,000496
сайт 0,411400 0,000243
четвертый 1,695912 0,003003
до 0,239550 0,000141
усомниться 4,436752 0,002619
высокооплачиваемый 3,520461 0,002078
великий 2,239527 0,001322
полезный 1,695912 0,001001
суперкомандой 5,129899 0,006057
другой 0,188256 0,000333
представить 1,518981 0,000897
соответствие 1,002764 0,000592
работа 1,086847 0,001283
подиум 3,743604 0,004420
спринт 1,871802 0,003315
трек 1,104547 0,000652
европа 0,393700 0,000465
atp 1,994404 0,003532
презентация 3,050457 0,001801
формульный 4,436752 0,002619
утро 2,421849 0,001430
улететь 4,436752 0,002619
введение 2,296685 0,001356
ее 0,723179 0,000427
завтра 1,951845 0,001152
сеть 1,258698 0,000743
евро 1,466337 0,000866
реслинг 2,564949 0,001514
кино 2,134166 0,001260
erid 2,239527 0,003966
редакция 0,940244 0,003330
кинг 2,239527 0,001322
пока 1,159607 0,000685
питание 2,239527 0,001322
посол 0,301585 0,001068
баскетбол 0,723179 0,000854
саудовский 1,834062 0,001083
mls 2,421849 0,001430
сей 2,421849 0,001430
знать 1,345709 0,001589
причина 1,368699 0,000808
mdvh 2,564949 0,001514
флаг 0,895792 0,000529
суматошный 5,129899 0,003028
фортуна 2,421849 0,001430
заподозрить 5,129899 0,003028
вид 0,393700 0,000697
бороться 1,633391 0,000964
трасса 2,134166 0,003780
днк 4,031286 0,007139
veyron 5,129899 0,003028
спёрс 3,743604 0,002210
евролига 1,664163 0,000982
кими 4,436752 0,002619
мастер 1,518981 0,000897
android 2,185460 0,001290
попасть 1,140915 0,000674
горячее 3,338139 0,007882
астон 2,185460 0,011611
впереди 2,421849 0,002859
обновить 2,085376 0,001231
взаимный 3,183989 0,001880
чемп 2,564949 0,001514
что 0,195425 0,001269
править 0,544931 0,001930
за 0,125952 0,001041
сессия 2,732003 0,001613
бобслей 1,217876 0,000719
полсекунды 5,129899 0,003028
рейтинг 0,524729 0,002788
согласиться 2,357310 0,004175
форма 1,086847 0,001283
трансляция 1,217876 0,002157
race 3,338139 0,007882
зачет 1,416327 0,001672
намного 2,932674 0,001731
сид 2,490841 0,001470
пирелли 5,129899 0,003028
применяться 1,217876 0,000719
статья 0,495170 0,000292
высказывание 3,520461 0,004156
босс 3,338139 0,005912
альпина 2,421849 0,002859
дакар 2,421849 0,001430
честь 1,911023 0,001128
из 0,106018 0,000751
play 1,441019 0,000851
здорово 3,183989 0,001880
мяч 0,735450 0,000434
наш 0,652562 0,000385
ответить 1,664163 0,004912
юниорский 2,296685 0,001356
серьезный 1,633391 0,001928
нба 1,546380 0,000913
их 0,799165 0,001415
мекис 5,129899 0,009085
получить 0,384967 0,000227
разве 3,520461 0,002078
контакт 1,035554 0,000611
ови 2,490841 0,001470
план 1,664163 0,000982
пилот 4,031286 0,007139
хоккей 0,285712 0,001181
ливрея 4,436752 0,010476
объяснить 1,633391 0,000964
двоеборье 1,217876 0,000719
творение 5,129899 0,003028
здоровье 1,323236 0,000781
восьмой 2,239527 0,001322
рекомендательный 1,518981 0,000897
прочий 1,069456 0,006313
доминатор 5,129899 0,003028
ски 1,069456 0,001263
серия 0,586604 0,000346
ралли 2,357310 0,005566
трансформеров 5,129899 0,003028
экран 2,932674 0,001731
тачка 5,129899 0,003028
год 0,099461 0,000352
машина 2,564949 0,021198
жидкость 4,031286 0,002380
приходиться 2,038856 0,003611
матч 0,293617 0,000867
суперлига 1,441019 0,001701
деталь 2,644992 0,003123
соперник 0,853233 0,000504
младший 1,911023 0,001128
лыжный 0,675551 0,000798
который 0,325878 0,000577
конькобежный 1,140915 0,000674
убрать 2,239527 0,003966
легкий 0,895792 0,001058
турция 1,664163 0,001965
маз 5,129899 0,003028
анимированные 5,129899 0,003028
лоусон 4,436752 0,005238
снукер 2,564949 0,001514
ман 4,436752 0,002619
ле 2,038856 0,001204
ли 1,198073 0,003536
знание 1,951845 0,002304
привести 1,466337 0,000866
учиться 3,183989 0,001880
паратхэквондо 2,490841 0,001470
льюис 2,296685 0,002712
рассказать 1,122566 0,001988
сегодня 0,881403 0,000520
побеждать 1,951845 0,001152
норрис 2,421849 0,005719
случай 0,867219 0,000512
кошмар 2,827314 0,001669
сразу 1,392229 0,000822
lifestyl 2,490841 0,001470
разбирать 3,338139 0,001971
америка 1,279751 0,003022
деть 0,619039 0,002193
ощущение 3,743604 0,002210
сити 1,546380 0,000913
многострадальный 5,129899 0,003028
нужный 1,834062 0,001083
гений 3,338139 0,001971
несколько 0,971016 0,001146
начало 0,760451 0,001347
евробаскет 2,490841 0,001470
раскраска 4,436752 0,002619
лига 0,325878 0,001924
никакой 2,085376 0,001231
необычный 2,827314 0,001669
отдых 2,038856 0,001204
включать 1,323236 0,002343
мы 0,195425 0,000231
участие 0,457070 0,000270
на 0,023953 0,000382
топ 1,238078 0,003654
состав 0,867219 0,001536
олимпиада 0,576022 0,001360
водный 0,723179 0,000427
тот 0,393700 0,000697
глаз 2,239527 0,001322
месть 3,743604 0,002210
не 0,099461 0,000998
календарь 0,675551 0,001196
трамплин 1,140915 0,001347
самостоятельно 3,338139 0,001971
досрочно 2,421849 0,001430
онлайн 0,773190 0,000913
феррари 2,490841 0,014704
электрический 3,743604 0,006630
любитель 1,238078 0,000731
но 0,402511 0,001188
межсезонье 2,732003 0,001613
гоняться 5,129899 0,003028
ну 2,827314 0,001669
история 0,270086 0,000797
нарваться 4,436752 0,002619
длить 0,146292 0,000173
цареградцевым 5,129899 0,003028
клубный 1,416327 0,000836
угнаться 5,129899 0,003028
ои 0,812411 0,001439
обновление 2,185460 0,002580
худой 2,732003 0,001613
бой 1,279751 0,000755
мужчина 0,812411 0,000480
антонелли 4,436752 0,005238
чемпион 0,334108 0,000986
даже 1,198073 0,002122
от 0,160085 0,000284
валттери 2,490841 0,001470
бокс 0,534779 0,001263
поменять 2,644992 0,001561
железо 2,357310 0,001392
слать 1,728701 0,002041
катание 0,514778 0,000608
первое 0,393700 0,000930
как 0,232059 0,000685
участник 0,799165 0,000472
сталкиваться 3,520461 0,004156
лиам 4,436752 0,002619
лыжа 0,925206 0,001638
все 0,067304 0,000516
спортавто 5,129899 0,003028
условие 0,334108 0,000197
объявить 1,492313 0,002643
возможность 1,279751 0,003022
провалиться 5,129899 0,003028
по 0,073653 0,000174
уникальный 2,421849 0,001430
информация 0,608110 0,000359
талант 2,644992 0,001561
травля 4,031286 0,002380
норрисом 5,129899 0,003028
принять 0,786093 0,000464
замечание 3,743604 0,004420
круглосуточный 2,564949 0,001514
предсезонный 3,183989 0,001880
гаснуть 2,421849 0,002859
ufc 1,441019 0,000851
миллион 1,392229 0,000822
какой 1,002764 0,001184
кадиллак 4,436752 0,007857
медленный 3,520461 0,002078
утренний 4,031286 0,002380
второй 0,576022 0,000680
переть 0,359214 0,000636
источник 0,786093 0,000928
bugatti 5,129899 0,003028
