рф 1,871802 0,002250
найти 1,122566 0,001349
еще 0,167054 0,000201
санкция 2,421849 0,018921
вынесение 3,743604 0,008999
ребенок 1,323236 0,001590
успех 1,518981 0,000913
со 0,447767 0,000538
согласие 2,038856 0,002451
важный 0,986764 0,000593
задать 2,827314 0,003398
полный 0,940244 0,000565
предел 1,603538 0,001927
декабрь 0,853233 0,001538
дростанолона 5,129899 0,009249
а 0,209918 0,001514
в 0,017911 0,000570
антидопинговый 3,183989 0,068884
г 0,925206 0,005004
д 0,895792 0,001077
ти 3,743604 0,017998
фото 0,799165 0,001441
и 0,023953 0,000806
политика 2,732003 0,001642
связь 0,747872 0,002247
к 0,132686 0,000877
о 0,042302 0,000305
п 1,086847 0,004572
с 0,036149 0,000869
инициировать 5,129899 0,006166
применять 2,732003 0,003284
лекарство 4,031286 0,021804
область 1,633391 0,003926
собрать 2,357310 0,001417
местонахождение 4,436752 0,007999
местоположение 4,436752 0,005333
атлетика 0,955511 0,001148
пройти 0,544931 0,000655
ул 2,732003 0,003284
информационный 1,122566 0,001349
теперь 0,971016 0,001167
пауэрлифтинг 4,436752 0,002666
входить 1,258698 0,001513
осведомитель 5,129899 0,006166
проект 0,457070 0,000549
e 1,603538 0,001927
копирование 4,031286 0,002423
s 1,664163 0,007001
правообладатель 2,296685 0,001380
ранее 1,104547 0,000664
раздеть 1,871802 0,001125
соответствующий 1,695912 0,002038
иной 2,038856 0,002451
также 0,663991 0,001596
чистый 2,038856 0,001225
получение 2,085376 0,005013
честно 3,050457 0,003666
реализовать 2,827314 0,006796
метаболит 5,129899 0,030829
региональный 1,871802 0,001125
написать 2,038856 0,001225
галерея 2,732003 0,003284
научный 2,732003 0,003284
территория 1,518981 0,001826
правовой 2,038856 0,001225
отлагательств 5,129899 0,006166
направлять 3,338139 0,002006
задача 1,546380 0,001859
отбор 2,296685 0,002760
en 2,932674 0,001762
идк 5,129899 0,003083
карьер 0,925206 0,001112
система 0,799165 0,001441
читать 0,555188 0,001335
тяжелый 0,940244 0,000565
отказ 0,839439 0,000504
поддержка 1,546380 0,000929
один 0,342407 0,000412
пул 4,436752 0,013332
оценка 1,797694 0,002161
дисциплина 1,546380 0,001859
соревновательный 2,644992 0,003179
иметь 1,069456 0,001285
антидопинга 5,129899 0,006166
видео 0,699082 0,001260
денис 2,296685 0,001380
отстранение 2,644992 0,006358
драничникова 5,129899 0,003083
пользоваться 2,490841 0,002994
последний 0,376309 0,000226
класс 1,728701 0,007272
часто 1,574551 0,000946
загрузка 3,338139 0,002006
обновлять 4,436752 0,002666
норэтиохоланолона 5,129899 0,006166
запросить 4,031286 0,004845
курс 2,490841 0,008981
гидрохлоротиазида 5,129899 0,009249
метод 3,050457 0,003666
карта 2,085376 0,001253
информатор 4,436752 0,005333
всемирный 1,762603 0,006356
обнаружение 4,031286 0,007268
функциональность 5,129899 0,003083
через 0,971016 0,000584
секрет 3,338139 0,002006
москва 0,576022 0,000692
предоставлять 2,932674 0,001762
врач 2,490841 0,002994
rusada 5,129899 0,030829
местеролона 5,129899 0,003083
этика 3,183989 0,007654
результат 0,524729 0,002523
соблюдение 2,732003 0,003284
опыт 1,834062 0,002204
поступить 3,183989 0,003827
ноябрь 0,955511 0,000574
общероссийский 3,338139 0,020061
лицо 1,695912 0,001019
команда 0,262364 0,000315
далее 2,185460 0,005254
должен 0,597299 0,001436
конференция 1,392229 0,001673
являться 1,019025 0,003674
документ 2,038856 0,009802
проводиться 1,086847 0,001306
открыто 4,436752 0,002666
субстанция 5,129899 0,021580
стать 0,217244 0,000131
обладать 2,490841 0,002994
болденона 5,129899 0,006166
обращение 0,910391 0,000547
группа 1,122566 0,001349
верность 3,743604 0,002250
возобновление 2,644992 0,003179
обработка 2,085376 0,012532
это 0,181139 0,000218
спортсмен 0,565551 0,010876
комиссия 2,239527 0,005383
новость 0,285712 0,001717
законодательство 2,932674 0,003525
его 0,447767 0,002153
беляев 3,338139 0,002006
терпеть 4,031286 0,004845
только 0,447767 0,000538
планирование 3,743604 0,004500
обширный 3,743604 0,004500
mail 1,301257 0,001564
или 0,576022 0,002769
павловский 5,129899 0,003083
относиться 1,368699 0,005758
амбассадоры 4,031286 0,004845
защита 1,441019 0,001732
избежание 3,743604 0,002250
николаев 4,436752 0,002666
включить 1,392229 0,000837
вад 3,520461 0,016925
играть 0,895792 0,001077
внесоревновательным 5,129899 0,006166
программа 0,799165 0,003362
нарушение 1,416327 0,016172
конфиденциальность 0,293617 0,000353
true 4,031286 0,002423
офицер 2,932674 0,003525
дисквалификации 2,732003 0,011493
продолжать 1,258698 0,000756
список 0,986764 0,006523
памятка 5,129899 0,006166
вопрос 1,104547 0,004647
деятельность 1,546380 0,004647
целевой 3,743604 0,004500
расследование 2,932674 0,021149
сохранять 2,564949 0,003083
стратегия 2,239527 0,001346
против 0,747872 0,000899
ваш 2,038856 0,008577
именно 1,492313 0,007175
имя 1,178655 0,000708
профессиональный 1,052361 0,000632
главное 0,524729 0,000315
так 0,597299 0,001436
ответ 2,239527 0,002692
федерация 0,495170 0,002381
задачаемые 5,129899 0,003083
срок 1,546380 0,003717
больший 0,457070 0,002197
бад 5,129899 0,006166
кто 0,747872 0,000449
событие 0,565551 0,000680
сдача 3,338139 0,002006
пользователь 1,911023 0,001148
дисквалифицировать 2,085376 0,005013
использование 0,277868 0,001670
самый 0,608110 0,000365
допустимый 2,644992 0,001590
материал 0,309617 0,000186
участвовать 0,955511 0,000574
сообщить 0,447767 0,000538
соревнование 0,411400 0,000494
быть 0,119263 0,000430
кук 0,971016 0,001167
определение 2,085376 0,002506
разработка 2,357310 0,001417
спорт 0,125952 0,000833
разработать 1,728701 0,001039
практик 2,239527 0,002692
ряд 1,198073 0,000720
проверка 1,911023 0,002297
национальный 0,839439 0,001009
мочь 0,350775 0,001054
этот 0,350775 0,000843
объем 2,490841 0,001497
борьба 0,723179 0,000869
марка 1,834062 0,001102
сбор 1,368699 0,001645
правило 0,986764 0,002372
основной 1,122566 0,004722
терапевтический 4,436752 0,015998
ознакомиться 5,129899 0,006166
обязанность 2,490841 0,002994
можно 1,002764 0,000603
дать 0,608110 0,001462
персональный 0,723179 0,001738
неблагоприятный 4,031286 0,004845
ru 0,285712 0,001030
возможный 1,392229 0,002510
бодибилдинг 5,129899 0,027746
организовать 1,466337 0,000881
стремление 3,520461 0,004231
стандарт 2,421849 0,013099
спортивный 0,301585 0,001812
во 0,495170 0,000298
готовый 1,994404 0,001199
своевременный 4,436752 0,007999
раа 5,129899 0,021580
отдел 3,183989 0,015308
дайджест 4,031286 0,004845
дата 0,799165 0,001921
вы 0,309617 0,000744
образование 2,038856 0,006126
пожалуйста 1,633391 0,000982
российский 0,224624 0,000540
проводить 0,910391 0,001094
цель 1,238078 0,005208
необходимо 1,994404 0,002397
полномочие 3,183989 0,003827
просто 1,492313 0,000897
тест 1,546380 0,001859
простой 2,239527 0,002692
просьба 3,338139 0,002006
свой 0,586604 0,000353
основать 1,466337 0,001762
требование 1,797694 0,006482
осведемлен 5,129899 0,003083
образовательный 2,421849 0,005822
январь 0,786093 0,001890
чтобы 0,773190 0,000929
проведение 1,104547 0,001328
беговой 3,183989 0,003827
необходимость 2,185460 0,003940
сайт 0,411400 0,001236
проба 3,338139 0,016049
библиотека 3,520461 0,002116
полезный 1,695912 0,001019
правый 0,971016 0,003501
файл 2,827314 0,006796
реализоваться 4,436752 0,002666
другой 0,188256 0,000226
соответствие 1,002764 0,005424
работа 1,086847 0,001959
давать 1,416327 0,001702
регламентироваться 3,050457 0,003666
ее 0,723179 0,000869
тренболона 5,129899 0,003083
направление 1,728701 0,003117
запретить 1,178655 0,009917
наказание 2,490841 0,002994
определять 2,185460 0,002627
период 1,035554 0,001245
защищать 2,296685 0,001380
применить 3,050457 0,007333
факт 1,797694 0,004321
доказательство 4,031286 0,004845
контроль 1,951845 0,002346
вид 0,393700 0,002366
подавать 3,183989 0,007654
всегда 1,258698 0,002269
рассмотрение 3,743604 0,008999
кодекс 0,971016 0,002918
править 0,544931 0,006877
за 0,125952 0,000606
поощрять 4,031286 0,004845
оказать 2,732003 0,003284
форма 1,086847 0,000653
оперативный 5,129899 0,006166
зачет 1,416327 0,003405
несоблюдение 4,436752 0,005333
мероприятие 1,762603 0,004237
свободный 0,867219 0,001042
нормативный 5,129899 0,009249
отбыть 5,129899 0,012331
инструментарий 5,129899 0,003083
честный 2,564949 0,004624
однозначный 5,129899 0,006166
процедура 2,490841 0,005988
если 0,675551 0,000406
любой 1,238078 0,002232
из 0,106018 0,000382
временной 2,732003 0,006567
play 1,441019 0,000866
наш 0,652562 0,000784
ответить 1,664163 0,001000
удобный 2,564949 0,004624
их 0,799165 0,000961
получить 0,384967 0,000463
контакт 1,035554 0,002489
напоминать 2,644992 0,001590
план 1,664163 0,005000
тема 1,104547 0,001328
хоккей 0,285712 0,000172
сервис 1,368699 0,001645
тестирование 4,031286 0,043608
различный 1,441019 0,005196
гот 2,038856 0,001225
тело 1,762603 0,001059
заниматься 1,574551 0,003785
технический 1,416327 0,001702
анализ 2,296685 0,008281
вооруженный 2,732003 0,001642
подписаться 2,732003 0,004925
здоровый 3,183989 0,001913
отчет 2,490841 0,002994
год 0,099461 0,000717
международный 0,466460 0,004485
лечение 3,743604 0,004500
комитет 1,368699 0,001645
андрей 1,258698 0,000756
управление 2,239527 0,002692
оптимизировать 5,129899 0,003083
который 0,325878 0,001175
просвещение 4,436752 0,005333
легкий 0,895792 0,000538
крупный 1,198073 0,000720
агентство 1,994404 0,007191
артем 1,951845 0,001173
допинг 1,871802 0,015748
знание 1,951845 0,004692
пода 4,031286 0,002423
побеждать 1,951845 0,001173
акт 4,436752 0,002666
содействие 4,031286 0,004845
случай 0,867219 0,003127
тестированиям 5,129899 0,006166
такой 0,735450 0,000884
строгий 2,239527 0,002692
нужный 1,834062 0,001102
предоставить 2,564949 0,003083
кленбутерола 5,129899 0,003083
предварительный 2,421849 0,005822
регион 1,834062 0,002204
запрос 2,421849 0,005822
миссия 3,743604 0,004500
решение 0,839439 0,004036
лига 0,325878 0,000392
cooki 2,564949 0,009249
вакансия 2,357310 0,002833
включать 1,323236 0,000795
мы 0,195425 0,000705
участие 0,457070 0,000549
разрешение 2,732003 0,004925
на 0,023953 0,000461
тот 0,393700 0,000237
персонализации 5,129899 0,003083
норандростерона 5,129899 0,009249
не 0,099461 0,000359
использовать 0,940244 0,002260
календарь 0,675551 0,000812
разрабатывать 4,436752 0,010665
указать 1,198073 0,002160
онлайн 0,773190 0,002323
почта 2,185460 0,001313
adam 3,520461 0,002116
длить 0,146292 0,000440
начинать 1,140915 0,002743
об 0,217244 0,000131
уровень 1,086847 0,002613
орган 2,134166 0,002565
нажимать 2,732003 0,001642
обязать 2,038856 0,002451
завершение 1,695912 0,002038
настройка 3,743604 0,002250
от 0,160085 0,000289
контактный 2,421849 0,002911
адамс 3,743604 0,011249
установление 3,338139 0,004012
как 0,232059 0,000837
все 0,067304 0,000283
препарат 3,183989 0,009567
условие 0,334108 0,000201
по 0,073653 0,000797
предусмотренный 5,129899 0,012331
информация 0,608110 0,006944
русада 3,520461 0,067701
принять 0,786093 0,002834
немой 1,416327 0,001702
риск 2,357310 0,002833
наличие 2,357310 0,005667
обратный 1,178655 0,000708
браузер 4,031286 0,002423
проверить 1,368699 0,007403
переть 0,359214 0,001295
источник 0,786093 0,000945
клик 5,129899 0,006166
реагирование 4,436752 0,005333
