париж 1,392229 0,000975
долгий 1,728701 0,000404
состоять 1,279751 0,000299
финал 0,699082 0,002285
català 1,086847 0,000254
latina 1,603538 0,000374
евразия 3,743604 0,000874
dansk 1,069456 0,000250
коронавирус 2,932674 0,002054
новый 0,239550 0,000056
лед 1,951845 0,000456
поведение 0,839439 0,000196
австрийский 3,183989 0,000743
экспорт 0,986764 0,000230
удаваться 2,644992 0,000617
вызов 2,357310 0,000550
копенгаген 3,520461 0,000822
учет 2,185460 0,004591
еще 0,167054 0,000078
окр 3,183989 0,000743
выйти 0,773190 0,000180
бергвалля 5,129899 0,002395
ไทย 1,238078 0,000289
включение 2,564949 0,000599
литва 2,239527 0,000523
финский 1,518981 0,000355
日本語 1,035554 0,000242
делиться 2,185460 0,001530
со 0,447767 0,000105
прервать 1,762603 0,000411
петербург 1,345709 0,000628
فارسی 1,104547 0,000258
братислава 4,436752 0,005178
наряд 2,357310 0,000550
берлин 2,644992 0,000617
slovenščina 1,345709 0,000314
под 0,723179 0,000169
беларуская 1,069456 0,000250
заявление 0,799165 0,000187
предел 1,603538 0,000374
торриани 5,129899 0,001197
различно 5,129899 0,001197
чехословакия 2,038856 0,027604
проиграть 1,104547 0,001547
пол 0,910391 0,000213
александр 0,839439 0,000196
связаться 0,867219 0,000202
сто 2,644992 0,000617
а 0,209918 0,000833
человек 0,940244 0,000219
в 0,017911 0,000782
олык 2,932674 0,000685
викимедиа 0,986764 0,000230
д 0,895792 0,000209
подробный 0,687247 0,000160
е 0,867219 0,003441
содержание 0,955511 0,000446
ж 2,644992 0,001852
eesti 1,069456 0,000250
бойкотировать 3,183989 0,001486
и 0,023953 0,000319
й 0,825834 0,000578
к 0,132686 0,000062
čeština 1,035554 0,000242
м 0,534779 0,004244
вплоть 1,871802 0,000437
о 0,042302 0,000030
санкт 1,279751 0,001195
с 0,036149 0,000633
т 1,368699 0,000319
серебряный 1,368699 0,000639
х 0,986764 0,002303
викисклад 1,035554 0,000242
скачать 0,895792 0,000418
дополнительный 0,940244 0,001097
они 0,524729 0,000245
сезон 0,723179 0,000169
ю 1,834062 0,000428
футбол 0,247097 0,000115
мир 0,277868 0,003827
весь 1,633391 0,000381
пройти 0,544931 0,000254
by 0,971016 0,000227
структура 1,574551 0,000735
кельн 4,031286 0,003764
регби 0,955511 0,000446
slovenčina 1,069456 0,000250
wikipedia 0,986764 0,000461
русский 0,760451 0,000178
оригинал 1,441019 0,000336
этап 0,895792 0,016101
cc 0,986764 0,000230
a 1,392229 0,000325
опытный 1,994404 0,000466
b 2,564949 0,004191
отредактировать 0,986764 0,000230
c 1,546380 0,000361
проект 0,457070 0,000107
время 0,384967 0,000629
i 1,762603 0,005349
единственный 1,392229 0,000650
австрия 1,871802 0,010049
гельзенкирхен 5,129899 0,001197
марья 2,827314 0,000660
выходить 1,695912 0,002375
отменить 1,728701 0,001614
викиновости 1,238078 0,000289
республика 2,134166 0,000498
u 1,345709 0,001256
v 1,951845 0,000456
победитель 0,799165 0,001306
ситуация 1,392229 0,000325
раздеть 1,871802 0,000437
w 0,955511 0,000223
соответствующий 1,695912 0,000396
составлять 1,518981 0,000355
чсср 5,129899 0,001197
шайба 0,986764 0,005298
также 0,663991 0,001395
член 1,416327 0,000331
العربية 1,069456 0,000250
украина 1,217876 0,000284
город 1,069456 0,000999
гармиш 3,520461 0,000822
италия 0,524729 0,001225
партенкирхен 3,520461 0,000822
реализовать 2,827314 0,000660
викиданных 0,986764 0,000230
хернинг 4,436752 0,002071
трава 1,392229 0,000325
северный 1,492313 0,000348
вторичный 3,183989 0,000743
требовать 1,466337 0,000342
однажды 3,050457 0,000712
колорадо 3,520461 0,000822
показать 0,504926 0,000118
победить 0,699082 0,000979
крефельд 5,129899 0,001197
австралия 1,664163 0,000388
овертайме 2,038856 0,001428
индор 4,436752 0,001036
правка 0,986764 0,000691
лиллехаммер 3,183989 0,000743
счет 0,799165 0,000187
себя 0,597299 0,000279
забросить 2,421849 0,001131
олимпийский 0,342407 0,001279
система 0,799165 0,000560
читать 0,555188 0,000130
граф 3,743604 0,000874
изменить 1,728701 0,000404
шамони 3,183989 0,001486
отказ 0,839439 0,000196
корея 1,695912 0,000396
сумма 1,518981 0,000709
пробивать 3,743604 0,000874
авторитетный 1,871802 0,000437
англ 1,159607 0,000271
хамар 5,129899 0,001197
один 0,342407 0,000559
divis 4,436752 0,002071
волейбол 0,955511 0,000223
пробиваться 3,338139 0,000779
иметь 1,069456 0,000250
чехия 1,258698 0,007933
интересный 2,085376 0,000487
польша 1,762603 0,002469
перенести 1,633391 0,000381
выявить 2,732003 0,000638
пожертвовать 0,940244 0,000219
самостоятельный 2,932674 0,000685
берн 5,129899 0,003592
вено 3,183989 0,005203
лишь 1,159607 0,000541
крыница 5,129899 0,001197
последний 0,376309 0,000351
япония 1,279751 0,000299
ссылка 0,699082 0,000816
минута 0,940244 0,000658
столетие 2,490841 0,001163
ша 4,031286 0,000941
момент 0,910391 0,000213
обновлять 4,436752 0,001036
pdf 0,940244 0,000219
中文 1,035554 0,000242
помимо 1,911023 0,000446
тереть 0,786093 0,000183
сша 0,586604 0,005203
описание 0,881403 0,000206
foundat 0,986764 0,000230
карта 2,085376 0,000487
символический 2,296685 0,000536
недостаток 1,574551 0,000368
викторий 2,038856 0,000476
bahasa 1,086847 0,000507
швейцария 1,258698 0,013222
остаться 1,301257 0,000304
прежний 1,994404 0,000466
латвия 1,664163 0,003885
хоккейный 1,416327 0,001984
овертаймов 4,436752 0,001036
москва 0,576022 0,000941
меньший 2,932674 0,000685
подряд 1,258698 0,000294
инлайн 5,129899 0,001197
океания 2,296685 0,000536
lietuvių 1,140915 0,000266
https 0,699082 0,000163
лозанна 3,743604 0,001748
становиться 1,159607 0,000271
ii 2,239527 0,002614
отдельный 0,955511 0,000223
результат 0,524729 0,000735
разработчик 0,971016 0,000227
мориц 3,050457 0,001424
мобильный 0,555188 0,000130
чемпионский 1,574551 0,000368
йбой 4,436752 0,001036
עברית 1,052361 0,000246
команда 0,262364 0,016107
index 0,986764 0,000230
дания 1,834062 0,002141
большой 0,687247 0,000802
iv 2,644992 0,002470
вклад 0,955511 0,000223
indonesia 1,086847 0,000254
офф 1,019025 0,001189
изначально 2,038856 0,000476
гренобль 3,183989 0,000743
избранный 0,955511 0,000223
текст 0,925206 0,000216
являться 1,019025 0,000476
очко 1,416327 0,001322
проводиться 1,086847 0,002283
получать 1,301257 0,000911
покидать 2,421849 0,000565
энциклопедический 3,050457 0,000712
очки 0,940244 0,000219
esperanto 1,198073 0,000280
перейти 0,586604 0,000411
гретцки 3,050457 0,000712
золото 1,140915 0,000266
стать 0,217244 0,000101
tournament 3,050457 0,000712
українська 1,035554 0,000242
крикет 1,695912 0,000396
керлинг 1,086847 0,000254
world 1,416327 0,000661
обращение 0,910391 0,001275
группа 1,122566 0,063413
это 0,181139 0,000127
массовый 1,466337 0,000342
ответственность 0,895792 0,000209
код 0,971016 0,003627
два 0,504926 0,000943
бронза 1,728701 0,000404
françai 1,019025 0,000238
кол 3,743604 0,000874
ограничить 1,951845 0,000456
новость 0,285712 0,000067
сильнейший 1,546380 0,000361
url 0,986764 0,000230
сентябрь 1,035554 0,000242
дюссельдорф 4,436752 0,004143
доступный 0,955511 0,000223
только 0,447767 0,000418
остальное 1,834062 0,000856
жизнь 0,881403 0,000206
сантиметр 0,955511 0,000669
php 0,986764 0,000230
cite 1,258698 0,000294
войти 0,608110 0,000142
com 0,925206 0,000216
держать 2,490841 0,000581
covid 2,564949 0,001796
или 0,576022 0,000538
финляндия 1,323236 0,012664
kyrgyzstan 5,129899 0,001197
турнир 0,293617 0,001508
призер 1,178655 0,000550
қазақша 1,178655 0,000275
бросок 2,644992 0,000617
антверпен 3,050457 0,000712
чаща 1,834062 0,000428
причем 1,871802 0,000874
политик 0,224624 0,000052
www 1,392229 0,000325
коляска 2,932674 0,000685
шведский 2,564949 0,001197
алфавит 1,159607 0,000271
заглавный 0,986764 0,000230
ежегодно 2,185460 0,000510
югославия 2,134166 0,001993
учетный 0,986764 0,000230
хороший 0,393700 0,000092
много 0,735450 0,000687
выбить 2,732003 0,001913
регулировать 3,520461 0,000822
любляна 5,129899 0,001197
представиться 0,986764 0,000230
когда 0,652562 0,000152
бельгия 2,038856 0,001428
играть 0,895792 0,011919
турку 5,129899 0,003592
рига 3,520461 0,002465
конфиденциальность 0,293617 0,000069
гандбол 1,122566 0,000262
svenska 1,035554 0,000242
общий 0,986764 0,001382
минск 1,728701 0,000404
смешанный 1,871802 0,000874
первый 0,317714 0,000667
список 0,986764 0,001152
вэлли 3,743604 0,000874
ссср 0,940244 0,011193
одинаковый 2,134166 0,000498
состояние 1,301257 0,000304
флорболу 4,436752 0,001036
здруй 5,129899 0,001197
ошибка 0,576022 0,000134
февраль 0,202645 0,000047
престижный 2,085376 0,000487
германий 0,723179 0,004389
словакия 1,664163 0,004662
игра 0,112619 0,000526
неупорядоченный 5,129899 0,003592
deutsch 1,052361 0,000246
марта 0,853233 0,000199
скво 3,183989 0,000743
регбилиг 3,743604 0,000874
так 0,597299 0,000139
титул 1,301257 0,000304
федерация 0,495170 0,000925
румыния 2,038856 0,000952
больший 0,457070 0,000107
швейцарский 2,490841 0,000581
nederland 1,019025 0,000238
считаться 1,441019 0,000673
плэсид 3,183989 0,000743
кортина 2,490841 0,000581
событие 0,565551 0,000132
зафиксировать 1,994404 0,000931
гдр 2,038856 0,000476
использование 0,277868 0,000065
самый 0,608110 0,000142
буллитов 3,743604 0,003495
катовице 5,129899 0,001197
материал 0,309617 0,000072
участвовать 0,955511 0,000669
соревнование 0,411400 0,000960
сообщить 0,447767 0,000105
примечание 1,002764 0,000936
слава 1,871802 0,000437
championat 1,834062 0,000428
быть 0,119263 0,000195
европейский 1,122566 0,000786
кук 0,971016 0,000227
лицензия 0,971016 0,000227
ничей 1,951845 0,001822
галифакс 5,129899 0,001197
зало 1,797694 0,000839
финальный 1,492313 0,000348
лейк 2,357310 0,000550
молодежный 1,159607 0,000271
исключение 1,695912 0,000396
есть 0,812411 0,000190
инсбрук 2,827314 0,001320
вылет 2,490841 0,022094
квебек 3,338139 0,000779
зимний 0,663991 0,000775
представлять 1,217876 0,000284
спорт 0,125952 0,000059
просмотр 0,925206 0,000216
страница 0,910391 0,001488
проверка 1,911023 0,000446
навигация 0,986764 0,000691
championship 2,296685 0,001072
english 0,925206 0,000432
франция 0,675551 0,002365
мочь 0,350775 0,000164
этот 0,350775 0,000573
проверяться 2,490841 0,000581
хельсинки 3,050457 0,006409
гетеборг 3,743604 0,001748
четыре 0,910391 0,000213
лион 3,743604 0,000874
запись 0,910391 0,000213
bishkek 5,129899 0,001197
qr 0,986764 0,000230
сборная 0,342407 0,002398
suomi 1,052361 0,000246
тампере 4,436752 0,008285
друг 1,518981 0,007801
квалификация 1,695912 0,001188
швеция 1,035554 0,018855
бронзовый 1,345709 0,000628
мангейм 4,436752 0,001036
разнообразный 3,050457 0,002136
iihf 3,743604 0,001748
вообще 1,911023 0,000446
женский 0,663991 0,000155
рекордный 2,038856 0,000476
сохранение 0,971016 0,000227
отправляться 3,050457 0,000712
creativ 0,986764 0,000230
ныне 2,357310 0,000550
hrvatski 1,052361 0,000246
основное 1,368699 0,001597
română 1,122566 0,000262
дать 0,608110 0,000142
персональный 0,723179 0,000169
действовать 0,825834 0,000386
ru 0,285712 0,000067
организовать 1,466337 0,000342
ганновер 5,129899 0,001197
элемент 0,925206 0,000432
смочь 1,069456 0,000499
использоваться 1,159607 0,000271
кубок 0,376309 0,000878
давос 5,129899 0,001197
во 0,495170 0,000231
третий 1,238078 0,001156
женщина 0,663991 0,003255
sa 0,986764 0,000230
йёнчёпинг 5,129899 0,001197
portuguê 1,035554 0,000242
уже 0,687247 0,000321
дата 0,799165 0,001119
oʻzbekcha 1,140915 0,000266
раз 0,485508 0,003853
чемпионат 0,188256 0,003076
ўзбекча 1,140915 0,000266
вы 0,309617 0,000072
latviešu 1,052361 0,000246
разбить 2,564949 0,000599
пожалуйста 1,633391 0,000381
манхайм 5,129899 0,001197
исход 2,185460 0,000510
проводить 0,910391 0,000638
español 1,019025 0,000238
иихф 3,743604 0,006117
денвер 2,296685 0,000536
версия 0,393700 0,000460
россия 0,139466 0,000846
спустя 1,911023 0,000892
го 1,279751 0,010157
личной 1,664163 0,000388
шесть 1,238078 0,000578
bosanski 1,345709 0,000314
свой 0,586604 0,000274
энциклопедия 0,986764 0,000230
зарегистрировать 0,711058 0,000166
свое 0,457070 0,000427
български 1,086847 0,000254
январь 0,786093 0,001468
поло 1,441019 0,000336
плей 1,002764 0,001170
проведение 1,104547 0,001289
без 0,466460 0,000109
казахстан 1,217876 0,000569
сайт 0,411400 0,000096
между 0,955511 0,000446
до 0,239550 0,000615
четвертый 1,695912 0,000396
ice 3,183989 0,001486
знак 0,986764 0,000230
мюнхен 2,490841 0,001744
предпочтительно 5,129899 0,001197
базель 3,338139 0,002338
другой 0,188256 0,000220
буллит 3,520461 0,000822
сюда 0,986764 0,000230
континент 2,239527 0,000523
европа 0,393700 0,000460
обладатель 1,492313 0,000348
оставаться 1,301257 0,000304
пар 1,416327 0,002645
цитировать 0,925206 0,000216
критерий 2,490841 0,000581
запретить 1,178655 0,000275
азия 1,834062 0,000428
пока 1,159607 0,000271
norsk 1,052361 0,000246
посол 0,301585 0,000070
лондон 1,911023 0,000892
баскетбол 0,723179 0,000338
штрафной 2,038856 0,000476
трижды 2,827314 0,000660
число 0,955511 0,000223
факт 1,797694 0,002518
задерживаться 4,031286 0,000941
page 0,986764 0,000230
короткий 0,699082 0,000163
вид 0,393700 0,000276
кроме 1,368699 0,001597
возвращаться 1,871802 0,000437
пандемия 2,421849 0,002261
кошице 5,129899 0,003592
евролига 1,664163 0,000388
polski 1,035554 0,000242
поражение 1,122566 0,000786
служебный 0,955511 0,000223
кодекс 0,971016 0,000227
упразднить 2,490841 0,000581
что 0,195425 0,000046
common 0,986764 0,000230
править 0,544931 0,004070
прага 2,932674 0,008215
за 0,125952 0,000706
фрибур 4,436752 0,002071
предмет 2,421849 0,000565
удостаиваться 4,436752 0,001036
война 1,695912 0,000792
канада 0,867219 0,013765
домашний 1,695912 0,000396
софтбол 1,633391 0,000381
дортмунд 3,183989 0,002230
рейтинг 0,524729 0,000122
медаль 0,619039 0,001156
associ 0,986764 0,000230
сёдертелье 5,129899 0,001197
org 0,986764 0,000230
нерегулярный 4,436752 0,001036
сыграть 0,839439 0,002155
мероприятие 1,762603 0,000411
свободный 0,867219 0,000202
несмотря 1,762603 0,000411
ампеццо 2,490841 0,000581
некоммерческий 0,986764 0,000230
прекращать 3,050457 0,000712
если 0,675551 0,000631
существовать 1,122566 0,000524
статья 0,495170 0,001156
современный 1,159607 0,000271
венгрия 2,134166 0,000996
великобритания 1,664163 0,005050
wikimedia 0,986764 0,000230
дивизион 2,038856 0,028079
играться 2,564949 0,000599
отличаться 1,664163 0,000388
предусматриваться 4,031286 0,000941
честь 1,911023 0,000446
из 0,106018 0,002821
игровой 1,104547 0,000258
азиатский 2,296685 0,001072
мяч 0,735450 0,000172
мировой 0,955511 0,000669
нетбол 4,436752 0,001036
групповой 1,603538 0,001123
юниорский 2,296685 0,001608
случайный 0,986764 0,000230
указание 0,986764 0,000230
скрытый 1,052361 0,000246
ελληνικά 1,086847 0,000254
буллитам 2,732003 0,001275
получить 0,384967 0,000090
суперкубок 2,296685 0,000536
српски 1,035554 0,000242
беларусь 1,279751 0,001494
язык 0,925206 0,000432
карлстад 5,129899 0,001197
регламент 1,911023 0,000446
нидерланды 1,518981 0,000355
хоккей 0,285712 0,002268
членство 3,183989 0,002230
архивировать 1,104547 0,001547
различный 1,441019 0,000336
родоначальник 3,338139 0,000779
связанный 0,786093 0,000367
фрг 2,564949 0,007783
риа 1,466337 0,000342
словения 2,357310 0,001101
милан 1,574551 0,000735
melayu 1,368699 0,000319
иерархия 3,520461 0,003287
серия 0,586604 0,000411
спрингс 5,129899 0,001197
разный 1,368699 0,000319
стокгольм 2,644992 0,007409
больцано 5,129899 0,001197
первенство 1,301257 0,000304
italiano 1,035554 0,000242
srpski 1,035554 0,000242
год 0,099461 0,001486
нюрнберг 4,031286 0,000941
международный 0,466460 0,000762
հայերեն 1,198073 0,000280
башҡортса 1,518981 0,000355
матч 0,293617 0,000754
октябрь 1,019025 0,000476
унаследовать 5,129899 0,003592
iii 2,490841 0,003489
завоевать 1,035554 0,001692
континентальный 1,871802 0,000437
обобщать 5,129899 0,001197
мая 0,986764 0,000921
который 0,325878 0,000228
постоянный 0,881403 0,000206
евле 5,129899 0,001197
поэтому 1,392229 0,000975
например 1,603538 0,000374
серебро 1,695912 0,000396
web 1,279751 0,000299
следующий 0,853233 0,000598
рамка 1,441019 0,002018
türkçe 1,052361 0,000246
победа 0,420369 0,000687
привести 1,466337 0,000342
bokmål 1,069456 0,000250
hockey 3,183989 0,001486
глинка 5,129899 0,001197
текущий 0,867219 0,000810
основывать 3,520461 0,000822
овертайм 3,183989 0,002230
страна 0,641262 0,002245
несуществующий 3,520461 0,000822
шаблон 1,441019 0,000336
инструмент 0,881403 0,000411
случай 0,867219 0,000202
сразу 1,392229 0,000325
создать 0,773190 0,000180
америка 1,279751 0,000299
한국어 1,035554 0,000242
острава 4,436752 0,003107
asturianu 1,323236 0,000309
ми 2,932674 0,000685
несколько 0,971016 0,000227
место 0,402511 0,009772
государство 2,134166 0,000498
лига 0,325878 0,000152
проходить 0,867219 0,001417
печать 0,955511 0,000446
русый 1,368699 0,000639
включать 1,323236 0,000309
ровный 2,421849 0,000565
летний 0,619039 0,000434
мы 0,195425 0,000046
мытищи 4,031286 0,000941
участие 0,457070 0,000854
безрезультативного 5,129899 0,001197
фонд 0,895792 0,000209
топ 1,238078 0,002601
на 0,023953 0,000492
канацеи 5,129899 0,001197
хокке 4,436752 0,001036
олимпиада 0,576022 0,000403
водный 0,723179 0,000169
свежий 0,839439 0,000196
тот 0,393700 0,000460
обсуждение 0,867219 0,000405
simpl 1,140915 0,000266
не 0,099461 0,000371
осло 3,050457 0,002136
каждый 0,812411 0,000759
указать 1,198073 0,000559
titl 0,986764 0,000230
организация 0,663991 0,000155
золотой 1,002764 0,000468
содержать 2,134166 0,000498
премия 2,357310 0,000550
розыгрыш 1,762603 0,000411
group 2,357310 0,000550
но 0,402511 0,000188
товарный 0,986764 0,000230
раздел 1,574551 0,000368
закрепиться 3,183989 0,000743
история 0,270086 0,000441
format 3,520461 0,000822
три 1,178655 0,000275
длить 0,146292 0,000171
столица 2,490841 0,002907
категория 0,881403 0,000617
начинать 1,140915 0,000266
количество 0,853233 0,001593
бейсбол 1,416327 0,000331
magyar 1,086847 0,000254
норвегия 1,279751 0,002390
об 0,217244 0,000051
составить 1,546380 0,007941
продолжительность 2,185460 0,001020
цюрих 3,050457 0,003560
орган 2,134166 0,000498
формат 1,871802 0,003495
нет 0,825834 0,000193
справка 0,986764 0,000230
называться 1,603538 0,000374
редко 2,490841 0,000581
разнести 3,520461 0,000822
мужчина 0,812411 0,003982
поиск 0,711058 0,000332
чемпион 0,334108 0,000624
от 0,160085 0,000075
форум 0,867219 0,000202
статистика 0,630089 0,000735
официальный 0,735450 0,000687
панамериканский 3,183989 0,000743
oldid 0,986764 0,000230
участник 0,799165 0,000187
первое 0,393700 0,000643
как 0,232059 0,000163
принимать 0,955511 0,001784
все 0,067304 0,000157
википедия 0,986764 0,001152
низкий 1,345709 0,000314
сведение 0,786093 0,000183
условие 0,334108 0,000234
клотен 5,129899 0,001197
значительно 1,911023 0,000446
женева 3,050457 0,001424
по 0,073653 0,002562
inc 0,986764 0,000230
встреча 1,368699 0,000319
фролов 3,338139 0,000779
достоинство 3,520461 0,000822
футзалу 3,338139 0,000779
информация 0,608110 0,000142
занять 1,159607 0,024903
пробиться 2,564949 0,000599
ежегодный 2,564949 0,000599
немой 1,416327 0,000661
канадец 2,421849 0,000565
ра 3,520461 0,000822
третье 1,035554 0,000967
авторство 0,986764 0,000230
высокий 0,760451 0,001065
сообщество 0,910391 0,000213
эгида 1,728701 0,000404
второе 0,839439 0,000784
википедии 0,986764 0,000461
проверить 1,368699 0,000319
второй 0,576022 0,001210
источник 0,786093 0,000367
