состояться 1,140915 0,001300
состоять 1,279751 0,000292
евроазиатский 5,129899 0,000585
банк 2,490841 0,000284
маклюков 5,129899 0,000585
latina 1,603538 0,000183
девять 2,038856 0,000232
день 0,699082 0,000637
хватать 1,633391 0,000745
экспорт 0,986764 0,000112
владивостокский 4,436752 0,000506
бэйлен 5,129899 0,000585
одноименный 2,827314 0,000322
выигрывать 1,728701 0,000197
шинкарить 5,129899 0,000585
адмирал 3,050457 0,005216
иностранец 2,564949 0,000292
ไทย 1,238078 0,000141
tatarça 1,392229 0,000159
нижнекамск 4,031286 0,000919
коваленко 4,031286 0,001379
арх 5,129899 0,000585
заявление 0,799165 0,000091
жамнов 5,129899 0,000585
множество 1,951845 0,000222
драфте 4,031286 0,000460
выделять 2,932674 0,000334
стабильный 2,085376 0,000238
кагарлицкий 5,129899 0,000585
дубай 2,185460 0,000249
плотник 3,183989 0,000363
соответствовать 2,296685 0,000262
драфта 3,520461 0,000803
помещение 2,239527 0,000255
пункт 2,357310 0,000806
čeština 1,035554 0,000118
иностранный 2,185460 0,000747
продолжаться 1,951845 0,000222
челябинский 3,743604 0,001280
противодействие 3,743604 0,000427
неограниченный 3,520461 0,000401
новосибирск 2,490841 0,000284
серебряный 1,368699 0,000156
область 1,633391 0,000186
мастерство 2,564949 0,000585
викисклад 1,035554 0,000236
металлург 1,834062 0,003972
стт 5,129899 0,000585
букмекерские 3,520461 0,000401
полуфиналист 2,239527 0,000255
платежный 4,436752 0,001517
пройти 0,544931 0,000311
вайцеховская 4,436752 0,000506
slovenčina 1,069456 0,000122
болгария 2,185460 0,000249
оригинал 1,441019 0,000657
проект 0,457070 0,000625
укомплектовать 4,436752 0,000506
g 2,490841 0,000284
i 1,762603 0,000603
платинум 4,031286 0,000460
распределяться 2,932674 0,000334
проблема 1,122566 0,000384
w 0,955511 0,000109
режим 2,644992 0,000301
x 1,279751 0,000438
иной 2,038856 0,000232
шайба 0,986764 0,001800
туда 3,338139 0,000381
индивидуальный 1,797694 0,000410
lada 4,436752 0,000506
украина 1,217876 0,001388
дмитрий 1,258698 0,001291
марченко 5,129899 0,000585
россиянин 0,971016 0,000111
находиться 0,925206 0,000105
территория 1,518981 0,000173
начать 1,279751 0,000583
окончание 1,546380 0,000353
мороз 2,564949 0,001754
овертайме 2,038856 0,000697
овертайма 4,031286 0,000460
chl 4,436752 0,000506
судья 1,035554 0,000472
часы 1,911023 0,000218
коммерческий 2,185460 0,001495
радулову 5,129899 0,000585
система 0,799165 0,001093
июнь 1,198073 0,000546
приостановить 3,338139 0,000761
волжский 4,436752 0,000506
иметь 1,069456 0,000366
председатель 2,038856 0,000465
совет 0,825834 0,000941
дрэгонс 2,932674 0,000669
посетить 2,421849 0,000276
денис 2,296685 0,000262
расчет 3,050457 0,000348
локомотив 0,839439 0,002009
выход 1,178655 0,000134
практический 1,546380 0,000176
последний 0,376309 0,000172
вручаться 2,564949 0,006432
минута 0,940244 0,000857
лето 1,911023 0,000218
автопроизводитель 4,436752 0,000506
яковлев 3,743604 0,000427
некоторые 1,198073 0,000410
авангард 2,038856 0,003021
pdf 0,940244 0,000107
курс 2,490841 0,000284
сша 0,586604 0,000201
описание 0,881403 0,000100
лидер 1,258698 0,000861
техник 1,695912 0,000387
недостаток 1,574551 0,000179
светло 3,520461 0,000401
энциклопедичность 4,031286 0,000460
выставлять 3,520461 0,000401
карлссон 2,564949 0,000292
подряд 1,258698 0,000574
серый 2,932674 0,000669
block 4,031286 0,000460
становиться 1,159607 0,000661
разработчик 0,971016 0,000111
куньлунь 5,129899 0,002339
чемпионский 1,574551 0,000179
ноябрь 0,955511 0,000871
выглядеть 2,827314 0,000322
назначить 1,871802 0,000427
встречаться 1,994404 0,000227
newsru 3,743604 0,000427
обсуждаться 4,031286 0,000460
трваю 5,129899 0,000585
worldcat 2,490841 0,000284
вклад 0,955511 0,000109
indonesia 1,086847 0,000124
метсола 5,129899 0,001754
конференция 1,392229 0,007617
текст 0,925206 0,000105
очко 1,416327 0,001130
выплатить 3,183989 0,000726
нападать 1,518981 0,000346
юный 2,490841 0,000284
очки 0,940244 0,002251
митч 4,031286 0,000460
временить 1,140915 0,000390
потратить 3,338139 0,000381
перейти 0,586604 0,000134
подготовка 1,178655 0,000134
юха 5,129899 0,001754
интерес 1,871802 0,000213
сыч 5,129899 0,001169
youtub 1,797694 0,000820
боченски 4,436752 0,001011
сохраниться 2,932674 0,000334
умный 4,436752 0,001517
украинский 1,797694 0,000205
ответственность 0,895792 0,000102
toy 5,129899 0,000585
françai 1,019025 0,000116
инвестировать 3,520461 0,000401
синий 1,834062 0,000209
бобров 3,050457 0,003477
букмекерская 4,031286 0,000460
звание 1,994404 0,000227
только 0,447767 0,000051
противостояние 2,134166 0,001946
php 0,986764 0,000112
привлечь 2,827314 0,000322
средний 1,441019 0,000329
com 0,925206 0,000738
covid 2,564949 0,000292
нхл 0,925206 0,000211
целый 1,492313 0,000170
турнир 0,293617 0,000435
фонбет 1,466337 0,001170
кицын 5,129899 0,000585
южноуральский 5,129899 0,000585
аверин 3,743604 0,000427
йокеритом 4,436752 0,001011
заглавный 0,986764 0,000112
директор 1,871802 0,002347
хороший 0,393700 0,001301
войтек 5,129899 0,000585
добавить 1,518981 0,000519
микко 4,436752 0,001011
когда 0,652562 0,000223
григория 2,644992 0,000301
рассчитать 2,490841 0,000284
вконтакте 1,911023 0,000218
рига 3,520461 0,004414
защитник 1,217876 0,002499
старков 4,031286 0,000460
утверждаться 4,436752 0,001011
предыдущий 1,797694 0,001229
продолжать 1,258698 0,000143
касутин 5,129899 0,000585
трямкин 5,129899 0,000585
состояние 1,301257 0,000148
виталий 2,239527 0,000255
престижный 2,085376 0,000238
слабый 2,134166 0,000487
появляться 2,038856 0,000232
выполнить 1,834062 0,000209
лехтонен 5,129899 0,000585
капитан 1,574551 0,000897
заполнить 2,490841 0,000284
статус 1,279751 0,000146
коронавирусные 5,129899 0,000585
против 0,747872 0,000170
избрать 4,031286 0,000460
так 0,597299 0,000136
федерация 0,495170 0,000226
салават 2,085376 0,003566
перевести 2,644992 0,000301
упоминаться 3,050457 0,000348
спорный 2,732003 0,000311
баз 1,664163 0,000190
значимость 3,183989 0,000726
столичный 2,564949 0,000585
мина 2,932674 0,002674
championat 1,834062 0,000836
sport 0,760451 0,000347
аналитик 2,038856 0,000232
тольяттинский 4,436752 0,001011
определение 2,085376 0,000238
распределить 2,421849 0,000552
mastercard 4,436752 0,000506
исключение 1,695912 0,000580
мансийск 4,436752 0,001517
люзенков 3,743604 0,000427
спорт 0,125952 0,000072
просмотр 0,925206 0,000105
национальный 0,839439 0,000670
набрать 1,368699 0,000780
этот 0,350775 0,000400
аренда 1,728701 0,000394
недоступный 2,296685 0,000262
хельсинки 3,050457 0,001391
барыс 3,050457 0,002086
марка 1,834062 0,000209
переехать 2,932674 0,000334
хабаровск 2,490841 0,000284
швеция 1,035554 0,000236
спенсер 4,436752 0,000506
насчитывать 3,338139 0,000381
бронзовый 1,345709 0,000153
глава 1,122566 0,000512
основной 1,122566 0,000768
попрада 5,129899 0,000585
донецк 4,031286 0,001379
новокузнецкий 4,436752 0,001517
creativ 0,986764 0,000112
известный 0,986764 0,000112
основное 1,368699 0,000624
трудность 2,827314 0,000967
маннинен 5,129899 0,000585
хельсинкский 5,129899 0,001169
станислав 2,490841 0,000852
элемент 0,925206 0,000105
начисление 2,932674 0,000334
спортивный 0,301585 0,000344
игрок 0,711058 0,004134
спонсор 1,664163 0,001518
женщина 0,663991 0,000076
выступление 0,955511 0,000762
челябинск 2,239527 0,001021
отдел 3,183989 0,000363
спортова 5,129899 0,000585
открытие 1,695912 0,000387
телевизионный 2,827314 0,000645
пожалуйста 1,633391 0,000186
всеволод 3,183989 0,001089
тихонов 2,932674 0,000334
выиграть 0,485508 0,000055
шелянин 5,129899 0,000585
экономический 2,732003 0,000623
регулярный 1,951845 0,007119
сочить 0,853233 0,000973
основать 1,466337 0,000334
биржа 5,129899 0,000585
тем 1,217876 0,000278
назвать 0,940244 0,000214
оленина 4,436752 0,000506
браташ 5,129899 0,000585
без 0,466460 0,000319
логистический 5,129899 0,000585
доля 2,827314 0,000322
бел 3,183989 0,000363
между 0,955511 0,001960
прекращение 3,338139 0,000381
panini 5,129899 0,000585
соответствие 1,002764 0,000572
ориентировать 3,743604 0,000427
европа 0,393700 0,000224
оставаться 1,301257 0,000148
вынудить 2,185460 0,000249
грачев 4,031286 0,000460
редакция 0,940244 0,000536
никнуть 3,183989 0,000363
иначе 1,834062 0,000627
сологубова 4,436752 0,000506
пока 1,159607 0,000132
неэффективность 5,129899 0,001169
определять 2,185460 0,000498
период 1,035554 0,000472
гагарин 2,085376 0,005229
ягра 5,129899 0,001169
заседание 2,564949 0,000292
клуб 0,652562 0,007215
оцениваться 2,827314 0,000322
брэндон 5,129899 0,001169
page 0,986764 0,000112
абсолютный 2,038856 0,000232
кроме 1,368699 0,000624
нижний 0,955511 0,000109
играющий 2,644992 0,000603
избиение 4,436752 0,000506
страховой 4,031286 0,000460
кодекс 0,971016 0,000111
балашиха 5,129899 0,002924
тим 3,520461 0,000803
прага 2,932674 0,002674
чествование 4,436752 0,000506
тип 1,345709 0,000153
канада 0,867219 0,000297
согласиться 2,357310 0,000269
трансляция 1,217876 0,000278
разделить 2,134166 0,000487
олег 1,871802 0,000427
культура 1,392229 0,000159
ягр 5,129899 0,000585
нижегородский 3,338139 0,000761
никита 1,492313 0,000680
набор 2,296685 0,000262
если 0,675551 0,000077
статья 0,495170 0,001580
хозяин 2,185460 0,000249
соответственно 2,134166 0,000243
wikimedia 0,986764 0,000112
черепанов 5,129899 0,001169
медведев 1,633391 0,000745
честь 1,911023 0,000218
звездный 2,827314 0,000645
ограничение 1,834062 0,000418
посвятить 1,994404 0,000227
юбилейный 3,338139 0,000381
неизвестный 3,050457 0,000348
мировой 0,955511 0,000109
ελληνικά 1,086847 0,000124
букмекерской 4,436752 0,000506
очищать 2,421849 0,000276
беларусь 1,279751 0,000875
татарстан 3,520461 0,000803
twitter 3,743604 0,000853
язык 0,925206 0,000211
анисимов 3,743604 0,000427
четвертьфиналист 4,031286 0,000460
тестирование 4,031286 0,000460
посещать 2,932674 0,000669
различный 1,441019 0,000493
разный 1,368699 0,000312
упорядочить 4,031286 0,000460
умарк 5,129899 0,000585
максим 1,871802 0,000640
эстония 2,296685 0,000262
международный 0,466460 0,000425
кольцов 5,129899 0,000585
андрей 1,258698 0,001435
башҡортса 1,518981 0,000173
матч 0,293617 0,002410
учитываться 2,357310 0,000269
длительность 3,183989 0,000363
крупный 1,198073 0,000546
динамо 0,663991 0,003406
партнерство 3,743604 0,000853
рамка 1,441019 0,000164
комплектоваться 5,129899 0,000585
tire 5,129899 0,000585
ожиганов 5,129899 0,000585
текущий 0,867219 0,000297
предстоящий 2,239527 0,000255
экспресс 1,416327 0,000161
овертайм 3,183989 0,000363
страна 0,641262 0,000512
вместо 1,633391 0,000186
улучшить 1,951845 0,000445
выпускник 3,338139 0,000381
малозначимый 4,031286 0,000460
правление 2,932674 0,000334
итал 4,031286 0,000460
создать 0,773190 0,000353
руководитель 2,239527 0,001021
хлыст 5,129899 0,000585
деть 0,619039 0,000212
вместе 1,178655 0,000134
долгов 4,436752 0,000506
полуфинал 1,238078 0,000282
chan 5,129899 0,000585
запрос 2,421849 0,000276
регион 1,834062 0,000627
продолжить 1,492313 0,000680
финалист 2,185460 0,000996
решение 0,839439 0,000383
проходить 0,867219 0,000395
печать 0,955511 0,000218
íslenska 1,392229 0,000159
включать 1,323236 0,000452
летний 0,619039 0,000071
ввиду 2,732003 0,000311
перечислить 3,338139 0,000381
топ 1,238078 0,000282
билялову 5,129899 0,000585
тот 0,393700 0,000583
обсуждение 0,867219 0,000198
барс 1,492313 0,002552
календарь 0,675551 0,000154
драфт 3,520461 0,004815
организация 0,663991 0,000227
titl 0,986764 0,000112
премия 2,357310 0,000269
розыгрыш 1,762603 0,000402
поздний 1,323236 0,000452
вертикаль 4,436752 0,000506
почта 2,185460 0,000249
товарный 0,986764 0,000225
выпускаться 4,031286 0,000460
шанхай 2,490841 0,000852
почтовый 2,296685 0,000262
три 1,178655 0,000403
вскоре 2,239527 0,000255
звезда 1,035554 0,002007
школа 1,492313 0,000340
клубный 1,416327 0,000323
яндекс 2,490841 0,000852
норвегия 1,279751 0,000146
боб 3,183989 0,000363
цюрих 3,050457 0,000348
разделение 2,644992 0,000603
владислав 2,038856 0,000465
реальный 1,871802 0,000427
предлагать 2,421849 0,000552
вместимость 2,564949 0,000585
возрасти 2,827314 0,000322
петербургский 2,185460 0,001246
участник 0,799165 0,002460
как 0,232059 0,000159
инициатива 2,134166 0,000243
условие 0,334108 0,000190
встреча 1,368699 0,000156
расписание 1,664163 0,000190
достижение 1,279751 0,000729
занять 1,159607 0,000397
тарашкевіца 1,198073 0,000137
немой 1,416327 0,000161
свисток 3,338139 0,000761
дожать 4,031286 0,000460
макулов 5,129899 0,000585
партнер 1,159607 0,001983
финансирование 2,421849 0,000552
medvescakzg 5,129899 0,000585
закрепление 4,436752 0,001011
запускать 4,031286 0,000460
третье 1,035554 0,000118
второе 0,839439 0,000383
продукт 2,296685 0,000262
встречать 3,520461 0,000401
второй 0,576022 0,000066
специальный 1,217876 0,000694
dansk 1,069456 0,000122
вызов 2,357310 0,000537
вынести 2,357310 0,000537
еще 0,167054 0,000114
учет 2,185460 0,000747
мегаспорт 5,129899 0,000585
хенрик 5,129899 0,000585
окр 3,183989 0,000363
телекоммуникационный 5,129899 0,000585
успех 1,518981 0,000173
петербург 1,345709 0,000767
prime 5,129899 0,002339
умение 2,732003 0,000311
касаться 1,994404 0,000227
мурыгину 5,129899 0,000585
беларуская 1,069456 0,000244
галим 4,031286 0,001379
чехословакия 2,038856 0,000232
конфликт 1,951845 0,000445
предложить 1,441019 0,000329
поменяться 3,183989 0,000363
а 0,209918 0,000455
б 1,466337 0,000334
в 0,017911 0,000817
слован 3,743604 0,003840
мурыгина 5,129899 0,000585
е 0,867219 0,000099
и 0,023953 0,000582
кошечкин 5,129899 0,001754
й 0,825834 0,000094
к 0,132686 0,000106
м 0,534779 0,001524
о 0,042302 0,000082
ухудшение 4,436752 0,001011
санкт 1,279751 0,000729
с 0,036149 0,000420
она 0,597299 0,000340
исследование 2,038856 0,000232
т 1,368699 0,000156
течение 1,238078 0,000423
х 0,986764 0,000112
буш 4,031286 0,000460
китай 1,695912 0,000967
скачать 0,895792 0,000204
сезон 0,723179 0,010799
они 0,524729 0,000478
дворец 2,827314 0,000967
сноска 1,951845 0,000667
allhockey 4,031286 0,000460
структура 1,574551 0,001436
анисим 4,436752 0,000506
португалия 1,994404 0,000227
екатеринбург 2,296685 0,000785
организатор 1,951845 0,000445
анвар 5,129899 0,000585
infox 5,129899 0,000585
существование 2,085376 0,000475
сорокин 3,743604 0,000853
автоматический 2,932674 0,000334
даниса 4,436752 0,002023
составлять 1,518981 0,000519
вторжение 3,183989 0,000726
сергей 1,301257 0,001780
триковый 3,520461 0,000803
город 1,069456 0,000244
прежде 2,185460 0,000249
вручать 3,520461 0,000401
неэнциклопедический 2,932674 0,000669
вица 2,134166 0,000243
вырасти 2,732003 0,000311
зарип 4,436752 0,002023
железный 2,932674 0,000669
реформирование 4,436752 0,001011
club 2,490841 0,000284
викискладе 1,217876 0,000139
периодичность 5,129899 0,000585
требовать 1,466337 0,000167
выступить 1,238078 0,000141
василий 2,134166 0,000730
коллекционный 4,436752 0,000506
победить 0,699082 0,000239
впоследствии 1,911023 0,000653
юлаев 2,185460 0,003238
уменьшить 2,421849 0,000276
выигрыш 2,134166 0,000243
банковский 3,743604 0,000427
заслужить 2,357310 0,000269
подмосковье 3,743604 0,000427
вступить 2,357310 0,000537
карьер 0,925206 0,000633
офис 3,050457 0,000348
возражение 5,129899 0,000585
сумма 1,518981 0,000346
цифровой 3,743604 0,000427
йокерит 4,031286 0,006433
революция 2,732003 0,000311
неоптимальный 5,129899 0,000585
чехия 1,258698 0,000717
видео 0,699082 0,000080
департамент 3,743604 0,000427
польша 1,762603 0,000201
пожертвовать 0,940244 0,000107
воспитанник 2,239527 0,000255
эфир 1,695912 0,000193
произвольный 1,994404 0,000227
московский 1,574551 0,001974
ссылка 0,699082 0,001514
коммуникация 2,134166 0,000243
раунд 1,546380 0,000353
разойтись 4,031286 0,000460
патрик 3,050457 0,000348
технология 0,786093 0,000179
швейцария 1,258698 0,000143
остаться 1,301257 0,000148
москва 0,576022 0,000788
отдельный 0,955511 0,000109
скандал 1,279751 0,000146
рынок 2,932674 0,000334
дания 1,834062 0,000418
офф 1,019025 0,005227
беня 4,031286 0,000460
греция 1,994404 0,000227
крис 2,932674 0,000334
исключить 1,441019 0,000657
торпедо 1,574551 0,001077
хотеть 1,104547 0,000126
status 3,743604 0,000427
эффективность 3,338139 0,000761
охк 5,129899 0,000585
родственный 2,239527 0,000255
стать 0,217244 0,000446
словацкий 3,743604 0,001280
потенциал 3,183989 0,000726
туношна 5,129899 0,000585
михайл 3,183989 0,000363
обращение 0,910391 0,008198
код 0,971016 0,004538
витязь 4,031286 0,002298
сирена 4,031286 0,000460
ветеран 1,994404 0,000227
стась 5,129899 0,001169
армейский 2,932674 0,000334
кот 3,183989 0,000363
стабильность 3,743604 0,000427
бинанс 5,129899 0,000585
url 0,986764 0,000112
сентябрь 1,035554 0,003541
дерби 2,357310 0,003493
михаил 1,301257 0,000593
сантиметр 0,955511 0,000762
войти 0,608110 0,000208
старт 1,035554 0,000590
экстралига 4,436752 0,000506
еахл 5,129899 0,002924
нмхл 4,031286 0,000919
динамовского 4,436752 0,000506
призер 1,178655 0,000134
возраст 1,871802 0,000213
бросок 2,644992 0,000603
доус 5,129899 0,001169
стадион 1,518981 0,000346
считать 1,279751 0,000292
политик 0,224624 0,000026
никулин 4,031286 0,000460
алфавит 1,159607 0,000132
рубль 2,038856 0,001394
принадлежать 1,762603 0,002009
чип 4,031286 0,001379
крк 4,436752 0,001011
несвоевременный 5,129899 0,001169
бельгия 2,038856 0,000232
играть 0,895792 0,000613
имиджевой 5,129899 0,000585
программа 0,799165 0,000091
кадейкин 4,436752 0,000506
результативный 2,490841 0,000568
действие 1,518981 0,000693
рослый 3,743604 0,000427
сибирский 3,338139 0,000381
великолепный 3,050457 0,000348
tass 3,743604 0,001707
минск 1,728701 0,001576
первый 0,317714 0,000290
пост 2,085376 0,000951
локальный 3,743604 0,000427
ковальчук 3,743604 0,000427
обрести 3,338139 0,000381
итог 0,867219 0,002570
пять 1,140915 0,000650
обязательный 1,695912 0,000387
февраль 0,202645 0,000439
планироваться 3,338139 0,001142
объединять 2,239527 0,000511
значение 1,258698 0,000143
отметка 2,932674 0,001003
словакия 1,664163 0,001328
деятельность 1,546380 0,000176
десяток 3,743604 0,000427
кручинин 5,129899 0,000585
türkmenç 2,185460 0,000249
старший 1,695912 0,000387
авторадио 5,129899 0,000585
мнение 1,951845 0,000445
титул 1,301257 0,000742
срок 1,546380 0,000529
nederland 1,019025 0,000116
сократиться 3,183989 0,000726
лишек 4,031286 0,000460
неделя 1,217876 0,001111
август 1,035554 0,007200
самый 0,608110 0,000970
вступление 3,743604 0,000427
панонская 5,129899 0,000585
материал 0,309617 0,000035
минус 2,827314 0,000322
чешский 2,932674 0,000669
слава 1,871802 0,000427
ниживий 5,129899 0,000585
хорватский 2,564949 0,000585
закончиться 1,834062 0,000209
телематика 5,129899 0,000585
ортио 5,129899 0,000585
кук 0,971016 0,000111
молодежный 1,159607 0,000661
ак 1,695912 0,002900
аэропорт 3,050457 0,000348
instagram 1,911023 0,000218
конкуренция 2,038856 0,000232
проверка 1,911023 0,000218
навигация 0,986764 0,000337
мочь 0,350775 0,000440
месяц 1,492313 0,000340
клементьев 4,436752 0,000506
проверяться 2,490841 0,000284
найджел 4,436752 0,001011
фонбета 5,129899 0,000585
приложение 1,574551 0,000179
сборная 0,342407 0,000234
орхл 5,129899 0,000585
проверять 1,834062 0,000627
семилетняя 5,129899 0,000585
правило 0,986764 0,000225
бы 1,052361 0,000120
характер 2,185460 0,000249
hrvatski 1,052361 0,000120
занятой 3,050457 0,000695
трик 3,183989 0,000726
кхл 0,760451 0,018463
почтить 1,279751 0,000292
тридцать 3,338139 0,000381
аудио 1,951845 0,000222
семин 2,827314 0,000322
вл 5,129899 0,002339
кубок 0,376309 0,002359
зарплата 1,871802 0,001707
во 0,495170 0,000282
уже 0,687247 0,000157
снижение 3,050457 0,000695
разин 4,031286 0,000460
очередь 2,085376 0,000238
цвет 1,695912 0,000387
одноклассник 2,490841 0,000284
вы 0,309617 0,000141
binanc 5,129899 0,002924
ги 4,031286 0,000460
типспорт 5,129899 0,000585
хартвалл 5,129899 0,000585
го 1,279751 0,000583
медвешчак 4,031286 0,004136
представление 3,183989 0,000363
энциклопедия 0,986764 0,000225
виктор 1,416327 0,000323
федоров 3,183989 0,000726
български 1,086847 0,000124
чтобы 0,773190 0,000088
прошедший 1,951845 0,000445
плей 1,002764 0,005144
пас 2,490841 0,000568
проведение 1,104547 0,001007
балканы 5,129899 0,000585
оплата 3,183989 0,000726
перед 0,839439 0,000670
сайт 0,411400 0,000188
американский 0,910391 0,000104
до 0,239550 0,000546
пономаренко 5,129899 0,000585
дс 5,129899 0,000585
выступать 0,940244 0,000536
другой 0,188256 0,000172
уик 3,743604 0,000427
сюда 0,986764 0,000225
континент 2,239527 0,001532
классик 2,732003 0,000311
независимый 2,357310 0,000537
раводин 5,129899 0,000585
пар 1,416327 0,000161
цитировать 0,925206 0,000105
ее 0,723179 0,000082
собственный 1,574551 0,000179
регулярно 1,871802 0,000213
азия 1,834062 0,000418
индустрия 3,338139 0,000381
сухой 3,183989 0,002178
попрад 3,743604 0,002560
число 0,955511 0,001307
забрасывать 4,031286 0,000460
факт 1,797694 0,000820
вступать 3,338139 0,000381
кёртису 5,129899 0,000585
ido 1,546380 0,000176
маркетплейсе 5,129899 0,001754
вид 0,393700 0,000135
же 0,853233 0,000778
присуждать 3,520461 0,000401
декларация 3,743604 0,000427
обновить 2,085376 0,000475
упразднить 2,490841 0,001704
что 0,195425 0,000156
реализация 3,050457 0,001391
common 0,986764 0,000112
договор 2,421849 0,001104
править 0,544931 0,005156
за 0,125952 0,000818
именной 4,436752 0,001011
домашние 2,038856 0,000232
номинанты 5,129899 0,000585
форма 1,086847 0,000124
медаль 0,619039 0,000212
мероприятие 1,762603 0,000402
гарип 5,129899 0,000585
несмотря 1,762603 0,000603
левый 1,871802 0,002774
спонсорский 2,932674 0,000334
прекращать 3,050457 0,000348
советский 1,140915 0,000260
следж 4,031286 0,000460
венгрия 2,134166 0,000243
принцип 1,695912 0,001353
криптовалютной 5,129899 0,000585
ханты 4,031286 0,001838
отличаться 1,664163 0,000379
из 0,106018 0,000798
игровой 1,104547 0,000126
espn 2,932674 0,000334
случайный 0,986764 0,000112
скрытый 1,052361 0,000120
fair 3,338139 0,000761
их 0,799165 0,000547
плат 3,520461 0,000401
восточный 1,911023 0,003267
компонент 3,050457 0,000348
повышение 2,185460 0,000498
регламент 1,911023 0,001307
хоккей 0,285712 0,000749
сервис 1,368699 0,000156
экспериментальный 4,031286 0,000460
словения 2,357310 0,000269
технический 1,416327 0,000161
серия 0,586604 0,001003
первенство 1,301257 0,000445
ежедневно 2,357310 0,000269
srpski 1,035554 0,000118
альпийский 4,436752 0,000506
хельсинский 5,129899 0,000585
машина 2,564949 0,000585
октябрь 1,019025 0,004065
продукция 3,183989 0,000363
кэш 2,296685 0,000262
соперник 0,853233 0,000486
iii 2,490841 0,001136
заполняемости 4,436752 0,000506
убрать 2,239527 0,000255
футбольный 1,345709 0,000153
турция 1,664163 0,000190
радулов 4,031286 0,001379
награда 1,279751 0,001459
следующий 0,853233 0,000486
лд 4,436752 0,001011
вне 2,038856 0,000232
эрсте 5,129899 0,000585
жхл 4,031286 0,001838
панин 3,743604 0,000427
ли 1,198073 0,000137
судейство 1,871802 0,000853
тольятти 2,490841 0,001420
facebook 1,994404 0,000455
запуск 4,031286 0,000919
президент 1,035554 0,001180
масштаб 3,520461 0,000401
роман 1,797694 0,000410
дальний 2,644992 0,000301
соревноваться 1,871802 0,000213
первоначально 1,951845 0,000222
한국어 1,035554 0,000118
мг 2,296685 0,001047
создание 1,633391 0,000559
надежный 3,183989 0,000363
иван 1,603538 0,000183
мн 2,490841 0,000852
место 0,402511 0,000413
страхование 4,436752 0,000506
государство 2,134166 0,000243
успешный 1,345709 0,000153
миссия 3,743604 0,000427
посредство 3,520461 0,000401
токена 5,129899 0,000585
мы 0,195425 0,000022
болельщик 1,086847 0,000372
участие 0,457070 0,000990
действительно 2,644992 0,000301
нефтехим 4,436752 0,000506
на 0,023953 0,000273
попытка 1,664163 0,000379
достигнуть 1,728701 0,000197
simpl 1,140915 0,000130
не 0,099461 0,000487
каждый 0,812411 0,001204
владивосток 2,564949 0,002924
ни 1,603538 0,000183
нк 3,743604 0,000427
но 0,402511 0,000413
токены 5,129899 0,001169
раздел 1,574551 0,000897
перекрыть 4,031286 0,000460
категория 0,881403 0,000301
старченко 4,436752 0,000506
гибель 3,050457 0,000348
magyar 1,086847 0,000124
подписать 1,492313 0,001191
об 0,217244 0,000099
уровень 1,086847 0,000372
финансовый 1,911023 0,002832
владимир 1,392229 0,000159
заключение 3,338139 0,000381
механизм 4,031286 0,000919
федеральный 1,834062 0,000418
продолжительность 2,185460 0,000498
прибыль 3,338139 0,000381
справка 0,986764 0,000112
развитие 1,140915 0,001040
он 0,475938 0,000488
завершение 1,695912 0,000387
браться 3,183989 0,000363
от 0,160085 0,000401
форум 0,867219 0,000099
татравагонка 5,129899 0,000585
хартли 4,031286 0,000460
заболеваемость 5,129899 0,001169
официальный 0,735450 0,000419
слать 1,728701 0,000394
емельян 4,436752 0,000506
старовойтов 5,129899 0,001169
все 0,067304 0,000138
принимать 0,955511 0,000653
википедия 0,986764 0,001800
комментатор 2,357310 0,000269
сведение 0,786093 0,000090
по 0,073653 0,001007
вечеря 4,436752 0,000506
inc 0,986764 0,000112
учредить 2,185460 0,000249
занимать 1,664163 0,000569
telegram 2,357310 0,000269
круг 1,392229 0,000159
рыбар 5,129899 0,000585
втб 1,834062 0,000209
обратный 1,178655 0,000134
сообщество 0,910391 0,000104
произойти 1,178655 0,000134
википедии 0,986764 0,000225
принятие 2,564949 0,000585
уфа 2,134166 0,001216
бомбардир 1,871802 0,001280
переноситься 3,743604 0,000427
ру 1,994404 0,000455
ухл 5,129899 0,001169
лед 1,951845 0,000445
фетисов 3,743604 0,002560
газета 1,392229 0,000317
соперничество 2,421849 0,000276
козловый 2,357310 0,000537
физический 1,392229 0,000159
балтийский 3,338139 0,000381
лдс 4,436752 0,000506
日本語 1,035554 0,000118
делиться 2,185460 0,000498
со 0,447767 0,000510
частность 1,994404 0,000227
братислава 4,436752 0,001517
вратарь 1,323236 0,003469
slovenščina 1,345709 0,000153
под 0,723179 0,000082
скандинавия 4,436752 0,000506
пол 0,910391 0,000208
проиграть 1,104547 0,000126
связаться 0,867219 0,000099
декабрь 0,853233 0,001848
македония 2,732003 0,000311
тв 1,633391 0,001303
человек 0,940244 0,000214
производство 2,644992 0,000301
обыграть 1,122566 0,000256
подробный 0,687247 0,000078
содержание 0,955511 0,000545
отказаться 1,695912 0,000773
реформировать 3,743604 0,000853
фото 0,799165 0,000091
eesti 1,069456 0,000122
менеджмент 4,436752 0,001011
связь 0,747872 0,000256
مصرى 1,546380 0,000176
полуночный 5,129899 0,000585
сейчас 1,104547 0,000126
организовывать 3,338139 0,000381
никитин 4,031286 0,000460
собрать 2,357310 0,000537
поп 1,664163 0,000379
автомобилист 2,932674 0,003677
отпускать 4,436752 0,000506
титульный 2,185460 0,000747
пигановичу 5,129899 0,000585
победный 1,871802 0,000213
запад 2,085376 0,001664
вхл 1,664163 0,001518
информационный 1,122566 0,000128
шаг 2,038856 0,000232
wikipedia 0,986764 0,000225
теперь 0,971016 0,000111
сложность 1,951845 0,000222
ур 5,129899 0,005847
опытный 1,994404 0,000227
отредактировать 0,986764 0,000450
пропускать 3,050457 0,001043
называть 1,258698 0,000287
создавать 2,357310 0,000537
социальный 1,603538 0,000366
викиновости 1,238078 0,000141
новиков 2,932674 0,000669
ситуация 1,392229 0,000476
главный 0,565551 0,000193
андриевский 4,031286 0,000460
йони 5,129899 0,000585
одержать 1,217876 0,000278
также 0,663991 0,001362
голосование 2,732003 0,000311
العربية 1,069456 0,000122
появиться 1,159607 0,000793
фу 4,436752 0,000506
стартовать 1,633391 0,000745
маркетинг 3,520461 0,000803
яромир 5,129899 0,000585
италия 0,524729 0,000060
прошлый 1,518981 0,000173
джефф 3,050457 0,000348
символика 2,732003 0,000623
переименовать 2,357310 0,000269
хиетанен 5,129899 0,000585
снова 1,574551 0,000179
межнациональный 4,031286 0,000460
сначала 1,664163 0,000190
хк 2,827314 0,003867
наконец 2,296685 0,000262
изменение 1,345709 0,000920
библиографический 1,279751 0,000146
правка 0,986764 0,000337
однако 1,069456 0,000610
добавиться 2,827314 0,000322
себя 0,597299 0,000340
динамовское 5,129899 0,000585
словнафт 5,129899 0,000585
изменить 1,728701 0,000197
воскресенск 4,436752 0,001011
яков 3,520461 0,000401
отказ 0,839439 0,000096
авторитетный 1,871802 0,000640
авиакатастрофа 4,436752 0,001517
допускаться 1,911023 0,000218
fairplay 5,129899 0,000585
поддержка 1,546380 0,000353
один 0,342407 0,000507
полностью 1,546380 0,000176
жесткий 1,728701 0,000985
часть 1,104547 0,000252
персонал 2,827314 0,000322
вено 3,183989 0,000363
должность 2,421849 0,000276
образованный 2,644992 0,000301
сторона 1,069456 0,000244
майкл 2,239527 0,001021
пекин 2,185460 0,000498
журналист 1,951845 0,000445
даллмэн 5,129899 0,002924
формирование 2,827314 0,000322
химик 3,183989 0,002178
труд 2,357310 0,000537
внедрение 4,031286 0,000460
провайдер 5,129899 0,000585
привлекательный 3,743604 0,000427
ресурс 0,812411 0,000185
заменить 1,546380 0,000176
символический 2,296685 0,000785
bahasa 1,086847 0,000124
пхл 5,129899 0,001169
линейный 3,338139 0,001142
повторить 1,834062 0,000209
названый 2,490841 0,000568
через 0,971016 0,000221
надежда 2,421849 0,001932
lietuvių 1,140915 0,000130
столько 2,564949 0,000292
наставник 2,827314 0,000322
словарь 1,198073 0,000137
команда 0,262364 0,002482
комсомольский 3,743604 0,000427
новичок 1,797694 0,000205
ликвидировать 4,031286 0,000460
суммарный 3,183989 0,000363
являться 1,019025 0,000697
электроника 4,031286 0,000460
зенит 0,867219 0,000099
получать 1,301257 0,001038
проводиться 1,086847 0,000619
тарасов 2,827314 0,001934
секунда 1,633391 0,001862
единый 1,104547 0,000252
распустить 4,031286 0,000460
длиться 2,296685 0,000262
увеличивать 3,050457 0,000348
слияние 4,031286 0,000460
портал 1,416327 0,000323
привлекательность 4,436752 0,000506
закрепить 2,490841 0,000284
українська 1,035554 0,000118
штраф 2,564949 0,000585
группа 1,122566 0,000128
якуб 5,129899 0,002339
зеленый 2,185460 0,000498
hatnot 3,520461 0,000401
шотландия 2,357310 0,000269
прозвучать 3,743604 0,000427
йокерита 5,129899 0,000585
ребрендинг 4,031286 0,000460
рекордсмен 1,834062 0,000418
удачный 2,564949 0,000292
cite 1,258698 0,000143
дамир 3,743604 0,000427
маркетинговый 3,520461 0,000803
удаленный 1,492313 0,000510
сэнфорду 5,129899 0,000585
атлант 2,357310 0,001075
устойчивость 4,031286 0,000460
дзен 2,932674 0,000334
канал 1,416327 0,000484
утвердить 1,871802 0,001067
ежегодно 2,185460 0,001495
загрести 3,520461 0,001204
быстрый 1,664163 0,000379
степан 2,732003 0,000311
эллисон 4,436752 0,001517
красный 1,069456 0,000488
омск 2,732003 0,000311
объединение 2,296685 0,000785
нововведение 3,520461 0,000803
конфиденциальность 0,293617 0,000033
svenska 1,035554 0,000118
общий 0,986764 0,000675
назад 1,140915 0,000130
список 0,986764 0,001575
nft 5,129899 0,003508
дополнение 3,183989 0,000363
ссср 0,940244 0,000214
братиславский 5,129899 0,000585
открыть 1,279751 0,000729
угмк 4,436752 0,000506
стратегия 2,239527 0,001787
сохранять 2,564949 0,000292
именно 1,492313 0,000170
главное 0,524729 0,000419
профессиональный 1,052361 0,000120
румыния 2,038856 0,000232
любительский 1,416327 0,000161
где 0,675551 0,000077
основание 1,416327 0,000646
активный 1,546380 0,000176
савицкий 5,129899 0,000585
бытовой 3,338139 0,000761
гдр 2,038856 0,000232
англия 1,238078 0,000141
предыстория 4,031286 0,000919
буллитов 3,743604 0,001280
участвовать 0,955511 0,000109
сообщить 0,447767 0,000051
примечание 1,002764 0,000800
быть 0,119263 0,000965
европейский 1,122566 0,000256
ценный 3,183989 0,001089
отмечать 2,421849 0,000276
зало 1,797694 0,000410
финальный 1,492313 0,000510
назначение 2,239527 0,000255
спорткомплекс 4,436752 0,000506
установить 1,279751 0,000583
разработать 1,728701 0,000197
ледовый 1,994404 0,001137
магнитогорск 4,031286 0,000919
подписка 3,520461 0,000401
транспорт 3,338139 0,000381
радиостанция 3,520461 0,000401
грузия 2,296685 0,000262
english 0,925206 0,000211
франция 0,675551 0,000077
обозначить 2,827314 0,000322
шоу 1,441019 0,000164
объем 2,490841 0,000284
безумие 3,520461 0,000401
четыре 0,910391 0,000519
аутсайдер 3,050457 0,000695
suomi 1,052361 0,000120
плэтт 5,129899 0,000585
определяться 1,797694 0,001229
протяжение 1,951845 0,000890
слохоккей 5,129899 0,000585
вадим 2,421849 0,001104
голубой 2,490841 0,000284
дракон 2,421849 0,001104
viaf 2,490841 0,000568
садовник 5,129899 0,000585
иржи 4,031286 0,000460
рекордный 2,038856 0,000697
менеджер 2,732003 0,000311
коронавирусными 5,129899 0,000585
воздух 2,421849 0,000828
илья 1,797694 0,002049
потолок 3,338139 0,002664
нецелесообразность 5,129899 0,000585
использоваться 1,159607 0,000132
шипачёв 4,436752 0,002023
гришин 3,338139 0,000381
новокузнецк 4,031286 0,001379
portuguê 1,035554 0,000118
впервые 0,839439 0,000383
oʻzbekcha 1,140915 0,000130
раз 0,485508 0,000221
чемпионат 0,188256 0,001588
ўзбекча 1,140915 0,000130
магазин 2,038856 0,000232
latviešu 1,052361 0,000120
кирилл 1,695912 0,000387
российский 0,224624 0,000307
памятный 3,520461 0,000803
испания 1,159607 0,000132
галиновского 5,129899 0,000585
ярмарка 3,743604 0,000853
отличиться 2,564949 0,000292
версия 0,393700 0,000314
телеканал 2,644992 0,001206
шесть 1,238078 0,000282
обычно 1,695912 0,000193
зарегистрировать 0,711058 0,000081
макар 2,932674 0,000334
требование 1,797694 0,000410
израиль 2,085376 0,000238
рбк 1,797694 0,000205
вячеслав 2,185460 0,000996
игорь 1,871802 0,000853
записать 2,932674 0,000334
знак 0,986764 0,000112
пополнить 2,357310 0,000269
правый 0,971016 0,000775
представить 1,518981 0,000866
юусо 5,129899 0,000585
работа 1,086847 0,000372
обладатель 1,492313 0,001021
вручить 3,338139 0,001142
амур 2,644992 0,002110
блок 2,421849 0,000276
передача 1,633391 0,000931
сеть 1,258698 0,000287
евро 1,466337 0,000167
критерий 2,490841 0,000568
блог 2,357310 0,000269
посол 0,301585 0,000413
логотип 2,357310 0,000269
юханссон 4,436752 0,000506
медиафайлы 1,217876 0,000139
сибирь 2,038856 0,001627
параметр 2,490841 0,000568
galego 1,178655 0,000134
старый 1,159607 0,000661
короткий 0,699082 0,000080
поровну 3,743604 0,000427
возвращаться 1,871802 0,000213
астанинского 5,129899 0,000585
невыплата 4,436752 0,000506
пандемия 2,421849 0,001656
внести 2,239527 0,000255
соображение 3,183989 0,000363
давосе 4,031286 0,000460
eriel 5,129899 0,000585
поражение 1,122566 0,000256
полмиллиарда 5,129899 0,000585
служебный 0,955511 0,000109
клюшка 3,743604 0,000853
покинуть 1,871802 0,001920
спрос 4,436752 0,000506
альпенлига 5,129899 0,000585
эдгарс 5,129899 0,000585
заварухин 5,129899 0,000585
протестировать 4,031286 0,000460
дошлый 2,827314 0,000322
брать 2,239527 0,000255
associ 0,986764 0,000112
адам 2,932674 0,000334
свободный 0,867219 0,000099
забитый 2,239527 0,000255
дистрибьютор 5,129899 0,000585
местис 5,129899 0,000585
процедура 2,490841 0,000284
существовать 1,122566 0,000256
серб 3,338139 0,000381
пятый 1,574551 0,000718
отношение 1,301257 0,000297
музыка 2,357310 0,000269
play 1,441019 0,000329
азиатский 2,296685 0,000262
серьезный 1,633391 0,000186
озолиньша 5,129899 0,001169
внутри 2,421849 0,000276
получить 0,384967 0,000351
направить 2,296685 0,000262
фон 2,564949 0,000585
нарушать 2,732003 0,000311
нидерланды 1,518981 0,000173
государственный 1,871802 0,000427
продавать 3,520461 0,000401
hankook 5,129899 0,000585
лепистё 5,129899 0,000585
архивировать 1,104547 0,008561
астан 3,520461 0,000803
гол 1,323236 0,002112
эмиль 2,932674 0,000334
сделать 0,853233 0,000389
связанный 0,786093 0,000627
казань 1,301257 0,000593
босния 2,644992 0,000301
ноль 3,050457 0,001043
послематчевых 2,644992 0,000301
отчет 2,490841 0,000284
italiano 1,035554 0,000118
год 0,099461 0,001916
совместно 2,732003 0,000311
увеличение 2,421849 0,000276
card 4,436752 0,001517
контракт 1,258698 0,000430
широков 3,050457 0,001043
модуль 3,183989 0,000363
резкий 2,085376 0,000238
освещать 4,031286 0,000460
сербия 2,134166 0,000243
мая 0,986764 0,001687
поэтому 1,392229 0,000317
расход 2,490841 0,000284
антон 1,695912 0,000193
агентство 1,994404 0,000455
web 1,279751 0,000146
гостев 2,827314 0,000322
перспектива 2,827314 0,000645
семь 1,633391 0,000931
выплата 3,050457 0,000695
приз 1,834062 0,004181
bokmål 1,069456 0,000122
каблук 4,031286 0,000460
семилетней 5,129899 0,000585
пропустить 1,122566 0,000512
шаблон 1,441019 0,000329
инструмент 0,881403 0,000301
мвд 3,743604 0,002987
продолжительный 2,644992 0,000301
плюс 2,239527 0,000511
ночной 3,520461 0,000401
транслироваться 3,183989 0,000363
отдельно 3,050457 0,000348
лендел 5,129899 0,000585
доиграть 3,183989 0,000726
лига 0,325878 0,005163
евгения 1,178655 0,000672
генеральный 1,664163 0,000569
русый 1,368699 0,007645
накануне 3,183989 0,000363
расширение 2,296685 0,002880
благодаря 1,441019 0,000164
военный 1,664163 0,000759
мытищи 4,031286 0,001838
чернышев 3,743604 0,002560
фонд 0,895792 0,000102
состав 0,867219 0,001977
наиболее 1,466337 0,000501
указать 1,198073 0,001366
соглашение 1,466337 0,000836
эпидемиологический 5,129899 0,000585
частить 1,664163 0,000379
валентин 2,421849 0,000552
спонсорство 3,050457 0,001043
магнитогорский 3,743604 0,000427
история 0,270086 0,000369
обломок 5,129899 0,000585
чернышенко 5,129899 0,002339
таблица 0,711058 0,000405
длить 0,146292 0,000367
непосредственно 2,134166 0,000243
солвекс 5,129899 0,000585
еремеев 5,129899 0,000585
хорватия 2,296685 0,001047
согласно 1,574551 0,000538
название 1,035554 0,000590
валльмарк 4,436752 0,000506
поиск 0,711058 0,000405
чемпион 0,334108 0,000609
game 1,797694 0,001025
запланировать 2,932674 0,000334
решающий 2,134166 0,000487
молодой 2,490841 0,000284
oldid 0,986764 0,000112
длинный 1,762603 0,000402
фхр 4,031286 0,003217
первое 0,393700 0,000718
низкий 1,345709 0,000307
алексей 1,140915 0,002211
рижский 3,520461 0,002408
продажа 2,239527 0,000255
отвечать 2,239527 0,000255
sap 5,129899 0,004678
стадий 1,911023 0,000436
герцеговина 2,644992 0,000301
хоккеист 1,633391 0,000931
принять 0,786093 0,001165
ежов 3,743604 0,000427
плющев 4,031286 0,000460
авторство 0,986764 0,000112
высокий 0,760451 0,000520
признак 3,520461 0,000401
финал 0,699082 0,001514
евразия 3,743604 0,000853
новый 0,239550 0,000519
коронавирус 2,932674 0,002340
поведение 0,839439 0,000096
австрийский 3,183989 0,001089
кетовый 4,436752 0,000506
выйти 0,773190 0,000441
кевин 2,038856 0,000930
всероссийский 2,085376 0,000713
обзор 1,911023 0,000218
литва 2,239527 0,000255
финский 1,518981 0,000519
полный 0,940244 0,000214
визуализированную 5,129899 0,000585
александр 0,839439 0,002009
гарнетт 4,436752 0,001517
мик 4,436752 0,000506
викимедиа 0,986764 0,000112
вектор 4,436752 0,000506
интер 1,633391 0,000186
формироваться 2,644992 0,000603
показывать 1,762603 0,000201
drive 4,436752 0,000506
дружба 3,183989 0,000363
средство 1,664163 0,000190
определить 1,301257 0,000445
дополнительный 0,940244 0,000107
кравец 3,743604 0,000427
шпенглер 4,031286 0,001379
вещатель 3,743604 0,000427
мир 0,277868 0,000222
статистический 3,050457 0,001043
by 0,971016 0,000111
тимур 3,050457 0,000348
русский 0,760451 0,000087
участница 2,732003 0,000311
входить 1,258698 0,000287
этап 0,895792 0,000817
cc 0,986764 0,000112
джентльмен 3,520461 0,000401
время 0,384967 0,000439
конец 1,035554 0,000236
единственный 1,392229 0,000159
исландия 2,644992 0,000301
новгород 1,217876 0,000139
выходить 1,695912 0,000193
отменить 1,728701 0,000394
ранее 1,104547 0,000504
победитель 0,799165 0,002277
носить 1,664163 0,000379
реализовать 2,827314 0,000967
профсоюз 3,338139 0,004186
неприкосновенность 4,436752 0,000506
викиданных 0,986764 0,000112
зависимость 1,911023 0,000218
северный 1,492313 0,000510
возрождение 2,644992 0,000301
начаться 1,518981 0,000173
каталог 1,301257 0,000297
заключительный 2,357310 0,000269
яшин 2,827314 0,000967
показать 0,504926 0,000058
доставаться 3,338139 0,000381
отсутствие 1,664163 0,000759
ключевой 2,296685 0,000262
рылов 4,436752 0,000506
миллиард 1,911023 0,000653
хотя 1,546380 0,000176
полезность 5,129899 0,000585
двадцать 3,183989 0,000363
порядок 1,664163 0,000569
счет 0,799165 0,000455
забросить 2,421849 0,002208
оформить 2,134166 0,000243
олимпийский 0,342407 0,000078
читать 0,555188 0,000063
выявлять 3,338139 0,000381
англ 1,159607 0,001322
командный 1,002764 0,000229
рхл 4,436752 0,001011
оценка 1,797694 0,000205
коробатов 5,129899 0,000585
кузнецкий 5,129899 0,000585
лишь 1,159607 0,000132
владеть 2,357310 0,000269
завершить 1,052361 0,000360
инструкция 3,338139 0,000381
мол 3,050457 0,000695
момент 0,910391 0,000311
portabl 4,436752 0,000506
шанхайский 2,564949 0,001169
вольский 5,129899 0,000585
中文 1,035554 0,000118
помимо 1,911023 0,000218
константин 2,185460 0,000996
тереть 0,786093 0,000806
букмекер 1,140915 0,000910
ларионов 3,050457 0,000348
основа 1,301257 0,000297
hd 5,129899 0,000585
foundat 0,986764 0,000112
карта 2,085376 0,000238
страховщик 5,129899 0,000585
big 3,743604 0,000427
подобный 1,911023 0,000653
среди 0,597299 0,000953
козырев 3,338139 0,000381
прежний 1,994404 0,000227
латвия 1,664163 0,001138
хоккейный 1,416327 0,010171
полевой 2,357310 0,000269
канадский 1,603538 0,000366
масштабный 3,050457 0,000348
предоставлять 2,932674 0,000334
трёхлетней 5,129899 0,000585
https 0,699082 0,000159
ii 2,239527 0,000511
результат 0,524729 0,000419
мобильный 0,555188 0,000063
хабаровский 3,743604 0,000427
татарча 1,392229 0,000159
עברית 1,052361 0,000120
index 0,986764 0,000112
павел 1,834062 0,000627
большой 0,687247 0,000627
ростелеком 5,129899 0,001169
it 2,732003 0,000311
далее 2,185460 0,000249
татнефть 4,436752 0,000506
iv 2,644992 0,000301
шарипзянов 4,436752 0,000506
изначально 2,038856 0,000697
избранный 0,955511 0,000436
должен 0,597299 0,000409
тасс 1,695912 0,000387
возвращение 1,466337 0,000167
масальскис 5,129899 0,000585
карпатский 5,129899 0,000585
покидать 2,421849 0,000276
последующий 2,085376 0,000238
еременко 3,520461 0,001204
написание 2,564949 0,000292
гарнетту 5,129899 0,000585
забить 1,466337 0,000836
елесин 5,129899 0,001169
ниеми 5,129899 0,000585
мск 2,421849 0,000552
линус 5,129899 0,000585
мансийска 5,129899 0,000585
работать 1,518981 0,000173
world 1,416327 0,000807
провести 0,799165 0,000638
верность 3,743604 0,001707
это 0,181139 0,000392
два 0,504926 0,001209
ладо 2,185460 0,004733
донбасс 4,031286 0,003676
прямой 1,695912 0,000193
тренер 0,555188 0,000886
сакари 5,129899 0,000585
корешковый 3,338139 0,000381
доступный 0,955511 0,000109
остальное 1,834062 0,000209
разрыть 3,338139 0,000381
утверждение 1,695912 0,000387
екатеринбургский 4,031286 0,000919
бурно 5,129899 0,000585
стартовый 1,728701 0,000197
управлять 2,357310 0,000269
или 0,576022 0,000394
финляндия 1,323236 0,000905
измениться 2,038856 0,000232
отличие 1,695912 0,000193
қазақша 1,178655 0,000134
рязанец 3,743604 0,001280
воплотиться 5,129899 0,000585
отстоять 2,827314 0,000322
арбитр 2,239527 0,001276
пригласить 1,834062 0,000209
восток 2,644992 0,001809
северсталь 2,038856 0,000930
включить 1,392229 0,000317
www 1,392229 0,006665
переслать 2,827314 0,000322
югославия 2,134166 0,000243
учетный 0,986764 0,000112
много 0,735450 0,000587
распределять 4,031286 0,000919
хет 2,296685 0,001047
заключить 2,490841 0,000284
представиться 0,986764 0,000112
затем 1,301257 0,000297
лава 3,520461 0,000401
побить 1,951845 0,000890
разыгрываться 1,994404 0,000227
латвийский 3,520461 0,000401
зритель 1,518981 0,000346
карнаух 4,031286 0,000460
мхл 1,603538 0,001645
заработный 4,031286 0,000460
отделить 4,436752 0,000506
ошибка 0,576022 0,000066
германий 0,723179 0,000082
харламова 3,520461 0,002408
игра 0,112619 0,000231
поскольку 1,728701 0,000197
компания 0,971016 0,000996
согаз 3,743604 0,000853
произвести 2,732003 0,000311
телекоммуникация 4,436752 0,000506
deutsch 1,052361 0,000120
марта 0,853233 0,001264
имя 1,178655 0,001881
контора 3,183989 0,000363
ставить 2,296685 0,000262
рекомендация 1,217876 0,000555
больший 0,457070 0,000260
coca 4,436752 0,001011
нагорный 4,031286 0,000460
дальнейший 1,994404 0,000227
событие 0,565551 0,000129
гатиятулин 5,129899 0,000585
использование 0,277868 0,000032
увольнение 2,827314 0,000322
калинин 3,520461 0,000401
соревнование 0,411400 0,000094
технологический 3,338139 0,000761
мозякин 4,436752 0,002023
сивов 5,129899 0,000585
лицензия 0,971016 0,000111
тоже 1,911023 0,000218
лента 1,518981 0,000173
угол 2,421849 0,000276
представлять 1,217876 0,000278
зимний 0,663991 0,000076
карточка 1,951845 0,000445
ряд 1,198073 0,000273
энде 4,436752 0,000506
страница 0,910391 0,001038
отечественный 2,185460 0,000498
сам 0,747872 0,001023
запись 0,910391 0,000104
qr 0,986764 0,000112
подведение 3,050457 0,000348
посещаемость 2,732003 0,002491
stm 5,129899 0,001169
женский 0,663991 0,000076
сохранение 0,971016 0,000111
юрий 1,994404 0,000227
удаться 1,994404 0,000227
снайпер 2,644992 0,001206
пресс 0,895792 0,000102
персональный 0,723179 0,000082
действовать 0,825834 0,000377
ru 0,285712 0,001693
коновал 3,520461 0,000803
организовать 1,466337 0,000167
присуждаться 2,827314 0,001289
эксклюзивный 2,564949 0,000585
перенаправляться 2,644992 0,000301
sa 0,986764 0,000112
югра 3,183989 0,002903
известно 1,871802 0,000213
церемония 2,134166 0,000487
дата 0,799165 0,007196
вернуться 0,986764 0,000337
того 0,955511 0,000436
проводить 0,910391 0,000830
китайский 1,069456 0,000244
трактор 1,994404 0,002728
español 1,019025 0,000116
россия 0,139466 0,000668
проскуряков 4,436752 0,001011
мэтт 4,031286 0,001379
рекорд 0,955511 0,002505
свой 0,586604 0,000201
коскинен 4,436752 0,000506
свое 0,457070 0,000521
встретиться 1,728701 0,000788
январь 0,786093 0,000896
tv 2,564949 0,000292
нерабочий 2,644992 0,000301
основополагающий 5,129899 0,000585
казахстан 1,217876 0,000972
услуга 3,183989 0,000726
слована 5,129899 0,000585
рождение 1,518981 0,000346
express 2,644992 0,000301
полезный 1,695912 0,000387
намерение 3,520461 0,000401
выставочный 3,520461 0,000401
квартальнов 3,050457 0,000348
позорить 4,031286 0,000460
новосибирский 3,338139 0,000381
введение 2,296685 0,000785
люксембург 2,564949 0,000292
отдать 1,728701 0,000394
высокоточный 5,129899 0,000585
мирон 3,520461 0,000401
индекс 4,031286 0,000460
держаться 2,932674 0,000334
norsk 1,052361 0,000120
дальневосточный 4,436752 0,000506
khl 3,743604 0,024323
ярославль 2,490841 0,001136
отрасль 4,031286 0,000460
vk 1,441019 0,000164
причина 1,368699 0,000312
нефтехимик 2,732003 0,001557
сандиса 5,129899 0,000585
дно 2,827314 0,000322
главый 3,050457 0,000348
мастер 1,518981 0,000173
доход 2,239527 0,000766
polski 1,035554 0,000118
cola 4,436752 0,001011
livvinkarjala 3,050457 0,000348
haier 4,436752 0,001011
отрезка 2,644992 0,000301
рейтинг 0,524729 0,000478
переезд 3,338139 0,000381
дом 1,911023 0,000218
atributika 5,129899 0,000585
куляш 5,129899 0,000585
org 0,986764 0,000112
показатель 1,728701 0,000394
сыграть 0,839439 0,000383
внедрить 4,031286 0,001379
завершать 3,050457 0,000348
некоммерческий 0,986764 0,000112
барулин 5,129899 0,001754
оглашаться 5,129899 0,000585
великобритания 1,664163 0,000190
дивизион 2,038856 0,006507
желтый 1,834062 0,000209
лукас 3,183989 0,000363
гусев 2,932674 0,000669
обстановка 3,520461 0,000401
указание 0,986764 0,000112
буллитам 2,732003 0,000623
западный 2,134166 0,004136
ярославский 3,183989 0,002178
српски 1,035554 0,000118
над 0,986764 0,000337
объединить 1,994404 0,000455
минский 2,185460 0,001495
тема 1,104547 0,000126
спартак 0,711058 0,001216
егор 1,951845 0,000445
членство 3,183989 0,000363
достигнутый 4,031286 0,000460
холдинг 3,183989 0,000726
ташкент 3,050457 0,000695
предложение 2,239527 0,000511
ворот 1,762603 0,000804
распределение 2,421849 0,000276
новостной 3,338139 0,000381
ска 1,279751 0,003647
служба 1,279751 0,000146
исак 4,031286 0,000460
цска 0,711058 0,001621
хсу 5,129899 0,000585
географический 4,031286 0,000460
омский 3,520461 0,001204
суперлига 1,441019 0,001150
континентальный 1,871802 0,005974
ирландия 2,185460 0,000249
который 0,325878 0,000966
юниор 1,345709 0,001381
идея 1,871802 0,000427
николай 1,994404 0,000455
постоянный 0,881403 0,000100
юлаевым 3,743604 0,000853
например 1,603538 0,000183
панченко 4,031286 0,000460
türkçe 1,052361 0,000120
победа 0,420369 0,000719
привести 1,466337 0,000334
дедунов 5,129899 0,000585
выбрать 1,323236 0,000603
елена 1,834062 0,000209
случай 0,867219 0,000099
бирюк 4,436752 0,000506
соколов 3,050457 0,000348
америка 1,279751 0,000146
арена 1,104547 0,004281
инфраструктура 2,564949 0,000292
несколько 0,971016 0,000111
начало 0,760451 0,000433
data 4,436752 0,000506
располагаться 1,951845 0,000222
снг 2,490841 0,000568
закончить 1,994404 0,000227
титуловать 2,134166 0,000243
свежий 0,839439 0,000096
расформировать 2,932674 0,000669
досрочно 2,421849 0,000276
золотой 1,002764 0,000686
вызвать 1,797694 0,000205
уральский 3,338139 0,000381
неустойчивый 4,436752 0,000506
внешний 1,104547 0,000378
апрель 0,986764 0,001687
начинать 1,140915 0,000780
количество 0,853233 0,001167
трибун 1,603538 0,000183
модель 2,490841 0,000852
варнак 5,129899 0,001169
формат 1,871802 0,000640
нет 0,825834 0,000188
называться 1,603538 0,000183
армения 2,564949 0,000292
сотрудничество 2,564949 0,000877
статистика 0,630089 0,000359
трофей 1,871802 0,003200
принципиальный 2,644992 0,001809
перенос 3,183989 0,000363
токенов 5,129899 0,000585
значительно 1,911023 0,000218
объявить 1,492313 0,001021
завершиться 1,728701 0,000197
правда 2,134166 0,000243
плохой 1,994404 0,000227
коварж 5,129899 0,002339
выпуск 2,134166 0,000730
информация 0,608110 0,000347
уникальный 2,421849 0,000276
нид 5,129899 0,001169
череповец 3,743604 0,000427
ларс 5,129899 0,000585
ярослав 2,732003 0,000623
миллион 1,392229 0,000476
квалификационный 2,085376 0,000238
нзх 5,129899 0,000585
проверить 1,368699 0,000312
переть 0,359214 0,000164
источник 0,786093 0,001971
