состояться 1,140915 0,000378
долгий 1,728701 0,000458
состоять 1,279751 0,000169
latina 1,603538 0,000106
формула 1,574551 0,000104
девять 2,038856 0,000810
экспорт 0,986764 0,000065
бельгиец 3,520461 0,000233
выигрывать 1,728701 0,000801
любить 1,466337 0,000097
иностранец 2,564949 0,000340
коннолли 5,129899 0,000679
circular 5,129899 0,000340
стабильный 2,085376 0,000138
парной 2,644992 0,006654
сто 2,644992 0,000175
лотти 5,129899 0,001019
табличка 4,031286 0,000267
willow 5,129899 0,000340
отмечаться 3,050457 0,000202
помещение 2,239527 0,000593
любительница 5,129899 0,000340
культурный 3,338139 0,000221
čeština 1,035554 0,000069
иностранный 2,185460 0,000289
продолжаться 1,951845 0,001034
луиса 2,239527 0,000148
серебряный 1,368699 0,000453
область 1,633391 0,000108
викисклад 1,035554 0,000137
здание 3,338139 0,000884
roll 5,129899 0,000340
наступление 4,436752 0,000587
мокьюментари 5,129899 0,000340
переходящий 3,520461 0,000466
винус 5,129899 0,002038
gold 3,520461 0,000233
пламмером 5,129899 0,000340
пройти 0,544931 0,000144
surfac 5,129899 0,000340
quiet 5,129899 0,000340
юношеский 1,574551 0,000417
брайан 3,520461 0,000233
окончательно 2,564949 0,000170
a 1,392229 0,000922
c 1,546380 0,000102
слишком 2,644992 0,000175
быстро 2,038856 0,000135
майк 3,338139 0,000221
немка 4,436752 0,000294
j 1,466337 0,000194
m 2,296685 0,000152
билль 2,296685 0,001064
n 2,421849 0,000160
o 2,932674 0,000194
the 1,546380 0,006552
p 1,951845 0,007624
видеоархив 5,129899 0,000340
r 2,085376 0,000138
s 1,664163 0,001763
t 2,732003 0,000543
сильный 1,198073 0,000238
v 1,951845 0,000517
w 0,955511 0,000063
x 1,279751 0,000085
гегемония 4,031286 0,000534
fifth 5,129899 0,000340
посещение 4,031286 0,000801
imag 3,743604 0,000248
рефери 2,932674 0,000388
предварять 5,129899 0,000340
украина 1,217876 0,000081
алтей 5,129899 0,000340
подробность 2,239527 0,000148
replic 5,129899 0,000340
русскоязычный 3,338139 0,000221
лейвер 5,129899 0,002038
tie 5,129899 0,000679
территория 1,518981 0,002413
иностранка 5,129899 0,000340
стюарт 4,436752 0,000294
окончание 1,546380 0,000307
tim 3,743604 0,000248
ложа 2,932674 0,001165
судья 1,035554 0,000137
часы 1,911023 0,000759
предназначить 2,490841 0,000330
мэттью 4,031286 0,000267
система 0,799165 0,000476
собрание 2,932674 0,000194
июнь 1,198073 0,007773
постепенно 2,296685 0,000152
ensur 5,129899 0,000340
одиночный 2,239527 0,017050
иметь 1,069456 0,000212
ассоциировать 4,436752 0,000294
посетить 2,421849 0,000481
patrick 4,031286 0,000267
уимблдон 2,421849 0,013147
выход 1,178655 0,000234
roof 5,129899 0,001019
последний 0,376309 0,000573
лето 1,911023 0,000127
верхний 2,296685 0,000912
некоторые 1,198073 0,000159
строевой 5,129899 0,000340
обувь 3,050457 0,000202
сша 0,586604 0,000621
июль 1,019025 0,004925
удостаивать 5,129899 0,000340
кура 5,129899 0,000340
поднятие 3,743604 0,000248
подряд 1,258698 0,001250
бадж 5,129899 0,000679
разработчик 0,971016 0,000064
чемпионский 1,574551 0,001564
ноябрь 0,955511 0,000190
worldcat 2,490841 0,000165
вклад 0,955511 0,000127
сквош 1,728701 0,000114
indonesia 1,086847 0,000072
окружать 4,031286 0,000267
очко 1,416327 0,000281
луиза 5,129899 0,000340
публичный 3,183989 0,000211
очки 0,940244 0,000560
временить 1,140915 0,000755
проложить 4,436752 0,000294
women 2,827314 0,000562
перейти 0,586604 0,000155
подготовка 1,178655 0,000078
сын 2,239527 0,000148
бонфильо 5,129899 0,000340
increas 4,436752 0,000294
tod 5,129899 0,000340
двукратным 3,338139 0,000221
rosewat 4,436752 0,000881
сокращенно 3,520461 0,000233
богерт 5,129899 0,000340
двукратный 2,239527 0,000297
макмиллан 5,129899 0,000340
совместный 2,564949 0,000170
tom 4,436752 0,000587
top 1,695912 0,000112
сохраниться 2,932674 0,000388
слово 1,035554 0,000206
схаперс 5,129899 0,000340
мисс 4,436752 0,000294
фира 5,129899 0,000340
синий 1,834062 0,000121
сильнейший 1,546380 0,000410
littl 4,436752 0,014393
перри 5,129899 0,002377
pimm 5,129899 0,000679
иметься 2,421849 0,000321
чаша 3,520461 0,000233
только 0,447767 0,000534
микст 3,183989 0,001686
бизнесмен 3,050457 0,000202
средний 1,441019 0,000382
стакан 5,129899 0,000340
com 0,925206 0,000123
pleas 3,743604 0,000248
неравенство 5,129899 0,000340
турнир 0,293617 0,005073
ясный 3,520461 0,000233
чаща 1,834062 0,000364
frysk 1,762603 0,000117
ведение 2,644992 0,000175
хороший 0,393700 0,000182
модернистский 5,129899 0,000340
pigeon 5,129899 0,000340
marketa 5,129899 0,000340
добавить 1,518981 0,000302
относительно 2,564949 0,000170
романтический 5,129899 0,000340
hodgkinson 5,129899 0,000340
билет 2,085376 0,000138
ллейтон 5,129899 0,000340
chadband 5,129899 0,000340
власть 2,421849 0,000160
навсегда 2,564949 0,000509
сцена 3,050457 0,000606
включительно 2,827314 0,000374
сокращение 2,564949 0,000170
зверев 4,436752 0,000881
продолжать 1,258698 0,000667
предыдущий 1,797694 0,000476
отмена 2,932674 0,000194
hawk 4,031286 0,000801
эверт 5,129899 0,001019
выстроить 3,520461 0,000233
институт 2,827314 0,000374
идти 1,159607 0,000154
вмещать 3,050457 0,000404
слабый 2,134166 0,000141
появляться 2,038856 0,000405
присуждение 3,743604 0,000248
примерный 2,085376 0,000276
статус 1,279751 0,000678
против 0,747872 0,000099
статуя 3,743604 0,000744
так 0,597299 0,000593
там 1,603538 0,000212
иногда 1,951845 0,000388
поклонница 4,436752 0,000294
восстановиться 4,031286 0,000267
тбш 3,743604 0,000248
глобальный 4,031286 0,000267
бал 4,436752 0,001175
тая 2,827314 0,001123
расширяться 3,338139 0,000221
analyz 5,129899 0,000340
sport 0,760451 0,000352
автомобиль 2,644992 0,000175
шарлотта 4,436752 0,000294
двухочкового 5,129899 0,000340
просмотр 0,925206 0,000061
lexi 5,129899 0,000340
попадать 2,296685 0,000152
рекордсменка 4,031286 0,000267
let 3,520461 0,000233
фред 4,436752 0,001762
набрать 1,368699 0,000181
этот 0,350775 0,000906
press 2,185460 0,000289
аренда 1,728701 0,000343
курьез 5,129899 0,000340
претендовать 2,732003 0,000181
погода 3,183989 0,000843
признанный 2,038856 0,000270
швеция 1,035554 0,000069
бронзовый 1,345709 0,000356
джокович 2,421849 0,000321
each 4,436752 0,000587
отметить 2,134166 0,000283
глава 1,122566 0,000074
изготовить 3,183989 0,000422
рюки 5,129899 0,000340
creativ 0,986764 0,000065
фиксировать 3,520461 0,000233
courtney 5,129899 0,000340
трудность 2,827314 0,000187
конструкция 2,732003 0,000181
cup 2,134166 0,000141
сампраса 5,129899 0,000340
карда 3,743604 0,000991
убыточный 4,031286 0,000267
элемент 0,925206 0,000061
сидуэлл 5,129899 0,000340
спортивный 0,301585 0,000120
хедоу 5,129899 0,001358
спонсор 1,664163 0,000441
two 4,031286 0,000267
многолетний 2,732003 0,000181
шульц 5,129899 0,000340
выступление 0,955511 0,000380
clay 5,129899 0,000340
транслировать 3,520461 0,000233
tear 5,129899 0,000340
новозеландец 4,031286 0,000267
маккейн 5,129899 0,001019
анджела 4,436752 0,000587
гелена 5,129899 0,000340
цель 1,238078 0,000328
заявлять 2,827314 0,000187
словом 3,743604 0,000248
moodi 5,129899 0,000340
тед 4,436752 0,000294
основать 1,466337 0,000097
сампрасу 5,129899 0,000679
tyson 5,129899 0,000340
тем 1,217876 0,000645
популярный 1,392229 0,000369
thing 4,436752 0,000294
борнмут 4,436752 0,000294
соблюсти 4,436752 0,000294
без 0,466460 0,000124
противоположный 2,732003 0,000181
цена 2,357310 0,000156
spencer 5,129899 0,000340
прекращение 3,338139 0,000221
почетный 2,421849 0,000321
проигрывать 2,357310 0,000312
запрет 2,134166 0,000141
оставаться 1,301257 0,000948
вынудить 2,185460 0,000145
вовремя 3,743604 0,000248
шредер 5,129899 0,000340
doubl 3,520461 0,000233
кандидат 2,296685 0,000152
межвоенном 5,129899 0,000340
редакция 0,940244 0,000062
merit 5,129899 0,000340
манчестер 2,085376 0,000138
период 1,035554 0,000480
клуб 0,652562 0,003024
центральный 1,603538 0,003185
ассоциация 1,416327 0,001219
page 0,986764 0,000065
кроме 1,368699 0,000453
бороться 1,633391 0,000108
хендерсон 5,129899 0,000340
away 5,129899 0,000679
подавать 3,183989 0,001476
просуществовать 3,520461 0,000233
розуолла 5,129899 0,000340
garro 4,031286 0,000534
купер 2,932674 0,000194
кодекс 0,971016 0,000064
фалкенбург 5,129899 0,000340
тим 3,520461 0,000466
трансляция 1,217876 0,000726
культура 1,392229 0,000184
azarenka 5,129899 0,000340
equal 4,436752 0,000587
статья 0,495170 0,000361
нейссен 5,129899 0,000340
соответственно 2,134166 0,001130
трамвайный 5,129899 0,000340
честь 1,911023 0,000759
rebecca 4,031286 0,000267
шпиль 5,129899 0,000340
посвятить 1,994404 0,000528
юбилейный 3,338139 0,000442
ελληνικά 1,086847 0,000072
делить 2,732003 0,000181
близкий 1,762603 0,000117
многие 1,178655 0,000390
хантом 5,129899 0,000340
беларусь 1,279751 0,000085
близкие 3,183989 0,000211
язык 0,925206 0,000123
пятница 3,338139 0,000442
предпринять 3,183989 0,000211
ножка 4,436752 0,000587
уменьшение 3,183989 0,000211
различный 1,441019 0,000286
послевоенный 2,932674 0,000971
гость 1,994404 0,000264
счастливчик 4,031286 0,000267
эмблема 2,564949 0,000340
разный 1,368699 0,000362
выкупить 2,827314 0,000187
брукс 5,129899 0,000679
фостер 5,129899 0,000340
риггс 5,129899 0,001019
распространить 2,134166 0,000141
защитить 1,633391 0,000108
paula 5,129899 0,000340
международный 0,466460 0,000340
строчок 2,644992 0,000700
матч 0,293617 0,000972
супруг 3,743604 0,000248
euskara 1,122566 0,000074
крупный 1,198073 0,000317
демонстрационный 3,520461 0,000233
рамка 1,441019 0,000382
выбывать 3,050457 0,000404
скомпенсировать 5,129899 0,000340
текущий 0,867219 0,000172
экспресс 1,416327 0,000188
страна 0,641262 0,000764
вместо 1,633391 0,000324
traiko 5,129899 0,000340
соппера 5,129899 0,000340
вместе 1,178655 0,000468
дорогостояющую 5,129899 0,000340
полуфинал 1,238078 0,000492
furi 4,436752 0,000294
asturianu 1,323236 0,000088
давид 2,827314 0,000187
продолжить 1,492313 0,000099
проходить 0,867219 0,000689
íslenska 1,392229 0,000092
летний 0,619039 0,000410
тон 4,031286 0,000267
перечислить 3,338139 0,000221
марк 2,085376 0,000138
олимпиада 0,576022 0,000076
тот 0,393700 0,001121
обсуждение 0,867219 0,000115
day 3,338139 0,000442
коннорс 5,129899 0,000340
три 1,178655 0,000936
звезда 1,035554 0,000206
высадить 4,436752 0,000294
университет 1,911023 0,000127
принц 3,743604 0,000496
боб 3,183989 0,000632
обратить 3,338139 0,000221
доротея 2,490841 0,000165
бол 4,436752 0,000587
achiev 4,436752 0,000294
семья 2,085376 0,000828
семью 4,031286 0,000267
площадка 1,574551 0,000208
джеймс 1,911023 0,000127
вместимость 2,564949 0,000509
аналогичный 2,085376 0,000552
исполняться 3,338139 0,000221
part 4,031286 0,000267
как 0,232059 0,000753
родом 3,520461 0,000233
дистанция 1,728701 0,000343
lta 4,436752 0,000294
boycott 5,129899 0,000679
солидный 4,031286 0,000267
сопровождать 3,520461 0,000233
отсутствовать 2,564949 0,000170
встреча 1,368699 0,000544
фильм 2,185460 0,000434
расписание 1,664163 0,000441
ежегодный 2,564949 0,000509
тарашкевіца 1,198073 0,000079
немой 1,416327 0,000563
партнер 1,159607 0,000230
изображать 3,520461 0,000932
скорый 2,296685 0,000152
поколебать 5,129899 0,000340
второе 0,839439 0,000667
активно 2,239527 0,000297
пониженный 4,436752 0,000294
sicilianu 2,038856 0,000135
второй 0,576022 0,000610
тур 1,159607 0,000768
вынести 2,357310 0,000156
учет 2,185460 0,000145
path 5,129899 0,000340
des 3,520461 0,000233
кво 5,129899 0,000340
record 2,932674 0,000388
crisi 5,129899 0,000679
население 3,338139 0,000221
пойти 2,185460 0,000289
чехословакия 2,038856 0,000135
конфликт 1,951845 0,000517
помощь 1,368699 0,000091
а 0,209918 0,001195
senior 4,436752 0,000294
ленглен 4,436752 0,002056
в 0,017911 0,000901
г 0,925206 0,000061
межвоенный 5,129899 0,000679
е 0,867219 0,000344
и 0,023953 0,000582
й 0,825834 0,000656
межвоенные 5,129899 0,000340
к 0,132686 0,000448
трёхкратный 3,050457 0,000202
м 0,534779 0,000142
н 0,895792 0,000059
о 0,042302 0,000048
трёхкратным 4,436752 0,000294
р 2,239527 0,000148
с 0,036149 0,000455
исследование 2,038856 0,000135
у 0,342407 0,001179
х 0,986764 0,001176
течение 1,238078 0,000082
ч 2,644992 0,000350
ю 1,834062 0,000364
тейлор 4,031286 0,000801
сила 1,279751 0,000254
cocozza 5,129899 0,000340
journal 3,050457 0,000404
обеспечить 2,296685 0,000456
конкретный 2,644992 0,000175
grass 5,129899 0,001019
итоговый 2,085376 0,000276
wednesday 5,129899 0,000340
deadlink 2,038856 0,000135
уайлда 5,129899 0,000340
копия 1,416327 0,000281
popovich 5,129899 0,000340
организатор 1,951845 0,002843
цветной 3,050457 0,000404
годовщина 4,031286 0,000267
классический 1,834062 0,000121
собраться 3,520461 0,000233
зарезервировать 4,031286 0,000267
представительница 3,338139 0,000884
reuter 4,031286 0,000534
кен 4,031286 0,000801
идентичный 4,436752 0,000294
оксфордский 3,743604 0,000496
существование 2,085376 0,000138
макса 2,038856 0,000270
румынский 3,050457 0,000404
раздеть 1,871802 0,000124
пополняться 5,129899 0,000340
вторжение 3,183989 0,000211
перевод 2,490841 0,000165
город 1,069456 0,000071
прежде 2,185460 0,000289
london 2,932674 0,000582
комедия 3,743604 0,000496
японец 2,564949 0,000170
вручать 3,520461 0,001165
murray 4,436752 0,000294
粵語 1,178655 0,000078
приземление 4,436752 0,000294
распродаваться 5,129899 0,000340
пойнт 3,743604 0,000248
региональный 1,871802 0,000124
штатный 4,031286 0,000267
построить 2,296685 0,000456
американо 4,436752 0,000294
железный 2,932674 0,000582
later 4,031286 0,000267
bird 4,031286 0,000267
club 2,490841 0,000660
вечный 2,644992 0,000700
ужин 4,436752 0,000587
выступить 1,238078 0,000164
требовать 1,466337 0,000194
aethlon 5,129899 0,000340
кинси 5,129899 0,000340
австралия 1,664163 0,000771
впоследствии 1,911023 0,000253
уменьшить 2,421849 0,000321
выигрыш 2,134166 0,000141
недолгий 3,520461 0,000233
карьер 0,925206 0,000368
вход 2,085376 0,000138
робсон 4,436752 0,000587
граф 3,743604 0,000991
final 3,743604 0,001239
արեւմտահայերէն 2,564949 0,000170
присваивать 4,031286 0,000267
рассматривать 2,732003 0,000181
сумма 1,518981 0,001106
оценивать 2,827314 0,000187
сидячий 4,031286 0,000267
пережить 3,183989 0,000632
back 4,031286 0,000534
британский 2,239527 0,004448
сужаться 5,129899 0,000340
видео 0,699082 0,000046
miss 4,031286 0,001334
перенести 1,633391 0,000541
кит 3,183989 0,000211
воспитанник 2,239527 0,000148
приличный 4,436752 0,000294
путаница 4,031286 0,000267
распоряжение 2,932674 0,000194
япония 1,279751 0,000085
возобновить 3,183989 0,000211
robinson 5,129899 0,000340
babi 5,129899 0,000340
grand 3,050457 0,000202
турнуть 5,129899 0,000340
помочь 1,238078 0,000082
раунд 1,546380 0,002252
середина 1,574551 0,000313
сандс 5,129899 0,000340
кронпринцесса 5,129899 0,000340
подсчет 2,732003 0,000181
предполагаться 3,338139 0,000221
привилегия 4,436752 0,000294
делать 1,392229 0,000092
швейцария 1,258698 0,000333
остаться 1,301257 0,000258
девушка 1,797694 0,000833
преимущество 1,951845 0,000129
supplier 4,436752 0,000294
девятый 2,490841 0,000165
text 4,031286 0,000267
сидо 4,436752 0,000294
превышать 2,296685 0,000304
made 4,436752 0,000294
горан 5,129899 0,001019
тренировочный 1,834062 0,000121
manag 3,338139 0,000221
предназначаться 4,436752 0,000294
field 3,050457 0,000606
mcalpin 5,129899 0,000340
энциклопедический 3,050457 0,000202
исключить 1,441019 0,000286
рукав 4,031286 0,000267
реал 1,416327 0,000094
лотерея 4,031286 0,000267
upset 5,129899 0,000679
половина 1,392229 0,000830
стать 0,217244 0,000834
окончиться 4,031286 0,000267
навылет 4,031286 0,000801
unfortun 5,129899 0,000340
брадфорде 5,129899 0,000340
коренной 4,031286 0,000267
равный 1,466337 0,000291
crime 5,129899 0,000340
код 0,971016 0,001993
эрнест 4,031286 0,000534
видное 5,129899 0,000340
египет 2,827314 0,000562
url 0,986764 0,000065
хенмен 5,129899 0,001019
гильермо 3,743604 0,000248
текская 5,129899 0,000340
сантиметр 0,955511 0,000506
хенмена 5,129899 0,000340
превосходить 3,743604 0,000248
usa 3,050457 0,000202
mail 1,301257 0,000345
use 3,520461 0,000233
zverev 5,129899 0,000340
призер 1,178655 0,000078
возраст 1,871802 0,000124
риналди 5,129899 0,000340
стадион 1,518981 0,000201
кош 5,129899 0,000679
буква 2,357310 0,000156
достаться 2,421849 0,000481
алфавит 1,159607 0,000077
особый 1,994404 0,000132
mcconkey 5,129899 0,000340
принадлежать 1,762603 0,000233
сосредоточиться 3,338139 0,000221
ideal 5,129899 0,000340
грейг 5,129899 0,000340
ждать 1,492313 0,000099
обычный 2,038856 0,000135
gaeilg 1,951845 0,000129
действие 1,518981 0,000302
критика 1,951845 0,000388
неудачно 2,732003 0,000181
продлить 2,038856 0,000135
evian 5,129899 0,000340
मर 1,574551 0,000104
предусматривать 2,421849 0,000160
значение 1,258698 0,000167
ball 2,827314 0,000374
размер 1,911023 0,000886
готфрид 5,129899 0,000340
men 2,932674 0,000194
ответ 2,239527 0,000148
срок 1,546380 0,000512
nederland 1,019025 0,000067
кто 0,747872 0,000099
полуфинальный 2,564949 0,000170
август 1,035554 0,000480
самый 0,608110 0,000604
материал 0,309617 0,000082
рубин 1,198073 0,000159
выбирать 2,239527 0,000148
досрочный 3,520461 0,000233
threat 5,129899 0,000340
кук 0,971016 0,000193
потерпеть 2,038856 0,000405
приспособиться 5,129899 0,000340
about 2,827314 0,000562
расположение 2,732003 0,000543
instagram 1,911023 0,000127
роль 1,695912 0,000449
ввс 3,183989 0,000422
давний 3,743604 0,000248
bank 4,436752 0,000294
навигация 0,986764 0,000196
месяц 1,492313 0,000494
остином 5,129899 0,000340
церковь 3,520461 0,000233
оборудовать 2,827314 0,000187
борьба 0,723179 0,000239
неудачный 2,732003 0,000362
би 3,183989 0,002951
георг 4,031286 0,001601
короткометражный 5,129899 0,000340
бо 2,185460 0,000145
правило 0,986764 0,000131
сюзанна 4,436752 0,001762
усиливаться 4,031286 0,000267
небо 4,436752 0,000294
напульсник 5,129899 0,000340
бы 1,052361 0,000070
hrvatski 1,052361 0,000070
окрестный 5,129899 0,000340
оружие 2,421849 0,000160
английский 1,574551 0,000313
райграс 5,129899 0,000679
минимальный 2,185460 0,000145
век 1,258698 0,001250
во 0,495170 0,000852
инвалид 3,338139 0,000442
уже 0,687247 0,001365
раздвигаться 5,129899 0,000679
традиционный 2,421849 0,000962
вы 0,309617 0,000020
рейнольдс 5,129899 0,000340
га 3,520461 0,000233
бетти 4,436752 0,000294
медиаорганизаций 5,129899 0,000340
гл 3,050457 0,000202
го 1,279751 0,000085
десятая 3,743604 0,000248
стоянка 4,031286 0,000534
представление 3,183989 0,000211
ruddick 5,129899 0,000340
свиной 5,129899 0,000340
чтобы 0,773190 0,000614
скульптура 3,520461 0,000233
южноафриканка 5,129899 0,000340
open 1,834062 0,000607
проведение 1,104547 0,002121
де 0,955511 0,000127
компенсировать 3,338139 0,000221
отклонить 3,743604 0,000496
маунд 5,129899 0,000340
перед 0,839439 0,000445
сайт 0,411400 0,000300
до 0,239550 0,001047
стивен 3,520461 0,000233
выступать 0,940244 0,000124
уравнять 4,436752 0,000881
рабочий 2,134166 0,000141
знаменитый 2,296685 0,000304
цитировать 0,925206 0,000061
ее 0,723179 0,000479
прямоугольный 2,932674 0,000194
newcomb 5,129899 0,000340
собственный 1,574551 0,000625
look 3,743604 0,000496
швейцарец 3,338139 0,000221
число 0,955511 0,003036
факт 1,797694 0,000238
скромный 2,827314 0,000187
парный 3,743604 0,004461
династия 3,743604 0,000248
вид 0,393700 0,000287
же 0,853233 0,000904
кирьос 5,129899 0,000340
исследовательский 5,129899 0,000340
боевик 3,743604 0,000248
путь 1,518981 0,000402
common 0,986764 0,000065
править 0,544931 0,002417
федерера 5,129899 0,000340
прогресс 2,644992 0,000175
за 0,125952 0,000634
среботник 5,129899 0,000340
уингфилда 4,436752 0,000294
middl 4,031286 0,000267
ожидать 2,827314 0,000374
энтони 2,038856 0,000135
американка 2,644992 0,000525
федереру 5,129899 0,000340
окончить 2,644992 0,000175
советский 1,140915 0,000302
money 3,743604 0,001239
южноафриканец 4,436752 0,000294
позиция 1,392229 0,000184
плантатор 5,129899 0,000340
televis 3,743604 0,000248
гражданский 3,338139 0,000221
pulver 5,129899 0,000340
mark 4,436752 0,000294
из 0,106018 0,000533
бомба 4,031286 0,000267
художественный 1,518981 0,000503
игровой 1,104547 0,000219
шкала 4,031286 0,000267
espn 2,932674 0,001165
случайный 0,986764 0,000131
скрытый 1,052361 0,000070
их 0,799165 0,000847
плат 3,520461 0,000699
восточный 1,911023 0,000127
компонент 3,050457 0,000202
пёрселл 5,129899 0,000340
регламент 1,911023 0,000253
план 1,664163 0,000331
автобус 3,338139 0,000221
вдали 4,436752 0,000294
дискуссия 2,421849 0,000160
still 5,129899 0,000679
призыв 3,520461 0,000233
work 3,520461 0,000233
темешвари 5,129899 0,000340
юноша 2,357310 0,001248
исключать 3,338139 0,000221
кэти 5,129899 0,000340
among 4,436752 0,000294
слева 2,564949 0,000340
srpski 1,035554 0,000069
ольмедо 5,129899 0,000340
писатель 3,743604 0,000248
love 5,129899 0,000340
круглый 2,932674 0,000582
кэш 2,296685 0,000152
соперник 0,853233 0,000282
младший 1,911023 0,000127
виласа 5,129899 0,000340
дуайт 4,436752 0,000587
eas 5,129899 0,000340
следующий 0,853233 0,001130
ли 1,198073 0,000079
начисляться 2,827314 0,000187
фальшивый 5,129899 0,000340
патлатый 5,129899 0,000340
facebook 1,994404 0,000132
побеждать 1,951845 0,000646
роман 1,797694 0,000238
mrs 5,129899 0,001019
замедлиться 4,436752 0,000294
доктор 2,932674 0,000194
жить 2,296685 0,000152
преимущественный 2,421849 0,000160
отличать 3,743604 0,000248
место 0,402511 0,001252
лжелюбительством 5,129899 0,000340
успешный 1,345709 0,000356
уорд 4,436752 0,000294
мы 0,195425 0,000013
болельщик 1,086847 0,000072
миссис 5,129899 0,000679
на 0,023953 0,000480
достигнуть 1,728701 0,000343
пропитать 5,129899 0,000340
не 0,099461 0,000500
каждый 0,812411 0,000699
ни 1,603538 0,000212
газон 3,338139 0,000663
онлайн 0,773190 0,000051
но 0,402511 0,000640
нп 3,520461 0,000233
сирс 5,129899 0,000340
категория 0,881403 0,000408
отклонение 3,050457 0,000202
об 0,217244 0,000072
уровень 1,086847 0,000144
говард 5,129899 0,000340
финансовый 1,911023 0,000127
продолжительность 2,185460 0,000289
упоминание 2,732003 0,000181
он 0,475938 0,000662
треть 2,932674 0,000582
развитие 1,140915 0,000076
от 0,160085 0,000445
mum 5,129899 0,000340
успенский 4,436752 0,000294
лагерь 3,338139 0,000221
хартли 4,031286 0,000267
официальный 0,735450 0,000536
грин 4,031286 0,000267
поменять 2,644992 0,000175
саттона 5,129899 0,000340
все 0,067304 0,000201
сведение 0,786093 0,000052
по 0,073653 0,000429
уайлд 4,031286 0,001068
учредить 2,185460 0,001157
vondrousova 5,129899 0,000340
martyn 5,129899 0,000679
разводиться 4,436752 0,000587
сообщать 1,951845 0,000129
предприятие 2,732003 0,000181
наличие 2,357310 0,000156
сообщество 0,910391 0,000060
учреждение 3,050457 0,000202
произойти 1,178655 0,000312
принятие 2,564949 0,000170
модернизация 4,031286 0,000267
scot 1,695912 0,000112
year 3,050457 0,000606
hawkey 5,129899 0,000340
износ 5,129899 0,000340
памятник 3,183989 0,000211
вуд 4,031286 0,000267
расширить 2,239527 0,000148
си 4,031286 0,001868
владение 2,421849 0,000481
стиль 1,603538 0,000106
отвести 2,932674 0,000194
日本語 1,035554 0,000069
со 0,447767 0,000474
центр 0,773190 0,000205
shortest 5,129899 0,000679
север 3,338139 0,000663
бухгалтерский 5,129899 0,000340
корпорация 3,520461 0,000233
вырастить 4,436752 0,000294
неоднократно 2,421849 0,000321
проиграть 1,104547 0,001097
декабрь 0,853233 0,000452
жертва 2,932674 0,000194
вода 3,338139 0,000221
хопмана 4,436752 0,000294
бразильянка 4,436752 0,000294
припарковать 5,129899 0,000340
eesti 1,069456 0,000071
бойкотировать 3,183989 0,000211
مصرى 1,546380 0,000102
график 3,183989 0,000211
редкость 3,743604 0,000248
britannica 1,518981 0,000101
тактический 2,564949 0,000170
крайчек 5,129899 0,000340
запад 2,085376 0,000138
lëtzebuergesch 1,762603 0,000117
wikipedia 0,986764 0,000131
теперь 0,971016 0,000129
необходимый 2,357310 0,000312
житель 2,932674 0,000194
расположить 1,574551 0,000313
отредактировать 0,986764 0,000065
майор 4,436752 0,000294
называть 1,258698 0,000583
мариона 4,436752 0,000294
миллиметр 2,932674 0,000194
slam 3,743604 0,000248
недавно 2,827314 0,000562
викиновости 1,238078 0,000082
отскок 3,338139 0,000221
ситуация 1,392229 0,000092
настас 5,129899 0,001358
голосование 2,732003 0,000181
член 1,416327 0,000656
надземка 5,129899 0,000340
прошлый 1,518981 0,000201
пересечение 3,050457 0,000202
тысячелетие 3,338139 0,000221
терминология 3,183989 0,000211
вера 3,338139 0,000442
распространяться 4,031286 0,000534
тейлором 5,129899 0,000340
сначала 1,664163 0,000220
изменение 1,345709 0,000356
однажды 3,050457 0,000202
ирландский 4,436752 0,000294
нагано 2,827314 0,000187
need 3,743604 0,000248
elk 5,129899 0,000340
отбор 2,296685 0,000152
однако 1,069456 0,001416
shadi 5,129899 0,000340
угощение 5,129899 0,000340
изменить 1,728701 0,000343
отказ 0,839439 0,000333
việt 1,140915 0,000076
допускаться 1,911023 0,000127
полностью 1,546380 0,000614
vol 2,932674 0,000194
буль 5,129899 0,000679
часть 1,104547 0,000585
jake 5,129899 0,000340
приносить 3,050457 0,000202
возродить 3,050457 0,000202
сторона 1,069456 0,000779
майкл 2,239527 0,000148
освистать 4,436752 0,000294
дорогой 2,134166 0,000424
prynn 5,129899 0,000340
часто 1,574551 0,000104
внедрение 4,031286 0,000267
добраться 3,338139 0,000663
заявить 1,140915 0,000076
перекрывать 4,031286 0,000267
ресурс 0,812411 0,000054
процесс 1,664163 0,000220
отток 5,129899 0,000340
символический 2,296685 0,000152
заменить 1,546380 0,000307
опасаться 3,520461 0,000233
изыскивать 5,129899 0,000340
следствие 3,183989 0,000211
повторить 1,834062 0,000121
номер 1,392229 0,000461
через 0,971016 0,001029
организационный 3,338139 0,000663
lietuvių 1,140915 0,000076
демарш 4,031286 0,000267
замена 1,951845 0,000129
herman 5,129899 0,000679
взрослый 2,564949 0,000509
парад 4,436752 0,000294
отборочный 2,421849 0,000321
ठ 1,574551 0,000104
официально 1,159607 0,000384
администрация 3,183989 0,000211
ливерпуль 1,951845 0,000129
द 1,546380 0,000102
изнер 5,129899 0,001019
न 1,518981 0,000101
команда 0,262364 0,000017
сантана 5,129899 0,000340
проживание 4,436752 0,000294
лор 5,129899 0,000340
роуд 4,436752 0,003818
суммарный 3,183989 0,000632
являться 1,019025 0,000877
получать 1,301257 0,001034
коснуться 2,490841 0,000165
ह 1,546380 0,000102
предоставляться 3,520461 0,000233
elosi 5,129899 0,000340
сидень 1,994404 0,000132
длиться 2,296685 0,000152
портал 1,416327 0,000094
доска 3,183989 0,000211
era 4,436752 0,000294
зеленый 2,185460 0,000434
рост 0,812411 0,000269
американец 2,134166 0,000706
вирджиния 5,129899 0,001358
процент 2,932674 0,000194
начинаться 1,664163 0,000110
гравюра 4,031286 0,000267
гравировать 4,436752 0,000294
цикл 2,644992 0,000350
храниться 3,743604 0,000248
endur 5,129899 0,000340
novelist 5,129899 0,000340
шампанский 3,743604 0,000496
honor 4,436752 0,000294
screen 5,129899 0,000340
sumner 5,129899 0,000679
супруга 5,129899 0,000340
причем 1,871802 0,000248
испытать 3,520461 0,000233
утвердить 1,871802 0,000124
случаться 3,183989 0,000422
эш 4,436752 0,000587
net 2,357310 0,000312
дуэт 3,743604 0,000248
мейдлин 5,129899 0,000679
быстрый 1,664163 0,000110
new 2,038856 0,001080
красный 1,069456 0,000071
adweek 5,129899 0,000340
ব 1,416327 0,000094
брукса 5,129899 0,000679
ল 1,416327 0,000094
муди 5,129899 0,001019
svenska 1,035554 0,000069
общий 0,986764 0,000980
масса 1,911023 0,000127
сара 5,129899 0,000340
ссср 0,940244 0,000124
пригласительный 5,129899 0,000340
ширина 2,357310 0,000156
безалкогольный 4,436752 0,000294
открыть 1,279751 0,002203
вложение 4,031286 0,000267
дизайн 2,490841 0,000495
никто 1,574551 0,000104
показаться 5,129899 0,000340
банданы 5,129899 0,000340
высота 1,762603 0,000817
каприати 4,436752 0,000587
традиция 2,134166 0,000706
профессиональный 1,052361 0,000418
уэльский 4,436752 0,000587
где 0,675551 0,000268
приводиться 4,031286 0,000267
воскресенье 2,732003 0,000723
позволять 1,664163 0,000220
разрастание 5,129899 0,000340
англия 1,238078 0,000492
всеять 1,871802 0,000124
участвовать 0,955511 0,000949
изначальный 5,129899 0,000340
подаваться 5,129899 0,000340
martin 3,338139 0,000221
примечание 1,002764 0,000133
быть 0,119263 0,001271
гравировка 4,436752 0,000294
гибсон 5,129899 0,000340
диаметр 2,732003 0,001447
темный 3,183989 0,000422
установить 1,279751 0,000763
nguyen 5,129899 0,000340
помешать 2,239527 0,000297
атмосфера 3,050457 0,000202
перерыв 1,762603 0,000583
вознаграждение 3,743604 0,000248
ਜ 1,664163 0,000110
наплыть 5,129899 0,000340
рохамптонского 5,129899 0,000340
suomi 1,052361 0,000070
протяжение 1,951845 0,000646
ближний 1,728701 0,000114
ਪ 1,664163 0,000110
продать 2,239527 0,000148
сеяный 4,436752 0,001762
ਬ 1,664163 0,000110
вооружение 4,031286 0,000267
сбор 1,368699 0,000091
eye 3,520461 0,000699
непобежденный 3,183989 0,000211
канюк 5,129899 0,000340
обязанность 2,490841 0,000165
испанка 5,129899 0,000679
перестройка 2,827314 0,000374
cyclop 5,129899 0,000340
диагональный 4,031286 0,000267
nkc 1,574551 0,000104
четырёхкратной 4,436752 0,000294
использоваться 1,159607 0,000461
рубеж 2,421849 0,000802
trophi 3,520461 0,000233
сьерра 3,520461 0,000233
впервые 0,839439 0,000611
weibo 3,338139 0,000221
oʻzbekcha 1,140915 0,000076
рафтера 5,129899 0,000340
теннисистка 2,932674 0,002136
примыкать 4,031286 0,000267
latviešu 1,052361 0,000070
дойти 2,490841 0,000825
российский 0,224624 0,000015
памятный 3,520461 0,000233
обладательница 3,183989 0,000211
испания 1,159607 0,000154
завершаться 3,050457 0,000202
карлос 2,134166 0,000141
газетный 4,436752 0,000587
полотняный 5,129899 0,000340
убыток 3,338139 0,000221
баддели 5,129899 0,001358
tour 2,827314 0,000187
шесть 1,238078 0,000656
jawa 1,911023 0,000127
селеш 5,129899 0,000340
зарегистрировать 0,711058 0,000047
генри 3,743604 0,000248
retract 5,129899 0,000340
финансы 3,183989 0,000422
требование 1,797694 0,000357
лили 5,129899 0,000340
кроуфорд 5,129899 0,000679
знак 0,986764 0,000065
philip 5,129899 0,000340
тележурналист 5,129899 0,000340
technolog 3,743604 0,000248
white 4,031286 0,000534
пожизненный 4,436752 0,000294
обладатель 1,492313 0,000099
блок 2,421849 0,000321
golfer 4,436752 0,000294
передача 1,633391 0,000108
лоуренс 4,436752 0,001762
выпивать 4,436752 0,000294
финалисткой 5,129899 0,000340
посол 0,301585 0,000799
drone 5,129899 0,000340
медиафайлы 1,217876 0,000161
королев 3,338139 0,000663
superl 4,436752 0,000294
кризис 2,357310 0,000156
военнослужащий 3,520461 0,000466
эндрюс 5,129899 0,000340
короткий 0,699082 0,000139
польза 1,834062 0,000121
color 4,436752 0,000294
соображение 3,183989 0,000211
поражение 1,122566 0,000297
лизель 5,129899 0,000340
положение 1,416327 0,000375
многоопытный 4,436752 0,000294
эмис 5,129899 0,000340
маррей 4,436752 0,001175
уругвай 2,732003 0,000181
призовой 1,951845 0,003360
нилла 5,129899 0,000679
green 3,520461 0,000233
максимальный 1,951845 0,000129
маррея 5,129899 0,000679
королевство 4,031286 0,000267
агрессивный 3,183989 0,000211
грега 5,129899 0,000340
янкович 5,129899 0,000340
применяться 1,217876 0,000081
jeffrey 5,129899 0,000340
what 3,338139 0,000221
браун 2,932674 0,000194
играться 2,564949 0,000849
пятый 1,574551 0,000417
вторник 2,932674 0,000194
play 1,441019 0,000095
аоранги 5,129899 0,000679
близлежащий 4,436752 0,000587
выручка 3,520461 0,000466
трилогия 4,031286 0,000267
юниорский 2,296685 0,000304
серьезный 1,633391 0,000108
ранний 1,492313 0,000296
антирекорд 3,743604 0,000248
получить 0,384967 0,000535
шейла 5,129899 0,000340
фон 2,564949 0,000340
нидерланды 1,518981 0,000201
передать 2,134166 0,000424
устраивать 3,338139 0,000221
леона 1,633391 0,000108
хьюитт 5,129899 0,001019
вогнутый 5,129899 0,000340
сделать 0,853233 0,000282
гот 2,038856 0,000270
wct 5,129899 0,001019
вооруженный 2,732003 0,000181
арча 4,031286 0,000267
патрисия 5,129899 0,000679
italiano 1,035554 0,000069
год 0,099461 0,003635
everyth 4,436752 0,000294
приходиться 2,038856 0,000405
контракт 1,258698 0,000250
фря 4,436752 0,000294
сербия 2,134166 0,000141
маю 4,436752 0,000587
мая 0,986764 0,001307
поэтому 1,392229 0,000184
стремительно 3,743604 0,000496
modern 3,183989 0,000211
web 1,279751 0,000169
годфри 5,129899 0,001698
объявлять 2,932674 0,000194
подобрать 4,436752 0,000294
доминировать 2,421849 0,000641
бутби 5,129899 0,000340
шаблон 1,441019 0,000095
акция 2,357310 0,000156
завоевание 2,732003 0,000362
разбирать 3,338139 0,000221
возвышение 4,031286 0,000267
крюшон 5,129899 0,000340
домовый 4,436752 0,000294
неожиданный 2,296685 0,000152
съемка 3,743604 0,000496
board 4,031286 0,000267
прошлогодний 3,520461 0,000699
лига 0,325878 0,000022
русый 1,368699 0,000091
одностороннем 4,436752 0,000294
расширение 2,296685 0,000152
посев 3,743604 0,002478
широкий 2,038856 0,000270
afrikaan 1,441019 0,000095
совершаться 3,743604 0,000248
tebbutt 5,129899 0,000340
планка 4,436752 0,000294
таблица 0,711058 0,000047
длить 0,146292 0,000494
непосредственно 2,134166 0,000565
bân 1,762603 0,000117
испанец 2,932674 0,000194
ழ 1,492313 0,000099
либо 1,140915 0,000076
alexand 4,436752 0,000294
хелен 4,436752 0,001469
хорватия 2,296685 0,000304
напиток 3,183989 0,000422
понадобиться 5,129899 0,000340
согласно 1,574551 0,000313
topic 5,129899 0,000340
whi 3,743604 0,000744
венгерский 3,183989 0,000211
поиск 0,711058 0,000094
game 1,797694 0,000476
решающий 2,134166 0,000565
сатирический 5,129899 0,000340
volley 4,031286 0,000267
unveil 4,031286 0,000267
парка 3,050457 0,000202
самберга 5,129899 0,000340
oldid 0,986764 0,000065
длинный 1,762603 0,000583
продажа 2,239527 0,000148
blunder 5,129899 0,000340
win 3,338139 0,000663
sudipto 5,129899 0,000340
стадий 1,911023 0,000127
gale 4,436752 0,000294
подготовить 3,050457 0,000202
принять 0,786093 0,000468
присутствие 2,732003 0,000181
упасть 2,357310 0,000468
вертолет 4,031286 0,000267
числиться 3,743604 0,000248
высокий 0,760451 0,000453
реншоу 5,129899 0,003736
признак 3,520461 0,000233
шестикратная 5,129899 0,000340
català 1,086847 0,000072
новый 0,239550 0,000571
сравняться 3,338139 0,000442
чарли 4,436752 0,000294
образ 1,178655 0,000858
происходить 1,466337 0,000194
выйти 0,773190 0,000102
గ 2,038856 0,000135
заключаться 2,421849 0,000160
местный 2,490841 0,000495
обзор 1,911023 0,000127
ребенок 1,323236 0,000175
rank 3,183989 0,000211
huss 5,129899 0,000340
فارسی 1,104547 0,000073
త 2,038856 0,000135
предел 1,603538 0,000212
герцог 4,031286 0,000534
александр 0,839439 0,000167
an 2,644992 0,000350
мик 4,436752 0,000294
дресс 4,436752 0,000294
as 2,564949 0,000679
ల 2,038856 0,000135
отбираться 4,031286 0,000267
алкогольный 4,031286 0,000267
at 2,732003 0,001266
steven 3,743604 0,000496
распространиться 3,050457 0,000202
ланс 4,436752 0,000294
резка 4,436752 0,000294
дополнительный 0,940244 0,000373
напротив 3,050457 0,000404
реформа 4,031286 0,000267
земля 2,490841 0,000989
ветер 4,031286 0,000267
мир 0,277868 0,000276
мальчик 3,520461 0,000233
хорн 5,129899 0,000340
by 0,971016 0,000193
franc 3,338139 0,000221
cc 0,986764 0,000065
суковой 5,129899 0,000340
планировать 2,296685 0,000152
конец 1,035554 0,000686
единственный 1,392229 0,000922
figur 4,031286 0,000267
присоединиться 2,490841 0,000330
бланш 4,436752 0,000587
подъесть 3,743604 0,000248
чистый 2,038856 0,000675
господство 4,436752 0,001469
юбилей 2,564949 0,000170
неофициальный 2,134166 0,000424
носить 1,664163 0,000331
внезапный 4,436752 0,000294
scare 5,129899 0,000340
викиданных 0,986764 0,000065
стэн 4,436752 0,000294
прийтись 1,871802 0,000867
научный 2,732003 0,000181
северный 1,492313 0,000099
эля 3,743604 0,000248
возрождение 2,644992 0,000175
каталог 1,301257 0,000086
won 3,743604 0,000248
показать 0,504926 0,000033
carolin 5,129899 0,000340
ed 3,520461 0,000233
отсутствие 1,664163 0,000331
обеспечивать 2,732003 0,000362
подвергаться 3,743604 0,000744
дробный 5,129899 0,000679
продолжиться 3,050457 0,000202
хотя 1,546380 0,001331
хоуд 5,129899 0,000340
коннорса 5,129899 0,000340
обнести 4,436752 0,000294
олимпийский 0,342407 0,000068
never 5,129899 0,000340
уэмбли 5,129899 0,000340
выявлять 3,338139 0,000221
командный 1,002764 0,000133
for 2,239527 0,001186
авиакрыло 5,129899 0,000340
скульптурный 4,436752 0,000294
ветка 4,436752 0,000294
снизить 3,183989 0,000211
hover 5,129899 0,000340
venus 5,129899 0,001019
учредитель 1,994404 0,000264
лишь 1,159607 0,001305
крыша 2,564949 0,001019
поколенье 3,743604 0,000248
выпустить 2,932674 0,000777
go 3,050457 0,000202
впрочем 2,732003 0,000181
эра 2,296685 0,001673
лайонел 4,436752 0,000294
publish 2,932674 0,000194
withdraw 5,129899 0,000340
андре 2,932674 0,000388
козырек 5,129899 0,000340
реликт 5,129899 0,000340
задолго 4,436752 0,000294
йован 4,436752 0,000294
вынуждать 5,129899 0,000340
подобный 1,911023 0,000127
пасареллом 5,129899 0,000340
прежний 1,994404 0,000132
shamateur 4,436752 0,000587
делегат 3,338139 0,000221
приблизиться 4,436752 0,000294
yorùbá 2,732003 0,000181
случиться 2,038856 0,000135
теннисист 2,134166 0,003391
кристофер 4,031286 0,000267
william 3,520461 0,000466
предоставлять 2,932674 0,000582
https 0,699082 0,000046
хай 4,031286 0,000534
french 4,436752 0,000294
ii 2,239527 0,000297
смерть 2,134166 0,000424
brigg 5,129899 0,000679
результат 0,524729 0,000174
wta 2,038856 0,000810
in 1,911023 0,001645
мобильный 0,555188 0,000037
особенно 2,038856 0,000270
index 0,986764 0,000065
большой 0,687247 0,001410
is 2,932674 0,000388
it 2,732003 0,000543
odd 3,520461 0,000233
изначально 2,038856 0,000135
избранный 0,955511 0,000253
пасарелл 5,129899 0,000340
ള 1,695912 0,000112
мертон 5,129899 0,000679
танец 2,932674 0,000194
последующий 2,085376 0,000138
сравнение 2,134166 0,000424
крыть 2,932674 0,000388
шиллинг 5,129899 0,000679
дорис 5,129899 0,001019
возможно 1,664163 0,000110
стефаний 4,436752 0,000294
bizarr 5,129899 0,000340
массовый 1,466337 0,000485
это 0,181139 0,000947
легендарный 1,871802 0,000124
два 0,504926 0,001203
смена 1,762603 0,000467
kn 4,436752 0,000294
гонсалес 3,743604 0,001239
травяной 4,031286 0,004003
gí 1,762603 0,000117
остальной 4,031286 0,000267
доступный 0,955511 0,000127
остальное 1,834062 0,001093
утверждение 1,695912 0,000112
receiv 4,436752 0,000294
bribe 5,129899 0,000340
измениться 2,038856 0,000135
отличие 1,695912 0,000674
қазақша 1,178655 0,000078
судьба 2,185460 0,000145
that 3,520461 0,000466
пригласить 1,834062 0,000243
morgan 4,436752 0,000294
льшие 5,129899 0,000340
than 3,743604 0,000248
клубника 5,129899 0,001698
claim 4,031286 0,000267
лить 4,031286 0,000801
распугивать 5,129899 0,000340
муж 2,827314 0,000187
уплыть 5,129899 0,000340
музей 2,490841 0,000660
много 0,735450 0,001071
предотвратить 4,031286 0,000534
представиться 0,986764 0,000065
author 4,031286 0,000267
возобновиться 3,520461 0,000466
кодеш 5,129899 0,000679
daniel 5,129899 0,000340
expand 4,436752 0,000294
renov 5,129899 0,000340
dish 5,129899 0,001019
squander 5,129899 0,000340
шервуд 5,129899 0,000340
несеянной 5,129899 0,000340
офицер 2,932674 0,000194
updat 3,338139 0,000221
зритель 1,518981 0,000905
просторный 5,129899 0,000340
no 1,911023 0,000886
бобби 5,129899 0,001019
осень 2,357310 0,000156
ламберт 5,129899 0,000340
skidelski 5,129899 0,000340
кладбище 3,743604 0,000248
schedul 3,743604 0,000496
искусственный 2,239527 0,000445
деннис 4,436752 0,000294
поскольку 1,728701 0,000458
марафонский 3,520461 0,000233
of 1,695912 0,002245
deutsch 1,052361 0,000070
марта 0,853233 0,000395
brick 5,129899 0,000340
кент 4,436752 0,000294
friendlier 5,129899 0,000340
on 2,239527 0,001038
больший 0,457070 0,000514
нечетный 2,827314 0,000187
углубить 4,436752 0,000294
дальнейший 1,994404 0,001452
герцогиня 5,129899 0,000340
уильям 3,050457 0,001414
соревнование 0,411400 0,000790
ограда 5,129899 0,000340
общественный 2,038856 0,000135
pp 3,520461 0,012586
тоже 1,911023 0,000380
nation 2,644992 0,000175
лента 1,518981 0,000101
входной 5,129899 0,000679
уильямс 2,296685 0,000760
чернокожий 4,436752 0,000294
энди 4,436752 0,001469
район 2,827314 0,000374
страница 0,910391 0,000482
эшу 5,129899 0,000679
гинея 4,031286 0,001868
свидетельство 2,134166 0,000141
brand 4,031286 0,000267
qr 0,986764 0,000065
посещаемость 2,732003 0,000362
edit 3,520461 0,000233
old 3,183989 0,000211
иванишевич 4,436752 0,001175
дин 5,129899 0,000340
женский 0,663991 0,002901
каткий 3,338139 0,000221
уотерстон 5,129899 0,000340
удаться 1,994404 0,000264
герберт 5,129899 0,000679
пресс 0,895792 0,000237
персональный 0,723179 0,000048
тодд 5,129899 0,001019
ru 0,285712 0,000057
seed 4,436752 0,001175
ilokano 3,050457 0,000202
организовать 1,466337 0,000097
смочь 1,069456 0,000071
третий 1,238078 0,000164
sa 0,986764 0,000065
croquet 5,129899 0,001019
церемония 2,134166 0,000283
мотив 3,520461 0,000233
вернуться 0,986764 0,000131
nynorsk 1,546380 0,000102
того 0,955511 0,000569
китайский 1,069456 0,000142
español 1,019025 0,000067
фунт 3,050457 0,007068
sw 5,129899 0,000340
литература 1,695912 0,000561
centr 4,436752 0,001175
рекорд 0,955511 0,000633
bosanski 1,345709 0,000089
экстренный 5,129899 0,000340
свой 0,586604 0,000427
декюжи 5,129899 0,000340
свое 0,457070 0,000696
райнз 5,129899 0,000340
встретиться 1,728701 0,000114
опробовать 4,031286 0,000534
to 2,038856 0,001755
tv 2,564949 0,000170
казахстан 1,217876 0,000081
лилиан 5,129899 0,000340
саммерс 5,129899 0,000340
выгравировать 3,743604 0,000248
up 3,743604 0,000496
us 2,038856 0,000270
воинский 4,031286 0,000267
хингис 4,436752 0,001469
ход 1,279751 0,000424
norsk 1,052361 0,000139
vi 2,732003 0,000362
мэри 4,436752 0,000294
повредить 4,031286 0,000267
know 3,743604 0,000496
флаг 0,895792 0,000059
ракетка 2,732003 0,000904
подошва 5,129899 0,000679
drop 4,436752 0,000587
дюйм 3,050457 0,003231
polski 1,035554 0,000069
ирония 4,436752 0,000294
юар 2,490841 0,000165
literatur 5,129899 0,000679
мэй 5,129899 0,000340
посадочный 4,436752 0,000294
отрезка 2,644992 0,000350
danc 5,129899 0,000340
дон 2,357310 0,000312
формальный 3,050457 0,000808
christoph 3,520461 0,000233
org 0,986764 0,000065
зачет 1,416327 0,000094
forev 4,436752 0,000294
завершать 3,050457 0,000202
зависеть 2,185460 0,000145
дод 5,129899 0,001358
недвижимость 3,520461 0,000233
xx 1,546380 0,000102
мяч 0,735450 0,000487
уингфилдом 5,129899 0,000340
грязно 5,129899 0,000340
восходить 3,050457 0,000202
hell 5,129899 0,000340
april 4,031286 0,000267
над 0,986764 0,000261
профиль 3,183989 0,000632
трейси 5,129899 0,000340
ramsay 5,129899 0,000340
lauren 5,129899 0,000340
method 5,129899 0,000340
трансформация 4,436752 0,000294
лондонский 2,644992 0,000700
служба 1,279751 0,000085
энна 4,031286 0,000534
тело 1,762603 0,000117
юго 3,743604 0,000248
иерархия 3,520461 0,000233
ньюкомб 5,129899 0,000679
indoor 4,031286 0,000267
feder 2,732003 0,000362
заметно 3,050457 0,000202
верховный 3,743604 0,000248
кофе 5,129899 0,000340
вещательный 5,129899 0,000340
который 0,325878 0,001273
our 3,743604 0,000248
искусство 2,296685 0,000760
легкий 0,895792 0,000059
get 3,520461 0,000699
statist 3,743604 0,000248
королевский 3,050457 0,001414
power 3,183989 0,000211
победа 0,420369 0,001030
чрезвычайный 3,520461 0,000233
знание 1,951845 0,000129
пичем 5,129899 0,000340
коммунистический 5,129899 0,000340
случай 0,867219 0,000459
келди 5,129899 0,000340
alway 4,436752 0,000294
гильярд 5,129899 0,000679
арена 1,104547 0,000073
несколько 0,971016 0,000771
предоставить 2,564949 0,000170
clarey 5,129899 0,000340
миллениум 4,436752 0,000587
располагаться 1,951845 0,000388
бисау 3,338139 0,000221
сетка 2,085376 0,003451
билдинг 5,129899 0,000340
душ 3,743604 0,000248
цейлон 5,129899 0,000340
чамберс 5,129899 0,000340
лаун 4,436752 0,007931
использовать 0,940244 0,000124
задний 2,421849 0,000321
расти 2,564949 0,000679
replac 4,436752 0,000294
отвергать 5,129899 0,000340
служащий 4,436752 0,000294
лайнсменов 5,129899 0,000340
вызвать 1,797694 0,000119
баланс 3,338139 0,000221
xix 1,834062 0,000121
рохамптоне 5,129899 0,000340
fraser 5,129899 0,000679
апрель 0,986764 0,000588
начинать 1,140915 0,000755
трибун 1,603538 0,001911
количество 0,853233 0,000395
орган 2,134166 0,000141
корт 3,338139 0,026961
нет 0,825834 0,000055
ground 3,520461 0,000466
соотечественница 3,743604 0,000248
холм 4,031286 0,000267
называться 1,603538 0,000212
мужчина 0,812411 0,001345
here 4,436752 0,000294
серить 4,436752 0,001469
eurosport 3,338139 0,000221
открыться 3,050457 0,000404
becom 3,338139 0,000442
трофей 1,871802 0,000372
райан 3,743604 0,001239
принципиальный 2,644992 0,000175
ganguli 5,129899 0,000340
davi 4,031286 0,000267
шилкок 5,129899 0,000340
will 3,338139 0,000221
травма 1,122566 0,000149
уорпл 5,129899 0,002038
миллион 1,392229 0,001014
york 2,564949 0,000340
распахать 5,129899 0,000340
уходить 2,134166 0,000141
wild 4,436752 0,000587
переть 0,359214 0,000404
подкладка 4,436752 0,000294
личный 2,732003 0,000181
день 0,699082 0,001388
хватать 1,633391 0,000216
инвалидный 3,338139 0,000663
န 2,134166 0,000141
ဘ 2,134166 0,000141
ไทย 1,238078 0,000082
မ 2,134166 0,000283
вокруг 2,296685 0,000152
tatarça 1,392229 0,000092
любимица 4,436752 0,000294
выговор 4,436752 0,000294
သ 2,134166 0,000141
дент 5,129899 0,000340
serv 5,129899 0,001019
изобрести 3,183989 0,000211
гаэль 5,129899 0,000340
заявление 0,799165 0,000053
гулд 5,129899 0,000340
journalist 5,129899 0,000340
соответствовать 2,296685 0,000152
nadja 5,129899 0,000340
десятилетие 2,239527 0,001631
выводить 4,436752 0,000587
пункт 2,357310 0,000156
новшество 3,743604 0,000496
провозгласить 5,129899 0,000340
flight 4,436752 0,000294
четвертьфинал 1,279751 0,000254
радиус 3,050457 0,000202
ahead 5,129899 0,000340
бакстоне 5,129899 0,000679
дэвид 2,932674 0,000388
холст 5,129899 0,000340
tingay 5,129899 0,014264
совпасть 4,436752 0,000294
полуфиналист 2,239527 0,000148
уолтер 4,436752 0,000294
slovenčina 1,069456 0,000071
gnd 1,392229 0,000092
sexist 5,129899 0,000340
проект 0,457070 0,000091
kenneth 5,129899 0,000340
добиваться 2,827314 0,000374
полить 3,183989 0,000211
обвинение 2,490841 0,000165
формальность 4,436752 0,000294
хардовые 5,129899 0,000340
ричард 4,031286 0,000267
goe 4,436752 0,000294
индивидуальный 1,797694 0,000238
одобрить 2,827314 0,000187
standard 4,436752 0,000587
сниматься 3,338139 0,000663
ladi 5,129899 0,000679
россиянин 0,971016 0,000064
находиться 0,925206 0,000123
начать 1,279751 0,000424
профессионал 2,134166 0,002402
pat 5,129899 0,000340
полина 3,520461 0,000233
pay 4,031286 0,000267
слой 3,743604 0,000248
восполнение 5,129899 0,000340
алекс 2,185460 0,000289
грунт 4,436752 0,000294
aeltc 5,129899 0,005773
исключенье 4,436752 0,000294
сколько 1,834062 0,000121
lisa 5,129899 0,000340
дэвис 1,633391 0,000757
пересекаться 4,031286 0,000267
терриблем 5,129899 0,000340
значительный 2,185460 0,000434
пример 1,994404 0,000132
двухнедельный 5,129899 0,000340
туфля 5,129899 0,000340
фирма 2,490841 0,000165
громкий 2,421849 0,000160
практический 1,546380 0,000205
корретха 5,129899 0,000340
вручаться 2,564949 0,001358
свежеиспеченный 5,129899 0,000340
седжмен 5,129899 0,000340
минута 0,940244 0,000747
ферреро 5,129899 0,000340
навратиловой 5,129899 0,000340
старость 5,129899 0,000340
содружество 1,518981 0,000201
архив 1,198073 0,000079
триумф 2,932674 0,000194
with 2,827314 0,000374
pdf 0,940244 0,000062
описание 0,881403 0,000058
лидер 1,258698 0,000417
избежать 2,732003 0,000362
одновременно 1,762603 0,000467
лицемерие 5,129899 0,000340
уйти 1,392229 0,000184
approach 4,436752 0,000294
тоня 2,932674 0,000194
меньший 2,932674 0,000194
труднопредсказуема 5,129899 0,000340
per 3,743604 0,000248
становиться 1,159607 0,001228
почет 4,031286 0,000267
известность 3,743604 0,000248
бразилия 1,797694 0,000238
анфан 5,129899 0,000340
морин 4,436752 0,000587
назначить 1,871802 0,000124
поставить 1,633391 0,000216
текст 0,925206 0,000123
million 4,031286 0,000534
even 4,436752 0,000881
выплатить 3,183989 0,000422
lâm 1,762603 0,000117
esperanto 1,198073 0,000079
продовольствие 5,129899 0,000340
champion 3,338139 0,000663
зона 1,603538 0,000106
завоевывать 2,732003 0,000362
чрезмерный 3,520461 0,000233
обладать 2,490841 0,000165
интерес 1,871802 0,000744
станция 3,338139 0,001105
youtub 1,797694 0,000119
почва 3,520461 0,000233
желать 3,338139 0,000221
картина 2,644992 0,000175
ответственность 0,895792 0,000059
парагвай 3,050457 0,000202
розуолл 5,129899 0,000679
спортсмен 0,565551 0,000075
françai 1,019025 0,000067
xxi 2,038856 0,000675
ракетбол 4,436752 0,000294
взять 1,159607 0,000307
долгосрочный 4,031286 0,000267
его 0,447767 0,001571
charact 5,129899 0,000340
трёхкратного 4,436752 0,000587
звание 1,994404 0,001584
php 0,986764 0,000065
кристи 5,129899 0,000340
roland 3,743604 0,000496
дорога 3,050457 0,000404
поддерживаться 3,743604 0,000248
covid 2,564949 0,000170
ридж 5,129899 0,000340
целый 1,492313 0,000395
относиться 1,368699 0,000091
ветеранский 5,129899 0,000340
compendium 5,129899 0,001019
заглавный 0,986764 0,000065
реконструкция 2,932674 0,000194
грудь 2,644992 0,000175
когда 0,652562 0,000691
дисквалификация 2,732003 0,000362
рассчитать 2,490841 0,000825
панчо 5,129899 0,001019
дисквалификации 2,732003 0,000181
lake 4,436752 0,000587
седьмой 2,134166 0,000283
состояние 1,301257 0,000086
престижный 2,085376 0,000138
разгореться 5,129899 0,000340
заслуга 2,732003 0,000181
кончить 5,129899 0,000340
lanc 5,129899 0,000340
drewett 4,436752 0,000294
федерация 0,495170 0,000229
развиваться 2,185460 0,000145
интервью 0,971016 0,000064
chief 5,129899 0,000340
откровенный 4,436752 0,000294
счастливый 2,932674 0,000194
wall 4,031286 0,000267
определение 2,085376 0,000414
дора 4,436752 0,000294
miscellani 5,129899 0,000340
исключение 1,695912 0,000561
есть 0,812411 0,000054
вести 1,238078 0,000902
австралазии 4,436752 0,000294
линия 1,466337 0,000194
электронный 2,038856 0,000135
спорт 0,125952 0,000025
championship 2,296685 0,001520
национальный 0,839439 0,000333
уилфред 5,129899 0,000679
марка 1,834062 0,001336
want 4,436752 0,000294
бьорну 4,436752 0,000294
спенсер 4,436752 0,000881
роузуотер 5,129899 0,000340
когорта 5,129899 0,000340
сохранить 2,085376 0,000276
основной 1,122566 0,001338
край 1,994404 0,000132
джордж 1,994404 0,000264
известный 0,986764 0,000523
заново 2,932674 0,000388
демонтаж 4,436752 0,000294
основное 1,368699 0,000272
lynam 5,129899 0,000340
господствовать 4,031286 0,000534
маллой 5,129899 0,000340
ward 5,129899 0,000340
игрок 0,711058 0,002118
женщина 0,663991 0,001187
prize 3,520461 0,001165
всеанглийского 5,129899 0,010528
открытие 1,695912 0,000449
larg 5,129899 0,000340
телевизионный 2,827314 0,001123
повязка 3,743604 0,000248
разоблачаться 5,129899 0,000340
выиграть 0,485508 0,000804
реджинальда 5,129899 0,000340
регулярный 1,951845 0,000129
неформальный 5,129899 0,000340
радиожурналистов 5,129899 0,000340
турнирный 1,086847 0,000288
рано 3,050457 0,000202
ранг 2,732003 0,000181
эллсуорт 5,129899 0,000340
назвать 0,940244 0,000062
chart 5,129899 0,000340
фотограф 4,436752 0,000587
дома 1,695912 0,000112
доля 2,827314 0,000187
между 0,955511 0,001075
lynch 5,129899 0,000679
сибил 5,129899 0,000340
чӑвашла 2,134166 0,000141
руководство 1,301257 0,000258
wasn 5,129899 0,000340
соответствие 1,002764 0,000133
has 4,031286 0,000267
европа 0,393700 0,000052
given 4,436752 0,000294
никнуть 3,183989 0,000211
пока 1,159607 0,000537
записаться 5,129899 0,000340
переиграть 2,644992 0,000700
ಕನ 2,038856 0,000135
attent 5,129899 0,000340
hbo 5,129899 0,000340
уилфреда 5,129899 0,000340
абсолютный 2,038856 0,000675
мария 1,834062 0,000486
оба 1,368699 0,000544
хейдон 5,129899 0,000340
взаимный 3,183989 0,000211
уимблдонский 4,436752 0,030548
ограничиваться 2,932674 0,000194
jacob 5,129899 0,000340
куинсмир 5,129899 0,000340
разделить 2,134166 0,000141
бюст 5,129899 0,000679
преодолеть 2,357310 0,000468
звонарёва 4,436752 0,000294
colour 4,031286 0,000267
если 0,675551 0,000403
chang 3,338139 0,000221
wikimedia 0,986764 0,000065
медведев 1,633391 0,000108
time 2,357310 0,000780
возрастной 2,296685 0,000760
мировой 0,955511 0,000696
подставка 3,520461 0,000233
routledg 3,520461 0,000233
покупка 2,732003 0,000181
возвышаться 5,129899 0,000340
восьмой 2,239527 0,000148
тонна 4,436752 0,000294
обстоятельство 2,732003 0,000181
прочий 1,069456 0,000071
представительство 3,338139 0,000221
ричи 4,031286 0,000267
lawn 4,031286 0,001068
австралиец 3,520461 0,000932
комитет 1,368699 0,000272
андреа 3,743604 0,000248
серебро 1,695912 0,000337
огранка 5,129899 0,000340
smash 4,436752 0,000294
джозия 5,129899 0,000340
последовать 2,421849 0,000160
улучшить 1,951845 0,000129
петр 1,392229 0,000092
сразу 1,392229 0,000277
создать 0,773190 0,000205
острый 3,338139 0,000221
деть 0,619039 0,000410
struggl 4,436752 0,000294
телевидение 2,732003 0,000181
винсент 3,338139 0,000221
отправить 1,871802 0,000248
предпочитать 3,183989 0,000211
финалист 2,185460 0,001592
решение 0,839439 0,000556
четырнадцать 3,520461 0,000233
печать 0,955511 0,000127
необычный 2,827314 0,000187
включать 1,323236 0,000876
пелота 1,728701 0,000114
ввиду 2,732003 0,000362
йоркский 4,436752 0,000587
маргарета 5,129899 0,001019
глаз 2,239527 0,000148
beat 5,129899 0,000340
организация 0,663991 0,000308
titl 0,986764 0,000196
десять 1,797694 0,000833
розыгрыш 1,762603 0,000700
поздний 1,323236 0,000438
дебютировать 2,085376 0,000138
товарный 0,986764 0,000065
выпускаться 4,031286 0,000801
почтовый 2,296685 0,000456
маллори 5,129899 0,000340
вскоре 2,239527 0,000445
противостоять 3,183989 0,000211
фамилия 2,421849 0,000321
閩南語 1,762603 0,000117
дважды 1,574551 0,000730
школа 1,492313 0,000099
площадь 2,185460 0,000145
подобно 4,436752 0,000294
вдоль 3,338139 0,000221
принести 1,871802 0,000620
приходский 4,436752 0,000294
histori 1,762603 0,000817
реальный 1,871802 0,000124
предлагать 2,421849 0,000160
their 3,743604 0,000248
возрасти 2,827314 0,000187
вайолет 5,129899 0,000340
радикальный 4,031286 0,000267
вондроушова 5,129899 0,000340
новак 2,564949 0,000340
лариса 2,296685 0,000152
percent 5,129899 0,000340
point 3,338139 0,000663
участник 0,799165 0,001799
марбл 5,129899 0,000679
условие 0,334108 0,000088
дороти 5,129899 0,000679
знаменовать 5,129899 0,000340
стоимость 2,421849 0,000641
критик 5,129899 0,000340
занять 1,159607 0,000077
eighth 5,129899 0,000340
соотношение 3,183989 0,000211
оборудование 2,827314 0,000374
cymraeg 1,574551 0,000104
финансирование 2,421849 0,000160
роджер 4,436752 0,002644
третье 1,035554 0,000206
способ 1,728701 0,000114
маркета 4,031286 0,000267
novak 5,129899 0,000679
специальный 1,217876 0,000081
dansk 1,069456 0,000071
служить 2,644992 0,000175
вызов 2,357310 0,002497
данст 5,129899 0,000340
еще 0,167054 0,000276
брюньон 5,129899 0,000340
знаменитость 3,743604 0,000248
успех 1,518981 0,001106
you 3,338139 0,000442
менее 1,258698 0,000583
happen 5,129899 0,000340
важный 0,986764 0,000327
бетани 5,129899 0,000340
беларуская 1,069456 0,000142
закупать 5,129899 0,000340
паркий 3,338139 0,000221
предложить 1,441019 0,000095
court 4,031286 0,002936
яна 1,834062 0,000121
webcit 2,038856 0,000135
джон 1,633391 0,000973
четверг 2,239527 0,000148
доминик 4,031286 0,000267
поезд 4,031286 0,000534
она 0,597299 0,000277
четверка 3,050457 0,000202
китай 1,695912 0,000112
марджори 5,129899 0,000340
скачать 0,895792 0,000119
они 0,524729 0,000764
сезон 0,723179 0,000048
поэт 3,520461 0,000233
прибыльный 4,031286 0,000267
сыгранный 2,421849 0,000160
оно 2,038856 0,000135
how 3,050457 0,000606
награждение 2,932674 0,000388
репортаж 1,633391 0,000324
thursday 5,129899 0,000679
австрия 1,871802 0,000124
денежный 3,183989 0,001054
явиться 4,031286 0,000534
боргу 5,129899 0,000340
томас 2,490841 0,000165
разрыв 3,338139 0,000442
составлять 1,518981 0,001408
утешительный 4,436752 0,000587
чай 4,436752 0,000294
чак 4,031286 0,000267
репортер 5,129899 0,000679
труман 5,129899 0,000340
мода 3,183989 0,000632
фабиан 4,031286 0,000267
час 1,728701 0,000687
брейк 3,050457 0,001414
метр 1,574551 0,000208
தம 1,492313 0,000099
шанс 1,258698 0,000083
lanson 5,129899 0,000340
бетц 5,129899 0,000340
викискладе 1,217876 0,000161
победить 0,699082 0,000324
пляжный 1,603538 0,000106
richard 3,520461 0,000233
ralph 4,436752 0,000294
живопись 4,436752 0,000294
редкий 3,050457 0,000808
вундеркинд 5,129899 0,000340
освещение 3,183989 0,000422
заказать 5,129899 0,000340
ниуэ 4,436752 0,000294
жаловаться 3,743604 0,000248
уложиться 4,436752 0,000294
univers 2,564949 0,000170
чехия 1,258698 0,000083
жак 3,183989 0,000211
жан 3,338139 0,000663
пожертвовать 0,940244 0,000187
sawer 5,129899 0,000340
уимбдонского 5,129899 0,000340
берт 4,031286 0,000534
ссылка 0,699082 0,000370
боротра 5,129899 0,001019
фаворит 2,134166 0,000848
хоуда 5,129899 0,000340
эпоха 2,085376 0,000276
michael 3,743604 0,000248
борис 2,239527 0,000593
бренд 2,357310 0,000156
сторонник 3,520461 0,000466
патрик 3,050457 0,000202
ನಡ 2,038856 0,000135
джин 2,038856 0,000945
уимблдо 5,129899 0,000679
хоудом 5,129899 0,000340
explain 3,520461 0,000466
роперу 5,129899 0,000340
выплачивать 3,338139 0,000221
мортимер 5,129899 0,001019
низом 5,129899 0,000340
совпадать 2,732003 0,000181
дочь 3,338139 0,000221
action 3,183989 0,000211
подойти 2,644992 0,000175
составитель 3,050457 0,000202
телесеть 5,129899 0,000340
соединить 2,932674 0,000388
victoria 4,436752 0,000294
элвуд 5,129899 0,000340
отдельный 0,955511 0,000380
джейкобс 4,031286 0,000267
чех 3,183989 0,000422
деньга 1,951845 0,000129
накладка 3,520461 0,000233
деньги 2,732003 0,000723
хилл 4,436752 0,000881
крис 2,932674 0,000194
singl 5,129899 0,000679
kjellsson 5,129899 0,000340
чей 2,357310 0,000780
мартин 2,038856 0,002025
десятикратной 5,129899 0,000340
взнос 3,520461 0,000466
освободить 3,743604 0,000248
britain 3,743604 0,000496
longest 5,129899 0,000679
родственный 2,239527 0,000148
метревели 5,129899 0,001358
даниил 1,728701 0,000114
сабатини 5,129899 0,000340
достаточно 2,134166 0,000283
кембридж 4,031286 0,000267
отличный 2,421849 0,000321
robert 3,050457 0,000404
обращение 0,910391 0,004340
осуждение 5,129899 0,000340
джек 3,338139 0,000884
independ 4,031286 0,000801
ветеран 1,994404 0,000528
сэмберг 5,129899 0,000340
сентябрь 1,035554 0,000480
stuart 5,129899 0,000340
войти 0,608110 0,000081
гольф 1,574551 0,000313
стихотворение 5,129899 0,000340
позаимствовать 4,031286 0,000267
паддл 4,436752 0,000294
разместиться 5,129899 0,000340
ქართული 1,392229 0,000092
гамбийский 5,129899 0,000340
память 2,185460 0,000145
radio 4,436752 0,000587
оставновилась 5,129899 0,000340
сожаление 3,338139 0,000221
защита 1,441019 0,000095
политик 0,224624 0,000015
зеландия 2,490841 0,000495
смит 3,050457 0,001010
чин 4,031286 0,000267
вина 4,031286 0,000267
завернуть 5,129899 0,000340
свитер 3,050457 0,000202
падел 2,296685 0,000152
вышка 3,743604 0,000248
играть 0,895792 0,000237
отстроить 5,129899 0,000340
рейтинговый 3,050457 0,000202
программа 0,799165 0,000370
task 5,129899 0,000340
смешанный 1,871802 0,002726
первый 0,317714 0,001241
разрешить 1,664163 0,000110
анастасий 2,644992 0,000175
подштанники 5,129899 0,000340
пять 1,140915 0,001360
итог 0,867219 0,000172
февраль 0,202645 0,000040
носок 4,031286 0,000267
тогда 1,466337 0,000194
креймер 5,129899 0,000679
эрик 3,520461 0,000233
земельный 4,031286 0,000267
крышка 4,031286 0,000534
проход 2,932674 0,000194
старший 1,695912 0,000449
титул 1,301257 0,002584
империя 2,239527 0,000148
выделение 5,129899 0,000340
массово 5,129899 0,000340
считаться 1,441019 0,000286
прохор 3,183989 0,000211
неделя 1,217876 0,000968
пора 1,392229 0,000277
вступление 3,743604 0,000248
забронировать 4,436752 0,000294
публика 2,644992 0,001051
слава 1,871802 0,000124
закончиться 1,834062 0,000121
мелодрама 4,436752 0,000294
полагать 4,031286 0,000267
траберт 5,129899 0,000340
перемена 3,338139 0,000221
конкуренция 2,038856 0,000270
cover 4,436752 0,000294
квартировать 5,129899 0,000340
близнец 4,031286 0,000534
мочь 0,350775 0,000186
остановить 1,994404 0,000132
czech 5,129899 0,000340
сборная 0,342407 0,000091
сотый 5,129899 0,000340
дорожка 2,827314 0,000187
пятилетие 5,129899 0,000340
вообще 1,911023 0,000127
лакост 5,129899 0,000340
programm 4,436752 0,000294
оргкомитет 4,031286 0,000267
призвать 2,085376 0,000138
изобразительный 4,436752 0,000294
почтить 1,279751 0,000678
fact 3,520461 0,000233
грубый 2,644992 0,000175
аудио 1,951845 0,000129
беккер 5,129899 0,002038
кубок 0,376309 0,000673
announc 4,031286 0,000534
segrav 5,129899 0,000340
супружеский 5,129899 0,000340
снижение 3,050457 0,000202
фирменный 3,520461 0,000233
ian 4,031286 0,000267
цвет 1,695912 0,000674
весенний 2,827314 0,000187
величество 5,129899 0,000340
метрополитен 4,436752 0,000294
личной 1,664163 0,000110
сестра 3,743604 0,000991
simon 3,743604 0,000496
энциклопедия 0,986764 0,000196
огород 4,436752 0,000294
вслед 2,564949 0,000170
oldest 4,436752 0,000294
всякий 2,827314 0,000187
ростовой 2,932674 0,000194
заканчивать 3,183989 0,000211
български 1,086847 0,000072
образовательный 2,421849 0,000160
американский 0,910391 0,000422
рывлин 5,129899 0,000340
многочисленный 2,239527 0,000148
алта 5,129899 0,002717
убор 5,129899 0,000340
останавливаться 2,827314 0,000187
graveyard 5,129899 0,000340
другой 0,188256 0,000237
сюда 0,986764 0,000065
давать 1,416327 0,000188
five 3,520461 0,000466
пар 1,416327 0,004688
guin 4,031286 0,000267
фигурировать 3,520461 0,000233
кинг 2,239527 0,001038
лондон 1,911023 0,000633
стове 5,129899 0,000340
превысить 2,827314 0,000936
ido 1,546380 0,000102
темнота 4,436752 0,000587
возведение 4,031286 0,000267
isbn 1,633391 0,000973
aorangi 5,129899 0,000340
rule 2,357310 0,000156
amateur 3,338139 0,000221
поднять 2,185460 0,000289
упразднить 2,490841 0,000165
что 0,195425 0,000621
договор 2,421849 0,000160
poet 5,129899 0,000340
домашний 1,695912 0,000112
форма 1,086847 0,000504
медаль 0,619039 0,000041
оспариваться 5,129899 0,000340
настоящее 1,368699 0,000634
несмотря 1,762603 0,001050
отстаивать 4,031286 0,000267
принцип 1,695912 0,000112
монополист 4,436752 0,000294
отличаться 1,664163 0,000220
плакат 3,338139 0,000221
ольга 2,827314 0,000187
удобный 2,564949 0,000170
разве 3,520461 0,000233
боро 5,129899 0,001019
critic 4,436752 0,000294
борг 5,129899 0,001019
profession 4,031286 0,000267
крамм 5,129899 0,000340
николы 5,129899 0,000340
изображение 2,239527 0,001186
нский 5,129899 0,000340
серия 0,586604 0,000350
резолюция 5,129899 0,000340
экран 2,932674 0,000388
движение 1,728701 0,000114
возвести 3,743604 0,000248
николя 5,129899 0,000679
coverag 5,129899 0,000340
уайлдинг 5,129899 0,001019
ручка 3,338139 0,000663
непосредственный 3,338139 0,000221
нарочно 5,129899 0,000340
октябрь 1,019025 0,000202
ознаменовать 4,436752 0,001762
church 5,129899 0,000340
завоевать 1,035554 0,000686
nick 4,436752 0,000294
футбольный 1,345709 0,000089
uniform 4,436752 0,000294
участок 2,827314 0,000374
награда 1,279751 0,000763
черч 5,129899 0,001698
располагать 3,520461 0,000233
event 3,338139 0,000221
никола 2,085376 0,000138
прибыть 2,732003 0,001085
штеффи 5,129899 0,001358
изобретатель 4,031286 0,000267
президент 1,035554 0,000137
норман 5,129899 0,000340
четверть 2,732003 0,000181
обозначаться 3,338139 0,000221
гранить 2,564949 0,000170
первоначально 1,951845 0,000258
священник 5,129899 0,000340
строгий 2,239527 0,000297
한국어 1,035554 0,000069
посеять 4,436752 0,003231
полевица 5,129899 0,000340
дивиденд 5,129899 0,000340
создание 1,633391 0,000216
воротник 4,031286 0,000534
сверху 2,932674 0,000194
савченко 3,743604 0,000248
first 2,732003 0,000543
государство 2,134166 0,000283
вайнз 5,129899 0,000340
perfect 4,436752 0,000294
усиление 3,520461 0,000233
участие 0,457070 0,000454
крокет 1,728701 0,000687
попытка 1,664163 0,000441
simpl 1,140915 0,000076
from 2,827314 0,000936
молл 5,129899 0,000340
привычный 3,050457 0,000202
побывать 3,183989 0,000211
появление 2,239527 0,000297
magyar 1,086847 0,000072
содержаться 4,031286 0,000534
прибыль 3,338139 0,000663
справка 0,986764 0,000065
дождь 4,031286 0,000801
завершение 1,695912 0,000225
предшествовать 3,338139 0,000663
саттон 5,129899 0,000340
мартинес 4,031286 0,000267
death 4,436752 0,000294
форум 0,867219 0,000057
сотня 2,827314 0,000187
разряд 2,490841 0,023416
frequent 4,436752 0,000294
polden 5,129899 0,000340
network 3,743604 0,000248
blackbal 5,129899 0,000340
вернуть 1,695912 0,000112
внимание 1,695912 0,000225
википедия 0,986764 0,000392
рекламный 2,185460 0,000145
возможность 1,279751 0,000169
inc 0,986764 0,000065
псевдодокументальная 5,129899 0,000340
занимать 1,664163 0,001322
модифицировать 4,436752 0,000294
круг 1,392229 0,002304
сугубо 5,129899 0,000340
round 4,436752 0,000294
polo 4,031286 0,000267
обратный 1,178655 0,000078
википедии 0,986764 0,000196
термин 1,345709 0,000089
книга 1,911023 0,000380
всеанглийским 5,129899 0,000679
агасси 4,436752 0,000294
всеанглийский 5,129899 0,002717
газета 1,392229 0,000277
lccn 1,492313 0,000099
score 3,338139 0,000221
camber 5,129899 0,000340
литровый 4,436752 0,000294
прервать 1,762603 0,000117
частность 1,994404 0,000528
slovenščina 1,345709 0,000089
под 0,723179 0,000479
illustr 3,520461 0,000233
встретить 4,031286 0,000267
пол 0,910391 0,000241
связаться 0,867219 0,000057
пом 1,695912 0,000112
чанда 5,129899 0,000679
человек 0,940244 0,000124
обыграть 1,122566 0,000149
подробный 0,687247 0,000045
немного 2,038856 0,000135
содержание 0,955511 0,000127
отказаться 1,695912 0,000449
фото 0,799165 0,000053
всеанглийских 5,129899 0,000679
джоан 5,129899 0,000340
нехватка 2,827314 0,000187
собрать 2,357310 0,000468
пот 4,436752 0,000294
шаг 2,038856 0,000405
сложность 1,951845 0,000517
визит 4,436752 0,000294
пропускать 3,050457 0,000202
близость 4,031286 0,000267
бингли 5,129899 0,000679
социальный 1,603538 0,000106
асфальтовый 5,129899 0,000340
навратилова 5,129899 0,004075
главный 0,565551 0,000225
правящий 5,129899 0,001358
одержать 1,217876 0,000242
также 0,663991 0,001539
чилийский 4,436752 0,000294
العربية 1,069456 0,000071
появиться 1,159607 0,000307
стартовать 1,633391 0,000216
рассыпаться 5,129899 0,000340
кравинкель 5,129899 0,000340
ace 4,436752 0,000294
италия 0,524729 0,000035
джефф 3,050457 0,000202
допускать 2,564949 0,000170
трава 1,392229 0,000277
снова 1,574551 0,000104
неудачник 5,129899 0,000340
претендент 2,296685 0,000912
post 3,338139 0,000442
наконец 2,296685 0,000456
света 2,490841 0,000165
разворачиваться 5,129899 0,000340
itf 4,031286 0,002402
klaassen 5,129899 0,000340
библиографический 1,279751 0,000085
вудфорд 5,129899 0,000340
правка 0,986764 0,000131
маорийский 4,436752 0,000294
уэсли 5,129899 0,000340
михил 5,129899 0,000340
добавиться 2,827314 0,000187
себя 0,597299 0,000356
летие 2,421849 0,000321
хезер 5,129899 0,000679
шнурок 4,436752 0,000294
билдинге 5,129899 0,000340
илие 5,129899 0,001019
washington 3,338139 0,000221
неполный 3,520461 0,000233
один 0,342407 0,001043
всеанглийском 5,129899 0,001358
победительница 2,644992 0,001576
жесткий 1,728701 0,000229
югославский 3,743604 0,000248
гвинея 3,050457 0,000202
должность 2,421849 0,000160
класс 1,728701 0,000229
журналист 1,951845 0,000775
столетие 2,490841 0,000660
формирование 2,827314 0,000187
новозеландский 4,436752 0,000294
детектив 4,031286 0,000267
южный 1,159607 0,000230
bahasa 1,086847 0,000072
challeng 2,296685 0,000152
теннисный 2,644992 0,003677
нарушить 2,490841 0,000330
артур 1,664163 0,000992
названый 2,490841 0,000165
король 2,490841 0,000825
качество 1,323236 0,000088
вечер 2,421849 0,000481
компенсация 3,050457 0,000202
вычет 4,436752 0,000294
столько 2,564949 0,000170
словарь 1,198073 0,000159
опустить 4,436752 0,000294
лейус 5,129899 0,000340
старое 1,797694 0,000476
новичок 1,797694 0,000119
проводиться 1,086847 0,001151
ламаром 5,129899 0,000340
reignit 5,129899 0,000340
українська 1,035554 0,000069
соперница 2,827314 0,000187
разыгрывать 2,421849 0,000160
порция 5,129899 0,000340
отдаваться 3,743604 0,000248
француз 2,239527 0,000445
шотландия 2,357310 0,000156
удовлетворить 4,031286 0,000267
молодая 1,762603 0,001050
рэкетс 1,728701 0,000229
привлекать 2,564949 0,000340
стоить 1,546380 0,000205
рекордсмен 1,834062 0,000121
удачный 2,564949 0,000170
предваряться 5,129899 0,000340
флуктуация 5,129899 0,000340
жизнь 0,881403 0,000058
cite 1,258698 0,000167
бадминтон 1,518981 0,000101
royal 4,436752 0,000294
маршалл 4,436752 0,000294
шорты 1,035554 0,000137
трон 5,129899 0,000340
твердый 2,564949 0,000170
грунтовой 4,436752 0,001762
sarah 4,436752 0,000881
трое 2,185460 0,000289
допустить 1,546380 0,000102
исполниться 3,338139 0,000221
уступить 1,368699 0,000362
табло 2,357310 0,000312
коляска 2,932674 0,000582
несеяная 5,129899 0,000340
ежегодно 2,185460 0,000579
all 3,050457 0,001414
read 4,436752 0,000294
локоть 3,338139 0,000221
сеять 2,827314 0,000374
конфиденциальность 0,293617 0,000019
облако 5,129899 0,000340
сочинение 4,436752 0,000294
alan 4,436752 0,000294
реджинальд 5,129899 0,001019
назад 1,140915 0,000151
список 0,986764 0,000849
повторение 3,520461 0,000466
ивон 5,129899 0,000340
приблизить 3,743604 0,000248
приобрести 2,038856 0,000270
батгейт 5,129899 0,000340
telegraph 4,436752 0,002937
четвертая 2,185460 0,000434
воплотить 3,743604 0,000248
and 1,762603 0,002100
today 4,031286 0,000534
именно 1,492313 0,000494
железнодорожный 4,031286 0,000534
row 4,031286 0,000267
главное 0,524729 0,000278
ani 4,436752 0,000294
румыния 2,038856 0,000135
ann 4,031286 0,000534
любительский 1,416327 0,000656
основание 1,416327 0,000750
потребоваться 3,338139 0,000221
qualifi 4,031286 0,000267
зафиксировать 1,994404 0,000264
сменить 1,466337 0,000388
обзавестись 3,520461 0,000233
оправляться 5,129899 0,000340
сообщить 0,447767 0,000030
шотландец 4,436752 0,000294
parson 5,129899 0,000340
подразумевать 3,050457 0,000202
прославиться 5,129899 0,000340
пэт 5,129899 0,000340
зало 1,797694 0,000238
финальный 1,492313 0,000593
oxford 4,031286 0,000267
конный 1,574551 0,000104
таки 2,296685 0,000152
разрушить 3,520461 0,000466
подписка 3,520461 0,000233
транспорт 3,338139 0,000221
jan 4,031286 0,000267
english 0,925206 0,000123
франция 0,675551 0,000358
строительный 4,436752 0,000294
четыре 0,910391 0,000964
друг 1,518981 0,000302
определяться 1,797694 0,000119
амбиционный 5,129899 0,000340
голубой 2,490841 0,000165
viaf 2,490841 0,000330
выпуклый 5,129899 0,000340
рекордный 2,038856 0,000810
чайный 5,129899 0,000340
гонорар 4,031286 0,000267
dichotomi 5,129899 0,000340
можно 1,002764 0,000266
илья 1,797694 0,000238
mound 5,129899 0,000340
română 1,122566 0,000074
оценщик 5,129899 0,000340
хильда 5,129899 0,000340
portuguê 1,035554 0,000069
мужской 1,198073 0,006028
раз 0,485508 0,001093
чемпионат 0,188256 0,000586
ўзбекча 1,140915 0,000076
головной 3,520461 0,000233
образование 2,038856 0,000135
монополия 3,743604 0,000248
необходимо 1,994404 0,000264
art 2,644992 0,000175
протест 2,732003 0,000362
версия 0,393700 0,000104
спустя 1,911023 0,001012
интернет 1,574551 0,000104
уиллз 4,436752 0,001175
джимми 4,436752 0,000294
выделить 2,085376 0,000138
обычно 1,695912 0,000225
wilson 4,436752 0,000294
ask 4,436752 0,000294
serena 5,129899 0,000340
платить 2,732003 0,000181
четвертый 1,695912 0,000112
библиотека 3,520461 0,000466
run 3,743604 0,000248
четырежды 3,183989 0,000843
правый 0,971016 0,000321
увеличить 2,038856 0,000945
штат 2,185460 0,000145
наблюдать 3,183989 0,000211
представитель 1,238078 0,000738
view 4,031286 0,000267
представить 1,518981 0,000101
австралийский 1,633391 0,000216
дохерти 5,129899 0,003057
работа 1,086847 0,000072
atp 1,994404 0,001981
маттек 5,129899 0,000340
произведенье 4,436752 0,001175
роджерсом 5,129899 0,000340
сеть 1,258698 0,000083
barrett 5,129899 0,006792
umpir 5,129899 0,000340
негласный 5,129899 0,000340
отныне 4,031286 0,000267
holland 4,031286 0,000267
дождливый 4,031286 0,000267
запретить 1,178655 0,000078
магистраль 4,436752 0,000294
недостижимый 4,436752 0,000294
сооружение 3,183989 0,000211
знать 1,345709 0,000089
разгромный 2,564949 0,000170
alix 5,129899 0,000340
galego 1,178655 0,000078
автор 1,466337 0,000097
старый 1,159607 0,000384
возвращаться 1,871802 0,000124
недостаточно 3,338139 0,000221
пандемия 2,421849 0,000160
внести 2,239527 0,000297
несеяные 5,129899 0,001019
километр 1,951845 0,000388
служебный 0,955511 0,000063
монарх 4,031286 0,000534
снять 1,871802 0,000248
street 3,743604 0,000248
worpl 5,129899 0,000340
морозов 3,520461 0,000699
будущий 3,050457 0,000808
жест 2,827314 0,000187
война 1,695912 0,001460
сессия 2,732003 0,000181
бомбардировка 4,031286 0,000267
associ 0,986764 0,000131
намного 2,932674 0,000194
свободный 0,867219 0,000115
vign 5,129899 0,000340
реж 4,031286 0,000534
существовать 1,122566 0,000297
современный 1,159607 0,000154
рей 5,129899 0,000340
capl 5,129899 0,000340
рен 3,743604 0,000248
подвид 4,436752 0,000294
отношение 1,301257 0,000086
jonathan 4,436752 0,000294
jim 3,743604 0,000496
сосредоточить 3,520461 0,000233
монако 1,994404 0,000132
дослать 3,050457 0,000202
багнолла 5,129899 0,000340
дождаться 4,031286 0,000267
cash 4,436752 0,000294
поступать 3,050457 0,000202
архивировать 1,104547 0,005777
барретта 5,129899 0,000340
вещание 3,520461 0,000233
связанный 0,786093 0,000416
aoraki 5,129899 0,000340
wimbledon 5,129899 0,021735
sunday 5,129899 0,000340
кентский 5,129899 0,000340
довоенный 4,031286 0,000267
радиовещательный 4,436752 0,000294
беттани 5,129899 0,000340
будущее 1,664163 0,000331
увеличение 2,421849 0,000481
card 4,436752 0,000587
элизабет 5,129899 0,001698
հայերեն 1,198073 0,000079
овсяница 5,129899 0,000679
резкий 2,085376 0,000138
сент 2,564949 0,000340
orang 5,129899 0,000340
освещать 4,031286 0,000801
каролина 3,050457 0,000202
australian 2,185460 0,000289
эбден 5,129899 0,000340
феномен 3,520461 0,000233
hindustan 5,129899 0,000340
расход 2,490841 0,000165
српскохрватски 1,416327 0,000094
празднование 2,932674 0,000971
агентство 1,994404 0,000264
семя 5,129899 0,000340
семь 1,633391 0,001406
выплата 3,050457 0,001818
приз 1,834062 0,001700
bokmål 1,069456 0,000071
безраздельный 5,129899 0,000340
награждаться 3,338139 0,000221
more 2,932674 0,000194
жена 1,728701 0,000114
пропустить 1,122566 0,000074
завоевываться 5,129899 0,000340
инструмент 0,881403 0,000117
справа 2,932674 0,000388
такой 0,735450 0,001071
транслироваться 3,183989 0,000211
рассказывать 2,564949 0,000170
harri 5,129899 0,000679
телевещательный 5,129899 0,000340
чемпионка 1,441019 0,002194
заставить 2,490841 0,000165
отбивать 4,031286 0,000267
demis 5,129899 0,000340
историк 3,338139 0,000221
накануне 3,183989 0,000211
благодаря 1,441019 0,000095
раздвижной 5,129899 0,000679
военный 1,664163 0,000110
фонд 0,895792 0,000534
henman 5,129899 0,000340
состав 0,867219 0,000230
джонс 2,085376 0,000414
вестись 2,185460 0,000434
наиболее 1,466337 0,000194
передний 2,490841 0,000165
указать 1,198073 0,000159
соглашение 1,466337 0,000097
уоллес 4,436752 0,000294
содержать 2,134166 0,000141
электрический 3,743604 0,000248
кирстен 5,129899 0,000340
england 3,520461 0,001398
adam 3,520461 0,000233
строительство 2,490841 0,000330
фиолетовый 4,031286 0,000801
история 0,270086 0,000447
daili 3,520461 0,000699
македонский 1,258698 0,000083
гарднар 5,129899 0,000340
most 3,338139 0,000221
коррелировать 5,129899 0,000340
уайлдингом 5,129899 0,000340
усовершенствование 4,031286 0,000267
командир 5,129899 0,000340
рихард 4,436752 0,000294
название 1,035554 0,000411
тысяча 1,546380 0,002764
пилич 5,129899 0,000679
sponsor 4,031286 0,000267
чемпион 0,334108 0,001570
запланировать 2,932674 0,000194
харт 4,436752 0,000881
bowl 5,129899 0,000340
закрыться 4,436752 0,000294
пассажир 4,031286 0,000267
первое 0,393700 0,001251
joy 5,129899 0,000340
барретту 5,129899 0,000340
reject 4,436752 0,000294
низкий 1,345709 0,000356
голос 2,357310 0,000312
елизавета 2,185460 0,000289
profit 5,129899 0,000340
руседски 5,129899 0,000679
панорама 4,031286 0,000267
move 4,436752 0,000294
род 2,932674 0,001165
movi 4,031286 0,000267
свеча 5,129899 0,000340
опустошить 5,129899 0,000340
хасс 5,129899 0,000340
кайма 5,129899 0,000679
эмигрировать 5,129899 0,000340
авторство 0,986764 0,000065
альварес 3,520461 0,000233
подача 2,490841 0,001154
финал 0,699082 0,001990
приводить 2,085376 0,000276
двукратная 3,050457 0,000202
стерджесс 5,129899 0,000340
tenni 3,520461 0,004894
поведение 0,839439 0,000056
offer 4,436752 0,000294
частично 2,932674 0,000194
ухудшаться 3,183989 0,000211
теннис 0,475938 0,001607
одерживать 3,050457 0,000404
bbc 2,932674 0,000971
питу 5,129899 0,000340
автоматически 2,644992 0,000175
полный 0,940244 0,000124
гера 2,644992 0,000350
годовой 3,743604 0,000248
буэно 4,031286 0,000534
уроженец 3,743604 0,000496
globe 5,129899 0,000340
викимедиа 0,986764 0,000065
отборный 5,129899 0,000340
добиться 2,085376 0,000414
teeter 5,129899 0,000340
вплоть 1,871802 0,000124
azərbaycanca 1,258698 0,000083
слабоумный 5,129899 0,000340
средство 1,664163 0,000441
британец 2,490841 0,000989
сохранность 4,436752 0,000294
ягода 5,129899 0,000340
первоначальный 2,827314 0,000187
проигрыш 2,490841 0,000165
see 3,743604 0,000248
лесли 5,129899 0,000679
статистический 3,050457 0,000202
барретт 5,129899 0,000340
похвастаться 3,743604 0,000248
русский 0,760451 0,000050
участница 2,732003 0,000904
входить 1,258698 0,000833
этаж 3,338139 0,000221
этап 0,895792 0,000297
пустить 3,183989 0,000211
set 3,520461 0,000699
автомобильный 3,338139 0,000442
мемориальный 4,436752 0,000294
fastest 4,436752 0,000294
время 0,384967 0,000663
уотсон 5,129899 0,001358
sex 5,129899 0,000340
пилича 5,129899 0,000340
прислать 2,490841 0,000165
проникновение 5,129899 0,000340
отменить 1,728701 0,000916
ранее 1,104547 0,000073
победитель 0,799165 0,001905
фаворитка 4,436752 0,000294
тингей 5,129899 0,000340
расколоть 5,129899 0,000340
ben 4,436752 0,000294
восемь 1,695912 0,000786
начаться 1,518981 0,001006
иво 3,338139 0,000221
любительство 4,436752 0,000294
digit 3,520461 0,000233
миллиард 1,911023 0,000253
задача 1,546380 0,000102
счет 0,799165 0,000688
порядок 1,664163 0,000551
девочка 3,338139 0,000221
читать 0,555188 0,000037
фрэнк 3,183989 0,000843
susan 4,031286 0,000267
прямая 1,441019 0,000191
англ 1,159607 0,002457
откладываться 4,031286 0,000267
обязательно 2,357310 0,000156
оскорбление 2,932674 0,000194
британка 5,129899 0,000340
социалистический 3,743604 0,000248
двадцатый 4,436752 0,000294
шлем 2,296685 0,002585
выработка 4,031286 0,000267
стэнли 2,185460 0,000145
сеяться 5,129899 0,000340
battl 5,129899 0,000340
over 3,743604 0,000248
стерлинг 5,129899 0,003396
six 3,743604 0,000248
спортсменка 1,664163 0,000110
момент 0,910391 0,000482
dinner 5,129899 0,000340
srpskohrvatski 1,416327 0,000094
中文 1,035554 0,000069
помимо 1,911023 0,001265
тереть 0,786093 0,000520
потерять 1,951845 0,000129
foundat 0,986764 0,000065
гейм 3,743604 0,002726
вдвое 3,743604 0,000248
среда 1,871802 0,000124
наголовной 5,129899 0,000340
изд 2,564949 0,000170
ралстон 5,129899 0,000340
среди 0,597299 0,000870
полагаться 4,436752 0,000294
пасарелла 5,129899 0,000340
арендовать 3,183989 0,000211
масштабный 3,050457 0,000202
обнародовать 4,031286 0,000267
моника 5,129899 0,000340
join 3,743604 0,000248
уменьшаться 5,129899 0,000679
сорт 4,031286 0,000267
американкими 5,129899 0,000340
пауза 2,490841 0,000165
татарча 1,392229 0,000092
tiếng 1,140915 0,000076
עברית 1,052361 0,000070
всеанглийскому 5,129899 0,001358
хуан 2,827314 0,000187
карло 4,436752 0,000294
decid 4,436752 0,000294
должен 0,597299 0,000237
союзный 2,827314 0,000187
возвращение 1,466337 0,000291
оживить 4,031286 0,000267
сливки 5,129899 0,001019
john 2,644992 0,000525
открывать 2,644992 0,000175
утвердиться 4,031286 0,000267
plate 5,129899 0,000679
tournament 3,050457 0,000202
преддверие 3,520461 0,000233
world 1,416327 0,000375
провести 0,799165 0,000212
прочный 3,338139 0,000221
большинство 1,466337 0,000194
guardian 3,743604 0,001239
кинематограф 4,031286 0,000267
прямой 1,695912 0,000112
break 3,520461 0,000699
консервативный 4,031286 0,000267
покрытие 2,490841 0,001319
сделка 3,050457 0,000202
филателия 3,050457 0,000404
награждать 4,031286 0,000267
брат 2,134166 0,001272
гобер 5,129899 0,000340
браф 5,129899 0,000340
мьюшо 5,129899 0,000340
или 0,576022 0,000686
фрай 5,129899 0,000340
размещаться 3,338139 0,000221
одерживаться 5,129899 0,000340
любовь 2,644992 0,000175
roger 5,129899 0,000340
шестой 2,357310 0,000156
отстоять 2,827314 0,000374
радио 2,421849 0,000481
дженнифер 5,129899 0,000679
включить 1,392229 0,000184
переслать 2,827314 0,000187
зрительский 3,338139 0,001989
югославия 2,134166 0,000283
учетный 0,986764 0,000065
распределять 4,031286 0,000534
заключить 2,490841 0,000165
позолотить 5,129899 0,000340
затем 1,301257 0,000431
маккинли 5,129899 0,000340
хронологически 5,129899 0,000340
побить 1,951845 0,000388
бьорн 5,129899 0,001019
оранжевый 3,183989 0,000211
гренадины 3,743604 0,000248
ошибка 0,576022 0,000038
box 3,050457 0,000202
суббота 2,732003 0,000904
мануэль 3,743604 0,000248
колясочник 4,031286 0,000534
германий 0,723179 0,000144
игра 0,112619 0,000209
компания 0,971016 0,000129
распродать 5,129899 0,000340
переход 1,323236 0,000526
имя 1,178655 0,000780
loser 5,129899 0,000679
perrotta 5,129899 0,000340
датский 1,368699 0,000091
присутствовать 1,951845 0,000388
остин 5,129899 0,000679
блюдо 4,436752 0,002644
social 5,129899 0,000340
укоротить 3,183989 0,000211
coronavirus 5,129899 0,000340
throwback 5,129899 0,000679
событие 0,565551 0,000262
использование 0,277868 0,000018
допустимый 2,644992 0,000350
временный 4,031286 0,000267
grandslamhistori 5,129899 0,000340
offici 2,827314 0,000562
вершина 2,732003 0,000181
лицензия 0,971016 0,000064
черный 1,994404 0,000264
миля 3,050457 0,000606
представлять 1,217876 0,000806
finnigan 5,129899 0,000340
ряд 1,198073 0,000872
кинематографист 5,129899 0,000340
exhibit 4,436752 0,000294
сам 0,747872 0,000644
запись 0,910391 0,000060
увеличиться 3,338139 0,000221
кэтлин 5,129899 0,002038
квалификация 1,695912 0,000561
hike 4,436752 0,000294
collin 3,743604 0,000496
сохранение 0,971016 0,000129
吴语 1,238078 0,000082
шкох 5,129899 0,000340
макинрою 5,129899 0,000340
гравируются 4,031286 0,000267
дать 0,608110 0,000161
билл 3,050457 0,000202
действовать 0,825834 0,000547
возможный 1,392229 0,000184
производитель 2,564949 0,000679
румын 4,436752 0,000294
дата 0,799165 0,003809
вещать 5,129899 0,000340
изобразить 2,827314 0,000562
паря 1,217876 0,000081
проводить 0,910391 0,000362
гора 2,932674 0,002524
специалист 1,797694 0,000238
леже 5,129899 0,000340
россия 0,139466 0,000028
launch 4,436752 0,000294
комиссар 3,743604 0,000248
bud 4,436752 0,000294
hill 3,520461 0,000466
харингтон 5,129899 0,000340
парк 2,827314 0,000187
нужда 3,520461 0,000233
appoint 5,129899 0,000340
kati 5,129899 0,000340
январь 0,786093 0,000052
пара 5,129899 0,000340
but 4,436752 0,000881
steinberg 5,129899 0,000340
макгроу 5,129899 0,000340
кристина 2,296685 0,000152
популярность 1,797694 0,000476
прийти 2,038856 0,000135
выравнивание 4,436752 0,000587
уладить 4,436752 0,000294
введение 2,296685 0,000152
отдать 1,728701 0,000458
аду 4,436752 0,000587
трижды 2,827314 0,001497
крокетный 5,129899 0,001019
живность 5,129899 0,000340
аллея 4,031286 0,000267
местами 4,031286 0,000534
desk 5,129899 0,000340
холкомб 5,129899 0,000340
причина 1,368699 0,000181
катарин 4,436752 0,000294
сен 3,183989 0,000211
sina 3,338139 0,000221
сет 2,644992 0,003677
wheelchair 3,743604 0,000248
клири 5,129899 0,000340
волшебный 1,695912 0,000112
доход 2,239527 0,001334
недоставать 5,129899 0,000340
kit 4,031286 0,000267
возняцки 5,129899 0,000340
magnus 5,129899 0,000340
рейтинг 0,524729 0,000382
переезд 3,338139 0,001105
никулишина 5,129899 0,000340
iltf 5,129899 0,003396
показатель 1,728701 0,000458
djokov 5,129899 0,000679
сыграть 0,839439 0,000222
обмен 2,732003 0,000181
stone 3,520461 0,000233
выбыть 2,644992 0,000350
некоммерческий 0,986764 0,000065
великобритания 1,664163 0,001542
поддержать 2,185460 0,000145
шрайвер 5,129899 0,000340
любой 1,238078 0,000082
традиционно 2,296685 0,000760
смелый 3,520461 0,000233
kirkham 5,129899 0,001019
временной 2,732003 0,000543
вудбридж 5,129899 0,001019
жеребьевка 2,296685 0,001064
уэйд 4,436752 0,001469
указание 0,986764 0,000196
показательный 1,279751 0,000085
западный 2,134166 0,000283
српски 1,035554 0,000069
банни 5,129899 0,000340
кепка 4,436752 0,000294
road 3,743604 0,000496
минский 2,185460 0,000145
оказаться 1,441019 0,000668
посетитель 3,743604 0,000496
около 1,518981 0,001106
ворот 1,762603 0,000233
новостной 3,338139 0,000442
здоровье 1,323236 0,000088
заниматься 1,574551 0,000104
белые 2,421849 0,000160
nobodi 5,129899 0,000340
белый 1,574551 0,000730
анри 3,520461 0,000466
довести 3,338139 0,000884
произведение 3,338139 0,000221
новинка 4,436752 0,000294
ирландия 2,185460 0,000579
белье 4,031286 0,000267
юниор 1,345709 0,000089
постоянный 0,881403 0,000350
идея 1,871802 0,000248
наталья 3,050457 0,000404
пастельный 5,129899 0,000340
понедельник 3,338139 0,000221
например 1,603538 0,000106
türkçe 1,052361 0,000070
лейвера 4,436752 0,000587
leav 4,436752 0,000294
спад 2,732003 0,000181
привести 1,466337 0,000097
политический 2,932674 0,000194
акр 5,129899 0,001358
елена 1,834062 0,000121
элиса 5,129899 0,000679
lead 4,031286 0,000267
архитектор 3,520461 0,000233
союз 1,301257 0,000086
инфраструктура 2,564949 0,000340
сдавать 4,436752 0,000587
queue 5,129899 0,000340
начало 0,760451 0,001057
транспортный 4,031286 0,000267
кромка 3,743604 0,000744
отдых 2,038856 0,000135
оксфорд 4,436752 0,000294
ровный 2,421849 0,000160
свежий 0,839439 0,000167
комплекс 2,421849 0,001122
анна 1,695912 0,000112
суровый 4,031286 0,000267
золотой 1,002764 0,000066
стидман 5,129899 0,000679
любитель 1,238078 0,000492
маленький 1,392229 0,000369
идеальный 2,644992 0,000175
внешний 1,104547 0,000146
начальный 2,827314 0,000187
составить 1,546380 0,000717
заменять 3,338139 0,000221
влияние 2,644992 0,000175
полоса 2,644992 0,000350
кинофильм 4,436752 0,000294
формат 1,871802 0,000124
даже 1,198073 0,000714
стерри 5,129899 0,000340
week 3,520461 0,000233
урезанный 5,129899 0,000340
graham 4,436752 0,000294
статистика 0,630089 0,000083
стареть 5,129899 0,000340
способствовать 2,490841 0,000330
can 3,743604 0,000248
മലയ 1,695912 0,000112
объявить 1,492313 0,000395
canva 5,129899 0,000340
player 3,183989 0,000422
ирландец 5,129899 0,001019
сократить 2,564949 0,000170
федерер 4,436752 0,002937
cbc 4,436752 0,000587
информация 0,608110 0,000121
уникальный 2,421849 0,000160
readi 4,436752 0,000294
пробиться 2,564949 0,000170
остросюжетный 3,743604 0,000248
match 4,031286 0,000801
ввести 1,695912 0,000898
ярослав 2,732003 0,000181
одежда 2,827314 0,000562
габриэла 4,436752 0,000294
квалификационный 2,085376 0,000966
проверить 1,368699 0,000091
источник 0,786093 0,000052
