париж 1,392229 0,000909
состояться 1,140915 0,000745
ямаль 2,421849 0,000527
день 0,699082 0,000304
найти 1,122566 0,000733
экспорт 0,986764 0,000215
удаваться 2,644992 0,000575
валька 4,031286 0,000877
санкция 2,421849 0,000527
выигрывать 1,728701 0,003385
расширить 2,239527 0,000487
န 2,134166 0,000464
ไทย 1,238078 0,000269
ဘ 2,134166 0,000464
совещание 4,436752 0,000965
မ 2,134166 0,000929
включение 2,564949 0,000558
tatarça 1,392229 0,000303
日本語 1,035554 0,000225
делиться 2,185460 0,000476
со 0,447767 0,000292
သ 2,134166 0,000464
пушкаша 4,031286 0,000877
الدارجة 2,357310 0,000513
густав 5,129899 0,002232
slovenščina 1,345709 0,000293
под 0,723179 0,000787
заявление 0,799165 0,000174
множество 1,951845 0,000425
проиграть 1,104547 0,001923
связаться 0,867219 0,000189
македония 2,732003 0,001189
обыграть 1,122566 0,000244
подробный 0,687247 0,000150
немного 2,038856 0,000887
содержание 0,955511 0,000416
отказаться 1,695912 0,000369
фото 0,799165 0,000174
eesti 1,069456 0,000233
связь 0,747872 0,000325
مصرى 1,546380 0,000336
графстрём 4,031286 0,000877
čeština 1,035554 0,000225
продолжаться 1,951845 0,000849
aragoné 1,762603 0,000384
руда 4,031286 0,000877
четвертьфинал 1,279751 0,000278
minangkabau 2,564949 0,000558
серебряный 1,368699 0,001191
замыкать 3,743604 0,000815
викисклад 1,035554 0,000225
родина 2,296685 0,000500
britannica 1,518981 0,000331
карл 2,732003 0,000594
пеле 4,031286 0,000877
полуфиналист 2,239527 0,000975
меридиан 4,436752 0,000965
победный 1,871802 0,000407
весь 1,633391 0,001066
майя 2,421849 0,000527
пройти 0,544931 0,000593
lëtzebuergesch 1,762603 0,000384
slovenčina 1,069456 0,000233
machin 1,633391 0,000355
wikipedia 0,986764 0,000429
теперь 0,971016 0,000634
сложность 1,951845 0,000425
gnd 1,392229 0,000303
болгария 2,185460 0,000951
шобийоном 5,129899 0,001116
юношеский 1,574551 0,001028
итальянский 1,633391 0,000355
оригинал 1,441019 0,000314
отредактировать 0,986764 0,000215
проект 0,457070 0,001094
андрейевич 5,129899 0,001116
h 2,490841 0,000542
добиваться 2,827314 0,001846
социальный 1,603538 0,000349
m 2,296685 0,000500
распределяться 2,932674 0,000638
the 1,546380 0,001009
p 1,951845 0,000849
праздновать 3,338139 0,000726
s 1,664163 0,000724
викиновости 1,238078 0,000269
республика 2,134166 0,000929
zlatá 5,129899 0,001116
проблема 1,122566 0,000244
главный 0,565551 0,000123
w 0,955511 0,000208
x 1,279751 0,000557
одержать 1,217876 0,000530
также 0,663991 0,000867
фр 2,421849 0,001054
голосование 2,732003 0,000594
роберт 2,185460 0,000476
звездочка 4,031286 0,000877
член 1,416327 0,000616
العربية 1,069456 0,000233
украина 1,217876 0,001060
барош 5,129899 0,001116
италия 0,524729 0,003996
футзал 2,085376 0,000907
сначала 1,664163 0,000362
территория 1,518981 0,000331
начать 1,279751 0,000557
библиографический 1,279751 0,000278
конгресс 2,185460 0,004280
правка 0,986764 0,000859
european 3,050457 0,001327
отбор 2,296685 0,002499
однако 1,069456 0,000698
удалить 1,951845 0,000425
себя 0,597299 0,000520
нистелрой 4,031286 0,000877
авеланж 4,031286 0,000877
система 0,799165 0,000696
афк 2,827314 0,000615
изменить 1,728701 0,001505
việt 1,140915 0,000248
отказ 0,839439 0,000183
собрание 2,932674 0,001914
отзыв 3,743604 0,000815
июнь 1,198073 0,002346
конфедерация 3,050457 0,002655
послематчевые 4,031286 0,000877
авторитетный 1,871802 0,000407
поддержка 1,546380 0,000673
один 0,342407 0,000820
иметь 1,069456 0,000233
бельгийский 3,183989 0,000693
председатель 2,038856 0,000444
совет 0,825834 0,000359
интертото 3,183989 0,000693
шебеш 5,129899 0,002232
нация 1,797694 0,001956
часть 1,104547 0,002644
вено 3,183989 0,001386
druhé 5,129899 0,001116
выход 1,178655 0,000256
последний 0,376309 0,000409
вручаться 2,564949 0,000558
столетие 2,490841 0,001084
формирование 2,827314 0,000615
посевочных 5,129899 0,001116
pdf 0,940244 0,000205
курт 4,031286 0,000877
ресурс 0,812411 0,000177
описание 0,881403 0,000192
процесс 1,664163 0,000362
июль 1,019025 0,001330
заменить 1,546380 0,000673
руффинен 4,031286 0,000877
недостаток 1,574551 0,000343
немалый 3,338139 0,000726
михайло 5,129899 0,001116
одновременно 1,762603 0,000767
bahasa 1,086847 0,000473
хранить 3,743604 0,000815
криштиану 2,932674 0,000638
ибрагим 3,050457 0,000664
артур 1,664163 0,000362
названый 2,490841 0,000542
иозеф 5,129899 0,001116
качество 1,323236 0,000288
через 0,971016 0,001268
подряд 1,258698 0,002191
lietuvių 1,140915 0,000248
словарь 1,198073 0,000261
становиться 1,159607 0,001009
отборочный 2,421849 0,006323
блаттер 4,031286 0,001754
ठ 1,574551 0,000343
официально 1,159607 0,000505
торрес 4,436752 0,000965
шестнадцать 3,743604 0,000815
этика 3,183989 0,000693
исса 4,031286 0,000877
разработчик 0,971016 0,000211
थ 2,932674 0,000638
द 1,546380 0,000336
ноябрь 0,955511 0,000208
न 1,518981 0,000661
команда 0,262364 0,004053
प 1,911023 0,000416
обсуждаться 4,031286 0,000877
worldcat 2,490841 0,000542
роуз 3,338139 0,000726
вклад 0,955511 0,000208
indonesia 1,086847 0,000236
म 2,932674 0,000638
учредительный 4,031286 0,000877
отелить 4,436752 0,000965
фанат 1,762603 0,000384
конференция 1,392229 0,000909
ल 1,911023 0,000832
текст 0,925206 0,000201
очко 1,416327 0,000308
являться 1,019025 0,000443
проводиться 1,086847 0,002365
получать 1,301257 0,001133
очки 0,940244 0,001637
секунда 1,633391 0,000355
esperanto 1,198073 0,000261
ह 1,546380 0,000336
длиться 2,296685 0,000500
временить 1,140915 0,000248
women 2,827314 0,000615
шварц 4,031286 0,002631
завоевывать 2,732003 0,001189
перейти 0,586604 0,000255
подготовка 1,178655 0,000513
сын 2,239527 0,000487
решать 2,564949 0,000558
грэм 4,436752 0,001931
кубковый 2,296685 0,001999
золото 1,140915 0,001241
селдрейерс 4,031286 0,000877
boarisch 2,357310 0,000513
українська 1,035554 0,000225
сокращенно 3,520461 0,000766
председательство 5,129899 0,001116
разыгрывать 2,421849 0,001054
группа 1,122566 0,007572
вычисляться 4,436752 0,000965
делоне 4,031286 0,009648
шик 4,436752 0,000965
ответственность 0,895792 0,000195
шотландия 2,357310 0,003077
гимн 1,994404 0,000434
противный 3,183989 0,000693
молодая 1,762603 0,001151
разница 1,728701 0,001505
françai 1,019025 0,000222
комиссия 2,239527 0,001462
сильнейший 1,546380 0,000336
начинаться 1,664163 0,000362
его 0,447767 0,000390
трактоваться 5,129899 0,001116
только 0,447767 0,000195
звание 1,994404 0,001302
php 0,986764 0,000215
средний 1,441019 0,002508
кигали 4,031286 0,000877
com 0,925206 0,000201
covid 2,564949 0,001116
удаленный 1,492313 0,000325
трики 2,732003 0,000594
турнир 0,293617 0,003450
маркус 3,183989 0,000693
допустить 1,546380 0,000336
кезер 4,031286 0,000877
ясный 3,520461 0,000766
несогласие 4,436752 0,000965
каттнер 4,031286 0,000877
причем 1,871802 0,000407
frysk 1,762603 0,000384
утвердить 1,871802 0,001222
конкакаф 3,338139 0,000726
west 2,827314 0,000615
заглавный 0,986764 0,000215
быстрый 1,664163 0,000362
хороший 0,393700 0,000942
гарри 3,050457 0,000664
тьерри 4,436752 0,000965
когда 0,652562 0,000284
ব 1,416327 0,000308
конфиденциальность 0,293617 0,000064
черногория 2,732003 0,000594
ল 1,416327 0,000308
жюль 3,520461 0,000766
svenska 1,035554 0,000225
общий 0,986764 0,000429
назад 1,140915 0,000248
чего 1,345709 0,000586
предыдущий 1,797694 0,000782
список 0,986764 0,001074
ссср 0,940244 0,004705
луи 3,520461 0,000766
коррупционный 3,743604 0,000815
опубликовать 1,762603 0,000384
идти 1,159607 0,000505
никто 1,574551 0,000685
заслуга 2,732003 0,000594
статус 1,279751 0,000557
минь 2,134166 0,000464
против 0,747872 0,000976
главное 0,524729 0,000114
так 0,597299 0,000390
lang 3,743604 0,000815
там 1,603538 0,000349
румыния 2,038856 0,002662
фифа 1,728701 0,012412
федерация 0,495170 0,000323
проголосовать 4,436752 0,000965
фернандо 2,239527 0,000487
голова 1,301257 0,001982
где 0,675551 0,000441
любительский 1,416327 0,000308
активный 1,546380 0,000336
наградить 3,183989 0,000693
попадание 2,038856 0,000444
гдр 2,038856 0,000444
вновь 1,574551 0,000343
англия 1,238078 0,004041
сменить 1,466337 0,000319
джердан 5,129899 0,001116
участвовать 0,955511 0,001247
расширяться 3,338139 0,000726
сообщить 0,447767 0,000097
примечание 1,002764 0,000655
исполком 2,932674 0,001276
европейский 1,122566 0,004152
быть 0,119263 0,001323
нынешний 2,085376 0,000454
определение 2,085376 0,001361
зало 1,797694 0,000391
финальный 1,492313 0,013962
исходить 3,520461 0,000766
исключение 1,695912 0,000738
есть 0,812411 0,000177
вылет 2,490841 0,001084
спорт 0,125952 0,000027
разработать 1,728701 0,000376
недим 5,129899 0,001116
просмотр 0,925206 0,000201
грузия 2,296685 0,000999
путешественник 4,436752 0,000965
championship 2,296685 0,000999
национальный 0,839439 0,001096
english 0,925206 0,000403
франция 0,675551 0,004116
попадать 2,296685 0,004497
обозначить 2,827314 0,000615
этот 0,350775 0,000611
четыре 0,910391 0,001387
suomi 1,052361 0,000229
определяться 1,797694 0,001173
швеция 1,035554 0,001803
qaraqalpaqsha 2,038856 0,000444
бронзовый 1,345709 0,000878
viaf 2,490841 0,001084
марко 3,183989 0,000693
джордж 1,994404 0,000868
creativ 0,986764 0,000215
ныне 2,357310 0,001539
основное 1,368699 0,000596
română 1,122566 0,000244
элемент 0,925206 0,000201
nkc 1,574551 0,000343
хаяту 4,031286 0,000877
использоваться 1,159607 0,000252
развязать 4,031286 0,000877
alemannisch 2,357310 0,000513
спортивный 0,301585 0,000066
игрок 0,711058 0,000619
женщина 0,663991 0,000867
выступление 0,955511 0,000208
portuguê 1,035554 0,000225
мужской 1,198073 0,001303
впервые 0,839439 0,001279
oʻzbekcha 1,140915 0,000248
открытие 1,695912 0,000738
раз 0,485508 0,002113
чемпионат 0,188256 0,004670
ўзбекча 1,140915 0,000248
аргументировать 4,436752 0,000965
latviešu 1,052361 0,000229
жозе 3,183989 0,002771
разбить 2,564949 0,001116
хиршман 4,031286 0,000877
фестиваль 2,564949 0,000558
испания 1,159607 0,007822
исход 2,185460 0,000476
вильям 3,520461 0,000766
выиграть 0,485508 0,000951
кейн 4,031286 0,000877
версия 0,393700 0,000428
зинедин 4,436752 0,000965
спустя 1,911023 0,000416
исправить 3,338139 0,000726
шесть 1,238078 0,000539
jawa 1,911023 0,000416
основать 1,466337 0,000319
зарегистрировать 0,711058 0,000155
израиль 2,085376 0,000454
ранг 2,732003 0,001189
тем 1,217876 0,000265
штаб 1,664163 0,000362
лукаку 5,129899 0,001116
اردو 1,574551 0,000343
цена 2,357310 0,000513
без 0,466460 0,000406
дома 1,695912 0,000738
джанни 3,743604 0,000815
между 0,955511 0,001663
знак 0,986764 0,000215
платини 4,436752 0,002896
четырежды 3,183989 0,002078
правый 0,971016 0,000423
увеличить 2,038856 0,000444
положить 2,185460 0,000476
представитель 1,238078 0,000539
руководство 1,301257 0,000566
представить 1,518981 0,000992
соответствие 1,002764 0,000218
работа 1,086847 0,000236
проигрывать 2,357310 0,000513
европа 0,393700 0,006082
обладатель 1,492313 0,000974
антуан 5,129899 0,001116
сеть 1,258698 0,000274
евро 1,466337 0,002233
критерий 2,490841 0,000542
посол 0,301585 0,000984
futbol 4,031286 0,000877
нередко 2,827314 0,000615
заседание 2,564949 0,000558
ಕನ 2,038856 0,000444
клуб 0,652562 0,000284
параметр 2,490841 0,000542
galego 1,178655 0,000256
ассоциация 1,416327 0,000924
автор 1,466337 0,000319
page 0,986764 0,000215
короткий 0,699082 0,000152
кроме 1,368699 0,000298
бороться 1,633391 0,000711
польза 1,834062 0,000399
пандемия 2,421849 0,001054
самур 4,031286 0,000877
подтвердить 1,762603 0,000384
поражение 1,122566 0,000488
служебный 0,955511 0,000208
кодекс 0,971016 0,000423
снять 1,871802 0,000407
положение 1,416327 0,000308
тип 1,345709 0,000293
ограничиваться 2,932674 0,000638
назначаться 2,421849 0,001054
устарелый 3,338139 0,000726
associ 0,986764 0,000215
fotbalu 5,129899 0,001116
дисциплинарный 3,338139 0,000726
свободный 0,867219 0,000189
забитый 2,239527 0,001949
выдвинуть 3,520461 0,001532
ничейный 3,050457 0,001327
применяться 1,217876 0,000530
марио 3,743604 0,000815
существовать 1,122566 0,000244
если 0,675551 0,001176
статья 0,495170 0,001401
своеобразный 4,031286 0,000877
хозяин 2,185460 0,006657
wikimedia 0,986764 0,000215
ференц 4,031286 0,000877
честь 1,911023 0,000832
play 1,441019 0,000627
милошевич 4,436752 0,000965
мировой 0,955511 0,000208
ответственный 2,827314 0,000615
групповой 1,603538 0,001396
распад 2,564949 0,001116
ελληνικά 1,086847 0,000236
футбо 3,520461 0,000766
получить 0,384967 0,000503
многие 1,178655 0,000256
очищать 2,421849 0,000527
язык 0,925206 0,000201
благожелательный 5,129899 0,001116
нидерланды 1,518981 0,007932
исключительно 2,357310 0,000513
tiktok 2,490841 0,000542
предпринять 3,183989 0,000693
орден 2,732003 0,000594
архивировать 1,104547 0,000240
гризманн 5,129899 0,001116
гол 1,323236 0,004319
руни 4,436752 0,000965
различный 1,441019 0,000627
квартира 2,732003 0,000594
связанный 0,786093 0,000171
фрг 2,564949 0,006697
милан 1,574551 0,000343
melayu 1,368699 0,000298
жоао 3,183989 0,000693
прочий 1,069456 0,000465
послематчевых 2,644992 0,000575
разный 1,368699 0,001191
wayback 1,633391 0,000355
будущее 1,664163 0,000362
italiano 1,035554 0,000225
год 0,099461 0,002445
защитить 1,633391 0,000355
увеличение 2,421849 0,000527
кельня 5,129899 0,001116
международный 0,466460 0,000203
հայերեն 1,198073 0,000261
комитет 1,368699 0,002382
фря 4,436752 0,000965
башҡортса 1,518981 0,000331
матч 0,293617 0,002428
сербия 2,134166 0,001393
автоголы 4,436752 0,000965
мая 0,986764 0,000215
euskara 1,122566 0,000244
барасси 5,129899 0,006697
делегация 3,050457 0,001991
поэтому 1,392229 0,000303
српскохрватски 1,416327 0,000308
крупный 1,198073 0,000261
рим 2,239527 0,000487
серебро 1,695912 0,001107
албания 2,932674 0,001914
семь 1,633391 0,000355
bokmål 1,069456 0,000233
награждаться 3,338139 0,002179
текущий 0,867219 0,000377
экспресс 1,416327 0,000308
результативность 2,827314 0,001230
страна 0,641262 0,003209
вместо 1,633391 0,000355
несуществующий 3,520461 0,002298
шаблон 1,441019 0,000941
инструмент 0,881403 0,000384
сразу 1,392229 0,000909
доклад 3,338139 0,000726
создать 0,773190 0,000336
такой 0,735450 0,000320
деть 0,619039 0,000135
вместе 1,178655 0,000256
константарас 5,129899 0,001116
полуфинал 1,238078 0,002155
asturianu 1,323236 0,000288
златана 4,031286 0,000877
дрюри 4,031286 0,000877
کوردی 1,762603 0,000384
регион 1,834062 0,000798
финалист 2,185460 0,003329
решение 0,839439 0,000731
лига 0,325878 0,000709
проходить 0,867219 0,001321
ознакомить 3,050457 0,000664
печать 0,955511 0,000416
генеральный 1,664163 0,002173
внеочередной 3,050457 0,000664
расширение 2,296685 0,001999
хельмут 4,031286 0,000877
íslenska 1,392229 0,000303
благодаря 1,441019 0,000627
посев 3,743604 0,002444
afrikaan 1,441019 0,000314
фонд 0,895792 0,000195
экономика 2,296685 0,000500
состав 0,867219 0,000943
заработать 2,564949 0,000558
обсуждение 0,867219 0,000566
вестись 2,185460 0,000476
тот 0,393700 0,000343
наиболее 1,466337 0,000319
указать 1,198073 0,000782
организация 0,663991 0,000289
titl 0,986764 0,000215
частить 1,664163 0,003983
соглашение 1,466337 0,000319
содержать 2,134166 0,000464
десять 1,797694 0,000391
премия 2,357310 0,001026
зидан 4,436752 0,000965
поздний 1,323236 0,000288
товарный 0,986764 0,000215
история 0,270086 0,001410
коронавирусной 4,436752 0,000965
хозяйка 3,183989 0,003464
chobillon 5,129899 0,001116
таблица 0,711058 0,000155
инфантино 3,520461 0,000766
длить 0,146292 0,000350
переигровка 3,183989 0,002078
дважды 1,574551 0,001370
байрами 5,129899 0,001116
испанец 2,932674 0,000638
клубный 1,416327 0,001233
норвегия 1,279751 0,000557
ழ 1,492313 0,000325
хорватия 2,296685 0,000999
цюрих 3,050457 0,001327
обновление 2,185460 0,000951
название 1,035554 0,001352
поиск 0,711058 0,000309
чемпион 0,334108 0,002254
ромелу 5,129899 0,001116
франц 3,338139 0,000726
oldid 0,986764 0,000215
участник 0,799165 0,001391
первое 0,393700 0,001114
как 0,232059 0,000303
отторино 5,129899 0,002232
низкий 1,345709 0,000293
условие 0,334108 0,000218
фонлантена 5,129899 0,001116
mundial 4,031286 0,000877
каф 3,050457 0,000664
встреча 1,368699 0,000596
фильм 2,185460 0,000476
malti 2,732003 0,000594
soccer 2,827314 0,000615
стадий 1,911023 0,000416
достижение 1,279751 0,000557
подготовить 3,050457 0,001327
занять 1,159607 0,002775
тарашкевіца 1,198073 0,000261
принять 0,786093 0,001368
немой 1,416327 0,000308
свисток 3,338139 0,000726
cymraeg 1,574551 0,000343
третье 1,035554 0,001352
авторство 0,986764 0,000215
высокий 0,760451 0,000165
стадия 4,436752 0,000965
второе 0,839439 0,001826
заранее 2,932674 0,000638
финал 0,699082 0,004107
català 1,086847 0,000236
клинсманн 5,129899 0,001116
dansk 1,069456 0,000233
новый 0,239550 0,000365
поведение 0,839439 0,000183
еще 0,167054 0,000218
копенгаген 3,520461 0,001532
происходить 1,466337 0,000319
выйти 0,773190 0,000673
заключаться 2,421849 0,000527
успех 1,518981 0,000331
فارسی 1,104547 0,000240
важный 0,986764 0,000215
беларуская 1,069456 0,000465
автоматически 2,644992 0,003453
чехословакия 2,038856 0,005767
гера 2,644992 0,001151
предложить 1,441019 0,000941
предположение 5,129899 0,001116
гасман 4,031286 0,000877
а 0,209918 0,000776
секретарь 3,338139 0,001453
нуну 4,031286 0,000877
в 0,017911 0,000853
викимедиа 0,986764 0,000215
е 0,867219 0,003019
и 0,023953 0,000506
формироваться 2,644992 0,000575
й 0,825834 0,000719
к 0,132686 0,000260
конмебол 3,743604 0,000815
azərbaycanca 1,258698 0,000274
о 0,042302 0,000083
робер 4,031286 0,000877
с 0,036149 0,000315
она 0,597299 0,001170
коэффициент 2,490841 0,001084
исследование 2,038856 0,001774
т 1,368699 0,000298
у 0,342407 0,000522
течение 1,238078 0,000269
определить 1,301257 0,000283
скачать 0,895792 0,000390
они 0,524729 0,000913
дополнительный 0,940244 0,001432
сыгранный 2,421849 0,001054
земля 2,490841 0,000542
оно 2,038856 0,000444
вариант 1,492313 0,000325
футбол 0,247097 0,001828
мулинхаус 4,031286 0,000877
мир 0,277868 0,001451
уэльс 2,827314 0,003076
by 0,971016 0,000211
португалия 1,994404 0,009981
русский 0,760451 0,000165
копия 1,416327 0,000308
этап 0,895792 0,001364
герен 4,031286 0,000877
cc 0,986764 0,000215
парижский 3,183989 0,000693
shqip 1,466337 0,000319
время 0,384967 0,001005
единственный 1,392229 0,002726
австрия 1,871802 0,001629
исландия 2,644992 0,001151
йохана 5,129899 0,001116
выходить 1,695912 0,001107
отменить 1,728701 0,000752
ранее 1,104547 0,000240
победитель 0,799165 0,002260
автоматический 2,932674 0,000638
раздеть 1,871802 0,000815
город 1,069456 0,000233
прежде 2,185460 0,000476
юбилей 2,564949 0,000558
носить 1,664163 0,000362
вручать 3,520461 0,000766
粵語 1,178655 0,000256
следовать 1,728701 0,000376
вица 2,134166 0,000929
восемь 1,695912 0,001476
тройка 2,421849 0,001054
викиданных 0,986764 0,000644
தம 1,492313 0,000325
региональный 1,871802 0,000815
гомеш 5,129899 0,001116
шанс 1,258698 0,000274
северный 1,492313 0,001299
fifa 3,050457 0,003319
иво 3,338139 0,000726
каталог 1,301257 0,000283
заключительный 2,357310 0,000513
выступить 1,238078 0,000269
michel 5,129899 0,001116
победить 0,699082 0,000152
пляжный 1,603538 0,000698
отсутствие 1,664163 0,000362
уменьшить 2,421849 0,000527
хотя 1,546380 0,000673
эббе 5,129899 0,003348
счет 0,799165 0,001043
межконтинентальный 3,050457 0,001991
алан 3,520461 0,000766
олимпийский 0,342407 0,000075
вход 2,085376 0,000454
читать 0,555188 0,000121
тяжелый 0,940244 0,000205
гомес 4,436752 0,000965
macho 5,129899 0,001116
краай 5,129899 0,003348
англ 1,159607 0,000505
краая 5,129899 0,001116
kniha 5,129899 0,001116
британский 2,239527 0,000487
чехия 1,258698 0,001917
видео 0,699082 0,000152
польша 1,762603 0,001918
выявить 2,732003 0,000594
пожертвовать 0,940244 0,000205
стэнли 2,185460 0,000476
лишь 1,159607 0,000505
раздельный 3,338139 0,000726
ссылка 0,699082 0,000913
момент 0,910391 0,000396
обсудить 3,743604 0,000815
помочь 1,238078 0,000269
srpskohrvatski 1,416327 0,000308
раунд 1,546380 0,001346
отобрать 2,732003 0,000594
中文 1,035554 0,000225
константин 2,185460 0,000476
инфекция 3,338139 0,000726
сторонник 3,520461 0,000766
патрик 3,050457 0,001327
тереть 0,786093 0,000342
ನಡ 2,038856 0,000444
основа 1,301257 0,000566
foundat 0,986764 0,000215
жребий 3,338139 0,002179
делать 1,392229 0,000303
швейцария 1,258698 0,001369
среди 0,597299 0,001560
vydání 5,129899 0,001116
латвия 1,664163 0,001086
девушка 1,797694 0,000782
линси 4,031286 0,000877
кидаться 5,129899 0,001116
гладкий 3,520461 0,000766
https 0,699082 0,000152
отдельный 0,955511 0,000208
результат 0,524729 0,000685
офк 3,338139 0,000726
скандал 1,279751 0,000278
мобильный 0,555188 0,000121
tiếng 1,140915 0,000248
татарча 1,392229 0,000303
עברית 1,052361 0,000229
бастен 5,129899 0,001116
index 0,986764 0,000215
дания 1,834062 0,004390
большой 0,687247 0,000150
мората 5,129899 0,001116
офф 1,019025 0,001330
должен 0,597299 0,000780
избранный 0,955511 0,000416
союзный 2,827314 0,000615
греция 1,994404 0,003905
ള 1,695912 0,000369
მარგალური 2,490841 0,000542
документ 2,038856 0,000444
мечта 2,185460 0,000476
забить 1,466337 0,000957
целесообразность 4,436752 0,000965
угроза 2,732003 0,000594
стать 0,217244 0,000709
возможно 1,664163 0,000362
обращение 0,910391 0,000198
vlam 2,827314 0,000615
провести 0,799165 0,000522
фейр 3,520461 0,000766
это 0,181139 0,000552
ламин 2,490841 0,000542
равный 1,466337 0,000638
вулфолл 4,031286 0,000877
фатма 4,031286 0,000877
код 0,971016 0,004225
дебютант 3,050457 0,005310
два 0,504926 0,002307
ko 3,183989 0,000693
бронза 1,728701 0,001505
url 0,986764 0,000215
сентябрь 1,035554 0,000225
тренер 0,555188 0,000242
доступный 0,955511 0,000208
награждать 4,031286 0,000877
сантиметр 0,955511 0,001040
войти 0,608110 0,000265
стартовый 1,728701 0,000376
юрген 3,183989 0,000693
или 0,576022 0,000627
финляндия 1,323236 0,000576
призер 1,178655 0,000769
лишать 3,338139 0,000726
ქართული 1,392229 0,000303
қазақша 1,178655 0,000256
альфред 4,031286 0,000877
возраст 1,871802 0,000407
стыковой 1,911023 0,000832
жером 4,031286 0,000877
политик 0,224624 0,000049
алфавит 1,159607 0,000252
югославия 2,134166 0,009287
клюйверт 5,129899 0,001116
bnf 1,834062 0,000399
учетный 0,986764 0,000215
мишель 3,743604 0,003258
много 0,735450 0,000320
хет 2,296685 0,000500
предполагать 3,183989 0,000693
представиться 0,986764 0,000215
бельгия 2,038856 0,007541
играть 0,895792 0,003119
ширер 5,129899 0,001116
затем 1,301257 0,000566
повторно 3,743604 0,000815
ван 2,296685 0,000999
gaeilg 1,951845 0,000425
результативный 2,490841 0,000542
побить 1,951845 0,000849
первый 0,317714 0,000484
одинаковый 2,134166 0,000929
मर 1,574551 0,000343
итог 0,867219 0,000377
февраль 0,202645 0,000132
ошибка 0,576022 0,000125
значение 1,258698 0,000822
best 3,183989 0,002078
вопрос 1,104547 0,000240
тогда 1,466337 0,000957
германий 0,723179 0,003304
словакия 1,664163 0,000724
игра 0,112619 0,000392
bali 2,827314 0,000615
путем 2,644992 0,000575
men 2,932674 0,000638
deutsch 1,052361 0,000229
марта 0,853233 0,000557
датский 1,368699 0,000596
имя 1,178655 0,000256
титул 1,301257 0,000849
ставить 2,296685 0,000500
бюллетень 5,129899 0,001116
больший 0,457070 0,000497
сообщаться 2,490841 0,000542
nederland 1,019025 0,000222
кто 0,747872 0,000163
секретарить 3,050457 0,002655
ماز 2,490841 0,000542
полуфинальный 2,564949 0,000558
rozšířené 5,129899 0,001116
событие 0,565551 0,000123
использование 0,277868 0,000181
неделя 1,217876 0,000265
август 1,035554 0,000451
самый 0,608110 0,001191
гарсии 3,743604 0,000815
материал 0,309617 0,000067
соревнование 0,411400 0,000985
конкурс 2,357310 0,000513
ph 1,762603 0,000384
выбирать 2,239527 0,000487
выезд 2,296685 0,001499
кук 0,971016 0,000211
лицензия 0,971016 0,000211
ничей 1,951845 0,001699
архивный 1,518981 0,000331
молодежный 1,159607 0,000505
instagram 1,911023 0,000416
кодовый 4,031286 0,000877
føroyskt 2,085376 0,000454
представлять 1,217876 0,000265
разработка 2,357310 0,000513
практик 2,239527 0,000487
навигация 0,986764 0,000644
страница 0,910391 0,001387
мочь 0,350775 0,000382
месяц 1,492313 0,000649
борьба 0,723179 0,000157
запись 0,910391 0,000198
qr 0,986764 0,000215
сборная 0,342407 0,004396
лиссабон 3,743604 0,000815
limburg 2,134166 0,000464
квалификация 1,695912 0,003321
спорить 3,338139 0,005084
правило 0,986764 0,000215
женский 0,663991 0,000578
сохранение 0,971016 0,000211
吴语 1,238078 0,000269
агустина 4,436752 0,000965
азербайджан 2,357310 0,001539
удаться 1,994404 0,000434
бы 1,052361 0,000229
шрикер 4,031286 0,000877
hrvatski 1,052361 0,000229
уефа 1,466337 0,008614
дать 0,608110 0,000265
персональный 0,723179 0,000157
действовать 0,825834 0,000359
ru 0,285712 0,000124
организовать 1,466337 0,000319
аудио 1,951845 0,000425
ювелир 3,743604 0,000815
смочь 1,069456 0,000465
век 1,258698 0,000274
кубок 0,376309 0,001965
во 0,495170 0,000431
интерактивный 3,743604 0,000815
sa 0,986764 0,000215
occitan 1,466337 0,000319
дата 0,799165 0,000174
того 0,955511 0,000208
вы 0,309617 0,000135
финалиссима 4,436752 0,001931
проводить 0,910391 0,000594
китайский 1,069456 0,000233
stat 4,031286 0,000877
español 1,019025 0,000222
отложить 3,183989 0,000693
россия 0,139466 0,000212
личной 1,664163 0,000362
го 1,279751 0,000278
рекорд 0,955511 0,000624
bosanski 1,345709 0,000293
свой 0,586604 0,000638
энциклопедия 0,986764 0,000429
свое 0,457070 0,000199
български 1,086847 0,000236
встретиться 1,728701 0,000376
чтобы 0,773190 0,000168
прошедший 1,951845 0,001274
плей 1,002764 0,001527
журнал 1,871802 0,000407
проведение 1,104547 0,003605
казахстан 1,217876 0,000265
перед 0,839439 0,000548
необходимость 2,185460 0,000476
сайт 0,411400 0,000269
до 0,239550 0,001459
выступать 0,940244 0,000818
soomaaliga 3,050457 0,000664
базель 3,338139 0,000726
другой 0,188256 0,000205
сюда 0,986764 0,000215
прийти 2,038856 0,000444
йозеф 3,338139 0,001453
лидировать 2,085376 0,000454
единожды 4,436752 0,000965
цитировать 0,925206 0,000201
ее 0,723179 0,000157
пьер 1,951845 0,000849
регулярно 1,871802 0,000407
norsk 1,052361 0,000229
урна 5,129899 0,001116
число 0,955511 0,000832
трижды 2,827314 0,002461
причина 1,368699 0,000298
производиться 2,239527 0,000487
вид 0,393700 0,000086
же 0,853233 0,000371
рыльск 5,129899 0,001116
euro 3,520461 0,001532
лешек 5,129899 0,001116
зепп 4,031286 0,000877
попасть 1,140915 0,001489
polski 1,035554 0,000225
обновить 2,085376 0,000454
упразднить 2,490841 0,002710
что 0,195425 0,000298
common 0,986764 0,000215
лезги 3,183989 0,000693
править 0,544931 0,005098
за 0,125952 0,000932
домашние 2,038856 0,001331
разбиваться 4,436752 0,000965
домашний 1,695912 0,000369
рейтинг 0,524729 0,000685
медаль 0,619039 0,002020
basa 2,732003 0,000594
доп 3,050457 0,002655
org 0,986764 0,000215
показатель 1,728701 0,000376
сыграть 0,839439 0,000548
некоммерческий 0,986764 0,000215
советский 1,140915 0,000248
доходить 3,183989 0,000693
венгрия 2,134166 0,003250
великобритания 1,664163 0,000724
принцип 1,695912 0,001845
позиция 1,392229 0,000303
любой 1,238078 0,000269
пенальти 2,038856 0,003105
оригинальный 2,827314 0,002461
из 0,106018 0,000392
временной 2,732003 0,000594
xx 1,546380 0,000673
жеребьевка 2,296685 0,003498
мяч 0,735450 0,001280
роналду 1,911023 0,000416
случайный 0,986764 0,000215
указание 0,986764 0,000215
скрытый 1,052361 0,000229
fair 3,338139 0,001453
их 0,799165 0,000348
уэйн 4,031286 0,000877
суперкубок 2,296685 0,000999
српски 1,035554 0,000225
подозревать 4,031286 0,001754
план 1,664163 0,000362
оказаться 1,441019 0,000314
дискуссия 2,421849 0,001054
предложение 2,239527 0,000487
президентский 3,338139 0,000726
изображение 2,239527 0,001462
словения 2,357310 0,001026
дэниел 3,743604 0,000815
серия 0,586604 0,000511
стокгольм 2,644992 0,000575
верный 3,183989 0,000693
анри 3,520461 0,006128
первенство 1,301257 0,000849
маттиас 4,031286 0,000877
ежедневно 2,357310 0,000513
srpski 1,035554 0,000225
кг 2,185460 0,000476
октябрь 1,019025 0,000443
кэш 2,296685 0,000500
соперник 0,853233 0,000186
завоевать 1,035554 0,000225
континентальный 1,871802 0,000407
ирландия 2,185460 0,004280
исполнительный 3,050457 0,002655
решить 1,392229 0,000606
левандовский 4,031286 0,000877
который 0,325878 0,001205
идея 1,871802 0,002444
постоянный 0,881403 0,000192
убрать 2,239527 0,000487
футбольный 1,345709 0,003221
турция 1,664163 0,002173
награда 1,279751 0,001392
переломный 3,520461 0,000766
رونی 2,490841 0,000542
следующий 0,853233 0,001485
türkçe 1,052361 0,000229
королевский 3,050457 0,000664
родной 2,732003 0,000594
победа 0,420369 0,000640
пухоль 5,129899 0,001116
привести 1,466337 0,000319
форест 3,520461 0,000766
выбрать 1,323236 0,000864
саво 4,436752 0,000965
facebook 1,994404 0,000434
лу 3,183989 0,000693
побеждать 1,951845 0,000425
президент 1,035554 0,001352
случай 0,867219 0,001132
рудольф 3,520461 0,000766
альваро 3,520461 0,000766
первоначально 1,951845 0,000425
юлиуш 5,129899 0,001116
한국어 1,035554 0,000225
союз 1,301257 0,001699
создание 1,633391 0,002132
несколько 0,971016 0,000423
uefa 2,732003 0,002378
выездной 2,490841 0,001084
место 0,402511 0,003240
начало 0,760451 0,000496
посредство 3,520461 0,000766
закончить 1,994404 0,000868
снг 2,490841 0,002168
титуловать 2,134166 0,000929
мы 0,195425 0,000043
болельщик 1,086847 0,000236
участие 0,457070 0,001193
на 0,023953 0,000318
беккенбауэр 4,436752 0,000965
попытка 1,664163 0,000362
достигнуть 1,728701 0,000376
урс 4,031286 0,000877
свежий 0,839439 0,000183
simpl 1,140915 0,000248
не 0,099461 0,000498
каждый 0,812411 0,001768
золотой 1,002764 0,001527
онлайн 0,773190 0,000168
шакири 5,129899 0,001116
но 0,402511 0,001051
ລາວ 2,932674 0,000638
раздел 1,574551 0,000343
коррупция 3,338139 0,000726
footbal 2,239527 0,000975
апрель 0,986764 0,000429
внешний 1,104547 0,000240
отклонение 3,050457 0,000664
категория 0,881403 0,000384
начинать 1,140915 0,000993
талисман 3,743604 0,000815
количество 0,853233 0,002413
magyar 1,086847 0,000236
об 0,217244 0,000047
составить 1,546380 0,000336
формат 1,871802 0,003258
справка 0,986764 0,000215
называться 1,603538 0,000349
обязать 2,038856 0,000444
он 0,475938 0,000518
умереть 2,038856 0,000444
завершение 1,695912 0,000738
мужчина 0,812411 0,000177
от 0,160085 0,000104
форум 0,867219 0,000189
статистика 0,630089 0,000685
официальный 0,735450 0,000320
трофей 1,871802 0,001222
перенос 3,183989 0,000693
award 3,183989 0,000693
zazaki 2,239527 0,000487
все 0,067304 0,000234
принимать 0,955511 0,002079
википедия 0,986764 0,002362
മലയ 1,695912 0,000369
сведение 0,786093 0,000171
объявить 1,492313 0,000649
монетка 5,129899 0,001116
возможность 1,279751 0,000278
завершиться 1,728701 0,000376
по 0,073653 0,000994
player 3,183989 0,001386
монгол 1,518981 0,000331
inc 0,986764 0,000215
плохой 1,994404 0,000434
достоинство 3,520461 0,001532
занимать 1,664163 0,000724
информация 0,608110 0,000529
квалифицироваться 3,338139 0,001453
круг 1,392229 0,000303
пы 5,129899 0,001116
ввести 1,695912 0,001476
квалификационный 2,085376 0,005445
наличие 2,357310 0,001026
сообщество 0,910391 0,000198
произойти 1,178655 0,000256
википедии 0,986764 0,000429
проверить 1,368699 0,000298
термин 1,345709 0,000293
переть 0,359214 0,000234
источник 0,786093 0,000513
бомбардир 1,871802 0,000815
