褎懈薪邪谢 0,699082 0,004637
褋谢褍褏 2,490841 0,004131
褉褍 1,994404 0,003307
谢械薪褌邪 1,518981 0,010076
薪芯胁褘泄 0,239550 0,001986
褉锌谢 1,140915 0,003784
薪邪泄褌懈 1,122566 0,003723
械褖械 0,167054 0,000277
褋锌芯褉褌 0,125952 0,006684
屑芯褔褜 0,350775 0,000582
谢懈褌胁邪 2,239527 0,003714
斜械谢芯褉褍褋泻邪 4,031286 0,006685
邪锌谢 1,871802 0,003104
写芯斜褉芯 3,338139 0,016608
褋芯 0,447767 0,001485
锌褍褌械褕械褋褌胁懈械 2,827314 0,004689
薪邪褋褉褍 5,129899 0,008507
褋斜芯褉薪邪褟 0,342407 0,002271
胁褉邪褌邪褉褜 1,323236 0,004389
锌褉懈蟹薪邪薪薪褘泄 2,038856 0,003381
蟹邪褟胁谢械薪懈械 0,799165 0,001325
褕胁械褑懈褟 1,035554 0,001717
锌褉械写谢芯卸懈褌褜 1,441019 0,002390
锌芯谢 0,910391 0,001510
褌邪泄屑 1,633391 0,002709
谐谢邪胁邪 1,122566 0,001862
胁 0,017911 0,000475
褍泻褉邪懈薪械褑 2,827314 0,004689
薪邪褋褉械 5,129899 0,008507
谐胁邪褉写懈芯谢邪 5,129899 0,008507
谢械写褟薪芯泄 3,338139 0,005536
褉械泻谢邪屑邪 0,687247 0,002279
懈 0,023953 0,000238
懈薪褌械褉 1,633391 0,002709
泄 0,825834 0,008217
懈蟹胁械褋褌薪褘泄 0,986764 0,003273
屑 0,534779 0,005321
芯 0,042302 0,000631
褍械褎邪 1,466337 0,002432
懈薪芯褋褌褉邪薪薪褘泄 2,185460 0,003624
泻褏谢 0,760451 0,002522
懈褋褋谢械写芯胁邪薪懈械 2,038856 0,003381
褋 0,036149 0,000300
芯褉褍卸懈械 2,421849 0,004016
芯薪邪 0,597299 0,000991
ru 0,285712 0,001421
褍 0,342407 0,001704
邪褉褕邪胁懈薪 4,031286 0,006685
褎懈褌薪械褋 1,546380 0,002564
褟写械褉薪褘泄 3,743604 0,006208
ctrl 3,520461 0,005838
胁泻 3,520461 0,005838
懈褋锌芯谢褜蟹芯胁邪褌褜褋褟 1,159607 0,001923
邪胁褌芯 0,925206 0,001534
褋械蟹芯薪 0,723179 0,001199
泻邪褉锌懈薪褍 4,436752 0,007358
蟹邪褉锌谢邪褌邪 1,871802 0,003104
懈谐褉芯泻 0,711058 0,001179
褎褍褌斜芯谢 0,247097 0,000410
褑械薪薪芯褋褌褜 2,932674 0,004863
懈蟹胁械褋褌薪芯 1,871802 0,003104
屑懈褉 0,277868 0,001382
胁械褉薪褍褌褜褋褟 0,986764 0,001636
胁锌械褉胁褘械 0,839439 0,001392
蟹邪锌邪写 2,085376 0,003458
褋褌褉褍泻褌褍褉邪 1,574551 0,002611
褔械屑锌懈芯薪邪褌 0,188256 0,000624
胁褘 0,309617 0,001027
term 3,338139 0,005536
屑械褋褋懈 2,239527 0,003714
褌械锌械褉褜 0,971016 0,001610
褉褍褋褋泻懈泄 0,760451 0,001261
褉芯褋褋懈泄褋泻懈泄 0,224624 0,001118
写械谢芯 1,664163 0,002760
锌邪褋锌芯褉褌 3,050457 0,005059
泻懈褌邪泄褋泻懈泄 1,069456 0,001774
芯斜懈褌邪薪懈械 3,743604 0,006208
褌褉邪泻褌芯褉 1,994404 0,003307
写褉邪泻邪 2,134166 0,003539
褍械褏邪褌褜 2,732003 0,004531
褉芯褋褋懈褟 0,139466 0,002082
懈薪褌械褉薪械褌 1,574551 0,002611
褍斜褘褌芯泻 3,338139 0,005536
邪褌谢械褌懈泻芯 1,911023 0,003169
芯芯芯 1,871802 0,006208
芯褌屑械薪懈褌褜 1,728701 0,002867
谐芯褌芯胁懈褌褜 2,421849 0,004016
械胁褉芯锌械械褑 2,932674 0,004863
懈蟹褉邪懈谢褜 2,085376 0,003458
褌褉械斜芯胁邪薪懈械 1,797694 0,002981
薪邪蟹胁邪褌褜 0,940244 0,001559
锌芯芯斜械褖邪褌褜 3,520461 0,011676
锌芯褟胁懈褌褜褋褟 1,159607 0,001923
褍泻褉邪懈薪邪 1,217876 0,002020
褔邪谢 4,031286 0,006685
锌褋卸 1,518981 0,005038
锌芯写褉芯斜薪芯褋褌褜 2,239527 0,003714
褋邪泄褌 0,411400 0,001365
褔邪褋 1,728701 0,002867
谐邪谢械褉械褟 2,732003 0,004531
斜芯泄泻芯褌 2,827314 0,009377
胁懈写褘谢械褌薪懈械 3,743604 0,006208
薪邪褔邪褌褜褋褟 1,518981 0,002519
legal 3,743604 0,006208
懈蟹屑械薪械薪懈械 1,345709 0,002232
薪邪褔邪褌褜 1,279751 0,002122
褌邪泻械褉邪 3,520461 0,005838
褍薪懈褔褌芯卸械薪懈械 3,743604 0,006208
褋懈谢芯胁芯泄 2,296685 0,003809
泻邪褉邪斜邪褏 2,038856 0,003381
械胁褉芯锌邪 0,393700 0,000653
锌芯泻邪蟹邪褌褜 0,504926 0,000837
褞谢邪械胁 2,185460 0,003624
erid 2,239527 0,003714
锌芯褋芯谢 0,301585 0,001000
褋械斜褟 0,597299 0,002972
屑邪薪褔械褋褌械褉 2,085376 0,006917
芯谢懈屑锌懈泄褋泻懈泄 0,342407 0,002271
锌械褉懈芯写 1,035554 0,001717
芯褎芯褉屑懈褌褜 2,134166 0,003539
泻谢褍斜 0,652562 0,005411
vk 1,441019 0,004780
褋邪褍写芯胁褋泻懈泄 1,834062 0,003042
蟹薪邪褌褜 1,345709 0,002232
褉邪蟹屑械褖械薪懈械 2,296685 0,003809
芯褌泻邪蟹 0,839439 0,001392
写褉械胁薪懈泄 2,421849 0,004016
褉械锌邪褉邪褑懈褟 4,436752 0,007358
泻褍锌懈褌褜 1,994404 0,006615
写薪芯 2,827314 0,004689
锌芯锌邪褋褌褜 1,140915 0,001892
褉械写邪泻褑懈褟褉械泻谢邪屑邪泻芯薪褌邪泻褌褘锌褉械褋褋 3,743604 0,006208
锌芯褉邪卸械薪懈械 1,122566 0,001862
锌芯写薪褟褌褜 2,185460 0,003624
胁懈写械芯 0,699082 0,003478
褔械褏懈褟 1,258698 0,002087
薪邪褋褉邪 4,436752 0,007358
锌芯谢褜褕邪 1,762603 0,002923
褉械谢懈蟹褘褌械褏锌芯写写械褉卸泻邪褋锌械褑锌褉芯械泻褌褘胁邪泻邪薪褋懈懈rss锌褉邪胁芯胁邪褟 3,743604 0,006208
褔褌芯 0,195425 0,000324
泻褉邪褋薪芯写邪褉 0,867219 0,002876
褔屑 1,492313 0,002475
褎褍褌斜芯谢懈褋褌 1,518981 0,015114
写芯谢懈薪邪 3,338139 0,005536
蟹邪 0,125952 0,001253
薪邪褑懈褟 1,797694 0,002981
泻芯谢芯薪懈蟹邪褑懈褟 5,129899 0,008507
泻邪薪邪写邪 0,867219 0,001438
live 1,492313 0,004950
谢芯泻芯屑芯褌懈胁 0,839439 0,001392
褌芯褌褌械薪褏褝屑 3,050457 0,005059
写械褉蟹泻懈泄 3,338139 0,005536
薪邪卸邪褌褜 3,338139 0,005536
褞薪邪泄褌械写 2,185460 0,007249
锌芯褋谢械写薪懈泄 0,376309 0,000624
蟹邪胁械褉褕懈褌褜 1,052361 0,013962
斜褉邪褌褜 2,239527 0,003714
褋褌芯褉芯薪邪 1,069456 0,001774
泻邪褉锌邪褌褘 3,338139 0,005536
泻褍谢褜褌褍褉邪 1,392229 0,002309
xa 3,743604 0,006208
蟹邪谐褉褍蟹泻邪 3,338139 0,005536
邪褉褏懈胁 1,198073 0,001987
斜褉懈褌邪薪懈褟 4,436752 0,007358
胁懈写褘褏芯泻泻械泄邪胁褌芯褋锌芯褉褌蟹芯卸 3,743604 0,006208
褋褌邪褌褜褟 0,495170 0,000821
褍写邪谢械薪懈械 2,038856 0,003381
懈薪褎械泻褑懈褟 3,338139 0,005536
褋褕邪 0,586604 0,002918
蟹邪褏芯褌械褌褜 3,050457 0,005059
卸邪谢芯斜邪 2,644992 0,004386
锌械褖械褉邪 3,520461 0,005838
懈蟹 0,106018 0,000703
褋褌褉邪薪薪褘泄 2,490841 0,004131
褌械褏薪懈泻 1,695912 0,002812
褋褉械写邪 1,871802 0,003104
锌芯写褋褔懈褌邪褌褜 4,031286 0,006685
卸械褉械斜褜械胁泻邪 2,296685 0,003809
锌褉械泻褉邪褌懈褌褜 2,296685 0,003809
褉芯薪邪谢写褍 1,911023 0,015846
芯褌胁械褌懈褌褜 1,664163 0,005520
褕胁械泄褑邪褉懈褟 1,258698 0,002087
褍泄褌懈 1,392229 0,002309
蟹邪斜邪褋褌芯胁泻邪 4,436752 0,007358
锌芯谢褍褔懈褌褜 0,384967 0,001277
褝泻褋泻谢褞蟹懈胁褘 2,732003 0,004531
褍胁芯谢懈褌褜 2,421849 0,004016
褟蟹褘泻 0,925206 0,001534
屑芯薪邪泻芯 1,994404 0,003307
锌芯写褉褟写 1,258698 0,002087
褌褉邪薪褋褎械褉 1,492313 0,004950
褋锌邪褉褌邪泻 0,711058 0,001179
芯斜褗褟褋薪懈褌褜 1,633391 0,002709
enter 3,338139 0,005536
褎邪泻褌芯褉 2,421849 0,004016
褋写械谢邪褌褜 0,853233 0,001415
锌褉懈蟹褘胁 3,520461 0,005838
泻芯屑邪薪写邪 0,262364 0,000435
褌械褏薪懈褔械褋泻懈泄 1,416327 0,002349
写械邪泻褌懈胁懈褉芯胁邪褌褜 3,743604 0,006208
蟹械谢械薪褋泻芯屑褍 3,743604 0,006208
斜邪泄械褉 1,994404 0,003307
褑褋泻邪 0,711058 0,003538
锌械褉械谐芯胁芯褉褘 2,239527 0,003714
屑械褔褌邪 2,185460 0,003624
械写懈薪褘泄 1,104547 0,001832
褝褋褌芯薪懈褟 2,296685 0,011426
褏芯褌械褌褜 1,104547 0,001832
锌械褉械泄褌懈 0,586604 0,000973
邪褉屑懈褟 2,296685 0,003809
蟹邪斜芯褌邪 3,338139 0,005536
屑邪褌褔 0,293617 0,009739
褉械蟹泻懈泄 2,085376 0,003458
锌芯卸邪谢芯胁邪褌褜 3,183989 0,005280
写械褌邪谢褜 2,644992 0,004386
褋褌邪褌褜 0,217244 0,000721
屑屑邪蟹懈屑薪懈械 3,743604 0,006208
褌褉邪屑锌 3,338139 0,005536
屑懈谐褉邪薪褌 5,129899 0,008507
薪褜褞泻邪褋谢 2,085376 0,003458
邪褎褉懈泻邪薪褋泻懈泄 2,644992 0,004386
芯谢懈屑锌懈邪泻芯褋 2,085376 0,003458
褎褍褌斜芯谢褜薪褘泄 1,345709 0,002232
蟹邪写械褉卸邪褌褜 2,644992 0,004386
写懈薪邪屑芯 0,663991 0,001101
ranyndt 3,743604 0,006208
锌褉芯胁械褋褌懈 0,799165 0,001325
褋锌械褑锌褉芯械泻褌 1,994404 0,003307
屑邪褋褋芯胁褘泄 1,466337 0,002432
褝褌芯 0,181139 0,000601
褋芯胁谢邪写械谢械褑 4,031286 0,006685
lenta 2,239527 0,003714
褉邪褋褋泻邪蟹邪褌褜 1,122566 0,005585
褉邪蟹薪懈褑邪 1,728701 0,002867
卸械薪邪 1,728701 0,002867
薪芯胁芯褋褌褜 0,285712 0,002369
锌褉芯锌褍褋褌懈褌褜 1,122566 0,003723
褋屑懈 1,546380 0,002564
械谐芯 0,447767 0,000743
褌褉械薪械褉 0,555188 0,001841
锌芯泻芯谢械薪懈械 2,827314 0,004689
邪屑械褉懈泻邪 1,279751 0,002122
褋懈褌懈 1,546380 0,002564
卸懈蟹薪褜 0,881403 0,002923
褌芯谢褜泻芯 0,447767 0,000743
褕械胁褔械薪泻芯 3,338139 0,005536
谐芯谢芯胁懈薪 1,695912 0,002812
锌芯卸邪谢芯胁邪褌褜褋褟 2,732003 0,004531
卸邪褌褜 3,743604 0,006208
胁芯泄褌懈 0,608110 0,002017
谐谢懈屑褌 2,038856 0,003381
屑薪 2,490841 0,004131
vkvideo 3,743604 0,012417
褎懈薪谢褟薪写懈褟 1,323236 0,002194
谢懈谐邪 0,325878 0,003783
cooki 2,564949 0,004254
褌褍褉薪懈褉 0,293617 0,000487
褎芯薪斜械褌 1,466337 0,004863
胁芯蟹褉邪褋褌 1,871802 0,003104
褋褌褘泻芯胁芯泄 1,911023 0,012677
锌邪屑褟褌褜 2,185460 0,003624
写芯锌褍褋褌懈褌褜 1,546380 0,002564
谢械褌薪懈泄 0,619039 0,001027
褋邪褎芯薪芯胁 2,185460 0,003624
邪褉邪胁懈褟 1,834062 0,003042
谢褜胁芯胁褋泻懈泄 4,436752 0,007358
褝泻芯薪芯屑懈泻邪 2,296685 0,003809
薪邪 0,023953 0,000318
薪械懈蟹谢械褔懈屑褘泄 3,743604 0,006208
芯褌褋褌褉邪薪懈褌褜 2,296685 0,003809
芯锌械褔邪褌泻邪 2,564949 0,004254
懈褋锌芯谢褜蟹芯胁邪褌褜 0,940244 0,001559
褌芯胁邪褉懈褖械褋泻懈泄 1,994404 0,003307
褋芯谐谢邪褕械薪懈械 1,466337 0,002432
褏芯褉芯褕懈泄 0,393700 0,001306
斜褉褞谐谐械 1,951845 0,003237
谢邪胁褉 2,932674 0,004863
薪械芯褔械胁懈写薪褘泄 3,338139 0,005536
泻邪褉谢褋芯薪邪 3,520461 0,005838
锌褉芯泻芯屑屑械薪褌懈褉芯胁邪褌褜 2,085376 0,003458
懈褋褌芯褉懈褟 0,270086 0,000896
懈谐褉邪褌褜 0,895792 0,002971
芯褌褉械邪谐懈褉芯胁邪褌褜 2,085376 0,003458
芯斜褘褔薪褘泄 2,038856 0,003381
薪芯褉胁械卸褋泻懈泄 1,345709 0,002232
胁谢邪褋褌褜 2,421849 0,004016
邪谢褜 2,644992 0,013159
褉褍褋褋泻邪褟 1,797694 0,002981
薪芯褉胁械谐懈褟 1,279751 0,002122
芯斜 0,217244 0,000360
锌褉芯写芯谢卸邪褌褜 1,258698 0,002087
褉械邪谢褜薪褘泄 1,871802 0,003104
芯薪 0,475938 0,000789
褋褋褋褉 0,940244 0,001559
卸械谢邪薪懈械 2,490841 0,004131
褔械屑锌懈芯薪 0,334108 0,002770
芯褌 0,160085 0,000796
懈褌芯谐 0,867219 0,001438
褎械胁褉邪谢褜 0,202645 0,010082
斜褍写械 2,038856 0,003381
褋谢芯胁邪泻懈褟 1,664163 0,002760
谐械褉屑邪薪懈泄 0,723179 0,001199
胁褋械芯谢懈屑锌懈邪写邪褋褌邪胁泻懈褎褍褌斜芯谢斜芯泻褋 3,743604 0,006208
懈谐褉邪 0,112619 0,001121
泻邪锌懈褌邪薪 1,574551 0,005222
胁械褉薪褍褌褜 1,695912 0,002812
褉邪褋泻褉褘褌褘泄 2,932674 0,004863
屑懈薪褜 2,134166 0,003539
胁褋械 0,067304 0,000223
锌褉懈薪懈屑邪褌褜 0,955511 0,001585
褍褋谢芯胁懈械 0,334108 0,000554
芯斜褗褟胁懈褌褜 1,492313 0,004950
卸械薪械胁邪 3,050457 0,005059
谐谢邪胁薪芯械 0,524729 0,001740
ok 3,743604 0,006208
锌芯 0,073653 0,000122
褎懈褎邪 1,728701 0,002867
锌谢芯褏芯泄 1,994404 0,003307
褋邪谢邪胁邪褌 2,085376 0,003458
褎褍褌斜芯谢懈褋褌泻邪 3,743604 0,006208
谐写械 0,675551 0,001120
懈薪褌械褉胁褜褞 0,971016 0,001610
胁褘褋泻邪蟹邪褌褜褋褟 1,695912 0,002812
屑褍写褉懈泻邪 5,129899 0,008507
斜芯褟蟹薪褜 4,436752 0,007358
褉邪褋泻褉褘褌褜 1,871802 0,003104
胁懈写械褌褜 1,994404 0,003307
褍谢褍褔褕械薪懈械 2,827314 0,004689
懈薪褎芯褉屑邪褑懈褟屑懈薪懈 3,743604 0,006208
屑邪褌械褉懈邪谢 0,309617 0,000513
薪邪褍泻邪 2,732003 0,004531
斜褘褌褜 0,119263 0,000593
胁褌芯褉芯泄 0,576022 0,001911
