париж 1,392229 0,006938
состояться 1,140915 0,000948
scot 1,695912 0,001409
català 1,086847 0,000903
latina 1,603538 0,001332
dansk 1,069456 0,000888
новый 0,239550 0,000398
поведение 0,839439 0,000697
экспорт 0,986764 0,000820
като 5,129899 0,004261
ввод 3,743604 0,003109
медальный 1,797694 0,007466
еще 0,167054 0,000139
теннис 0,475938 0,000791
န 2,134166 0,001773
xxiv 3,338139 0,002773
vii 3,183989 0,002645
xxix 3,743604 0,003109
xxii 3,338139 0,002773
ไทย 1,238078 0,001028
ဘ 2,134166 0,001773
မ 2,134166 0,003545
финский 1,518981 0,001262
日本語 1,035554 0,000860
သ 2,134166 0,001773
فارسی 1,104547 0,000917
менее 1,258698 0,001045
берлин 2,644992 0,006591
slovenščina 1,345709 0,001118
под 0,723179 0,000601
парусный 1,574551 0,001308
беларуская 1,069456 0,001777
заявление 0,799165 0,000664
связаться 0,867219 0,000720
декабрь 0,853233 0,000709
mìng 2,827314 0,002348
а 0,209918 0,000349
в 0,017911 0,000402
викимедиа 0,986764 0,000820
д 0,895792 0,002232
подробный 0,687247 0,000571
содержание 0,955511 0,001587
eesti 1,069456 0,000888
бойкотировать 3,183989 0,002645
и 0,023953 0,000298
связь 0,747872 0,001242
مصرى 1,546380 0,001284
к 0,132686 0,000331
велоспорт 1,178655 0,000979
čeština 1,035554 0,000860
azərbaycanca 1,258698 0,001045
о 0,042302 0,000105
санкт 1,279751 0,002126
с 0,036149 0,000240
луиса 2,239527 0,003720
кэтикэти 5,129899 0,004261
китай 1,695912 0,001409
викисклад 1,035554 0,000860
скачать 0,895792 0,001488
дополнительный 0,940244 0,000781
карл 2,732003 0,002269
каноэ 1,633391 0,004070
футбол 0,247097 0,000205
атлетика 0,955511 0,004762
пройти 0,544931 0,000453
by 0,971016 0,000806
регби 0,955511 0,000794
slovenčina 1,069456 0,000888
wikipedia 0,986764 0,001639
русский 0,760451 0,000632
окончательно 2,564949 0,002130
cc 0,986764 0,000820
a 1,392229 0,001156
b 2,564949 0,002130
отредактировать 0,986764 0,000820
c 1,546380 0,001284
d 2,185460 0,001815
e 1,603538 0,001332
проект 0,457070 0,000759
f 2,564949 0,002130
shqip 1,466337 0,001218
g 2,490841 0,002069
h 2,490841 0,002069
i 1,762603 0,002928
спитц 5,129899 0,004261
отменить 1,728701 0,007179
викиновости 1,238078 0,001028
республика 2,134166 0,001773
v 1,951845 0,001621
победитель 0,799165 0,001328
w 0,955511 0,000794
bikol 2,732003 0,002269
x 1,279751 0,001063
также 0,663991 0,001654
верт 4,436752 0,007370
العربية 1,069456 0,000888
город 1,069456 0,000888
гармиш 3,520461 0,002924
неофициальный 2,134166 0,008863
پنجابی 2,239527 0,001860
италия 0,524729 0,000436
партенкирхен 3,520461 0,002924
粵語 1,178655 0,000979
барон 4,436752 0,003685
восемь 1,695912 0,001409
викиданных 0,986764 0,000820
தம 1,492313 0,001239
трава 1,392229 0,001156
возрождение 2,644992 0,002197
территория 1,518981 0,001262
биргит 5,129899 0,004261
начать 1,279751 0,001063
жанейро 2,421849 0,004023
закрытие 2,732003 0,002269
австралия 1,664163 0,004147
нагано 2,827314 0,002348
xvii 2,490841 0,002069
правка 0,986764 0,001639
нок 3,183989 0,002645
лиллехаммер 3,183989 0,002645
батут 1,728701 0,001436
дженни 5,129899 0,004261
саппоро 3,520461 0,005848
олимпийский 0,342407 0,008247
система 0,799165 0,000664
читать 0,555188 0,000461
тяжелый 0,940244 0,000781
шамони 3,183989 0,002645
việt 1,140915 0,000948
отказ 0,839439 0,000697
корея 1,695912 0,002817
июнь 1,198073 0,000995
дзюдо 1,466337 0,001218
один 0,342407 0,000284
пааво 4,436752 0,003685
волейбол 0,955511 0,000794
инфографика 3,743604 0,003109
академический 1,546380 0,001284
социалистический 3,743604 0,003109
плавание 1,178655 0,007832
перенести 1,633391 0,002713
пожертвовать 0,940244 0,000781
юри 4,436752 0,003685
последний 0,376309 0,000313
япония 1,279751 0,004252
московский 1,574551 0,001308
ссылка 0,699082 0,002903
майкл 2,239527 0,003720
пекин 2,185460 0,005445
некоторые 1,198073 0,000995
архив 1,198073 0,000995
srpskohrvatski 1,416327 0,001176
монреаль 2,357310 0,005874
pdf 0,940244 0,000781
中文 1,035554 0,000860
инфекция 3,338139 0,002773
xxxvi 5,129899 0,004261
сша 0,586604 0,007308
описание 0,881403 0,000732
лидер 1,258698 0,002091
июль 1,019025 0,014388
foundat 0,986764 0,000820
дрессел 5,129899 0,008521
карта 2,085376 0,001732
южный 1,159607 0,000963
bahasa 1,086847 0,001805
йские 3,743604 0,003109
москва 0,576022 0,000957
lietuvių 1,140915 0,000948
https 0,699082 0,000581
становиться 1,159607 0,000963
усэйн 4,436752 0,003685
мехико 2,932674 0,004872
стрельба 1,441019 0,002394
ii 2,239527 0,001860
ठ 1,574551 0,001308
отдельный 0,955511 0,000794
бразилия 1,797694 0,001493
разработчик 0,971016 0,000806
мориц 3,050457 0,005067
мобильный 0,555188 0,000461
tiếng 1,140915 0,000948
द 1,546380 0,001284
ноябрь 0,955511 0,002381
брисбен 3,743604 0,006219
עברית 1,052361 0,000874
न 1,518981 0,001262
команда 0,262364 0,000218
index 0,986764 0,000820
xvi 2,490841 0,002069
большой 0,687247 0,000571
iv 2,644992 0,002197
вклад 0,955511 0,000794
indonesia 1,086847 0,000903
лос 1,518981 0,007570
ix 2,564949 0,002130
признаться 1,994404 0,003313
гренобль 3,183989 0,002645
избранный 0,955511 0,000794
dĕ 2,827314 0,002348
греция 1,994404 0,004969
текст 0,925206 0,000768
lâm 1,762603 0,001464
esperanto 1,198073 0,000995
ह 1,546380 0,001284
сидень 1,994404 0,003313
перейти 0,586604 0,000974
портал 1,416327 0,001176
xxxiii 3,520461 0,002924
альп 3,743604 0,003109
українська 1,035554 0,000860
кнр 3,743604 0,006219
африканский 2,644992 0,002197
xviii 2,421849 0,002012
фелпс 5,129899 0,008521
большинство 1,466337 0,001218
бионди 5,129899 0,004261
ответственность 0,895792 0,000744
триатлон 1,633391 0,001357
код 0,971016 0,008871
лука 1,104547 0,000917
прыжок 0,940244 0,001562
спортсмен 0,565551 0,001409
турин 2,490841 0,002069
françai 1,019025 0,000846
gí 1,762603 0,001464
xxi 2,038856 0,001693
новость 0,285712 0,000237
url 0,986764 0,000820
советско 4,436752 0,003685
сентябрь 1,035554 0,003440
доступный 0,955511 0,000794
xxv 2,827314 0,002348
сантиметр 0,955511 0,002381
xxx 3,743604 0,003109
php 0,986764 0,000820
бадминтон 1,518981 0,001262
байдарка 1,603538 0,003996
войти 0,608110 0,000505
томпсон 3,743604 0,003109
гольф 1,574551 0,001308
covid 2,564949 0,002130
xxviii 3,743604 0,003109
анджелес 1,492313 0,007437
финляндия 1,323236 0,003297
тние 5,129899 0,004261
призер 1,178655 0,001958
қазақша 1,178655 0,000979
ქართული 1,392229 0,001156
xxvi 3,520461 0,002924
атлант 2,357310 0,003916
антверпен 3,050457 0,005067
политик 0,224624 0,000187
включить 1,392229 0,001156
frysk 1,762603 0,001464
ямайка 2,932674 0,002436
зеландия 2,490841 0,002069
заглавный 0,986764 0,000820
югославия 2,134166 0,001773
учетный 0,986764 0,000820
много 0,735450 0,000611
представиться 0,986764 0,000820
бельгия 2,038856 0,001693
客家語 2,564949 0,002130
современность 3,338139 0,002773
затем 1,301257 0,001081
ব 1,416327 0,001176
конфиденциальность 0,293617 0,000244
гандбол 1,122566 0,000932
пхёнчхан 3,520461 0,002924
ল 1,416327 0,001176
svenska 1,035554 0,000860
тоҷикӣ 1,695912 0,001409
ng 2,827314 0,002348
солт 2,644992 0,004394
список 0,986764 0,001639
первый 0,317714 0,000528
афганистан 3,743604 0,003109
вэлли 3,743604 0,003109
ссср 0,940244 0,002343
проигнорировать 4,436752 0,003685
паралимпийские 3,520461 0,002924
मर 1,574551 0,001308
xxxv 4,436752 0,003685
ошибка 0,576022 0,000478
xxxi 3,520461 0,002924
германий 0,723179 0,002403
игра 0,112619 0,003648
фехтование 1,546380 0,001284
deutsch 1,052361 0,000874
kâ 2,564949 0,002130
скво 3,183989 0,002645
имя 1,178655 0,000979
рэй 3,520461 0,002924
ответ 2,239527 0,001860
олимпи 4,031286 0,003348
французский 1,052361 0,000874
румыния 2,038856 0,001693
nederland 1,019025 0,000846
фишер 3,338139 0,002773
ماز 2,490841 0,002069
плэсид 3,183989 0,005289
кортина 2,490841 0,006206
событие 0,565551 0,000470
гдр 2,038856 0,001693
использование 0,277868 0,000231
август 1,035554 0,022362
материал 0,309617 0,000257
символ 2,185460 0,001815
papiamentu 2,732003 0,002269
соревнование 0,411400 0,001025
сообщить 0,447767 0,000372
примечание 1,002764 0,000833
пятиборье 1,574551 0,001308
быть 0,119263 0,000396
мельбурн 3,183989 0,005289
кук 0,971016 0,000806
лицензия 0,971016 0,000806
лейк 2,357310 0,007832
исключение 1,695912 0,001409
античный 3,338139 0,002773
инсбрук 2,827314 0,004697
føroyskt 2,085376 0,001732
зимний 0,663991 0,002206
спорт 0,125952 0,001151
конный 1,574551 0,003923
просмотр 0,925206 0,000768
ряд 1,198073 0,000995
навигация 0,986764 0,002459
страница 0,910391 0,004537
english 0,925206 0,001537
франция 0,675551 0,002244
мочь 0,350775 0,000291
ਜ 1,664163 0,001382
этот 0,350775 0,000291
борьба 0,723179 0,000601
хельсинки 3,050457 0,010134
запись 0,910391 0,000756
qr 0,986764 0,000820
suomi 1,052361 0,000874
швеция 1,035554 0,001720
сараево 3,050457 0,002534
ਪ 1,664163 0,001382
ਬ 1,664163 0,001382
многократный 2,421849 0,002012
рекордный 2,038856 0,001693
основной 1,122566 0,000932
сохранение 0,971016 0,000806
吴语 1,238078 0,001028
афина 2,421849 0,012069
creativ 0,986764 0,000820
гимнастика 1,198073 0,003980
японо 4,436752 0,003685
hrvatski 1,052361 0,000874
română 1,122566 0,000932
персональный 0,723179 0,000601
почтить 1,279751 0,001063
ru 0,285712 0,000237
действовать 0,825834 0,000686
элемент 0,925206 0,000768
alemannisch 2,357310 0,001958
xxxii 3,743604 0,003109
спортивный 0,301585 0,000751
sa 0,986764 0,000820
portuguê 1,035554 0,000860
nynorsk 1,546380 0,001284
ngî 2,564949 0,002130
oʻzbekcha 1,140915 0,000948
открытие 1,695912 0,001409
раз 0,485508 0,004436
ўзбекча 1,140915 0,000948
вы 0,309617 0,000257
latviešu 1,052361 0,000874
барселона 1,416327 0,002353
медалист 3,183989 0,002645
испания 1,159607 0,000963
проводить 0,910391 0,001512
китайский 1,069456 0,000888
выиграть 0,485508 0,000403
español 1,019025 0,000846
версия 0,393700 0,000654
мэтт 4,031286 0,003348
сочить 0,853233 0,000709
tagalog 1,911023 0,001587
bosanski 1,345709 0,001118
jawa 1,911023 0,001587
энциклопедия 0,986764 0,000820
зарегистрировать 0,711058 0,000591
xxxiv 3,520461 0,002924
български 1,086847 0,000903
поло 1,441019 0,001197
настольный 1,198073 0,000995
اردو 1,574551 0,001308
де 0,955511 0,002381
проведение 1,104547 0,004587
閩東語 2,827314 0,002348
до 0,239550 0,000398
знак 0,986764 0,000820
ледеки 4,436752 0,007370
мюнхен 2,490841 0,004138
чӑвашла 2,134166 0,001773
бойкот 2,827314 0,007045
руководство 1,301257 0,001081
сеул 2,644992 0,004394
hak 2,564949 0,002130
представить 1,518981 0,002523
другой 0,188256 0,000313
сюда 0,986764 0,000820
xxiii 3,520461 0,002924
блок 2,421849 0,002012
цитировать 0,925206 0,000768
пьер 1,951845 0,001621
изабельизабель 5,129899 0,004261
мексика 2,239527 0,001860
norsk 1,052361 0,001748
лондон 1,911023 0,011111
кубертена 4,436752 0,003685
баскетбол 0,723179 0,000601
vi 2,732003 0,002269
galego 1,178655 0,000979
савао 5,129899 0,004261
причина 1,368699 0,001137
гребля 1,518981 0,005046
page 0,986764 0,000820
короткий 0,699082 0,000581
ẽ 2,732003 0,002269
вид 0,393700 0,002289
войско 3,520461 0,002924
пандемия 2,421849 0,004023
polski 1,035554 0,000860
служебный 0,955511 0,000794
кодекс 0,971016 0,000806
central 2,732003 0,002269
common 0,986764 0,000820
править 0,544931 0,009052
за 0,125952 0,000732
война 1,695912 0,009860
софтбол 1,633391 0,001357
канада 0,867219 0,001441
медаль 0,619039 0,002571
associ 0,986764 0,000820
org 0,986764 0,000820
зачет 1,416327 0,007058
свободный 0,867219 0,000720
xi 2,932674 0,002436
ампеццо 2,490841 0,006206
некоммерческий 0,986764 0,000820
статья 0,495170 0,002056
советский 1,140915 0,000948
современный 1,159607 0,000963
возглавлять 2,564949 0,006391
великобритания 1,664163 0,005529
мокнуть 1,574551 0,001308
wikimedia 0,986764 0,000820
токио 2,296685 0,013353
xv 2,732003 0,002269
из 0,106018 0,000792
xx 1,546380 0,001284
художественный 1,518981 0,001262
мировой 0,955511 0,003968
случайный 0,986764 0,000820
указание 0,986764 0,000820
ελληνικά 1,086847 0,000903
лиза 3,743604 0,003109
получить 0,384967 0,000320
калебкалеб 5,129899 0,004261
српски 1,035554 0,000860
язык 0,925206 0,000768
объединить 1,994404 0,001656
комментарий 1,871802 0,003109
нидерланды 1,518981 0,001262
хоккей 0,285712 0,000237
амстердам 3,183989 0,005289
viii 2,932674 0,002436
связанный 0,786093 0,001306
фрг 2,564949 0,004261
милан 1,574551 0,001308
melayu 1,368699 0,001137
стокгольм 2,644992 0,006591
ка 3,743604 0,003109
italiano 1,035554 0,000860
srpski 1,035554 0,000860
год 0,099461 0,001239
движение 1,728701 0,001436
пловец 3,183989 0,002645
международный 0,466460 0,002325
հայերեն 1,198073 0,000995
комитет 1,368699 0,005684
башҡортса 1,518981 0,001262
октябрь 1,019025 0,006771
сент 2,564949 0,004261
iii 2,490841 0,002069
мая 0,986764 0,002459
euskara 1,122566 0,000932
который 0,325878 0,000271
постоянный 0,881403 0,000732
легкий 0,895792 0,003720
турция 1,664163 0,001382
српскохрватски 1,416327 0,001176
крупный 1,198073 0,000995
награда 1,279751 0,001063
рим 2,239527 0,003720
альбервиль 3,520461 0,002924
رونی 2,490841 0,002069
рио 2,296685 0,003815
türkçe 1,052361 0,000874
ле 2,038856 0,001693
bokmål 1,069456 0,000888
льюис 2,296685 0,001908
текущий 0,867219 0,000720
страна 0,641262 0,004261
инструмент 0,881403 0,001464
случай 0,867219 0,000720
гры 3,743604 0,003109
создать 0,773190 0,000642
всесезонным 5,129899 0,004261
сити 1,546380 0,002569
한국어 1,035554 0,000860
вод 1,466337 0,001218
asturianu 1,323236 0,001099
синхронный 1,574551 0,001308
место 0,402511 0,001337
начало 0,760451 0,000632
ខ 3,183989 0,002645
государство 2,134166 0,001773
کوردی 1,762603 0,001464
печать 0,955511 0,001587
avañ 2,732003 0,002269
внеочередной 3,050457 0,002534
íslenska 1,392229 0,001156
включать 1,323236 0,001099
летний 0,619039 0,010797
мы 0,195425 0,000162
afrikaan 1,441019 0,001197
участие 0,457070 0,001139
фонд 0,895792 0,000744
на 0,023953 0,000259
марк 2,085376 0,001732
водный 0,723179 0,000601
олимпиада 0,576022 0,000478
свежий 0,839439 0,000697
обсуждение 0,867219 0,001441
simpl 1,140915 0,000948
ភ 3,183989 0,002645
не 0,099461 0,000413
выбор 1,834062 0,001523
осло 3,050457 0,002534
ម 3,183989 0,002645
xii 3,183989 0,002645
រ 3,183989 0,002645
titl 0,986764 0,000820
организация 0,663991 0,000551
золотой 1,002764 0,003331
кэррингтон 5,129899 0,004261
ស 3,183989 0,002645
товарный 0,986764 0,000820
xiv 2,490841 0,002069
xix 1,834062 0,001523
история 0,270086 0,000673
македонский 1,258698 0,001045
коронавирусной 4,436752 0,003685
апрель 0,986764 0,004098
болт 4,031286 0,003348
категория 0,881403 0,000732
длить 0,146292 0,000122
閩南語 1,762603 0,001464
калгари 2,932674 0,002436
bân 1,762603 0,001464
количество 0,853233 0,002126
бейсбол 1,416327 0,001176
magyar 1,086847 0,000903
об 0,217244 0,000180
ழ 1,492313 0,001239
справка 0,986764 0,000820
общекомандный 3,520461 0,002924
поиск 0,711058 0,001181
тхэквондо 1,633391 0,001357
чемпион 0,334108 0,000277
от 0,160085 0,000399
запланировать 2,932674 0,002436
xxvii 3,338139 0,002773
ванкувер 2,644992 0,002197
форум 0,867219 0,000720
статистика 0,630089 0,000523
бокс 0,534779 0,000444
oldid 0,986764 0,000820
лариса 2,296685 0,001908
перенос 3,183989 0,002645
как 0,232059 0,000385
все 0,067304 0,000112
википедия 0,986764 0,000820
сведение 0,786093 0,000653
условие 0,334108 0,000832
объявить 1,492313 0,002479
ngṳ 2,827314 0,002348
по 0,073653 0,000428
монгол 1,518981 0,001262
inc 0,986764 0,000820
malti 2,732003 0,002269
латынина 5,129899 0,004261
xiii 2,932674 0,002436
тарашкевіца 1,198073 0,000995
нурми 4,436752 0,003685
принять 0,786093 0,000653
авторство 0,986764 0,000820
сообщество 0,910391 0,000756
википедии 0,986764 0,001639
второй 0,576022 0,001435
источник 0,786093 0,000653
