состояться 1,140915 0,001883
париж 1,392229 0,005361
шпиндлерув 5,129899 0,011287
хватать 1,633391 0,000898
экспорт 0,986764 0,000543
lccn 1,492313 0,000821
повлиять 2,564949 0,001411
вуз 3,338139 0,001836
vii 3,183989 0,005254
ไทย 1,238078 0,000681
tatarça 1,392229 0,000766
раскол 3,520461 0,001936
日本語 1,035554 0,000570
со 0,447767 0,000246
белград 3,520461 0,003873
маршаллов 4,436752 0,002440
slovenščina 1,345709 0,000740
под 0,723179 0,000796
парусный 1,574551 0,000866
заявление 0,799165 0,000440
пол 0,910391 0,000501
мали 2,644992 0,001455
связаться 0,867219 0,000477
декабрь 0,853233 0,001408
македония 2,732003 0,003006
подробный 0,687247 0,000378
заведение 3,338139 0,001836
содержание 0,955511 0,001051
фото 0,799165 0,000440
eesti 1,069456 0,000588
čeština 1,035554 0,000570
retriev 4,031286 0,002217
aragoné 1,762603 0,000970
студент 2,357310 0,010373
викисклад 1,035554 0,001139
бермуды 4,436752 0,002440
беллуно 5,129899 0,005643
ата 4,031286 0,004435
эрзурум 5,129899 0,005643
каноэ 1,633391 0,000898
запад 2,085376 0,001147
пройти 0,544931 0,001499
багамский 4,031286 0,004435
slovenčina 1,069456 0,000588
machin 1,633391 0,000898
wikipedia 0,986764 0,001086
gnd 1,392229 0,000766
болгария 2,185460 0,007213
индий 2,644992 0,002910
отредактировать 0,986764 0,001086
никарагуа 3,743604 0,002059
плесо 5,129899 0,011287
люцерн 5,129899 0,005643
проект 0,457070 0,000251
i 1,762603 0,001939
сицилия 5,129899 0,005643
тарвизио 5,129899 0,005643
n 2,421849 0,001332
ушу 1,728701 0,000951
коморы 4,031286 0,002217
викиновости 1,238078 0,000681
республика 2,134166 0,009391
v 1,951845 0,002147
w 0,955511 0,000526
x 1,279751 0,002112
колумбия 3,050457 0,003356
джибути 4,031286 0,002217
также 0,663991 0,000730
шайба 0,986764 0,000543
член 1,416327 0,000779
العربية 1,069456 0,000588
универсиада 2,644992 0,049466
украина 1,217876 0,002010
италия 0,524729 0,004907
прошлый 1,518981 0,000836
переименовать 2,357310 0,002593
трава 1,392229 0,000766
территория 1,518981 0,000836
эфиопия 3,338139 0,003672
аруба 4,031286 0,002217
библиографический 1,279751 0,000704
бангкок 4,031286 0,004435
переименование 3,338139 0,005508
правка 0,986764 0,001086
саппоро 3,520461 0,003873
муджу 5,129899 0,005643
система 0,799165 0,000440
шамони 3,183989 0,005254
отказ 0,839439 0,000462
корея 1,695912 0,005597
буркин 3,520461 0,003873
дзюдо 1,466337 0,000807
конфедерация 3,050457 0,005034
авторитетный 1,871802 0,001030
рико 3,338139 0,003672
гонка 0,853233 0,000469
цар 4,031286 0,002217
доминиканский 3,743604 0,004118
рика 2,932674 0,001613
ливан 3,338139 0,001836
вено 3,183989 0,001751
гвинея 3,050457 0,003356
последний 0,376309 0,000414
монголия 3,520461 0,003873
намибия 3,520461 0,003873
провинция 3,338139 0,001836
пекин 2,185460 0,002404
часто 1,574551 0,000866
кндр 3,050457 0,003356
pdf 0,940244 0,000517
сша 0,586604 0,002259
ресурс 0,812411 0,000447
описание 0,881403 0,000485
варшава 4,031286 0,002217
южный 1,159607 0,000638
табаго 5,129899 0,002822
bahasa 1,086847 0,001196
камерун 3,338139 0,003672
самбо 1,994404 0,001097
через 0,971016 0,001068
океания 2,296685 0,001263
габон 3,520461 0,001936
lietuvių 1,140915 0,000628
нигерия 2,827314 0,003110
словарь 1,198073 0,000659
стрельба 1,441019 0,001585
бразилия 1,797694 0,002966
разработчик 0,971016 0,000534
xvi 2,490841 0,002740
ланка 3,520461 0,001936
worldcat 2,490841 0,001370
вклад 0,955511 0,000526
indonesia 1,086847 0,000598
ивуар 3,338139 0,003672
текст 0,925206 0,000509
бурунди 4,031286 0,002217
lâm 1,762603 0,000970
проводиться 1,086847 0,002391
esperanto 1,198073 0,000659
узбекистан 2,732003 0,003006
перейти 0,586604 0,000645
xxxiii 3,520461 0,001936
скелетон 1,258698 0,000692
українська 1,035554 0,000570
youtub 1,797694 0,000989
xviii 2,421849 0,002664
слово 1,035554 0,000570
ответственность 0,895792 0,000493
литовский 1,951845 0,001074
парагвай 3,050457 0,001678
молодая 1,762603 0,000970
турин 2,490841 0,013701
спортсмен 0,565551 0,000933
françai 1,019025 0,000561
xxi 2,038856 0,002243
xxv 2,827314 0,003110
ndl 1,834062 0,001009
xxx 3,743604 0,004118
php 0,986764 0,000543
студенческий 2,564949 0,009876
бадминтон 1,518981 0,000836
байдарка 1,603538 0,000882
микронезия 4,436752 0,002440
шорты 1,035554 0,000570
кыргызстан 3,050457 0,003356
covid 2,564949 0,002822
удаленный 1,492313 0,000821
xxviii 3,743604 0,004118
гуам 4,436752 0,002440
мерано 5,129899 0,002822
птижаном 5,129899 0,002822
горнолыжный 1,301257 0,000716
аравия 1,834062 0,001009
замбия 3,520461 0,001936
заглавный 0,986764 0,000543
загрести 3,520461 0,003873
правопреемница 5,129899 0,002822
добавить 1,518981 0,000836
когда 0,652562 0,000359
конфиденциальность 0,293617 0,000162
черногория 2,732003 0,006011
неаполь 4,436752 0,004881
svenska 1,035554 0,000570
общий 0,986764 0,000543
шахматы 1,834062 0,001009
афганистан 3,743604 0,002059
ссср 0,940244 0,001552
марино 2,827314 0,001555
фехтование 1,546380 0,000851
федерация 0,495170 0,000817
румыния 2,038856 0,003364
упоминаться 3,050457 0,001678
плэсид 3,183989 0,007005
гдр 2,038856 0,002243
участвовать 0,955511 0,001051
мозамбик 3,520461 0,003873
сообщить 0,447767 0,000246
примечание 1,002764 0,001655
быть 0,119263 0,000722
пуэрто 3,338139 0,003672
распределить 2,421849 0,002664
инсбрук 2,827314 0,006221
сирия 3,520461 0,001936
спорт 0,125952 0,001108
просмотр 0,925206 0,000509
грузия 2,296685 0,002527
сальвадор 3,743604 0,002059
мальта 3,050457 0,001678
национальный 0,839439 0,000462
english 0,925206 0,001018
франция 0,675551 0,003716
этот 0,350775 0,000965
виргинский 3,743604 0,004118
хельсинки 3,050457 0,001678
suomi 1,052361 0,000579
тунис 3,338139 0,003672
швеция 1,035554 0,001139
лесото 4,031286 0,002217
viaf 2,490841 0,002740
иордания 3,338139 0,003672
йемен 4,031286 0,002217
creativ 0,986764 0,000543
разыграть 2,038856 0,001121
română 1,122566 0,000617
гамбия 3,743604 0,002059
непал 4,031286 0,002217
эдмонтон 3,743604 0,004118
элемент 0,925206 0,000509
спортивный 0,301585 0,000995
шри 3,520461 0,001936
portuguê 1,035554 0,000570
сьерра 3,520461 0,003873
бенин 3,520461 0,001936
oʻzbekcha 1,140915 0,000628
раз 0,485508 0,000801
чемпионат 0,188256 0,000207
ўзбекча 1,140915 0,000628
latviešu 1,052361 0,000579
пожалуйста 1,633391 0,000898
российский 0,224624 0,000247
испания 1,159607 0,004465
версия 0,393700 0,000650
зарегистрировать 0,711058 0,000391
макао 4,436752 0,004881
требование 1,797694 0,002966
израиль 2,085376 0,002294
поло 1,441019 0,000793
без 0,466460 0,000513
знак 0,986764 0,000543
штат 2,185460 0,001202
представитель 1,238078 0,000681
европа 0,393700 0,000650
блок 2,421849 0,001332
университетский 4,436752 0,017083
pre 5,129899 0,002822
иначе 1,834062 0,001009
мексика 2,239527 0,003696
чэнду 5,129899 0,008465
медиафайлы 1,217876 0,000670
саудовский 1,834062 0,001009
galego 1,178655 0,000648
старый 1,159607 0,000638
page 0,986764 0,000543
короткий 0,699082 0,000385
палестина 3,743604 0,002059
пандемия 2,421849 0,002664
тобаго 3,183989 0,001751
закопане 5,129899 0,011287
оаэ 2,357310 0,001297
служебный 0,955511 0,000526
кодекс 0,971016 0,000534
снять 1,871802 0,001030
тайбэй 5,129899 0,008465
тип 1,345709 0,001480
канада 0,867219 0,001431
дортмунд 3,183989 0,001751
уругвай 2,732003 0,003006
associ 0,986764 0,000543
ирак 3,338139 0,001836
свободный 0,867219 0,000477
иран 2,827314 0,003110
статья 0,495170 0,002724
wikimedia 0,986764 0,000543
хака 4,436752 0,009762
ελληνικά 1,086847 0,000598
получить 0,384967 0,000212
беларусь 1,279751 0,001408
язык 0,925206 0,000509
монако 1,994404 0,002194
нидерланды 1,518981 0,001671
эквадор 2,932674 0,003226
удовлетворять 3,743604 0,002059
архивировать 1,104547 0,001215
леона 1,633391 0,001797
viii 2,932674 0,004839
ливиньо 4,031286 0,004435
связанный 0,786093 0,000432
казань 1,301257 0,001432
фрг 2,564949 0,004233
босния 2,644992 0,002910
послевоенный 2,932674 0,001613
melayu 1,368699 0,000753
алжир 3,338139 0,003672
прочий 1,069456 0,000588
wayback 1,633391 0,000898
italiano 1,035554 0,000570
год 0,099461 0,001368
млин 5,129899 0,011287
эстония 2,296685 0,002527
международный 0,466460 0,002053
сент 2,564949 0,001411
гана 3,183989 0,003503
каролина 3,050457 0,001678
сербия 2,134166 0,005870
мая 0,986764 0,000543
бутан 3,743604 0,002059
српскохрватски 1,416327 0,000779
рим 2,239527 0,004927
предлагаться 3,520461 0,001936
албания 2,932674 0,003226
катар 2,421849 0,002664
универсальный 1,911023 0,001051
bokmål 1,069456 0,000588
universiad 5,129899 0,005643
основывать 3,520461 0,001936
текущий 0,867219 0,000477
страна 0,641262 0,003880
молдова 2,932674 0,003226
шаблон 1,441019 0,001585
сестриере 5,129899 0,005643
инструмент 0,881403 0,000970
создать 0,773190 0,001276
удалять 3,520461 0,001936
сомали 4,031286 0,002217
штрбске 5,129899 0,011287
винсент 3,338139 0,001836
проходить 0,867219 0,000954
печать 0,955511 0,001051
аэробика 5,129899 0,002822
летний 0,619039 0,006129
том 3,050457 0,001678
afrikaan 1,441019 0,000793
фонд 0,895792 0,000493
просрочить 3,338139 0,001836
состав 0,867219 0,000477
олимпиада 0,576022 0,000317
обсуждение 0,867219 0,001908
тот 0,393700 0,000433
самоа 3,743604 0,004118
лихтенштейн 3,183989 0,001751
трамплин 1,140915 0,000628
организация 0,663991 0,001096
titl 0,986764 0,000543
гражданин 3,338139 0,001836
тринидад 3,050457 0,003356
гайана 4,031286 0,002217
товарный 0,986764 0,000543
история 0,270086 0,000743
осрблье 4,436752 0,002440
македонский 1,258698 0,000692
перо 2,827314 0,003110
длить 0,146292 0,000161
閩南語 1,762603 0,000970
себастьян 3,050457 0,001678
bân 1,762603 0,000970
университет 1,911023 0,001051
норвегия 1,279751 0,001408
либо 1,140915 0,000628
фукуока 5,129899 0,005643
хорватия 2,296685 0,002527
название 1,035554 0,001139
поиск 0,711058 0,001173
game 1,797694 0,002966
молодой 2,490841 0,001370
бруней 4,031286 0,004435
oldid 0,986764 0,000543
катание 0,514778 0,000283
как 0,232059 0,000511
участник 0,799165 0,002638
первое 0,393700 0,001083
ливия 3,520461 0,001936
гаити 3,338139 0,001836
лыжа 0,925206 0,000509
суринам 4,031286 0,002217
условие 0,334108 0,000551
герцеговина 2,644992 0,002910
xiii 2,932674 0,003226
тарашкевіца 1,198073 0,000659
принять 0,786093 0,000865
cymraeg 1,574551 0,000866
авторство 0,986764 0,000543
высокий 0,760451 0,000418
эгида 1,728701 0,001902
гфр 5,129899 0,002822
català 1,086847 0,000598
dansk 1,069456 0,000588
новый 0,239550 0,000659
поведение 0,839439 0,000462
медальный 1,797694 0,002966
происходить 1,466337 0,000807
еще 0,167054 0,000184
теннис 0,475938 0,000524
xxiv 3,338139 0,003672
бангладеш 3,520461 0,001936
всероссийский 2,085376 0,004588
xxix 3,743604 0,004118
xxii 3,338139 0,003672
шлеймером 5,129899 0,002822
литва 2,239527 0,002464
فارسی 1,104547 0,000608
лаос 4,031286 0,002217
беларуская 1,069456 0,001177
предел 1,603538 0,000882
чехословакия 2,038856 0,005607
конго 3,183989 0,003503
предложить 1,441019 0,000793
судан 3,743604 0,002059
а 0,209918 0,000115
б 1,466337 0,007259
в 0,017911 0,000443
викимедиа 0,986764 0,000543
д 0,895792 0,000985
з 3,050457 0,013423
и 0,023953 0,000303
камбоджа 4,031286 0,002217
к 0,132686 0,000365
велоспорт 1,178655 0,000648
м 0,534779 0,002059
вплоть 1,871802 0,001030
пакистан 4,031286 0,002217
о 0,042302 0,000047
венесуэла 3,338139 0,003672
она 0,597299 0,000329
с 0,036149 0,000338
китай 1,695912 0,006530
скачать 0,895792 0,000985
они 0,524729 0,000289
сезон 0,723179 0,000398
дополнительный 0,940244 0,000517
uie 5,129899 0,008465
сноска 1,951845 0,001074
антигуа 4,031286 0,002217
футбол 0,247097 0,000136
мир 0,277868 0,000459
атлетика 0,955511 0,001577
by 0,971016 0,000534
структура 1,574551 0,000866
регби 0,955511 0,000526
португалия 1,994404 0,002194
русский 0,760451 0,000418
копия 1,416327 0,000779
екатеринбург 2,296685 0,001263
cc 0,986764 0,000543
время 0,384967 0,000212
австрия 1,871802 0,004118
исландия 2,644992 0,001455
ангола 3,338139 0,001836
отменить 1,728701 0,001902
ранее 1,104547 0,000608
хосо 5,129899 0,002822
вторжение 3,183989 0,001751
город 1,069456 0,001177
аргумент 2,827314 0,001555
верде 3,183989 0,001751
восемь 1,695912 0,000933
викиданных 0,986764 0,000543
каталанский 1,695912 0,000933
рур 5,129899 0,005643
бухарест 4,031286 0,004435
северный 1,492313 0,003283
мкс 3,743604 0,004118
начаться 1,518981 0,000836
каталог 1,301257 0,000716
викискладе 1,217876 0,000670
чад 4,436752 0,002440
сноуборд 1,178655 0,000648
пляжный 1,603538 0,000882
австралия 1,664163 0,001831
индонезия 3,050457 0,003356
эсватини 4,436752 0,002440
xvii 2,490841 0,002740
рейна 4,436752 0,004881
читать 0,555188 0,000305
тяжелый 0,940244 0,000517
англ 1,159607 0,001276
волейбол 0,955511 0,001051
univers 2,564949 0,002822
чехия 1,258698 0,001385
видео 0,699082 0,000385
польша 1,762603 0,004848
именование 3,520461 0,001936
академический 1,546380 0,000851
жан 3,338139 0,001836
перенести 1,633391 0,000898
биатлон 0,485508 0,000267
плавание 1,178655 0,001297
пожертвовать 0,940244 0,000517
туркменистан 3,183989 0,003503
япония 1,279751 0,004224
ссылка 0,699082 0,003845
момент 0,910391 0,000501
софия 3,743604 0,016474
srpskohrvatski 1,416327 0,000779
буффало 5,129899 0,005643
中文 1,035554 0,000570
foundat 0,986764 0,000543
кругосвет 1,994404 0,001097
учащийся 3,743604 0,002059
всемирный 1,762603 0,005817
швейцария 1,258698 0,002769
среди 0,597299 0,000986
марианский 5,129899 0,002822
таджикистан 3,520461 0,003873
латвия 1,664163 0,001831
москва 0,576022 0,000951
нигер 4,031286 0,002217
филиппина 3,050457 0,003356
https 0,699082 0,000385
пидмонт 5,129899 0,002822
мехико 2,932674 0,003226
шэньчжэнь 5,129899 0,005643
ii 2,239527 0,002464
отдельный 0,955511 0,000526
мобильный 0,555188 0,000305
татарча 1,392229 0,000766
עברית 1,052361 0,000579
index 0,986764 0,000543
большой 0,687247 0,000378
карло 4,436752 0,002440
дания 1,834062 0,002018
iv 2,644992 0,002910
должен 0,597299 0,000657
ix 2,564949 0,002822
избранный 0,955511 0,000526
греция 1,994404 0,002194
алегри 5,129899 0,005643
стать 0,217244 0,000358
kurdî 1,834062 0,001009
summer 3,338139 0,001836
керлинг 1,086847 0,000598
руанда 4,031286 0,002217
world 1,416327 0,002337
обращение 0,910391 0,000501
провести 0,799165 0,000440
это 0,181139 0,000100
малайзия 2,827314 0,003110
код 0,971016 0,005875
два 0,504926 0,000555
лука 1,104547 0,000608
прыжок 0,940244 0,001034
будапешт 3,520461 0,005809
gí 1,762603 0,000970
египет 2,827314 0,003110
кот 3,183989 0,003503
url 0,986764 0,000543
чхунчхондо 5,129899 0,002822
доступный 0,955511 0,000526
таиланд 2,732003 0,004508
сантиметр 0,955511 0,002102
коб 4,436752 0,004881
состязание 2,038856 0,001121
войти 0,608110 0,001003
гольф 1,574551 0,000866
финляндия 1,323236 0,002184
кпм 3,743604 0,002059
қазақша 1,178655 0,000648
барбуда 4,031286 0,002217
измир 5,129899 0,005643
xxvi 3,520461 0,003873
принсипи 4,031286 0,002217
остров 2,357310 0,007780
политик 0,224624 0,000124
ямайка 2,932674 0,003226
зеландия 2,490841 0,002740
югославия 2,134166 0,003522
учетный 0,986764 0,000543
гонконг 3,050457 0,003356
представиться 0,986764 0,000543
бельгия 2,038856 0,002243
фигурный 0,514778 0,000283
тайвань 3,183989 0,003503
федеративный 4,436752 0,002440
сенегал 3,520461 0,003873
первый 0,317714 0,000175
итог 0,867219 0,000954
student 4,436752 0,002440
февраль 0,202645 0,000334
гренадины 3,743604 0,002059
ошибка 0,576022 0,000317
xxxi 3,520461 0,005809
германий 0,723179 0,001989
словакия 1,664163 0,003662
деятельность 1,546380 0,000851
игра 0,112619 0,000929
deutsch 1,052361 0,000579
шеффилд 4,436752 0,004881
пояснение 3,520461 0,001936
старший 1,695912 0,000933
порт 2,732003 0,004508
on 2,239527 0,001232
рекомендация 1,217876 0,000670
больший 0,457070 0,001006
nederland 1,019025 0,000561
чили 2,932674 0,003226
событие 0,565551 0,000622
мальорка 4,436752 0,004881
использование 0,277868 0,000153
неделя 1,217876 0,003349
материал 0,309617 0,000170
соревнование 0,411400 0,002716
тэгу 5,129899 0,005643
ориентирование 3,743604 0,002059
гватемала 3,050457 0,001678
кук 0,971016 0,001068
лицензия 0,971016 0,000534
лейк 2,357310 0,005187
архивный 1,518981 0,000836
зимний 0,663991 0,002922
представлять 1,217876 0,000670
ботсвана 3,743604 0,004118
пальма 4,436752 0,004881
навигация 0,986764 0,001628
страница 0,910391 0,005008
куб 2,932674 0,003226
мочь 0,350775 0,000579
сан 2,038856 0,003364
борьба 0,723179 0,000398
кабо 3,338139 0,001836
запись 0,910391 0,000501
qr 0,986764 0,000543
подведение 3,050457 0,003356
африка 2,296685 0,001263
проверять 1,834062 0,001009
дуйсбург 4,436752 0,004881
дармштадт 5,129899 0,002822
правило 0,986764 0,000543
сохранение 0,971016 0,000534
азербайджан 2,357310 0,002593
фристайл 1,238078 0,000681
гимнастика 1,198073 0,001318
hrvatski 1,052361 0,000579
персональный 0,723179 0,000398
почтить 1,279751 0,000704
действовать 0,825834 0,000909
ru 0,285712 0,000157
организовать 1,466337 0,001613
аудио 1,951845 0,001074
fisu 4,436752 0,021964
xxxii 3,743604 0,004118
sa 0,986764 0,000543
уже 0,687247 0,000378
дата 0,799165 0,000440
кванджу 5,129899 0,005643
того 0,955511 0,000526
вы 0,309617 0,000341
универсиа 5,129899 0,002822
проводить 0,910391 0,002003
китайский 1,069456 0,001177
исчезнуть 2,932674 0,001613
кипр 2,827314 0,003110
español 1,019025 0,000561
россия 0,139466 0,000384
рекорд 0,955511 0,000526
энциклопедия 0,986764 0,001086
xxxiv 3,520461 0,001936
свое 0,457070 0,000251
български 1,086847 0,000598
январь 0,786093 0,000865
панама 3,338139 0,003672
да 1,911023 0,001051
прошедший 1,951845 0,001074
настольный 1,198073 0,000659
проведение 1,104547 0,001823
де 0,955511 0,001051
гондурас 3,520461 0,003873
казахстан 1,217876 0,002010
американский 0,910391 0,001002
до 0,239550 0,000395
др 2,490841 0,001370
виллар 5,129899 0,005643
другой 0,188256 0,000207
папуа 3,743604 0,002059
сюда 0,986764 0,000543
xxiii 3,520461 0,003873
трек 1,104547 0,000608
люксембург 2,564949 0,005643
независимый 2,357310 0,002593
цитировать 0,925206 0,000509
ее 0,723179 0,000398
регулярно 1,871802 0,001030
азия 1,834062 0,001009
norsk 1,052361 0,000579
попрад 3,743604 0,004118
баскетбол 0,723179 0,000398
учебный 2,490841 0,001370
число 0,955511 0,001051
vi 2,732003 0,003006
причина 1,368699 0,000753
флаг 0,895792 0,000493
гребля 1,518981 0,001671
вид 0,393700 0,000866
же 0,853233 0,000469
polski 1,035554 0,000570
юар 2,490841 0,002740
сингапур 2,732003 0,003006
common 0,986764 0,000543
править 0,544931 0,006594
за 0,125952 0,000485
софтбол 1,633391 0,000898
форма 1,086847 0,000598
медаль 0,619039 0,000341
org 0,986764 0,000543
зачет 1,416327 0,002337
окончить 2,644992 0,001455
несмотря 1,762603 0,000970
xi 2,932674 0,003226
некоммерческий 0,986764 0,000543
венгрия 2,134166 0,004696
великобритания 1,664163 0,002746
gbr 5,129899 0,002822
зефельд 5,129899 0,002822
токио 2,296685 0,002527
xv 2,732003 0,003006
из 0,106018 0,000408
xx 1,546380 0,001701
художественный 1,518981 0,000836
мяч 0,735450 0,000405
случайный 0,986764 0,000543
указание 0,986764 0,000543
скрытый 1,052361 0,000579
малави 3,743604 0,002059
западный 2,134166 0,001174
српски 1,035554 0,000570
восточный 1,911023 0,001051
фиджи 3,743604 0,002059
кувейт 3,520461 0,001936
хоккей 0,285712 0,000471
двоеборье 1,217876 0,000670
словения 2,357310 0,002593
зимбабве 3,338139 0,001836
аргентина 1,951845 0,002147
мадагаскар 3,520461 0,003873
srpski 1,035554 0,000570
рованиеми 5,129899 0,005643
уганда 3,183989 0,003503
марокко 2,932674 0,003226
iii 2,490841 0,004110
алма 4,436752 0,004881
ирландия 2,185460 0,002404
лыжный 0,675551 0,000743
который 0,325878 0,000538
постоянный 0,881403 0,000485
конькобежный 1,140915 0,000628
легкий 0,895792 0,000985
турция 1,664163 0,003662
гранада 4,436752 0,004881
следующий 0,853233 0,000939
türkçe 1,052361 0,000579
вьетнам 3,520461 0,003873
президент 1,035554 0,000570
случай 0,867219 0,000477
кения 3,183989 0,003503
америка 1,279751 0,000704
한국어 1,035554 0,000570
доктор 2,932674 0,001613
острава 4,436752 0,002440
вод 1,466337 0,000807
союз 1,301257 0,000716
синхронный 1,574551 0,000866
athlet 2,932674 0,001613
место 0,402511 0,000443
начало 0,760451 0,000418
алегр 5,129899 0,002822
фасо 3,520461 0,003873
мы 0,195425 0,000107
участие 0,457070 0,001006
барбадос 3,743604 0,004118
на 0,023953 0,000343
водный 0,723179 0,000398
свежий 0,839439 0,000462
simpl 1,140915 0,000628
комплект 1,911023 0,001051
не 0,099461 0,000492
xii 3,183989 0,003503
каждый 0,812411 0,000894
танзания 3,520461 0,003873
xiv 2,490841 0,002740
xix 1,834062 0,002018
раздел 1,574551 0,001732
внешний 1,104547 0,000608
категория 0,881403 0,000970
норвежский 1,345709 0,000740
количество 0,853233 0,000469
бейсбол 1,416327 0,000779
magyar 1,086847 0,000598
об 0,217244 0,000119
оман 3,520461 0,001936
красноярск 2,490841 0,002740
справка 0,986764 0,000543
армения 2,564949 0,002822
развитие 1,140915 0,000628
тхэквондо 1,633391 0,000898
тренто 5,129899 0,005643
от 0,160085 0,000264
xxvii 3,338139 0,003672
форум 0,867219 0,000477
монте 5,129899 0,002822
winter 3,520461 0,001936
статистика 0,630089 0,001040
бокс 0,534779 0,000294
палау 4,436752 0,002440
все 0,067304 0,000148
принимать 0,955511 0,001051
википедия 0,986764 0,003799
сведение 0,786093 0,000432
по 0,073653 0,000365
монгол 1,518981 0,000836
inc 0,986764 0,000543
харбин 5,129899 0,005643
информация 0,608110 0,000334
коста 2,932674 0,001613
кыргызча 2,085376 0,001147
сообщество 0,910391 0,000501
боливия 3,520461 0,001936
сейшелы 4,031286 0,002217
википедии 0,986764 0,001086
источник 0,786093 0,002162
