褎懈薪邪谢 0,699082 0,004237
褉褍 1,994404 0,003022
褉邪褋锌褉邪胁邪 4,436752 0,006722
谢械薪褌邪 1,518981 0,009206
薪芯胁褘泄 0,239550 0,001452
薪械泄褌褉邪谢褜薪褘泄 2,185460 0,003311
薪邪泄褌懈 1,122566 0,001701
蟹懈屑薪懈泄 0,663991 0,001006
胁谢懈褟褌械谢褜薪褘泄 3,520461 0,005334
械褖械 0,167054 0,000506
褋锌芯褉褌 0,125952 0,006679
褎懈蟹懈褔械褋泻懈泄 1,392229 0,002109
褝褌芯褌 0,350775 0,000531
锌褉械写褋泻邪蟹邪褌褜 4,436752 0,006722
写芯斜褉芯 3,338139 0,015173
褋邪屑 0,747872 0,001133
褋芯 0,447767 0,000678
锌褍褌械褕械褋褌胁懈械 2,827314 0,004284
泻芯薪褜泻芯斜械卸泻邪 3,183989 0,004824
褋斜芯褉薪邪褟 0,342407 0,000519
蟹邪褟胁谢械薪懈械 0,799165 0,001211
泻胁邪谢懈褎懈泻邪褑懈褟 1,695912 0,002570
屑懈写 3,520461 0,005334
褕胁械褑懈褟 1,035554 0,001569
锌芯屑芯褖褜 1,368699 0,002074
泻芯褉芯褋褌械谢械胁邪 3,743604 0,005672
褌邪泄屑 1,633391 0,004950
谐谢邪胁邪 1,122566 0,005103
胁 0,017911 0,000461
褍泻褉邪懈薪械褑 2,827314 0,004284
谢械写褟薪芯泄 3,338139 0,005058
褉械泻谢邪屑邪 0,687247 0,002083
褌褉褍褋芯胁 2,490841 0,003774
褎懈谐褍褉懈褋褌泻邪 2,239527 0,010180
懈 0,023953 0,000363
懈薪褌械褉 1,633391 0,002475
泄 0,825834 0,010010
泻 0,132686 0,000402
懈蟹胁械褋褌薪褘泄 0,986764 0,001495
屑 0,534779 0,004862
谢邪泄褎褏邪泻懈 4,436752 0,006722
芯 0,042302 0,000577
泻褏谢 0,760451 0,002304
锌褉懈蟹胁邪褌褜 2,085376 0,006319
懈褋褋谢械写芯胁邪薪懈械 2,038856 0,003089
褋 0,036149 0,000110
芯褉褍卸懈械 2,421849 0,003669
芯薪邪 0,597299 0,000905
ru 0,285712 0,001299
褍 0,342407 0,001038
褎懈褌薪械褋 1,546380 0,002343
褟写械褉薪褘泄 3,743604 0,005672
ctrl 3,520461 0,005334
锌芯锌褉褘谐邪褌褜 5,129899 0,007773
胁泻 3,520461 0,005334
懈褋锌芯谢褜蟹芯胁邪褌褜褋褟 1,159607 0,001757
邪胁褌芯 0,925206 0,001402
芯薪懈 0,524729 0,000795
胁邪谢懈械胁 2,185460 0,003311
胁褘褋褌褍锌谢械薪懈械 0,955511 0,001448
锌褉懈谐褉芯蟹懈褌褜 5,129899 0,007773
褑械薪薪芯褋褌褜 2,932674 0,004443
褑械褉械屑芯薪懈褟 2,134166 0,003234
褋斜褘褌褜褋褟 5,129899 0,007773
懈蟹胁械褋褌薪芯 1,871802 0,002836
屑懈褉 0,277868 0,001263
胁械褉薪褍褌褜褋褟 0,986764 0,001495
芯褌泻褉褘褌懈械 1,695912 0,002570
蟹邪锌邪写 2,085376 0,003160
锌褉芯泄褌懈 0,544931 0,000826
褋褌褉褍泻褌褍褉邪 1,574551 0,002386
褔械屑锌懈芯薪邪褌 0,188256 0,000856
胁褘 0,309617 0,000938
term 3,338139 0,005058
褌械锌械褉褜 0,971016 0,001471
褋胁芯 2,932674 0,004443
褉芯褋褋懈泄褋泻懈泄 0,224624 0,001702
写械谢芯 1,664163 0,002521
褉芯谢懈泻 3,743604 0,005672
胁褘懈谐褉邪褌褜 0,485508 0,001471
芯斜懈褌邪薪懈械 3,743604 0,005672
褌褉邪泻褌芯褉 1,994404 0,003022
锌褉芯褌械褋褌 2,732003 0,004139
褍锌褉械泻薪褍褌褜 5,129899 0,007773
褉芯褋褋懈褟 0,139466 0,001690
懈薪褌械褉薪械褌 1,574551 0,002386
邪褌谢械褌懈泻芯 1,911023 0,002895
褝胁邪泻褍懈褉芯胁邪褌褜 4,031286 0,006108
芯芯芯 1,871802 0,005672
锌芯写邪褉芯泻 2,827314 0,004284
谐芯褌芯胁懈褌褜 2,421849 0,003669
锌芯斜械写懈褌械谢褜 0,799165 0,001211
械胁褉芯锌械械褑 2,932674 0,004443
懈蟹斜懈褌褘泄 4,436752 0,006722
懈蟹褉邪懈谢褜 2,085376 0,003160
薪邪蟹胁邪褌褜 0,940244 0,004274
锌谢械泄 1,002764 0,001519
锌芯芯斜械褖邪褌褜 3,520461 0,005334
锌芯褟胁懈褌褜褋褟 1,159607 0,003514
懈蟹斜懈褌褜 4,436752 0,006722
褍泻褉邪懈薪邪 1,217876 0,003691
薪芯褋懈褌褜 1,664163 0,002521
懈褌邪谢懈褟 0,524729 0,000795
锌芯写褉芯斜薪芯褋褌褜 2,239527 0,003393
锌械褉械写 0,839439 0,002544
锌芯谐懈斜薪褍褌褜 2,421849 0,003669
褋邪泄褌 0,411400 0,001247
芯褌泻褉芯胁械薪懈械 3,520461 0,005334
褉邪薪懈褌褜 4,031286 0,006108
褋谢芯卸薪褘泄 1,871802 0,002836
谐邪谢械褉械褟 2,732003 0,004139
褕邪薪褋 1,258698 0,001907
斜芯泄泻芯褌 2,827314 0,004284
褉芯褋褋懈褟薪懈薪 0,971016 0,004414
褋械胁械褉薪褘泄 1,492313 0,002261
胁懈写褘谢械褌薪懈械 3,743604 0,005672
写褉褍谐芯泄 0,188256 0,000285
legal 3,743604 0,005672
薪邪褔邪褌褜 1,279751 0,001939
褌邪泻械褉邪 3,520461 0,005334
褌褉械褏泻褉邪褌薪褘泄 4,436752 0,006722
褍薪懈褔褌芯卸械薪懈械 3,743604 0,005672
褋懈谢芯胁芯泄 2,296685 0,003480
泻邪褉邪斜邪褏 2,038856 0,003089
械胁褉芯锌邪 0,393700 0,000597
锌芯泻邪蟹邪褌褜 0,504926 0,001530
写懈褋泻芯屑褎芯褉褌 4,436752 0,006722
褎械泻邪谢懈褟 4,436752 0,006722
褞谢邪械胁 2,185460 0,003311
erid 2,239527 0,003393
蟹邪锌褉械褌懈褌褜 1,178655 0,001786
褏芯写 1,279751 0,001939
锌芯褋芯谢 0,301585 0,001371
褋械斜褟 0,597299 0,001810
芯谢懈屑锌懈泄褋泻懈泄 0,342407 0,002594
锌械褉懈芯写 1,035554 0,001569
写械斜褞褌 2,239527 0,003393
褔懈褋谢芯 0,955511 0,001448
vk 1,441019 0,004367
蟹薪邪褌褜 1,345709 0,002039
褉邪蟹屑械褖械薪懈械 2,296685 0,003480
泻芯褉械褟 1,695912 0,002570
胁懈写 0,393700 0,000597
蟹薪邪屑械薪芯褋械褑 4,436752 0,006722
写褉械胁薪懈泄 2,421849 0,003669
褌褉邪褋褋邪 2,134166 0,003234
写薪芯 2,827314 0,004284
芯写懈薪 0,342407 0,000519
谐芯褉薪褘泄 2,644992 0,004008
褉械写邪泻褑懈褟褉械泻谢邪屑邪泻芯薪褌邪泻褌褘锌褉械褋褋 3,743604 0,005672
锌芯写薪褟褌褜 2,185460 0,003311
屑褍褔薪芯泄 5,129899 0,007773
胁懈写械芯 0,699082 0,003178
褔械褏懈褟 1,258698 0,001907
褉械谢懈蟹褘褌械褏锌芯写写械褉卸泻邪褋锌械褑锌褉芯械泻褌褘胁邪泻邪薪褋懈懈rss锌褉邪胁芯胁邪褟 3,743604 0,005672
褔褌芯 0,195425 0,000296
胁褘褟胁懈褌褜 2,732003 0,004139
锌褉邪胁懈褌褜 0,544931 0,000826
写芯谢懈薪邪 3,338139 0,005058
蟹邪 0,125952 0,000954
芯褑械薪懈褌褜 1,603538 0,007289
褏懈褉褍褉谐 4,031286 0,006108
泻邪薪邪写邪 0,867219 0,001314
live 1,492313 0,006783
写械褉蟹泻懈泄 3,338139 0,005058
屑械写邪谢褜 0,619039 0,000938
薪邪卸邪褌褜 3,338139 0,005058
褞薪邪泄褌械写 2,185460 0,003311
褉芯褋褋懈褟薪泻邪 2,085376 0,003160
锌芯褋谢械写薪懈泄 0,376309 0,000570
写芯屑 1,911023 0,002895
蟹邪胁械褉褕懈褌褜 1,052361 0,011161
斜褉邪褌褜 2,239527 0,003393
褌褉邪薪褋谐械薪写械褉 5,129899 0,007773
褋锌芯褉褌褋屑械薪泻邪 1,664163 0,002521
泻褍谢褜褌褍褉邪 1,392229 0,002109
xa 3,743604 0,005672
蟹邪谐褉褍蟹泻邪 3,338139 0,005058
邪褉褏懈胁 1,198073 0,001815
胁懈写褘褏芯泻泻械泄邪胁褌芯褋锌芯褉褌蟹芯卸 3,743604 0,005672
wada 3,338139 0,005058
褋褌邪褌褜褟 0,495170 0,000750
谢邪写薪芯 5,129899 0,007773
屑芯泻薪褍褌褜 1,574551 0,004771
懈薪褎械泻褑懈褟 3,338139 0,005058
蟹邪褟胁懈褌褜 1,140915 0,001729
褋褕邪 0,586604 0,002666
锌芯胁芯写 2,239527 0,003393
蟹邪褏芯褌械褌褜 3,050457 0,004622
卸邪谢芯斜邪 2,644992 0,004008
锌械褌褉芯褋褟薪 1,441019 0,006550
锌械褖械褉邪 3,520461 0,005334
懈蟹 0,106018 0,000803
褋褌褉邪薪薪褘泄 2,490841 0,003774
褌械褏薪懈泻 1,695912 0,002570
褋褉械写邪 1,871802 0,002836
屑懈褉芯胁芯泄 0,955511 0,001448
芯褌胁械褌懈褌褜 1,664163 0,002521
褕胁械泄褑邪褉懈褟 1,258698 0,001907
泻邪褌邪褌褜褋褟 3,338139 0,005058
斜懈邪褌谢芯薪懈褋褌 1,994404 0,006044
褋褉械写懈 0,597299 0,000905
胁芯谢芯薪褌械褉 4,031286 0,006108
锌芯谢褍褔懈褌褜 0,384967 0,000583
褝泻褋泻谢褞蟹懈胁褘 2,732003 0,004139
褎褉邪蟹邪 3,520461 0,010668
褋锌邪褉褌邪泻 0,711058 0,001077
褏芯泻泻械泄 0,285712 0,000433
锌谢邪褋褌懈褔械褋泻懈泄 4,436752 0,006722
enter 3,338139 0,005058
褎邪泻褌芯褉 2,421849 0,003669
褋谢械写懈褌褜 1,994404 0,003022
褋写械谢邪褌褜 0,853233 0,001293
泻芯屑邪薪写邪 0,262364 0,000398
蟹写芯褉芯胁褜械 1,323236 0,002005
写邪薪懈褟 1,834062 0,002779
写械邪泻褌懈胁懈褉芯胁邪褌褜 3,743604 0,005672
锌褉械写褍锌褉械写懈褌褜 4,031286 0,006108
蟹械谢械薪褋泻芯屑褍 3,743604 0,005672
斜邪泄械褉 1,994404 0,003022
芯褎褎 1,019025 0,001544
薪芯胁懈褔芯泻 1,797694 0,002724
斜械谢褘泄 1,574551 0,002386
胁芯蟹胁褉邪褖械薪懈械 1,466337 0,004443
锌械褉械谐芯胁芯褉褘 2,239527 0,003393
薪械锌褉褟械胁芯泄 3,743604 0,005672
芯胁械褔泻懈薪 1,695912 0,002570
屑械褔褌邪 2,185460 0,003311
械写懈薪褘泄 1,104547 0,001674
褝褋褌芯薪懈褟 2,296685 0,003480
褏芯褌械褌褜 1,104547 0,001674
屑懈薪懈褋褌褉 2,185460 0,006623
屑械卸写褍薪邪褉芯写薪褘泄 0,466460 0,000707
邪褉屑懈褟 2,296685 0,003480
蟹邪斜芯褌邪 3,338139 0,005058
屑邪褌褜 3,050457 0,009244
屑邪褌褔 0,293617 0,006673
褉械蟹泻懈泄 2,085376 0,003160
锌芯卸邪谢芯胁邪褌褜 3,183989 0,004824
写械褌邪谢褜 2,644992 0,004008
褋褌邪褌褜 0,217244 0,000329
屑屑邪蟹懈屑薪懈械 3,743604 0,005672
褌褉邪屑锌 3,338139 0,005058
褞薪懈芯褉 1,345709 0,002039
锌芯褋褌芯褟薪薪褘泄 0,881403 0,001335
薪褜褞泻邪褋谢 2,085376 0,003160
斜芯谢褜褕褍薪芯胁 2,185460 0,003311
芯谢懈屑锌懈邪泻芯褋 2,085376 0,003160
蟹邪写械褉卸邪褌褜 2,644992 0,004008
写懈薪邪屑芯 0,663991 0,001006
ranyndt 3,743604 0,005672
胁褗械蟹写 4,031286 0,006108
斜褘褌 4,031286 0,006108
褋锌械褑锌褉芯械泻褌 1,994404 0,003022
褝褌芯 0,181139 0,000549
褍泻褉邪懈薪褋泻懈泄 1,797694 0,005448
写芯锌懈薪谐 1,871802 0,005672
lenta 2,239527 0,003393
褋锌芯褉褌褋屑械薪 0,565551 0,003428
褉邪褋褋泻邪蟹邪褌褜 1,122566 0,006803
薪芯胁芯褋褌褜 0,285712 0,002164
褌褟谐邪 4,436752 0,006722
胁邪褕懈薪谐褌芯薪 1,994404 0,003022
褋谢褍褔邪泄 0,867219 0,001314
褋屑懈 1,546380 0,002343
胁蟹褟褌褜 1,159607 0,001757
械谐芯 0,447767 0,000678
锌芯泻芯谢械薪懈械 2,827314 0,004284
泻邪褌邪褋褌褉芯褎邪 3,338139 0,005058
写械褌褜 0,619039 0,001876
卸懈蟹薪褜 0,881403 0,004006
褌芯谢褜泻芯 0,447767 0,000678
褋芯褞蟹 1,301257 0,001972
薪邪褍褔懈褌褜褋褟 3,183989 0,004824
锌芯卸邪谢芯胁邪褌褜褋褟 2,732003 0,004139
蟹邪褋褌邪胁懈褌褜 2,490841 0,003774
褋谢邪写泻芯械 3,743604 0,005672
卸邪褌褜 3,743604 0,005672
胁芯泄褌懈 0,608110 0,001843
谐谢懈屑褌 2,038856 0,003089
褋褌邪褉褌 1,035554 0,001569
屑薪 2,490841 0,003774
屑械褋褌芯 0,402511 0,000610
vkvideo 3,743604 0,011344
懈谢懈 0,576022 0,000873
褎懈薪谢褟薪写懈褟 1,323236 0,002005
谢懈谐邪 0,325878 0,001975
cooki 2,564949 0,003886
褉芯写薪懈薪邪 3,183989 0,014473
褌褍褉薪懈褉 0,293617 0,000445
褎芯薪斜械褌 1,466337 0,004443
褋褌褘泻芯胁芯泄 1,911023 0,011582
锌邪屑褟褌褜 2,185460 0,003311
写芯锌褍褋褌懈褌褜 1,546380 0,002343
褝泻芯薪芯屑懈泻邪 2,296685 0,003480
薪邪 0,023953 0,000544
锌邪褉邪谢懈屑锌懈邪写褘 3,338139 0,005058
薪械懈蟹谢械褔懈屑褘泄 3,743604 0,005672
芯谢懈屑锌懈邪写邪 0,576022 0,011346
锌褉芯胁邪谢懈褌褜 3,520461 0,005334
薪械 0,099461 0,000151
芯锌械褔邪褌泻邪 2,564949 0,003886
懈褋锌芯谢褜蟹芯胁邪褌褜 0,940244 0,001425
褌褉邪屑锌谢懈薪 1,140915 0,001729
褋芯谐谢邪褕械薪懈械 1,466337 0,002222
褏芯褉芯褕懈泄 0,393700 0,001193
斜褉褞谐谐械 1,951845 0,002957
谢邪胁褉 2,932674 0,004443
薪械芯褔械胁懈写薪褘泄 3,338139 0,005058
泻邪褉谢褋芯薪邪 3,520461 0,005334
芯斜褘褔薪褘泄 2,038856 0,003089
写谢懈褌褜 0,146292 0,000443
薪芯褉胁械卸褋泻懈泄 1,345709 0,002039
谐褉邪卸写邪薪褋褌胁芯 2,421849 0,003669
芯斜 0,217244 0,000329
褎褉懈褋褌邪泄谢懈褋褌泻邪 3,743604 0,005672
锌褉芯写芯谢卸邪褌褜 1,258698 0,001907
锌械褉胁褘泄 0,317714 0,001444
褉械邪谢褜薪褘泄 1,871802 0,002836
卸褍谢褜薪懈褔械褋褌胁芯 3,743604 0,005672
锌械薪懈褋 4,031286 0,006108
芯薪 0,475938 0,000721
褋褋褋褉 0,940244 0,001425
褔械屑锌懈芯薪 0,334108 0,002025
芯褌 0,160085 0,000728
褎械胁褉邪谢褜 0,202645 0,009211
锌褉褘谐褍薪 3,520461 0,005334
斜褍写械 2,038856 0,003089
薪械卸械谢邪薪懈械 4,436752 0,006722
锌芯屑械薪褟褌褜 2,644992 0,004008
褋谢芯胁邪泻懈褟 1,664163 0,002521
谐械褉屑邪薪懈泄 0,723179 0,001096
胁褋械芯谢懈屑锌懈邪写邪褋褌邪胁泻懈褎褍褌斜芯谢斜芯泻褋 3,743604 0,005672
褋谢邪褌褜 1,728701 0,002619
褎懈谐褍褉懈褋褌褘泄 1,871802 0,002836
懈谐褉邪 0,112619 0,001194
泻邪泻 0,232059 0,000703
胁械褉薪褍褌褜 1,695912 0,002570
褋褌邪褌褍褋 1,279751 0,001939
褉邪褋泻褉褘褌褘泄 2,932674 0,004443
屑懈薪褜 2,134166 0,003234
谢褘卸邪 0,925206 0,001402
胁褋械 0,067304 0,000204
锌褉懈薪懈屑邪褌褜 0,955511 0,001448
褍褋谢芯胁懈械 0,334108 0,001519
锌褉芯褌懈胁 0,747872 0,001133
谐芯褉薪芯谢褘卸薪懈泻 3,338139 0,005058
卸械薪械胁邪 3,050457 0,004622
谐谢邪胁薪芯械 0,524729 0,001590
ok 3,743604 0,005672
锌芯 0,073653 0,000223
褋邪谢邪胁邪褌 2,085376 0,003160
谐写械 0,675551 0,001024
懈薪褌械褉胁褜褞 0,971016 0,001471
褌褉邪胁屑邪 1,122566 0,001701
褉邪褋泻褉褘褌褜 1,871802 0,002836
写懈褋泻胁邪谢懈褎懈褑懈褉芯胁邪褌褜 2,085376 0,003160
锌褉懈褋褍褌褋褌胁懈械 2,732003 0,004139
胁懈写械褌褜 1,994404 0,003022
谢褘卸薪懈泻 2,085376 0,006319
褋屑械薪懈褌褜 1,466337 0,002222
胁械褉褌芯谢械褌 4,031286 0,006108
褍谢褍褔褕械薪懈械 2,827314 0,004284
懈薪褎芯褉屑邪褑懈褟屑懈薪懈 3,743604 0,005672
屑邪褌械褉懈邪谢 0,309617 0,000469
薪邪褍泻邪 2,732003 0,004139
斜褘褌褜 0,119263 0,000723
锌械褉械褌褜 0,359214 0,000544
褌褍褌斜械褉懈写蟹械 2,085376 0,006319
