париж 1,392229 0,000847
финал 0,699082 0,000425
устоять 4,436752 0,002699
мгту 4,031286 0,002452
формула 1,574551 0,003831
новый 0,239550 0,000437
лев 2,827314 0,001720
калининградский 3,520461 0,006424
образ 1,178655 0,000717
рпл 1,140915 0,002082
тур 1,159607 0,011991
медальный 1,797694 0,002187
еще 0,167054 0,000305
теннис 0,475938 0,000869
любить 1,466337 0,000892
dota 2,490841 0,001515
локо 3,183989 0,001937
ставка 0,799165 0,000486
апл 1,871802 0,001139
центр 0,773190 0,002822
нтмк 4,436752 0,010795
конькобежка 3,183989 0,001937
важный 0,986764 0,001200
закрутиться 5,129899 0,003120
полный 0,940244 0,001144
скиатлоне 4,031286 0,002452
проиграть 1,104547 0,000672
рейд 2,490841 0,001515
обыграть 1,122566 0,010925
в 0,017911 0,000556
е 0,867219 0,000528
реклама 0,687247 0,001672
фото 0,799165 0,000486
и 0,023953 0,000335
к 0,132686 0,000484
добиться 2,085376 0,001268
велоспорт 1,178655 0,000717
м 0,534779 0,002602
альпинизм 1,301257 0,001583
о 0,042302 0,000360
с 0,036149 0,000308
сейчас 1,104547 0,001344
челябинский 3,743604 0,002277
перфлюенс 2,564949 0,001560
у 0,342407 0,000833
новосибирск 2,490841 0,003030
х 0,986764 0,001200
авто 0,925206 0,000563
они 0,524729 0,001277
сезон 0,723179 0,000440
резервист 4,436752 0,002699
мэджик 4,436752 0,002699
я 0,747872 0,001365
поп 1,664163 0,001012
добыть 3,183989 0,001937
футбол 0,247097 0,000752
мир 0,277868 0,001521
атлетика 0,955511 0,001162
наступить 3,743604 0,002277
опуститься 3,338139 0,002030
лейкерс 2,239527 0,001362
вхл 1,664163 0,001012
регби 0,955511 0,000581
информационный 1,122566 0,000683
даби 2,827314 0,001720
бруклин 2,296685 0,001397
теперь 0,971016 0,001181
екатеринбург 2,296685 0,001397
драка 2,134166 0,001298
время 0,384967 0,000234
билль 2,296685 0,001397
ооо 1,871802 0,003416
тренд 2,185460 0,001329
okko 2,357310 0,001434
гаджеты 2,421849 0,001473
мощный 2,038856 0,002480
саночник 3,338139 0,002030
проблема 1,122566 0,002731
главный 0,565551 0,000688
максимально 2,644992 0,001609
шайба 0,986764 0,000600
rds 1,911023 0,001162
обсуждать 1,797694 0,001093
либеро 4,031286 0,002452
италия 0,524729 0,000319
футзал 2,085376 0,001268
брейк 3,050457 0,001856
bellat 2,490841 0,001515
isu 1,603538 0,000975
терзичу 5,129899 0,003120
правовой 2,038856 0,001240
сноуборд 1,178655 0,001434
показать 0,504926 0,000614
пляжный 1,603538 0,001951
крутой 2,239527 0,002724
мма 1,069456 0,002602
инна 2,296685 0,004191
кремль 2,421849 0,001473
судья 1,035554 0,000630
олимпизм 1,466337 0,000892
бахрейн 2,932674 0,001784
себя 0,597299 0,000363
олимпийский 0,342407 0,000625
осечка 5,129899 0,003120
млс 2,296685 0,001397
уверенно 2,490841 0,006060
дэвис 1,633391 0,000994
нападение 2,357310 0,001434
гонка 0,853233 0,002076
гран 1,518981 0,001848
один 0,342407 0,000208
кучер 2,357310 0,001434
волейбол 0,955511 0,024992
видео 0,699082 0,001276
мотогонка 2,490841 0,001515
волейбольный 3,338139 0,004061
биатлон 0,485508 0,001181
плавание 1,178655 0,000717
чм 1,492313 0,002723
эфир 1,695912 0,002063
нация 1,797694 0,001093
локомотив 0,839439 0,008680
live 1,492313 0,000908
выход 1,178655 0,000717
притормозить 4,436752 0,002699
московский 1,574551 0,001916
завершить 1,052361 0,000640
момент 0,910391 0,000554
counter 1,911023 0,001162
содружество 1,518981 0,000924
фаворит 2,134166 0,005193
помочь 1,238078 0,000753
выписать 4,031286 0,002452
труд 2,357310 0,001434
константин 2,185460 0,003988
букмекер 1,140915 0,002082
николов 4,436752 0,002699
арсенал 1,323236 0,000805
тереть 0,786093 0,000956
ресурс 0,812411 0,000494
лидер 1,258698 0,002297
джин 2,038856 0,001240
южный 1,159607 0,000705
среда 1,871802 0,001139
технология 0,786093 0,000478
ranym 2,564949 0,001560
остаться 1,301257 0,000792
санкт-петербург 2,827314 0,005159
киберспорт 1,762603 0,001072
удача 3,743604 0,004554
девушка 1,797694 0,001093
самбо 1,994404 0,001213
скидка 2,185460 0,001329
подряд 1,258698 0,000766
атака 1,762603 0,002144
трансфер 1,492313 0,000908
brave 2,564949 0,001560
девятый 2,490841 0,001515
фигурка 3,520461 0,002141
результат 0,524729 0,005426
ливерпуль 1,951845 0,001187
wta 2,038856 0,003721
мобильный 0,555188 0,000675
чемпионский 1,574551 0,001916
команда 0,262364 0,001277
большой 0,687247 0,000418
ranynuevrg 2,564949 0,001560
вклад 0,955511 0,000581
лос 1,518981 0,000924
офф 1,019025 0,000620
заречье 3,743604 0,002277
конференция 1,392229 0,000847
зенит 0,867219 0,008968
pfl 2,421849 0,001473
суперкар 2,564949 0,001560
единый 1,104547 0,000672
пробить 3,338139 0,002030
слаутина 5,129899 0,003120
стать 0,217244 0,000396
нужно 1,492313 0,000908
скелетон 1,258698 0,000766
слаутиной 5,129899 0,003120
сравниться 4,436752 0,002699
грабли 5,129899 0,003120
вчера 1,518981 0,000924
соперница 2,827314 0,001720
керлинг 1,086847 0,000661
равный 1,466337 0,000892
два 0,504926 0,000614
прыжок 0,940244 0,001144
разобраться 3,520461 0,002141
strike 2,564949 0,001560
новость 0,285712 0,002085
стоить 1,546380 0,000941
тренер 0,555188 0,001013
дерби 2,357310 0,002868
михаил 1,301257 0,000792
жизнь 0,881403 0,000536
перестановка 3,050457 0,001856
com 0,925206 0,000563
шорты 1,035554 0,000630
сериал 2,185460 0,001329
нхл 0,925206 0,001126
или 0,576022 0,001051
анджелес 1,492313 0,000908
константинов 5,129899 0,006241
турнир 0,293617 0,000893
призер 1,178655 0,000717
горнолыжный 1,301257 0,001583
аравия 1,834062 0,001116
уступить 1,368699 0,001665
табло 2,357310 0,001434
дрифт 2,421849 0,001473
баскский 1,664163 0,001012
канал 1,416327 0,000862
доигровщица 5,129899 0,003120
политик 0,224624 0,000137
хороший 0,393700 0,001437
спокойный 3,338139 0,006091
тренировка 0,895792 0,000545
падел 2,296685 0,001397
белгородский 3,743604 0,002277
готовиться 2,296685 0,004191
играть 0,895792 0,001635
билет 2,085376 0,001268
фигурный 0,514778 0,000939
конфиденциальность 0,293617 0,000179
паралимпиада 2,490841 0,001515
гандбол 1,122566 0,000683
релиз 1,911023 0,001162
шахматы 1,834062 0,001116
первый 0,317714 0,000193
паралимпиаде 2,490841 0,001515
остановиться 2,827314 0,001720
мхл 1,603538 0,000975
непряева 2,932674 0,001784
пять 1,140915 0,002082
итог 0,867219 0,000528
февраль 0,202645 0,007149
идти 1,159607 0,000705
евротур 2,357310 0,001434
тетюхин 4,436752 0,010795
антонио 3,050457 0,001856
суббота 2,732003 0,001662
германий 0,723179 0,000440
бюджет 2,827314 0,001720
никто 1,574551 0,000958
игра 0,112619 0,000548
мощь 3,183989 0,001937
против 0,747872 0,000455
профессиональный 1,052361 0,000640
гайда 2,564949 0,001560
главное 0,524729 0,002873
так 0,597299 0,000363
фифа 1,728701 0,001052
уралочка 3,743604 0,015940
любительский 1,416327 0,000862
кто 0,747872 0,003639
баз 1,664163 0,001012
увезти 3,743604 0,002277
активный 1,546380 0,000941
уралочки 4,031286 0,009808
потребоваться 3,338139 0,004061
раскрыть 1,871802 0,001139
событие 0,565551 0,001720
зафиксировать 1,994404 0,001213
использование 0,277868 0,000169
англия 1,238078 0,000753
неделя 1,217876 0,001482
счастливый 2,932674 0,001784
тая 2,827314 0,001720
мотивация 2,357310 0,001434
championat 1,834062 0,001116
быть 0,119263 0,000508
окко 2,490841 0,001515
уралочку 4,436752 0,002699
мчм 2,490841 0,001515
александров 3,338139 0,002030
молодежный 1,159607 0,000705
бессмысленно 3,338139 0,006091
ак 1,695912 0,001032
неприступный 5,129899 0,003120
зимний 0,663991 0,000404
партия 2,644992 0,008044
роль 1,695912 0,001032
спорт 0,125952 0,000690
ледовый 1,994404 0,001213
задуматься 3,743604 0,002277
франция 0,675551 0,000411
карполя 4,436752 0,005398
мочь 0,350775 0,001067
рекордсменка 4,031286 0,002452
метар 3,743604 0,002277
этот 0,350775 0,001067
шоу 1,441019 0,000877
проходная 4,031286 0,002452
сам 0,747872 0,000455
борьба 0,723179 0,000880
карполь 5,129899 0,003120
сан 2,038856 0,001240
остановить 1,994404 0,002426
четыре 0,910391 0,000554
приложение 1,574551 0,001916
сборная 0,342407 0,000625
аутсайдер 3,050457 0,001856
отлично 3,183989 0,001937
санный 1,301257 0,000792
женский 0,663991 0,007270
правило 0,986764 0,000600
сорваться 3,743604 0,002277
паратриатлон 2,490841 0,001515
край 1,994404 0,001213
фристайл 1,238078 0,001506
гимнастика 1,198073 0,000729
уефа 1,466337 0,001784
давление 2,732003 0,001662
доигровке 5,129899 0,003120
дать 0,608110 0,000370
кхл 0,760451 0,001388
пресс 0,895792 0,000545
действовать 0,825834 0,000502
диагональный 4,031286 0,007356
смочь 1,069456 0,001301
белогорье 4,031286 0,029425
кубок 0,376309 0,002747
легенда 1,416327 0,000862
спортивный 0,301585 0,000183
во 0,495170 0,000602
женщина 0,663991 0,004443
уметь 2,932674 0,005352
игрок 0,711058 0,002595
прогноз 1,994404 0,001213
колодинский 4,436752 0,008096
парень 2,827314 0,001720
югра 3,183989 0,001937
мужской 1,198073 0,016033
rss 2,085376 0,002537
открытие 1,695912 0,001032
раз 0,485508 0,000886
чемпионат 0,188256 0,001947
вы 0,309617 0,000377
киберклубы 2,564949 0,001560
барселона 1,416327 0,000862
российский 0,224624 0,000820
ranymavgga 2,564949 0,001560
испания 1,159607 0,001411
аба 2,490841 0,001515
выиграть 0,485508 0,000295
краснодарский 2,827314 0,005159
версия 0,393700 0,000718
факел 2,296685 0,006985
россия 0,139466 0,001527
го 1,279751 0,007006
тест 1,546380 0,000941
смотреть 1,368699 0,002498
турнирный 1,086847 0,000661
рекорд 0,955511 0,000581
свой 0,586604 0,000714
дрогнуть 4,031286 0,002452
последниевсе 2,564949 0,001560
свое 0,457070 0,000278
чтобы 0,773190 0,000941
январь 0,786093 0,000956
получиться 2,564949 0,001560
настольный 1,198073 0,000729
плей 1,002764 0,000610
игорь 1,871802 0,002277
без 0,466460 0,000284
еврокубок 2,296685 0,001397
перед 0,839439 0,001021
сайт 0,411400 0,000250
до 0,239550 0,000146
полезный 1,695912 0,001032
представитель 1,238078 0,000753
другой 0,188256 0,000115
соответствие 1,002764 0,000610
новосибирский 3,338139 0,006091
классик 2,732003 0,001662
трек 1,104547 0,000672
европа 0,393700 0,000479
atp 1,994404 0,003639
ямал 4,031286 0,004904
блок 2,421849 0,001473
ее 0,723179 0,000440
газпром 2,732003 0,001662
завтра 1,951845 0,001187
евро 1,466337 0,000892
реслинг 2,564949 0,001560
кино 2,134166 0,001298
erid 2,239527 0,004087
кинг 2,239527 0,001362
питание 2,239527 0,001362
баскетбол 0,723179 0,000440
тулицы 4,031286 0,002452
саудовский 1,834062 0,001116
mls 2,421849 0,001473
знать 1,345709 0,001637
mdvh 2,564949 0,001560
фортуна 2,421849 0,001473
вид 0,393700 0,000718
сет 2,644992 0,003218
ураган 4,031286 0,002452
польза 1,834062 0,001116
спёрс 3,743604 0,002277
внести 2,239527 0,001362
евролига 1,664163 0,001012
android 2,185460 0,001329
попасть 1,140915 0,002082
поражение 1,122566 0,000683
регулярке 3,743604 0,002277
осилить 5,129899 0,003120
чемп 2,564949 0,001560
что 0,195425 0,000238
краснодар 0,867219 0,000528
за 0,125952 0,000306
урок 2,932674 0,001784
бобслей 1,217876 0,000741
рейтинг 0,524729 0,004788
трансляция 1,217876 0,000741
зачет 1,416327 0,001723
сыграть 0,839439 0,000511
сид 2,490841 0,001515
монстр 3,338139 0,002030
применяться 1,217876 0,000741
если 0,675551 0,000411
статья 0,495170 0,000301
блокировать 3,183989 0,001937
оренбуржье 5,129899 0,018722
казанский 2,564949 0,001560
дакар 2,421849 0,001473
из 0,106018 0,000193
play 1,441019 0,000877
еврокубки 1,546380 0,000941
мяч 0,735450 0,000447
галстук 5,129899 0,003120
наш 0,652562 0,000794
нба 1,546380 0,002822
улыбнуться 5,129899 0,003120
над 0,986764 0,002401
приручить 5,129899 0,003120
контакт 1,035554 0,000630
пятница 3,338139 0,002030
ови 2,490841 0,001515
демин 2,827314 0,001720
хоккей 0,285712 0,001217
гроза 4,031286 0,007356
фактически 2,357310 0,001434
двоеборье 1,217876 0,000741
казань 1,301257 0,008707
здоровье 1,323236 0,000805
рекомендательный 1,518981 0,000924
прочий 1,069456 0,005855
ски 1,069456 0,001301
серия 0,586604 0,000357
цска 0,711058 0,000433
разный 1,368699 0,001665
довести 3,338139 0,002030
ралли 2,357310 0,002868
год 0,099461 0,000060
матч 0,293617 0,009287
суперлига 1,441019 0,067493
соперник 0,853233 0,000519
младший 1,911023 0,001162
лыжный 0,675551 0,000822
который 0,325878 0,000991
орландо 3,743604 0,002277
конькобежный 1,140915 0,001388
легкий 0,895792 0,001090
наталья 3,050457 0,003711
динамо 0,663991 0,004443
снукер 2,564949 0,001560
ман 4,436752 0,002699
рамка 1,441019 0,000877
победа 0,420369 0,002813
ли 1,198073 0,000729
знание 1,951845 0,002375
паратхэквондо 2,490841 0,001515
зоран 4,031286 0,002452
сегодня 0,881403 0,000536
кошмар 2,827314 0,006879
lifestyl 2,490841 0,001515
такой 0,735450 0,000447
интрига 3,520461 0,002141
америка 1,279751 0,002335
сити 1,546380 0,000941
деть 0,619039 0,000377
алекно 5,129899 0,012482
стен 3,050457 0,001856
нужный 1,834062 0,001116
создание 1,633391 0,000994
неожиданный 2,296685 0,002794
усвоить 4,436752 0,002699
начало 0,760451 0,000925
место 0,402511 0,000245
евробаскет 2,490841 0,001515
лига 0,325878 0,002180
отдых 2,038856 0,001240
мы 0,195425 0,000357
на 0,023953 0,000379
топ 1,238078 0,006778
олимпиада 0,576022 0,001402
водный 0,723179 0,000440
тот 0,393700 0,000479
месть 3,743604 0,002277
не 0,099461 0,000665
барс 1,492313 0,000908
календарь 0,675551 0,000411
трамплин 1,140915 0,001388
вербовый 4,436752 0,008096
онлайн 0,773190 0,000470
любитель 1,238078 0,000753
но 0,402511 0,001224
уральский 3,338139 0,002030
таблица 0,711058 0,000865
три 1,178655 0,000717
длить 0,146292 0,000267
звезда 1,035554 0,001890
клубный 1,416327 0,000862
об 0,217244 0,000396
пламя 4,436752 0,005398
принести 1,871802 0,001139
ои 0,812411 0,001483
бой 1,279751 0,001557
накрыть 4,436752 0,002699
мужчина 0,812411 0,004942
амплуа 3,520461 0,002141
тащить 4,436752 0,002699
браться 3,183989 0,001937
чемпион 0,334108 0,001016
даже 1,198073 0,001458
от 0,160085 0,000195
бокс 0,534779 0,000976
железо 2,357310 0,001434
слать 1,728701 0,001052
присниться 5,129899 0,012482
катание 0,514778 0,000939
как 0,232059 0,000423
лыжа 0,925206 0,001126
все 0,067304 0,000409
условие 0,334108 0,000406
по 0,073653 0,001747
правда 2,134166 0,001298
воронков 4,436752 0,002699
плохой 1,994404 0,004853
расписание 1,664163 0,013159
огромный 2,296685 0,001397
информация 0,608110 0,000370
круг 1,392229 0,000847
круглосуточный 2,564949 0,001560
ярослав 2,732003 0,001662
партнер 1,159607 0,001411
ufc 1,441019 0,000877
второе 0,839439 0,001532
произойти 1,178655 0,000717
сенсационный 3,050457 0,001856
яркий 1,762603 0,003216
второй 0,576022 0,000701
переть 0,359214 0,000656
бомбардир 1,871802 0,001139
