состояться 1,140915 0,001078
состоять 1,279751 0,000403
стандартный 2,185460 0,000688
отличительный 3,743604 0,001179
latina 1,603538 0,000505
мамедов 3,743604 0,001179
уитмана 5,129899 0,001615
день 0,699082 0,000440
лед 1,951845 0,008604
экспорт 0,986764 0,000311
пластика 5,129899 0,001615
владение 2,421849 0,001525
ไทย 1,238078 0,000390
日本語 1,035554 0,000326
со 0,447767 0,000282
делиться 2,185460 0,000688
учеба 3,338139 0,001051
slovenščina 1,345709 0,000424
под 0,723179 0,000911
парусный 1,574551 0,000496
заявление 0,799165 0,000252
лезвие 4,031286 0,001269
стабильный 2,085376 0,000657
парной 2,644992 0,013325
связаться 0,867219 0,000273
либела 5,129899 0,003230
декабрь 0,853233 0,000537
пом 1,695912 0,000534
закрепляться 3,743604 0,001179
перетяжка 5,129899 0,001615
человек 0,940244 0,000296
незавершенный 3,183989 0,002005
подробный 0,687247 0,000216
немного 2,038856 0,000642
содержание 0,955511 0,000602
eesti 1,069456 0,000337
связь 0,747872 0,000235
čeština 1,035554 0,000326
артиллерия 5,129899 0,001615
амер 3,520461 0,001108
сейчас 1,104547 0,000348
находка 2,564949 0,001615
нога 1,664163 0,002096
мастерство 2,564949 0,000808
викисклад 1,035554 0,000652
britannica 1,518981 0,000478
kaszëbsczi 3,183989 0,001003
корфбол 1,762603 0,000555
каноэ 1,633391 0,000514
вяхямаа 5,129899 0,001615
пройти 0,544931 0,001029
возникновение 2,644992 0,000833
slovenčina 1,069456 0,000337
шаг 2,038856 0,008345
machin 1,633391 0,000514
wikipedia 0,986764 0,000621
сложность 1,951845 0,001844
scott 4,031286 0,002539
gnd 1,392229 0,000438
оригинал 1,441019 0,000454
опытный 1,994404 0,000628
отредактировать 0,986764 0,000311
c 1,546380 0,000487
проект 0,457070 0,000288
ориентировочный 5,129899 0,001615
эстетичность 5,129899 0,001615
i 1,762603 0,001110
union 3,183989 0,001003
про 1,301257 0,000410
ушу 1,728701 0,000544
the 1,546380 0,000487
s 1,664163 0,000524
викиновости 1,238078 0,000390
главный 0,565551 0,000356
w 0,955511 0,000301
скачок 4,436752 0,001397
x 1,279751 0,000403
также 0,663991 0,001045
роберт 2,185460 0,000688
шайба 0,986764 0,000311
член 1,416327 0,000446
العربية 1,069456 0,000337
появиться 1,159607 0,001460
фризский 1,762603 0,000555
прошлый 1,518981 0,000478
пересечение 3,050457 0,001921
крейг 4,436752 0,001397
тысячелетие 3,338139 0,001051
терминология 3,183989 0,001003
isu 1,603538 0,003029
прием 1,911023 0,000602
трава 1,392229 0,000877
находиться 0,925206 0,000291
собачий 1,762603 0,000555
развлечение 2,932674 0,000923
начать 1,279751 0,000403
библиографический 1,279751 0,000403
пря 5,129899 0,001615
конгресс 2,185460 0,000688
прослушивать 5,129899 0,001615
правка 0,986764 0,000621
однако 1,069456 0,000337
батут 1,728701 0,000544
серфинг 1,762603 0,000555
себя 0,597299 0,000564
tolışi 1,871802 0,000589
сальто 5,129899 0,001615
летие 2,421849 0,001525
система 0,799165 0,001007
việt 1,140915 0,000359
отказ 0,839439 0,000264
дзюдо 1,466337 0,000462
гонка 0,853233 0,000537
допускаться 1,911023 0,000602
поддержка 1,546380 0,002434
максвелл 5,129899 0,001615
один 0,342407 0,000647
саша 3,520461 0,001108
дисциплина 1,546380 0,003408
одиночный 2,239527 0,006346
иметь 1,069456 0,000337
колоссально 5,129899 0,001615
вперед 1,797694 0,001698
садовский 5,129899 0,001615
выясниться 3,743604 0,001179
связный 5,129899 0,001615
вено 3,183989 0,001003
практический 1,546380 0,000487
музыкальность 5,129899 0,001615
генрих 3,520461 0,002217
последний 0,376309 0,000237
сторона 1,069456 0,000337
майкл 2,239527 0,000705
демонстрация 3,520461 0,001108
архив 1,198073 0,000377
инвентарь 2,085376 0,000657
труд 2,357310 0,000742
pdf 0,940244 0,000296
германский 3,520461 0,001108
привлекательный 3,743604 0,001179
сша 0,586604 0,001662
описание 0,881403 0,000555
ресурс 0,812411 0,000256
передвижение 3,183989 0,001003
стремительный 3,338139 0,001051
южный 1,159607 0,000365
заменить 1,546380 0,000487
техник 1,695912 0,001068
недостаток 1,574551 0,000496
bahasa 1,086847 0,000684
мичиган 4,436752 0,001397
пластичность 5,129899 0,001615
tonya 5,129899 0,001615
тоня 2,932674 0,001847
качество 1,323236 0,000417
через 0,971016 0,000611
зрение 2,296685 0,000723
lietuvių 1,140915 0,000359
различать 3,520461 0,001108
словарь 1,198073 0,000377
археолог 4,031286 0,001269
стрельба 1,441019 0,000907
официально 1,159607 0,001095
разработчик 0,971016 0,000306
красилов 5,129899 0,001615
кайзер 5,129899 0,001615
ноябрь 0,955511 0,000903
хейнс 5,129899 0,001615
команда 0,262364 0,000578
встречаться 1,994404 0,000628
сквош 1,728701 0,000544
вклад 0,955511 0,000301
indonesia 1,086847 0,000342
текст 0,925206 0,000291
являться 1,019025 0,001604
проводиться 1,086847 0,000342
тарасов 2,827314 0,000890
секунда 1,633391 0,000514
esperanto 1,198073 0,000377
горшков 4,436752 0,001397
единый 1,104547 0,000348
перейти 0,586604 0,000369
телесериал 5,129899 0,001615
нужно 1,492313 0,000940
скелетон 1,258698 0,000396
українська 1,035554 0,000326
совместный 2,564949 0,001615
зубец 5,129899 0,001615
популяризация 2,932674 0,000923
аксель 3,743604 0,004715
группа 1,122566 0,001414
лякросс 1,762603 0,000555
xviii 2,421849 0,000763
гидроблейд 5,129899 0,001615
ответственность 0,895792 0,000282
литовский 1,951845 0,000615
спортсмен 0,565551 0,001425
françai 1,019025 0,000321
рэкетс 1,728701 0,000544
взять 1,159607 0,000365
стоить 1,546380 0,000974
его 0,447767 0,000141
гравюра 4,031286 0,001269
красивый 2,644992 0,001666
создаваться 3,338139 0,001051
только 0,447767 0,000423
ndl 1,834062 0,000577
php 0,986764 0,000311
cite 1,258698 0,000793
бадминтон 1,518981 0,000478
байдарка 1,603538 0,000505
шорты 1,035554 0,000326
сериал 2,185460 0,001376
võro 2,932674 0,000923
целый 1,492313 0,000470
относиться 1,368699 0,000862
горнолыжный 1,301257 0,000410
баскский 1,664163 0,000524
причем 1,871802 0,000589
шестибалльная 5,129899 0,001615
frysk 1,762603 0,000555
лутца 5,129899 0,001615
заглавный 0,986764 0,000311
гэльский 1,762603 0,000555
picard 2,827314 0,000890
хороший 0,393700 0,000248
канат 1,762603 0,000555
колено 2,296685 0,000723
когда 0,652562 0,000411
ব 1,416327 0,000446
конфиденциальность 0,293617 0,000092
гандбол 1,122566 0,001060
ল 1,416327 0,000446
svenska 1,035554 0,000326
общий 0,986764 0,001553
фигурист 3,050457 0,003842
назад 1,140915 0,001078
аракава 5,129899 0,001615
чего 1,345709 0,000424
моторный 1,762603 0,000555
хюблер 4,436752 0,002794
дополнение 3,183989 0,001003
ссср 0,940244 0,001184
будо 1,762603 0,000555
виталий 2,239527 0,000705
джексон 3,520461 0,002217
приобрести 2,038856 0,000642
идти 1,159607 0,000365
продемонстрировать 3,183989 0,002005
выполнить 1,834062 0,001155
нестандартный 3,050457 0,000960
уточнить 3,050457 0,000960
фехтование 1,546380 0,000487
статус 1,279751 0,000403
перетягивание 1,762603 0,000555
сохранять 2,564949 0,000808
против 0,747872 0,000235
тодес 5,129899 0,001615
общество 1,871802 0,001179
так 0,597299 0,000564
главное 0,524729 0,000661
там 1,603538 0,000505
зубцовым 5,129899 0,001615
французский 1,052361 0,000331
interlingua 1,603538 0,000505
федерация 0,495170 0,000312
возникнуть 2,038856 0,000642
развиваться 2,185460 0,000688
где 0,675551 0,000213
основание 1,416327 0,000892
издание 1,574551 0,000496
зубцовые 5,129899 0,001615
одиночка 3,338139 0,001051
qualifi 4,031286 0,001269
позволять 1,664163 0,000524
англия 1,238078 0,000390
участвовать 0,955511 0,000903
сообщить 0,447767 0,000141
примечание 1,002764 0,000631
пятиборье 1,574551 0,000496
быть 0,119263 0,000713
европейский 1,122566 0,000353
послужить 3,520461 0,001108
физкультура 1,994404 0,002512
точка 1,762603 0,000555
teaser 5,129899 0,001615
отмечать 2,421849 0,000763
ласточка 5,129899 0,003230
исключение 1,695912 0,000534
присед 5,129899 0,001615
скалолазание 1,695912 0,000534
есть 0,812411 0,001023
волчок 4,031286 0,002539
хмара 5,129899 0,001615
линия 1,466337 0,000462
спорт 0,125952 0,001150
одесса 4,031286 0,001269
конный 1,574551 0,000496
разработать 1,728701 0,000544
просмотр 0,925206 0,000291
национальный 0,839439 0,000264
english 0,925206 0,000583
франция 0,675551 0,000213
перерыв 1,762603 0,000555
выполнять 1,994404 0,000628
этот 0,350775 0,000663
недоступный 2,296685 0,001446
четыре 0,910391 0,001433
сказать 1,368699 0,000431
марка 1,834062 0,004620
suomi 1,052361 0,000331
колесо 3,338139 0,001051
друг 1,518981 0,000957
швеция 1,035554 0,000978
насчитывать 3,338139 0,001051
feinberg 5,129899 0,003230
qaraqalpaqsha 2,038856 0,000642
бронзовый 1,345709 0,000847
глава 1,122566 0,000707
основной 1,122566 0,006362
восьмерка 3,338139 0,002102
фигуристка 2,239527 0,000705
creativ 0,986764 0,000311
известный 0,986764 0,000621
ныне 2,357310 0,000742
можно 1,002764 0,000631
anim 4,436752 0,002794
основное 1,368699 0,000431
română 1,122566 0,000353
размах 3,743604 0,001179
немецкий 1,797694 0,001698
элемент 0,925206 0,006700
медж 5,129899 0,001615
позволить 2,085376 0,000657
nkc 1,574551 0,000496
координационный 4,436752 0,001397
спортивный 0,301585 0,001139
аглая 5,129899 0,001615
женщина 0,663991 0,001463
выступление 0,955511 0,000301
сеньор 5,129899 0,001615
portuguê 1,035554 0,000326
рубен 3,743604 0,001179
мужской 1,198073 0,002641
физ 4,436752 0,001397
впервые 0,839439 0,000264
oʻzbekcha 1,140915 0,000359
базовый 2,490841 0,001569
раз 0,485508 0,000153
чемпионат 0,188256 0,001423
поворот 2,827314 0,000890
ўзбекча 1,140915 0,000359
latviešu 1,052361 0,000331
образование 2,038856 0,000642
плавность 4,436752 0,001397
пожалуйста 1,633391 0,000514
российский 0,224624 0,000071
анарио 5,129899 0,001615
скольжение 3,743604 0,003536
цель 1,238078 0,000390
борода 4,031286 0,001269
приехать 2,134166 0,001344
версия 0,393700 0,000496
спустя 1,911023 0,000602
выделить 2,085376 0,000657
обычно 1,695912 0,000534
зарегистрировать 0,711058 0,000224
требование 1,797694 0,001698
тем 1,217876 0,000767
популярный 1,392229 0,000438
откатывать 5,129899 0,001615
поло 1,441019 0,000907
без 0,466460 0,000587
выполнение 2,185460 0,000688
знак 0,986764 0,000311
правый 0,971016 0,000611
штат 2,185460 0,000688
судейский 2,421849 0,000763
почетный 2,421849 0,000763
соответствие 1,002764 0,000316
австралийский 1,633391 0,000514
европа 0,393700 0,001364
блок 2,421849 0,000763
юсуповском 5,129899 0,001615
бег 2,564949 0,001615
связывать 3,743604 0,001179
направление 1,728701 0,001633
критерий 2,490841 0,001569
кандидат 2,296685 0,000723
запретить 1,178655 0,000371
уточнение 3,050457 0,000960
пока 1,159607 0,000365
посол 0,301585 0,000285
грациознейших 5,129899 0,001615
медиафайлы 1,217876 0,000767
королев 3,338139 0,001051
клуб 0,652562 0,000616
оцениваться 2,827314 0,000890
galego 1,178655 0,000371
старый 1,159607 0,000365
page 0,986764 0,000311
короткий 0,699082 0,001101
синхронность 4,436752 0,001397
кроме 1,368699 0,000862
подход 3,183989 0,001003
давосе 4,031286 0,001269
лебедев 3,183989 0,001003
служебный 0,955511 0,000301
подкаминская 5,129899 0,001615
кодекс 0,971016 0,000306
длительный 2,932674 0,000923
положение 1,416327 0,000892
тип 1,345709 0,000424
карат 1,728701 0,000544
канада 0,867219 0,000819
бобслей 1,217876 0,000383
news 2,185460 0,000688
associ 0,986764 0,000311
олег 1,871802 0,000589
культура 1,392229 0,000877
намного 2,932674 0,000923
свободный 0,867219 0,000819
статья 0,495170 0,003742
существовать 1,122566 0,001414
если 0,675551 0,000425
современный 1,159607 0,002191
wikimedia 0,986764 0,000311
уделить 4,436752 0,002794
медведев 1,633391 0,000514
честь 1,911023 0,000602
кулуарный 5,129899 0,001615
музыка 2,357310 0,002227
посвятить 1,994404 0,000628
возрастной 2,296685 0,000723
поза 2,827314 0,000890
групповой 1,603538 0,001515
ранний 1,492313 0,000940
ελληνικά 1,086847 0,000342
делить 2,732003 0,001720
многие 1,178655 0,000371
получить 0,384967 0,000606
cast 5,129899 0,001615
язык 0,925206 0,000291
марго 5,129899 0,001615
attain 5,129899 0,003230
архивировать 1,104547 0,002434
заклон 5,129899 0,003230
связанный 0,786093 0,000495
melayu 1,368699 0,000431
планет 2,827314 0,000890
прочий 1,069456 0,000337
wayback 1,633391 0,000514
italiano 1,035554 0,000326
год 0,099461 0,001628
ангелина 4,436752 0,001397
айсшток 1,728701 0,000544
международный 0,466460 0,001469
հայերեն 1,198073 0,000377
андрей 1,258698 0,000396
башҡортса 1,518981 0,000478
матч 0,293617 0,000092
снаряжение 3,338139 0,002102
кайбара 5,129899 0,001615
euskara 1,122566 0,000353
поэтому 1,392229 0,000877
подкрутка 4,436752 0,004191
вносить 3,183989 0,001003
српскохрватски 1,416327 0,000446
крупный 1,198073 0,000754
улиг 5,129899 0,001615
бестия 5,129899 0,001615
web 1,279751 0,000806
танцор 5,129899 0,001615
универсальный 1,911023 0,000602
bokmål 1,069456 0,000337
селиван 5,129899 0,001615
последовательность 3,050457 0,000960
подбора 3,520461 0,001108
текущий 0,867219 0,000273
тов 4,436752 0,001397
страна 0,641262 0,000404
улучшить 1,951845 0,000615
засчитать 2,357310 0,000742
петр 1,392229 0,001315
шаблон 1,441019 0,000454
инструмент 0,881403 0,000555
сразу 1,392229 0,000877
глима 1,762603 0,000555
создать 0,773190 0,000974
такой 0,735450 0,000926
планерный 1,762603 0,000555
сопровождение 4,436752 0,001397
asturianu 1,323236 0,000417
элегантный 5,129899 0,001615
неожиданный 2,296685 0,000723
ямамото 5,129899 0,001615
کوردی 1,762603 0,000555
бедро 2,932674 0,000923
проходить 0,867219 0,001365
печать 0,955511 0,000602
необычный 2,827314 0,000890
благодаря 1,441019 0,000454
отталкивание 3,743604 0,001179
включать 1,323236 0,001667
пелота 1,728701 0,000544
летний 0,619039 0,000390
некий 3,520461 0,001108
afrikaan 1,441019 0,000454
фонд 0,895792 0,000282
совершенно 3,183989 0,001003
тот 0,393700 0,000248
обсуждение 0,867219 0,000546
трамплин 1,140915 0,000359
наиболее 1,466337 0,000462
сложно 2,134166 0,000672
организация 0,663991 0,000418
указать 1,198073 0,000377
titl 0,986764 0,000311
содержать 2,134166 0,000672
товарный 0,986764 0,000311
история 0,270086 0,001106
македонский 1,258698 0,000396
почтовый 2,296685 0,005785
длить 0,146292 0,000368
школа 1,492313 0,000940
татьяна 2,932674 0,000923
норвегия 1,279751 0,000403
обратить 3,338139 0,001051
реберный 5,129899 0,004846
разделение 2,644992 0,000833
skate 4,031286 0,001269
название 1,035554 0,000326
поиск 0,711058 0,000448
чемпион 0,334108 0,000526
площадка 1,574551 0,000496
руководить 2,085376 0,000657
аналогичный 2,085376 0,000657
исполняться 3,338139 0,001051
соединение 3,338139 0,001051
ритм 4,031286 0,002539
oldid 0,986764 0,000311
железо 2,357310 0,000742
катание 0,514778 0,018478
фига 4,436752 0,001397
петербургский 2,185460 0,001376
первое 0,393700 0,001611
как 0,232059 0,001315
участник 0,799165 0,000503
танцевальный 4,031286 0,002539
лыжа 0,925206 0,000583
алексей 1,140915 0,000718
условие 0,334108 0,000316
кат 4,436752 0,001397
отсутствовать 2,564949 0,000808
фильм 2,185460 0,003441
род 2,932674 0,000923
достижение 1,279751 0,000403
тарашкевіца 1,198073 0,000377
рок 1,695912 0,000534
зима 2,644992 0,000833
партнер 1,159607 0,000365
тулуп 4,031286 0,003808
авторство 0,986764 0,000311
высокий 0,760451 0,000958
эгида 1,728701 0,001089
второе 0,839439 0,000264
яркий 1,762603 0,000555
второй 0,576022 0,000181
català 1,086847 0,000342
специальный 1,217876 0,000767
dansk 1,069456 0,000337
новый 0,239550 0,000377
поведение 0,839439 0,000264
фигура 2,827314 0,008012
бсэ 4,436752 0,001397
служить 2,644992 0,000833
еще 0,167054 0,000105
происходить 1,466337 0,000462
теннис 0,475938 0,000300
сидзука 5,129899 0,001615
заключаться 2,421849 0,000763
успех 1,518981 0,000478
риттбергер 4,436752 0,004191
финский 1,518981 0,000478
петербург 1,345709 0,002542
فارسی 1,104547 0,000348
менее 1,258698 0,000396
важный 0,986764 0,000932
наряд 2,357310 0,000742
беларуская 1,069456 0,000673
изготавливать 3,520461 0,001108
свидетельствовать 4,031286 0,002539
зрелищный 2,932674 0,000923
александр 0,839439 0,000793
помощь 1,368699 0,000431
исполнение 2,239527 0,005641
а 0,209918 0,000463
в 0,017911 0,000733
викимедиа 0,986764 0,000311
д 0,895792 0,000282
webcit 2,038856 0,000642
е 0,867219 0,000819
и 0,023953 0,000566
качественный 3,050457 0,000960
к 0,132686 0,000376
л 2,038856 0,000642
велоспорт 1,178655 0,000371
одиночники 5,129899 0,001615
м 0,534779 0,000505
н 0,895792 0,000564
azərbaycanca 1,258698 0,000396
о 0,042302 0,000080
альпинизм 1,301257 0,000410
санкт 1,279751 0,002418
с 0,036149 0,000319
исследование 2,038856 0,000642
скейтбординг 1,762603 0,000555
т 1,368699 0,000862
у 0,342407 0,000431
ф 1,728701 0,000544
х 0,986764 0,001243
течение 1,238078 0,000390
четверка 3,050457 0,000960
скачать 0,895792 0,000564
дополнительный 0,940244 0,000592
они 0,524729 0,000496
сезон 0,723179 0,000228
э 2,296685 0,000723
удивительный 3,520461 0,001108
оно 2,038856 0,000642
я 0,747872 0,000235
лутц 4,031286 0,003808
буг 5,129899 0,001615
футбол 0,247097 0,000389
конек 2,296685 0,015909
мир 0,277868 0,001487
releas 3,743604 0,001179
атлетика 0,955511 0,000602
англичанка 4,031286 0,001269
by 0,971016 0,000306
регби 0,955511 0,000602
deadlink 2,038856 0,000642
русский 0,760451 0,000239
входить 1,258698 0,000396
копия 1,416327 0,000892
этап 0,895792 0,001128
cc 0,986764 0,000311
александрович 2,490841 0,000784
классический 1,834062 0,000577
shqip 1,466337 0,000462
время 0,384967 0,000242
конец 1,035554 0,000978
австрия 1,871802 0,000589
staff 4,031286 0,001269
покоить 5,129899 0,001615
внутренний 2,038856 0,000642
европеец 2,932674 0,000923
победитель 0,799165 0,000503
раздеть 1,871802 0,001179
составлять 1,518981 0,000478
ульрих 3,520461 0,001108
наружное 4,031286 0,001269
город 1,069456 0,000337
неофициальный 2,134166 0,000672
hollywood 5,129899 0,001615
粵語 1,178655 0,000371
тройка 2,421849 0,001525
викиданных 0,986764 0,000311
каталог 1,301257 0,000410
викискладе 1,217876 0,000767
требовать 1,466337 0,000462
сноуборд 1,178655 0,000371
показать 0,504926 0,000318
победить 0,699082 0,000220
впоследствии 1,911023 0,000602
спирать 5,129899 0,011306
задача 1,546380 0,000487
дополнить 2,827314 0,001780
ким 4,031286 0,001269
олимпийский 0,342407 0,001833
хёрлинг 1,762603 0,000555
читать 0,555188 0,000175
описать 2,357310 0,000742
далекий 1,416327 0,000446
сальхов 4,031286 0,005077
полчаса 4,436752 0,001397
тяжелый 0,940244 0,000296
древние 2,932674 0,000923
робби 5,129899 0,001615
единство 4,436752 0,001397
крыжовник 5,129899 0,001615
англ 1,159607 0,001460
командный 1,002764 0,000316
оценка 1,797694 0,000566
коломенкин 4,436752 0,002794
волейбол 0,955511 0,000301
британский 2,239527 0,000705
интересный 2,085376 0,000657
академический 1,546380 0,000487
плавание 1,178655 0,000742
биатлон 0,485508 0,000153
загребин 5,129899 0,001615
пожертвовать 0,940244 0,000296
дуга 3,183989 0,001003
exclus 4,436752 0,001397
лишь 1,159607 0,000365
оскар 2,357310 0,000742
корректив 3,520461 0,001108
произвольный 1,994404 0,004396
япония 1,279751 0,000806
ссылка 0,699082 0,002201
удерживать 3,338139 0,001051
момент 0,910391 0,000287
ото 4,031286 0,001269
джэёль 5,129899 0,001615
srpskohrvatski 1,416327 0,000446
середина 1,574551 0,000496
中文 1,035554 0,000326
тереть 0,786093 0,000248
комбинация 2,732003 0,002581
основа 1,301257 0,000410
foundat 0,986764 0,000311
разрабатываться 4,436752 0,001397
догилева 5,129899 0,001615
подобный 1,911023 0,000602
швейцария 1,258698 0,000396
среди 0,597299 0,000564
латвия 1,664163 0,000524
хоккейный 1,416327 0,000446
разъединение 4,436752 0,001397
конечность 3,520461 0,001108
специфический 4,031286 0,001269
https 0,699082 0,000220
квадах 1,762603 0,000555
отдельный 0,955511 0,001203
мобильный 0,555188 0,000175
гейнц 5,129899 0,001615
полоз 4,031286 0,001269
tiếng 1,140915 0,000359
עברית 1,052361 0,000331
index 0,986764 0,000311
большой 0,687247 0,000649
новисы 5,129899 0,001615
должен 0,597299 0,000376
избранный 0,955511 0,000301
бывать 2,490841 0,000784
танец 2,932674 0,020314
животное 3,743604 0,001179
исключить 1,441019 0,000454
стать 0,217244 0,000205
kurdî 1,834062 0,000577
потенциал 3,183989 0,001003
крикет 1,695912 0,000534
проявление 4,436752 0,001397
керлинг 1,086847 0,000342
обращение 0,910391 0,002007
чайковский 4,031286 0,001269
это 0,181139 0,000456
упряжка 1,762603 0,000555
триатлон 1,633391 0,000514
код 0,971016 0,007032
обнаружить 2,490841 0,000784
недалекий 3,520461 0,001108
два 0,504926 0,000795
смена 1,762603 0,001110
лука 1,104547 0,000348
прыжок 0,940244 0,005329
тодесы 5,129899 0,003230
url 0,986764 0,000311
поучиться 4,031286 0,001269
сентябрь 1,035554 0,000326
доступный 0,955511 0,000301
филателия 3,050457 0,001921
сантиметр 0,955511 0,000903
report 3,050457 0,000960
скользить 3,338139 0,001051
утверждение 1,695912 0,000534
ginban 5,129899 0,001615
состязание 2,038856 0,001926
войти 0,608110 0,000383
гольф 1,574551 0,000496
аниме 4,436752 0,002794
или 0,576022 0,000544
финляндия 1,323236 0,001250
измениться 2,038856 0,000642
отличие 1,695912 0,000534
особенный 3,183989 0,001003
призер 1,178655 0,000371
қазақша 1,178655 0,000371
рное 5,129899 0,001615
возраст 1,871802 0,001179
спираль 5,129899 0,009691
пахомов 5,129899 0,001615
пригласить 1,834062 0,000577
политик 0,224624 0,000071
включить 1,392229 0,001753
буква 2,357310 0,001484
алфавит 1,159607 0,000730
учетный 0,986764 0,000311
музей 2,490841 0,000784
много 0,735450 0,000695
представиться 0,986764 0,000311
ритмический 4,031286 0,001269
фигурный 0,514778 0,012643
программа 0,799165 0,005284
затем 1,301257 0,000410
эдинбург 3,520461 0,001108
разделяться 2,644992 0,000833
действие 1,518981 0,000478
енни 5,129899 0,001615
тоҷикӣ 1,695912 0,000534
конькобежец 3,338139 0,007357
зритель 1,518981 0,000478
первый 0,317714 0,000600
разрешить 1,664163 0,000524
no 1,911023 0,000602
людмила 3,520461 0,001108
пять 1,140915 0,000359
обязательный 1,695912 0,004272
февраль 0,202645 0,000319
ошибка 0,576022 0,000181
тогда 1,466337 0,000462
германий 0,723179 0,000228
игра 0,112619 0,000284
андерсон 3,520461 0,001108
deutsch 1,052361 0,000331
марта 0,853233 0,000537
датский 1,368699 0,000431
рэй 3,520461 0,001108
вращение 3,743604 0,018859
старший 1,695912 0,000534
on 2,239527 0,001410
пята 2,827314 0,000890
империя 2,239527 0,001410
впечатление 2,932674 0,000923
бильман 5,129899 0,003230
больший 0,457070 0,000576
nederland 1,019025 0,000321
специфика 3,520461 0,001108
укоротить 3,183989 0,001003
распространение 2,357310 0,000742
событие 0,565551 0,000178
носков 2,564949 0,000808
использование 0,277868 0,000087
август 1,035554 0,000978
самый 0,608110 0,000766
материал 0,309617 0,000097
мишин 3,520461 0,002217
скиджоринг 1,762603 0,000555
скиинг 1,762603 0,000555
соревнование 0,411400 0,004016
ph 1,762603 0,000555
кук 0,971016 0,000306
лицензия 0,971016 0,000306
перемена 3,338139 0,001051
фукс 4,031286 0,001269
ребро 4,031286 0,002539
архивный 1,518981 0,000957
одиночниц 4,436752 0,001397
гиллеспи 5,129899 0,001615
фаланга 4,436752 0,001397
зимний 0,663991 0,002091
представлять 1,217876 0,000767
исполняемый 5,129899 0,003230
роль 1,695912 0,003204
сад 3,743604 0,001179
ряд 1,198073 0,000377
навигация 0,986764 0,000932
страница 0,910391 0,001720
скобка 3,743604 0,001179
мочь 0,350775 0,000442
бургер 5,129899 0,003230
гамбург 3,183989 0,001003
борьба 0,723179 0,000228
запись 0,910391 0,000287
qr 0,986764 0,000311
сборная 0,342407 0,000108
дорожка 2,827314 0,002671
коэн 5,129899 0,001615
разнообразный 3,050457 0,001921
санный 1,301257 0,000410
женский 0,663991 0,001045
правило 0,986764 0,000311
каткий 3,338139 0,001051
саё 5,129899 0,001615
сохранение 0,971016 0,000306
吴语 1,238078 0,000390
фристайл 1,238078 0,000390
гимнастика 1,198073 0,000754
hrvatski 1,052361 0,000331
давление 2,732003 0,000860
дать 0,608110 0,000574
персональный 0,723179 0,000228
ænglisc 2,564949 0,000808
ru 0,285712 0,000090
действовать 0,825834 0,000260
век 1,258698 0,001189
кубок 0,376309 0,000118
во 0,495170 0,000468
sa 0,986764 0,000311
occitan 1,466337 0,000462
перечень 2,827314 0,000890
признать 1,834062 0,001155
уже 0,687247 0,000433
режиссер 3,338139 0,008408
дата 0,799165 0,001761
nynorsk 1,546380 0,000487
иса 3,743604 0,003536
традиционный 2,421849 0,000763
того 0,955511 0,000903
вы 0,309617 0,000097
медалист 3,183989 0,005013
веб 2,644992 0,000833
проводить 0,910391 0,000287
st 3,183989 0,001003
китайский 1,069456 0,000337
intern 2,357310 0,000742
español 1,019025 0,000321
спид 1,762603 0,000555
литература 1,695912 0,001602
жор 4,436752 0,001397
россия 0,139466 0,000263
го 1,279751 0,001209
yuri 5,129899 0,003230
миннеаполисе 5,129899 0,001615
артистизм 4,436752 0,001397
петля 3,743604 0,001179
tagalog 1,911023 0,000602
bosanski 1,345709 0,000424
свой 0,586604 0,000185
энциклопедия 0,986764 0,000932
ruff 5,129899 0,001615
свое 0,457070 0,000432
български 1,086847 0,000342
январь 0,786093 0,001733
чтобы 0,773190 0,000487
выкрюк 5,129899 0,001615
здесь 1,911023 0,000602
брейкинг 1,762603 0,000555
настольный 1,198073 0,000377
проведение 1,104547 0,000348
де 0,955511 0,000301
tv 2,564949 0,000808
сайт 0,411400 0,000259
культ 4,031286 0,001269
американский 0,910391 0,000287
до 0,239550 0,000302
рождение 1,518981 0,000478
ice 3,183989 0,002005
др 2,490841 0,002353
многочисленный 2,239527 0,000705
крюк 4,031286 0,002539
другой 0,188256 0,000356
сюда 0,986764 0,000311
континент 2,239527 0,002115
популярность 1,797694 0,000566
трек 1,104547 0,000348
давать 1,416327 0,000446
лидировать 2,085376 0,000657
ботинок 3,520461 0,001108
пар 1,416327 0,002676
цитировать 0,925206 0,000291
арбор 5,129899 0,001615
исток 3,050457 0,000960
мироч 5,129899 0,001615
norsk 1,052361 0,000663
лондон 1,911023 0,000602
баскетбол 0,723179 0,000228
параллельный 3,050457 0,000960
ido 1,546380 0,000487
гребля 1,518981 0,000957
флаг 0,895792 0,000282
жаркий 3,743604 0,001179
вид 0,393700 0,003347
же 0,853233 0,001075
неизменно 3,338139 0,001051
мастер 1,518981 0,000957
попасть 1,140915 0,000718
polski 1,035554 0,000326
освоить 3,338139 0,001051
джоунз 5,129899 0,001615
что 0,195425 0,000431
common 0,986764 0,000311
править 0,544931 0,009094
гастроль 5,129899 0,001615
софтбол 1,633391 0,000514
форма 1,086847 0,000342
глазго 3,520461 0,001108
org 0,986764 0,000621
зачет 1,416327 0,000446
вычерчивать 5,129899 0,001615
настоящее 1,368699 0,000431
костюм 2,932674 0,000923
левый 1,871802 0,000589
некоммерческий 0,986764 0,000311
даваться 3,050457 0,000960
советский 1,140915 0,000359
великобритания 1,664163 0,001572
позиция 1,392229 0,003069
любой 1,238078 0,000390
отличаться 1,664163 0,001048
оригинальный 2,827314 0,000890
из 0,106018 0,000434
оговариваться 4,031286 0,001269
художественный 1,518981 0,000478
перемещаться 3,050457 0,000960
оборот 3,338139 0,002102
мяч 0,735450 0,000232
ин 3,743604 0,001179
указание 0,986764 0,000621
случайный 0,986764 0,000311
скрытый 1,052361 0,000331
кость 3,183989 0,001003
швед 2,134166 0,000672
показательный 1,279751 0,000403
их 0,799165 0,000252
српски 1,035554 0,000326
издать 3,338139 0,001051
хоккей 0,285712 0,000360
оказаться 1,441019 0,000454
выброс 4,436752 0,005588
двоеборье 1,217876 0,000383
энна 4,031286 0,001269
тело 1,762603 0,000555
музыкальный 3,338139 0,001051
технический 1,416327 0,001338
ски 1,069456 0,000337
импровизация 5,129899 0,001615
kaleidoscop 4,436752 0,001397
srpski 1,035554 0,000326
движение 1,728701 0,002722
лейтенант 4,436752 0,001397
лыжный 0,675551 0,000425
идея 1,871802 0,001179
который 0,325878 0,000821
николай 1,994404 0,001256
юниор 1,345709 0,000847
постоянный 0,881403 0,000278
конькобежный 1,140915 0,000718
искусство 2,296685 0,002169
легкий 0,895792 0,000282
костяной 5,129899 0,001615
голландия 4,031286 0,002539
например 1,603538 0,002524
get 3,520461 0,001108
следующий 0,853233 0,000537
türkçe 1,052361 0,000331
панин 3,743604 0,002357
привести 1,466337 0,000462
корниенко 5,129899 0,001615
судейство 1,871802 0,000589
тщательный 3,743604 0,001179
елена 1,834062 0,000577
побеждать 1,951845 0,000615
президент 1,035554 0,000326
роман 1,797694 0,000566
трофим 4,436752 0,001397
случай 0,867219 0,000273
первоначально 1,951845 0,001229
한국어 1,035554 0,000326
вод 1,466337 0,000462
синхронный 1,574551 0,010907
союз 1,301257 0,002049
создание 1,633391 0,000514
несколько 0,971016 0,000306
предоставить 2,564949 0,000808
неквалификационные 5,129899 0,001615
date 3,743604 0,001179
начало 0,760451 0,000239
место 0,402511 0,000127
reveal 4,436752 0,001397
кантилевер 5,129899 0,001615
корень 2,932674 0,000923
бостон 2,296685 0,000723
лежать 2,421849 0,001525
мы 0,195425 0,000062
участие 0,457070 0,000288
крокет 1,728701 0,000544
на 0,023953 0,000370
водный 0,723179 0,000683
свежий 0,839439 0,000264
simpl 1,140915 0,000359
анна 1,695912 0,001068
не 0,099461 0,000282
xii 3,183989 0,001003
каждый 0,812411 0,000512
ни 1,603538 0,001515
носковые 5,129899 0,001615
онлайн 0,773190 0,000243
бауэр 4,031286 0,001269
любитель 1,238078 0,001169
но 0,402511 0,000887
толчок 2,490841 0,002353
xiv 2,490841 0,000784
писать 2,644992 0,000833
вызвать 1,797694 0,001132
раздел 1,574551 0,000992
киев 2,421849 0,000763
стейн 5,129899 0,001615
внешний 1,104547 0,000696
появление 2,239527 0,000705
категория 0,881403 0,001110
кривизна 4,031286 0,001269
норвежский 1,345709 0,000424
количество 0,853233 0,000269
бейсбол 1,416327 0,000892
magyar 1,086847 0,000342
модель 2,490841 0,000784
русская 1,797694 0,000566
об 0,217244 0,000137
уровень 1,086847 0,002053
влияние 2,644992 0,000833
ои 0,812411 0,022766
нет 0,825834 0,000260
справка 0,986764 0,000311
называться 1,603538 0,000505
флип 4,436752 0,004191
развитие 1,140915 0,000718
он 0,475938 0,000300
мужчина 0,812411 0,001023
изумленный 5,129899 0,001615
тхэквондо 1,633391 0,000514
даже 1,198073 0,000377
от 0,160085 0,000403
форум 0,867219 0,000273
зрелый 4,031286 0,001269
разряд 2,490841 0,000784
статистика 0,630089 0,000198
официальный 0,735450 0,001621
бокс 0,534779 0,000337
гилберт 4,436752 0,001397
фигуристый 1,871802 0,006483
network 3,743604 0,001179
связующий 3,743604 0,002357
трактат 4,436752 0,001397
award 3,183989 0,001003
внимание 1,695912 0,001602
все 0,067304 0,000233
принимать 0,955511 0,000301
википедия 0,986764 0,003107
сведение 0,786093 0,000248
возможность 1,279751 0,000806
по 0,073653 0,000765
монгол 1,518981 0,000478
inc 0,986764 0,000311
правда 2,134166 0,001344
художественность 5,129899 0,001615
огромный 2,296685 0,001446
постановка 3,743604 0,001179
сайерс 4,436752 0,001397
ние 4,436752 0,001397
круг 1,392229 0,000438
вандервела 5,129899 0,001615
очень 1,140915 0,000359
одиночников 4,436752 0,002794
кривич 5,129899 0,001615
беречь 3,743604 0,001179
сообщество 0,910391 0,000287
уходить 2,134166 0,000672
произойти 1,178655 0,000371
википедии 0,986764 0,000621
проверить 1,368699 0,000431
переть 0,359214 0,000226
книга 1,911023 0,001203
источник 0,786093 0,001485
общественность 3,520461 0,001108
