париж 1,392229 0,000833
состояться 1,140915 0,002729
чимаевым 5,129899 0,006136
формула 1,574551 0,002825
новый 0,239550 0,000143
титульником 5,129899 0,003068
образ 1,178655 0,001410
рпл 1,140915 0,001365
найти 1,122566 0,000671
пояс 2,564949 0,007670
медальный 1,797694 0,002150
вызов 2,357310 0,001410
пакьяо 4,031286 0,002411
еще 0,167054 0,000200
юновидову 5,129899 0,003068
пимблетт 5,129899 0,003068
теннис 0,475938 0,000569
выйти 0,773190 0,000462
любить 1,466337 0,003508
dota 2,490841 0,001490
ребенок 1,323236 0,000791
вокруг 2,296685 0,002747
ганом 4,436752 0,002654
ставка 0,799165 0,000478
согласие 2,038856 0,004878
центр 0,773190 0,001387
петербург 1,345709 0,001610
анонсировать 3,338139 0,001996
пойти 2,185460 0,001307
заявление 0,799165 0,000478
усман 4,031286 0,007233
уокер 5,129899 0,006136
полный 0,940244 0,001687
предложить 1,441019 0,000862
проиграть 1,104547 0,002642
пол 0,910391 0,002178
грэпплинг 4,031286 0,004822
александр 0,839439 0,002008
рейд 2,490841 0,001490
а 0,209918 0,000377
в 0,017911 0,000471
трудный 2,932674 0,001754
е 0,867219 0,000519
реклама 0,687247 0,001644
проанализировать 3,743604 0,006717
фото 0,799165 0,000478
и 0,023953 0,000501
джон 1,633391 0,001954
живой 3,520461 0,002106
к 0,132686 0,000079
велоспорт 1,178655 0,000705
разговор 2,564949 0,001534
альпинизм 1,301257 0,001557
о 0,042302 0,000228
санкт 1,279751 0,001531
вероятность 3,338139 0,003993
с 0,036149 0,000713
сейчас 1,104547 0,000661
перфлюенс 2,564949 0,001534
у 0,342407 0,000819
нога 1,664163 0,000995
роузи 4,031286 0,007233
х 0,986764 0,001180
британец 2,490841 0,001490
договориться 3,050457 0,001824
авто 0,925206 0,000553
неинтересный 4,436752 0,002654
суперзвезда 3,183989 0,001904
бросить 3,050457 0,001824
я 0,747872 0,002684
поп 1,664163 0,000995
вариант 1,492313 0,000893
футбол 0,247097 0,000591
потенциальный 3,183989 0,007617
продаться 5,129899 0,003068
мир 0,277868 0,001496
титульный 2,185460 0,001307
боксировать 4,436752 0,002654
атлетика 0,955511 0,001143
вхл 1,664163 0,000995
регби 0,955511 0,000571
информационный 1,122566 0,000671
шаг 2,038856 0,001219
теперь 0,971016 0,002904
русский 0,760451 0,000455
хабиб 2,296685 0,002747
боец 1,797694 0,007526
время 0,384967 0,000230
ромеро 4,436752 0,005307
забыть 2,932674 0,001754
создавать 2,357310 0,001410
zuffa 4,031286 0,002411
про 1,301257 0,000778
билль 2,296685 0,001374
ооо 1,871802 0,003358
джонни 4,031286 0,002411
тренд 2,185460 0,001307
ринг 3,338139 0,001996
okko 2,357310 0,001410
гаджеты 2,421849 0,001448
мощный 2,038856 0,001219
главный 0,565551 0,000338
проблема 1,122566 0,001343
ситуация 1,392229 0,001665
победитель 0,799165 0,000478
шавкат 2,564949 0,003068
составлять 1,518981 0,000908
шайба 0,986764 0,000590
аспиналл 5,129899 0,003068
появиться 1,159607 0,000694
rds 1,911023 0,001143
украина 1,217876 0,002185
обсуждать 1,797694 0,001075
италия 0,524729 0,000314
футзал 2,085376 0,001247
рехабе 5,129899 0,003068
джефф 3,050457 0,001824
knuckl 4,031286 0,004822
bellat 2,490841 0,001490
isu 1,603538 0,000959
нурмагомедова 5,129899 0,003068
отпраздновать 3,520461 0,002106
восемь 1,695912 0,001014
руслан 2,564949 0,001534
снова 1,574551 0,004709
прийтись 1,871802 0,001119
россиянин 0,971016 0,000581
правовой 2,038856 0,001219
чимаев 2,357310 0,005639
сидеть 2,421849 0,001448
выходец 4,436752 0,002654
выступить 1,238078 0,000740
карано 3,520461 0,004211
сноуборд 1,178655 0,001410
показать 0,504926 0,000906
победить 0,699082 0,000418
пляжный 1,603538 0,001918
мма 1,069456 0,004477
инна 2,296685 0,004121
промоушене 5,129899 0,003068
кремль 2,421849 0,001448
удалить 1,951845 0,004669
неактивный 5,129899 0,003068
однако 1,069456 0,000640
биволом 4,031286 0,004822
олимпизм 1,466337 0,000877
закрыть 2,490841 0,001490
себя 0,597299 0,001072
нокаутёр 4,436752 0,002654
олимпийский 0,342407 0,000205
карьер 0,925206 0,001107
млс 2,296685 0,001374
тяжеловес 3,520461 0,002106
система 0,799165 0,000478
тяжелый 0,940244 0,000562
силягиным 5,129899 0,003068
махачева 4,031286 0,012055
дэвис 1,633391 0,000977
гонка 0,853233 0,001531
промоушен 5,129899 0,003068
гран 1,518981 0,001817
один 0,342407 0,000205
волейбол 0,955511 0,001143
пятнашки 5,129899 0,003068
мотогонка 2,490841 0,001490
видео 0,699082 0,000836
биатлон 0,485508 0,000581
плавание 1,178655 0,000705
пятка 3,743604 0,002239
чм 1,492313 0,002678
оценить 1,603538 0,003836
жесткий 1,728701 0,002068
эфир 1,695912 0,002029
нация 1,797694 0,001075
часть 1,104547 0,000661
live 1,492313 0,000893
россиянка 2,085376 0,002494
провал 2,490841 0,001490
минута 0,940244 0,000562
сюрреалистичным 5,129899 0,003068
догонялки 5,129899 0,003068
counter 1,911023 0,001143
содружество 1,518981 0,000908
гангстер 4,436752 0,002654
букмекер 1,140915 0,002047
заявить 1,140915 0,003412
тереть 0,786093 0,000470
арсенал 1,323236 0,000791
ресурс 0,812411 0,000486
проводниковый 3,743604 0,002239
суметь 2,296685 0,001374
проехаться 4,436752 0,002654
джин 2,038856 0,001219
южный 1,159607 0,000694
говорить 1,834062 0,001097
мутный 5,129899 0,003068
технология 0,786093 0,000470
ranym 2,564949 0,001534
среди 0,597299 0,000357
уйти 1,392229 0,005829
киберспорт 1,762603 0,001054
артур 1,664163 0,001991
вальтер 3,520461 0,002106
названый 2,490841 0,001490
эксклюзив 2,357310 0,009869
самбо 1,994404 0,007157
скидка 2,185460 0,001307
сломать 3,338139 0,001996
трансфер 1,492313 0,000893
brave 2,564949 0,007670
девятый 2,490841 0,001490
официально 1,159607 0,002774
нравиться 2,932674 0,001754
бивола 5,129899 0,006136
wta 2,038856 0,003658
мобильный 0,555188 0,000664
чемпионский 1,574551 0,001883
пожалеть 4,031286 0,002411
большой 0,687247 0,000411
павел 1,834062 0,002194
назначить 1,871802 0,001119
царукян 5,129899 0,003068
ranynuevrg 2,564949 0,001534
зато 3,183989 0,001904
должен 0,597299 0,000714
конференция 1,392229 0,000833
возвращение 1,466337 0,002631
сигнал 3,050457 0,001824
pfl 2,421849 0,010139
суперкар 2,564949 0,001534
мечта 2,185460 0,001307
единый 1,104547 0,000661
мешать 2,644992 0,001582
хотеть 1,104547 0,001982
насытить 3,743604 0,002239
пенсионер 4,436752 0,002654
стать 0,217244 0,000780
раскритиковать 3,520461 0,002106
скелетон 1,258698 0,000753
работать 1,518981 0,000908
райана 4,436752 0,002654
потенциал 3,183989 0,001904
вчера 1,518981 0,000908
керлинг 1,086847 0,000650
пранкерами 4,031286 0,002411
бетербиев 2,421849 0,007242
провести 0,799165 0,001434
борзой 5,129899 0,003068
это 0,181139 0,000217
прическа 4,436752 0,002654
француз 2,239527 0,001339
слово 1,035554 0,000619
устояться 4,436752 0,002654
джейк 4,031286 0,004822
два 0,504926 0,000302
кинуть 5,129899 0,003068
прыжок 0,940244 0,001125
спортсмен 0,565551 0,000338
ветеран 1,994404 0,001193
недолюбливать 5,129899 0,003068
грёбаный 5,129899 0,003068
strike 2,564949 0,001534
сразиться 3,338139 0,001996
новость 0,285712 0,002051
его 0,447767 0,002142
тренер 0,555188 0,001992
ломать 4,031286 0,002411
жизнь 0,881403 0,001054
брат 2,134166 0,003829
вартан 4,031286 0,002411
средний 1,441019 0,002586
абсурдный 4,436752 0,002654
com 0,925206 0,000553
шорты 1,035554 0,000619
держать 2,490841 0,001490
сериал 2,185460 0,001307
нхл 0,925206 0,000553
турнир 0,293617 0,002107
потому 2,085376 0,001247
любовь 2,644992 0,001582
допустить 1,546380 0,000925
горнолыжный 1,301257 0,001557
аравия 1,834062 0,001097
табло 2,357310 0,001410
дрифт 2,421849 0,001448
канал 1,416327 0,000847
политик 0,224624 0,000134
почему 1,122566 0,002686
невероятно 3,743604 0,002239
смит 3,050457 0,001824
мартовский 4,031286 0,004822
хороший 0,393700 0,000235
бразилец 2,239527 0,001339
шикарный 3,183989 0,001904
гарри 3,050457 0,005473
тренировка 0,895792 0,000536
падел 2,296685 0,001374
стрикленд 4,031286 0,007233
когда 0,652562 0,001951
отреагировать 2,085376 0,003742
фигурный 0,514778 0,000616
ждать 1,492313 0,004463
программа 0,799165 0,000478
ван 2,296685 0,001374
конфиденциальность 0,293617 0,000176
паралимпиада 2,490841 0,001490
гандбол 1,122566 0,000671
побить 1,951845 0,003502
танк 4,031286 0,002411
разбираться 3,520461 0,002106
размазать 3,520461 0,002106
релиз 1,911023 0,001143
шахматы 1,834062 0,001097
продолжать 1,258698 0,000753
критика 1,951845 0,002335
зритель 1,518981 0,000908
первый 0,317714 0,000380
паралимпиаде 2,490841 0,001490
пост 2,085376 0,004989
выбраться 3,520461 0,002106
мхл 1,603538 0,000959
маддалены 5,129899 0,006136
февраль 0,202645 0,002909
идти 1,159607 0,000694
евротур 2,357310 0,001410
box 3,050457 0,001824
германий 0,723179 0,000433
игра 0,112619 0,000067
песня 3,338139 0,001996
затащить 4,436752 0,002654
зрелище 3,520461 0,002106
против 0,747872 0,002236
профессиональный 1,052361 0,006923
гайда 2,564949 0,001534
главное 0,524729 0,000941
так 0,597299 0,000357
там 1,603538 0,002877
титул 1,301257 0,001557
фифа 1,728701 0,001034
ставить 2,296685 0,001374
усик 2,296685 0,008242
опала 4,436752 0,002654
любительский 1,416327 0,000847
интервью 0,971016 0,000581
больший 0,457070 0,000820
высказаться 1,695912 0,004057
кто 0,747872 0,000895
волков 5,129899 0,003068
баз 1,664163 0,000995
активный 1,546380 0,000925
поединок 2,085376 0,011225
раскрыть 1,871802 0,005597
использование 0,277868 0,000166
англия 1,238078 0,000740
неделя 1,217876 0,002185
самый 0,608110 0,000364
мотивация 2,357310 0,001410
увольнение 2,827314 0,001691
гарсии 3,743604 0,002239
временный 4,031286 0,004822
масвидаль 5,129899 0,003068
камару 4,436752 0,002654
кулачный 2,421849 0,001448
заложник 4,436752 0,002654
championat 1,834062 0,001097
быть 0,119263 0,000357
беседа 4,031286 0,002411
окко 2,490841 0,001490
ниндзя 5,129899 0,003068
мчм 2,490841 0,001490
нигерийский 3,743604 0,002239
молодежный 1,159607 0,000694
есть 0,812411 0,000486
представлять 1,217876 0,001457
лечиться 5,129899 0,003068
нейту 5,129899 0,003068
спорт 0,125952 0,000527
емельяненко 2,421849 0,002897
ледовый 1,994404 0,001193
раздражаться 5,129899 0,003068
шон 3,183989 0,005713
франция 0,675551 0,000404
мочь 0,350775 0,000629
месяц 1,492313 0,000893
обозначить 2,827314 0,001691
церковь 3,520461 0,002106
этот 0,350775 0,000629
шоу 1,441019 0,000862
сам 0,747872 0,000447
борьба 0,723179 0,000433
приложение 1,574551 0,001883
сборная 0,342407 0,000614
уверить 2,085376 0,001247
умар 4,436752 0,002654
санный 1,301257 0,000778
женский 0,663991 0,000397
прибить 5,129899 0,003068
правило 0,986764 0,000590
сорваться 3,743604 0,004478
паратриатлон 2,490841 0,001490
непобежденный 3,183989 0,011426
уайт 3,520461 0,002106
фристайл 1,238078 0,001481
гимнастика 1,198073 0,000717
известный 0,986764 0,000590
бы 1,052361 0,001888
можно 1,002764 0,000600
уефа 1,466337 0,001754
дать 0,608110 0,001455
кхл 0,760451 0,000910
призвать 2,085376 0,008731
пресс 0,895792 0,000536
карда 3,743604 0,002239
возможный 1,392229 0,004163
зарабатывать 2,644992 0,001582
йоэль 5,129899 0,006136
кубок 0,376309 0,002251
легенда 1,416327 0,001694
спортивный 0,301585 0,000361
третий 1,238078 0,000740
женщина 0,663991 0,000397
вес 2,038856 0,008536
прогноз 1,994404 0,001193
парень 2,827314 0,005073
драться 2,827314 0,006764
чимаева 3,520461 0,010528
уже 0,687247 0,000411
дата 0,799165 0,000478
rss 2,085376 0,002494
вернуться 0,986764 0,001180
раз 0,485508 0,000290
чемпионат 0,188256 0,001464
того 0,955511 0,000571
вы 0,309617 0,000370
киберклубы 2,564949 0,001534
дюбуа 3,183989 0,001904
российский 0,224624 0,000269
ranymavgga 2,564949 0,001534
испания 1,159607 0,000694
исход 2,185460 0,001307
проводить 0,910391 0,000544
цель 1,238078 0,000740
выиграть 0,485508 0,000871
просто 1,492313 0,000893
душить 5,129899 0,003068
версия 0,393700 0,000706
чувствовать 3,050457 0,001824
iba 3,520461 0,004211
россия 0,139466 0,001251
джошуа 2,357310 0,002820
диаз 5,129899 0,003068
последниевсе 2,564949 0,001534
свое 0,457070 0,000273
встретиться 1,728701 0,001034
чтобы 0,773190 0,001850
бетербиевым 5,129899 0,003068
назвать 0,940244 0,001687
настольный 1,198073 0,000717
увести 4,031286 0,002411
кремлев 4,031286 0,002411
непросто 3,520461 0,006317
проведение 1,104547 0,000661
алмейды 5,129899 0,003068
без 0,466460 0,000558
еврокубок 2,296685 0,001374
перед 0,839439 0,000502
сайт 0,411400 0,000246
между 0,955511 0,002857
бен 2,827314 0,001691
до 0,239550 0,000143
полезный 1,695912 0,001014
другой 0,188256 0,000225
соответствие 1,002764 0,000600
перейру 5,129899 0,012272
трек 1,104547 0,000661
европа 0,393700 0,000471
atp 1,994404 0,003578
bare 4,031286 0,004822
оставаться 1,301257 0,000778
титульник 5,129899 0,006136
ее 0,723179 0,000433
завтра 1,951845 0,001167
евро 1,466337 0,000877
реслинг 2,564949 0,001534
кино 2,134166 0,001276
морреллем 5,129899 0,003068
erid 2,239527 0,004018
никнуть 3,183989 0,001904
кинг 2,239527 0,001339
пока 1,159607 0,000694
питание 2,239527 0,001339
ислам 2,038856 0,019511
посол 0,301585 0,000180
баскетбол 0,723179 0,000433
саудовский 1,834062 0,001097
mls 2,421849 0,001448
знать 1,345709 0,001610
сульянова 4,436752 0,002654
mdvh 2,564949 0,001534
беременность 5,129899 0,003068
фортуна 2,421849 0,001448
вид 0,393700 0,000706
mma 2,038856 0,002439
евролига 1,664163 0,000995
аскрен 5,129899 0,003068
android 2,185460 0,001307
поражение 1,122566 0,000671
пэдди 4,436752 0,002654
блогер 5,129899 0,003068
лебединый 4,031286 0,002411
чемп 2,564949 0,001534
что 0,195425 0,001753
править 0,544931 0,000326
мэнни 4,031286 0,002411
безногий 5,129899 0,003068
за 0,125952 0,000452
урок 2,932674 0,001754
удовольствие 2,932674 0,001754
бобслей 1,217876 0,000728
рейтинг 0,524729 0,002511
трансляция 1,217876 0,000728
дом 1,911023 0,005715
ожидать 2,827314 0,001691
бивол 2,421849 0,001448
энтони 2,038856 0,002439
зачет 1,416327 0,001694
bkfc 5,129899 0,003068
промоутеры 4,436752 0,002654
забитый 2,239527 0,001339
сид 2,490841 0,001490
махачевым 4,436752 0,010614
ничейный 3,050457 0,001824
применяться 1,217876 0,000728
федор 1,871802 0,002239
статья 0,495170 0,000296
босс 3,338139 0,001996
wba 4,031286 0,002411
стрикленда 4,436752 0,007961
позиция 1,392229 0,000833
перейра 2,490841 0,001490
верить 2,296685 0,001374
повод 2,239527 0,001339
дакар 2,421849 0,001448
пропасти 4,436752 0,002654
звездный 2,827314 0,003382
отношение 1,301257 0,000778
из 0,106018 0,000507
странный 2,490841 0,001490
рахмонова 5,129899 0,003068
play 1,441019 0,000862
мяч 0,735450 0,000440
наш 0,652562 0,000781
ответить 1,664163 0,002986
дамм 5,129899 0,003068
октагон 4,031286 0,002411
нба 1,546380 0,000925
получить 0,384967 0,000230
орловский 4,436752 0,002654
контакт 1,035554 0,000619
искусственно 4,031286 0,002411
ови 2,490841 0,001490
магомедшарипова 5,129899 0,003068
комментарий 1,871802 0,003358
тайсон 2,421849 0,001448
хоккей 0,285712 0,000854
объяснить 1,633391 0,000977
боксер 2,932674 0,003508
двоеборье 1,217876 0,000728
гот 2,038856 0,001219
здоровье 1,323236 0,000791
диазу 5,129899 0,003068
святой 4,436752 0,002654
рекомендательный 1,518981 0,000908
прочий 1,069456 0,008315
ски 1,069456 0,001279
серия 0,586604 0,000351
белый 1,574551 0,003767
ралли 2,357310 0,002820
ронды 5,129899 0,003068
сосулиным 5,129899 0,003068
год 0,099461 0,000476
имавова 5,129899 0,009204
спасти 3,520461 0,002106
контракт 1,258698 0,003011
поступок 3,050457 0,001824
бадаев 4,031286 0,004822
матч 0,293617 0,000878
реальность 3,520461 0,002106
суперлига 1,441019 0,001724
резкий 2,085376 0,003742
подраться 3,743604 0,002239
соперник 0,853233 0,000510
младший 1,911023 0,002286
сербия 2,134166 0,001276
решить 1,392229 0,000833
лыжный 0,675551 0,000808
конькобежный 1,140915 0,000682
легкий 0,895792 0,001072
жаилтона 4,436752 0,002654
следующий 0,853233 0,002552
снукер 2,564949 0,001534
перспектива 2,827314 0,001691
ли 1,198073 0,000717
знание 1,951845 0,002335
паратхэквондо 2,490841 0,001490
рассказать 1,122566 0,001343
мохаммед 3,743604 0,002239
предстоящий 2,239527 0,001339
сегодня 0,881403 0,000527
жена 1,728701 0,001034
президент 1,035554 0,001239
хорошо 1,951845 0,001167
кошмар 2,827314 0,001691
монсон 3,743604 0,002239
lifestyl 2,490841 0,001490
ненависть 4,031286 0,002411
америка 1,279751 0,002296
деть 0,619039 0,000370
забрало 3,338139 0,001996
дагестанский 5,129899 0,003068
нужный 1,834062 0,001097
неожиданный 2,296685 0,001374
место 0,402511 0,000481
евробаскет 2,490841 0,001490
резать 4,436752 0,002654
решение 0,839439 0,000502
лига 0,325878 0,002144
собираться 2,185460 0,001307
арутюнян 3,743604 0,002239
эрнандес 3,743604 0,002239
отдых 2,038856 0,001219
мы 0,195425 0,000351
болельщик 1,086847 0,000650
том 3,050457 0,001824
участие 0,457070 0,000547
на 0,023953 0,000372
топ 1,238078 0,003702
покорять 3,743604 0,002239
олимпиада 0,576022 0,001034
водный 0,723179 0,000433
джонс 2,085376 0,002494
махачев 2,134166 0,021699
тот 0,393700 0,000235
не 0,099461 0,001130
календарь 0,675551 0,000404
трамплин 1,140915 0,001365
полутяжёлого 5,129899 0,012272
делла 5,129899 0,006136
макгрегор 2,421849 0,005794
волкановски 4,436752 0,005307
онлайн 0,773190 0,000462
валентин 2,421849 0,001448
любитель 1,238078 0,000740
дебютировать 2,085376 0,002494
но 0,402511 0,001685
маленький 1,392229 0,000833
история 0,270086 0,000162
ианом 5,129899 0,009204
поживать 5,129899 0,003068
апрель 0,986764 0,000590
вскоре 2,239527 0,005358
длить 0,146292 0,000525
звезда 1,035554 0,000619
клубный 1,416327 0,000847
об 0,217244 0,000130
аля 2,827314 0,001691
ои 0,812411 0,000972
бой 1,279751 0,029851
он 0,475938 0,002847
мужчина 0,812411 0,000486
семья 2,085376 0,001247
чемпион 0,334108 0,002398
даже 1,198073 0,002150
от 0,160085 0,000383
боксерский 3,520461 0,002106
бокс 0,534779 0,005437
железо 2,357310 0,001410
слать 1,728701 0,001034
катание 0,514778 0,000616
мейвезер 4,031286 0,002411
схватка 3,050457 0,003649
ufс 5,129899 0,003068
как 0,232059 0,000555
лыжа 0,925206 0,001107
все 0,067304 0,000403
условие 0,334108 0,000200
топурией 5,129899 0,009204
по 0,073653 0,000352
правда 2,134166 0,001276
mvp 3,743604 0,002239
информация 0,608110 0,000364
амбициозный 3,520461 0,002106
принять 0,786093 0,002351
отпуск 3,743604 0,002239
логика 3,743604 0,002239
круглосуточный 2,564949 0,001534
ufc 1,441019 0,029303
соннен 4,436752 0,002654
хамзат 2,296685 0,015110
какой 1,002764 0,001199
второй 0,576022 0,000345
переть 0,359214 0,000430
