париж 1,392229 0,000785
финал 0,699082 0,000394
ален 3,183989 0,003590
формула 1,574551 0,002663
день 0,699082 0,002364
ефим 3,520461 0,003969
образ 1,178655 0,000664
рпл 1,140915 0,001929
тур 1,159607 0,000654
медальный 1,797694 0,002027
еще 0,167054 0,000753
санкция 2,421849 0,001365
теннис 0,475938 0,001073
выйти 0,773190 0,000436
любить 1,466337 0,000827
ягыз 5,129899 0,002892
мама 3,520461 0,001984
dota 2,490841 0,001404
йоханнес 2,085376 0,008229
вокруг 2,296685 0,001295
ставка 0,799165 0,000450
со 0,447767 0,000505
центр 0,773190 0,001308
мейерс 5,129899 0,002892
супергроссмейстеров 5,129899 0,002892
конькобежка 3,183989 0,005384
рискнуть 4,031286 0,002272
пойти 2,185460 0,001232
чуть 2,357310 0,002658
под 0,723179 0,000815
полный 0,940244 0,001060
проиграть 1,104547 0,000623
сю 4,436752 0,002501
рейд 2,490841 0,001404
а 0,209918 0,000592
обыграть 1,122566 0,000633
в 0,017911 0,000505
трудный 2,932674 0,003306
д 0,895792 0,000505
е 0,867219 0,000489
реклама 0,687247 0,001550
фото 0,799165 0,001351
и 0,023953 0,000419
интер 1,633391 0,000921
добиться 2,085376 0,001176
к 0,132686 0,000299
велоспорт 1,178655 0,000664
м 0,534779 0,000904
разговор 2,564949 0,001446
альпинизм 1,301257 0,001467
о 0,042302 0,000238
трекиста 5,129899 0,005783
с 0,036149 0,000224
сейчас 1,104547 0,000623
она 0,597299 0,000337
четвертьфинал 1,279751 0,000721
перфлюенс 2,564949 0,001446
у 0,342407 0,001351
х 0,986764 0,001112
авто 0,925206 0,000522
посашков 4,436752 0,005002
подниматься 3,183989 0,001795
собрать 2,357310 0,001329
я 0,747872 0,002108
поп 1,664163 0,000938
тейлор 4,031286 0,002272
лидерство 2,827314 0,001594
футбол 0,247097 0,000696
сила 1,279751 0,000721
мир 0,277868 0,001410
атлетика 0,955511 0,001616
мейар 4,436752 0,002501
пройти 0,544931 0,000614
вхл 1,664163 0,000938
регби 0,955511 0,001077
ум 3,520461 0,001984
лоик 5,129899 0,002892
информационный 1,122566 0,000633
ювентус 2,357310 0,001329
теперь 0,971016 0,001095
бояться 4,031286 0,006817
итальянский 1,633391 0,001841
этап 0,895792 0,000505
акробатика 2,732003 0,004620
быстро 2,038856 0,001149
время 0,384967 0,000217
билль 2,296685 0,001295
ооо 1,871802 0,003165
тренд 2,185460 0,001232
okko 2,357310 0,001329
гаджеты 2,421849 0,001365
саночник 3,338139 0,005645
макса 2,038856 0,001149
миланя 2,038856 0,012642
главный 0,565551 0,000319
проблема 1,122566 0,000633
шайба 0,986764 0,000556
также 0,663991 0,000374
rds 1,911023 0,001077
стартовать 1,633391 0,002762
обсуждать 1,797694 0,001013
италия 0,524729 0,001183
футзал 2,085376 0,001176
пообщаться 4,436752 0,002501
погибнуть 2,421849 0,004096
bellat 2,490841 0,001404
isu 1,603538 0,000904
удобно 5,129899 0,002892
прием 1,911023 0,001077
написать 2,038856 0,001149
ярость 4,436752 0,002501
шанс 1,258698 0,000710
россиянин 0,971016 0,001095
арианна 4,031286 0,002272
претендент 2,296685 0,001295
правовой 2,038856 0,001149
выступить 1,238078 0,000698
сноуборд 1,178655 0,001993
показать 0,504926 0,000854
пляжный 1,603538 0,001808
крутой 2,239527 0,001262
олимпиец 2,644992 0,001491
мма 1,069456 0,001809
инна 2,296685 0,003884
миллиард 1,911023 0,004309
кремль 2,421849 0,001365
судья 1,035554 0,000584
олимпизм 1,466337 0,000827
подняться 2,490841 0,002808
себя 0,597299 0,000337
алекс 2,185460 0,001232
олимпийский 0,342407 0,001737
млс 2,296685 0,001295
миллер 3,338139 0,001882
скалолаз 5,129899 0,002892
сколько 1,834062 0,003102
раненый 4,436752 0,007503
дэвис 1,633391 0,000921
падение 1,797694 0,001013
опять 2,732003 0,001540
прямая 1,441019 0,000812
гонка 0,853233 0,002886
сказка 4,031286 0,002272
гран 1,518981 0,001712
один 0,342407 0,000579
командный 1,002764 0,001131
падать 3,338139 0,001882
волейбол 0,955511 0,001077
видео 0,699082 0,002364
мотогонка 2,490841 0,001404
чехия 1,258698 0,000710
че 3,520461 0,001984
экстремал 5,129899 0,002892
отчисление 4,031286 0,006817
биатлон 0,485508 0,001095
плавание 1,178655 0,001329
пример 1,994404 0,001124
чм 1,492313 0,003365
заявка 2,732003 0,001540
эфир 1,695912 0,002868
нация 1,797694 0,002027
хотеться 3,183989 0,001795
лишь 1,159607 0,000654
live 1,492313 0,000841
дерзкий 3,338139 0,001882
практический 1,546380 0,000872
притормозить 4,436752 0,002501
самолет 2,932674 0,001653
россиянка 2,085376 0,001176
последний 0,376309 0,000212
майкл 2,239527 0,003787
минута 0,940244 0,000530
лузером 4,436752 0,002501
counter 1,911023 0,001077
содружество 1,518981 0,000856
букмекер 1,140915 0,003859
сша 0,586604 0,000661
ресурс 0,812411 0,000458
лидер 1,258698 0,001419
джин 2,038856 0,001149
южный 1,159607 0,000654
сойти 3,520461 0,001984
велогонка 4,031286 0,002272
технология 0,786093 0,000443
ranym 2,564949 0,001446
трекистка 4,031286 0,004545
крылов 2,932674 0,008266
киберспорт 1,762603 0,000994
финиш 2,185460 0,001232
эксклюзив 2,357310 0,019932
послать 3,050457 0,001720
канадский 1,603538 0,000904
самбо 1,994404 0,001124
скидка 2,185460 0,001232
майер 4,436752 0,002501
подряд 1,258698 0,000710
трансфер 1,492313 0,000841
brave 2,564949 0,001446
официально 1,159607 0,000654
результат 0,524729 0,002366
скандал 1,279751 0,001443
wta 2,038856 0,003448
мобильный 0,555188 0,000626
опыт 1,834062 0,002068
чемпионский 1,574551 0,001775
команда 0,262364 0,000148
большой 0,687247 0,000387
дания 1,834062 0,002068
ranynuevrg 2,564949 0,001446
олесик 5,129899 0,002892
должен 0,597299 0,000673
ix 2,564949 0,001446
конференция 1,392229 0,000785
зенит 0,867219 0,000978
pfl 2,421849 0,001365
суперкар 2,564949 0,001446
единый 1,104547 0,000623
ничего 2,732003 0,001540
мадрид 1,762603 0,000994
реал 1,416327 0,001597
финишировать 2,357310 0,001329
насытить 3,743604 0,002110
подготовка 1,178655 0,000664
половина 1,392229 0,003139
золото 1,140915 0,003216
стать 0,217244 0,000490
скелетон 1,258698 0,000710
бойкий 4,031286 0,002272
вчера 1,518981 0,000856
керлинг 1,086847 0,004289
лох 4,031286 0,002272
голый 3,743604 0,002110
обойти 2,421849 0,005461
это 0,181139 0,000204
равный 1,466337 0,000827
украинский 1,797694 0,002027
гимн 1,994404 0,003373
воробушек 5,129899 0,002892
прыжок 0,940244 0,001060
достойный 3,338139 0,001882
спортсмен 0,565551 0,006057
турин 2,490841 0,001404
прямой 1,695912 0,001912
strike 2,564949 0,001446
пускать 4,031286 0,006817
новость 0,285712 0,001933
доха 2,239527 0,001262
его 0,447767 0,000505
красивый 2,644992 0,001491
жизнь 0,881403 0,000497
только 0,447767 0,001010
лангенхан 5,129899 0,002892
привлечь 2,827314 0,001594
надоесть 5,129899 0,005783
старт 1,035554 0,001167
com 0,925206 0,000522
шорты 1,035554 0,008172
сериал 2,185460 0,001232
нхл 0,925206 0,000522
или 0,576022 0,000974
далеко 2,564949 0,001446
турнир 0,293617 0,001324
горнолыжный 1,301257 0,002934
аравия 1,834062 0,001034
табло 2,357310 0,001329
дрифт 2,421849 0,001365
канал 1,416327 0,000798
отстранить 2,296685 0,001295
политик 0,224624 0,000127
репутация 2,827314 0,006375
рубль 2,038856 0,003448
восстановление 2,296685 0,001295
хороший 0,393700 0,000444
много 0,735450 0,000415
тренировка 0,895792 0,000505
падел 2,296685 0,001295
когда 0,652562 0,001471
вад 3,520461 0,001984
фигурный 0,514778 0,001741
конфиденциальность 0,293617 0,000166
паралимпиада 2,490841 0,001404
гандбол 1,122566 0,003797
пьетро 4,436752 0,002501
разбираться 3,520461 0,001984
фристайлистка 3,743604 0,006331
грандиозный 3,520461 0,001984
релиз 1,911023 0,001077
шахматы 1,834062 0,002068
критика 1,951845 0,003301
сюй 4,436752 0,007503
конькобежец 3,338139 0,001882
первый 0,317714 0,000179
неудачно 2,732003 0,001540
паралимпиаде 2,490841 0,001404
выбраться 3,520461 0,001984
слалом 2,421849 0,001365
репилов 5,129899 0,002892
мхл 1,603538 0,000904
итог 0,867219 0,000978
преследование 2,732003 0,003080
растворяться 3,520461 0,005953
февраль 0,202645 0,003541
евротур 2,357310 0,001329
вопрос 1,104547 0,002491
суббота 2,732003 0,001540
германий 0,723179 0,000815
словакия 1,664163 0,000938
частное 3,743604 0,002110
никто 1,574551 0,001775
игра 0,112619 0,000825
компания 0,971016 0,000547
атлет 1,951845 0,004401
гандбольный 4,031286 0,004545
вычеркнуть 4,436752 0,010004
против 0,747872 0,000422
профессиональный 1,052361 0,000593
гайда 2,564949 0,001446
главное 0,524729 0,000887
так 0,597299 0,000337
фифа 1,728701 0,000974
федерация 0,495170 0,000558
голова 1,301257 0,000734
любительский 1,416327 0,000798
примейры 5,129899 0,002892
интервью 0,971016 0,000547
швейцарский 2,490841 0,001404
высказаться 1,695912 0,001912
кто 0,747872 0,000422
итальянец 2,421849 0,001365
баз 1,664163 0,000938
активный 1,546380 0,000872
раскрыть 1,871802 0,001055
событие 0,565551 0,001275
дисквалифицировать 2,085376 0,001176
использование 0,277868 0,000157
англия 1,238078 0,000698
неделя 1,217876 0,002746
херман 4,436752 0,002501
самый 0,608110 0,001028
мотивация 2,357310 0,001329
обижать 5,129899 0,008675
соревнование 0,411400 0,001623
слава 1,871802 0,001055
championat 1,834062 0,001034
быть 0,119263 0,000807
израильский 4,031286 0,002272
окко 2,490841 0,001404
мчм 2,490841 0,001404
лердам 4,031286 0,002272
кальяри 4,031286 0,002272
молодежный 1,159607 0,000654
нейтральный 2,185460 0,002464
есть 0,812411 0,000916
рома 2,644992 0,001491
зимний 0,663991 0,000374
спорт 0,125952 0,002485
таки 2,296685 0,001295
ледовый 1,994404 0,002248
твой 3,743604 0,002110
регбийный 3,743604 0,002110
сани 3,338139 0,001882
франция 0,675551 0,000381
мочь 0,350775 0,000989
функционер 2,644992 0,002982
шоу 1,441019 0,000812
борьба 0,723179 0,000408
остановить 1,994404 0,001124
элан 5,129899 0,002892
приложение 1,574551 0,001775
сборная 0,342407 0,000772
управленческий 3,338139 0,003763
квалификация 1,695912 0,000956
швеция 1,035554 0,000584
прогрессировать 3,743604 0,002110
глава 1,122566 0,001266
санный 1,301257 0,002201
женский 0,663991 0,001497
правило 0,986764 0,000556
паратриатлон 2,490841 0,001404
приветливый 5,129899 0,002892
фристайл 1,238078 0,002094
гимнастика 1,198073 0,000675
сбк 5,129899 0,002892
известный 0,986764 0,000556
бы 1,052361 0,000593
уефа 1,466337 0,001653
каан 5,129899 0,002892
кхл 0,760451 0,000857
призвать 2,085376 0,001176
пресс 0,895792 0,000505
действовать 0,825834 0,000466
смысл 3,183989 0,001795
позволить 2,085376 0,003527
смочь 1,069456 0,000603
кубок 0,376309 0,002545
легенда 1,416327 0,000798
спортивный 0,301585 0,000510
во 0,495170 0,000558
женщина 0,663991 0,000374
прогноз 1,994404 0,001124
выступление 0,955511 0,001077
кумариташвили 5,129899 0,002892
уже 0,687247 0,001550
калинская 4,031286 0,002272
сигель 4,436752 0,002501
rss 2,085376 0,002351
мужской 1,198073 0,001351
впервые 0,839439 0,000946
чемпионат 0,188256 0,001486
вы 0,309617 0,000349
киберклубы 2,564949 0,001446
доказать 2,644992 0,001491
российский 0,224624 0,001773
ranymavgga 2,564949 0,001446
сво 2,932674 0,004959
испания 1,159607 0,000654
китайский 1,069456 0,001809
выиграть 0,485508 0,001916
отложить 3,183989 0,001795
просто 1,492313 0,000841
версия 0,393700 0,000666
россия 0,139466 0,001336
го 1,279751 0,001443
итальянка 3,520461 0,001984
скорость 1,951845 0,001100
шесть 1,238078 0,000698
видеотрансляции 4,436752 0,002501
свой 0,586604 0,000661
последниевсе 2,564949 0,001446
буквальный 2,732003 0,001540
январь 0,786093 0,001329
настольный 1,198073 0,000675
худенький 5,129899 0,002892
гид 5,129899 0,002892
судно 4,031286 0,002272
без 0,466460 0,000789
еврокубок 2,296685 0,001295
сайт 0,411400 0,000232
американский 0,910391 0,000513
до 0,239550 0,000270
полезный 1,695912 0,000956
сложный 1,871802 0,001055
трекистом 5,129899 0,002892
выступать 0,940244 0,001060
другой 0,188256 0,000743
зеленский 3,743604 0,002110
соответствие 1,002764 0,000565
работа 1,086847 0,000613
спринт 1,871802 0,001055
популярность 1,797694 0,001013
трек 1,104547 0,005604
европа 0,393700 0,000888
atp 1,994404 0,003373
папа 3,520461 0,001984
журова 3,520461 0,001984
хоннолд 5,129899 0,002892
ее 0,723179 0,000408
завтра 1,951845 0,001100
коржова 5,129899 0,005783
евро 1,466337 0,000827
реслинг 2,564949 0,001446
эрдогмуш 5,129899 0,002892
кино 2,134166 0,001203
erid 2,239527 0,003787
кинг 2,239527 0,001262
ход 1,279751 0,002164
пока 1,159607 0,000654
психологический 3,050457 0,001720
питание 2,239527 0,001262
баскетбол 0,723179 0,000408
швейцарец 3,338139 0,001882
дебют 2,239527 0,001262
саудовский 1,834062 0,001034
mls 2,421849 0,001365
знать 1,345709 0,001517
чигиринова 5,129899 0,002892
mdvh 2,564949 0,001446
флаг 0,895792 0,002525
семен 2,932674 0,001653
фортуна 2,421849 0,001365
вид 0,393700 0,001110
бороться 1,633391 0,000921
пропагандировать 4,436752 0,002501
гуменник 2,564949 0,001446
евролига 1,664163 0,000938
фелпсу 4,031286 0,006817
android 2,185460 0,001232
оаэ 2,357310 0,001329
горячее 3,338139 0,001882
стрястись 5,129899 0,002892
путь 1,518981 0,001712
впереди 2,421849 0,001365
чемп 2,564949 0,001446
что 0,195425 0,000330
депутат 3,520461 0,007938
краснодар 0,867219 0,000489
армеец 2,564949 0,001446
погодный 3,050457 0,001720
за 0,125952 0,000781
елистратов 5,129899 0,002892
фонтан 3,183989 0,001795
канада 0,867219 0,000978
бобслей 1,217876 0,000687
рейтинг 0,524729 0,002366
медаль 0,619039 0,004187
трагический 4,031286 0,002272
трансляция 1,217876 0,000687
зачет 1,416327 0,001597
ютта 4,436752 0,002501
преодолеть 2,357310 0,001329
сид 2,490841 0,001404
применяться 1,217876 0,000687
рубикон 5,129899 0,002892
статья 0,495170 0,000279
если 0,675551 0,000381
мокнуть 1,574551 0,000888
эффектный 4,031286 0,002272
замучить 3,183989 0,003590
дакар 2,421849 0,001365
отношение 1,301257 0,002201
из 0,106018 0,000777
play 1,441019 0,000812
вторник 2,932674 0,001653
изоляция 4,436752 0,005002
мяч 0,735450 0,000415
наш 0,652562 0,001104
ответить 1,664163 0,003752
восходить 3,050457 0,001720
кататься 3,338139 0,001882
небоскреб 5,129899 0,002892
швед 2,134166 0,001203
бобслеиста 5,129899 0,002892
нба 1,546380 0,003487
контакт 1,035554 0,000584
ови 2,490841 0,001404
демин 2,827314 0,001594
нидерланды 1,518981 0,000856
хоккей 0,285712 0,001449
спартак 0,711058 0,000401
подставить 3,520461 0,001984
непредсказуемый 4,436752 0,002501
двоеборье 1,217876 0,000687
справедливость 3,338139 0,001882
ска 1,279751 0,000721
здоровье 1,323236 0,000746
рекомендательный 1,518981 0,000856
прочий 1,069456 0,006631
ски 1,069456 0,001206
серия 0,586604 0,000661
цска 0,711058 0,001603
ралли 2,357310 0,002658
размотать 5,129899 0,002892
год 0,099461 0,000392
министр 2,185460 0,017247
поступок 3,050457 0,001720
матч 0,293617 0,001490
суперлига 1,441019 0,001625
соперник 0,853233 0,000962
завоевать 1,035554 0,000584
младший 1,911023 0,001077
лыжный 0,675551 0,001523
идея 1,871802 0,002110
конькобежный 1,140915 0,002573
легкий 0,895792 0,001515
турция 1,664163 0,000938
наталья 3,050457 0,001720
награда 1,279751 0,000721
понедельник 3,338139 0,003763
динамо 0,663991 0,000374
снукер 2,564949 0,001446
вираж 3,743604 0,002110
победа 0,420369 0,001659
ли 1,198073 0,002701
знание 1,951845 0,002201
мат 3,338139 0,001882
замолчать 5,129899 0,002892
iisa 5,129899 0,002892
паратхэквондо 2,490841 0,001404
рассказать 1,122566 0,003797
страх 4,436752 0,002501
сегодня 0,881403 0,000497
страна 0,641262 0,000723
уступать 1,994404 0,003373
пропустить 1,122566 0,000633
хорошо 1,951845 0,001100
есипенко 5,129899 0,002892
бобслеистка 5,129899 0,002892
lifestyl 2,490841 0,001404
такой 0,735450 0,000829
америка 1,279751 0,002164
битва 2,421849 0,002730
шахматный 4,031286 0,002272
полуфинал 1,238078 0,001396
гений 3,338139 0,001882
иван 1,603538 0,000904
чемпионка 1,441019 0,000812
матиаса 5,129899 0,002892
место 0,402511 0,000454
гидселя 5,129899 0,002892
начало 0,760451 0,000429
евробаскет 2,490841 0,001404
лига 0,325878 0,001653
сосьедад 3,050457 0,001720
ради 2,421849 0,002730
отдых 2,038856 0,001149
летний 0,619039 0,002094
мы 0,195425 0,000110
болельщик 1,086847 0,000613
участие 0,457070 0,000258
раствориться 4,436752 0,002501
на 0,023953 0,000770
топ 1,238078 0,004187
олимпиада 0,576022 0,012988
водный 0,723179 0,000408
лак 4,031286 0,002272
невыход 5,129899 0,002892
тот 0,393700 0,000444
не 0,099461 0,001121
барс 1,492313 0,000841
календарь 0,675551 0,000762
трамплин 1,140915 0,001286
сомнительный 3,183989 0,007179
онлайн 0,773190 0,000436
золотой 1,002764 0,002261
премия 2,357310 0,001329
розыгрыш 1,762603 0,000994
любитель 1,238078 0,000698
но 0,402511 0,000681
разносить 5,129899 0,002892
прокомментировать 2,085376 0,001176
история 0,270086 0,000152
дегтярев 2,421849 0,021843
таблица 0,711058 0,000401
длить 0,146292 0,000165
звезда 1,035554 0,001167
ученый 3,050457 0,001720
гибель 3,050457 0,001720
начинать 1,140915 0,001286
количество 0,853233 0,003367
доминирование 4,031286 0,002272
клубный 1,416327 0,000798
контрольный 1,994404 0,001124
страховка 4,031286 0,002272
об 0,217244 0,000735
нодар 5,129899 0,002892
владимир 1,392229 0,000785
бод 5,129899 0,002892
ои 0,812411 0,005037
нет 0,825834 0,000466
бой 1,279751 0,000721
он 0,475938 0,000268
мужчина 0,812411 0,000458
ксения 3,520461 0,003969
чемпион 0,334108 0,001318
от 0,160085 0,000180
ванкувер 2,644992 0,001491
статистика 0,630089 0,000355
клебо 2,490841 0,009829
вдохновить 4,436752 0,002501
пьедестал 2,644992 0,001491
бокс 0,534779 0,000904
железо 2,357310 0,001329
лариса 2,296685 0,005179
слать 1,728701 0,000974
катание 0,514778 0,001741
вернуть 1,695912 0,002868
первое 0,393700 0,000444
как 0,232059 0,000523
внимание 1,695912 0,000956
лыжа 0,925206 0,001043
все 0,067304 0,000379
комментатор 2,357310 0,001329
условие 0,334108 0,000377
мэнтао 4,436752 0,007503
позади 3,338139 0,001882
горнолыжник 3,338139 0,001882
по 0,073653 0,000664
расписание 1,664163 0,002814
информация 0,608110 0,000343
пробиться 2,564949 0,001446
шестая 2,490841 0,001404
обидно 4,031286 0,002272
принять 0,786093 0,000443
скоро 2,827314 0,001594
канадец 2,421849 0,001365
риск 2,357310 0,001329
ввести 1,695912 0,000956
круглосуточный 2,564949 0,001446
латынину 3,743604 0,008441
очень 1,140915 0,001286
ufc 1,441019 0,000812
второе 0,839439 0,000473
яркий 1,762603 0,000994
второй 0,576022 0,000325
переть 0,359214 0,000405
