загидулин 5,129899 0,011712
мегаспорте 5,129899 0,011712
наш 0,652562 0,001490
имиджевый 5,129899 0,023424
реванш 2,185460 0,004990
лед 1,951845 0,004456
академия 1,834062 0,012562
мегаспорта 5,129899 0,011712
хоккейный 1,416327 0,003234
линия 1,466337 0,003348
контакт 1,035554 0,004729
над 0,986764 0,002253
москва 0,576022 0,013151
комментарий 1,871802 0,004274
минский 2,185460 0,019959
майоров 4,031286 0,009204
спартак 0,711058 0,042209
хоккей 0,285712 0,000652
ружичка 5,129899 0,035136
ср 3,050457 0,006965
петербург 1,345709 0,003072
гол 1,323236 0,027190
нижнекамск 4,031286 0,027612
вратарь 1,323236 0,003021
коростелёв 4,436752 0,020259
ска 1,279751 0,005844
служба 1,279751 0,002922
команда 0,262364 0,005391
ближний 1,728701 0,003947
гость 1,994404 0,009107
вмф 3,743604 0,008547
технический 1,416327 0,003234
александр 0,839439 0,001917
серия 0,586604 0,001339
дракон 2,421849 0,005529
цска 0,711058 0,004870
тв 1,633391 0,018646
в 0,017911 0,000327
фото 0,799165 0,001825
и 0,023953 0,000273
очки 0,940244 0,002147
м 0,534779 0,002442
торпедо 1,574551 0,003595
о 0,042302 0,000386
михайлов 4,031286 0,009204
санкт 1,279751 0,002922
снайпер 2,644992 0,006039
дать 0,608110 0,001388
кхл 0,760451 0,003472
пресс 0,895792 0,002045
персональный 0,723179 0,001651
мах 3,520461 0,024113
с 0,036149 0,000330
у 0,342407 0,001564
кн 4,436752 0,030389
ru 0,285712 0,001305
матч 0,293617 0,011396
мск 2,421849 0,005529
ассистент 2,732003 0,006237
сезон 0,723179 0,003302
игрок 0,711058 0,008117
тимофей 2,827314 0,006455
георгиев 5,129899 0,011712
волохин 5,129899 0,011712
титульный 2,185460 0,004990
динамо 0,663991 0,016676
провести 0,799165 0,001825
чемпионат 0,188256 0,001289
артем 1,951845 0,004456
магазин 2,038856 0,009310
лд 4,436752 0,010130
обработка 2,085376 0,004761
соцсети 3,183989 0,014539
победа 0,420369 0,001919
репортаж 1,633391 0,014917
ладо 2,185460 0,004990
тольятти 2,490841 0,005687
регулярный 1,951845 0,008913
новость 0,285712 0,001957
горячий 2,564949 0,005856
турнирный 1,086847 0,007444
сочить 0,853233 0,003896
новгород 1,217876 0,002781
тренер 0,555188 0,001268
деть 0,619039 0,001413
дерби 2,357310 0,021528
михаил 1,301257 0,008913
штаб 1,664163 0,007599
арена 1,104547 0,005044
билетный 5,129899 0,011712
образовательный 2,421849 0,005529
прошедший 1,951845 0,004456
шайба 0,986764 0,002253
выездной 2,490841 0,005687
мн 2,490841 0,017061
msk 5,129899 0,023424
евгения 1,178655 0,002691
spartak 4,031286 0,018408
генеральный 1,664163 0,007599
рождение 1,518981 0,003468
фонбет 1,466337 0,003348
мальцев 4,436752 0,030389
уступить 1,368699 0,003125
мясной 5,129899 0,011712
нефтехим 4,436752 0,010130
на 0,023953 0,000328
состав 0,867219 0,003960
хк 2,827314 0,032275
политик 0,224624 0,000513
северсталь 2,038856 0,004655
не 0,099461 0,000227
календарь 0,675551 0,003085
победить 0,699082 0,001596
передача 1,633391 0,033563
эмоция 2,357310 0,016146
тренировка 0,895792 0,002045
шанхай 2,490841 0,005687
поставщик 3,520461 0,024113
история 0,270086 0,000617
алмаз 4,436752 0,010130
таблица 0,711058 0,004870
билет 2,085376 0,009522
посол 0,301585 0,000689
кина 5,129899 0,011712
ярославль 2,490841 0,005687
клубный 1,416327 0,012934
клуб 0,652562 0,007449
об 0,217244 0,001488
мозги 4,436752 0,010130
медиа 1,834062 0,008375
тренерский 1,871802 0,008547
назад 1,140915 0,007814
воскресенск 4,436752 0,020259
всухую 3,183989 0,007269
минск 1,728701 0,019734
нефтехимик 2,732003 0,006237
мхк 4,031286 0,046019
xк 5,129899 0,011712
нижний 0,955511 0,002182
от 0,160085 0,000731
февраль 0,202645 0,006477
статистика 0,630089 0,007193
официальный 0,735450 0,006716
игра 0,112619 0,001800
sekretar 5,129899 0,011712
джозеф 3,520461 0,008038
ваш 2,038856 0,013965
персонал 2,827314 0,012910
локомотив 0,839439 0,001917
домашний 1,695912 0,003872
завершить 1,052361 0,002403
адам 2,932674 0,020087
мкск 5,129899 0,011712
череповец 3,743604 0,008547
pressa 5,129899 0,011712
шанхайский 2,564949 0,005856
столичный 2,564949 0,005856
химик 3,183989 0,021808
никита 1,492313 0,006814
партнер 1,159607 0,092663
борис 2,239527 0,005113
следж 4,031286 0,009204
лидер 1,258698 0,002874
избежать 2,732003 0,006237
приемный 5,129899 0,011712
уфа 2,134166 0,004873
бомбардир 1,871802 0,004274
