состояться 1,140915 0,001532
scot 1,695912 0,000569
банк 2,490841 0,000836
лед 1,951845 0,004588
найти 1,122566 0,000377
экспорт 0,986764 0,000331
фотофиниша 4,436752 0,001490
lccn 1,492313 0,000501
выигрывать 1,728701 0,000580
физический 1,392229 0,000935
нис 5,129899 0,001723
vii 3,183989 0,001069
日本語 1,035554 0,000348
делиться 2,185460 0,001468
со 0,447767 0,000301
центр 0,773190 0,000260
лидий 4,436752 0,001490
йорк 2,239527 0,000752
slovenščina 1,345709 0,000452
под 0,723179 0,000729
парусный 1,574551 0,000529
заявление 0,799165 0,000268
лезвие 4,031286 0,012183
связаться 0,867219 0,000291
декабрь 0,853233 0,000573
пом 1,695912 0,000569
закрепляться 3,743604 0,001257
стр 2,564949 0,000861
дополнительно 2,932674 0,001970
подробный 0,687247 0,000231
немного 2,038856 0,000685
содержание 0,955511 0,000642
eesti 1,069456 0,000359
čeština 1,035554 0,000348
иностранный 2,185460 0,000734
ездить 4,031286 0,001354
нога 1,664163 0,000559
студент 2,357310 0,000792
организовывать 3,338139 0,001121
радиус 3,050457 0,003073
викисклад 1,035554 0,000695
разделять 2,827314 0,000949
britannica 1,518981 0,001020
корфбол 1,762603 0,000592
каноэ 1,633391 0,000548
скоростной 2,564949 0,002584
весь 1,633391 0,000548
пройти 0,544931 0,000549
slovenčina 1,069456 0,000359
machin 1,633391 0,001097
wikipedia 0,986764 0,000663
gnd 1,392229 0,000468
юношеский 1,574551 0,000529
оригинал 1,441019 0,000484
подразумеваться 4,031286 0,001354
отредактировать 0,986764 0,000331
проект 0,457070 0,000153
j 1,466337 0,000492
эден 5,129899 0,001723
создавать 2,357310 0,000792
миллиметр 2,932674 0,000985
регистрироваться 3,338139 0,001121
про 1,301257 0,000437
ушу 1,728701 0,000580
распределяться 2,932674 0,000985
филадельфия 2,239527 0,000752
u 1,345709 0,000452
ситуация 1,392229 0,000468
w 0,955511 0,000321
смещать 5,129899 0,001723
приглашаться 5,129899 0,001723
одержать 1,217876 0,000409
также 0,663991 0,002230
шайба 0,986764 0,000331
العربية 1,069456 0,000359
появиться 1,159607 0,002336
универсиада 2,644992 0,000888
индивидуальный 1,797694 0,000604
стартовать 1,633391 0,002742
фризский 1,762603 0,000592
украина 1,217876 0,000409
скобликова 4,436752 0,001490
isu 1,603538 0,001077
трава 1,392229 0,000935
надевать 3,520461 0,001182
red 3,520461 0,001182
россиянин 0,971016 0,000652
находиться 0,925206 0,000311
собачий 1,762603 0,000592
начать 1,279751 0,000430
иркутск 4,436752 0,001490
библиографический 1,279751 0,000430
углеродистый 5,129899 0,001723
детско 2,932674 0,000985
правка 0,986764 0,000663
батут 1,728701 0,000580
серфинг 1,762603 0,000592
себя 0,597299 0,000201
tolışi 1,871802 0,000629
конькобе 5,129899 0,001723
allround 5,129899 0,001723
система 0,799165 0,000537
việt 1,140915 0,000383
отказ 0,839439 0,000282
июнь 1,198073 0,000402
дзюдо 1,466337 0,000492
гонка 0,853233 0,002006
допускаться 1,911023 0,000642
один 0,342407 0,001495
вначале 3,183989 0,001069
полностью 1,546380 0,000519
длина 1,871802 0,003143
вперед 1,797694 0,000604
жесткий 1,728701 0,000580
часть 1,104547 0,001113
последний 0,376309 0,000253
сторона 1,069456 0,000718
минута 0,940244 0,000316
бежать 3,050457 0,010243
клап 4,436752 0,010429
архив 1,198073 0,000402
добавляться 3,743604 0,001257
pdf 0,940244 0,000316
ресурс 0,812411 0,000273
описание 0,881403 0,000296
заморозка 5,129899 0,001723
племя 5,129899 0,001723
заменить 1,546380 0,000519
разметка 3,050457 0,001024
одновременно 1,762603 0,001776
bahasa 1,086847 0,000730
нарушить 2,490841 0,000836
названый 2,490841 0,000836
шея 2,932674 0,000985
подряд 1,258698 0,000423
океания 2,296685 0,001542
lietuvių 1,140915 0,000383
резерв 3,338139 0,001121
словарь 1,198073 0,000805
археолог 4,031286 0,001354
становиться 1,159607 0,000389
заусенец 5,129899 0,001723
стрельба 1,441019 0,000968
официально 1,159607 0,000389
разработчик 0,971016 0,000326
ноябрь 0,955511 0,000321
екатерина 2,134166 0,000717
команда 0,262364 0,000441
сквош 1,728701 0,000580
вклад 0,955511 0,000321
indonesia 1,086847 0,000365
текст 0,925206 0,000311
являться 1,019025 0,001027
очко 1,416327 0,000476
параллельно 2,357310 0,000792
промежуточный 2,827314 0,001899
проводиться 1,086847 0,008759
получать 1,301257 0,000874
очки 0,940244 0,003473
секунда 1,633391 0,000548
esperanto 1,198073 0,000402
bull 3,743604 0,001257
временить 1,140915 0,000766
увеличивать 3,050457 0,001024
перейти 0,586604 0,000394
овал 4,436752 0,004470
подготовка 1,178655 0,000396
четный 3,338139 0,001121
техникум 5,129899 0,003445
скелетон 1,258698 0,000423
українська 1,035554 0,000348
радиоаппаратура 5,129899 0,001723
перераб 4,031286 0,002707
картина 2,644992 0,000888
англо 4,031286 0,001354
нумизматика 5,129899 0,003445
лякросс 1,762603 0,000592
ограничивать 2,932674 0,000985
свердловск 3,743604 0,002514
слово 1,035554 0,000348
ответственность 0,895792 0,000301
литовский 1,951845 0,000655
пружина 4,436752 0,001490
противный 3,183989 0,001069
спортсмен 0,565551 0,004178
штейнбах 3,743604 0,001257
françai 1,019025 0,000342
рэкетс 1,728701 0,000580
его 0,447767 0,000301
измерение 4,031286 0,001354
иметься 2,421849 0,000813
только 0,447767 0,000451
звание 1,994404 0,001339
php 0,986764 0,000331
cite 1,258698 0,000845
бадминтон 1,518981 0,000510
байдарка 1,603538 0,000538
шорты 1,035554 0,005911
лобышева 5,129899 0,001723
твердый 2,564949 0,000861
железовский 5,129899 0,001723
трое 2,185460 0,001468
горнолыжный 1,301257 0,000437
аверин 3,743604 0,001257
баскский 1,664163 0,000559
случаться 3,183989 0,001069
заглавный 0,986764 0,000331
гэльский 1,762603 0,000592
быстрый 1,664163 0,000559
канат 1,762603 0,000592
относительно 2,564949 0,000861
когда 0,652562 0,000438
вверх 2,421849 0,000813
конфиденциальность 0,293617 0,000099
гандбол 1,122566 0,001131
svenska 1,035554 0,000348
назад 1,140915 0,000383
предыдущий 1,797694 0,000604
чего 1,345709 0,000452
моторный 1,762603 0,000592
масса 1,911023 0,003209
ссср 0,940244 0,004104
состояние 1,301257 0,000437
великое 2,421849 0,000813
будо 1,762603 0,000592
открыть 1,279751 0,000430
размечаться 4,436752 0,001490
величина 4,031286 0,001354
петрусева 5,129899 0,001723
фехтование 1,546380 0,000519
перетягивание 1,762603 0,000592
против 0,747872 0,000753
профессиональный 1,052361 0,000353
главное 0,524729 0,000176
так 0,597299 0,000201
французский 1,052361 0,000353
interlingua 1,603538 0,000538
федерация 0,495170 0,000333
голова 1,301257 0,000437
где 0,675551 0,000227
зафиксировать 1,994404 0,000670
позволять 1,664163 0,000559
англия 1,238078 0,000831
херенвене 5,129899 0,001723
участвовать 0,955511 0,000642
причерноморье 5,129899 0,001723
сообщить 0,447767 0,000150
примечание 1,002764 0,000673
пятиборье 1,574551 0,000529
быть 0,119263 0,000641
физкультура 1,994404 0,001339
сечь 3,050457 0,003073
исключение 1,695912 0,000569
скалолазание 1,695912 0,000569
есть 0,812411 0,000273
инсбрук 2,827314 0,000949
линия 1,466337 0,000985
установить 1,279751 0,000859
спорт 0,125952 0,002072
конный 1,574551 0,000529
просмотр 0,925206 0,000311
зеркальный 4,031286 0,001354
национальный 0,839439 0,001973
english 0,925206 0,000621
набрать 1,368699 0,001838
press 2,185460 0,000734
этот 0,350775 0,000118
четыре 0,910391 0,002446
рсфср 2,732003 0,000917
марка 1,834062 0,007390
suomi 1,052361 0,000353
определяться 1,797694 0,001207
друг 1,518981 0,001020
бронзовый 1,345709 0,000452
экипировка 2,239527 0,002256
край 1,994404 0,000670
схема 1,951845 0,000655
creativ 0,986764 0,000331
разыграть 2,038856 0,001369
можно 1,002764 0,001010
română 1,122566 0,000377
бонни 5,129899 0,001723
элемент 0,925206 0,000311
позволить 2,085376 0,000700
nkc 1,574551 0,000529
использоваться 1,159607 0,000389
спортивный 0,301585 0,000304
женщина 0,663991 0,002453
челябинск 2,239527 0,000752
portuguê 1,035554 0,000348
мужской 1,198073 0,000402
впервые 0,839439 0,000846
oʻzbekcha 1,140915 0,000383
раз 0,485508 0,000326
чемпионат 0,188256 0,003098
поворот 2,827314 0,004747
ўзбекча 1,140915 0,000383
latviešu 1,052361 0,000353
российский 0,224624 0,000226
памятный 3,520461 0,001182
медео 5,129899 0,005168
необходимо 1,994404 0,002009
выиграть 0,485508 0,000652
выставить 3,183989 0,001069
фальстарт 5,129899 0,003445
версия 0,393700 0,000397
нью 2,185460 0,000734
сочить 0,853233 0,000287
шесть 1,238078 0,000831
обычно 1,695912 0,000569
основать 1,466337 0,000492
зарегистрировать 0,711058 0,000239
clap 5,129899 0,001723
тем 1,217876 0,000409
популярный 1,392229 0,000468
поло 1,441019 0,000968
противоположный 2,732003 0,002752
игорь 1,871802 0,000629
между 0,955511 0,000321
знак 0,986764 0,000331
скейт 4,436752 0,001490
увеличить 2,038856 0,000685
особенность 2,421849 0,000813
соответствие 1,002764 0,000337
австралийский 1,633391 0,000548
спринт 1,871802 0,002514
европа 0,393700 0,001983
неподвижный 4,436752 0,001490
фишка 4,436752 0,001490
бег 2,564949 0,007752
москвичка 4,436752 0,001490
запретить 1,178655 0,001187
посол 0,301585 0,000506
велли 4,031286 0,001354
запрещаться 2,932674 0,000985
забежать 3,743604 0,010057
сопротивление 2,564949 0,000861
медиафайлы 1,217876 0,000818
клуб 0,652562 0,000438
автор 1,466337 0,000492
старый 1,159607 0,001168
page 0,986764 0,000331
короткий 0,699082 0,000704
абсолютный 2,038856 0,000685
мария 1,834062 0,000616
лэмбом 5,129899 0,001723
оба 1,368699 0,000919
служебный 0,955511 0,000321
кодекс 0,971016 0,000326
нидерландский 2,932674 0,000985
тип 1,345709 0,000452
карат 1,728701 0,000580
бобслей 1,217876 0,000409
призовой 1,951845 0,001311
поверхность 2,239527 0,000752
associ 0,986764 0,000331
суммироваться 4,031286 0,001354
культура 1,392229 0,000935
свободный 0,867219 0,000582
аппаратура 5,129899 0,001723
применяться 1,217876 0,000409
получаться 2,732003 0,000917
существовать 1,122566 0,000377
статья 0,495170 0,000831
современный 1,159607 0,001168
wikimedia 0,986764 0,000331
бортик 3,743604 0,001257
сбивать 5,129899 0,001723
посвятить 1,994404 0,004018
строить 2,490841 0,000836
часовой 3,183989 0,003208
мировой 0,955511 0,000642
учебник 2,932674 0,001970
распад 2,564949 0,000861
ранний 1,492313 0,000501
стенин 5,129899 0,001723
ελληνικά 1,086847 0,000365
получить 0,384967 0,000646
язык 0,925206 0,000621
нидерланды 1,518981 0,000510
исключительно 2,357310 0,000792
сформировать 2,732003 0,000917
архивировать 1,104547 0,000742
связанный 0,786093 0,000264
melayu 1,368699 0,000460
прочий 1,069456 0,000359
wayback 1,633391 0,001097
italiano 1,035554 0,000348
год 0,099461 0,002304
айсшток 1,728701 0,000580
увеличение 2,421849 0,000813
мистер 4,031286 0,001354
характерный 2,564949 0,000861
международный 0,466460 0,000313
հայերեն 1,198073 0,000402
башҡортса 1,518981 0,000510
кремнечевская 5,129899 0,001723
мая 0,986764 0,000663
euskara 1,122566 0,000377
крупный 1,198073 0,000402
расстояние 2,085376 0,001401
web 1,279751 0,000859
эрикссон 4,436752 0,001490
универсальный 1,911023 0,000642
текущий 0,867219 0,000291
страна 0,641262 0,000431
жена 1,728701 0,000580
пропустить 1,122566 0,000377
петр 1,392229 0,000935
инструмент 0,881403 0,000592
глима 1,762603 0,000592
создать 0,773190 0,000519
завоевание 2,732003 0,000917
такой 0,735450 0,000247
планерный 1,762603 0,000592
деть 0,619039 0,000208
вместе 1,178655 0,000396
малый 2,134166 0,000717
asturianu 1,323236 0,000444
vike 5,129899 0,001723
чемпионка 1,441019 0,001452
лига 0,325878 0,000109
проходить 0,867219 0,001165
печать 0,955511 0,000642
переходный 3,183989 0,003208
отталкивание 3,743604 0,001257
включать 1,323236 0,000889
пелота 1,728701 0,000580
летний 0,619039 0,000208
фонд 0,895792 0,000301
олимпиада 0,576022 0,000967
тот 0,393700 0,000132
обсуждение 0,867219 0,000582
трамплин 1,140915 0,000383
передний 2,490841 0,000836
titl 0,986764 0,000331
указать 1,198073 0,000402
организация 0,663991 0,000223
частить 1,664163 0,000559
поздний 1,323236 0,000444
товарный 0,986764 0,000331
замкнутый 4,436752 0,001490
история 0,270086 0,000726
македонский 1,258698 0,000423
почтовый 2,296685 0,003085
три 1,178655 0,001187
длить 0,146292 0,000737
калгари 2,932674 0,002954
брусок 5,129899 0,003445
жный 5,129899 0,001723
ватный 5,129899 0,001723
школа 1,492313 0,000501
спартакиада 2,564949 0,001723
ழ 1,492313 0,000501
повторять 3,743604 0,001257
либо 1,140915 0,000766
название 1,035554 0,000695
поиск 0,711058 0,000478
чемпион 0,334108 0,001122
франц 3,338139 0,001121
oldid 0,986764 0,000331
длинный 1,762603 0,001776
катание 0,514778 0,000346
как 0,232059 0,000545
первое 0,393700 0,001454
участник 0,799165 0,000537
лыжа 0,925206 0,000621
дистанция 1,728701 0,026703
условие 0,334108 0,000449
помогать 2,134166 0,000717
пробежать 3,338139 0,002242
прохождение 2,732003 0,001835
тарашкевіца 1,198073 0,000402
принять 0,786093 0,000264
рок 1,695912 0,000569
шарнир 5,129899 0,001723
видеть 1,994404 0,000670
авторство 0,986764 0,000331
высокий 0,760451 0,000255
clapskat 5,129899 0,001723
эгида 1,728701 0,000580
второе 0,839439 0,000564
второй 0,576022 0,000387
задумываться 4,031286 0,001354
приводить 2,085376 0,000700
финал 0,699082 0,000469
català 1,086847 0,000365
специальный 1,217876 0,000409
dansk 1,069456 0,000359
новый 0,239550 0,000322
поведение 0,839439 0,000282
происходить 1,466337 0,000492
еще 0,167054 0,000056
выйти 0,773190 0,000260
теннис 0,475938 0,000320
марафон 2,490841 0,000836
ребенок 1,323236 0,000444
финский 1,518981 0,000510
петербург 1,345709 0,000452
فارسی 1,104547 0,000371
конькобежка 3,183989 0,001069
берлин 2,644992 0,000888
беларуская 1,069456 0,000718
боковой 2,644992 0,000888
александр 0,839439 0,000282
перчатка 2,732003 0,000917
финишный 3,183989 0,002138
а 0,209918 0,000493
б 1,466337 0,000492
в 0,017911 0,000818
г 0,925206 0,000621
викимедиа 0,986764 0,000331
webcit 2,038856 0,000685
е 0,867219 0,000874
и 0,023953 0,000539
й 0,825834 0,000277
к 0,132686 0,000267
л 2,038856 0,000685
велоспорт 1,178655 0,000396
м 0,534779 0,007363
н 0,895792 0,000902
о 0,042302 0,000043
альпинизм 1,301257 0,000437
наколенник 4,436752 0,001490
с 0,036149 0,000510
она 0,597299 0,000401
скейтбординг 1,762603 0,000592
т 1,368699 0,000460
у 0,342407 0,001495
х 0,986764 0,000663
определить 1,301257 0,000437
аэродинамический 3,520461 0,001182
поворачивать 5,129899 0,001723
скачать 0,895792 0,000602
сезон 0,723179 0,000729
они 0,524729 0,000352
дополнительный 0,940244 0,000631
забег 2,644992 0,007105
оно 2,038856 0,000685
вариант 1,492313 0,000501
футбол 0,247097 0,000415
конек 2,296685 0,021594
мир 0,277868 0,003172
атлетика 0,955511 0,000642
итоговый 2,085376 0,000700
by 0,971016 0,000326
регби 0,955511 0,000642
экз 2,732003 0,001835
deadlink 2,038856 0,000685
русский 0,760451 0,000255
тонкий 3,050457 0,002049
входить 1,258698 0,000845
копия 1,416327 0,000951
этап 0,895792 0,000602
cc 0,986764 0,000331
классический 1,834062 0,009238
время 0,384967 0,000388
единственный 1,392229 0,000468
возвращать 3,183989 0,001069
трекисты 4,436752 0,001490
внутренний 2,038856 0,008216
биография 3,520461 0,001182
аналог 3,520461 0,001182
победитель 0,799165 0,000805
бровка 5,129899 0,003445
голландский 3,183989 0,001069
составлять 1,518981 0,001530
чистый 2,038856 0,000685
интервал 3,338139 0,001121
получение 2,085376 0,000700
粵語 1,178655 0,000396
метр 1,574551 0,008988
восемь 1,695912 0,000569
викиданных 0,986764 0,000331
தம 1,492313 0,000501
шанс 1,258698 0,000423
северный 1,492313 0,001002
делаться 2,644992 0,000888
каталог 1,301257 0,000437
викискладе 1,217876 0,000818
сноуборд 1,178655 0,000396
победить 0,699082 0,000939
надо 2,038856 0,000685
паншин 5,129899 0,001723
xvii 2,490841 0,000836
хотя 1,546380 0,000519
олимпийский 0,342407 0,002645
хёрлинг 1,762603 0,000592
читать 0,555188 0,000186
тяжелый 0,940244 0,000316
древние 2,932674 0,000985
сумма 1,518981 0,003570
прямая 1,441019 0,004355
мурат 4,436752 0,001490
киммериец 5,129899 0,001723
англ 1,159607 0,001168
блэр 5,129899 0,001723
командный 1,002764 0,003367
волейбол 0,955511 0,000321
академический 1,546380 0,000519
плавание 1,178655 0,000792
биатлон 0,485508 0,000163
пожертвовать 0,940244 0,000316
шлем 2,296685 0,000771
раздельный 3,338139 0,001121
скороход 5,129899 0,001723
крыша 2,564949 0,000861
стрелок 3,050457 0,003073
московский 1,574551 0,000529
ссылка 0,699082 0,001643
спортсменка 1,664163 0,000559
ото 4,031286 0,001354
высококачественный 5,129899 0,001723
канавка 4,436752 0,001490
эра 2,296685 0,000771
середина 1,574551 0,001057
中文 1,035554 0,000348
помимо 1,911023 0,000642
тереть 0,786093 0,001848
foundat 0,986764 0,000331
делать 1,392229 0,000468
среди 0,597299 0,002407
финиш 2,185460 0,002935
каток 4,436752 0,005959
хоккейный 1,416327 0,000951
девушка 1,797694 0,000604
канадский 1,603538 0,000538
выносить 3,338139 0,001121
москва 0,576022 0,000580
циклический 3,520461 0,001182
кулик 3,183989 0,001069
составитель 3,050457 0,001024
https 0,699082 0,000235
исаков 4,031286 0,001354
квадах 1,762603 0,000592
отдельный 0,955511 0,003529
результат 0,524729 0,000176
мобильный 0,555188 0,000186
tiếng 1,140915 0,000383
עברית 1,052361 0,000353
index 0,986764 0,000331
большой 0,687247 0,000231
павел 1,834062 0,000616
должен 0,597299 0,000201
избранный 0,955511 0,000321
последующий 2,085376 0,000700
исключить 1,441019 0,000484
мешать 2,644992 0,000888
крыть 2,932674 0,002954
половина 1,392229 0,000468
стать 0,217244 0,000875
kurdî 1,834062 0,000616
верста 5,129899 0,001723
крикет 1,695912 0,000569
керлинг 1,086847 0,000365
обращение 0,910391 0,000611
провести 0,799165 0,001342
это 0,181139 0,000487
упряжка 1,762603 0,000592
триатлон 1,633391 0,000548
код 0,971016 0,004239
обнаружить 2,490841 0,000836
два 0,504926 0,001356
смена 1,762603 0,001184
лука 1,104547 0,000371
прыжок 0,940244 0,000947
заточка 5,129899 0,003445
новость 0,285712 0,000096
url 0,986764 0,000331
тренер 0,555188 0,000186
доступный 0,955511 0,000321
филателия 3,050457 0,002049
сантиметр 0,955511 0,000963
войти 0,608110 0,000408
стартовый 1,728701 0,000580
старт 1,035554 0,003130
огонек 3,743604 0,001257
гольф 1,574551 0,000529
или 0,576022 0,000580
финляндия 1,323236 0,000889
измениться 2,038856 0,001369
звук 4,031286 0,001354
призер 1,178655 0,000396
қазақша 1,178655 0,000396
стадион 1,518981 0,000510
защита 1,441019 0,000484
политик 0,224624 0,000075
алфавит 1,159607 0,000389
учетный 0,986764 0,000331
принадлежать 1,762603 0,000592
муж 2,827314 0,000949
много 0,735450 0,000494
представиться 0,986764 0,000331
фигурный 0,514778 0,000346
программа 0,799165 0,001073
обычный 2,038856 0,000685
повторно 3,743604 0,001257
эдинбург 3,520461 0,001182
закругление 4,436752 0,001490
тоҷикӣ 1,695912 0,000569
разыгрываться 1,994404 0,004018
конькобежец 3,338139 0,019056
первый 0,317714 0,000960
разрешить 1,664163 0,000559
no 1,911023 0,000642
кратный 2,357310 0,000792
преследование 2,732003 0,004587
февраль 0,202645 0,000136
ошибка 0,576022 0,000193
объединять 2,239527 0,000752
искусственный 2,239527 0,002256
игра 0,112619 0,000492
специализированный 3,183989 0,001069
марта 0,853233 0,000287
скво 3,183989 0,001069
империя 2,239527 0,000752
подразделяться 3,520461 0,001182
больший 0,457070 0,000307
nederland 1,019025 0,000342
нечетный 2,827314 0,000949
альбервилля 5,129899 0,001723
событие 0,565551 0,000190
использование 0,277868 0,000093
самый 0,608110 0,000408
материал 0,309617 0,000104
скиджоринг 1,762603 0,000592
скиинг 1,762603 0,000592
соревнование 0,411400 0,003177
ph 1,762603 0,000592
оторвать 4,436752 0,001490
кук 0,971016 0,000326
малков 5,129899 0,001723
лицензия 0,971016 0,000326
архивный 1,518981 0,001020
метровый 2,932674 0,001970
миля 3,050457 0,002049
угол 2,421849 0,000813
зимний 0,663991 0,002453
представлять 1,217876 0,000409
crash 4,436752 0,001490
ряд 1,198073 0,000402
навигация 0,986764 0,000994
страница 0,910391 0,001834
мочь 0,350775 0,000353
сам 0,747872 0,000753
многоборье 3,183989 0,022453
иматре 5,129899 0,001723
борьба 0,723179 0,000243
гетеборг 3,743604 0,002514
запись 0,910391 0,000306
qr 0,986764 0,000331
африка 2,296685 0,000771
limburg 2,134166 0,000717
дорожка 2,827314 0,018039
тронхейме 5,129899 0,001723
коломна 5,129899 0,001723
сараево 3,050457 0,001024
санный 1,301257 0,000437
женский 0,663991 0,000223
издавать 4,436752 0,001490
каткий 3,338139 0,004484
сохранение 0,971016 0,000326
吴语 1,238078 0,000416
азербайджан 2,357310 0,000792
фристайл 1,238078 0,000416
гимнастика 1,198073 0,000805
hrvatski 1,052361 0,000353
занятой 3,050457 0,001024
дать 0,608110 0,000204
персональный 0,723179 0,000243
возможный 1,392229 0,000468
ru 0,285712 0,000096
действовать 0,825834 0,000277
организовать 1,466337 0,000985
век 1,258698 0,001268
преодолевать 2,932674 0,000985
кубок 0,376309 0,000885
во 0,495170 0,000333
оказываться 2,564949 0,000861
sa 0,986764 0,000331
occitan 1,466337 0,000492
дата 0,799165 0,000537
nynorsk 1,546380 0,000519
sh 1,797694 0,000604
иса 3,743604 0,003771
того 0,955511 0,000321
вы 0,309617 0,000104
пегов 5,129899 0,001723
español 1,019025 0,000342
спид 1,762603 0,000592
литература 1,695912 0,001139
россия 0,139466 0,000515
скорость 1,951845 0,001966
станок 3,520461 0,002364
хлопок 5,129899 0,001723
олимпий 3,338139 0,001121
рекорд 0,955511 0,001283
bosanski 1,345709 0,000452
свой 0,586604 0,000197
энциклопедия 0,986764 0,000994
свое 0,457070 0,000153
заканчивать 3,183989 0,001069
январь 0,786093 0,000528
чтобы 0,773190 0,000779
брейкинг 1,762603 0,000592
настольный 1,198073 0,000402
журнал 1,871802 0,000629
де 0,955511 0,000321
беговой 3,183989 0,004277
сайт 0,411400 0,000138
американский 0,910391 0,000306
до 0,239550 0,000563
ice 3,183989 0,001069
комбинезон 3,743604 0,001257
выступать 0,940244 0,000631
другой 0,188256 0,000379
сюда 0,986764 0,000331
континент 2,239527 0,002256
трек 1,104547 0,006305
введение 2,296685 0,000771
уравнять 4,436752 0,001490
ботинок 3,520461 0,002364
пар 1,416327 0,001427
знаменитый 2,296685 0,000771
цитировать 0,925206 0,000311
черта 2,932674 0,001970
азия 1,834062 0,001232
ход 1,279751 0,000430
norsk 1,052361 0,000353
лондон 1,911023 0,000642
баскетбол 0,723179 0,000243
подпружинить 5,129899 0,001723
число 0,955511 0,000642
гребля 1,518981 0,001020
флаг 0,895792 0,000301
вид 0,393700 0,001322
же 0,853233 0,000860
трасса 2,134166 0,000717
неевропейский 5,129899 0,001723
двигаться 2,490841 0,000836
rule 2,357310 0,000792
polski 1,035554 0,000348
что 0,195425 0,000066
марчук 5,129899 0,001723
common 0,986764 0,000331
править 0,544931 0,005673
спринтер 3,743604 0,001257
за 0,125952 0,000296
софтбол 1,633391 0,000548
форма 1,086847 0,000365
медаль 0,619039 0,000208
глазго 3,520461 0,001182
доп 3,050457 0,002049
org 0,986764 0,000663
зачет 1,416327 0,000476
американка 2,644992 0,000888
настоящее 1,368699 0,000460
изготавливаться 3,183989 0,001069
костюм 2,932674 0,000985
некоммерческий 0,986764 0,000331
даваться 3,050457 0,001024
советский 1,140915 0,001916
великобритания 1,664163 0,000559
пересекать 3,183989 0,001069
xv 2,732003 0,000917
из 0,106018 0,000392
xx 1,546380 0,000519
игровой 1,104547 0,000371
художественный 1,518981 0,000510
мяч 0,735450 0,000247
случайный 0,986764 0,000331
указание 0,986764 0,000331
физически 3,338139 0,001121
скрытый 1,052361 0,000353
швед 2,134166 0,000717
показательный 1,279751 0,000859
српски 1,035554 0,000348
хоккей 0,285712 0,000384
амстердам 3,183989 0,002138
около 1,518981 0,001530
неровный 3,743604 0,001257
двоеборье 1,217876 0,000409
голландец 3,743604 0,001257
серия 0,586604 0,000197
ски 1,069456 0,000359
стокгольм 2,644992 0,000888
первенство 1,301257 0,003496
srpski 1,035554 0,000348
движение 1,728701 0,000580
завоевать 1,035554 0,001043
континентальный 1,871802 0,000629
струнник 5,129899 0,001723
лыжный 0,675551 0,000454
который 0,325878 0,001313
николай 1,994404 0,001339
юниор 1,345709 0,001356
постоянный 0,881403 0,000296
конькобежный 1,140915 0,014558
легкий 0,895792 0,000301
участок 2,827314 0,000949
награда 1,279751 0,001719
следующий 0,853233 0,000573
türkçe 1,052361 0,000353
победа 0,420369 0,000565
начисляться 2,827314 0,000949
заменяться 3,743604 0,001257
елена 1,834062 0,000616
случай 0,867219 0,001165
соревноваться 1,871802 0,002514
спринтерский 3,183989 0,011761
америка 1,279751 0,000859
한국어 1,035554 0,000348
жить 2,296685 0,000771
вод 1,466337 0,000492
союз 1,301257 0,000874
синхронный 1,574551 0,000529
преимущественный 2,421849 0,000813
несколько 0,971016 0,000652
начало 0,760451 0,000511
место 0,402511 0,000811
государство 2,134166 0,000717
никакой 2,085376 0,000700
кромка 3,743604 0,001257
бегов 3,338139 0,001121
ровный 2,421849 0,000813
мы 0,195425 0,000066
участие 0,457070 0,000307
крокет 1,728701 0,000580
на 0,023953 0,000861
водный 0,723179 0,000729
свежий 0,839439 0,000282
simpl 1,140915 0,000383
комплект 1,911023 0,000642
не 0,099461 0,000267
использовать 0,940244 0,000316
задний 2,421849 0,001626
каждый 0,812411 0,002455
онлайн 0,773190 0,000519
кочевой 5,129899 0,001723
маленький 1,392229 0,000935
толчок 2,490841 0,000836
осуществляться 2,239527 0,000752
xix 1,834062 0,000616
внешний 1,104547 0,002225
совершить 2,134166 0,000717
столица 2,490841 0,000836
категория 0,881403 0,000592
кривизна 4,031286 0,002707
дисквалифицируется 3,743604 0,003771
начинать 1,140915 0,001149
количество 0,853233 0,000287
бейсбол 1,416327 0,000951
magyar 1,086847 0,000365
об 0,217244 0,000073
уровень 1,086847 0,000365
шлифоваться 5,129899 0,003445
формат 1,871802 0,001886
ои 0,812411 0,024280
упоминание 2,732003 0,000917
справка 0,986764 0,000331
обязать 2,038856 0,000685
развитие 1,140915 0,000766
мужчина 0,812411 0,001910
тхэквондо 1,633391 0,000548
монета 3,183989 0,001069
от 0,160085 0,000484
форум 0,867219 0,000291
статистика 0,630089 0,000423
официальный 0,735450 0,000741
поменять 2,644992 0,000888
бокс 0,534779 0,000359
гемаха 5,129899 0,001723
слать 1,728701 0,001161
все 0,067304 0,000113
принимать 0,955511 0,000321
википедия 0,986764 0,000994
сведение 0,786093 0,000264
объявить 1,492313 0,000501
по 0,073653 0,000890
монгол 1,518981 0,000510
inc 0,986764 0,000331
защитный 2,644992 0,001776
учредить 2,185460 0,000734
занимать 1,664163 0,001118
скоростно 5,129899 0,001723
информация 0,608110 0,000204
круг 1,392229 0,003273
эстафета 1,871802 0,000629
гуляев 4,031286 0,001354
обратный 1,178655 0,000396
сообщество 0,910391 0,000306
произойти 1,178655 0,000396
википедии 0,986764 0,000663
термин 1,345709 0,000452
переть 0,359214 0,000482
источник 0,786093 0,000264
