финал 0,699082 0,000405
приводить 2,085376 0,001208
новый 0,239550 0,000694
крестообразный 3,520461 0,002038
фотофиниша 4,436752 0,002569
невероятный 3,050457 0,001766
еще 0,167054 0,000387
теннис 0,475938 0,000827
сахалинск 4,031286 0,002334
стиль 1,603538 0,000929
ахмат 1,198073 0,001387
йоханнес 2,085376 0,004830
ставка 0,799165 0,000925
со 0,447767 0,000259
су 4,436752 0,005138
пойти 2,185460 0,002531
эйр 3,743604 0,008671
конфликт 1,951845 0,001130
рюкзак 4,436752 0,002569
проиграть 1,104547 0,000640
александр 0,839439 0,004861
сэ 2,932674 0,001698
декабрь 0,853233 0,000494
финишный 3,183989 0,003687
а 0,209918 0,000365
тв 1,633391 0,000946
в 0,017911 0,000892
макграт 5,129899 0,005941
фристайлист 4,031286 0,004669
д 0,895792 0,000519
реклама 0,687247 0,000796
е 0,867219 0,000502
лес 3,338139 0,005799
и 0,023953 0,000499
связь 0,747872 0,001299
четверг 2,239527 0,001297
к 0,132686 0,000384
н 0,895792 0,001037
о 0,042302 0,000416
альпинизм 1,301257 0,003014
п 1,086847 0,001259
пеллегрино 4,031286 0,002334
домыть 2,932674 0,001698
она 0,597299 0,001038
с 0,036149 0,000293
сейчас 1,104547 0,000640
у 0,342407 0,000397
нога 1,664163 0,001927
серебряный 1,368699 0,000793
определить 1,301257 0,000753
китай 1,695912 0,000982
балл 1,871802 0,004335
авто 0,925206 0,001607
они 0,524729 0,001215
забег 2,644992 0,004595
родина 2,296685 0,001330
я 0,747872 0,001299
футбол 0,247097 0,000715
фростад 4,436752 0,010276
мир 0,277868 0,000483
скоростной 2,564949 0,001485
майя 2,421849 0,001402
пройти 0,544931 0,000947
врезаться 3,520461 0,002038
бум 1,911023 0,002213
репортаж 1,633391 0,000946
участница 2,732003 0,001582
итальянский 1,633391 0,001892
этап 0,895792 0,002075
организатор 1,951845 0,001130
расположить 1,574551 0,000912
акробатика 2,732003 0,004746
проект 0,457070 0,000794
время 0,384967 0,001337
конец 1,035554 0,001199
называть 1,258698 0,000729
немка 4,436752 0,002569
создавать 2,357310 0,001365
федерико 4,031286 0,002334
новгород 1,217876 0,001410
мелбет 1,762603 0,002041
ранее 1,104547 0,000640
разрыв 3,338139 0,001933
надин 4,436752 0,002569
миланя 2,038856 0,002361
одержать 1,217876 0,001410
также 0,663991 0,000769
стартовать 1,633391 0,000946
получение 2,085376 0,001208
италия 0,524729 0,005165
японец 2,564949 0,001485
дмитрий 1,258698 0,000729
соцсетях 1,466337 0,000849
шанс 1,258698 0,000729
прийтись 1,871802 0,002168
россиянин 0,971016 0,000562
сначала 1,664163 0,000964
надя 4,436752 0,002569
эйнар 3,050457 0,001766
зарубежный 1,695912 0,002946
выступить 1,238078 0,000717
трехкратный 4,436752 0,002569
сноуборд 1,178655 0,000682
показать 0,504926 0,000585
победить 0,699082 0,000810
тайга 5,129899 0,002970
мма 1,069456 0,001858
отбросить 5,129899 0,002970
нагано 2,827314 0,001637
шумахер 3,520461 0,002038
филиппов 3,050457 0,001766
бета 1,834062 0,002124
однако 1,069456 0,001239
олимпизм 1,466337 0,002547
счет 0,799165 0,000925
прохоров 3,743604 0,002168
олимпийский 0,342407 0,005551
читать 0,555188 0,000321
приближаться 3,520461 0,002038
далекий 1,416327 0,000820
тяжелый 0,940244 0,000544
подъем 3,183989 0,001844
отказ 0,839439 0,000972
рассматривать 2,732003 0,001582
сумма 1,518981 0,000880
падение 1,797694 0,003123
гонка 0,853233 0,004941
командный 1,002764 0,002903
один 0,342407 0,000397
пережить 3,183989 0,001844
дисциплина 1,546380 0,002686
сноубордист 5,129899 0,002970
совет 0,825834 0,000956
офтебру 5,129899 0,005941
победительница 2,644992 0,001532
биатлон 0,485508 0,000843
сундлинг 2,421849 0,001402
перенести 1,633391 0,003783
богатый 2,644992 0,001532
эфир 1,695912 0,000982
локомотив 0,839439 0,000972
панжинский 5,129899 0,005941
последний 0,376309 0,000218
провал 2,490841 0,001442
минута 0,940244 0,001089
спортсменка 1,664163 0,003854
мой 1,368699 0,000793
кажется 2,644992 0,001532
afp 4,436752 0,002569
бежать 3,050457 0,001766
имин 5,129899 0,005941
дарья 1,951845 0,006781
букмекер 1,140915 0,004624
сша 0,586604 0,001019
потерять 1,951845 0,001130
южный 1,159607 0,000671
сойти 3,520461 0,002038
говорить 1,834062 0,001062
форхенд 5,129899 0,002970
технология 0,786093 0,001366
остаться 1,301257 0,000753
уйти 1,392229 0,001612
финиш 2,185460 0,003796
канадский 1,603538 0,001857
через 0,971016 0,000562
олимп 1,762603 0,002041
атле 4,436752 0,005138
спина 2,134166 0,001236
сорт 4,031286 0,002334
смерть 2,134166 0,001236
результат 0,524729 0,000608
скандал 1,279751 0,000741
равновесие 3,743604 0,002168
ноябрь 0,955511 0,000553
швейцарка 4,031286 0,002334
большой 0,687247 0,001194
должен 0,597299 0,001383
тасс 1,695912 0,004910
возвращение 1,466337 0,001698
конечно 2,932674 0,001698
зенит 0,867219 0,002009
секунда 1,633391 0,003783
животное 3,743604 0,002168
олдем 5,129899 0,005941
наполнить 4,031286 0,002334
финишировать 2,357310 0,002730
золото 1,140915 0,004624
стать 0,217244 0,001132
нужно 1,492313 0,000864
альп 3,743604 0,002168
акрон 1,279751 0,001482
штраф 2,564949 0,001485
возможно 1,664163 0,000964
операция 2,644992 0,003063
лыжня 4,031286 0,007003
это 0,181139 0,000524
слово 1,035554 0,001799
норвежец 2,490841 0,005769
рост 0,812411 0,000941
джейк 4,031286 0,002334
американец 2,134166 0,002472
зацепить 3,520461 0,002038
два 0,504926 0,000292
прыжок 0,940244 0,001089
спортсмен 0,565551 0,002292
прямой 1,695912 0,000982
разобраться 3,520461 0,002038
бронза 1,728701 0,002002
комиссия 2,239527 0,001297
новость 0,285712 0,000496
взять 1,159607 0,001343
стельвио 5,129899 0,002970
савелий 3,338139 0,009665
его 0,447767 0,000259
тренер 0,555188 0,000321
варвар 4,436752 0,002569
старт 1,035554 0,000600
нхл 0,925206 0,001607
mail 1,301257 0,011302
или 0,576022 0,000334
суперсильная 5,129899 0,002970
далеко 2,564949 0,001485
обещать 3,743604 0,002168
турнир 0,293617 0,000510
призер 1,178655 0,000682
фонбет 1,466337 0,001698
финна 3,520461 0,002038
уступить 1,368699 0,000793
стадион 1,518981 0,000880
гас 5,129899 0,002970
политик 0,224624 0,000390
считать 1,279751 0,001482
забраться 5,129899 0,002970
отстранить 2,296685 0,002660
включить 1,392229 0,000806
достаться 2,421849 0,001402
шведский 2,564949 0,001485
почему 1,122566 0,001300
хороший 0,393700 0,000912
муж 2,827314 0,001637
много 0,735450 0,000426
соперничать 3,338139 0,003866
добавить 1,518981 0,000880
когда 0,652562 0,000756
готовиться 2,296685 0,001330
удостоверение 4,436752 0,002569
отреагировать 2,085376 0,002415
фигурный 0,514778 0,000894
программа 0,799165 0,001388
конфиденциальность 0,293617 0,000510
оренбург 1,301257 0,001507
адреналин 4,436752 0,002569
фристайлистка 3,743604 0,006503
чего 1,345709 0,001558
смешанный 1,871802 0,001084
первый 0,317714 0,000552
обвинить 2,932674 0,001698
слалом 2,421849 0,002805
состояние 1,301257 0,000753
непряева 2,932674 0,010189
февраль 0,202645 0,003520
карин 4,031286 0,002334
зацепиться 4,436752 0,002569
франко 3,743604 0,002168
горнолыжница 3,520461 0,008154
кадры 3,338139 0,001933
игра 0,112619 0,001174
австриец 3,520461 0,004077
компания 0,971016 0,001687
статус 1,279751 0,002223
марта 0,853233 0,000494
табанелли 5,129899 0,002970
слоупстайле 5,129899 0,002970
тонкость 3,743604 0,004335
мнение 1,951845 0,001130
нонес 5,129899 0,005941
федерация 0,495170 0,000287
рекомендация 1,217876 0,002116
четвероногий 5,129899 0,002970
эйлин 4,436752 0,002569
ведь 3,050457 0,001766
интервью 0,971016 0,000562
больший 0,457070 0,000265
личность 3,338139 0,001933
сообщаться 2,490841 0,001442
высказаться 1,695912 0,000982
кто 0,747872 0,000433
итальянец 2,421849 0,001402
полуфинальный 2,564949 0,001485
раскрыть 1,871802 0,001084
кортина 2,490841 0,001442
событие 0,565551 0,000327
трехкратного 5,129899 0,008911
использование 0,277868 0,000483
лыжник 2,085376 0,009660
реакция 2,490841 0,001442
неделя 1,217876 0,000705
самый 0,608110 0,000352
перерыть 2,490841 0,002885
материал 0,309617 0,000359
рубин 1,198073 0,001387
участвовать 0,955511 0,000553
нонеса 5,129899 0,002970
соревнование 0,411400 0,002382
сообщить 0,447767 0,000519
быть 0,119263 0,001105
изнурительный 5,129899 0,002970
связка 2,932674 0,001698
гиммлер 4,436752 0,002569
камера 3,183989 0,001844
финальный 1,492313 0,001728
исключение 1,695912 0,000982
нейтральный 2,185460 0,003796
зимний 0,663991 0,002307
балтика 1,217876 0,002821
спорт 0,125952 0,003938
проверка 1,911023 0,001107
национальный 0,839439 0,000486
набрать 1,368699 0,000793
этот 0,350775 0,000406
кантер 5,129899 0,002970
борьба 0,723179 0,000419
берцовый 5,129899 0,002970
четыре 0,910391 0,001054
сказать 1,368699 0,000793
сборная 0,342407 0,000991
сердце 2,421849 0,001402
квалификация 1,695912 0,001964
швеция 1,035554 0,001799
бронзовый 1,345709 0,001558
коростелева 3,743604 0,002168
цирк 3,743604 0,002168
глава 1,122566 0,000650
женский 0,663991 0,001538
йонна 2,421849 0,001402
фристайл 1,238078 0,001434
коростелеву 5,129899 0,002970
бы 1,052361 0,002437
йенс 3,520461 0,002038
воздух 2,421849 0,001402
илькке 5,129899 0,002970
кхл 0,760451 0,001321
неблагоприятный 4,031286 0,002334
фитнес 1,546380 0,002686
перелом 3,183989 0,001844
кубок 0,376309 0,000872
во 0,495170 0,001720
колетта 5,129899 0,002970
известно 1,871802 0,002168
мужской 1,198073 0,001387
вернуться 0,986764 0,001143
чемпионат 0,188256 0,000327
вы 0,309617 0,000179
вяльбе 4,436752 0,005138
российский 0,224624 0,001041
паря 1,217876 0,001410
китайский 1,069456 0,000619
выиграть 0,485508 0,000562
гора 2,932674 0,003396
просто 1,492313 0,000864
ридзек 4,436752 0,002569
доломитовый 5,129899 0,002970
крыло 1,238078 0,001434
потрясающе 4,436752 0,002569
россия 0,139466 0,000565
спустя 1,911023 0,001107
лаура 4,436752 0,002569
трехкратной 4,031286 0,002334
простой 2,239527 0,001297
эвакуировать 4,031286 0,002334
турнирный 1,086847 0,001259
сочить 0,853233 0,000988
сестра 3,743604 0,004335
гу 4,031286 0,002334
дальквист 4,031286 0,002334
врать 3,743604 0,002168
вслед 2,564949 0,001485
свое 0,457070 0,000265
рбк 1,797694 0,002082
январь 0,786093 0,000455
назвать 0,940244 0,000544
проведение 1,104547 0,000640
херолае 5,129899 0,002970
казахстан 1,217876 0,002116
километровый 5,129899 0,002970
сайт 0,411400 0,000238
американский 0,910391 0,001581
бен 2,827314 0,001637
между 0,955511 0,001107
коростелев 3,183989 0,007375
напомнить 4,031286 0,009337
палка 3,050457 0,001766
представитель 1,238078 0,000717
страшный 4,031286 0,004669
потом 2,564949 0,002970
выступать 0,940244 0,000544
другой 0,188256 0,000327
бакуров 4,436752 0,012845
спринт 1,871802 0,009755
прийти 2,038856 0,001181
европа 0,393700 0,000228
утро 2,421849 0,001402
вынудить 2,185460 0,001265
лидировать 2,085376 0,001208
лампартеру 5,129899 0,002970
направиться 4,436752 0,002569
черта 2,932674 0,003396
ее 0,723179 0,000419
иначе 1,834062 0,001062
посол 0,301585 0,002619
vk 1,441019 0,000834
ограждение 3,520461 0,004077
контроль 1,951845 0,002260
автор 1,466337 0,000849
короткий 0,699082 0,000405
вид 0,393700 0,001368
бороться 1,633391 0,000946
трасса 2,134166 0,002472
польза 1,834062 0,002124
меган 5,129899 0,002970
мото 1,574551 0,002735
нижний 0,955511 0,001107
попасть 1,140915 0,000661
всегда 1,258698 0,000729
двигаться 2,490841 0,001442
выздоровление 5,129899 0,002970
километр 1,951845 0,001130
флора 5,129899 0,002970
снять 1,871802 0,001084
что 0,195425 0,000905
краснодар 0,867219 0,001004
править 0,544931 0,000316
погодный 3,050457 0,001766
килдоу 5,129899 0,002970
за 0,125952 0,000802
рейтинг 0,524729 0,002127
медаль 0,619039 0,000717
трансляция 1,217876 0,000705
недопуска 4,031286 0,002334
недопуске 5,129899 0,005941
обнюхать 5,129899 0,002970
прокат 1,951845 0,001130
преодолеть 2,357310 0,002730
келин 4,031286 0,002334
никита 1,492313 0,000864
скимо 5,129899 0,002970
ампеццо 2,490841 0,001442
выбыть 2,644992 0,001532
если 0,675551 0,001174
шванцер 5,129899 0,002970
бетсити 1,633391 0,001892
винлайн 1,834062 0,002124
биг 4,031286 0,009337
из 0,106018 0,000430
вторник 2,932674 0,001698
игровой 1,104547 0,001919
турмуд 5,129899 0,005941
элиа 5,129899 0,002970
еврокубки 1,546380 0,002686
фалуне 5,129899 0,002970
ощущаться 4,436752 0,002569
кость 3,183989 0,001844
получить 0,384967 0,000669
выбежать 2,932674 0,005094
беларусь 1,279751 0,002223
контакт 1,035554 0,000600
фон 2,564949 0,002970
вонн 3,743604 0,015174
губерниев 3,743604 0,004335
тема 1,104547 0,000640
хоккей 0,285712 0,000827
спартак 0,711058 0,000823
объяснить 1,633391 0,001892
егор 1,951845 0,001130
сервис 1,368699 0,000793
фендрих 4,031286 0,002334
леона 1,633391 0,001892
сделать 0,853233 0,000494
ворот 1,762603 0,002041
ливиньо 4,031286 0,009337
двоеборье 1,217876 0,001410
казань 1,301257 0,000753
риа 1,466337 0,000849
ски 1,069456 0,002477
цска 0,711058 0,000823
первенство 1,301257 0,000753
непряевой 3,743604 0,004335
актуальный 1,546380 0,000895
год 0,099461 0,000346
пес 5,129899 0,002970
собака 2,827314 0,003274
приходиться 2,038856 0,001181
матч 0,293617 0,000510
завоевать 1,035554 0,004797
линдси 3,743604 0,004335
женя 3,743604 0,002168
лыжный 0,675551 0,014473
который 0,325878 0,000755
большунов 2,185460 0,020247
поэтому 1,392229 0,000806
спуск 3,050457 0,001766
пересечь 3,338139 0,003866
участок 2,827314 0,001637
награда 1,279751 0,001482
например 1,603538 0,000929
серебро 1,695912 0,001964
динамо 0,663991 0,001538
мак 3,743604 0,002168
следующий 0,853233 0,000494
семь 1,633391 0,000946
победа 0,420369 0,000730
допинг 1,871802 0,003252
ли 1,198073 0,001387
спуститься 5,129899 0,002970
рассказать 1,122566 0,003250
кировск 5,129899 0,002970
экспресс 1,416327 0,004101
елена 1,834062 0,001062
страна 0,641262 0,001114
жена 1,728701 0,005005
бормио 4,436752 0,002569
президент 1,035554 0,000600
петр 1,392229 0,000806
пропустить 1,122566 0,001300
betteri 1,871802 0,002168
кратное 3,183989 0,001844
сми 1,546380 0,000895
такой 0,735450 0,000426
соревноваться 1,871802 0,001084
риторика 5,129899 0,002970
перелезть 5,129899 0,002970
чемпионка 1,441019 0,001669
ушибить 4,031286 0,002334
выездной 2,490841 0,001442
место 0,402511 0,000699
решение 0,839439 0,000486
лига 0,325878 0,001321
рука 1,392229 0,000806
проходить 0,867219 0,000502
мх 1,728701 0,002002
мы 0,195425 0,000113
летний 0,619039 0,001075
болельщик 1,086847 0,000629
участие 0,457070 0,001059
на 0,023953 0,000902
попытка 1,664163 0,003854
заработать 2,564949 0,001485
водный 0,723179 0,001256
олимпиада 0,576022 0,007671
тот 0,393700 0,000228
анна 1,695912 0,001964
не 0,099461 0,000461
календарь 0,675551 0,000782
трамплин 1,140915 0,001321
временно 2,932674 0,003396
золотой 1,002764 0,000581
отправиться 2,421849 0,001402
дебютировать 2,085376 0,002415
поздний 1,323236 0,001532
нанесение 2,827314 0,001637
барп 4,436752 0,002569
вызвать 1,797694 0,001041
история 0,270086 0,000156
таблица 0,711058 0,000823
длить 0,146292 0,000339
норвежский 1,345709 0,003117
хасегава 5,129899 0,002970
русская 1,797694 0,001041
норвегия 1,279751 0,000741
об 0,217244 0,000252
составить 1,546380 0,000895
ои 0,812411 0,001411
нет 0,825834 0,000478
он 0,475938 0,000276
завершение 1,695912 0,000982
чемпион 0,334108 0,001548
даже 1,198073 0,002081
поделиться 2,357310 0,001365
от 0,160085 0,000093
огден 4,031286 0,002334
клебо 2,490841 0,007211
телеведущий 3,743604 0,002168
бокс 0,534779 0,000929
катание 0,514778 0,000894
фигуристый 1,871802 0,001084
понимать 2,644992 0,003063
матей 4,436752 0,002569
первое 0,393700 0,000228
участник 0,799165 0,000463
как 0,232059 0,000672
cas 3,338139 0,001933
все 0,067304 0,000390
лыжа 0,925206 0,002679
дистанция 1,728701 0,002002
комментатор 2,357310 0,001365
условие 0,334108 0,000387
премьер 1,198073 0,003469
горнолыжник 3,338139 0,003866
pari 1,546380 0,001791
по 0,073653 0,000469
лыжница 3,520461 0,006115
достижение 1,279751 0,000741
занять 1,159607 0,001343
гуменника 2,564949 0,001485
травма 1,122566 0,002600
хедегарт 3,050457 0,001766
принять 0,786093 0,000910
немой 1,416327 0,000820
апелляция 4,031286 0,002334
сообщать 1,951845 0,002260
вертолет 4,031286 0,002334
упасть 2,357310 0,002730
третье 1,035554 0,001199
эстафета 1,871802 0,001084
сорин 5,129899 0,002970
обратный 1,178655 0,002047
второе 0,839439 0,002916
захватывать 4,031286 0,002334
второй 0,576022 0,001001
