придумать 2,490841 0,003751
слух 2,490841 0,003751
специальный 1,217876 0,001834
рф 1,871802 0,008457
день 0,699082 0,001053
хватать 1,633391 0,002460
образ 1,178655 0,001775
рпл 1,140915 0,001718
эпичный 5,129899 0,007726
спорт 0,125952 0,000379
выйти 0,773190 0,004658
рот 3,743604 0,005638
мама 3,520461 0,005302
страница 0,910391 0,001371
фотофиниш 3,743604 0,005638
ахмат 1,198073 0,003609
мочь 0,350775 0,000528
аренда 1,728701 0,002603
анонсировать 3,338139 0,005027
сборная 0,342407 0,002063
важный 0,986764 0,001486
сбу 5,129899 0,007726
под 0,723179 0,002178
швеция 1,035554 0,001560
предложить 1,441019 0,002170
проиграть 1,104547 0,001663
александр 0,839439 0,003793
помощь 1,368699 0,002061
человек 0,940244 0,001416
а 0,209918 0,000316
обыграть 1,122566 0,003381
в 0,017911 0,002158
министерство 2,732003 0,004114
е 0,867219 0,001306
лес 3,338139 0,005027
и 0,023953 0,000541
связь 0,747872 0,001126
м 0,534779 0,000805
можно 1,002764 0,001510
о 0,042302 0,000064
дать 0,608110 0,000916
кхл 0,760451 0,002291
с 0,036149 0,000381
истязание 5,129899 0,007726
четвертьфинал 1,279751 0,001927
ru 0,285712 0,000430
триколор 4,436752 0,006682
возможный 1,392229 0,002097
забег 2,644992 0,003983
спортивный 0,301585 0,000454
во 0,495170 0,000746
бросить 3,050457 0,004594
вс 3,183989 0,004795
выступление 0,955511 0,001439
проигрыш 2,490841 0,003751
вариант 1,492313 0,002247
уже 0,687247 0,001035
аделий 1,871802 0,002819
обеспечить 2,296685 0,003459
решиться 3,050457 0,004594
миф 3,520461 0,005302
чемпионат 0,188256 0,000284
вяльбе 4,436752 0,013364
русский 0,760451 0,001145
российский 0,224624 0,000677
сво 2,932674 0,004417
уилсон 3,050457 0,004594
загружаться 5,129899 0,007726
драка 2,134166 0,003214
экономический 2,732003 0,004114
тцк 3,743604 0,005638
версия 0,393700 0,000593
время 0,384967 0,001160
весной 2,564949 0,003863
интернет 1,574551 0,004743
россия 0,139466 0,000840
тест 1,546380 0,002329
скорость 1,951845 0,002940
минспорт 3,743604 0,005638
рекорд 0,955511 0,001439
возмутиться 5,129899 0,007726
свой 0,586604 0,000883
фк 1,951845 0,005879
миланя 2,038856 0,064482
израиль 2,085376 0,003141
назвать 0,940244 0,001416
плей 1,002764 0,001510
разгромить 1,728701 0,002603
украина 1,217876 0,011005
без 0,466460 0,000702
италия 0,524729 0,000790
перед 0,839439 0,001264
дмитрий 1,258698 0,003791
погибнуть 2,421849 0,003647
час 1,728701 0,002603
до 0,239550 0,000361
файл 2,827314 0,004258
россиянин 0,971016 0,002925
русь 4,031286 0,006071
бойкот 2,827314 0,004258
сотрудник 2,932674 0,004417
post 3,338139 0,005027
хк 2,827314 0,004258
лайфу 5,129899 0,007726
такера 3,520461 0,005302
спринт 1,871802 0,002819
запрет 2,134166 0,003214
карабах 2,038856 0,003071
журова 3,520461 0,010604
победить 0,699082 0,001053
рабочий 2,134166 0,003214
разгромно 3,520461 0,005302
ее 0,723179 0,001089
овертайме 2,038856 0,006141
отдать 1,728701 0,002603
развеять 4,436752 0,006682
подлянка 5,129899 0,007726
судья 1,035554 0,003119
посол 0,301585 0,002725
олимпийский 0,342407 0,001547
знать 1,345709 0,002027
флаг 0,895792 0,002698
washington 3,338139 0,005027
короткий 0,699082 0,002106
падение 1,797694 0,002707
вид 0,393700 0,001186
цифровой 3,743604 0,005638
трасса 2,134166 0,003214
гонка 0,853233 0,002570
поддержка 1,546380 0,004658
один 0,342407 0,000516
попасть 1,140915 0,001718
дрэгонс 2,932674 0,004417
совет 0,825834 0,001244
life 3,338139 0,010055
обновить 2,085376 0,003141
что 0,195425 0,001177
биатлон 0,485508 0,000731
хлусевича 2,932674 0,004417
футболист 1,518981 0,002288
подушкин 5,129899 0,007726
за 0,125952 0,000569
устарелый 3,338139 0,005027
канада 0,867219 0,001306
совсем 2,827314 0,004258
религия 3,520461 0,005302
последний 0,376309 0,000567
произвольный 1,994404 0,003004
коммуникация 2,134166 0,003214
сыграть 0,839439 0,001264
прокат 1,951845 0,002940
вован 5,129899 0,015452
триумф 2,932674 0,004417
советский 1,140915 0,001718
казахстанец 4,436752 0,006682
хозяин 2,185460 0,003291
мокнуть 1,574551 0,002371
заявить 1,140915 0,001718
сша 0,586604 0,001767
грозить 3,520461 0,005302
петросян 1,441019 0,015191
из 0,106018 0,000479
нигилист 5,129899 0,007726
посвятить 1,994404 0,003004
говорить 1,834062 0,002762
ответить 1,664163 0,002506
наш 0,652562 0,000983
швейцария 1,258698 0,001896
биатлонист 1,994404 0,003004
остаться 1,301257 0,001960
показательный 1,279751 0,001927
уйти 1,392229 0,002097
повторить 1,834062 0,002762
латвия 1,664163 0,002506
хоккейный 1,416327 0,002133
выбежать 2,932674 0,004417
над 0,986764 0,001486
пингвин 4,436752 0,006682
патриот 4,031286 0,006071
канадский 1,603538 0,002415
москва 0,576022 0,000868
комментарий 1,871802 0,002819
губерниев 3,743604 0,011276
дослать 3,050457 0,004594
хоккей 0,285712 0,001291
спартак 0,711058 0,002142
объяснить 1,633391 0,002460
читаемый 4,031286 0,006071
боксер 2,932674 0,004417
завести 4,436752 0,006682
восторг 4,031286 0,006071
котел 4,436752 0,006682
офф 1,019025 0,001535
криничное 5,129899 0,007726
признаться 1,994404 0,003004
поставить 1,633391 0,002460
возвращение 1,466337 0,002208
овечкин 1,695912 0,005108
пронести 3,520461 0,005302
животное 3,743604 0,005638
год 0,099461 0,000150
максим 1,871802 0,002819
торпедо 1,574551 0,004743
собака 2,827314 0,004258
освободить 3,743604 0,005638
матч 0,293617 0,000884
кс 5,129899 0,007726
соперник 0,853233 0,001285
стать 0,217244 0,001309
лыжный 0,675551 0,002035
возможно 1,664163 0,002506
вчера 1,518981 0,002288
глумиться 5,129899 0,007726
керлинг 1,086847 0,001637
пранкерами 4,031286 0,006071
задержать 2,644992 0,003983
группа 1,122566 0,001691
провести 0,799165 0,001204
операция 2,644992 0,003983
экстремалы 4,436752 0,006682
массовый 1,466337 0,002208
это 0,181139 0,000273
обойти 2,421849 0,003647
победа 0,420369 0,001266
допинг 1,871802 0,002819
украинский 1,797694 0,002707
норвежец 2,490841 0,003751
вступиться 4,436752 0,006682
гимн 1,994404 0,003004
позвать 3,520461 0,005302
смена 1,762603 0,002655
допуск 2,564949 0,003863
сегодня 0,881403 0,047787
елена 1,834062 0,002762
президент 1,035554 0,001560
новость 0,285712 0,001291
вашингтон 1,994404 0,003004
петр 1,392229 0,002097
лексус 5,129899 0,015452
роман 1,797694 0,002707
чехов 3,338139 0,005027
лч 2,185460 0,003291
кратное 3,183989 0,004795
создать 0,773190 0,001164
его 0,447767 0,001349
тренер 0,555188 0,001672
деть 0,619039 0,000932
михаил 1,301257 0,001960
полуфинал 1,238078 0,005594
только 0,447767 0,000674
упц 5,129899 0,007726
заткнуть 5,129899 0,007726
пояснить 4,436752 0,006682
крещение 5,129899 0,007726
нельзя 2,296685 0,003459
место 0,402511 0,001212
регион 1,834062 0,002762
лига 0,325878 0,000491
финляндия 1,323236 0,001993
трогать 3,520461 0,005302
никакой 2,085376 0,003141
евгения 1,178655 0,001775
стыковой 1,911023 0,002878
паралимпиаду 3,520461 0,005302
военный 1,664163 0,002506
болельщик 1,086847 0,003274
функционировать 3,743604 0,005638
вырвать 2,421849 0,003647
на 0,023953 0,000866
олимпиада 0,576022 0,032098
считать 1,279751 0,001927
костомаров 4,031286 0,012142
не 0,099461 0,001198
почему 1,122566 0,003381
наумов 3,338139 0,005027
госдума 3,183989 0,004795
хороший 0,393700 0,000593
но 0,402511 0,000606
свитер 3,050457 0,004594
карлсона 3,520461 0,005302
красный 1,069456 0,001611
шанхай 2,490841 0,003751
история 0,270086 0,000407
киев 2,421849 0,003647
сочувствовать 5,129899 0,007726
дегтярев 2,421849 0,007295
сахалин 4,436752 0,006682
программа 0,799165 0,003611
пранкеры 5,129899 0,015452
гражданство 2,421849 0,003647
светлана 1,994404 0,003004
побить 1,951845 0,002940
об 0,217244 0,000327
финансовый 1,911023 0,002878
защитник 1,217876 0,001834
ои 0,812411 0,001224
критика 1,951845 0,002940
первый 0,317714 0,000957
переговорщик 5,129899 0,007726
обвинить 2,932674 0,004417
развитие 1,140915 0,001718
он 0,475938 0,001434
ссср 0,940244 0,001416
чемпион 0,334108 0,001006
непряева 2,932674 0,004417
всу 4,031286 0,006071
от 0,160085 0,000482
соединение 3,338139 0,005027
февраль 0,202645 0,000305
клебо 2,490841 0,003751
бокс 0,534779 0,001611
словакия 1,664163 0,005013
фигуристый 1,871802 0,002819
попробовать 2,564949 0,003863
первое 0,393700 0,000593
как 0,232059 0,001048
все 0,067304 0,000101
лыжа 0,925206 0,001393
низкий 1,345709 0,002027
высота 1,762603 0,002655
комментатор 2,357310 0,003550
родитель 3,338139 0,005027
по 0,073653 0,000444
федерация 0,495170 0,000746
усик 2,296685 0,013835
пята 2,827314 0,004258
ньюкасла 2,932674 0,004417
интервью 0,971016 0,001462
лыжница 3,520461 0,005302
отель 4,436752 0,006682
хоккеист 1,633391 0,002460
эпштейн 4,031286 0,006071
гуменника 2,564949 0,007726
событие 0,565551 0,000852
мем 4,436752 0,006682
харьковку 5,129899 0,007726
триксель 5,129899 0,007726
браузер 4,031286 0,006071
константиновка 5,129899 0,007726
проверить 1,368699 0,002061
переть 0,359214 0,000541
