апр 5,129899 0,013311
гбпоу 5,129899 0,007986
финал 0,699082 0,000363
специальный 1,217876 0,000632
артиги 5,129899 0,007986
cуперлига 5,129899 0,026621
артиге 5,129899 0,002662
новый 0,239550 0,000249
поведение 0,839439 0,000871
чертаново 4,436752 0,011512
рпл 1,140915 0,007697
артига 4,031286 0,010460
академия 1,834062 0,012373
сб 4,436752 0,050653
выйти 0,773190 0,000401
ребенок 1,323236 0,001373
ахмат 1,198073 0,001243
согласие 2,038856 0,001058
ср 3,050457 0,003166
петербург 1,345709 0,000698
posit 1,951845 0,002026
chukcha 5,129899 0,002662
кдв 5,129899 0,002662
пол 0,910391 0,008031
александр 0,839439 0,000436
декабрь 0,853233 0,000443
тв 1,633391 0,002543
а 0,209918 0,000109
б 1,466337 0,007609
в 0,017911 0,000158
г 0,925206 0,000480
подробный 0,687247 0,000357
пахтакор 3,520461 0,009135
left 2,085376 0,002164
политика 2,732003 0,001418
и 0,023953 0,000137
связь 0,747872 0,000776
к 0,132686 0,000138
м 0,534779 0,012211
разговор 2,564949 0,001331
переводичка 5,129899 0,002662
о 0,042302 0,000110
winlin 2,564949 0,013311
п 1,086847 0,001128
тс 5,129899 0,002662
санкт 1,279751 0,000664
р 2,239527 0,001162
с 0,036149 0,000188
х 0,986764 0,000512
область 1,633391 0,000848
они 0,524729 0,000545
сезон 0,723179 0,001126
бомбер 4,436752 0,009210
кристалл 3,183989 0,001652
металлург 1,834062 0,000952
уралец 5,129899 0,002662
тактический 2,564949 0,001331
я 0,747872 0,000388
футбол 0,247097 0,000769
мир 0,277868 0,002019
уралвагонзавод 5,129899 0,002662
портнов 4,436752 0,004605
русский 0,760451 0,000789
репортаж 1,633391 0,053401
этап 0,895792 0,000930
рахимов 4,436752 0,004605
дардан 4,436752 0,002302
время 0,384967 0,000999
регистрироваться 3,338139 0,001732
ооо 1,871802 0,000971
u 1,345709 0,013967
фк 1,951845 0,141805
главный 0,565551 0,001761
победитель 0,799165 0,000829
присоединиться 2,490841 0,001293
одержать 1,217876 0,000632
также 0,663991 0,000345
грозный 2,421849 0,001257
носить 1,664163 0,000864
черенковый 4,436752 0,002302
дмитрий 1,258698 0,000653
рожковый 3,338139 0,001732
руслан 2,564949 0,001331
галерея 2,732003 0,002835
div 2,357310 0,002447
показать 0,504926 0,000524
васильев 2,827314 0,002934
ложа 2,932674 0,003044
itn 5,129899 0,002662
парковка 4,031286 0,004184
вход 2,085376 0,002164
девочка 3,338139 0,001732
тахери 4,436752 0,002302
фиджитал 5,129899 0,005324
ресторан 3,743604 0,003885
купить 1,994404 0,002070
один 0,342407 0,000178
хайлайты 5,129899 0,010648
совет 0,825834 0,001714
полностью 1,546380 0,001605
видео 0,699082 0,000363
футболист 1,518981 0,000788
воспитанник 2,239527 0,002324
пользоваться 2,490841 0,001293
свитшот 5,129899 0,002662
персонал 2,827314 0,002934
часть 1,104547 0,000573
локомотив 0,839439 0,003049
шабанхаджай 4,436752 0,002302
пфк 3,520461 0,001827
counter 1,911023 0,000992
подарочный 4,436752 0,002302
содружество 1,518981 0,000788
функциональный 4,031286 0,002092
химик 3,183989 0,003305
добраться 3,338139 0,003465
арсенал 1,323236 0,002060
июль 1,019025 0,000529
карта 2,085376 0,002164
скидка 2,185460 0,001134
москва 0,576022 0,000299
атака 1,762603 0,000915
серый 2,932674 0,001522
https 0,699082 0,000726
id 2,732003 0,001418
химки 2,644992 0,001373
мобильный 0,555188 0,000288
приглашать 3,183989 0,001652
ноябрь 0,955511 0,008430
урал 2,038856 0,003174
команда 0,262364 0,001770
салют 3,338139 0,001732
leon 3,183989 0,016523
офф 1,019025 0,000529
йочич 4,436752 0,002302
конференция 1,392229 0,001445
зенит 0,867219 0,002700
документ 2,038856 0,002116
нападать 1,518981 0,002365
юный 2,490841 0,001293
очки 0,940244 0,000976
струг 5,129899 0,007986
открывать 2,644992 0,001373
крыть 2,932674 0,001522
подготовка 1,178655 0,000612
стать 0,217244 0,000225
js 2,827314 0,001467
gloria 4,031286 0,008368
акрон 1,279751 0,001992
двукратный 2,239527 0,001162
top 1,695912 0,001760
юфл 3,338139 0,020788
группа 1,122566 0,005825
провести 0,799165 0,000415
носта 5,129899 0,002662
безруков 4,436752 0,002302
зеленый 2,185460 0,002268
рост 0,812411 0,003373
два 0,504926 0,000262
новость 0,285712 0,000890
сентябрь 1,035554 0,006986
касра 4,436752 0,002302
mail 1,301257 0,001351
пособие 3,338139 0,003465
хайлатйы 5,129899 0,002662
призер 1,178655 0,000612
стадион 1,518981 0,014189
теплый 2,932674 0,003044
лояльность 4,031286 0,004184
восток 2,644992 0,002745
нижегородовым 5,129899 0,002662
политик 0,224624 0,000117
mc 2,421849 0,001257
rubin 4,436752 0,002302
енисей 2,296685 0,002384
много 0,735450 0,000382
свитер 3,050457 0,001583
тренировка 0,895792 0,000465
красный 1,069456 0,000555
елка 5,129899 0,002662
дворовый 4,436752 0,004605
alt 2,185460 0,002268
билет 2,085376 0,005411
программа 0,799165 0,000829
absolut 2,296685 0,002384
имт 5,129899 0,005324
конфиденциальность 0,293617 0,000305
оренбург 1,301257 0,002026
na 2,490841 0,001293
медиа 1,834062 0,001904
защитник 1,217876 0,003160
тренерский 1,871802 0,001943
женис 5,129899 0,013311
ne 5,129899 0,002662
первый 0,317714 0,000495
кабинет 3,050457 0,001583
продлить 2,038856 0,001058
тесленко 4,436752 0,002302
итог 0,867219 0,000450
микрофон 4,436752 0,002302
февраль 0,202645 0,000631
опубликовать 1,762603 0,004573
fwz 2,827314 0,001467
полузащитник 2,357310 0,011010
дизайн 2,490841 0,001293
сентябрёв 4,436752 0,004605
игра 0,112619 0,001227
марта 0,853233 0,001328
федерация 0,495170 0,000257
футболистка 3,743604 0,001943
интервью 0,971016 0,001512
src 2,239527 0,002324
баз 1,664163 0,018999
использование 0,277868 0,000144
fonbet 2,827314 0,001467
фев 3,050457 0,003166
август 1,035554 0,005374
рубин 1,198073 0,171597
товар 3,050457 0,001583
быть 0,119263 0,000433
кабутов 4,436752 0,002302
sport 0,760451 0,001579
вывести 2,357310 0,003670
зорлу 5,129899 0,005324
камера 3,183989 0,003305
ничей 1,951845 0,002026
игор 4,031286 0,002092
px 2,185460 0,002268
молодежный 1,159607 0,012035
манеж 3,050457 0,001583
ак 1,695912 0,002640
черный 1,994404 0,002070
балтика 1,217876 0,000632
разработка 2,357310 0,001223
роль 1,695912 0,000880
english 0,925206 0,000960
вдв 4,436752 0,002302
приложение 1,574551 0,002451
ффно 5,129899 0,007986
подведение 3,050457 0,001583
ближний 1,728701 0,000897
бронзовый 1,345709 0,000698
сбор 1,368699 0,002131
женский 0,663991 0,004824
пополнение 4,436752 0,002302
характер 2,185460 0,001134
илья 1,797694 0,000933
уефа 1,466337 0,001522
пресс 0,895792 0,000930
ru 0,285712 0,000593
стремление 3,520461 0,001827
легенда 1,416327 0,001470
кубок 0,376309 0,001758
спортивный 0,301585 0,000157
зотов 4,436752 0,002302
игрок 0,711058 0,001107
методический 4,031286 0,004184
мирлинд 4,031286 0,002092
спонсор 1,664163 0,000864
вс 3,183989 0,042960
челябинск 2,239527 0,001162
вт 4,436752 0,002302
хранение 2,564949 0,002662
дата 0,799165 0,002074
вернуться 0,986764 0,000512
чемпионат 0,188256 0,000098
вы 0,309617 0,000161
магазин 2,038856 0,003174
паря 1,217876 0,001264
фестиваль 2,564949 0,001331
волна 2,827314 0,001467
su 4,031286 0,002092
угочукву 4,436752 0,002302
крыло 1,238078 0,002570
факел 2,296685 0,001192
россия 0,139466 0,000362
турнирный 1,086847 0,001692
сочить 0,853233 0,001328
вуячич 4,436752 0,002302
watch 2,357310 0,001223
розовый 5,129899 0,002662
свое 0,457070 0,000237
встретиться 1,728701 0,001794
чтобы 0,773190 0,000401
январь 0,786093 0,001224
плей 1,002764 0,000520
пас 2,490841 0,021974
сайт 0,411400 0,000854
четвертый 1,695912 0,000880
arena 4,436752 0,009210
файл 2,827314 0,002934
рашид 3,743604 0,003885
руководство 1,301257 0,002701
соответствие 1,002764 0,000520
работа 1,086847 0,000564
обладатель 1,492313 0,001549
европа 0,393700 0,000204
оставаться 1,301257 0,000675
давать 1,416327 0,000735
газпром 2,732003 0,001418
вип 5,129899 0,005324
посол 0,301585 0,000157
сапсан 4,436752 0,004605
кюршадом 5,129899 0,005324
клуб 0,652562 0,004402
центральный 1,603538 0,004993
амкар 2,827314 0,001467
мастер 1,518981 0,003941
поражение 1,122566 0,001165
qbiq 5,129899 0,002662
путь 1,518981 0,000788
краснодар 0,867219 0,003150
править 0,544931 0,000566
александара 3,743604 0,001943
за 0,125952 0,000065
детская 2,421849 0,002514
форма 1,086847 0,001128
олег 1,871802 0,000971
сыграть 0,839439 0,000871
никита 1,492313 0,000774
нижегородский 3,338139 0,001732
дверь 3,520461 0,001827
набор 2,296685 0,001192
ив 3,743604 0,001943
из 0,106018 0,000055
kazan 4,436752 0,002302
новогорск 3,743604 0,001943
наш 0,652562 0,001355
групповой 1,603538 0,000832
темп 2,732003 0,001418
удобный 2,564949 0,001331
школьник 3,183989 0,003305
суперкубок 2,296685 0,001192
спартак 0,711058 0,001476
егор 1,951845 0,001013
покупка 2,732003 0,001418
богдан 3,183989 0,001652
четвертьфиналист 4,031286 0,002092
упор 3,050457 0,001583
гол 1,323236 0,011674
ворот 1,762603 0,000915
казань 1,301257 0,001351
дениль 4,436752 0,002302
точный 2,296685 0,005959
толстовка 5,129899 0,002662
цска 0,711058 0,001476
дневник 5,129899 0,005324
движение 1,728701 0,000897
год 0,099461 0,000052
style 2,085376 0,002164
жфк 3,338139 0,079686
даку 3,183989 0,001652
контракт 1,258698 0,000653
мальдонадо 4,436752 0,002302
матч 0,293617 0,004571
октябрь 1,019025 0,007403
соперник 0,853233 0,000443
юниор 1,345709 0,001397
совкомбанк 4,031286 0,002092
футбольный 1,345709 0,002095
турция 1,664163 0,001727
уор 4,031286 0,006276
динамо 0,663991 0,003101
сафиуллин 4,031286 0,004184
победа 0,420369 0,000654
никола 2,085376 0,001082
межпланетный 5,129899 0,002662
поступление 3,743604 0,003885
футболка 2,296685 0,004767
текущий 0,867219 0,000450
правление 2,932674 0,003044
сми 1,546380 0,001605
акция 2,357310 0,001223
малый 2,134166 0,001108
полуфинал 1,238078 0,000642
арена 1,104547 0,008025
инфраструктура 2,564949 0,002662
иван 1,603538 0,000832
место 0,402511 0,000418
мо 2,932674 0,004566
регион 1,834062 0,000952
апшацев 4,436752 0,002302
cooki 2,564949 0,003993
лига 0,325878 0,005919
гераклион 5,129899 0,002662
евгения 1,178655 0,001223
русый 1,368699 0,000710
болельщик 1,086847 0,005076
участие 0,457070 0,000237
прекрасный 3,050457 0,001583
на 0,023953 0,000236
состав 0,867219 0,000900
комната 3,743604 0,003885
использовать 0,940244 0,000976
барс 1,492313 0,002323
календарь 0,675551 0,000701
навбахор 5,129899 0,013311
мара 4,031286 0,006276
суперкубка 2,932674 0,001522
товарищеский 1,994404 0,006210
оверсайз 5,129899 0,002662
рязань 4,031286 0,004184
нн 2,564949 0,002662
поздний 1,323236 0,003433
утб 4,436752 0,002302
история 0,270086 0,000280
чумич 4,436752 0,002302
таблица 0,711058 0,001107
апрель 0,986764 0,002560
длить 0,146292 0,000304
звезда 1,035554 0,000537
дважды 1,574551 0,000817
об 0,217244 0,000225
рубиновый 4,436752 0,002302
мгн 3,743604 0,003885
ок 4,436752 0,002302
юкич 4,436752 0,002302
поиск 0,711058 0,000369
img 2,185460 0,002268
площадка 1,574551 0,000817
сатурн 2,732003 0,007089
чемпион 0,334108 0,000347
статистика 0,630089 0,000654
франк 3,338139 0,015591
официальный 0,735450 0,001145
как 0,232059 0,000482
участник 0,799165 0,000829
все 0,067304 0,000175
принимать 0,955511 0,000496
алексей 1,140915 0,000592
абонемент 3,338139 0,005197
пн 4,436752 0,006907
пт 4,436752 0,025327
отпуск 3,743604 0,001943
кеняйкин 5,129899 0,002662
видеть 1,994404 0,001035
партнер 1,159607 0,002407
втб 1,834062 0,000952
yandex 2,239527 0,001162
медосмотр 4,436752 0,002302
марат 3,520461 0,005481
второй 0,576022 0,002989
