pope 5,129899 0,010088
català 1,086847 0,001069
специальный 1,217876 0,001198
year 3,050457 0,002999
dansk 1,069456 0,001052
новый 0,239550 0,000236
addit 4,436752 0,004363
complet 3,183989 0,006262
поведение 0,839439 0,000825
экспорт 0,986764 0,000970
these 5,129899 0,005044
боуфишинг 5,129899 0,005044
еще 0,167054 0,000164
охотников 5,129899 0,005044
န 2,134166 0,002098
గ 2,038856 0,002005
ဘ 2,134166 0,002098
سنڌي 3,050457 0,002999
ไทย 1,238078 0,001217
volum 4,031286 0,015856
မ 2,134166 0,004197
日本語 1,035554 0,001018
со 0,447767 0,000440
lyon 5,129899 0,010088
wayuunaiki 4,436752 0,004363
သ 2,134166 0,002098
فارسی 1,104547 0,001086
арбалет 5,129899 0,005044
умение 2,732003 0,002686
slovenščina 1,345709 0,001323
త 2,038856 0,002005
беларуская 1,069456 0,002103
заявление 0,799165 0,000786
связаться 0,867219 0,000853
декабрь 0,853233 0,000839
an 2,644992 0,005202
brezhoneg 2,038856 0,002005
в 0,017911 0,000264
ల 2,038856 0,002005
викимедиа 0,986764 0,000970
д 0,895792 0,001762
незавершенный 3,183989 0,003131
подробный 0,687247 0,000676
содержание 0,955511 0,000940
eesti 1,069456 0,001052
и 0,023953 0,000141
مصرى 1,546380 0,001521
к 0,132686 0,000261
čeština 1,035554 0,001018
н 0,895792 0,000881
вплоть 1,871802 0,001841
elit 4,436752 0,004363
azərbaycanca 1,258698 0,001238
о 0,042302 0,000125
horac 5,129899 0,005044
с 0,036149 0,000213
chapter 3,743604 0,003681
находка 2,564949 0,002522
у 0,342407 0,000673
be 3,520461 0,003462
hansard 5,129899 0,005044
викисклад 1,035554 0,001018
скачать 0,895792 0,001762
дополнительный 0,940244 0,001849
стрельбище 4,436752 0,004363
manual 3,743604 0,003681
э 2,296685 0,002258
потенциальный 3,183989 0,003131
journal 3,050457 0,002999
мир 0,277868 0,001093
releas 3,743604 0,003681
by 0,971016 0,001910
facsimil 5,129899 0,005044
lëtzebuergesch 1,762603 0,001733
slovenčina 1,069456 0,001052
vade 5,129899 0,005044
wikipedia 0,986764 0,001941
русский 0,760451 0,000748
ooth 5,129899 0,005044
cc 0,986764 0,000970
a 1,392229 0,006845
отредактировать 0,986764 0,000970
c 1,546380 0,001521
d 2,185460 0,002149
e 1,603538 0,004730
проект 0,457070 0,000449
shqip 1,466337 0,001442
время 0,384967 0,000379
g 2,490841 0,007348
h 2,490841 0,002449
единственный 1,392229 0,001369
tradit 4,031286 0,019820
k 3,520461 0,003462
n 2,421849 0,002381
the 1,546380 0,039534
p 1,951845 0,003838
боев 2,932674 0,005767
s 1,664163 0,009818
w 0,955511 0,000940
archer 5,129899 0,005044
x 1,279751 0,001258
හල 1,834062 0,001803
y 4,031286 0,003964
турецкий 3,338139 0,003282
также 0,663991 0,000653
paul 3,743604 0,007362
العربية 1,069456 0,001052
dc 4,436752 0,004363
паника 5,129899 0,005044
london 2,932674 0,008651
پنجابی 2,239527 0,002202
粵語 1,178655 0,001159
ford 4,031286 0,003964
викиданных 0,986764 0,000970
तम 2,644992 0,002601
தம 1,492313 0,001467
стрелять 4,031286 0,003964
ярд 3,338139 0,003282
later 4,031286 0,003964
развлечение 2,932674 0,002884
парадокс 5,129899 0,005044
georg 3,743604 0,003681
австралия 1,664163 0,001636
practic 4,031286 0,007928
eli 5,129899 0,005044
паралимпийская 4,436752 0,004363
правка 0,986764 0,001941
дополнить 2,827314 0,002780
устанавливать 2,932674 0,002884
scribner 5,129899 0,005044
tolışi 1,871802 0,001841
олимпийский 0,342407 0,001010
система 0,799165 0,000786
читать 0,555188 0,000546
арбалеста 5,129899 0,005044
knaresbro 5,129899 0,005044
việt 1,140915 0,001122
отказ 0,839439 0,000825
washington 3,338139 0,003282
досуг 4,031286 0,003964
some 4,436752 0,004363
один 0,342407 0,000337
for 2,239527 0,004404
univers 2,564949 0,002522
klopsteg 5,129899 0,010088
vol 2,932674 0,002884
пожертвовать 0,940244 0,000925
potter 5,129899 0,005044
ethno 5,129899 0,005044
практический 1,546380 0,003041
последний 0,376309 0,000740
saxton 5,129899 0,010088
ссылка 0,699082 0,002750
некоторые 1,198073 0,001178
эпоха 2,085376 0,002051
помочь 1,238078 0,001217
srpskohrvatski 1,416327 0,001393
with 2,827314 0,008340
print 4,436752 0,004363
berkeley 5,129899 0,005044
pdf 0,940244 0,000925
中文 1,035554 0,001018
рекурсивный 5,129899 0,005044
описание 0,881403 0,000867
foundat 0,986764 0,002911
июль 1,019025 0,001002
age 3,520461 0,003462
bahasa 1,086847 0,002137
american 3,050457 0,005999
кольцо 2,827314 0,002780
america 3,338139 0,003282
полевой 2,357310 0,002318
تۆرکجه 1,762603 0,001733
क 2,421849 0,002381
океания 2,296685 0,002258
lietuvių 1,140915 0,001122
ᱥᱟᱱᱛᱟᱲᱤ 2,932674 0,002884
https 0,699082 0,000687
стрельба 1,441019 0,042508
ठ 1,574551 0,001548
period 4,436752 0,004363
кюдо 5,129899 0,005044
отдельный 0,955511 0,000940
разработчик 0,971016 0,000955
in 1,911023 0,009395
inquiri 4,436752 0,004363
мобильный 0,555188 0,000546
द 1,546380 0,001521
tiếng 1,140915 0,001122
עברית 1,052361 0,001035
न 1,518981 0,002987
index 0,986764 0,001941
प 1,911023 0,001879
hood 5,129899 0,005044
вклад 0,955511 0,000940
indonesia 1,086847 0,001069
भ 2,239527 0,002202
ix 2,564949 0,002522
избранный 0,955511 0,000940
опасность 3,338139 0,003282
ल 1,911023 0,001879
текст 0,925206 0,000910
являться 1,019025 0,003006
ള 1,695912 0,001668
lâm 1,762603 0,001733
ष 2,296685 0,002258
स 2,644992 0,005202
esperanto 1,198073 0,001178
ह 1,546380 0,001521
john 2,644992 0,002601
doi 4,436752 0,004363
перейти 0,586604 0,001154
датироваться 3,743604 0,003681
sunda 2,564949 0,002522
японский 2,296685 0,002258
достаточно 2,134166 0,002098
institut 4,031286 0,003964
українська 1,035554 0,001018
articl 4,031286 0,003964
robert 3,050457 0,008998
bowyer 5,129899 0,025221
это 0,181139 0,000356
ответственность 0,895792 0,000881
код 0,971016 0,004774
лука 1,104547 0,045616
famous 5,129899 0,005044
bibliographi 4,436752 0,004363
reprint 5,129899 0,005044
françai 1,019025 0,001002
gí 1,762603 0,001733
дальность 4,031286 0,003964
url 0,986764 0,000970
доступный 0,955511 0,000940
smithsonian 4,436752 0,004363
сантиметр 0,955511 0,003758
php 0,986764 0,000970
спрессовать 5,129899 0,005044
войти 0,608110 0,000598
составной 4,436752 0,004363
или 0,576022 0,000566
arrow 5,129899 0,020177
use 3,520461 0,003462
edward 4,031286 0,003964
wright 4,436752 0,004363
heath 5,129899 0,005044
чаща 1,834062 0,001803
son 4,031286 0,007928
политик 0,224624 0,000221
longman 4,436752 0,004363
заглавный 0,986764 0,000970
учетный 0,986764 0,000970
picard 2,827314 0,002780
new 2,038856 0,006014
представиться 0,986764 0,000970
bianchi 5,129899 0,005044
film 5,129899 0,005044
ব 1,416327 0,001393
конфиденциальность 0,293617 0,000289
catalogu 5,129899 0,005044
gaeilg 1,951845 0,001919
ئۇيغۇرچە 2,644992 0,002601
unit 2,644992 0,002601
ল 1,416327 0,001393
корейский 2,134166 0,002098
действие 1,518981 0,002987
svenska 1,035554 0,001018
тоҷикӣ 1,695912 0,001668
amjph 5,129899 0,005044
present 5,129899 0,005044
lake 4,436752 0,004363
boi 5,129899 0,005044
columbus 5,129899 0,005044
лук 5,129899 0,005044
मर 1,574551 0,001548
ස 1,834062 0,001803
ошибка 0,576022 0,000566
стрелковый 4,031286 0,003964
значение 1,258698 0,002475
bow 5,129899 0,025221
целевой 3,743604 0,003681
игра 0,112619 0,000221
средневековый 4,031286 0,003964
индеец 4,436752 0,004363
vulgar 5,129899 0,005044
and 1,762603 0,020798
of 1,695912 0,038354
deutsch 1,052361 0,001035
oh 4,436752 0,004363
igbo 3,338139 0,003282
профессиональный 1,052361 0,001035
vilma 5,129899 0,005044
on 2,239527 0,004404
interlingua 1,603538 0,001577
федерация 0,495170 0,000487
мишень 3,743604 0,003681
возникнуть 2,038856 0,002005
где 0,675551 0,000664
nederland 1,019025 0,001002
стрела 3,743604 0,011043
tabard 5,129899 0,005044
событие 0,565551 0,000556
бразильский 2,357310 0,002318
использование 0,277868 0,000546
wale 4,436752 0,004363
manuscript 5,129899 0,005044
материал 0,309617 0,000304
chiara 5,129899 0,005044
martin 3,338139 0,003282
соревнование 0,411400 0,000405
сообщить 0,447767 0,000440
burford 5,129899 0,005044
заготовка 5,129899 0,005044
быть 0,119263 0,000235
кук 0,971016 0,000955
лицензия 0,971016 0,000955
cultur 3,050457 0,002999
nation 2,644992 0,002601
peabodi 5,129899 0,005044
охота 3,338139 0,006565
elmer 5,129899 0,005044
спорт 0,125952 0,000248
конный 1,574551 0,003096
просмотр 0,925206 0,000910
навигация 0,986764 0,002911
страница 0,910391 0,005371
huntington 5,129899 0,005044
english 0,925206 0,001819
мочь 0,350775 0,000345
state 3,183989 0,003131
оборудовать 2,827314 0,002780
press 2,185460 0,008596
ਜ 1,664163 0,001636
этот 0,350775 0,000345
запись 0,910391 0,000895
qr 0,986764 0,000970
suomi 1,052361 0,001035
edit 3,520461 0,003462
ਪ 1,664163 0,001636
ਬ 1,664163 0,001636
ancient 3,743604 0,007362
archeri 4,436752 0,074164
yahi 5,129899 0,005044
сохранение 0,971016 0,000955
吴语 1,238078 0,001217
includ 4,436752 0,004363
creativ 0,986764 0,000970
hrvatski 1,052361 0,001035
можно 1,002764 0,000986
bohn 5,129899 0,005044
română 1,122566 0,001104
персональный 0,723179 0,000711
оружие 2,421849 0,009525
английский 1,574551 0,001548
ru 0,285712 0,000281
действовать 0,825834 0,000812
элемент 0,925206 0,000910
век 1,258698 0,003713
simi 2,732003 0,002686
использоваться 1,159607 0,003421
кубок 0,376309 0,000740
long 3,743604 0,003681
sa 0,986764 0,000970
occitan 1,466337 0,001442
portuguê 1,035554 0,001018
известно 1,871802 0,001841
arc 5,129899 0,005044
nynorsk 1,546380 0,001521
раз 0,485508 0,000955
чемпионат 0,188256 0,000370
арчертаг 5,129899 0,005044
вы 0,309617 0,000304
thompson 5,129899 0,005044
глоссарий 4,436752 0,004363
latviešu 1,052361 0,001035
fred 5,129899 0,005044
popular 3,520461 0,003462
российский 0,224624 0,000221
fita 5,129899 0,005044
цель 1,238078 0,002435
evolut 3,743604 0,003681
art 2,644992 0,005202
español 1,019025 0,001002
версия 0,393700 0,000774
литература 1,695912 0,001668
winaray 2,490841 0,002449
putnam 5,129899 0,005044
tagalog 1,911023 0,001879
call 3,520461 0,003462
simon 3,743604 0,007362
энциклопедия 0,986764 0,000970
зарегистрировать 0,711058 0,000699
български 1,086847 0,001069
популярный 1,392229 0,001369
to 2,038856 0,004010
мезолит 5,129899 0,005044
палеолит 5,129899 0,005044
اردو 1,574551 0,001548
tx 5,129899 0,005044
до 0,239550 0,000471
знак 0,986764 0,000970
manchest 4,031286 0,007928
hal 4,436752 0,004363
другой 0,188256 0,000555
сюда 0,986764 0,000970
shoot 4,031286 0,003964
california 5,129899 0,005044
регламентироваться 3,050457 0,002999
цитировать 0,925206 0,000910
ее 0,723179 0,000711
fitz 5,129899 0,005044
norsk 1,052361 0,002070
brazilian 5,129899 0,010088
museum 3,743604 0,003681
ido 1,546380 0,001521
galego 1,178655 0,001159
старый 1,159607 0,001140
page 0,986764 0,000970
короткий 0,699082 0,000687
physic 5,129899 0,010088
вид 0,393700 0,001161
recreat 5,129899 0,005044
book 2,932674 0,005767
isbn 1,633391 0,008030
polski 1,035554 0,001018
life 3,338139 0,003282
служебный 0,955511 0,000940
кодекс 0,971016 0,000955
romanc 5,129899 0,005044
common 0,986764 0,000970
править 0,544931 0,005358
green 3,520461 0,003462
associ 0,986764 0,001941
org 0,986764 0,000970
war 4,031286 0,003964
distribut 5,129899 0,005044
свободный 0,867219 0,000853
милуоки 2,490841 0,002449
настоящее 1,368699 0,001346
тетива 5,129899 0,005044
earliest 5,129899 0,010088
несмотря 1,762603 0,001733
target 4,031286 0,007928
некоммерческий 0,986764 0,000970
существовать 1,122566 0,001104
статья 0,495170 0,002921
massachusett 5,129899 0,005044
wikimedia 0,986764 0,000970
agar 5,129899 0,005044
time 2,357310 0,004636
повсеместно 4,031286 0,003964
из 0,106018 0,003440
bibl 5,129899 0,025221
runa 2,732003 0,002686
случайный 0,986764 0,000970
указание 0,986764 0,000970
ранний 1,492313 0,001467
скрытый 1,052361 0,001035
ελληνικά 1,086847 0,001069
booksel 5,129899 0,005044
preliminari 5,129899 0,005044
theori 4,436752 0,004363
получить 0,384967 0,000379
српски 1,035554 0,001018
язык 0,925206 0,000910
тема 1,104547 0,001086
архивировать 1,104547 0,001086
блочный 5,129899 0,005044
viii 2,932674 0,002884
связанный 0,786093 0,002319
ябусамэ 5,129899 0,005044
enea 5,129899 0,005044
melayu 1,368699 0,001346
композитный 4,436752 0,004363
studi 3,743604 0,003681
italiano 1,035554 0,001018
srpski 1,035554 0,001018
год 0,099461 0,000196
style 2,085376 0,002051
philosophi 5,129899 0,005044
башҡортса 1,518981 0,001494
продукция 3,183989 0,003131
снаряжение 3,338139 0,003282
euskara 1,122566 0,001104
бутан 3,743604 0,011043
постоянный 0,881403 0,000867
искусство 2,296685 0,006775
mors 5,129899 0,005044
српскохрватски 1,416327 0,001393
крупный 1,198073 0,001178
azl 5,129899 0,005044
расстояние 2,085376 0,002051
modern 3,183989 0,006262
например 1,603538 0,001577
türkçe 1,052361 0,001035
bokmål 1,069456 0,001052
текущий 0,867219 0,000853
страна 0,641262 0,000631
banjar 2,932674 0,002884
инструмент 0,881403 0,001733
случай 0,867219 0,000853
batak 3,050457 0,002999
создать 0,773190 0,000760
такой 0,735450 0,000723
anecdot 4,436752 0,004363
деть 0,619039 0,000609
한국어 1,035554 0,001018
asturianu 1,323236 0,001301
indian 4,436752 0,008725
начало 0,760451 0,000748
регион 1,834062 0,001803
salem 5,129899 0,005044
mauric 5,129899 0,005044
witcheri 5,129899 0,005044
печать 0,955511 0,001879
íslenska 1,392229 0,001369
mecum 5,129899 0,005044
отдых 2,038856 0,004010
военный 1,664163 0,001636
летний 0,619039 0,000609
мы 0,195425 0,000192
afrikaan 1,441019 0,001417
участие 0,457070 0,000449
фонд 0,895792 0,000881
на 0,023953 0,000141
исторически 3,050457 0,002999
свежий 0,839439 0,000825
обсуждение 0,867219 0,001705
simpl 1,140915 0,001122
не 0,099461 0,000293
использовать 0,940244 0,000925
from 2,827314 0,005560
titl 0,986764 0,000970
организация 0,663991 0,000653
day 3,338139 0,003282
колчан 5,129899 0,005044
поздний 1,323236 0,001301
но 0,402511 0,000396
england 3,520461 0,003462
hunt 4,436752 0,008725
curious 5,129899 0,005044
товарный 0,986764 0,000970
солома 5,129899 0,005044
xix 1,834062 0,003607
история 0,270086 0,000266
македонский 1,258698 0,001238
uyghurch 2,644992 0,002601
particular 5,129899 0,005044
длить 0,146292 0,000432
болт 4,031286 0,003964
категория 0,881403 0,001733
閩南語 1,762603 0,001733
bibcod 5,129899 0,005044
hargrov 5,129899 0,010088
bân 1,762603 0,001733
most 3,338139 0,003282
magyar 1,086847 0,001069
об 0,217244 0,000641
ழ 1,492313 0,001467
либо 1,140915 0,002244
histori 1,762603 0,001733
справка 0,986764 0,000970
поиск 0,711058 0,001398
note 4,436752 0,004363
от 0,160085 0,000157
форум 0,867219 0,000853
наконечник 4,436752 0,004363
парка 3,050457 0,002999
статистика 0,630089 0,000620
oldid 0,986764 0,000970
toba 3,743604 0,003681
длинный 1,762603 0,001733
robin 5,129899 0,005044
как 0,232059 0,000456
все 0,067304 0,000066
википедия 0,986764 0,000970
дистанция 1,728701 0,001700
മലയ 1,695912 0,001668
toxolog 5,129899 0,005044
сведение 0,786093 0,000773
условие 0,334108 0,000986
по 0,073653 0,000435
монгол 1,518981 0,001494
inc 0,986764 0,000970
лучник 3,743604 0,014724
malti 2,732003 0,002686
тарашкевіца 1,198073 0,001178
принять 0,786093 0,000773
cymraeg 1,574551 0,001548
авторство 0,986764 0,000970
york 2,564949 0,012610
кыргызча 2,085376 0,002051
earl 4,436752 0,004363
сообщество 0,910391 0,000895
википедии 0,986764 0,002911
kabɩyɛ 3,338139 0,003282
sicilianu 2,038856 0,002005
термин 1,345709 0,002646
account 4,436752 0,004363
источник 0,786093 0,000773
