иностранных 3,050457 0,000331
рассчитанное 5,129899 0,000557
latina 1,603538 0,000174
размером 2,732003 0,000297
экспорт 0,986764 0,000107
японской 3,338139 0,001450
пластика 3,520461 0,000382
сертификатах 5,129899 0,000557
oceania 4,436752 0,000482
раскол 3,520461 0,001530
отличается 2,644992 0,000575
некоторых 1,762603 0,000383
частью 1,728701 0,000376
الدارجة 2,357310 0,000256
добросовестно 5,129899 0,000557
множество 2,038856 0,000443
saju 5,129899 0,001672
арэ 5,129899 0,000557
направлениями 4,436752 0,000482
основан 1,871802 0,000610
meegook 5,129899 0,000557
полгода 3,338139 0,000363
манера 4,031286 0,000438
описанными 4,436752 0,000482
čeština 1,035554 0,000112
финала 1,104547 0,000120
накладками 4,436752 0,000482
сигналы 5,129899 0,000557
пребывающего 5,129899 0,000557
область 2,732003 0,000297
балл 3,743604 0,000813
викисклад 1,035554 0,000225
серхио 2,296685 0,000249
дольше 2,932674 0,000319
ата 4,031286 0,000876
корфбол 1,762603 0,000191
вторым 1,911023 0,000208
неумышленным 5,129899 0,000557
юношеские 2,357310 0,000256
вторых 3,520461 0,000382
a 1,392229 0,001210
c 1,546380 0,000336
e 1,603538 0,000174
македонски 1,258698 0,000137
слишком 2,644992 0,000287
общепринятой 5,129899 0,000557
весной 2,564949 0,000279
g 2,490841 0,002976
i 1,762603 0,000383
каждом 1,871802 0,000203
весовой 3,338139 0,001088
j 1,466337 0,000159
акробатики 3,743604 0,000407
l 2,490841 0,000271
каната 1,762603 0,000191
o 2,932674 0,000319
p 1,951845 0,000636
the 1,546380 0,000840
тхэквондисты 5,129899 0,000557
r 2,085376 0,000227
s 1,664163 0,001085
каждое 2,732003 0,000297
t 2,732003 0,000594
даёт 3,050457 0,000331
u 1,345709 0,000585
каждой 1,546380 0,001008
w 0,955511 0,000104
taekwon 5,129899 0,012259
территории 1,633391 0,000355
общепринятое 5,129899 0,000557
развивается 3,183989 0,000346
рефери 2,932674 0,000637
имени 1,951845 0,000212
достигается 3,520461 0,000382
ногами 2,827314 0,005835
украина 1,871802 0,000203
невообразимая 5,129899 0,000557
고려시대 5,129899 0,000557
сильные 2,827314 0,000307
плечевой 4,436752 0,000482
территорию 3,520461 0,000382
корее 2,827314 0,000921
кореи 2,644992 0,006608
украину 3,183989 0,000346
боевые 3,520461 0,003824
окончании 1,911023 0,000208
боевым 4,031286 0,000438
украины 1,797694 0,000195
суставами 4,436752 0,000482
тхэквондиста 5,129899 0,002229
боевых 3,183989 0,003804
следующем 1,951845 0,000212
sang 5,129899 0,001114
июня 1,217876 0,002249
системе 0,867219 0,000094
система 1,695912 0,001105
корею 4,031286 0,000876
могут 0,760451 0,000413
клубов 1,603538 0,000697
корея 2,085376 0,001586
собрание 3,520461 0,000765
ataonline 5,129899 0,000557
организациями 3,338139 0,000725
падение 2,732003 0,000297
обязуюсь 5,129899 0,000557
olympic 2,296685 0,000249
честности 4,436752 0,000482
emiliàn 4,031286 0,000438
понимается 4,436752 0,000482
kyu 5,129899 0,000557
синхронное 1,664163 0,000181
дают 2,421849 0,000263
иметь 2,239527 0,000243
признания 4,031286 0,000438
судьи 1,574551 0,000342
tkd 5,129899 0,001672
национального 2,564949 0,000557
культурах 5,129899 0,000557
различия 3,520461 0,001530
консудо 5,129899 0,001672
соучредителем 4,436752 0,000482
малой 3,520461 0,000382
кирьянов 5,129899 0,000557
последний 0,773190 0,000084
каждому 2,827314 0,000307
единого 3,050457 0,000331
оценивается 3,743604 0,000813
верхний 3,520461 0,001147
некоторые 1,416327 0,000154
углом 3,050457 0,001325
июля 1,035554 0,001687
просят 5,129899 0,000557
защищены 2,490841 0,000271
goon 5,129899 0,001114
сша 0,586604 0,000446
солнечное 4,436752 0,000482
метод 3,520461 0,000382
спортивное 2,134166 0,000464
спортивной 1,416327 0,000308
ладонью 3,338139 0,000363
квот 5,129899 0,001672
техник 4,031286 0,000438
атакуют 4,436752 0,000482
китайская 1,258698 0,000137
квон 5,129899 0,000557
июле 2,421849 0,000526
глобальную 5,129899 0,000557
сопровождаться 5,129899 0,000557
мероприятия 2,357310 0,000512
усилия 4,031286 0,000438
braking 5,129899 0,000557
размеры 3,050457 0,000994
освобождения 4,031286 0,000876
международное 2,185460 0,000237
признание 3,338139 0,000363
вклад 0,971016 0,000211
опасности 4,031286 0,000438
сквош 1,728701 0,000188
indonesia 1,086847 0,000118
нижнем 4,031286 0,000876
зрения 2,421849 0,000526
ноября 0,971016 0,001055
schools 5,129899 0,000557
очки 1,466337 0,000319
систему 2,732003 0,001187
перейти 0,867219 0,000188
сын 2,644992 0,000287
японские 3,338139 0,000363
развёрнута 5,129899 0,001114
бить 3,338139 0,000725
системы 1,951845 0,001272
спортсмена 1,834062 0,000398
секундант 4,436752 0,000482
toi 5,129899 0,000557
подготовку 2,296685 0,000748
различной 3,520461 0,000382
лякросс 1,762603 0,000191
спортсмену 3,183989 0,000346
подготовки 1,633391 0,000710
чёрных 3,743604 0,000407
нохчийн 2,296685 0,000249
слово 2,239527 0,000487
подготовке 2,085376 0,000227
синим 3,520461 0,000382
asian 4,436752 0,000964
вашингтон 2,296685 0,000249
синий 2,827314 0,001536
автоматизированной 5,129899 0,000557
золотые 1,728701 0,000188
имеет 1,492313 0,000162
уссурийске 5,129899 0,000557
только 0,447767 0,000438
запрещающей 5,129899 0,000557
средний 2,644992 0,000862
окончания 2,085376 0,000227
собственную 3,520461 0,000382
com 0,925206 0,000302
jayoo 5,129899 0,000557
отображение 5,129899 0,001114
бандаж 4,436752 0,000482
этический 5,129899 0,000557
правилах 2,357310 0,000512
каждого 1,633391 0,000532
турнир 0,699082 0,000076
мире 1,198073 0,000390
правилам 1,664163 0,000362
мира 0,367725 0,000999
версиях 4,436752 0,002892
чаще 1,834062 0,000398
сбить 4,031286 0,000438
власти 2,644992 0,000287
невероятно 3,743604 0,000407
версиям 3,743604 0,000407
включена 3,743604 0,000407
обучал 5,129899 0,000557
picard 2,827314 0,000307
taegwondo 5,129899 0,000557
идут 2,732003 0,000297
moonhwasa 5,129899 0,000557
наносить 3,338139 0,000725
относительно 2,564949 0,000836
примеры 3,743604 0,000813
терехов 5,129899 0,001114
японская 3,520461 0,000382
примеру 2,827314 0,000614
арканзас 5,129899 0,000557
аттестации 5,129899 0,003901
слаженности 5,129899 0,000557
гражданства 3,520461 0,000765
куки 0,971016 0,000105
требуют 2,490841 0,000271
разрешено 2,490841 0,000271
единому 4,436752 0,000482
манеру 4,436752 0,000482
слабый 3,520461 0,000382
effective 4,436752 0,000482
международном 2,732003 0,000297
происхождения 3,183989 0,000346
перетягивание 1,762603 0,000191
международной 1,345709 0,000439
против 0,747872 0,000162
брюс 4,436752 0,000482
аттестация 5,129899 0,001114
тай 2,827314 0,000307
так 0,597299 0,000389
разрешены 2,732003 0,001187
там 1,603538 0,000348
тан 4,436752 0,000482
паха 5,129899 0,001114
comments 5,129899 0,000557
стороной 3,050457 0,000331
выполняется 3,050457 0,000663
семинаре 5,129899 0,000557
социального 5,129899 0,000557
sport 1,122566 0,000122
пигаке 5,129899 0,000557
семинара 5,129899 0,000557
культуры 1,834062 0,000398
скалолазание 1,728701 0,000188
ударил 3,183989 0,000346
lee 4,436752 0,000482
просмотр 2,732003 0,000297
этой 1,052361 0,000229
методик 4,436752 0,000482
этом 0,565551 0,000491
общепринятые 5,129899 0,000557
недоступные 3,520461 0,000382
викисловарь 2,490841 0,000271
набрать 3,338139 0,000363
этот 0,825834 0,001076
викисловаре 2,490841 0,000271
跆拳道 5,129899 0,001114
направлениях 4,031286 0,001314
признанных 4,031286 0,000438
художественная 1,633391 0,000177
ёнъи 5,129899 0,000557
нэрё 5,129899 0,001114
cup 2,134166 0,000927
элемент 0,955511 0,000104
спортивные 1,104547 0,000480
многом 2,732003 0,000594
killing 5,129899 0,000557
направлению 3,743604 0,000813
выступлений 1,664163 0,000181
направления 3,050457 0,000331
национализма 5,129899 0,000557
спортивным 2,296685 0,000249
подсечек 5,129899 0,000557
имеют 1,834062 0,000797
начисления 3,183989 0,000346
выполняются 3,743604 0,000407
политического 4,031286 0,000438
спортивных 1,279751 0,001251
проходит 1,633391 0,000177
пожалуйста 1,633391 0,000532
клубах 3,183989 0,000346
выступления 1,546380 0,000840
тех 1,217876 0,000265
заявлять 4,031286 0,000438
словом 3,743604 0,000407
указанием 0,986764 0,000107
приехать 4,031286 0,000438
ଓଡ 3,338139 0,000363
тем 1,217876 0,000265
популярным 2,932674 0,000319
без 0,466460 0,000253
поступил 4,436752 0,000482
выпускная 5,129899 0,000557
продолжила 3,338139 0,000363
реформ 5,129899 0,000557
нокдаун 4,436752 0,000482
продолжили 3,183989 0,000346
запрет 2,732003 0,001187
спортсмены 1,140915 0,001239
бжж 4,436752 0,000482
направление 3,338139 0,000363
направлений 3,183989 0,001383
чёрный 2,932674 0,002548
чёрные 3,338139 0,003626
период 1,159607 0,001386
태권도 5,129899 0,002786
клуб 0,940244 0,000306
требует 1,951845 0,000212
ассоциация 2,038856 0,001550
ассоциацию 3,520461 0,001530
преподавал 4,436752 0,000482
базовую 4,436752 0,000964
кроме 1,368699 0,001041
олимпийского 1,603538 0,000697
ассоциации 2,185460 0,000712
нижний 1,159607 0,000252
твит 5,129899 0,002229
просуществовать 5,129899 0,000557
всегда 1,258698 0,000137
каждая 2,134166 0,000232
весовых 3,520461 0,000765
военнослужащему 4,436752 0,000482
кодекс 0,971016 0,000105
статьи 0,524729 0,000513
канада 1,301257 0,000283
раскола 5,129899 0,000557
convention 5,129899 0,000557
инструкторов 4,436752 0,000482
ткд 5,129899 0,000557
автономно 5,129899 0,000557
статья 0,986764 0,000429
kwang 5,129899 0,000557
соответственно 2,134166 0,000232
проверенной 2,421849 0,000263
канады 1,217876 0,000132
весовые 3,743604 0,001627
инструктором 5,129899 0,000557
основой 3,520461 0,000765
муедоботхонджи 5,129899 0,000557
rebecca 4,031286 0,000438
шаблонами 1,664163 0,000181
подводящие 5,129899 0,001114
полную 3,520461 0,000382
карате 1,728701 0,000376
бронзовую 3,520461 0,000382
ελληνικά 1,086847 0,000118
занимающихся 3,183989 0,001038
многие 1,728701 0,000188
язык 1,258698 0,000410
karate 4,436752 0,000482
коллектив 3,520461 0,000382
кинематографе 5,129899 0,000557
проведённых 2,490841 0,000271
выходит 2,932674 0,000319
различные 1,951845 0,000424
организациях 3,743604 0,001220
demorest 4,436752 0,000482
зелёный 2,732003 0,000890
каратэ 5,129899 0,001672
основана 2,564949 0,001114
инициативе 2,644992 0,000287
хурё 5,129899 0,000557
creative 0,986764 0,000107
право 1,603538 0,000523
nederlands 1,019025 0,000111
разные 2,564949 0,000557
магия 4,436752 0,000482
различных 1,728701 0,001127
международным 1,871802 0,000407
международный 1,258698 0,000137
ရခ 5,129899 0,000557
международные 1,238078 0,000134
teaching 5,129899 0,000557
euskara 1,122566 0,000122
кёкпха 5,129899 0,001672
делегация 3,338139 0,000363
вторую 2,421849 0,000263
демонстрационные 3,743604 0,000407
расстояние 2,644992 0,000575
расстоянии 2,421849 0,000263
состоялось 2,564949 0,000279
родригес 4,031286 0,000438
серебряную 3,183989 0,000692
조의선인 5,129899 0,000557
текущие 0,940244 0,000102
стране 1,951845 0,001060
остались 2,644992 0,000287
ассамблее 5,129899 0,000557
вместо 1,633391 0,000887
молдова 2,932674 0,000319
штаты 4,031286 0,000438
обязательной 4,031286 0,000438
той 1,994404 0,000433
глима 1,762603 0,000191
руководитель 2,644992 0,000287
страны 1,052361 0,000572
вместе 1,178655 0,000256
международных 1,492313 0,000811
ударом 2,564949 0,000557
asturianu 1,323236 0,000144
страну 2,827314 0,000307
ударов 2,085376 0,002945
видимом 5,129899 0,000557
распределяются 3,520461 0,000382
کوردی 1,762603 0,000191
насчитывает 3,743604 0,000407
brzozowski 5,129899 0,000557
летние 1,238078 0,000269
íslenska 1,392229 0,000151
летний 1,834062 0,000398
олимпиаде 0,895792 0,000292
считается 1,664163 0,000362
том 0,895792 0,000778
dan 4,031286 0,000438
топ 1,238078 0,000134
тот 1,416327 0,000154
обсуждение 0,881403 0,000191
олимпиаду 1,664163 0,000181
три 0,786093 0,000171
олимпиады 0,925206 0,000201
довольно 2,490841 0,000271
полученных 2,932674 0,000637
полоской 4,436752 0,000482
университет 2,827314 0,000307
боб 3,520461 0,000382
элементов 2,357310 0,000256
читхэ 5,129899 0,000557
ульяновске 5,129899 0,000557
бои 1,633391 0,000177
летних 1,911023 0,000208
бой 2,134166 0,000464
семья 3,050457 0,000331
площадка 2,421849 0,000789
среднюю 4,031286 0,000876
площадки 2,296685 0,000249
базовой 5,129899 0,000557
оценкой 4,436752 0,000482
соперниками 2,038856 0,000221
катание 0,534779 0,000058
бою 2,827314 0,000307
ключицы 5,129899 0,001672
боя 2,296685 0,000748
как 0,232059 0,000807
особенностью 4,031286 0,001314
когурё 5,129899 0,000557
верхними 5,129899 0,000557
лицевых 4,031286 0,000438
дистанции 1,911023 0,000415
методом 4,031286 0,000438
проводил 3,183989 0,000346
тарашкевіца 1,198073 0,000130
коррективы 3,520461 0,000382
эстрин 5,129899 0,000557
проводит 2,038856 0,000443
ufc 1,441019 0,000157
учётом 2,732003 0,000297
голыми 4,436752 0,000482
мана 2,490841 0,000271
гаисф 5,129899 0,000557
второе 1,603538 0,000348
sicilianu 2,038856 0,000221
второй 0,786093 0,000256
семьи 2,932674 0,000637
многих 1,546380 0,000168
компромисс 4,436752 0,000482
сомнений 4,436752 0,000482
сине 3,338139 0,000725
аспект 4,031286 0,000438
методику 4,436752 0,000482
получили 1,664163 0,000362
фигурное 0,534779 0,000058
хваран 5,129899 0,000557
кадров 4,436752 0,000482
дисциплинам 4,031286 0,000438
видам 2,038856 0,000443
помощью 2,185460 0,000712
kyong 5,129899 0,000557
толкование 5,129899 0,000557
голеностоп 4,436752 0,000482
taekwondo 5,129899 0,026190
а 0,209918 0,001026
в 0,017911 0,000665
месяцев 2,296685 0,000249
г 0,925206 0,000603
д 0,895792 0,001168
е 0,867219 0,000188
копии 2,932674 0,000319
и 0,023953 0,000497
силы 2,296685 0,000499
й 0,825834 0,000179
к 0,132686 0,000331
м 0,534779 0,000349
н 0,895792 0,001265
о 0,042302 0,000032
п 1,086847 0,000118
силу 2,296685 0,000998
с 0,036149 0,000401
скейтбординг 1,762603 0,000191
т 1,368699 0,000446
у 0,342407 0,000298
х 0,986764 0,000643
течение 1,238078 0,000134
исследований 3,338139 0,000363
буш 5,129899 0,000557
текущая 2,421849 0,000526
номеров 3,743604 0,000407
секунданта 5,129899 0,000557
ю 1,834062 0,000797
уклона 4,436752 0,000482
я 0,853233 0,000093
принципами 4,031286 0,000438
основанной 3,743604 0,000407
атлетика 1,052361 0,000229
видах 2,038856 0,000221
приёмов 3,183989 0,001038
прозвавшими 5,129899 0,000557
методики 4,436752 0,000482
выбирают 2,732003 0,000297
действиям 4,436752 0,000482
ставит 2,827314 0,000307
right 4,031286 0,000438
причём 1,951845 0,000424
соответствующий 3,050457 0,000331
представились 0,986764 0,000107
тхэ 5,129899 0,000557
перевод 3,338139 0,000725
методика 3,183989 0,000346
соответствующие 2,490841 0,000271
структуры 2,644992 0,000575
вторжений 5,129899 0,000557
сергей 1,392229 0,000151
четвертьфинала 3,338139 0,000363
региональных 3,183989 0,000692
расположенную 4,031286 0,000438
粵語 1,178655 0,000128
emergency 5,129899 0,000557
реже 4,031286 0,000438
кликеры 5,129899 0,000557
попадают 3,338139 0,000363
down 4,031286 0,000438
club 2,644992 0,000575
forgotten 5,129899 0,000557
сноуборд 1,238078 0,000134
соперников 1,664163 0,000362
впоследствии 1,911023 0,000623
соревнованиям 3,050457 0,000331
maciel 4,436752 0,000482
макки 5,129899 0,000557
делают 2,564949 0,000279
кик 5,129899 0,003901
хёрлинг 1,762603 0,000191
соревнованиях 1,159607 0,000630
засчитываются 4,436752 0,000482
тхэккён 5,129899 0,004458
глобальная 5,129899 0,001672
принимающей 3,743604 0,000407
евразийский 5,129899 0,000557
гран 1,518981 0,000330
цифровое 5,129899 0,000557
комбинации 3,338139 0,000363
цвета 1,911023 0,000623
최영의 5,129899 0,000557
японии 1,664163 0,000181
title 0,986764 0,000107
простых 4,031286 0,000438
eoullim 5,129899 0,000557
states 3,520461 0,000382
информационно 3,743604 0,000407
плавание 1,198073 0,000260
биатлон 0,534779 0,000058
сильно 2,134166 0,000232
помощи 2,296685 0,000249
human 3,520461 0,000382
путаницу 5,129899 0,000557
демонстрационной 5,129899 0,000557
kiswahili 2,185460 0,000237
масутацу 5,129899 0,000557
grand 3,183989 0,000692
спину 2,932674 0,000637
раунд 2,134166 0,000232
schedule 4,031286 0,000438
акробатические 4,436752 0,000482
установленной 5,129899 0,000557
пользуясь 4,436752 0,000482
путаницы 4,436752 0,000482
спине 2,932674 0,000637
наработка 4,436752 0,000482
baek 5,129899 0,000557
воссозданию 5,129899 0,000557
пришли 2,644992 0,000287
тонкими 5,129899 0,000557
ᱥᱟᱱᱛᱟᱲᱤ 2,932674 0,000319
соревнуется 4,436752 0,000482
наработки 5,129899 0,000557
незначительно 4,031286 0,000876
itfeurope 5,129899 0,000557
соколова 4,436752 0,000482
принципах 4,031286 0,000438
проводится 1,546380 0,000336
романизация 5,129899 0,000557
проводят 2,421849 0,000526
koryo 5,129899 0,001114
олимпийскому 3,520461 0,000765
превратили 4,436752 0,000482
различаться 3,743604 0,000407
федерациями 4,031286 0,000438
разделе 1,728701 0,000188
независимость 5,129899 0,000557
стать 1,441019 0,000313
наткнулся 4,436752 0,000482
обучении 4,436752 0,000482
обучение 2,827314 0,000307
был 0,663991 0,000577
yamang 5,129899 0,000557
факторов 4,436752 0,000482
код 0,986764 0,005038
зонтичные 5,129899 0,000557
rhee 5,129899 0,003901
may 3,338139 0,000363
jstor 5,129899 0,000557
остановки 2,827314 0,000307
рядом 2,185460 0,000237
кор 3,338139 0,000725
quebec 4,436752 0,000482
бэк 5,129899 0,001114
url 0,986764 0,000107
зонтичных 5,129899 0,001114
무예도보통지 5,129899 0,000557
омахе 5,129899 0,000557
макги 5,129899 0,003343
букву 4,436752 0,000964
main 4,436752 0,000482
построило 5,129899 0,000557
интерпретаций 5,129899 0,000557
воздействия 4,031286 0,000438
действия 1,797694 0,000391
омаху 5,129899 0,000557
демонстрационно 5,129899 0,001114
байдарках 1,603538 0,000174
воздействие 4,436752 0,000482
гиллис 5,129899 0,000557
финалах 2,644992 0,000287
грандмастера 5,129899 0,000557
обучения 2,732003 0,000594
игровых 2,827314 0,000307
инструменты 0,986764 0,000214
обычный 4,436752 0,000482
лежит 3,520461 0,000382
martial 4,031286 0,002627
оцениваются 3,520461 0,001147
действий 2,357310 0,000768
техника 2,134166 0,003246
zhnai 5,129899 0,000557
обязательным 3,520461 0,000382
корпус 3,520461 0,001147
локальным 5,129899 0,000557
соответствующем 3,743604 0,000407
техники 2,421849 0,001842
обязательных 4,031286 0,000876
значение 2,490841 0,000541
джунтхэ 5,129899 0,001114
технике 3,183989 0,000692
нигде 5,129899 0,000557
коэффициентом 4,031286 0,000438
посту 2,827314 0,000307
чёрточкой 5,129899 0,001114
эгидой 1,797694 0,000195
устройств 3,520461 0,000382
происходит 1,695912 0,000184
значения 1,416327 0,000308
технику 2,932674 0,003186
андерсон 4,031286 0,000876
соответствующей 3,050457 0,000331
сидячая 5,129899 0,000557
прыжки 1,019025 0,000443
срок 2,085376 0,000227
отображается 4,436752 0,000482
боевая 4,436752 0,000964
прыжке 3,183989 0,001383
напоминают 4,436752 0,000482
боксёрской 4,031286 0,000438
пережила 4,031286 0,000438
самый 1,416327 0,000154
материал 0,825834 0,000090
терминологией 5,129899 0,001114
выбирать 3,183989 0,000346
duk 5,129899 0,001114
раундхаус 5,129899 0,000557
боевое 3,338139 0,002176
убеждён 5,129899 0,000557
входят 1,994404 0,000217
боевой 4,031286 0,000438
about 2,827314 0,000307
ам 4,031286 0,000438
ао 2,564949 0,000279
ап 5,129899 0,003901
роль 2,038856 0,000443
засчитывается 2,644992 0,000287
ввс 3,183989 0,000346
успешном 4,436752 0,000482
навигация 0,986764 0,000214
успешной 3,050457 0,000331
тхыльги 5,129899 0,000557
борьба 1,002764 0,000218
министерства 3,050457 0,000331
навигации 0,986764 0,000107
всемирную 4,436752 0,000482
правила 0,910391 0,001187
оливера 4,436752 0,000482
би 3,183989 0,000346
муай 4,031286 0,000438
гражданском 5,129899 0,000557
правило 1,633391 0,000355
борьбы 2,134166 0,000464
гимнастика 1,238078 0,000269
бы 1,052361 0,000229
сипчин 5,129899 0,000557
hrvatski 1,052361 0,000114
контактных 4,436752 0,000482
вшитых 5,129899 0,000557
развести 5,129899 0,000557
выбирал 5,129899 0,000557
роке 1,762603 0,000191
association 2,827314 0,000307
во 0,495170 0,001183
японского 3,520461 0,000382
вес 2,357310 0,000256
уже 0,687247 0,000224
традиционный 4,436752 0,000964
грандмастером 5,129899 0,000557
очередь 2,239527 0,000243
организацией 2,357310 0,000512
вы 0,325878 0,000035
избранием 5,129899 0,000557
распределённые 2,644992 0,000287
минимален 5,129899 0,000557
ге 5,129899 0,001672
middle 4,031286 0,000438
фитильными 5,129899 0,000557
предусматривает 3,743604 0,000407
го 1,279751 0,000556
국기원 5,129899 0,003343
скорость 2,421849 0,000263
нижнего 4,031286 0,000438
стилями 3,743604 0,000407
разворотом 5,129899 0,001672
фаир 4,031286 0,000438
associated 0,986764 0,000107
гэ 5,129899 0,000557
чтобы 0,773190 0,000252
да 1,911023 0,004359
оружия 2,827314 0,001228
цветных 4,436752 0,001446
де 0,955511 0,000208
приводят 4,031286 0,000438
kamsah 5,129899 0,000557
проведении 2,732003 0,000297
до 0,239550 0,000833
распределяется 3,743604 0,000407
цветным 4,436752 0,000482
большему 4,436752 0,000482
цветные 4,031286 0,002627
выступать 1,633391 0,000177
знаменитых 3,743604 0,000407
сайд 5,129899 0,000557
хансу 5,129899 0,000557
двух 1,002764 0,000327
сработал 5,129899 0,000557
руководителей 3,743604 0,000407
цитировать 0,986764 0,000107
собственные 2,732003 0,000297
искусств 3,743604 0,004473
духа 4,031286 0,001314
ей 1,834062 0,000199
собственный 3,050457 0,000331
ен 5,129899 0,000557
необходимости 2,644992 0,000287
собственным 3,520461 0,000382
korei 5,129899 0,000557
проведения 1,258698 0,000410
баскетбол 0,773190 0,000084
авторских 4,436752 0,000482
korea 4,436752 0,000482
датой 3,050457 0,000331
партере 4,031286 0,000438
факт 3,338139 0,001088
практикой 4,031286 0,000438
её 1,104547 0,000480
принимают 2,085376 0,000227
вид 1,104547 0,000480
же 0,925206 0,001206
mma 2,038856 0,000664
соперникам 2,827314 0,000307
обозначается 4,031286 0,000438
данной 2,732003 0,000297
роббинс 5,129899 0,000557
путь 1,834062 0,000598
батуте 1,728701 0,000188
превышение 3,743604 0,000407
interest 5,129899 0,001114
править 0,986764 0,009861
за 0,125952 0,000342
укр 4,436752 0,000482
квадратной 4,436752 0,000482
среднем 2,239527 0,000487
жё 1,728701 0,000188
средней 2,564949 0,000279
софтбол 1,695912 0,000184
гражданских 4,031286 0,000438
уль 5,129899 0,000557
было 0,438551 0,000333
энтони 2,038856 0,000221
аналогичная 3,338139 0,000363
были 0,799165 0,000260
всемирной 3,338139 0,001450
обрамлённую 5,129899 0,000557
считаются 2,357310 0,000256
была 0,652562 0,000780
чхонгвон 5,129899 0,000557
позиция 2,421849 0,000263
из 0,106018 0,000530
дискуссий 4,436752 0,000482
им 1,198073 0,000130
шагом 4,031286 0,000876
августа 1,052361 0,000800
исчезли 5,129899 0,000557
moo 5,129899 0,001114
их 0,799165 0,000347
скрытые 1,122566 0,000122
многоразовым 5,129899 0,000557
регламент 2,296685 0,000499
обшивается 5,129899 0,000557
кып 5,129899 0,001114
английском 2,732003 0,000297
первенства 1,951845 0,000424
ряду 3,743604 0,000407
восточных 5,129899 0,000557
демонстрируется 5,129899 0,000557
чёрного 3,183989 0,000346
техническим 2,564949 0,000279
технический 2,421849 0,000263
технические 2,421849 0,000526
estremeñu 2,827314 0,000307
первенство 1,664163 0,000181
помощниками 5,129899 0,000557
srpski 1,035554 0,000112
кг 2,185460 0,026588
региональной 4,031286 0,000438
является 1,086847 0,002479
ко 2,421849 0,000526
lingua 3,050457 0,000331
решить 3,338139 0,000363
foundation 0,986764 0,000107
следующих 2,134166 0,000232
затылочной 5,129899 0,000557
keumgang 5,129899 0,000557
планы 3,050457 0,000331
кю 4,436752 0,000482
следующим 2,564949 0,000836
балла 2,564949 0,001114
поединках 4,436752 0,000964
ли 1,198073 0,001692
europe 3,338139 0,000725
вон 4,031286 0,000438
спортивная 1,159607 0,000504
основателем 3,520461 0,000382
баллы 3,520461 0,001147
вот 2,134166 0,000232
специалистами 4,436752 0,000964
рукой 2,564949 0,000836
ханча 5,129899 0,000557
ages 4,031286 0,000438
развития 1,797694 0,000781
место 0,597299 0,000065
ответвления 5,129899 0,000557
injuries 4,031286 0,000438
развитию 2,134166 0,000464
отбора 4,031286 0,000876
современная 2,490841 0,000271
фунакоси 5,129899 0,001114
родился 3,520461 0,000765
му 3,743604 0,000813
достигнуто 3,743604 0,000407
добавлением 5,129899 0,000557
толкающий 5,129899 0,000557
регламентированные 5,129899 0,000557
на 0,023953 0,000315
смогла 2,185460 0,000475
штатах 3,743604 0,000407
не 0,099461 0,000389
государств 2,827314 0,001843
каждый 1,392229 0,000454
онлайн 0,773190 0,000084
dhan 5,129899 0,001114
но 0,402511 0,000918
раздел 2,296685 0,001746
категория 1,546380 0,000168
ны 5,129899 0,000557
уровне 1,695912 0,001105
транслитерация 4,436752 0,000482
воинов 4,031286 0,000438
места 1,198073 0,000130
об 0,217244 0,000024
уровень 2,038856 0,001107
плана 4,031286 0,000438
уровни 4,436752 0,000482
развитии 3,183989 0,001038
педагогических 5,129899 0,001114
ои 0,812411 0,008031
проверяют 3,743604 0,000407
развитие 1,633391 0,001419
он 0,534779 0,000639
занятия 3,183989 0,000346
ричарду 5,129899 0,000557
категорий 3,183989 0,000692
категории 0,986764 0,000965
от 0,160085 0,000678
jade 5,129899 0,000557
названием 1,871802 0,000610
контактным 4,436752 0,000482
chung 5,129899 0,001114
всю 1,994404 0,000433
недоступная 2,357310 0,000256
все 0,125952 0,000014
принимать 2,134166 0,000232
уровня 1,994404 0,001300
технических 2,644992 0,000862
по 0,073653 0,000520
крайней 3,183989 0,000346
сведения 0,812411 0,000088
втф 5,129899 0,004458
уровнях 3,743604 0,000407
itftkd 5,129899 0,000557
отличаются 2,932674 0,000956
успешных 3,183989 0,000346
вся 2,564949 0,000279
открыл 2,932674 0,001274
всё 1,159607 0,000126
академическая 1,574551 0,000171
세계태권도 5,129899 0,001672
видом 1,871802 0,000203
занятий 2,932674 0,000319
нарыся 5,129899 0,000557
ри 4,436752 0,000964
сообщество 0,986764 0,000214
видов 1,392229 0,000605
принятие 3,743604 0,000407
париж 2,357310 0,000256
рф 1,871802 0,000203
leading 5,129899 0,000557
рю 4,031286 0,000876
са 3,743604 0,000407
стал 0,586604 0,000127
се 4,436752 0,000482
водно 1,762603 0,000191
указан 1,301257 0,000141
стиль 2,038856 0,003101
выиграл 1,178655 0,000128
стиля 3,050457 0,004970
серийно 5,129899 0,000557
см 0,955511 0,000519
стилю 3,520461 0,001530
日本語 1,035554 0,000112
со 0,447767 0,000632
центр 0,881403 0,000096
стиле 2,932674 0,001593
общую 3,520461 0,000382
декабря 0,881403 0,000479
воду 1,492313 0,000162
стили 3,338139 0,003626
pyung 5,129899 0,000557
предусмотрена 3,743604 0,000407
ногу 3,520461 0,002294
та 3,183989 0,000346
дополнительно 2,932674 0,001593
те 1,834062 0,000199
eesti 1,069456 0,000116
лет 0,475938 0,000517
предусмотрено 3,338139 0,000363
смесью 5,129899 0,000557
ноги 2,296685 0,001996
то 0,652562 0,000425
сонам 5,129899 0,000557
ту 3,050457 0,000331
сейчас 1,104547 0,000120
европейском 3,520461 0,000382
нога 3,743604 0,000813
поинт 5,129899 0,000557
britannica 1,518981 0,000165
самообороне 5,129899 0,000557
кёруги 5,129899 0,002229
каноэ 1,633391 0,000177
самооборона 5,129899 0,001114
всемирная 3,050457 0,000663
wikipedia 0,986764 0,000214
разделилась 4,031286 0,000438
теперь 0,971016 0,000316
afrikaans 1,441019 0,000157
website 3,520461 0,000765
владения 3,338139 0,001088
демонстрирует 3,743604 0,000407
называть 3,050457 0,000331
веса 2,932674 0,000319
chasin 5,129899 0,000557
чередуется 5,129899 0,000557
сегодняшние 5,129899 0,000557
ушу 1,728701 0,000188
викиновости 1,238078 0,000134
самообороны 3,743604 0,000813
предисловие 5,129899 0,000557
фризский 1,762603 0,000191
терминология 3,338139 0,001813
терминологию 5,129899 0,000557
хи 5,129899 0,006687
терминологии 4,031286 0,000438
изменение 2,932674 0,000319
cottage 5,129899 0,001114
лиц 3,183989 0,000346
изменении 4,031286 0,000438
международного 1,911023 0,000208
отбор 2,564949 0,000279
однако 1,069456 0,000929
технического 2,932674 0,000637
хё 5,129899 0,000557
опытными 2,490841 0,000271
це 5,129899 0,000557
победу 0,910391 0,000198
kirʹi 5,129899 0,000557
позиционирующих 5,129899 0,000557
силла 5,129899 0,000557
буддизма 5,129899 0,000557
проектах 0,986764 0,000214
ударной 4,031286 0,000438
победы 0,971016 0,000105
việt 1,140915 0,000124
отказ 0,910391 0,000099
медики 4,436752 0,000482
koutures 4,436752 0,000482
сохранением 0,986764 0,000107
подъёму 5,129899 0,000557
стилей 3,338139 0,001813
длину 2,564949 0,000279
дзюдо 1,466337 0,000319
стороны 1,546380 0,000336
стилем 3,338139 0,000363
выигранных 2,932674 0,000319
потерял 2,490841 0,000271
прошла 1,994404 0,000217
ча 5,129899 0,000557
сторону 2,085376 0,000227
гоннун 5,129899 0,000557
прошло 2,644992 0,000287
полностью 1,546380 0,000168
신라의 5,129899 0,000557
vol 2,932674 0,000637
часть 1,441019 0,000470
ставшие 2,827314 0,000307
songahm 5,129899 0,003901
техникой 3,743604 0,000407
часто 1,574551 0,000342
междуклубных 5,129899 0,000557
участвовало 4,031286 0,000438
принимало 3,520461 0,000382
части 1,664163 0,000542
кндр 3,050457 0,000994
изнутри 4,436752 0,000964
изменения 1,728701 0,000188
советскими 4,436752 0,000482
специально 2,185460 0,000237
междуклубные 5,129899 0,001672
комплексов 5,129899 0,003343
jang 5,129899 0,012259
производятся 5,129899 0,000557
наранхи 5,129899 0,000557
номер 1,994404 0,000217
членов 2,644992 0,000575
осложнялось 5,129899 0,000557
через 0,971016 0,000422
що 5,129899 0,000557
взрослые 4,031286 0,002627
вып 3,743604 0,000407
lietuvių 1,140915 0,000124
членом 3,183989 0,000346
nam 5,129899 0,001114
официально 1,159607 0,000252
थ 2,932674 0,000319
द 1,546380 0,000168
न 1,518981 0,000330
воздуху 4,031286 0,000438
аннун 5,129899 0,000557
प 1,911023 0,000208
भ 2,239527 0,000243
останавливается 3,183989 0,000346
म 2,932674 0,000319
toki 3,338139 0,000363
ल 1,911023 0,000415
команды 0,555188 0,000181
работавшими 5,129899 0,000557
ष 2,296685 0,000249
никогда 1,951845 0,000212
признаётся 3,520461 0,000382
ह 1,546380 0,000168
команду 1,217876 0,000132
ширину 3,183989 0,000346
века 1,441019 0,000313
тхон 5,129899 0,000557
tong 5,129899 0,000557
травмоопасных 4,436752 0,000482
веке 1,994404 0,000217
скелетон 1,258698 0,000137
mirandés 2,732003 0,000297
ый 5,129899 0,000557
лоу 4,436752 0,000482
дисциплин 3,050457 0,001325
демонстрирующее 5,129899 0,000557
ын 5,129899 0,000557
rights 4,031286 0,000438
лодыжкой 5,129899 0,000557
выпрямлена 4,436752 0,000482
имеющих 4,031286 0,000876
цикл 2,932674 0,000637
бокса 2,827314 0,000307
способам 4,031286 0,000438
действовал 3,338139 0,000363
причин 2,490841 0,000541
ndl 1,834062 0,000199
шорт 1,086847 0,000118
следующими 3,520461 0,000382
нельзя 2,296685 0,000499
sportaccord 5,129899 0,000557
избежания 5,129899 0,000557
кыргызстан 3,050457 0,000331
противнику 3,183989 0,000346
соединённые 5,129899 0,000557
заготовленному 5,129899 0,000557
горнолыжный 1,301257 0,000141
изменило 5,129899 0,000557
точно 1,911023 0,000208
pages 0,986764 0,000322
изменили 4,031286 0,000876
массы 4,031286 0,000876
musul 5,129899 0,000557
звучит 3,520461 0,000382
тхэсудо 5,129899 0,000557
тренировки 1,546380 0,000504
этапом 4,436752 0,000482
кодекса 3,743604 0,000407
new 2,038856 0,000664
красный 2,357310 0,001280
разрывом 4,436752 0,000482
междуклубными 5,129899 0,000557
красным 3,743604 0,000407
готовиться 3,743604 0,000407
всего 0,812411 0,000353
юк 5,129899 0,000557
ব 1,416327 0,000154
алматы 4,436752 0,000482
представлял 2,932674 0,000319
юн 4,436752 0,000482
силва 4,031286 0,000438
гандбол 1,178655 0,000384
ল 1,416327 0,000154
принимает 2,644992 0,000287
svenska 1,035554 0,000112
eui 5,129899 0,000557
доску 5,129899 0,000557
датчиков 4,436752 0,000964
моторный 1,762603 0,000191
поединков 3,520461 0,000765
соединённых 3,520461 0,000382
eun 5,129899 0,000557
ссср 0,940244 0,000715
доступен 0,971016 0,000105
высоту 3,183989 0,000346
будо 1,762603 0,000191
предусмотрены 5,129899 0,000557
располагающихся 4,436752 0,000482
тяжёлыми 4,031286 0,000438
утверждены 2,932674 0,000319
media 3,050457 0,000663
як 5,129899 0,000557
останавливает 4,031286 0,000438
активных 5,129899 0,000557
увеличивается 3,520461 0,000382
ольгуль 5,129899 0,000557
общее 2,357310 0,000512
общей 1,951845 0,000424
высоте 2,421849 0,000263
вращением 4,031286 0,000438
французский 1,392229 0,000151
interlingua 1,603538 0,000174
примечания 1,002764 0,000218
где 0,675551 0,000514
переплетено 5,129899 0,000557
летнего 2,239527 0,000243
понятия 4,031286 0,000438
korean 4,436752 0,000964
традиции 2,490841 0,001082
традиций 4,031286 0,000438
юниоры 2,732003 0,002077
противника 2,490841 0,000271
оккупацией 5,129899 0,000557
точки 2,421849 0,000526
техас 4,436752 0,000482
быть 0,773190 0,000588
него 1,368699 0,000149
семинаров 5,129899 0,000557
посольство 5,129899 0,000557
ён 4,436752 0,000482
ёп 5,129899 0,001672
переехал 4,031286 0,001752
мобильная 0,608110 0,000066
зачётная 5,129899 0,000557
бандаль 5,129899 0,000557
прямого 3,338139 0,000725
suomi 1,052361 0,000114
карточкой 3,520461 0,000382
асан 5,129899 0,000557
определённого 3,338139 0,000363
ladino 3,743604 0,000407
brooks 4,436752 0,000482
боевого 3,520461 0,000765
смысла 4,031286 0,000876
стали 0,971016 0,000105
ларин 5,129899 0,000557
испании 1,834062 0,000797
общероссийская 3,743604 0,000407
nkc 1,574551 0,000171
напоминающих 5,129899 0,000557
властями 4,436752 0,000482
высокой 2,421849 0,000263
важное 2,644992 0,000575
эдсон 5,129899 0,000557
недолго 3,520461 0,000382
российские 1,301257 0,000283
oʻzbekcha 1,140915 0,000124
акробатикой 5,129899 0,000557
latviešu 1,052361 0,000114
заднюю 3,520461 0,000382
разбить 5,129899 0,000557
ливингстон 5,129899 0,000557
дойти 3,743604 0,000813
философия 3,183989 0,000346
испания 1,466337 0,000159
black 3,520461 0,000765
полномочий 4,436752 0,000482
зачислением 5,129899 0,000557
прошёл 1,574551 0,000171
jawa 1,911023 0,000208
передают 4,031286 0,000438
саджу 5,129899 0,001672
требований 3,743604 0,000407
спортивного 1,574551 0,000171
спиной 3,050457 0,000331
военнослужащих 3,743604 0,000407
ленточкой 5,129899 0,000557
боковым 4,031286 0,000438
знак 0,986764 0,000107
arlington 5,129899 0,000557
эксодус 5,129899 0,000557
боковые 3,050457 0,000331
учредительное 5,129899 0,000557
разделяются 3,183989 0,000346
блок 3,338139 0,002538
приземлиться 5,129899 0,000557
тактике 4,031286 0,000438
обладатели 2,296685 0,000249
поражения 1,834062 0,000199
might 5,129899 0,000557
наказание 2,932674 0,000319
медиафайлы 1,217876 0,000265
военнослужащим 5,129899 0,001114
требуется 2,932674 0,000956
оказал 5,129899 0,000557
задняя 3,338139 0,000363
короткий 0,971016 0,000105
развивающая 5,129899 0,000557
посла 3,520461 0,000382
чемпионата 0,735450 0,000080
чемпионате 1,178655 0,000256
после 0,317714 0,000483
central 2,732003 0,000297
покинуть 2,732003 0,000297
nov 4,436752 0,000482
чарёт 5,129899 0,000557
европейская 2,421849 0,000263
минина 5,129899 0,000557
news 2,185460 0,000237
чемпионаты 1,574551 0,000855
торонто 3,183989 0,000346
травматизм 4,031286 0,001314
предметов 3,520461 0,001147
african 4,031286 0,000438
языках 0,986764 0,000107
переломами 5,129899 0,000557
контакта 3,338139 0,001450
risk 4,436752 0,000482
музыкальная 5,129899 0,000557
лыжах 1,178655 0,000128
удалось 2,085376 0,000453
лондоне 2,357310 0,000256
ଆ 3,338139 0,000363
руководством 2,134166 0,000464
юниорский 3,050457 0,000663
получить 0,747872 0,000081
тангуна 5,129899 0,000557
ударная 3,743604 0,000813
чуке 5,129899 0,000557
постаменте 5,129899 0,000557
ilyeo 5,129899 0,000557
максимальное 2,644992 0,000287
упор 3,520461 0,000765
сделать 1,695912 0,000368
фактически 2,357310 0,000512
квартира 3,050457 0,001657
отредактирована 0,986764 0,000107
melayu 1,368699 0,000149
мультиспортивных 4,436752 0,000482
красной 2,296685 0,000249
восьмиугольном 5,129899 0,000557
квартире 4,436752 0,000482
italiano 1,035554 0,000112
год 0,687247 0,000597
объединены 3,743604 0,000407
разрешается 2,932674 0,000319
гок 5,129899 0,000557
munhwasa 5,129899 0,000557
тхеквондо 5,129899 0,000557
мая 1,104547 0,001440
поэтому 1,392229 0,000454
commons 0,986764 0,000107
мае 2,357310 0,000256
modern 3,338139 0,000363
web 1,279751 0,000278
молодёжных 2,827314 0,000307
учётную 0,986764 0,000107
псевдоним 5,129899 0,000557
перебраться 5,129899 0,000557
президентом 1,834062 0,000398
нока 5,129899 0,000557
полуострова 5,129899 0,000557
полуострове 5,129899 0,000557
квадрата 4,031286 0,000438
возвышении 4,436752 0,000482
раундов 2,932674 0,000637
участниками 1,994404 0,000217
определённой 3,183989 0,000346
приходится 2,296685 0,000748
рамках 1,518981 0,000165
которая 1,052361 0,000457
называют 2,185460 0,000475
гтф 5,129899 0,005572
сеуле 3,050457 0,000663
тэквондо 5,129899 0,000557
sung 5,129899 0,000557
bân 1,762603 0,000191
корейского 5,129899 0,003343
wha 5,129899 0,001114
недостатков 1,633391 0,000177
татьяна 3,050457 0,000331
российская 0,799165 0,000087
ழ 1,492313 0,000162
либо 1,140915 0,001487
согласно 1,574551 0,000513
мухаммед 3,743604 0,000407
нацфедерации 5,129899 0,000557
who 4,031286 0,000438
более 0,853233 0,000927
поиск 0,735450 0,000080
тхве 5,129899 0,000557
исторический 2,644992 0,000287
придерживаться 5,129899 0,000557
oldid 0,986764 0,000107
момтон 5,129899 0,000557
отличием 4,031286 0,000438
оказывал 5,129899 0,000557
dies 4,031286 0,000876
исторических 3,338139 0,000363
гун 5,129899 0,001114
стадии 2,085376 0,000680
развитием 3,520461 0,000382
главными 3,050457 0,000331
трамплина 1,159607 0,000126
аркебузами 5,129899 0,000557
иванова 3,743604 0,000407
принять 2,134166 0,000232
стилях 4,436752 0,001446
высокий 2,932674 0,000319
сахёним 5,129899 0,000557
принято 1,871802 0,000610
определённым 4,031286 0,001314
исключительные 4,436752 0,000482
català 1,086847 0,000118
дальнейшем 2,357310 0,000256
локтем 4,436752 0,000482
определённые 3,183989 0,000346
профессиональному 4,436752 0,000482
государствами 4,436752 0,000482
новые 0,747872 0,000162
hausa 2,732003 0,000297
чемпионатах 1,574551 0,000342
местных 3,050457 0,000331
поединки 3,338139 0,000725
గ 2,038856 0,000221
rang 5,129899 0,000557
просмотры 0,986764 0,000107
проведён 2,038856 0,000664
فارسی 1,104547 0,000120
центральной 3,050457 0,000331
открытые 4,031286 0,000438
త 2,038856 0,000221
перчатки 2,827314 0,000614
живот 3,743604 0,001220
am 4,031286 0,001314
александр 0,925206 0,000101
духовной 5,129899 0,000557
разработанному 5,129899 0,000557
ల 2,038856 0,000221
at 2,732003 0,000594
дополнительных 2,564949 0,000279
пхёнвон 5,129899 0,000557
открытым 3,520461 0,000382
готовности 3,338139 0,000363
ключице 5,129899 0,000557
frank 4,031286 0,000438
экс 1,994404 0,000433
дополнительные 0,986764 0,000429
заглавная 0,986764 0,000107
олимпийскими 2,490841 0,000271
основных 2,357310 0,000512
by 0,971016 0,000316
бойца 3,183989 0,000346
экз 2,732003 0,000297
cc 0,986764 0,000107
александрович 2,564949 0,000279
абсолютно 3,183989 0,000346
грандмастер 5,129899 0,000557
единственным 2,239527 0,000243
shqip 1,466337 0,000159
поединка 2,827314 0,000921
ресурсы 1,104547 0,000120
кокс 5,129899 0,000557
고구려의 5,129899 0,000557
пяткой 5,129899 0,001114
de 1,871802 0,000203
носить 3,338139 0,000363
состоит 1,546380 0,000168
вправе 3,520461 0,000382
do 4,436752 0,015422
викиданных 0,986764 0,000107
стандартно 4,436752 0,000482
won 3,743604 0,000813
переднестоящую 5,129899 0,000557
разногласий 3,743604 0,000407
своего 1,368699 0,000149
чоисонин 5,129899 0,000557
отсутствия 2,421849 0,000263
показать 0,825834 0,000090
спарринг 4,031286 0,001752
ee 5,129899 0,002229
основные 2,134166 0,001159
параметров 3,520461 0,000382
межконтинентальные 4,031286 0,000438
олимпийские 0,895792 0,001070
развороте 5,129899 0,000557
хотя 1,546380 0,000504
дополнить 3,338139 0,001088
олимпийским 1,492313 0,000324
платформа 4,436752 0,000482
олимпийский 0,853233 0,000463
древним 5,129899 0,000557
ex 5,129899 0,000557
спарринги 4,436752 0,000964
popularize 4,436752 0,000482
bigak 5,129899 0,003343
тхэквондистов 5,129899 0,001114
спарринга 5,129899 0,000557
дополните 3,338139 0,001088
сферах 4,436752 0,000482
относится 2,932674 0,000319
лайт 5,129899 0,000557
for 2,239527 0,000243
длился 3,520461 0,000382
высокая 3,183989 0,000346
олимпийских 0,799165 0,000521
поиску 0,971016 0,000105
спонсировал 4,031286 0,000438
солдат 4,031286 0,000438
лишь 1,159607 0,001386
мог 1,762603 0,000191
странах 1,574551 0,000342
используемый 4,031286 0,000438
используемым 4,436752 0,000482
мой 2,421849 0,000263
мок 1,574551 0,000171
go 3,183989 0,000692
petrigliano 4,436752 0,000482
назначил 3,183989 0,000346
основе 1,466337 0,000159
этапы 2,421849 0,000263
hi 4,436752 0,000964
кардинально 3,338139 0,000363
травматизма 3,520461 0,000382
турнирами 4,031286 0,000438
делегат 4,436752 0,000482
развивать 3,520461 0,000382
переехала 4,031286 0,000876
примкнувшие 5,129899 0,000557
https 0,699082 0,000076
континентов 3,183989 0,000692
il 5,129899 0,003343
результат 1,416327 0,000308
позже 1,518981 0,000165
in 1,911023 0,001661
большом 3,338139 0,000363
коды 3,520461 0,000382
особенно 2,038856 0,000886
wtf 5,129899 0,001114
лицо 3,050457 0,000663
index 0,986764 0,000107
большой 1,069456 0,000116
эта 0,867219 0,000188
большое 1,951845 0,000212
изначально 2,038856 0,000221
избранные 0,971016 0,000105
ള 1,695912 0,000184
которое 1,871802 0,000203
которой 1,238078 0,000403
лица 2,827314 0,000307
северной 2,185460 0,000712
котором 1,217876 0,000132
включённых 4,436752 0,000482
ji 5,129899 0,001114
начинают 3,338139 0,000363
tafisa 5,129899 0,000557
участникам 2,827314 0,000307
смерти 2,239527 0,000487
корейская 5,129899 0,002786
дан 4,031286 0,002627
дао 5,129899 0,000557
эти 1,323236 0,000144
хва 4,436752 0,000482
это 0,277868 0,000272
которого 1,345709 0,000585
ki 5,129899 0,000557
aragonés 1,762603 0,000191
дипломатических 5,129899 0,000557
два 0,760451 0,000991
смена 2,357310 0,000256
улучшились 5,129899 0,000557
안용규 5,129899 0,000557
gí 1,762603 0,000191
базовая 4,436752 0,003374
две 1,019025 0,000332
kr 5,129899 0,000557
чхан 5,129899 0,011702
пурпурный 5,129899 0,000557
новую 1,664163 0,000362
литературное 5,129899 0,000557
juche 5,129899 0,001114
общеобразовательных 4,436752 0,000482
гражданами 5,129899 0,000557
статусом 3,520461 0,000765
смене 3,050457 0,000331
квалификационного 3,050457 0,000331
разговора 5,129899 0,000557
пособии 5,129899 0,000557
ближней 4,031286 0,000438
мун 4,031286 0,000438
отличие 1,834062 0,000398
қазақша 1,178655 0,000128
hanguk 5,129899 0,000557
музыкальными 5,129899 0,000557
пригласить 3,743604 0,000407
открытой 2,421849 0,000263
силами 3,338139 0,000363
www 1,392229 0,001966
минимум 2,239527 0,000487
aekkyŏn 5,129899 0,000557
жёлто 4,031286 0,000438
чхве 4,436752 0,006265
прыжков 3,338139 0,000363
присуждается 3,050457 0,000331
мфт 5,129899 0,001672
литл 5,129899 0,000557
headquarters 5,129899 0,000557
kibon 5,129899 0,000557
survey 5,129899 0,000557
занимался 3,743604 0,000407
матсоги 5,129899 0,000557
корейские 4,031286 0,003503
олимпийская 1,911023 0,000415
no 1,911023 0,000415
ස 1,834062 0,000199
лицах 4,436752 0,000482
корейцы 4,031286 0,000438
практически 1,664163 0,000362
дел 3,743604 0,000407
денисенко 5,129899 0,000557
mixed 3,520461 0,000382
чосон 5,129899 0,002229
раунде 1,951845 0,000424
константинович 4,436752 0,000482
поскольку 1,728701 0,001127
дополнительной 3,520461 0,000382
соревнования 0,663991 0,000938
of 1,695912 0,000553
deutsch 1,052361 0,000114
марта 0,881403 0,000479
oh 4,436752 0,000964
телом 3,743604 0,000407
марте 2,085376 0,000227
раунда 2,085376 0,000680
ставить 3,520461 0,000382
or 3,338139 0,000725
sports 1,301257 0,000141
джи 4,031286 0,000876
ماز 2,490841 0,000271
поединок 2,564949 0,001672
чемпионатом 2,732003 0,000297
oz 5,129899 0,000557
станке 4,436752 0,000482
описанную 5,129899 0,000557
чемпионатов 1,416327 0,000308
распространения 3,520461 0,000382
ph 1,762603 0,000191
соревнований 0,881403 0,001149
успешно 1,911023 0,000208
po 5,129899 0,000557
королевской 4,031286 0,000438
большей 2,932674 0,000319
급 5,129899 0,000557
witold 5,129899 0,000557
выдающимися 3,743604 0,000407
страница 0,940244 0,000204
формальные 4,436752 0,003374
хил 5,129899 0,000557
странице 0,971016 0,000105
breaking 5,129899 0,000557
qr 0,986764 0,000107
цветов 2,932674 0,000319
продолжения 3,520461 0,000382
студенческого 3,520461 0,000382
страницу 0,971016 0,000105
тыльная 5,129899 0,000557
мастера 3,183989 0,002075
санный 1,301257 0,000141
страницы 0,971016 0,000422
принял 1,664163 0,000181
зимние 1,159607 0,000126
фристайл 1,279751 0,000417
цветом 3,050457 0,000331
бумажных 5,129899 0,000557
применении 3,743604 0,000407
применение 3,183989 0,000346
женщин 1,368699 0,000595
переднестоящюю 5,129899 0,000557
пресс 1,086847 0,000118
ru 0,285712 0,000093
результатам 1,911023 0,000208
третий 1,416327 0,000462
обязан 2,490841 0,000271
jensen 4,031286 0,000438
sa 0,986764 0,000322
корейских 5,129899 0,002786
se 4,031286 0,000438
вернуться 1,911023 0,000208
nynorsk 1,546380 0,000168
sh 1,797694 0,000195
того 0,955511 0,001453
отличиями 5,129899 0,000557
пластиковой 4,031286 0,000438
ногой 2,732003 0,002968
проверялась 2,490841 0,000271
so 5,129899 0,000557
мастеру 4,436752 0,000482
свою 1,217876 0,000265
китайский 3,050457 0,000331
español 1,019025 0,000111
турниры 0,895792 0,000973
конце 1,518981 0,000165
китайские 3,338139 0,000363
весовыми 5,129899 0,000557
литература 1,695912 0,000368
ong 5,129899 0,000557
существенно 2,932674 0,000956
тест 2,827314 0,000307
освоившими 5,129899 0,000557
bosanski 1,345709 0,000146
активное 3,743604 0,000407
свой 1,217876 0,000132
устройства 4,436752 0,000482
свои 1,238078 0,000134
th 2,185460 0,000237
ti 5,129899 0,003343
китайских 4,031286 0,000876
to 2,038856 0,000221
персональные 0,971016 0,000105
country 4,031286 0,000438
казахстан 1,301257 0,000141
большая 1,069456 0,000465
турнира 0,839439 0,000091
rules 2,490841 0,001623
утвердила 3,183989 0,000346
ua 3,520461 0,000765
турнире 1,198073 0,000390
круговой 3,743604 0,000407
ul 5,129899 0,000557
турниру 2,932674 0,000319
us 2,038856 0,000221
untold 5,129899 0,000557
norsk 1,052361 0,000229
дальневосточный 5,129899 0,000557
достижением 3,338139 0,000363
для 0,146292 0,000699
флаг 1,279751 0,000139
vs 3,050457 0,000331
ударным 5,129899 0,000557
мастер 1,911023 0,000623
imprint 5,129899 0,000557
changes 5,129899 0,000557
национальная 1,574551 0,000171
polski 1,035554 0,000112
wa 5,129899 0,000557
gae 5,129899 0,001672
секунды 2,490841 0,000271
хон 4,436752 0,015422
иерархии 4,436752 0,000482
dang 5,129899 0,001114
ветераны 3,183989 0,001383
ходе 2,085376 0,000227
wt 4,436752 0,011567
имитирующие 4,436752 0,000482
org 0,986764 0,000965
формальных 4,436752 0,002410
латинского 5,129899 0,000557
шевронное 5,129899 0,000557
легализации 5,129899 0,001114
корейское 5,129899 0,001672
walon 2,827314 0,000307
чучхе 5,129899 0,001114
корейской 2,239527 0,000243
корейском 5,129899 0,001114
rulaws 5,129899 0,001114
xx 1,546380 0,000168
соревнованиями 2,357310 0,000256
естественный 5,129899 0,000557
футы 5,129899 0,001114
участником 2,564949 0,000279
хёнами 5,129899 0,000557
занятиях 4,436752 0,000482
competition 3,743604 0,000407
победителем 1,574551 0,000342
yi 5,129899 0,000557
европейскую 4,436752 0,000482
нам 1,797694 0,000195
участников 1,159607 0,000126
комплекса 3,338139 0,000363
третьих 3,183989 0,000346
тело 3,183989 0,000346
корейскую 5,129899 0,001114
учтивости 5,129899 0,000557
комплексы 3,743604 0,005693
оставшиеся 2,827314 0,000307
предложению 3,183989 0,000346
onnuri 5,129899 0,000557
тансудо 5,129899 0,003901
тела 2,134166 0,000695
службе 2,421849 0,000263
четвёртый 2,490841 0,000271
траекториям 5,129899 0,000557
подтверждающий 5,129899 0,000557
вперёд 2,085376 0,000906
пхум 5,129899 0,001672
паккат 5,129899 0,000557
перестали 3,743604 0,000407
сотрясений 4,436752 0,000482
south 3,520461 0,000382
которые 0,760451 0,000496
yook 5,129899 0,001114
автором 2,932674 0,000319
yool 5,129899 0,000557
хук 4,031286 0,000876
который 0,799165 0,000868
британского 4,031286 0,000438
конькобежный 1,238078 0,000134
искусство 2,732003 0,002077
gen 4,436752 0,000482
которым 1,518981 0,000330
которых 1,052361 0,000686
знаний 2,357310 0,000256
power 3,183989 0,000346
победа 1,238078 0,000269
искусства 3,050457 0,003645
оператору 5,129899 0,000557
разворота 5,129899 0,001114
олимпийском 2,490841 0,001082
увеличено 3,050457 0,000331
паратхэквондо 2,490841 0,000271
препятствием 5,129899 0,000557
олимпийской 1,911023 0,001038
присуждаются 3,183989 0,000346
случае 1,441019 0,001096
демонстрируют 4,436752 0,000964
увеличены 5,129899 0,000557
cebuano 2,932674 0,000319
жилет 4,436752 0,001446
мероприятиях 3,183989 0,000692
yong 5,129899 0,000557
красоту 3,520461 0,000382
америке 2,564949 0,000279
олимпийское 2,490841 0,000271
америки 1,695912 0,000184
несколько 1,069456 0,000232
стран 1,546380 0,000168
rumagnòl 4,031286 0,000438
небраска 5,129899 0,001114
дух 3,520461 0,000765
записок 4,436752 0,000482
количеству 1,574551 0,000342
путёвки 3,743604 0,001220
использовать 1,603538 0,000348
дружелюбностью 5,129899 0,000557
количества 2,421849 0,000263
development 3,743604 0,000407
заявившей 5,129899 0,000557
xiv 2,490841 0,000271
восточными 5,129899 0,000557
апреля 1,052361 0,002058
корё 5,129899 0,002786
нокауты 4,031286 0,000438
апрель 3,520461 0,000382
советником 4,436752 0,000482
количество 1,217876 0,001191
международная 1,301257 0,000989
narae 5,129899 0,000557
нет 0,825834 0,002422
мужчины 1,019025 0,000111
авторов 3,520461 0,000382
коро 5,129899 0,000557
нокауте 5,129899 0,000557
dave 4,436752 0,000482
нокаута 4,436752 0,000482
окружности 3,050457 0,000663
kukkiwon 5,129899 0,000557
тхыль 5,129899 0,000557
конгрессменов 5,129899 0,000557
значительно 1,911023 0,000415
당수도 5,129899 0,002229
указом 5,129899 0,000557
публикуется 4,436752 0,000482
дозированный 5,129899 0,000557
проникать 5,129899 0,000557
фаланги 5,129899 0,000557
стандарту 5,129899 0,000557
кыргызча 2,085376 0,000227
разделах 5,129899 0,000557
nareusya 5,129899 0,000557
называемый 2,421849 0,000263
историей 4,031286 0,000438
င 5,129899 0,000557
день 0,760451 0,000083
нокаут 3,183989 0,000346
называемые 3,050457 0,000331
кликеров 5,129899 0,000557
youth 4,031286 0,000438
ним 1,695912 0,000184
пинки 5,129899 0,000557
заявив 4,436752 0,000482
န 2,134166 0,000232
играх 0,699082 0,000152
ဘ 2,134166 0,000232
ไทย 1,238078 0,000134
မ 2,134166 0,000464
них 1,178655 0,000640
сасонним 5,129899 0,000557
заявил 1,441019 0,000157
окинавских 5,129899 0,000557
играм 2,421849 0,000263
သ 2,134166 0,000232
диаметром 3,338139 0,000363
nova 2,932674 0,000319
назначали 5,129899 0,000557
заявление 0,867219 0,000188
создана 1,834062 0,001195
людей 2,134166 0,000232
тёмно 3,520461 0,000382
нюансном 5,129899 0,001114
наносят 4,031286 0,000438
юль 5,129899 0,000557
типично 5,129899 0,000557
петтис 5,129899 0,001114
симаков 5,129899 0,000557
демо 4,436752 0,000482
учебном 5,129899 0,000557
снаружи 4,436752 0,000964
masters 3,520461 0,000382
складывается 4,031286 0,000438
вонгука 5,129899 0,000557
единоборствами 4,436752 0,000482
slovenčina 1,069456 0,000116
gnd 1,392229 0,000151
дело 2,038856 0,000221
индивидуальных 2,644992 0,000287
танский 5,129899 0,000557
union 3,183989 0,001383
пинка 5,129899 0,001114
киксы 5,129899 0,000557
образцовой 4,436752 0,000482
национальной 2,085376 0,000453
дела 2,644992 0,000287
таймазов 5,129899 0,000557
blue 4,031286 0,000876
ушибленными 5,129899 0,000557
kwon 5,129899 0,005015
создали 3,183989 0,000346
кукки 5,129899 0,006687
спорту 2,038856 0,000221
одноимённый 4,031286 0,000438
коричневый 4,436752 0,000964
gok 5,129899 0,000557
существа 4,436752 0,000482
goo 5,129899 0,001114
пхума 5,129899 0,000557
норвежская 1,603538 0,000174
степени 2,732003 0,000594
находиться 2,185460 0,000237
массовости 3,743604 0,000407
использующие 1,633391 0,000177
pal 5,129899 0,001114
pan 4,436752 0,000482
sparring 5,129899 0,001114
единоборств 3,338139 0,003263
ног 2,644992 0,000287
детско 2,932674 0,000319
european 3,050457 0,001657
затылок 4,436752 0,000482
исполнитель 5,129899 0,000557
незаконные 5,129899 0,000557
засчитывают 5,129899 0,000557
захвата 4,031286 0,000438
нок 3,338139 0,000363
andrew 4,031286 0,000438
алекс 2,239527 0,000243
спорта 0,342407 0,000967
слов 2,421849 0,000263
каталогах 1,323236 0,000144
пхумы 5,129899 0,000557
редакцией 2,490841 0,000271
совет 1,994404 0,000217
хэнуном 5,129899 0,000557
соответствуют 4,436752 0,001446
самостоятельным 3,743604 0,000407
образца 3,338139 0,000363
переносится 3,743604 0,000407
гонки 1,002764 0,000218
монреале 2,827314 0,000307
набором 4,031286 0,000438
минуты 1,871802 0,000203
систем 3,743604 0,000407
chosang 5,129899 0,000557
возрастных 3,520461 0,000382
статьёй 5,129899 0,000557
конгрессе 2,644992 0,000287
wada 3,338139 0,000363
смертельное 5,129899 0,000557
pdf 0,940244 0,000306
pediatrics 4,436752 0,000482
включают 2,732003 0,000594
описание 0,986764 0,000322
киков 4,436752 0,000482
групп 2,296685 0,000249
комитета 2,085376 0,000227
экосистемы 5,129899 0,000557
хён 3,743604 0,000813
варьируется 4,436752 0,000482
одновременно 1,762603 0,000191
примут 2,564949 0,000279
светло 3,520461 0,000382
american 3,050457 0,000994
общественная 3,338139 0,000363
затылку 4,031286 0,000438
зоной 4,436752 0,000482
передаются 5,129899 0,000557
разрешают 4,436752 0,000482
надевают 4,436752 0,000482
ученики 4,031286 0,000876
gtf 5,129899 0,006687
сохранили 4,436752 0,000482
ученика 4,031286 0,000438
обозначения 4,031286 0,000438
этика 4,436752 0,000482
тони 3,183989 0,000346
xvi 2,490841 0,000271
армии 2,932674 0,000319
зоны 2,185460 0,000237
текст 0,986764 0,000107
lâm 1,762603 0,000191
зону 2,421849 0,001315
esperanto 1,198073 0,000130
прыжковой 5,129899 0,000557
продвижении 5,129899 0,000557
стопа 4,031286 0,001752
зона 2,134166 0,000464
gun 5,129899 0,001114
противостоит 5,129899 0,000557
палкой 4,436752 0,000482
возглавила 4,436752 0,000482
защитной 4,031286 0,000438
голени 5,129899 0,000557
организовали 3,183989 0,000346
медицинских 4,436752 0,000482
находится 1,492313 0,000162
сустав 4,031286 0,001752
наносится 3,520461 0,000382
легитимности 5,129899 0,001114
клавиши 5,129899 0,000557
спортсмен 1,466337 0,001434
практического 4,436752 0,000482
ответственности 0,971016 0,000105
его 0,447767 0,000292
собственными 3,743604 0,000407
посчитавший 5,129899 0,000557
белого 2,827314 0,000307
chŏnt 5,129899 0,000557
приложил 4,436752 0,000482
риду 5,129899 0,000557
php 0,986764 0,000107
черепа 5,129899 0,000557
пояса 2,827314 0,006757
sustained 4,436752 0,000482
connotations 5,129899 0,000557
маркоса 5,129899 0,000557
астрель 4,031286 0,000438
псевдонима 5,129899 0,001114
американская 2,421849 0,000263
members 4,436752 0,001446
грудь 4,031286 0,001314
когда 0,652562 0,000213
вмешательства 4,436752 0,000482
колене 4,031286 0,000438
сонгам 5,129899 0,001114
колена 3,183989 0,000346
gye 5,129899 0,000557
clinical 4,436752 0,000482
проводятся 1,574551 0,000855
топтать 5,129899 0,000557
годов 1,301257 0,000283
дисквалификации 2,732003 0,000297
чего 1,345709 0,000585
желающих 4,031286 0,000438
заслуги 3,338139 0,000363
головы 2,357310 0,001280
попадания 2,827314 0,000307
выполнить 3,050457 0,000994
мифического 5,129899 0,000557
судьям 3,183989 0,000346
взаимоуважение 5,129899 0,000557
онтарио 3,743604 0,000407
hansol 5,129899 0,000557
наджунде 5,129899 0,000557
другие 0,384967 0,000084
отобраться 4,436752 0,000482
hansoo 5,129899 0,000557
pyong 5,129899 0,001114
федерация 1,002764 0,001307
стопами 4,436752 0,000964
федерацию 3,338139 0,000725
другим 1,762603 0,000191
голова 3,183989 0,000346
развиваться 2,932674 0,000319
мировых 2,421849 0,000263
türkmençe 2,185460 0,000237
других 0,853233 0,000834
попадание 2,564949 0,000279
состоянию 1,911023 0,000830
убедил 5,129899 0,000557
голову 3,338139 0,002538
отстранены 5,129899 0,000557
образом 1,546380 0,000336
порядковые 5,129899 0,000557
шаблона 2,932674 0,000319
пятиборье 1,574551 0,000171
федераций 2,134166 0,001623
федерации 0,663991 0,000649
создают 3,743604 0,000407
другими 2,421849 0,000263
исключение 3,050457 0,000331
вести 2,421849 0,000263
национальных 1,871802 0,001627
есть 0,812411 0,000618
календарного 4,436752 0,000482
спорт 0,224624 0,000195
кулак 4,031286 0,001314
национальный 2,644992 0,000575
национальные 1,695912 0,000553
meeting 4,436752 0,000482
переднестоящая 5,129899 0,000557
марке 4,031286 0,000438
известных 2,085376 0,000453
требованиями 3,743604 0,000407
определению 3,338139 0,000363
перчатками 5,129899 0,000557
qaraqalpaqsha 2,038856 0,000221
классификация 3,050457 0,000663
электронных 4,031286 0,000438
классификацию 5,129899 0,001114
экипировка 2,564949 0,000836
основной 1,834062 0,000398
джордж 2,134166 0,000464
основном 1,951845 0,000848
кустов 4,436752 0,000482
эмиграцию 5,129899 0,000557
кикбоксерские 5,129899 0,000557
предпочитают 3,520461 0,000382
известным 2,644992 0,000287
экипировки 2,932674 0,000319
известный 2,239527 0,000243
français 1,019025 0,000111
станислав 2,490841 0,000541
экономических 5,129899 0,000557
женщины 0,881403 0,000191
комитетами 5,129899 0,000557
беженцев 4,436752 0,000482
волне 5,129899 0,000557
arts 3,743604 0,002440
выиграть 1,466337 0,000159
условно 3,338139 0,000363
ниже 1,762603 0,000191
рейтинговому 5,129899 0,000557
gtftaekwondo 5,129899 0,000557
ему 1,323236 0,000431
регулярные 2,932674 0,000319
позиционирует 5,129899 0,000557
открытия 2,134166 0,000232
работали 3,520461 0,000382
европы 0,524729 0,000171
насчитывается 3,520461 0,000765
поло 1,441019 0,000313
европе 1,492313 0,000162
строгими 4,031286 0,000438
аббревиатуру 5,129899 0,000557
сэво 5,129899 0,000557
между 0,955511 0,000727
пола 2,490841 0,000812
hae 5,129899 0,000557
宋德基 5,129899 0,000557
линды 5,129899 0,000557
квалификационная 4,436752 0,000482
особенность 4,031286 0,000438
ограничения 2,239527 0,000243
стопой 4,031286 0,000438
соответствие 2,827314 0,000307
поклонами 5,129899 0,000557
сертификат 3,743604 0,000407
руководства 2,564949 0,000279
шулики 5,129899 0,000557
клинче 4,436752 0,000482
рубящий 5,129899 0,000557
исполнением 3,743604 0,000407
виды 0,773190 0,000504
особенности 3,183989 0,000692
пока 1,159607 0,000378
переднестоящей 5,129899 0,001114
становятся 2,827314 0,000614
согнута 4,436752 0,000482
являясь 3,520461 0,000382
ಕನ 2,038856 0,000221
учеников 3,338139 0,000363
конфуцианства 5,129899 0,000557
вида 1,664163 0,001627
aekwŏndo 5,129899 0,000557
явное 5,129899 0,000557
виде 1,368699 0,000892
определяющей 5,129899 0,000557
подход 3,338139 0,001450
устанавливает 4,031286 0,000438
самообладания 5,129899 0,000557
saeara 5,129899 0,000557
бобслей 1,238078 0,000134
предписывает 5,129899 0,000557
разделить 4,031286 0,000438
тхэбэк 5,129899 0,000557
олег 1,951845 0,000212
мною 5,129899 0,000557
набор 2,644992 0,000287
обе 2,085376 0,000680
лучевые 5,129899 0,000557
если 0,675551 0,001027
указательного 5,129899 0,000557
chang 5,129899 0,000557
wikimedia 0,986764 0,000107
передаётся 3,183989 0,000346
мировом 2,827314 0,000307
широко 2,644992 0,000287
мировой 1,392229 0,000756
happy 4,436752 0,000482
полтора 3,338139 0,000363
последовательности 3,520461 0,000382
multi 4,031286 0,000876
контакт 3,050457 0,001325
исключительно 2,357310 0,000256
включением 4,031286 0,000438
новая 1,546380 0,000504
решено 2,644992 0,000287
организма 4,031286 0,000438
взял 2,185460 0,000237
справедливости 3,743604 0,000407
chris 3,743604 0,000407
cheonkwon 5,129899 0,000557
отмечаются 4,031286 0,000438
максим 1,994404 0,000217
улучшите 2,490841 0,000812
маньчжурии 5,129899 0,000557
правления 3,338139 0,000363
комитет 1,911023 0,000208
башҡортса 1,518981 0,000165
несколькими 2,644992 0,000287
серебро 1,871802 0,000203
вторжением 5,129899 0,000557
допустимое 4,031286 0,000438
hanryu 5,129899 0,000557
барбоза 5,129899 0,000557
линда 5,129899 0,000557
chavacano 5,129899 0,000557
субак 5,129899 0,003901
создать 0,825834 0,000090
входило 3,050457 0,000331
january 4,031286 0,000438
участвует 2,932674 0,000319
решение 1,238078 0,000403
яир 5,129899 0,000557
печать 0,986764 0,000107
рукопашным 5,129899 0,000557
новыми 2,932674 0,000319
пелота 1,728701 0,000188
ввиду 2,732003 0,000297
логике 5,129899 0,000557
основная 1,323236 0,000287
организацию 2,564949 0,000836
попал 1,911023 0,000208
календарь 0,735450 0,000080
зарождаться 4,436752 0,000482
организация 1,664163 0,002169
календарю 5,129899 0,000557
поздний 4,436752 0,000482
несогласные 5,129899 0,000557
организации 0,812411 0,001765
датчик 5,129899 0,000557
товарный 0,986764 0,000107
школу 3,050457 0,000663
организаций 2,421849 0,001578
вскоре 2,239527 0,000243
history 1,762603 0,000383
閩南語 1,762603 0,000191
кёкусинкай 5,129899 0,000557
контролируемой 5,129899 0,000557
клубные 2,644992 0,000287
школе 3,183989 0,000346
печати 0,955511 0,000104
владислав 2,185460 0,000237
реальный 2,932674 0,000319
достижения 1,695912 0,000184
возраста 3,520461 0,000765
прыжках 2,827314 0,000921
засчитывались 5,129899 0,000557
условий 0,881403 0,000096
кандидата 3,743604 0,000407
судейской 3,743604 0,000407
лыжи 1,019025 0,000111
возрасте 2,357310 0,000768
general 5,129899 0,000557
хозяйки 3,338139 0,000363
участник 2,296685 0,000249
усложняется 5,129899 0,000557
вступили 3,743604 0,000407
поднимает 4,436752 0,000482
господин 5,129899 0,000557
руководствуется 5,129899 0,000557
соотношение 3,520461 0,000765
сплетение 5,129899 0,000557
использовавшийся 4,436752 0,000482
риск 2,732003 0,000297
cymraeg 1,574551 0,000171
способ 2,827314 0,000307
moskva 4,436752 0,000482
проводились 1,603538 0,000174
jitae 5,129899 0,000557
условия 0,411400 0,000089
специальным 3,743604 0,000407
австрии 2,421849 0,000789
специальный 2,827314 0,000307
dansk 1,069456 0,000116
прикладные 4,031286 0,000438
ещё 0,420369 0,000274
пояс 3,183989 0,003459
teulgi 5,129899 0,000557
уголовного 5,129899 0,000557
специальные 2,421849 0,000263
yoo 5,129899 0,000557
приняли 1,633391 0,000177
yon 5,129899 0,000557
начисляются 3,338139 0,000363
видами 3,338139 0,000363
менее 1,258698 0,000684
выдают 3,743604 0,000407
беларуская 1,069456 0,000232
удара 2,357310 0,002048
первой 1,019025 0,000111
active 4,436752 0,000964
ударе 3,520461 0,000765
джон 1,728701 0,000188
велоспорт 1,178655 0,000128
данного 2,644992 0,000575
tagb 5,129899 0,007801
альпинизм 1,323236 0,000144
она 0,825834 0,000090
коэффициент 3,520461 0,000382
hon 5,129899 0,000557
скачать 0,895792 0,000195
они 0,760451 0,000083
выдаёт 5,129899 0,000557
удары 2,564949 0,006130
каким 2,490841 0,000271
вариант 1,994404 0,000217
футбол 0,285712 0,000186
вооружённых 3,183989 0,000346
объединяет 2,827314 0,000307
моей 2,490841 0,000541
популярностью 3,338139 0,000363
кикбоксинга 5,129899 0,001672
зачётную 4,436752 0,000482
кикбоксинге 5,129899 0,000557
алфавита 5,129899 0,001114
chil 5,129899 0,001114
австрия 2,239527 0,000243
боем 3,338139 0,000363
австрию 4,436752 0,000482
каталанская 1,695912 0,000184
алфавиту 1,159607 0,000252
june 3,743604 0,000407
jung 5,129899 0,002229
сценарию 5,129899 0,000557
фронт 3,743604 0,000407
наряду 2,490841 0,000541
доскам 5,129899 0,000557
понимания 4,436752 0,000482
получивший 2,564949 0,000279
தம 1,492313 0,000162
аккредитовать 5,129899 0,000557
получившие 4,031286 0,000438
викискладе 1,217876 0,000265
первую 1,518981 0,000165
жанейро 2,421849 0,000263
세기교육사 5,129899 0,000557
получивших 3,743604 0,000407
офис 3,338139 0,000363
профессионалов 2,644992 0,000575
закаливание 5,129899 0,000557
меры 3,743604 0,000407
спарринговой 5,129899 0,000557
артамонов 5,129899 0,000557
всех 0,652562 0,000780
соревновательные 5,129899 0,002229
заказывая 5,129899 0,000557
признают 5,129899 0,000557
соревновательный 3,520461 0,001147
всей 1,871802 0,000407
органом 3,183989 0,000346
обеих 2,296685 0,000249
yul 5,129899 0,001114
choi 5,129899 0,001672
мере 2,490841 0,000541
пожертвовать 0,986764 0,000107
возрождаться 5,129899 0,001114
соревновательных 3,743604 0,002440
валенти 5,129899 0,000557
рукопашного 4,031286 0,001314
ссылка 0,786093 0,000171
получившее 4,031286 0,000438
ссылки 0,839439 0,000456
lingála 3,050457 0,000331
гуманизма 5,129899 0,000557
home 3,743604 0,000407
조의손인 5,129899 0,000557
туловища 3,743604 0,000407
революции 3,183989 0,000346
своём 1,871802 0,000203
championships 2,932674 0,000956
комбинациям 5,129899 0,000557
ನಡ 2,038856 0,000221
ось 5,129899 0,000557
властей 3,520461 0,000765
кругосвет 1,994404 0,000217
president 3,338139 0,000725
блоков 5,129899 0,001114
представителей 2,239527 0,000243
рахується 5,129899 0,000557
тхэгук 5,129899 0,000557
названо 5,129899 0,000557
разделами 1,951845 0,001272
входе 5,129899 0,000557
нечётные 4,436752 0,000482
отдельных 0,986764 0,000107
чжан 3,520461 0,003059
атаки 2,357310 0,000512
song 5,129899 0,000557
квадах 1,762603 0,000191
belt 4,031286 0,000876
отдельные 2,239527 0,000487
chon 5,129899 0,000557
схожи 4,031286 0,001314
hong 4,436752 0,000482
honh 5,129899 0,000557
hwa 5,129899 0,001672
чем 0,747872 0,000325
jeong 5,129899 0,000557
немаловажную 4,031286 0,000438
связано 2,134166 0,000695
robert 3,050457 0,000331
обращении 5,129899 0,000557
результате 1,728701 0,001127
сэми 5,129899 0,000557
джек 3,520461 0,000765
родственных 2,644992 0,000287
лука 1,198073 0,000130
возрождены 4,436752 0,000482
health 4,436752 0,000482
связаны 3,183989 0,000346
михаил 1,392229 0,000151
народа 3,743604 0,000407
бронзу 2,085376 0,000227
сентября 1,069456 0,002091
hyo 5,129899 0,000557
войти 0,735450 0,000160
бело 2,644992 0,000287
гольф 1,574551 0,000171
furlan 3,050457 0,000331
апрельской 5,129899 0,000557
данов 4,436752 0,001928
первых 1,518981 0,000495
taekwondoitf 5,129899 0,000557
ქართული 1,392229 0,000151
миссиссога 5,129899 0,000557
назначают 4,436752 0,000482
вышли 1,797694 0,000391
красно 2,490841 0,000812
наступательно 5,129899 0,000557
небольшого 4,436752 0,000482
chul 5,129899 0,000557
защита 1,797694 0,001367
юниорки 3,743604 0,000407
international 2,357310 0,002561
императора 4,031286 0,000438
смешанные 2,644992 0,000287
старших 3,520461 0,000382
рейтинговых 4,031286 0,000876
играть 1,368699 0,000149
вадимович 5,129899 0,000557
феврале 2,038856 0,000221
смешанных 2,490841 0,000541
важной 3,338139 0,000363
защиты 2,134166 0,001391
кисти 3,338139 0,000725
рейтинговые 3,743604 0,001220
первые 0,971016 0,000211
обращения 0,925206 0,005427
программу 1,466337 0,000796
первый 0,687247 0,000299
пост 2,134166 0,000232
смешанным 4,436752 0,000482
февраля 0,232059 0,000176
михайлович 3,183989 0,000346
программы 1,633391 0,000355
пять 1,368699 0,000149
одинаковые 4,031286 0,000438
февраль 3,520461 0,000765
детально 4,436752 0,000482
носок 5,129899 0,000557
тогда 1,466337 0,000159
щитки 3,520461 0,000382
пяти 1,574551 0,000171
клятву 5,129899 0,000557
старший 2,644992 0,000575
империя 3,743604 0,000813
важными 4,031286 0,000438
клятва 4,436752 0,000964
составляют 2,732003 0,000297
master 5,129899 0,001114
медиками 5,129899 0,000557
вступление 4,436752 0,000482
джан 5,129899 0,000557
изучают 4,031286 0,000876
вступлении 4,436752 0,000482
скиджоринг 1,762603 0,000191
империи 2,296685 0,000249
важнейшие 4,031286 0,000876
разработке 3,743604 0,000407
длится 3,050457 0,000331
конкуренция 3,743604 0,000407
казахстана 2,827314 0,000307
сработала 4,436752 0,000482
последует 5,129899 0,000557
проверки 2,239527 0,000243
федерацией 2,185460 0,000475
клинчующих 5,129899 0,000557
возможности 1,994404 0,000217
кибон 5,129899 0,000557
водное 1,492313 0,000162
собачьих 1,762603 0,000191
космические 5,129899 0,000557
кымган 5,129899 0,000557
упряжках 1,762603 0,000191
fisu 4,436752 0,000482
позвоночника 4,031286 0,000438
global 3,050457 0,000331
кубок 0,524729 0,000171
баллов 2,564949 0,001950
occitan 1,466337 0,000159
перечень 3,743604 0,000407
чой 5,129899 0,000557
стоек 3,338139 0,000363
лидеры 2,085376 0,000227
важность 5,129899 0,000557
чон 5,129899 0,001114
цвет 2,357310 0,000512
итогам 1,603538 0,000174
значительной 4,031286 0,001314
энциклопедии 0,986764 0,000536
кёрлинг 1,279751 0,000139
государства 2,932674 0,002548
практикует 4,436752 0,000482
энциклопедия 2,239527 0,000243
вежливым 5,129899 0,000557
български 1,086847 0,000118
оружием 3,743604 0,000407
зарегистрированных 3,520461 0,000382
вопросу 3,743604 0,000407
брейкинг 1,762603 0,000191
позвоночнику 4,436752 0,000482
многочисленных 2,827314 0,000307
пах 4,436752 0,000964
американских 3,520461 0,000765
дополнил 5,129899 0,000557
шайбой 1,122566 0,000122
практикуются 4,031286 0,000438
американский 1,258698 0,000137
райшауэр 5,129899 0,000557
зарегистрированный 0,986764 0,000107
пощёчины 5,129899 0,000557
специальном 3,050457 0,000331
другой 1,492313 0,000162
jhoon 5,129899 0,003901
сюда 0,986764 0,000107
другом 2,564949 0,000557
участвуют 2,038856 0,000221
пак 3,743604 0,001627
рейтинговая 5,129899 0,000557
трек 1,159607 0,000126
нюансах 5,129899 0,000557
бросков 2,644992 0,000287
регулярно 1,871802 0,000203
какую 3,338139 0,000363
схожий 4,436752 0,000482
локализация 4,436752 0,000482
атакующего 4,031286 0,000438
специалистам 4,031286 0,000438
sŏrim 5,129899 0,000557
американские 2,932674 0,000956
ido 1,546380 0,000168
контроль 2,421849 0,000263
гребля 1,518981 0,000330
базой 5,129899 0,000557
учебные 5,129899 0,000557
тунисе 5,129899 0,000557
строго 2,564949 0,000557
isbn 1,633391 0,001774
father 5,129899 0,000557
кубки 2,644992 0,000287
update 3,743604 0,000407
освоить 4,031286 0,000438
признаны 3,183989 0,000346
что 0,239550 0,000416
договор 2,564949 0,000279
медали 0,971016 0,000211
наук 4,436752 0,000964
форма 1,695912 0,000737
отберутся 5,129899 0,000557
медаль 1,416327 0,000154
составляет 2,085376 0,000906
подробнее 0,723179 0,000079
режиме 3,050457 0,000994
worldtaekwondo 5,129899 0,002229
несмотря 1,762603 0,000191
чун 5,129899 0,001114
схожей 4,436752 0,000482
джойстиками 5,129899 0,000557
направлена 4,031286 0,000876
jirugi 5,129899 0,000557
национальными 4,031286 0,000876
отличаться 2,357310 0,000768
myong 5,129899 0,000557
специалистов 2,644992 0,000287
выполняющихся 5,129899 0,000557
позволяет 2,239527 0,000487
республик 3,743604 0,000813
дальней 3,743604 0,000407
oleg 5,129899 0,000557
члены 2,421849 0,000263
формы 1,834062 0,000199
games 2,038856 0,000443
хоккей 0,376309 0,000164
сжатых 5,129899 0,000557
исключением 1,994404 0,000217
движения 2,239527 0,000243
носят 3,520461 0,000382
управления 2,644992 0,000287
президентский 4,436752 0,000482
квартирой 5,129899 0,002786
изображений 3,743604 0,000407
средине 5,129899 0,000557
серия 1,052361 0,000114
музыкальных 5,129899 0,000557
bokyung 5,129899 0,000557
вызывает 3,520461 0,000765
рейтинговом 5,129899 0,000557
признали 3,183989 0,000346
названиями 3,743604 0,000407
серии 1,159607 0,000126
октябрь 3,050457 0,000331
другую 3,050457 0,000331
зачётным 5,129899 0,000557
репрессиями 5,129899 0,000557
октября 1,086847 0,000590
шага 4,031286 0,000438
завоевать 2,644992 0,000287
учёта 2,732003 0,000594
ведомствах 5,129899 0,000557
присутствует 2,932674 0,000319
восьми 2,185460 0,000237
выполняемые 4,436752 0,000482
судейства 2,732003 0,000890
судейство 2,490841 0,000812
изучать 4,436752 0,000482
республиках 5,129899 0,000557
президент 1,416327 0,000154
считают 2,827314 0,000307
американской 3,050457 0,000331
американском 3,520461 0,000382
한국어 1,035554 0,000112
택견 5,129899 0,001114
изучается 4,436752 0,000482
сабомним 5,129899 0,000557
собой 1,279751 0,000556
примерно 2,085376 0,000680
участвовал 2,732003 0,000297
гфту 5,129899 0,000557
сборной 0,825834 0,000269
участие 0,597299 0,000389
коллегией 5,129899 0,000557
абсолютного 4,031286 0,000438
крокет 1,762603 0,000191
старая 1,368699 0,000149
кликают 5,129899 0,000557
устаревшие 5,129899 0,001672
незавершёнными 3,338139 0,001450
ссылками 1,159607 0,000252
отражающее 5,129899 0,000557
прибыла 5,129899 0,000557
сравнительная 4,436752 0,000482
джун 5,129899 0,001672
водные 0,867219 0,000094
появление 2,732003 0,000297
отсутствуют 3,520461 0,000382
независимо 2,932674 0,000319
magyar 1,086847 0,000118
показывая 3,520461 0,000382
нами 0,853233 0,000093
завоевала 1,695912 0,000184
значительную 4,031286 0,000438
владимир 1,546380 0,000336
награды 1,728701 0,000188
федеральный 4,031286 0,000438
мозга 3,520461 0,000382
справка 0,986764 0,000107
всесоюзный 3,520461 0,000382
тхэквондо 1,633391 0,021114
форум 0,881403 0,000096
pona 3,338139 0,000363
бокс 0,576022 0,000188
используя 3,050457 0,000331
оккупации 4,436752 0,000964
ларусса 3,338139 0,000363
распространялось 5,129899 0,000557
внимание 1,871802 0,000407
википедия 0,986764 0,000857
оказалась 2,732003 0,000297
неолимпийские 4,031286 0,001314
городе 1,994404 0,000433
возможность 1,728701 0,000188
inc 0,986764 0,000322
видеоповтора 3,743604 0,000813
português 1,035554 0,000112
неолимпийских 5,129899 0,002229
пандэ 5,129899 0,000557
нако 5,129899 0,000557
очень 1,140915 0,000124
вничью 1,797694 0,000195
книги 2,932674 0,000637
ambassador 5,129899 0,001114
какой 1,911023 0,000208
книге 2,827314 0,001228
википедии 0,986764 0,000214
термин 2,732003 0,001187
книга 2,932674 0,000319
закреплённую 5,129899 0,000557
участия 1,633391 0,000177
чируги 5,129899 0,001672
республику 4,436752 0,000482
этому 1,728701 0,000563
lccn 1,492313 0,000162
чхундокван 5,129899 0,000557
включение 3,338139 0,000363
подразумевает 3,520461 0,000382
правок 3,743604 0,000407
включения 3,743604 0,000407
одну 1,762603 0,000191
заносом 5,129899 0,000557
slovenščina 1,345709 0,000146
под 0,723179 0,001257
парусный 1,574551 0,000171
таким 1,664163 0,000181
одно 1,664163 0,000362
пхаль 5,129899 0,000557
бывшего 2,644992 0,000575
пом 1,695912 0,000184
таких 1,762603 0,000957
brezhoneg 2,038856 0,000221
человек 1,178655 0,000256
характерная 4,436752 0,000482
одна 1,392229 0,000605
немного 2,038856 0,000221
альтернативной 4,031286 0,000438
содержание 0,971016 0,000211
кулаком 4,031286 0,001314
генералу 5,129899 0,000557
использованием 2,564949 0,000836
зарождение 4,436752 0,001446
такие 1,518981 0,000330
амер 3,743604 0,001220
представлены 2,564949 0,000279
역사 5,129899 0,001114
посвящённой 4,436752 0,000482
manual 3,743604 0,000407
palgwae 5,129899 0,005015
пор 1,574551 0,000171
конфиденциальности 0,317714 0,000035
связи 1,159607 0,000756
генерала 5,129899 0,001114
наружу 3,743604 0,000813
шаг 2,732003 0,000594
scots 1,695912 0,000184
преимущественно 2,490841 0,000541
plattdüütsch 2,357310 0,000256
federation 3,050457 0,003976
южную 3,338139 0,000363
при 0,367725 0,000719
данных 1,871802 0,000203
числовым 5,129899 0,000557
представлено 4,031286 0,000438
летом 2,185460 0,000237
главным 1,633391 0,000177
данный 2,357310 0,001024
главный 1,035554 0,000112
республике 4,436752 0,000482
данные 1,834062 0,000199
හල 1,834062 0,000199
капа 3,743604 0,000407
также 0,663991 0,001659
республики 2,827314 0,001228
العربية 1,069456 0,000116
силовое 4,436752 0,000964
травм 2,296685 0,001497
одной 1,238078 0,000403
одном 1,603538 0,000348
этикет 4,436752 0,000482
библиографических 1,323236 0,000144
разработчики 0,986764 0,000107
джессика 4,031286 0,000438
траве 1,466337 0,000319
grandmaster 5,129899 0,000557
единоборство 3,520461 0,000382
зал 2,239527 0,000243
itf 4,031286 0,014013
официальная 2,827314 0,000307
helped 4,436752 0,000482
правки 0,986764 0,000214
блоки 4,436752 0,000964
семинар 4,436752 0,000964
феникс 3,520461 0,000382
подписала 3,743604 0,000407
упрощения 5,129899 0,000557
представляет 1,871802 0,000407
серьёзные 2,644992 0,000287
себя 0,940244 0,000204
шириной 3,050457 0,000331
tolışi 1,871802 0,000203
полуавтоматизированном 5,129899 0,000557
почтительности 5,129899 0,000557
баскская 1,762603 0,000191
южной 1,797694 0,000586
феноменальный 5,129899 0,000557
проигрышам 5,129899 0,000557
поддержке 3,338139 0,000725
получил 1,002764 0,000109
субакдо 5,129899 0,000557
нападения 3,050457 0,000331
united 2,827314 0,000307
один 0,711058 0,000541
себе 1,546380 0,000168
дисциплина 2,932674 0,000637
любителей 1,762603 0,000191
вначале 3,183989 0,000346
количеством 2,085376 0,000227
дисциплине 3,183989 0,000346
входит 1,871802 0,000610
дисциплины 2,134166 0,000695
поддержку 2,732003 0,000594
формами 4,436752 0,000964
меняют 3,338139 0,000363
неблагоприятной 5,129899 0,000557
физической 1,664163 0,000181
провинция 4,436752 0,000482
демонстрацию 4,031286 0,000438
демонстрация 4,031286 0,000438
квалифицированным 5,129899 0,000557
единоборства 2,239527 0,002676
псевдонимом 5,129899 0,000557
непоколебимости 5,129899 0,000557
продемонстрировали 4,436752 0,000482
огнестрельного 5,129899 0,000557
шеи 3,183989 0,000692
конкретного 3,338139 0,000363
штрафные 3,520461 0,000382
формой 2,644992 0,000287
bahasa 1,086847 0,000236
нанесён 4,031286 0,000438
произошёл 2,827314 0,000307
joong 5,129899 0,000557
качестве 1,574551 0,000171
травмами 3,338139 0,000363
تۆرکجه 1,762603 0,000191
руками 2,357310 0,003329
допускается 2,564949 0,000279
навыки 3,520461 0,000382
современное 1,574551 0,000171
платформой 5,129899 0,000557
стрельба 1,492313 0,000324
словари 1,217876 0,000132
issn 3,338139 0,000725
лучших 1,198073 0,000260
zamboanga 5,129899 0,000557
боям 3,743604 0,000407
жизни 1,122566 0,000244
осматривают 5,129899 0,000557
нужно 1,492313 0,000648
школах 3,520461 0,000382
одним 1,416327 0,000462
зафиксированы 3,743604 0,000407
українська 1,035554 0,000112
любым 3,520461 0,000382
одних 3,520461 0,000382
истечением 4,031286 0,000438
любых 2,732003 0,000297
граждане 5,129899 0,000557
глубоком 4,436752 0,000482
всём 2,827314 0,000307
современном 2,644992 0,000287
заднестоящую 5,129899 0,001114
universalis 1,951845 0,000212
завоевав 2,732003 0,000297
такими 2,932674 0,000319
рэкетс 1,728701 0,000188
комиссия 2,644992 0,000575
cism 4,436752 0,000482
завоевал 1,911023 0,000208
ребрендинг 4,031286 0,000438
используется 1,633391 0,001242
cite 1,258698 0,000273
джейд 5,129899 0,000557
передняя 3,338139 0,000363
бадминтон 1,546380 0,000168
придумывает 5,129899 0,000557
отцом 3,743604 0,000407
выходе 2,732003 0,000297
нарушения 2,296685 0,000499
случаев 2,185460 0,000712
американскому 4,436752 0,000482
соревновательная 5,129899 0,000557
ежегодно 2,185460 0,000237
гэльский 1,762603 0,000191
изготовлены 5,129899 0,000557
all 3,050457 0,000331
храмцов 4,436752 0,000482
нарушений 2,827314 0,000921
универсальности 5,129899 0,001114
объединений 4,436752 0,000482
любую 3,183989 0,000346
стратегии 2,644992 0,000287
выдающиеся 4,031286 0,000438
объединения 2,644992 0,000862
назад 1,140915 0,000124
продемонстрировать 4,031286 0,000438
позволяющим 4,436752 0,000482
фехтование 1,546380 0,000168
поясов 4,436752 0,003374
креативности 5,129899 0,000557
and 1,762603 0,000383
태권도의 5,129899 0,000557
именно 1,492313 0,000324
поясом 3,743604 0,000407
румыния 2,239527 0,000243
запрещены 2,421849 0,000263
допускают 3,520461 0,000382
преобладающая 4,436752 0,000482
тоджане 5,129899 0,000557
основании 2,827314 0,000307
таеквон 5,129899 0,000557
ввода 4,436752 0,000482
зафиксировать 3,743604 0,000407
поддержкой 3,520461 0,000382
papiamentu 2,732003 0,000297
тоталитарным 5,129899 0,000557
сообщить 0,799165 0,000087
приводит 2,357310 0,000256
запрещено 2,421849 0,000789
учение 4,436752 0,000482
смягчения 5,129899 0,001114
жёстких 4,031286 0,000438
варианты 2,827314 0,000307
указаны 3,338139 0,000363
жёлтый 3,183989 0,001038
включил 3,743604 0,000407
грузии 3,050457 0,000331
shim 5,129899 0,000557
поверхности 2,644992 0,000287
жилеты 5,129899 0,000557
конный 1,664163 0,000181
english 0,925206 0,000201
властью 5,129899 0,000557
военной 3,743604 0,000407
четыре 1,140915 0,000620
отражать 4,031286 0,000438
джумок 5,129899 0,001114
друг 1,834062 0,000797
образованию 3,520461 0,000382
зон 3,743604 0,000407
здоровьем 4,031286 0,000438
мирового 2,134166 0,000232
аналогично 3,520461 0,000382
голубой 3,520461 0,000382
состава 2,085376 0,000453
составе 1,546380 0,000504
являются 1,466337 0,000956
можно 1,002764 0,000327
аналогична 4,031286 0,000438
română 1,122566 0,000122
спецтехнику 5,129899 0,000557
носки 4,031286 0,000438
появился 2,296685 0,000249
принятый 4,031286 0,000438
кикбоксинг 3,743604 0,000407
необходима 4,436752 0,000482
раз 0,504926 0,000219
чемпионат 0,277868 0,000604
озаглавленный 5,129899 0,000557
ўзбекча 1,140915 0,000124
случайная 0,986764 0,000107
варьироваться 4,031286 0,000438
томная 5,129899 0,000557
bluecottagetkd 5,129899 0,000557
ран 3,520461 0,000382
президента 1,762603 0,001340
art 2,827314 0,000307
постоянная 0,986764 0,000107
протест 4,031286 0,000438
профессора 3,743604 0,000407
версия 0,485508 0,000369
любительского 2,932674 0,000637
спецтехника 5,129899 0,001114
обычно 1,695912 0,000553
доктора 4,436752 0,000482
версии 1,546380 0,001344
версий 3,050457 0,000663
штаб 1,797694 0,002148
oliver 5,129899 0,001114
спецтехнике 5,129899 0,000557
американского 2,490841 0,000271
варианте 3,338139 0,000725
jee 5,129899 0,002229
представители 1,633391 0,000532
штат 2,732003 0,001187
ata 5,129899 0,003343
рубежом 3,183989 0,000346
сеул 3,050457 0,000331
представителя 2,827314 0,000307
отношения 1,951845 0,000212
австралийский 1,728701 0,000188
работа 2,564949 0,000557
руководящим 3,743604 0,000407
характеристика 4,031286 0,000438
results 4,031286 0,000438
игоря 2,732003 0,000297
вынужден 3,520461 0,000382
работы 1,797694 0,000195
искусством 4,436752 0,000964
архивировано 1,104547 0,006359
미래 5,129899 0,000557
galego 1,178655 0,000128
name 4,031286 0,000438
автор 2,421849 0,000526
соги 5,129899 0,003343
kiev 5,129899 0,000557
южнокорейской 5,129899 0,000557
공수도 5,129899 0,001114
экране 5,129899 0,000557
лёгкий 3,743604 0,000407
португальцев 5,129899 0,000557
высокого 3,183989 0,000346
лёгкие 4,436752 0,000482
войны 1,871802 0,000610
новосозданной 5,129899 0,000557
случаях 0,971016 0,000105
толлё 5,129899 0,002786
правительство 4,031286 0,000876
ростов 1,002764 0,000109
везде 4,031286 0,000438
категориями 4,436752 0,000482
ред 1,603538 0,000348
negative 5,129899 0,000557
анатольевич 4,436752 0,000482
война 3,050457 0,000331
процедуру 3,338139 0,000363
включая 1,633391 0,000532
bong 4,436752 0,000482
намного 2,932674 0,000319
rodriguez 4,436752 0,000482
допускает 5,129899 0,000557
tokyo 3,338139 0,000363
служебные 0,986764 0,000107
отношений 3,743604 0,000407
leader 5,129899 0,000557
зависит 2,564949 0,000279
свободной 0,986764 0,000107
может 0,630089 0,000479
больше 0,812411 0,000088
гранд 4,031286 0,000438
включал 4,436752 0,000482
внутрь 3,520461 0,001147
связанные 0,881403 0,000096
военного 2,932674 0,000637
генералом 5,129899 0,001114
интенсивности 4,436752 0,000482
taebaek 5,129899 0,000557
трёх 1,441019 0,001096
занимавшимися 5,129899 0,000557
времена 2,490841 0,001894
связанных 1,911023 0,000208
moon 4,436752 0,000482
аттестовывается 5,129899 0,000557
сотрудничать 4,436752 0,000964
правительстве 4,031286 0,000438
ведущих 2,239527 0,000243
времени 1,140915 0,000372
рейтинга 2,564949 0,000557
айсшток 1,728701 0,000188
역사와 5,129899 0,000557
ключникова 5,129899 0,000557
participation 4,436752 0,000482
հայերեն 1,198073 0,000130
совета 2,085376 0,000453
сертификаты 5,129899 0,001114
pattern 5,129899 0,000557
языке 2,421849 0,000263
српскохрватски 1,416327 0,000154
названия 1,664163 0,000542
единоборствам 4,436752 0,001446
рио 2,296685 0,000249
единоборствах 4,436752 0,001446
совете 3,520461 0,000382
bokmål 1,069456 0,000116
представила 3,743604 0,000407
отменили 3,743604 0,000407
динамики 4,436752 0,000482
жена 2,932674 0,000319
гитин 5,129899 0,001114
такой 1,664163 0,000362
сообществ 5,129899 0,000557
сенаторов 5,129899 0,000557
руку 2,644992 0,000575
такое 2,185460 0,000237
характерных 4,436752 0,000482
тесно 3,520461 0,000765
свободном 4,031286 0,000438
ситуацией 4,031286 0,000438
зависимости 1,911023 0,000623
таком 2,827314 0,000307
руки 2,038856 0,000221
сконцентрирует 5,129899 0,000557
свяжитесь 0,986764 0,000107
используются 1,994404 0,000433
лучника 4,436752 0,000482
бедра 3,183989 0,000346
simple 1,140915 0,000124
физическую 4,031286 0,000438
произвели 5,129899 0,000557
благодаря 1,441019 0,000157
спортсменам 1,871802 0,000203
истории 0,630089 0,000205
таэквондо 5,129899 0,001114
стойки 2,932674 0,000956
фонд 0,940244 0,000102
капитуляции 5,129899 0,000557
учениками 4,031286 0,000438
джонс 2,134166 0,000232
격파 5,129899 0,000557
нокдауна 5,129899 0,000557
стойка 3,338139 0,002176
наиболее 1,466337 0,000956
соглашение 1,834062 0,000199
спаррингов 4,031286 0,000438
соединения 3,743604 0,000407
adam 4,031286 0,000438
choong 5,129899 0,002229
пальцев 4,436752 0,000964
историю 1,603538 0,000348
ударами 3,050457 0,000994
история 0,555188 0,000482
избран 3,050457 0,000331
источники 1,633391 0,000177
название 1,178655 0,001920
редко 2,490841 0,000271
дэйва 5,129899 0,000557
бусабомним 5,129899 0,000557
соединение 4,031286 0,000438
порядка 2,644992 0,000287
первое 1,279751 0,000278
seung 5,129899 0,000557
алексей 1,238078 0,000134
разработанный 3,743604 0,000407
sam 4,031286 0,002189
san 3,743604 0,001220
сложную 4,031286 0,000438
original 3,520461 0,000382
канонов 5,129899 0,000557
периметру 4,031286 0,000438
основываясь 4,436752 0,000482
костей 4,031286 0,000438
рок 4,031286 0,000438
точность 3,520461 0,000382
начинается 1,994404 0,000217
этого 0,881403 0,000766
жёсткий 3,743604 0,000407
авторства 0,986764 0,000107
принципу 2,564949 0,000557
распределён 4,436752 0,000482
финал 1,258698 0,000137
тобок 5,129899 0,000557
описаны 4,436752 0,000964
друзьями 4,436752 0,000482
внутриклубный 5,129899 0,000557
теннис 0,495170 0,000108
финский 1,633391 0,000177
любая 3,338139 0,000363
евгеньевич 4,436752 0,000482
удар 2,185460 0,004748
должно 1,762603 0,000191
турнирах 1,871802 0,000610
полный 2,134166 0,000232
мультиевропейские 5,129899 0,000557
формального 5,129899 0,000557
политической 5,129899 0,000557
должны 1,178655 0,000640
коленный 4,436752 0,000482
оригинала 1,518981 0,000825
викимедиа 0,986764 0,000107
политика 0,239550 0,000026
присваивается 4,436752 0,000964
azərbaycanca 1,258698 0,000137
jones 4,436752 0,000482
применять 4,436752 0,000482
теория 2,732003 0,000297
победителе 4,436752 0,000482
исполнения 2,932674 0,000637
фактическое 5,129899 0,000557
апперкот 4,031286 0,000438
спортивными 3,338139 0,000363
шестью 2,732003 0,000297
регби 0,955511 0,000208
расположена 3,050457 0,000331
должна 1,238078 0,000269
означает 2,490841 0,000271
татами 4,436752 0,001446
русский 0,839439 0,000274
зрителям 3,520461 0,000382
мячом 1,104547 0,000120
самозащиты 4,436752 0,000482
время 0,384967 0,000209
анпальмок 5,129899 0,000557
настойчивости 4,436752 0,000482
статистических 4,031286 0,000438
поведения 0,895792 0,000097
преподаваемое 5,129899 0,000557
tŏk 5,129899 0,000557
кулака 4,436752 0,000482
победителя 1,911023 0,000208
bikol 2,732003 0,000297
брит 4,436752 0,000482
отражает 4,436752 0,000482
публикация 4,436752 0,000482
jun 5,129899 0,000557
отличался 4,031286 0,000438
развивалось 4,436752 0,000482
중심입니다 5,129899 0,000557
разному 3,743604 0,000407
оригинальное 4,436752 0,000482
рук 2,644992 0,000287
подсчёту 5,129899 0,000557
оригинальной 5,129899 0,000557
пределами 2,239527 0,000730
восемь 2,038856 0,000221
맨손무예 5,129899 0,000557
saebyeol 5,129899 0,000557
рус 1,368699 0,001338
юношеского 4,436752 0,000482
franca 3,050457 0,000331
покинул 2,296685 0,000499
декларирующих 5,129899 0,000557
contact 4,436752 0,000482
получения 2,421849 0,000263
화랑도 5,129899 0,001114
철학 5,129899 0,000557
эмигрантов 4,436752 0,000482
действовавшими 5,129899 0,000557
читать 0,586604 0,000064
игр 0,367725 0,000120
джунгу 5,129899 0,003901
генерал 3,743604 0,001220
англ 1,159607 0,002519
японскими 4,436752 0,000482
датская 1,518981 0,000165
оценка 3,338139 0,000725
нынджа 5,129899 0,000557
волейбол 1,019025 0,000111
обязательно 2,357310 0,000256
оценки 2,421849 0,000263
нескольким 3,743604 0,000407
выявить 3,520461 0,000382
sik 5,129899 0,000557
существенный 4,436752 0,000482
оппонента 3,183989 0,000346
нуждающихся 5,129899 0,000557
шлем 1,951845 0,000636
статуса 2,827314 0,000307
sin 5,129899 0,000557
оценить 3,743604 0,000407
нескольких 1,834062 0,000598
туркменистан 3,520461 0,000382
piemontèis 2,564949 0,000279
over 3,743604 0,000407
сочетает 4,031286 0,000438
одного 1,140915 0,000620
수박 5,129899 0,001672
момент 1,301257 0,000283
srpskohrvatski 1,416327 0,000154
中文 1,035554 0,000112
помимо 1,911023 0,000208
выше 1,664163 0,000904
томной 5,129899 0,000557
среде 3,338139 0,000363
заменена 3,743604 0,000407
среди 0,597299 0,000908
разъединение 5,129899 0,000557
русском 2,421849 0,000263
biz 5,129899 0,001672
сместила 5,129899 0,000557
задачей 3,050457 0,000331
понимаю 3,520461 0,000382
локтевой 4,031286 0,000438
анатолий 2,490841 0,000541
tiếng 1,140915 0,000124
עברית 1,052361 0,000114
суставов 5,129899 0,000557
павел 1,871802 0,000203
далее 2,185460 0,000475
оригинальная 5,129899 0,000557
должен 1,122566 0,000732
остального 4,436752 0,000482
документ 3,743604 0,000407
john 2,732003 0,000297
ictf 5,129899 0,000557
eugene 5,129899 0,000557
большинства 2,732003 0,000297
kurdî 1,834062 0,000199
использующийся 5,129899 0,000557
крикет 1,762603 0,000191
world 1,416327 0,003846
большинстве 2,239527 0,000243
novial 3,520461 0,000382
издательство 3,520461 0,000382
december 4,031286 0,000438
품새 5,129899 0,000557
запретили 3,183989 0,000346
этим 1,834062 0,000398
спортсменок 3,050457 0,000331
триатлон 1,633391 0,000177
использует 2,827314 0,000307
прямой 2,239527 0,000730
спортсменов 0,786093 0,001110
тяжёлая 1,633391 0,000177
этих 1,301257 0,000424
момента 1,994404 0,000217
квалификационном 2,827314 0,000307
выполнения 2,644992 0,000575
детей 2,038856 0,000443
정신 5,129899 0,000557
номера 2,421849 0,000263
report 3,183989 0,000346
духовно 5,129899 0,000557
маккьюн 5,129899 0,000557
производится 2,357310 0,000512
покрытия 3,338139 0,000363
электронной 2,564949 0,001114
или 0,576022 0,001251
турниров 1,664163 0,000362
sok 5,129899 0,000557
jong 5,129899 0,000557
soo 5,129899 0,000557
кадеты 5,129899 0,000557
изучение 4,031286 0,000876
белой 2,732003 0,000297
использования 0,393700 0,000043
германия 1,140915 0,000124
внесла 4,436752 0,000482
молодых 2,564949 0,000279
затем 1,301257 0,000565
начал 1,951845 0,000424
чистяков 4,031286 0,000438
салатский 5,129899 0,001114
иль 5,129899 0,001672
игры 0,376309 0,000450
kang 5,129899 0,000557
илё 5,129899 0,000557
birthday 4,436752 0,000482
ошибке 0,955511 0,000104
оранжевый 4,031286 0,000438
выявила 5,129899 0,000557
четырёх 1,603538 0,000523
события 0,663991 0,000072
sipjin 5,129899 0,000557
jook 5,129899 0,001114
возвращения 2,644992 0,000287
представляющие 4,436752 0,000482
joon 5,129899 0,000557
японцев 3,520461 0,000765
континентальном 3,338139 0,000725
исключённые 1,762603 0,000191
продолжался 3,183989 0,000346
jhang 5,129899 0,000557
лёгкая 1,238078 0,000134
потеряла 3,743604 0,000407
присутствовать 3,520461 0,000382
событий 2,421849 0,000263
использование 1,104547 0,000240
включает 2,038856 0,000221
похожая 5,129899 0,000557
сосредоточилась 5,129899 0,000557
скиинг 1,762603 0,000191
файтинг 5,129899 0,000557
любого 2,932674 0,000319
хангыль 5,129899 0,000557
планёрный 1,762603 0,000191
терять 3,183989 0,000346
тёрнинг 5,129899 0,000557
пользовались 3,743604 0,000813
представлять 3,743604 0,000407
секторе 4,031286 0,000438
экипировкой 5,129899 0,001114
неизбежным 5,129899 0,000557
делегировал 5,129899 0,000557
лицензии 0,986764 0,000107
буквально 2,932674 0,000637
injury 4,031286 0,000438
сам 1,871802 0,001017
сан 2,085376 0,000680
завершился 2,421849 0,000263
запись 0,955511 0,000104
разводят 5,129899 0,000557
пхумсэ 5,129899 0,003343
небольшими 4,031286 0,000438
трактованию 5,129899 0,000557
школ 2,564949 0,000836
吴语 1,238078 0,000134
внешнее 5,129899 0,000557
били 4,031286 0,000438
квалификации 1,951845 0,000212
дать 3,183989 0,000346
ænglisc 2,564949 0,000279
россии 0,160085 0,000209
сходство 5,129899 0,000557
действовать 0,955511 0,000104
himchari 5,129899 0,000557
чхиль 5,129899 0,000557
произошла 2,421849 0,000526
sun 4,031286 0,000876
мужчин 1,492313 0,000648
дата 0,881403 0,005170
makgi 5,129899 0,000557
внешние 1,122566 0,000122
существует 1,762603 0,000383
защищаются 5,129899 0,000557
проводить 1,797694 0,000195
вариативность 5,129899 0,000557
спид 1,762603 0,000191
приравнивается 4,436752 0,000482
среднего 3,520461 0,000382
мастером 4,031286 0,000438
разрешён 3,183989 0,000692
итф 5,129899 0,003901
россия 0,699082 0,000076
winaray 2,490841 0,000271
мастеров 2,564949 0,000557
используют 2,239527 0,000973
tagalog 1,911023 0,000208
офицерами 5,129899 0,000557
чрезмерного 4,436752 0,000482
эффективной 4,031286 0,000438
января 0,825834 0,001076
зенцов 5,129899 0,000557
куда 2,564949 0,000557
частную 4,436752 0,000482
настольный 1,238078 0,000134
произошло 2,085376 0,000453
достигших 4,436752 0,000482
причине 2,490841 0,000271
срока 3,183989 0,000346
pyongwon 5,129899 0,000557
колледж 3,338139 0,000363
клинч 4,031286 0,000876
рождения 1,664163 0,000181
популярность 2,239527 0,000243
называется 2,357310 0,000256
заднестоящей 5,129899 0,001114
athlete 4,031286 0,000438
лыжное 1,279751 0,000139
бакулев 5,129899 0,000557
словами 3,183989 0,000346
чхаги 5,129899 0,011702
достигшие 4,031286 0,000438
упражнения 2,827314 0,000307
штрафной 2,644992 0,000287
защитно 5,129899 0,000557
арсенала 3,183989 0,000346
кван 5,129899 0,000557
интересом 4,031286 0,000438
атлетов 2,732003 0,000594
правонаследники 5,129899 0,000557
кореей 3,743604 0,000407
волшебные 1,695912 0,000184
разбивание 5,129899 0,003901
умер 2,185460 0,000475
аллен 4,031286 0,000438
тайсё 5,129899 0,000557
куби 5,129899 0,001114
куккивон 5,129899 0,003343
куккивоне 5,129899 0,000557
kim 4,436752 0,000964
кыпов 5,129899 0,000557
градусов 3,743604 0,000813
куккивона 5,129899 0,000557
даны 3,743604 0,000813
дану 4,436752 0,000482
соперника 1,279751 0,000139
другу 2,732003 0,000297
рейтинг 0,565551 0,000307
полученными 5,129899 0,000557
разбивания 5,129899 0,000557
сыграть 2,421849 0,000263
sŏul 5,129899 0,000557
друга 2,296685 0,000499
геймпадом 5,129899 0,000557
крюком 5,129899 0,000557
дана 3,520461 0,000765
популярности 2,357310 0,000512
ояма 5,129899 0,000557
любом 2,357310 0,000256
показательные 1,466337 0,000319
указание 3,520461 0,000382
сократили 4,031286 0,000876
кость 5,129899 0,000557
поясам 5,129899 0,000557
ограничением 3,743604 0,000407
српски 1,035554 0,000112
объединить 4,436752 0,000482
kkt 5,129899 0,000557
син 5,129899 0,000557
членство 3,520461 0,000382
представляли 3,050457 0,000663
великобритании 2,134166 0,000464
сих 2,421849 0,000263
около 1,518981 0,000495
призванная 5,129899 0,000557
тяжести 3,338139 0,000363
двоеборье 1,217876 0,000132
заниматься 3,050457 0,000331
заднестоящая 5,129899 0,000557
заключаются 4,436752 0,000482
закончились 3,338139 0,000363
противник 3,338139 0,000363
белый 2,357310 0,001280
ски 1,069456 0,000116
правильности 4,436752 0,000482
приставок 5,129899 0,000557
квота 4,031286 0,000438
континентальных 3,338139 0,001450
вынуждена 4,031286 0,000438
ручном 5,129899 0,001114
максимум 2,827314 0,000307
квоты 5,129899 0,002229
лыжные 1,140915 0,000124
континентальный 3,183989 0,000692
континентальные 3,520461 0,001530
идею 3,520461 0,000382
наталья 3,183989 0,000346
например 1,603538 0,001045
رونی 2,490841 0,000271
правил 1,323236 0,000431
türkçe 1,052361 0,000114
проведено 2,564949 0,000279
привести 3,183989 0,000692
периода 2,085376 0,000906
bikkak 5,129899 0,000557
политические 5,129899 0,000557
сми 1,546380 0,000168
общением 5,129899 0,000557
показательных 3,050457 0,000331
преподавания 5,129899 0,000557
кузницей 5,129899 0,000557
союз 1,762603 0,000383
герой 2,827314 0,000307
будет 0,825834 0,000179
начало 1,633391 0,000177
начали 1,546380 0,000504
начале 1,301257 0,000141
тоджан 5,129899 0,001114
приглашают 5,129899 0,000557
свежие 0,910391 0,000099
начала 1,238078 0,000134
tae 5,129899 0,005015
али 2,827314 0,000307
архивной 3,183989 0,000346
본부 5,129899 0,001672
основателя 5,129899 0,001114
надевается 5,129899 0,000557
основатель 3,050457 0,001325
бейсбол 1,466337 0,000319
влияние 2,732003 0,000297
всадника 5,129899 0,000557
некоммерческой 0,986764 0,000107
годы 1,258698 0,000137
безопасности 2,644992 0,001149
даже 1,198073 0,000260
году 0,630089 0,001985
воспользовались 5,129899 0,000557
квалификационных 2,932674 0,000319
элементы 2,490841 0,000271
правилами 1,323236 0,000287
статистика 0,652562 0,000071
невозможно 2,564949 0,000279
മലയ 1,695912 0,000184
года 0,239550 0,002134
информации 1,518981 0,000165
помогли 3,520461 0,000382
защитный 3,520461 0,000765
выпуск 2,827314 0,000307
информация 1,035554 0,000112
электронная 4,031286 0,000876
february 4,436752 0,000482
защитных 3,743604 0,000407
одежда 4,436752 0,000482
прямым 3,050457 0,000331
квалификационные 3,050457 0,000663
зелёно 4,436752 0,000482
квалификационный 2,732003 0,000297
голеностопный 5,129899 0,000557
основными 2,644992 0,000287
сёрфинг 1,762603 0,000191
защитные 3,743604 0,000407
кости 3,183989 0,000346
источник 0,853233 0,000093
