рф 1,871802 0,001232
впечатления 4,031286 0,002654
конором 5,129899 0,003377
находившиеся 5,129899 0,003377
мамедов 3,743604 0,004929
новый 0,940244 0,000619
словах 3,183989 0,002096
ещё 0,420369 0,000277
еще 0,955511 0,001258
стал 0,586604 0,000386
теннис 0,495170 0,000978
raf 5,129899 0,020263
играх 0,699082 0,000460
поединки 3,338139 0,002198
ахмат 1,217876 0,001604
заявил 1,441019 0,003795
стиля 3,050457 0,006025
возвращается 2,564949 0,001689
дубая 3,520461 0,002318
северо 3,183989 0,002096
фигурное 0,534779 0,001056
исторического 4,031286 0,002654
со 0,447767 0,000590
декабря 0,881403 0,002901
американскую 4,031286 0,005308
заявлений 3,520461 0,002318
конфликт 2,357310 0,001552
александр 0,925206 0,000609
сообщил 2,357310 0,006208
принадлежит 2,239527 0,001474
отказали 4,436752 0,002921
а 0,209918 0,000276
в 0,017911 0,000519
яна 3,520461 0,009270
месяцев 2,296685 0,001512
чемпионского 3,743604 0,002465
те 1,834062 0,001207
одна 1,392229 0,000917
заслуженный 2,827314 0,003723
реклама 0,735450 0,000968
фото 0,799165 0,000526
и 0,023953 0,000426
политика 0,239550 0,000473
лет 0,475938 0,001253
связь 1,392229 0,002750
к 0,132686 0,000175
переросла 5,129899 0,003377
то 0,652562 0,000859
м 0,534779 0,000352
н 0,895792 0,001179
сидаков 5,129899 0,003377
дубае 2,357310 0,001552
о 0,042302 0,000418
такие 1,518981 0,002000
п 1,086847 0,001431
с 0,036149 0,000452
сейчас 1,104547 0,000727
проекты 1,198073 0,000789
обвинения 3,520461 0,006953
течение 1,238078 0,000815
опечален 5,129899 0,003377
оказался 2,085376 0,001373
дублина 5,129899 0,003377
авто 0,925206 0,001827
сменились 5,129899 0,003377
репортажи 1,797694 0,001183
назвал 1,323236 0,000871
превратился 4,436752 0,002921
я 0,853233 0,001123
юниорском 4,031286 0,002654
сочи 0,853233 0,001123
вариант 1,994404 0,001313
футбол 0,285712 0,000940
конфиденциальности 0,317714 0,000627
суперзвезды 4,031286 0,002654
атлетика 1,052361 0,000693
сообщается 2,932674 0,003861
бойца 3,183989 0,006288
абдулрашида 5,129899 0,006754
впечатлениями 4,436752 0,002921
бум 1,911023 0,002516
болгарию 4,436752 0,005842
нови 5,129899 0,003377
своей 1,002764 0,000660
соцсети 3,183989 0,002096
теперь 0,971016 0,001278
знают 4,031286 0,002654
этап 1,392229 0,000917
новостях 3,743604 0,002465
драка 3,338139 0,004395
бывший 1,762603 0,001160
время 0,384967 0,000760
быстро 2,038856 0,001342
при 0,367725 0,000242
поединке 2,827314 0,001861
весовой 3,338139 0,002198
про 1,301257 0,001713
вольной 3,743604 0,034503
эль 4,031286 0,002654
находит 4,436752 0,002921
поединка 2,827314 0,001861
новгород 1,217876 0,001604
серебряных 3,338139 0,002198
родину 3,338139 0,002198
часов 2,085376 0,001373
принимаются 5,129899 0,003377
боев 4,031286 0,002654
дерзкими 5,129899 0,003377
мелбет 1,762603 0,002321
ранее 1,104547 0,000727
победитель 1,258698 0,000829
главный 1,035554 0,000682
x 1,279751 0,000842
соответствующий 3,050457 0,002008
проекте 1,546380 0,002036
развивается 3,183989 0,002096
финале 1,633391 0,001075
моде 4,436752 0,002921
италия 0,867219 0,000571
фотографию 2,932674 0,001931
подписании 2,932674 0,003861
загребе 5,129899 0,003377
соцсетях 1,466337 0,000965
следующего 2,185460 0,001439
появляется 3,050457 0,002008
снова 1,574551 0,001037
волной 4,436752 0,002921
россиянин 2,185460 0,004316
правовой 5,129899 0,003377
скандалов 3,743604 0,002465
ita 5,129899 0,010131
зарубежный 1,911023 0,003774
ставок 1,664163 0,002191
символику 4,031286 0,002654
выступить 2,732003 0,003597
превращались 5,129899 0,003377
мохаммадмобину 5,129899 0,003377
показать 0,825834 0,000544
вспыхнул 5,129899 0,003377
мма 1,069456 0,003520
садулаеве 5,129899 0,003377
прежнему 2,732003 0,001799
add 5,129899 0,003377
ханиев 5,129899 0,006754
редкие 4,436752 0,002921
международного 1,911023 0,001258
соревнованиям 3,050457 0,002008
ирину 4,436752 0,002921
садулаева 5,129899 0,013509
хозяйства 5,129899 0,003377
массовая 4,031286 0,005308
флойдом 5,129899 0,003377
борец 3,743604 0,012323
олимпийским 1,492313 0,000982
олимпизм 1,466337 0,002896
счет 1,797694 0,002367
олимпийский 0,853233 0,005055
спорта 0,342407 0,000676
победу 0,910391 0,000599
спорте 2,038856 0,001342
громче 5,129899 0,003377
читать 0,586604 0,000386
игр 0,367725 0,000726
конора 5,129899 0,003377
победы 0,971016 0,000639
материалов 1,217876 0,001604
допустили 3,183989 0,002096
спортс 1,871802 0,003697
громкие 3,338139 0,002198
антидопинговых 4,031286 0,002654
красноярске 4,436752 0,002921
михаила 2,732003 0,001799
биатлон 0,534779 0,001056
олимпийских 0,799165 0,001052
чечни 5,129899 0,003377
перепалка 5,129899 0,003377
громких 3,520461 0,002318
чм 1,492313 0,002947
гонки 1,002764 0,000660
нескольких 1,834062 0,001207
раскрыла 3,520461 0,002318
остаюсь 5,129899 0,006754
жестким 4,436752 0,002921
верен 4,436752 0,011683
локомотив 0,910391 0,001199
спортсменка 2,085376 0,001373
академии 2,490841 0,001640
вернули 3,183989 0,002096
флагом 2,185460 0,001439
интересных 4,031286 0,002654
спортивное 2,134166 0,005620
спортивной 1,416327 0,006527
наградил 4,436752 0,005842
представителем 2,827314 0,001861
нокаутами 4,031286 0,002654
отметив 4,031286 0,002654
american 3,050457 0,008033
среди 0,597299 0,001180
российское 2,932674 0,001931
заур 4,031286 0,005308
пришли 2,644992 0,001741
живет 3,520461 0,002318
российской 1,178655 0,001552
подготовил 4,436752 0,002921
олимп 1,762603 0,002321
сборные 0,839439 0,001658
ошибками 4,436752 0,002921
худшим 3,338139 0,002198
борцов 4,436752 0,002921
конференции 2,421849 0,001594
особенно 2,038856 0,001342
ваниевым 5,129899 0,003377
малик 4,436752 0,002921
международное 2,185460 0,001439
тасс 1,695912 0,003349
возвращение 1,762603 0,002321
грозном 4,031286 0,002654
паузу 3,338139 0,002198
подобные 3,338139 0,002198
зенит 0,895792 0,002359
лучших 1,198073 0,000789
борцом 5,129899 0,003377
документ 3,743604 0,002465
которой 1,238078 0,000815
никогда 1,951845 0,001285
ологонову 5,129899 0,006754
северной 2,185460 0,001439
национальную 3,520461 0,002318
гимном 3,338139 0,002198
чемпиона 1,466337 0,007723
перформансы 4,436752 0,002921
веке 1,994404 0,001313
портал 1,518981 0,001000
одним 1,416327 0,000932
акрон 1,279751 0,001685
слова 1,574551 0,002073
двукратным 3,338139 0,002198
был 0,663991 0,000437
двукратный 2,239527 0,011795
возможны 3,743604 0,002465
сообщает 1,994404 0,002626
алхоевым 5,129899 0,003377
любых 2,732003 0,001799
моменты 2,357310 0,001552
украинский 3,183989 0,002096
гимн 2,357310 0,001552
сезона 1,052361 0,000693
lenta 2,239527 0,001474
кузбассе 5,129899 0,003377
спортсмен 1,466337 0,002896
прямой 2,239527 0,001474
леон 1,797694 0,002367
спортсменов 0,786093 0,000518
две 1,019025 0,001342
брайко 5,129899 0,006754
нашим 3,050457 0,002008
xxi 2,038856 0,001342
фсбр 5,129899 0,010131
бойцах 5,129899 0,003377
назвали 2,644992 0,001741
федерального 2,932674 0,001931
завоевал 1,911023 0,001258
его 0,447767 0,001769
тренер 0,895792 0,001769
михаил 1,392229 0,003666
только 0,447767 0,000295
почета 5,129899 0,003377
звание 2,185460 0,002877
шаваев 5,129899 0,006754
официальном 2,296685 0,001512
новости 0,301585 0,002184
окончания 2,085376 0,001373
подключились 5,129899 0,003377
freestyle 4,436752 0,011683
хорошие 2,732003 0,001799
нхл 0,925206 0,001827
mail 1,301257 0,004283
дальше 1,492313 0,000982
арбитражного 5,129899 0,003377
турнир 0,699082 0,001381
призер 2,564949 0,005066
фонбет 1,466337 0,001931
баржи 5,129899 0,003377
пояса 2,827314 0,003723
бураковой 5,129899 0,003377
изменила 3,338139 0,002198
мира 0,367725 0,003389
ответил 2,185460 0,001439
россиянкой 4,436752 0,002921
звучит 3,520461 0,002318
улицу 5,129899 0,003377
чаще 1,834062 0,002415
американская 2,421849 0,001594
использования 0,393700 0,000259
хаджимурата 5,129899 0,003377
быстрый 2,732003 0,001799
карьере 1,994404 0,001313
медалей 1,238078 0,000815
макгрегором 5,129899 0,003377
государственной 4,031286 0,002654
дисквалификация 2,732003 0,003597
карьера 2,038856 0,002684
real 3,338139 0,008790
саладзе 5,129899 0,003377
гражданство 2,732003 0,007194
нарушение 1,797694 0,001183
председателем 2,932674 0,001931
оренбург 1,323236 0,001742
путин 3,183989 0,004192
сменил 2,564949 0,006754
игровые 1,603538 0,003167
карьеры 2,085376 0,001373
продолжать 2,827314 0,003723
чего 1,345709 0,000886
экстремистской 4,436752 0,002921
карьеру 1,518981 0,001000
февраля 0,232059 0,000611
ссср 0,940244 0,000619
мамиашвили 5,129899 0,023640
тогда 1,466337 0,000965
самых 1,546380 0,001018
запрещена 3,338139 0,002198
зрители 2,932674 0,001931
компания 1,279751 0,002527
мейвезером 5,129899 0,003377
петра 2,421849 0,004783
происходит 1,695912 0,001116
переход 2,490841 0,001640
угуев 5,129899 0,006754
именно 1,492313 0,000982
другие 0,384967 0,000760
имя 1,603538 0,002111
так 0,597299 0,000393
загалава 5,129899 0,003377
округа 3,520461 0,002318
отеля 4,436752 0,002921
другим 1,762603 0,001160
интервью 0,971016 0,000639
араб 4,436752 0,002921
номинирован 4,436752 0,005842
кто 0,839439 0,000553
печальным 5,129899 0,003377
спорные 4,436752 0,002921
компании 1,301257 0,000857
планирует 3,183989 0,004192
спортсменами 2,644992 0,001741
использование 1,104547 0,001454
чемпионатов 1,416327 0,000932
мотивацию 5,129899 0,003377
рекомендаций 1,871802 0,003697
рубин 1,217876 0,001604
словакии 2,732003 0,001799
слава 3,338139 0,002198
приводит 2,357310 0,001552
sport 1,122566 0,002956
выходы 4,031286 0,002654
федерации 0,663991 0,003934
советов 1,217876 0,001604
молодежный 3,520461 0,002318
зале 2,827314 0,001861
instagram 1,911023 0,001258
стабильно 4,436752 0,002921
балтика 1,258698 0,003315
представлять 3,743604 0,004929
спорт 0,224624 0,002958
uww 5,129899 0,003377
этом 0,565551 0,002234
народного 5,129899 0,003377
буквально 2,932674 0,001931
белинская 5,129899 0,003377
борьбе 1,603538 0,026391
поступком 5,129899 0,003377
шоу 1,441019 0,000949
борьба 1,002764 0,014523
рсфср 2,732003 0,003597
бронзовый 2,038856 0,002684
допинге 3,050457 0,004016
мирового 2,134166 0,001405
студентами 4,031286 0,002654
глава 1,546380 0,001018
высказался 1,797694 0,002367
вообще 1,911023 0,001258
вирусные 5,129899 0,003377
обладательницу 5,129899 0,003377
борьбы 2,134166 0,018265
meta 3,743604 0,002465
составе 1,546380 0,001018
заново 2,932674 0,001931
предали 5,129899 0,003377
юниорского 4,031286 0,002654
украинская 3,520461 0,004635
кхл 0,760451 0,001502
бурдж 4,436752 0,002921
пресс 1,086847 0,002147
россии 0,160085 0,001581
ru 0,285712 0,000188
фитнес 1,574551 0,003110
век 2,732003 0,001799
садулаевым 5,129899 0,003377
спортивные 1,104547 0,000727
легенда 2,134166 0,001405
спортивный 1,301257 0,000857
во 0,495170 0,000326
вольников 5,129899 0,003377
произошла 2,421849 0,001594
полное 2,296685 0,001512
президенте 4,436752 0,002921
двукратного 4,436752 0,002921
сайте 1,217876 0,001604
одержал 1,871802 0,001232
абдулбекова 5,129899 0,006754
раз 0,504926 0,000332
чемпионат 0,277868 0,000366
проходит 1,633391 0,001075
организацией 2,357310 0,001552
проектов 4,436752 0,002921
доказать 3,520461 0,002318
визе 5,129899 0,003377
российский 1,086847 0,002147
свою 1,217876 0,000802
президента 1,762603 0,001160
букмекеры 1,664163 0,002191
иранцу 5,129899 0,003377
орденом 3,520461 0,002318
давно 2,827314 0,001861
хоккеистом 5,129899 0,003377
интернет 1,695912 0,001116
россию 1,951845 0,001285
сутки 3,338139 0,002198
ему 1,323236 0,000871
мастеров 2,564949 0,001689
представление 3,743604 0,002465
считает 2,134166 0,001405
палата 5,129899 0,003377
пари 1,301257 0,001713
европы 0,524729 0,000691
января 0,825834 0,005437
исчезает 4,436752 0,002921
версии 1,546380 0,002036
рбк 1,797694 0,004734
тем 1,217876 0,000802
кремлев 5,129899 0,003377
столкнулся 4,031286 0,002654
спортивного 1,574551 0,001037
без 0,466460 0,000307
казахстан 1,301257 0,002570
планами 4,436752 0,002921
между 0,955511 0,001258
до 0,239550 0,000946
работу 2,085376 0,001373
бет 1,834062 0,002415
трех 2,732003 0,003597
выступать 1,633391 0,005377
борца 4,436752 0,005842
скончался 2,564949 0,001689
адрес 2,038856 0,001342
ограничения 2,239527 0,001474
ее 1,871802 0,002465
поражения 1,834062 0,001207
пока 1,159607 0,000763
дебют 2,421849 0,001594
вспыхнула 5,129899 0,003377
азими 5,129899 0,003377
чередой 5,129899 0,003377
vk 1,441019 0,000949
борцовской 5,129899 0,003377
пропустил 2,185460 0,001439
для 0,146292 0,000193
флаг 1,279751 0,000842
турнирная 1,441019 0,001897
короткий 0,971016 0,000639
объявила 2,564949 0,001689
олимпийского 1,603538 0,007390
потасовку 5,129899 0,003377
мото 1,574551 0,003110
умер 2,185460 0,002877
нижний 1,159607 0,001527
чемпионата 0,735450 0,000968
юниорам 5,129899 0,003377
карелин 4,436752 0,002921
ростов 1,002764 0,001320
объяснил 1,797694 0,001183
чемпионате 1,178655 0,001552
oboz 4,436752 0,002921
вошла 3,183989 0,002096
после 0,317714 0,001255
путь 1,834062 0,003622
российского 1,603538 0,002111
что 0,239550 0,001419
краснодар 0,925206 0,001218
тедеев 4,436752 0,005842
букмекеров 1,198073 0,003944
поражений 2,490841 0,001640
бизнес 2,732003 0,003597
за 0,125952 0,000746
взлет 4,436752 0,002921
инцидент 3,520461 0,002318
совсем 2,827314 0,001861
рейтинг 0,565551 0,002606
парус 5,129899 0,003377
недопуска 4,031286 0,002654
было 0,438551 0,000289
дисквалифицировала 5,129899 0,003377
ксенией 5,129899 0,003377
тахир 4,436752 0,002921
сайтиева 5,129899 0,003377
безработного 5,129899 0,003377
признана 2,827314 0,001861
несмотря 1,762603 0,001160
радаров 5,129899 0,003377
технологиях 1,911023 0,003774
выпадение 5,129899 0,003377
бетсити 1,633391 0,002151
винлайн 1,834062 0,002415
опубликован 3,338139 0,002198
честь 2,085376 0,001373
дисквалифицировали 2,827314 0,003723
опубликовал 3,050457 0,004016
бойко 4,436752 0,002921
из 0,106018 0,000558
ваниев 5,129899 0,003377
антидопинговая 5,129899 0,003377
овечкиным 4,031286 0,002654
словесная 4,436752 0,002921
еврокубки 1,546380 0,003054
тему 1,664163 0,001096
полтора 3,338139 0,002198
октагон 4,031286 0,002654
службы 2,932674 0,003861
россияниным 5,129899 0,003377
чемпионку 3,183989 0,002096
беларусь 1,368699 0,002703
над 0,986764 0,000650
переходом 2,932674 0,001931
поделилась 3,338139 0,002198
макгрегора 5,129899 0,003377
сценарием 5,129899 0,003377
хоккей 0,376309 0,001239
спартак 0,786093 0,001035
забвение 5,129899 0,003377
тигран 4,031286 0,002654
первенства 1,951845 0,001285
казань 1,345709 0,000886
служба 2,134166 0,001405
обратная 1,441019 0,002846
риа 1,466337 0,007723
шестикратный 4,031286 0,005308
лигой 2,932674 0,005792
серия 1,052361 0,000693
саде 5,129899 0,003377
прославленного 5,129899 0,003377
цска 0,711058 0,000936
актуальные 1,834062 0,001207
кавказского 5,129899 0,003377
тестирования 4,436752 0,005842
овечкин 1,762603 0,001160
кг 2,185460 0,001439
первенстве 1,994404 0,001313
меняется 3,520461 0,002318
тяжелоатлетов 5,129899 0,003377
международным 1,871802 0,001232
контракт 1,518981 0,003000
совета 2,085376 0,001373
матч 0,411400 0,000542
киргизию 5,129899 0,006754
является 1,086847 0,000716
камбэки 4,436752 0,002921
октября 1,086847 0,005009
сербия 2,357310 0,001552
лыжный 1,728701 0,003414
феномен 3,520461 0,002318
который 0,799165 0,000526
поэтому 1,392229 0,000917
профессиональной 2,932674 0,001931
мае 2,357310 0,001552
прикрас 5,129899 0,003377
гацалова 5,129899 0,006754
агентство 2,185460 0,001439
серебро 1,871802 0,001232
динамо 0,663991 0,001748
алла 5,129899 0,003377
правил 1,323236 0,000871
крылья 1,258698 0,001657
выходами 5,129899 0,003377
родной 3,338139 0,002198
турпалом 5,129899 0,003377
допинг 2,185460 0,005755
портале 3,743604 0,002465
думал 3,520461 0,002318
основателей 3,743604 0,002465
стране 1,951845 0,002570
экспресс 1,416327 0,000932
сегодня 0,881403 0,000580
агентства 2,490841 0,001640
президент 1,416327 0,002797
петр 2,239527 0,002949
сразу 1,392229 0,000917
лигу 2,134166 0,001405
ожидается 4,031286 0,002654
руководитель 2,644992 0,001741
американской 3,050457 0,016066
дзамболат 5,129899 0,003377
очередным 3,520461 0,002318
конор 2,421849 0,003189
правильным 5,129899 0,003377
чемпионка 1,911023 0,002516
несколько 1,069456 0,000704
лиги 0,895792 0,000590
взорвал 4,436752 0,002921
будет 0,825834 0,003262
уступил 1,994404 0,001313
летним 3,338139 0,002198
место 0,597299 0,000393
лиге 1,368699 0,004505
тяжелая 3,183989 0,002096
чемпионом 1,122566 0,000739
решение 1,238078 0,001630
лига 0,402511 0,001855
рассказал 1,238078 0,001630
мх 1,728701 0,002276
историй 3,520461 0,002318
смотрел 3,520461 0,002318
летние 1,238078 0,001630
спортсменам 1,871802 0,001232
сборной 0,825834 0,001087
мы 0,925206 0,000609
летний 1,834062 0,002415
контракта 2,296685 0,003024
ранхигс 5,129899 0,003377
считается 1,664163 0,001096
том 0,895792 0,000590
олимпиаде 0,895792 0,000590
фоне 2,932674 0,001931
на 0,023953 0,000331
прошел 2,185460 0,001439
махачев 2,134166 0,001405
участии 2,932674 0,001931
не 0,099461 0,000196
организацию 2,564949 0,001689
календарь 0,735450 0,000968
организация 1,664163 0,001096
bettery 1,871802 0,002465
макгрегор 2,421849 0,001594
которая 1,052361 0,000693
но 0,402511 0,000530
олимпиаду 1,664163 0,001096
абдулрашид 5,129899 0,016886
история 0,555188 0,000365
водные 0,867219 0,001713
провокационным 5,129899 0,003377
сервисов 1,834062 0,001207
таблица 0,925206 0,001218
почти 1,323236 0,000871
осетии 5,129899 0,003377
скфо 5,129899 0,003377
решения 1,834062 0,001207
садулаев 5,129899 0,040526
подписать 3,183989 0,002096
простого 5,129899 0,003377
об 0,217244 0,001001
владимир 1,546380 0,001018
либо 1,140915 0,001502
сняло 4,436752 0,005842
объединенного 5,129899 0,006754
мухаммед 3,743604 0,002465
случился 3,338139 0,002198
бои 1,633391 0,001075
попечительского 4,436752 0,002921
абдулрашидом 5,129899 0,003377
редко 2,490841 0,001640
попытку 3,183989 0,002096
сняли 3,520461 0,002318
он 0,534779 0,002112
более 0,853233 0,000562
чемпион 0,867219 0,006851
подписал 1,911023 0,002516
схватке 3,520461 0,002318
даже 1,198073 0,000789
категории 0,986764 0,000650
году 0,630089 0,000415
от 0,160085 0,000316
бокс 0,576022 0,001138
соперниками 2,038856 0,001342
катание 0,534779 0,001056
остается 3,050457 0,004016
боя 2,296685 0,001512
как 0,232059 0,000611
cas 3,338139 0,002198
все 0,125952 0,000498
призера 4,436752 0,002921
премьер 1,217876 0,004009
pari 1,603538 0,002111
года 0,239550 0,001262
по 0,073653 0,001406
информации 1,518981 0,001000
правда 2,421849 0,001594
суда 4,436752 0,002921
давидом 5,129899 0,003377
титульной 5,129899 0,003377
встрече 2,296685 0,001512
завершения 2,357310 0,001552
шамиль 3,520461 0,004635
постоянно 2,644992 0,001741
вольного 4,436752 0,008763
разгрузки 5,129899 0,003377
ufc 1,441019 0,004743
обсуждают 3,520461 0,002318
аванян 5,129899 0,003377
второй 0,786093 0,000518
условия 0,411400 0,000271
