бана 4,436752 0,002638
ск 4,031286 0,002397
выиграл 1,178655 0,000701
них 1,178655 0,000701
особенностям 5,129899 0,003050
см 0,955511 0,000568
факту 5,129899 0,009150
играм 2,421849 0,001440
со 0,447767 0,000266
коммерческого 4,031286 0,002397
под 0,723179 0,000860
одно 1,664163 0,000989
одни 2,644992 0,001573
принадлежит 2,239527 0,001331
бывшего 2,644992 0,003145
возможном 3,183989 0,001893
военному 5,129899 0,003050
реклама 0,735450 0,000874
лет 0,475938 0,001132
санкций 3,743604 0,002226
связь 1,392229 0,002483
помещении 3,050457 0,003627
то 0,652562 0,000388
звезды 2,085376 0,001240
сейчас 1,104547 0,000657
европейском 3,520461 0,002093
сводя 5,129899 0,003050
проекты 1,198073 0,000712
серебряный 1,994404 0,003557
никитин 4,031286 0,004793
многодетный 5,129899 0,003050
денег 2,732003 0,001624
конфиденциальности 0,317714 0,000567
связи 1,159607 0,000689
звезду 2,732003 0,001624
сборов 3,183989 0,001893
теперь 0,971016 0,000577
лишилась 3,338139 0,003969
дело 2,038856 0,003636
убийстве 5,129899 0,003050
слишком 2,644992 0,001573
при 0,367725 0,000219
призёр 2,185460 0,002599
известиям 5,129899 0,006100
крови 3,338139 0,001985
калорий 4,436752 0,002638
веры 5,129899 0,003050
проекте 1,546380 0,001839
главных 1,994404 0,001186
спорту 2,038856 0,001212
дарьи 3,743604 0,004451
италия 0,867219 0,000516
десятилетний 5,129899 0,003050
рассказывает 4,031286 0,002397
предоставленной 5,129899 0,003050
подарили 2,827314 0,001681
metaratings 3,520461 0,004186
полина 3,743604 0,002226
климатическим 5,129899 0,003050
рассказываем 3,520461 0,002093
олимпизм 1,466337 0,002615
кнороз 5,129899 0,006100
спорта 0,342407 0,001221
победу 0,910391 0,000541
подробности 2,421849 0,002880
спорте 2,038856 0,001212
разрушил 5,129899 0,006100
материалов 1,217876 0,001448
арестом 5,129899 0,003050
длину 2,564949 0,009150
постепенно 2,296685 0,001365
квартиры 4,436752 0,021102
конькобежному 3,743604 0,002226
один 0,711058 0,000845
дают 2,421849 0,001440
квартиру 4,031286 0,009587
председатель 2,239527 0,001331
прошли 1,762603 0,001048
полностью 1,546380 0,000919
семейства 5,129899 0,003050
меняют 3,338139 0,001985
громких 3,520461 0,002093
независимого 5,129899 0,006100
препаратов 3,520461 0,002093
локомотив 0,910391 0,001083
вфла 4,031286 0,019174
заметный 3,743604 0,002226
последние 1,178655 0,000701
ша 4,031286 0,002397
дарья 2,085376 0,008679
сша 0,586604 0,001395
процесс 2,732003 0,001624
спортивной 1,416327 0,000842
средние 3,183989 0,001893
дается 5,129899 0,003050
журналисту 4,031286 0,002397
через 0,971016 0,000577
двигалась 5,129899 0,003050
подряд 1,258698 0,001497
российской 1,178655 0,000701
сборные 0,839439 0,001497
перевода 4,031286 0,002397
tmz 5,129899 0,003050
известия 3,050457 0,005441
лос 1,518981 0,002709
будут 1,392229 0,002483
ноября 0,971016 0,000577
зенит 0,895792 0,002130
канале 2,421849 0,002880
нагрузками 4,436752 0,002638
жизни 1,122566 0,001335
сын 2,644992 0,001573
тренировками 3,743604 0,002226
твери 5,129899 0,021349
найма 5,129899 0,003050
aiu 5,129899 0,003050
слова 1,574551 0,000936
подготовку 2,296685 0,002731
наших 2,239527 0,002663
сообщает 1,994404 0,002371
подаренную 5,129899 0,003050
отметила 5,129899 0,009150
рост 2,421849 0,001440
lenta 2,239527 0,001331
спортсмен 1,466337 0,001744
леон 1,797694 0,002138
его 0,447767 0,001331
жизнь 1,728701 0,001028
только 0,447767 0,000799
научиться 4,031286 0,004793
окончания 2,085376 0,002480
нхл 0,925206 0,001650
дальше 1,492313 0,000887
турнир 0,699082 0,001663
фонбет 1,466337 0,001744
мире 1,198073 0,001425
мира 0,367725 0,001093
уходе 2,932674 0,001744
ричардсон 5,129899 0,003050
почему 1,122566 0,002002
тренировки 1,546380 0,000919
власти 2,644992 0,003145
директор 2,085376 0,001240
васильевича 5,129899 0,006100
степан 3,520461 0,002093
нарушении 3,743604 0,002226
нарушений 2,827314 0,001681
области 1,951845 0,001160
всего 0,812411 0,000483
нарушение 1,797694 0,002138
жилье 5,129899 0,009150
выписана 5,129899 0,003050
оренбург 1,323236 0,001573
unit 4,436752 0,005276
наказали 3,520461 0,002093
легкоатлет 4,436752 0,007913
карьеры 2,085376 0,002480
дисквалификации 2,732003 0,003249
чего 1,345709 0,000800
старты 2,827314 0,006724
карьеру 1,518981 0,000903
желание 3,338139 0,001985
состоянии 2,421849 0,002880
высоту 3,183989 0,005679
арестовали 5,129899 0,003050
курбатов 5,129899 0,003050
исполнить 5,129899 0,003050
международном 2,732003 0,001624
международной 1,345709 0,000800
высоте 2,421849 0,001440
другие 0,384967 0,000915
арестовала 5,129899 0,003050
целью 1,797694 0,001069
другим 1,762603 0,001048
голова 3,183989 0,001893
интервью 0,971016 0,002309
перевести 3,743604 0,002226
других 0,853233 0,001015
бан 3,520461 0,002093
отстранена 4,031286 0,002397
состояния 3,520461 0,004186
спортсменами 2,644992 0,001573
целых 3,743604 0,002226
выписали 5,129899 0,006100
быть 0,773190 0,000460
приводит 2,357310 0,001401
нынешний 3,520461 0,002093
sport 1,122566 0,002002
федераций 2,134166 0,001269
федерации 0,663991 0,001974
опасную 4,436752 0,002638
отрицал 4,436752 0,002638
лёгкой 3,183989 0,003786
главы 2,644992 0,003145
есть 0,812411 0,000483
легкоатлетических 4,031286 0,002397
спорт 0,224624 0,002537
integrity 5,129899 0,006100
этом 0,565551 0,002354
прошлом 2,239527 0,001331
автомобиле 4,031286 0,002397
четыре 1,140915 0,000678
бронзовый 2,038856 0,001212
глава 1,546380 0,000919
многократный 3,743604 0,002226
составе 1,546380 0,000919
сборах 2,827314 0,001681
можно 1,002764 0,001192
илья 1,911023 0,001136
железа 4,031286 0,002397
властями 4,436752 0,005276
проходил 2,185460 0,001299
впервые 0,839439 0,000499
раз 0,504926 0,000600
чемпионат 0,277868 0,000165
спортивных 1,279751 0,000761
приближаясь 5,129899 0,003050
президента 1,762603 0,002096
международную 2,644992 0,001573
бегу 4,031286 0,002397
подозрению 5,129899 0,003050
европы 0,524729 0,000312
органа 4,436752 0,005276
рбк 1,797694 0,002138
способного 4,436752 0,002638
иванюк 5,129899 0,003050
беге 3,520461 0,008372
приезжали 5,129899 0,003050
без 0,466460 0,000277
четвертый 3,183989 0,005679
бет 1,834062 0,002181
штат 2,732003 0,001624
представителя 2,827314 0,001681
журова 3,520461 0,004186
tech 4,436752 0,002638
российских 1,323236 0,003147
виды 0,773190 0,000460
итоге 1,797694 0,001069
проб 4,031286 0,002397
разделительные 5,129899 0,003050
самого 2,357310 0,002803
живущей 5,129899 0,003050
канадскую 5,129899 0,003050
вида 1,664163 0,002968
bolt 5,129899 0,006100
мария 1,834062 0,001090
ассоциации 2,185460 0,001299
нижний 1,159607 0,001379
исинбаева 4,031286 0,002397
чемпионата 0,735450 0,001749
запрещали 4,436752 0,002638
ростов 1,002764 0,001192
военнослужащему 4,436752 0,005276
объяснил 1,797694 0,001069
после 0,317714 0,000756
впереди 2,421849 0,001440
краснодар 0,925206 0,001100
депутат 3,743604 0,002226
букмекеров 1,198073 0,003561
сноуборде 4,031286 0,004793
отстранили 4,436752 0,002638
брать 3,338139 0,003969
сообщила 2,564949 0,004575
олег 1,951845 0,001160
следит 3,050457 0,001814
легкоатлетического 4,031286 0,002397
новостями 4,031286 0,002397
киселев 4,436752 0,005276
если 0,675551 0,000402
условием 4,031286 0,002397
athletics 4,031286 0,007190
дисквалифицирован 3,050457 0,001814
близких 3,743604 0,002226
тестов 3,520461 0,002093
действующая 4,436752 0,002638
мировой 1,392229 0,000828
пропуск 4,031286 0,002397
больше 0,812411 0,000966
чемпионку 3,183989 0,003786
беларусь 1,368699 0,002441
верите 4,436752 0,002638
грани 2,564949 0,001525
пропала 5,129899 0,003050
фактически 2,357310 0,001401
квартира 3,050457 0,001814
казань 1,345709 0,000800
скандалы 2,564949 0,001525
обратная 1,441019 0,002570
риа 1,466337 0,002615
снятиях 5,129899 0,003050
связанных 1,911023 0,001136
ключи 5,129899 0,006100
кровяного 5,129899 0,003050
год 0,687247 0,000409
комитет 1,911023 0,001136
матч 0,411400 0,000489
равнодушии 5,129899 0,003050
международные 1,238078 0,003680
создан 2,357310 0,001401
учитывая 3,743604 0,002226
орландо 3,743604 0,002226
ощущения 4,031286 0,002397
лёгкую 4,031286 0,004793
динамо 0,663991 0,001579
признался 2,644992 0,001573
валентина 3,338139 0,005954
самом 1,994404 0,001186
стране 1,951845 0,001160
экспресс 1,416327 0,001684
жена 2,932674 0,001744
быстрее 2,732003 0,001624
оттуда 3,520461 0,002093
госдумы 4,031286 0,002397
битва 3,050457 0,003627
международных 1,492313 0,001774
представили 4,031286 0,004793
чемпионка 1,911023 0,005681
человеческих 4,436752 0,002638
военным 5,129899 0,003050
участвует 2,932674 0,001744
утратой 4,436752 0,002638
виктора 2,732003 0,001624
лига 0,402511 0,001675
рассказал 1,238078 0,001472
проходить 2,644992 0,001573
балахничева 5,129899 0,012200
летние 1,238078 0,001472
прыгуньи 5,129899 0,003050
истории 0,630089 0,000375
летний 1,834062 0,001090
олимпиаде 0,895792 0,000533
возбудил 5,129899 0,006100
заработать 3,743604 0,002226
состав 1,238078 0,000736
олимпиада 1,104547 0,000657
центре 2,185460 0,001299
виктору 4,436752 0,002638
организацию 2,564949 0,001525
календарь 0,735450 0,000874
изъято 4,436752 0,002638
bettery 1,871802 0,002226
которая 1,052361 0,000626
валентин 2,732003 0,003249
олимпиаду 1,664163 0,000989
идущему 5,129899 0,003050
главная 1,323236 0,000787
историю 1,603538 0,000953
почти 1,323236 0,000787
таблица 0,925206 0,001100
олимпиады 0,925206 0,001100
светлана 2,038856 0,001212
российская 0,799165 0,001425
непонятно 5,129899 0,003050
проведен 4,436752 0,002638
нейтрализация 5,129899 0,003050
более 0,853233 0,000507
чемпион 0,867219 0,000516
прыжках 2,827314 0,006724
mirrorme 5,129899 0,003050
спроектирован 5,129899 0,003050
прыгун 4,436752 0,002638
длинные 2,732003 0,001624
катание 0,534779 0,000954
водителей 5,129899 0,003050
балахничев 5,129899 0,009150
как 0,232059 0,000414
премьер 1,217876 0,003620
pari 1,603538 0,001907
прыгунью 5,129899 0,003050
прыгунья 4,436752 0,007913
клишиной 5,129899 0,015249
достижение 2,038856 0,001212
принципе 4,436752 0,002638
забеге 3,050457 0,001814
дистанции 1,911023 0,001136
гуманоида 5,129899 0,003050
постоянно 2,644992 0,001573
париже 1,664163 0,000989
зима 2,932674 0,001744
заявила 2,732003 0,003249
этого 0,881403 0,000524
применением 3,338139 0,001985
третье 1,603538 0,000953
коронавирусом 4,031286 0,002397
второе 1,603538 0,000953
достижений 3,338139 0,001985
веткин 5,129899 0,003050
прыжкам 3,183989 0,003786
условия 0,411400 0,000245
готов 2,038856 0,001212
двукратная 3,050457 0,001814
хотела 3,520461 0,006279
словах 3,183989 0,001893
занял 2,085376 0,001240
ещё 0,420369 0,000250
ответила 3,338139 0,001985
еще 0,955511 0,001136
теннис 0,495170 0,000883
ребенок 4,436752 0,002638
ахмат 1,217876 0,001448
фигурное 0,534779 0,000954
касаться 4,031286 0,002397
пришлось 2,296685 0,001365
тренироваться 2,827314 0,001681
уголовное 4,436752 0,007913
передали 4,436752 0,007913
надуманными 5,129899 0,003050
сообщил 2,357310 0,001401
а 0,209918 0,000624
солью 5,129899 0,003050
в 0,017911 0,000969
словам 2,932674 0,003487
кому 2,644992 0,001573
и 0,023953 0,000271
политика 0,239550 0,000427
к 0,132686 0,000473
м 0,534779 0,001272
н 0,895792 0,001065
о 0,042302 0,000402
данного 2,644992 0,001573
фигуру 4,031286 0,002397
п 1,086847 0,001292
с 0,036149 0,000344
она 0,825834 0,002455
у 0,342407 0,001018
китае 2,932674 0,001744
подобию 5,129899 0,003050
экс 1,994404 0,002371
какие 2,134166 0,001269
ч 2,644992 0,003145
авто 0,925206 0,001650
прискорбием 5,129899 0,003050
местонахождении 4,436752 0,002638
репортажи 1,797694 0,001069
я 0,853233 0,001522
пропорций 5,129899 0,003050
атлетике 2,932674 0,010461
сочи 0,853233 0,001015
футбол 0,285712 0,000849
изменилась 2,732003 0,001624
атлетика 1,052361 0,014390
бум 1,911023 0,002272
цитируют 5,129899 0,003050
русский 0,839439 0,000499
новостям 5,129899 0,003050
служебной 5,129899 0,003050
выбирают 2,732003 0,001624
метров 1,762603 0,002096
бывший 1,762603 0,002096
атлетику 3,743604 0,004451
время 0,384967 0,000458
востоке 3,338139 0,001985
атлетики 3,338139 0,011908
новгород 1,217876 0,001448
флорида 4,031286 0,002397
легкоатлетов 4,031286 0,009587
конкретно 5,129899 0,003050
легкая 2,564949 0,035074
мелбет 1,762603 0,002096
ранее 1,104547 0,001970
отечественной 3,050457 0,001814
тюрьме 4,436752 0,002638
смеется 5,129899 0,003050
клишина 5,129899 0,039648
соцсетях 1,466337 0,000872
вице 2,134166 0,001269
могу 2,732003 0,001624
отработать 5,129899 0,003050
зарубежный 1,911023 0,003408
первую 1,518981 0,000903
ставок 1,664163 0,001979
сноуборд 1,238078 0,000736
показать 0,825834 0,000491
мма 1,069456 0,001907
надо 2,038856 0,001212
парижской 4,031286 0,004793
кравченко 4,436752 0,005276
настоящую 5,129899 0,006100
олимпийским 1,492313 0,000887
счет 1,797694 0,002138
олимпийский 0,853233 0,001522
соревнованиях 1,159607 0,000689
тверской 4,031286 0,002397
читать 0,586604 0,000349
игр 0,367725 0,000437
австралии 2,134166 0,001269
расторгнут 3,743604 0,002226
полиция 3,743604 0,002226
пользование 5,129899 0,003050
ханчжоусовместно 5,129899 0,003050
карри 2,421849 0,001440
всех 0,652562 0,000388
антидопинговых 4,031286 0,004793
длился 3,520461 0,002093
биатлон 0,534779 0,000954
статуса 2,827314 0,001681
спортсменке 4,436752 0,005276
спортсменки 2,357310 0,002803
странах 1,574551 0,000936
спортсменка 2,085376 0,001240
борис 2,564949 0,001525
салат 4,436752 0,002638
сможет 2,827314 0,001681
пересекая 5,129899 0,003050
районе 3,338139 0,001985
сжигать 5,129899 0,003050
обвинениями 4,436752 0,002638
финансовой 2,932674 0,001744
разрушили 4,436752 0,002638
тыс 3,338139 0,001985
отметив 4,031286 0,002397
собственность 5,129899 0,006100
среди 0,597299 0,000355
живет 3,520461 0,002093
москве 1,518981 0,001806
развивать 3,520461 0,002093
меня 1,518981 0,001806
русской 3,183989 0,001893
олимп 1,762603 0,002096
достану 5,129899 0,003050
анатолий 2,490841 0,001481
полов 4,031286 0,004793
результат 1,416327 0,000842
большом 3,338139 0,001985
особенно 2,038856 0,001212
большой 1,069456 0,000636
пожаловалась 4,031286 0,002397
тасс 1,695912 0,006050
возвращение 1,762603 0,002096
конечно 2,932674 0,001744
данил 2,932674 0,001744
москвы 2,038856 0,001212
предоставления 2,490841 0,001481
чен 3,743604 0,004451
сравнении 4,031286 0,002397
изъятии 5,129899 0,003050
езду 4,436752 0,002638
акрон 1,279751 0,001522
сказано 3,743604 0,002226
транспорту 5,129899 0,003050
смерти 2,239527 0,003994
сильного 3,183989 0,001893
был 0,663991 0,001184
world 1,416327 0,000842
веществ 4,436752 0,002638
бывшая 3,050457 0,001814
это 0,277868 0,000496
эту 1,492313 0,000887
спортсменов 0,786093 0,000935
научно 3,050457 0,001814
назвала 3,183989 0,003786
новость 2,644992 0,001573
приеду 5,129899 0,003050
лысенко 4,436752 0,005276
тратят 3,743604 0,002226
новости 0,301585 0,000897
киселева 5,129899 0,003050
mail 1,301257 0,006963
приостановлено 4,031286 0,002397
или 0,576022 0,000342
отобрали 5,129899 0,006100
потому 2,085376 0,001240
призер 2,564949 0,003050
шестом 3,520461 0,006279
решеткой 5,129899 0,003050
лишение 4,436752 0,002638
использования 0,393700 0,000234
следственный 5,129899 0,003050
уверен 2,644992 0,001573
жир 4,436752 0,002638
вам 3,183989 0,001893
высказалась 4,031286 0,009587
смело 4,031286 0,004793
шанхайской 5,129899 0,003050
робототехнической 5,129899 0,003050
игровые 1,603538 0,002860
алишу 5,129899 0,003050
февраля 0,232059 0,002483
олимпийская 1,911023 0,001136
мотивации 4,436752 0,002638
алиша 5,129899 0,003050
самых 1,546380 0,000919
компания 1,279751 0,001522
происходит 1,695912 0,001008
соревнования 0,663991 0,000395
onlyfans 5,129899 0,003050
кочанова 5,129899 0,009150
журналистам 3,743604 0,002226
событий 2,421849 0,001440
серебряного 3,743604 0,002226
находятся 2,357310 0,001401
легкоатлетки 5,129899 0,003050
компании 1,301257 0,000774
откровенно 3,520461 0,002093
соображает 5,129899 0,003050
планирует 3,183989 0,001893
взятия 3,520461 0,002093
использование 1,104547 0,001313
легкоатлетка 5,129899 0,012200
мотивация 2,490841 0,001481
недель 2,085376 0,001240
рекомендаций 1,871802 0,003339
рубин 1,217876 0,001448
соревнований 0,881403 0,000524
советов 1,217876 0,001448
зимних 1,633391 0,000971
скоростью 3,050457 0,001814
приемом 5,129899 0,003050
балтика 1,258698 0,002993
миль 3,183989 0,003786
правосудии 5,129899 0,003050
разрушена 5,129899 0,003050
буквально 2,932674 0,001744
утверждал 4,031286 0,002397
борьбе 1,603538 0,000953
сборная 0,711058 0,000845
стартах 3,743604 0,002226
допинга 3,183989 0,001893
негативными 5,129899 0,003050
олимпийскую 2,185460 0,002599
допуске 3,183989 0,001893
бы 1,052361 0,001251
применение 3,183989 0,001893
сама 2,644992 0,001573
быстрого 3,743604 0,002226
сказал 1,762603 0,001048
кхл 0,760451 0,001356
пресс 1,086847 0,001938
россии 0,160085 0,001237
робота 5,129899 0,006100
ru 0,285712 0,000510
фитнес 1,574551 0,002808
однокомнатную 5,129899 0,003050
во 0,495170 0,000294
готовый 4,436752 0,005276
вес 2,357310 0,001401
возможных 2,644992 0,001573
уже 0,687247 0,001634
мужчин 1,492313 0,000887
одержал 1,871802 0,001113
кибета 5,129899 0,003050
очередь 2,239527 0,001331
притормаживать 4,436752 0,002638
букмекеры 1,664163 0,001979
проводить 1,797694 0,001069
показателях 5,129899 0,003050
китайские 3,338139 0,001985
ньюман 5,129899 0,006100
которую 1,728701 0,001028
техническом 4,436752 0,002638
скорость 2,421849 0,001440
рекорд 1,198073 0,000712
подтверждаем 5,129899 0,003050
заволжском 5,129899 0,003050
объяснили 3,743604 0,002226
пари 1,301257 0,001547
рассказала 2,296685 0,006827
января 0,825834 0,003928
куда 2,564949 0,001525
чтобы 0,773190 0,000460
причине 2,490841 0,001481
казахстан 1,301257 0,002321
возглавлял 3,183989 0,001893
до 0,239550 0,000142
причину 3,520461 0,004186
турнире 1,198073 0,000712
выступать 1,633391 0,000971
скончался 2,564949 0,001525
двух 1,002764 0,000596
тяжело 3,520461 0,002093
ее 1,871802 0,005564
отдать 3,338139 0,001985
ей 1,834062 0,001090
отреагировала 3,743604 0,002226
анджелесу 5,129899 0,006100
инженеры 5,129899 0,003050
бенард 5,129899 0,003050
иоланда 5,129899 0,003050
vk 1,441019 0,000857
которому 2,134166 0,001269
для 0,146292 0,000174
запрещённых 2,932674 0,001744
турнирная 1,441019 0,001713
мото 1,574551 0,002808
умер 2,185460 0,001299
предоставлена 5,129899 0,003050
беспредела 5,129899 0,003050
освоить 4,031286 0,002397
вызваны 3,743604 0,002226
секунду 3,743604 0,002226
гуманоидного 5,129899 0,003050
что 0,239550 0,001994
договор 2,564949 0,001525
за 0,125952 0,000674
соперника 1,279751 0,000761
анджелесе 2,564949 0,001525
возбуждено 5,129899 0,003050
входящей 3,743604 0,002226
рейтинг 0,565551 0,002354
видеться 4,436752 0,002638
медаль 1,416327 0,000842
кениец 4,436752 0,005276
было 0,438551 0,000521
ума 3,743604 0,002226
были 0,799165 0,000475
технологиях 1,911023 0,003408
рекордсмена 4,031286 0,002397
пройдет 2,421849 0,001440
ярышевский 5,129899 0,006100
готовимся 4,031286 0,002397
была 0,652562 0,000776
бетсити 1,633391 0,001942
любой 2,038856 0,001212
винлайн 1,834062 0,002181
дисквалифицировали 2,827314 0,001681
любом 2,357310 0,001401
из 0,106018 0,000378
систематических 5,129899 0,003050
еврокубки 1,546380 0,002758
им 1,198073 0,000712
тему 1,664163 0,002968
обвинен 4,436752 0,002638
кататься 3,743604 0,004451
компанией 2,827314 0,001681
дальнем 5,129899 0,003050
службы 2,932674 0,001744
временное 4,031286 0,002397
их 0,799165 0,000475
робот 5,129899 0,003050
хоккей 0,376309 0,001119
спартак 0,786093 0,000935
членство 3,520461 0,002093
нас 1,492313 0,000887
около 1,518981 0,000903
служба 2,134166 0,002538
кибет 5,129899 0,003050
цска 0,711058 0,000845
актуальные 1,834062 0,001090
россиян 1,762603 0,001048
близко 3,520461 0,002093
кг 2,185460 0,001299
верит 3,520461 0,002093
км 2,038856 0,002424
которые 0,760451 0,000452
обгона 4,436752 0,002638
исполнительный 3,050457 0,001814
лыжный 1,728701 0,003083
который 0,799165 0,000475
профессиональной 2,932674 0,003487
сборы 2,357310 0,002803
правил 1,323236 0,002360
крылья 1,258698 0,001497
месяца 2,296685 0,001365
допинг 2,185460 0,003898
явлениями 4,436752 0,002638
жуткую 5,129899 0,003050
елена 1,911023 0,001136
случае 1,441019 0,000857
президент 1,416327 0,000842
случай 2,644992 0,001573
жить 3,520461 0,002093
будем 2,490841 0,002962
несколько 1,069456 0,000636
будет 0,825834 0,000982
стартов 3,050457 0,001814
место 0,597299 0,000355
марафонец 4,436752 0,002638
участвовал 2,732003 0,001624
полосы 3,743604 0,002226
родился 3,520461 0,002093
мх 1,728701 0,002056
условиях 2,239527 0,001331
арену 2,564949 0,001525
нее 3,050457 0,003627
сборной 0,825834 0,000982
мы 0,925206 0,002200
начала 1,238078 0,001472
корреспондент 3,338139 0,001985
действительно 2,644992 0,001573
на 0,023953 0,000370
географию 4,436752 0,002638
не 0,099461 0,000532
временно 2,932674 0,001744
бомж 5,129899 0,003050
но 0,402511 0,001675
раскрошусь 5,129899 0,003050
водные 0,867219 0,001547
неё 1,797694 0,001069
сервисов 1,834062 0,001090
русская 2,732003 0,001624
об 0,217244 0,000904
места 1,198073 0,000712
владимир 1,546380 0,001839
отдали 3,338139 0,001985
годы 1,258698 0,000748
youtube 1,797694 0,002138
году 0,630089 0,002997
от 0,160085 0,000095
отклонения 3,743604 0,002226
бокс 0,576022 0,001027
расширять 5,129899 0,003050
правду 4,436752 0,002638
всероссийской 3,183989 0,007572
чжэцзянском 5,129899 0,003050
все 0,125952 0,000300
призера 4,436752 0,005276
года 0,239550 0,000855
по 0,073653 0,000876
информации 1,518981 0,000903
выслуги 5,129899 0,003050
скоро 2,827314 0,001681
легкой 3,520461 0,020930
очень 1,140915 0,000678
эстафете 2,421849 0,001440
выселения 5,129899 0,006100
