леонид 2,732003 0,001481
урала 3,183989 0,010354
банк 2,932674 0,001590
дельта 4,436752 0,002405
успей 5,129899 0,005561
новый 0,940244 0,000510
день 0,760451 0,000412
академия 2,085376 0,011303
рефтинская 5,129899 0,002780
играем 4,436752 0,002405
тур 1,546380 0,002514
ним 1,695912 0,000919
сильвие 5,129899 0,005561
legalbet 4,436752 0,002405
обзор 2,134166 0,010411
центр 0,881403 0,000478
клубном 3,520461 0,001908
шинник 2,732003 0,002962
сунгатулин 5,129899 0,008341
карапузов 5,129899 0,005561
баранов 4,436752 0,002405
контур 5,129899 0,002780
таким 1,664163 0,000902
первой 1,019025 0,000552
авиалинии 4,436752 0,002405
александр 0,925206 0,002006
основан 1,871802 0,001015
тв 1,633391 0,004427
а 0,209918 0,000228
дубай 3,743604 0,002029
б 1,466337 0,000795
должны 1,178655 0,000639
в 0,017911 0,000272
футбольного 2,296685 0,001245
г 0,925206 0,002507
лео 5,129899 0,002780
сима 5,129899 0,002780
left 2,085376 0,001130
корректного 5,129899 0,002780
фото 0,799165 0,002599
болельщиках 5,129899 0,013902
вратари 2,644992 0,007168
и 0,023953 0,000402
политика 0,239550 0,000130
й 0,825834 0,000448
к 0,132686 0,000072
м 0,534779 0,004638
то 0,652562 0,000354
о 0,042302 0,000275
п 1,086847 0,001178
с 0,036149 0,000235
рсг 5,129899 0,002780
тц 5,129899 0,002780
проекты 1,198073 0,000649
определить 2,732003 0,001481
сезон 1,368699 0,005935
бомбер 4,436752 0,002405
объектив 5,129899 0,002780
показа 4,436752 0,002405
матчах 1,574551 0,001707
адресе 5,129899 0,002780
kvecz 5,129899 0,002780
родина 3,743604 0,004058
информационных 2,421849 0,001313
ендальцев 5,129899 0,002780
сатучин 5,129899 0,002780
мин 2,932674 0,004769
аюпов 5,129899 0,008341
футбол 0,285712 0,000155
тимофей 3,338139 0,001809
титульный 2,644992 0,001434
связи 1,159607 0,000629
весь 1,951845 0,002116
тимур 3,183989 0,003451
ул 2,732003 0,010365
гонсалу 4,436752 0,002405
екатеринбург 2,490841 0,018901
саратов 2,644992 0,002867
этаж 4,031286 0,002185
местоположении 4,436752 0,002405
социальные 3,338139 0,012665
рахимов 4,031286 0,002185
эрика 4,436752 0,004809
марков 4,031286 0,006555
селихов 4,436752 0,007214
данных 1,871802 0,001015
защитники 2,564949 0,005561
поведения 0,895792 0,002428
ооо 1,871802 0,004058
footballmania 5,129899 0,005561
фк 1,951845 0,019042
мелбет 1,762603 0,000955
отечественной 3,050457 0,001653
трубная 5,129899 0,002780
главный 1,035554 0,000561
режим 4,031286 0,004370
данные 1,834062 0,004970
новых 1,633391 0,001771
также 0,663991 0,000720
фронт 3,743604 0,002029
партнеры 2,296685 0,001245
фс 2,085376 0,001130
чай 5,129899 0,002780
зрителей 1,797694 0,004872
дмитрий 1,345709 0,003647
рифович 5,129899 0,002780
символика 3,338139 0,009046
молочный 5,129899 0,002780
джабаль 5,129899 0,002780
рус 1,368699 0,000742
мобильное 2,296685 0,001245
обогреватели 5,129899 0,002780
ekt 5,129899 0,002780
div 2,357310 0,001278
аитов 5,129899 0,002780
байбенков 5,129899 0,002780
встреч 2,421849 0,002625
официальная 2,827314 0,009195
щербаков 5,129899 0,002780
metaratings 3,520461 0,001908
коммуникаций 2,296685 0,001245
info 1,951845 0,002116
хладокомбинат 5,129899 0,002780
en 2,932674 0,001590
рфс 2,564949 0,001390
акционер 4,436752 0,004809
иванисеня 5,129899 0,005561
подробности 2,421849 0,002625
ждём 3,743604 0,004058
завод 3,743604 0,002029
анонсы 2,932674 0,001590
игр 0,367725 0,000199
запланирвоана 5,129899 0,002780
яков 4,436752 0,002405
мигел 5,129899 0,005561
артём 2,357310 0,010221
калина 5,129899 0,002780
fc 2,085376 0,004521
мерч 5,129899 0,008341
база 1,871802 0,006087
купить 2,932674 0,007948
переходит 2,644992 0,002867
ерёмин 4,031286 0,002185
забито 4,031286 0,004370
выездов 4,031286 0,002185
всем 1,762603 0,000955
гостевая 2,827314 0,001532
видео 0,699082 0,000758
павлов 4,031286 0,002185
денис 2,564949 0,001390
бегич 5,129899 0,008341
хайнецкий 5,129899 0,005561
учредитель 2,185460 0,001185
hard 4,031286 0,002185
вебмотор 5,129899 0,002780
персонал 3,050457 0,024800
часть 1,441019 0,000781
органов 3,520461 0,003816
воронеж 2,827314 0,001532
six 3,743604 0,002029
синара 5,129899 0,008341
предупреждаем 5,129899 0,002780
последние 1,178655 0,000639
филипенко 5,129899 0,005561
ссылке 3,050457 0,001653
опросы 3,743604 0,010145
football 2,239527 0,001214
июля 1,035554 0,002806
изменения 1,728701 0,000937
флагманских 5,129899 0,002780
академии 2,490841 0,014851
харин 4,436752 0,004809
арсенал 1,466337 0,001590
family 4,436752 0,002405
разгаре 5,129899 0,002780
антидопинг 3,183989 0,008629
сидоров 4,436752 0,002405
игроков 1,238078 0,004026
форэс 5,129899 0,002780
вторая 1,345709 0,000729
роскомнадзор 2,644992 0,001434
золкин 4,436752 0,004809
метин 5,129899 0,002780
экскурсии 4,436752 0,012024
мероприятия 2,357310 0,001278
москва 0,760451 0,001237
воспользоваться 3,050457 0,003307
предоставлять 3,743604 0,002029
бондарев 5,129899 0,008341
казанцев 4,031286 0,002185
https 0,699082 0,000379
академическое 5,129899 0,002780
климентий 5,129899 0,002780
cookie 3,050457 0,001653
федеральной 2,357310 0,001278
тренировочных 3,520461 0,005724
ip 5,129899 0,002780
урал 2,134166 0,091382
ковреченков 5,129899 0,002780
команда 0,663991 0,008637
игроки 0,986764 0,011231
лучший 1,368699 0,003709
павел 1,871802 0,001015
ишков 5,129899 0,008341
возобновлению 5,129899 0,002780
гонсалвес 5,129899 0,008341
матча 1,002764 0,002174
команды 0,555188 0,000301
ноября 0,971016 0,000526
богомольского 5,129899 0,005561
очки 1,466337 0,001590
итало 5,129899 0,011122
акцией 5,129899 0,005561
матчи 0,773190 0,001257
мартин 2,085376 0,002261
торпедо 1,574551 0,001707
газэнергобанк 5,129899 0,002780
кольцово 5,129899 0,002780
фан 3,338139 0,001809
обработки 2,296685 0,001245
перейти 0,867219 0,000470
даниил 1,834062 0,003976
зарубин 5,129899 0,005561
акрон 1,279751 0,001387
юных 3,338139 0,001809
редакции 1,951845 0,002116
стройтэк 5,129899 0,002780
эти 1,323236 0,001434
группа 1,834062 0,000994
видеокамеры 5,129899 0,002780
птицефабрика 5,129899 0,002780
шмелей 4,436752 0,002405
бештоев 5,129899 0,002780
моменты 2,357310 0,002555
сезона 1,052361 0,001711
еда 3,743604 0,002029
два 0,760451 0,000412
кострома 3,338139 0,003619
горнопромышленный 5,129899 0,002780
настроить 5,129899 0,002780
игровая 3,338139 0,005428
массовых 2,134166 0,001157
савелий 3,338139 0,005428
прищепа 5,129899 0,005561
детей 2,038856 0,002210
михаил 1,392229 0,002264
жизнь 1,728701 0,000937
саркисян 4,436752 0,004809
сентября 1,069456 0,000580
новости 0,301585 0,001144
нельзя 2,296685 0,001245
старт 1,416327 0,000768
белов 3,338139 0,001809
заруцкий 5,129899 0,002780
фоторепортажи 4,436752 0,002405
или 0,576022 0,000937
турнир 0,699082 0,001895
память 2,932674 0,001590
ленд 5,129899 0,002780
центров 5,129899 0,002780
стадион 2,134166 0,009254
mc 2,421849 0,001313
тренировки 1,546380 0,000838
енисей 2,421849 0,002625
гостеприимства 5,129899 0,002780
красные 3,520461 0,001908
стола 4,436752 0,012024
окно 2,490841 0,001350
alt 2,185460 0,001185
вконтакте 1,911023 0,001036
погибших 3,520461 0,001908
области 1,951845 0,002116
программа 1,574551 0,000853
весеннюю 3,520461 0,001908
детские 3,520461 0,003816
медиа 1,834062 0,004970
тренерский 2,185460 0,023691
общий 2,038856 0,005525
памяти 2,564949 0,006951
position 2,085376 0,001130
отображения 5,129899 0,002780
игры 0,376309 0,000408
usta 5,129899 0,002780
февраля 0,232059 0,002012
доступен 0,971016 0,000526
детских 3,743604 0,002029
великой 2,827314 0,001532
виталий 2,564949 0,004171
арсений 4,436752 0,002405
минут 1,258698 0,001364
события 0,663991 0,000360
полная 1,834062 0,001988
программки 4,436752 0,012024
камаз 2,732003 0,005923
сокол 2,564949 0,002780
отключите 5,129899 0,002780
игра 1,301257 0,002821
почтил 5,129899 0,002780
кейтеринбург 5,129899 0,002780
воронов 4,436752 0,002405
компания 1,279751 0,001387
петра 2,421849 0,006563
специализированный 4,436752 0,002405
men 2,932674 0,001590
марта 0,881403 0,000478
матчей 0,940244 0,008154
против 0,747872 0,000811
другие 0,384967 0,000417
целью 1,797694 0,000974
акбашев 5,129899 0,008341
фернандо 2,239527 0,002428
пледы 5,129899 0,002780
надзору 2,421849 0,001313
интервью 0,971016 0,000526
где 0,675551 0,000366
src 2,239527 0,001214
издание 1,911023 0,001036
пользователя 3,743604 0,004058
галкин 5,129899 0,005561
хотите 3,050457 0,001653
технологий 2,239527 0,001214
мосин 5,129899 0,008341
сетевое 2,085376 0,001130
мамин 4,436752 0,012024
ирбитский 5,129899 0,002780
трансферы 1,664163 0,000902
рубин 1,217876 0,000660
чайка 4,031286 0,004370
образом 1,546380 0,000838
передавались 4,436752 0,002405
александров 3,520461 0,003816
matchday 5,129899 0,002780
px 2,185460 0,001185
манеж 3,520461 0,015265
аэропорт 3,520461 0,001908
арабачян 5,129899 0,005561
приезда 4,436752 0,004809
ао 2,564949 0,005561
сквозь 3,183989 0,001726
разработка 3,183989 0,001726
аренде 2,564949 0,006951
электронный 4,436752 0,002405
ахмедьянов 5,129899 0,002780
радмир 5,129899 0,005561
сфере 2,296685 0,001245
страница 0,940244 0,002548
бах 5,129899 0,002780
черноморец 2,732003 0,002962
фотин 5,129899 0,002780
карточки 3,520461 0,003816
богомольский 5,129899 0,011122
фотоотчёты 5,129899 0,008341
свидетельство 2,564949 0,001390
брозовский 5,129899 0,002780
правила 0,910391 0,002961
хабаровск 2,564949 0,002780
prinzip 5,129899 0,002780
нападающие 2,932674 0,006358
школ 2,564949 0,001390
малеев 5,129899 0,005561
напитки 4,031286 0,002185
страницы 0,971016 0,000526
юрий 2,185460 0,005923
низу 5,129899 0,002780
сборах 2,827314 0,004597
илья 1,911023 0,005179
россии 0,160085 0,000087
ru 0,285712 0,000774
станислав 2,490841 0,002700
бикфалви 5,129899 0,005561
барнатович 5,129899 0,002780
правах 2,357310 0,002555
эксклюзивный 4,436752 0,004809
спортивные 1,104547 0,000599
металлургическая 5,129899 0,002780
кубок 0,524729 0,000284
третий 1,416327 0,000768
первая 0,867219 0,000470
персональных 2,185460 0,001185
игрок 1,258698 0,004776
спонсор 2,564949 0,004171
челябинск 2,564949 0,004171
сайта 1,574551 0,004267
уже 0,687247 0,000372
полной 2,644992 0,002867
сейвы 4,436752 0,002405
открытие 2,357310 0,001278
инфракрасные 5,129899 0,002780
ассис 5,129899 0,008341
магазин 2,421849 0,009189
вы 0,325878 0,000530
полузащитники 2,932674 0,006358
фестиваль 3,050457 0,001653
ханов 4,436752 0,004809
аренды 2,296685 0,002490
факел 2,357310 0,005111
болельщиков 1,574551 0,000853
хрустовского 5,129899 0,013902
узнать 3,520461 0,007632
холодов 4,436752 0,002405
интернет 1,695912 0,005515
горячий 2,932674 0,001590
смотреть 1,695912 0,000919
технической 3,338139 0,001809
магазине 3,520461 0,001908
watch 2,357310 0,001278
макар 3,743604 0,002029
брозэкс 5,129899 0,002780
absolute 2,296685 0,001245
болельщики 1,834062 0,009941
мегафон 3,743604 0,002029
пари 1,301257 0,000705
свое 2,490841 0,001350
января 0,825834 0,000448
версии 1,546380 0,001676
штаб 1,797694 0,019487
чтобы 0,773190 0,000419
регистрации 2,421849 0,001313
устройство 3,520461 0,001908
tv 2,564949 0,001390
софьи 4,436752 0,002405
поле 1,217876 0,001320
сайт 0,773190 0,000838
seven 4,436752 0,002405
матвей 2,644992 0,002867
зарегистрировано 1,951845 0,001058
рождения 1,664163 0,000902
руководство 1,603538 0,008691
адрес 2,038856 0,002210
school 3,520461 0,003816
хатунцев 5,129899 0,002780
двух 1,002764 0,000544
up 3,743604 0,002029
разверните 5,129899 0,002780
гажалов 5,129899 0,002780
сообщения 2,932674 0,001590
черноголовка 5,129899 0,002780
сысерть 5,129899 0,002780
сеть 2,932674 0,001590
erid 2,239527 0,002428
опарин 5,129899 0,008341
логотип 2,644992 0,001434
роскомнадзора 5,129899 0,005561
программное 4,436752 0,002405
ljn 5,129899 0,005561
клуб 0,940244 0,007135
харина 5,129899 0,005561
сети 1,951845 0,007405
работы 1,797694 0,000974
рабочего 3,520461 0,009541
центральный 2,185460 0,001185
для 0,146292 0,001982
полевые 5,129899 0,002780
одноклассниках 5,129899 0,002780
турнирная 1,441019 0,005467
нефтехимик 2,827314 0,003065
фортуна 2,490841 0,001350
жк 4,436752 0,007214
records 3,338139 0,001809
поражение 1,546380 0,000838
оаэ 2,357310 0,003833
правительство 4,031286 0,002185
латыхов 5,129899 0,002780
pss 5,129899 0,002780
фаниль 5,129899 0,005561
покинуть 2,732003 0,001481
секач 5,129899 0,002780
тренировочные 3,183989 0,001726
букмекеров 1,198073 0,000649
морозов 2,732003 0,002962
стильный 5,129899 0,005561
войне 3,520461 0,001908
домашние 2,357310 0,001278
форма 1,695912 0,002758
рейтинг 0,565551 0,000307
голы 2,134166 0,002313
контакты 1,258698 0,006822
олег 1,951845 0,001058
было 0,438551 0,000238
подробнее 0,723179 0,001568
бекетов 5,129899 0,002780
железнов 5,129899 0,008341
никита 1,603538 0,002607
валерий 2,239527 0,001214
фнл 2,421849 0,001313
если 0,675551 0,000732
дня 1,104547 0,000599
дивизион 2,185460 0,001185
позиция 2,421849 0,002625
catering 5,129899 0,002780
бетсити 1,633391 0,004427
baden 5,129899 0,002780
честь 2,085376 0,002261
желтые 5,129899 0,002780
приобретения 4,031286 0,002185
пенальти 2,038856 0,001105
форума 4,031286 0,002185
государственных 3,743604 0,004058
линар 4,436752 0,004809
редактор 2,085376 0,001130
волга 2,732003 0,002962
рыжков 5,129899 0,005561
раид 5,129899 0,002780
карагодин 5,129899 0,002780
twitter 3,743604 0,002029
умо 5,129899 0,002780
коллаборации 4,436752 0,002405
faq 4,031286 0,002185
егор 2,085376 0,007912
спартак 0,786093 0,000852
получено 5,129899 0,002780
холдинг 3,743604 0,004058
партнёры 2,827314 0,013792
тигран 4,031286 0,004370
маргасов 4,436752 0,004809
ротор 2,732003 0,002962
ска 1,279751 0,001387
здоровье 1,664163 0,000902
стадионе 1,994404 0,005405
куликов 3,743604 0,002029
завершённый 5,129899 0,008341
экран 3,743604 0,002029
style 2,085376 0,001130
максим 1,994404 0,003243
кк 4,031286 0,006555
репина 5,129899 0,002780
кузнецов 2,421849 0,003938
международный 1,258698 0,000682
забота 3,520461 0,009541
матч 0,411400 0,002453
абонементы 3,743604 0,012174
октября 1,086847 0,001178
телефоны 4,436752 0,002405
готовится 3,338139 0,001809
сборе 3,520461 0,001908
клубе 1,951845 0,005290
мая 1,104547 0,002395
клуба 1,178655 0,007666
футбольных 2,038856 0,001105
dednik 5,129899 0,002780
fest 5,129899 0,002780
обои 5,129899 0,013902
футбольный 1,951845 0,012695
сборы 2,357310 0,001278
скайбоксы 5,129899 0,002780
динамо 0,663991 0,002159
алфёров 5,129899 0,002780
месяца 2,296685 0,006224
победа 1,238078 0,000671
уверенный 5,129899 0,002780
самом 1,994404 0,002162
поступление 4,436752 0,012024
грант 5,129899 0,005561
футболка 3,338139 0,005428
предстоящий 5,129899 0,008341
kfpba 5,129899 0,002780
роман 2,085376 0,002261
сми 1,546380 0,004191
соколов 3,338139 0,001809
вместе 1,178655 0,000639
игрокам 1,951845 0,001058
арена 1,762603 0,005732
инфраструктура 3,183989 0,008629
арене 1,797694 0,004872
иван 1,951845 0,007405
ермаков 4,436752 0,002405
лиги 0,895792 0,000486
футбольная 2,239527 0,001214
обеспечения 3,743604 0,002029
лиге 1,368699 0,000742
лига 0,402511 0,000654
генеральный 1,951845 0,002116
свежие 0,910391 0,000987
выиграно 4,436752 0,002405
маломобильных 5,129899 0,013902
арены 2,357310 0,007666
на 0,023953 0,000247
шейнкмана 5,129899 0,002780
смартфонов 4,436752 0,002405
молодёжная 2,490841 0,001350
спонсоры 1,911023 0,011394
не 0,099461 0,000108
календарь 0,735450 0,004783
бардачёв 4,436752 0,007214
товарищеский 3,520461 0,009541
гринвич 5,129899 0,005561
организация 1,664163 0,000902
бикмухаметов 5,129899 0,002780
али 2,827314 0,001532
киселёв 3,743604 0,002029
розыгрыш 2,239527 0,001214
шахматов 5,129899 0,005561
уральские 4,436752 0,002405
главная 1,323236 0,015778
билеты 2,564949 0,008341
уральский 3,743604 0,002029
обеспечение 3,520461 0,001908
история 0,555188 0,001505
апреля 1,052361 0,000570
товарищеских 5,129899 0,002780
таблица 0,925206 0,003510
малькевич 5,129899 0,008341
школы 2,239527 0,002428
евгений 1,258698 0,001364
днём 3,050457 0,001653
betonmobile 5,129899 0,002780
школа 2,185460 0,011845
сыграно 5,129899 0,005561
яндекс 2,490841 0,001350
об 0,217244 0,000118
нем 2,085376 0,001130
девелопмент 5,129899 0,002780
владимир 1,546380 0,000838
мгн 3,743604 0,008116
встретится 3,183989 0,001726
вакансии 2,421849 0,006563
праздники 4,031286 0,002185
свердловской 5,129899 0,002780
холодных 5,129899 0,002780
владислав 2,185460 0,005923
ural 4,436752 0,014428
маркова 5,129899 0,005561
youtube 1,797694 0,000974
достижения 1,695912 0,004596
img 2,185460 0,001185
вами 2,827314 0,003065
году 0,630089 0,000342
используете 5,129899 0,002780
от 0,160085 0,000087
форум 0,881403 0,002389
деловые 4,436752 0,002405
секулич 5,129899 0,008341
дикарев 4,436752 0,002405
статистика 0,652562 0,002476
застройщик 5,129899 0,005561
евраз 5,129899 0,002780
контактные 3,743604 0,004058
голов 1,871802 0,002029
все 0,125952 0,000341
бондаренко 4,031286 0,004370
продаже 3,050457 0,001653
появлений 5,129899 0,002780
алексей 1,238078 0,001342
трц 5,129899 0,002780
факелом 3,520461 0,001908
бажовия 5,129899 0,016683
фестивальная 5,129899 0,008341
pari 1,603538 0,000869
по 0,073653 0,000359
информации 1,518981 0,000823
расписание 1,695912 0,004596
службой 3,183989 0,001726
информация 1,035554 0,005051
расписании 4,031286 0,002185
telegram 2,357310 0,001278
кордейру 5,129899 0,005561
оборудование 3,183989 0,001726
яркие 2,932674 0,003179
yandex 2,239527 0,001214
прессы 2,932674 0,007948
ковалевской 5,129899 0,002780
уфа 2,239527 0,002428
