велосипед 4,436752 0,002333
latina 1,603538 0,000843
плэсиде 3,743604 0,001968
этому 1,728701 0,000909
rusbob 5,129899 0,002697
экспорт 0,986764 0,000519
lccn 1,492313 0,000785
козловым 5,129899 0,002697
стал 0,586604 0,000308
водно 1,762603 0,000927
указан 1,301257 0,000684
играх 0,699082 0,001103
сэндбординг 5,129899 0,002697
tatarça 1,392229 0,000732
см 0,955511 0,000502
日本語 1,035554 0,000544
со 0,447767 0,000235
декабря 0,881403 0,000463
неэнциклопедичного 5,129899 0,002697
воду 1,492313 0,000785
парусный 1,574551 0,000828
заявление 0,867219 0,000456
создана 1,834062 0,000964
пом 1,695912 0,000892
человек 1,178655 0,002479
содержание 0,971016 0,001021
eesti 1,069456 0,000562
создано 3,338139 0,001755
čeština 1,035554 0,000544
то 0,652562 0,000343
сейчас 1,104547 0,000581
учебной 5,129899 0,002697
hang 5,129899 0,002697
викисклад 1,035554 0,001089
делая 4,436752 0,002333
britannica 1,518981 0,000799
корфбол 1,762603 0,000927
сноубординг 5,129899 0,002697
коньки 2,564949 0,001349
каноэ 1,633391 0,000859
конфиденциальности 0,317714 0,000167
скоростной 3,338139 0,003510
летательные 5,129899 0,002697
slovenčina 1,069456 0,000562
wikipedia 0,986764 0,001038
gnd 1,392229 0,000732
уилсон 3,050457 0,001604
afrikaans 1,441019 0,000758
двойках 4,436752 0,002333
federation 3,050457 0,001604
македонски 1,258698 0,000662
быстро 2,038856 0,001072
называть 3,050457 0,001604
j 1,466337 0,000771
каната 1,762603 0,000927
ушу 1,728701 0,000909
n 2,421849 0,001273
путешествия 3,183989 0,001674
имена 2,564949 0,002697
викиновости 1,238078 0,000651
скайсёрфинг 5,129899 0,002697
u 1,345709 0,000708
w 0,955511 0,000502
второго 1,466337 0,000771
сконструировала 5,129899 0,002697
также 0,663991 0,000349
верт 4,436752 0,002333
литовская 2,085376 0,001096
العربية 1,069456 0,000562
достигается 3,520461 0,001851
фризский 1,762603 0,000927
бобслейные 5,129899 0,002697
дмитрий 1,345709 0,000708
библиографических 1,323236 0,000696
разработчики 0,986764 0,000519
траве 1,466337 0,001542
норвежская 1,603538 0,000843
бобслейный 5,129899 0,005394
сначала 1,664163 0,000875
бобслейных 5,129899 0,005394
соревнующихся 4,031286 0,002119
финишу 3,520461 0,001851
сконструированы 5,129899 0,002697
почтовая 2,421849 0,001273
уступила 2,085376 0,001096
правки 0,986764 0,001038
руководил 3,050457 0,001604
построена 3,520461 0,001851
санном 4,436752 0,002333
лобовое 5,129899 0,002697
экипажам 5,129899 0,002697
пятиместных 5,129899 0,002697
однако 1,069456 0,001125
представляет 1,871802 0,000984
list 3,743604 0,003936
tolışi 1,871802 0,000984
спорта 0,342407 0,002160
баскская 1,762603 0,000927
спорте 2,038856 0,001072
пейнтбол 5,129899 0,002697
системе 0,867219 0,000456
каталогах 1,323236 0,000696
проектах 0,986764 0,000519
натуральная 5,129899 0,002697
могут 0,760451 0,000400
việt 1,140915 0,000600
отказ 0,910391 0,000479
читайте 4,436752 0,002333
падение 2,732003 0,001436
сохранением 0,986764 0,000519
дзюдо 1,466337 0,000771
получил 1,002764 0,001054
стороны 1,546380 0,000813
один 0,711058 0,000374
синхронное 1,664163 0,000875
себе 1,546380 0,000813
банджи 5,129899 0,002697
иметь 2,239527 0,001177
всему 2,357310 0,001239
длина 2,421849 0,001273
фридайвинг 5,129899 0,002697
дебютировали 3,338139 0,001755
гонки 1,002764 0,001054
игльсе 5,129899 0,002697
джампинг 5,129899 0,002697
последний 0,773190 0,000407
класс 2,732003 0,001436
последние 1,178655 0,000620
экипажи 5,129899 0,005394
владимира 2,490841 0,001310
экипажа 5,129899 0,002697
инвентарь 2,134166 0,001122
индейцев 5,129899 0,002697
автотриал 5,129899 0,002697
pdf 0,940244 0,000494
специально 2,185460 0,001149
сша 0,586604 0,000308
описание 0,986764 0,000519
спортивное 2,134166 0,001122
вейкбординг 5,129899 0,002697
bahasa 1,086847 0,001143
ракета 5,129899 0,002697
сборный 5,129899 0,002697
членов 2,644992 0,001391
lietuvių 1,140915 0,000600
ibsf 5,129899 0,002697
современное 1,574551 0,000828
стрельба 1,492313 0,001569
ракеты 4,436752 0,002333
словари 1,217876 0,000640
команда 0,663991 0,001396
старом 4,031286 0,002119
тоне 5,129899 0,002697
сквош 1,728701 0,000909
вклад 0,971016 0,000511
indonesia 1,086847 0,000571
гунтисом 5,129899 0,002697
степанович 3,743604 0,001968
текст 0,986764 0,000519
команды 0,555188 0,000584
issn 3,338139 0,001755
ноября 0,971016 0,001021
проводиться 2,038856 0,001072
никогда 1,951845 0,001026
esperanto 1,198073 0,000630
трассам 4,436752 0,002333
айварса 5,129899 0,002697
состояла 2,732003 0,001436
authors 5,129899 0,005394
перейти 0,867219 0,000912
распространенные 4,031286 0,002119
лонгбординг 5,129899 0,002697
портал 1,518981 0,000799
золото 1,217876 0,001281
нужно 1,492313 0,000785
скелетон 1,258698 0,001324
air 4,031286 0,002119
українська 1,035554 0,000544
зинтиса 5,129899 0,002697
находится 1,492313 0,000785
группа 1,834062 0,000964
единственная 3,050457 0,001604
лякросс 1,762603 0,000927
вэф 5,129899 0,008091
передовому 5,129899 0,002697
проводили 2,827314 0,001486
мотокросс 5,129899 0,002697
слово 2,239527 0,001177
группой 3,743604 0,001968
четырёхместных 5,129899 0,005394
экманиса 5,129899 0,002697
universalis 1,951845 0,001026
завоевав 2,732003 0,001436
рэкетс 1,728701 0,000909
ответственности 0,971016 0,000511
дайвинг 4,436752 0,006998
его 0,447767 0,000235
имеющий 3,743604 0,001968
cite 1,258698 0,001324
php 0,986764 0,000519
шорт 1,086847 0,000571
бадминтон 1,546380 0,000813
нельзя 2,296685 0,001208
европейские 2,038856 0,001072
мире 1,198073 0,001260
санях 4,436752 0,006998
приходили 3,520461 0,001851
горнолыжный 1,301257 0,001368
мира 0,367725 0,000773
дрифт 2,421849 0,001273
pages 0,986764 0,000519
причем 4,031286 0,002119
ледолазание 5,129899 0,002697
frysk 1,762603 0,000927
директор 2,085376 0,001096
гэльский 1,762603 0,000927
придав 5,129899 0,002697
каньонинг 5,129899 0,002697
обслуживание 4,031286 0,004239
вверх 2,421849 0,001273
трактриал 5,129899 0,002697
олега 3,050457 0,001604
гандбол 1,178655 0,001859
проводятся 1,574551 0,002484
объединению 3,520461 0,001851
шнепстса 5,129899 0,002697
svenska 1,035554 0,000544
годов 1,301257 0,000684
моторные 5,129899 0,002697
назад 1,140915 0,000600
моторный 1,762603 0,000927
куки 0,971016 0,000511
список 1,198073 0,000630
ссср 0,940244 0,002472
доступен 0,971016 0,000511
будо 1,762603 0,000927
boardsports 5,129899 0,002697
фехтование 1,546380 0,000813
последовательных 4,031286 0,002119
перетягивание 1,762603 0,000927
так 0,597299 0,000314
там 1,603538 0,000843
иногда 1,951845 0,001026
поворота 4,031286 0,002119
французский 1,392229 0,000732
interlingua 1,603538 0,000843
федерация 1,002764 0,003163
труненков 5,129899 0,002697
наградах 5,129899 0,002697
примечания 1,002764 0,001054
где 0,675551 0,001066
основании 2,827314 0,001486
токовой 5,129899 0,002697
других 0,853233 0,000897
четвёрке 4,436752 0,002333
традиции 2,490841 0,002619
гдр 2,038856 0,001072
сообщить 0,799165 0,000420
повороты 3,338139 0,001755
пятиборье 1,574551 0,000828
лабиринт 5,129899 0,002697
быть 0,773190 0,000813
нынешний 3,520461 0,001851
федераций 2,134166 0,001122
федерации 0,663991 0,000349
сноркелинг 5,129899 0,002697
парашютизм 5,129899 0,002697
скалолазание 1,728701 0,001818
национальных 1,871802 0,000984
маунтинбординг 5,129899 0,002697
делали 3,743604 0,001968
спорт 0,224624 0,001299
конный 1,664163 0,000875
разработать 5,129899 0,002697
этом 0,565551 0,000297
мобильная 0,608110 0,000320
ледовым 5,129899 0,002697
english 0,925206 0,000973
прямого 3,338139 0,001755
национальные 1,695912 0,000892
этот 0,825834 0,000434
разгон 4,436752 0,004665
четыре 1,140915 0,000600
марка 2,038856 0,001072
suomi 1,052361 0,000553
парасейлинг 5,129899 0,002697
flowriding 5,129899 0,002697
ladino 3,743604 0,001968
глава 1,546380 0,000813
художественная 1,633391 0,000859
составе 1,546380 0,001626
стали 0,971016 0,001532
română 1,122566 0,000590
аппараты 5,129899 0,002697
français 1,019025 0,000536
дертсерф 5,129899 0,002697
советскому 4,436752 0,004665
элемент 0,955511 0,000502
использоваться 3,050457 0,001604
появился 2,296685 0,001208
тропина 5,129899 0,002697
спортивный 1,301257 0,002737
первая 0,867219 0,000456
состоял 3,520461 0,001851
российские 1,301257 0,000684
впервые 0,839439 0,000441
oʻzbekcha 1,140915 0,000600
конструкции 3,338139 0,003510
женщины 0,881403 0,000463
раз 0,504926 0,000265
чемпионат 0,277868 0,000146
российским 1,994404 0,001049
ўзбекча 1,140915 0,000600
случайная 0,986764 0,000519
latviešu 1,052361 0,000553
пожалуйста 1,633391 0,001718
riverboarding 5,129899 0,002697
ожидании 3,520461 0,001851
скольжение 4,031286 0,002119
постоянная 0,986764 0,000519
шести 1,911023 0,001005
указанием 0,986764 0,000519
ниже 1,762603 0,000927
увеличило 4,031286 0,002119
версия 0,485508 0,000766
бадер 5,129899 0,002697
распада 2,564949 0,001349
ему 1,323236 0,000696
европы 0,524729 0,000552
пилота 4,436752 0,002333
тем 1,217876 0,000640
поло 1,441019 0,001515
спортивного 1,574551 0,000828
европе 1,492313 0,001569
без 0,466460 0,000736
между 0,955511 0,000502
знак 0,986764 0,000519
разработаны 3,183989 0,001674
пластмассам 5,129899 0,002697
принесли 3,050457 0,001604
туризм 4,031286 0,002119
руководство 1,603538 0,000843
двойка 5,129899 0,002697
соответствии 1,086847 0,000571
австралийский 1,728701 0,000909
jet 5,129899 0,002697
монолитной 5,129899 0,002697
улдиса 4,436752 0,002333
виды 0,773190 0,002846
виду 2,490841 0,001310
сопротивление 2,827314 0,001486
медиафайлы 1,217876 0,000640
клуб 0,940244 0,000494
негодайло 5,129899 0,002697
миллионов 1,911023 0,002009
архивировано 1,104547 0,001742
galego 1,178655 0,000620
виндсёрфинг 5,129899 0,002697
короткий 0,971016 0,000511
виде 1,368699 0,001439
мария 1,834062 0,000964
владимиром 2,932674 0,001542
бобслея 4,436752 0,030325
бобслею 4,436752 0,009331
случаях 0,971016 0,000511
чемпионате 1,178655 0,000620
после 0,317714 0,000668
кодекс 0,971016 0,000511
central 2,732003 0,001436
street 3,743604 0,001968
вышел 1,574551 0,000828
бизнес 2,732003 0,001436
пилотов 4,031286 0,002119
статьи 0,524729 0,002207
заняла 1,951845 0,002052
факультета 4,436752 0,002333
бобслей 1,238078 0,009113
news 2,185460 0,001149
чемпионаты 1,574551 0,001656
бобслее 4,436752 0,004665
служебные 0,986764 0,000519
статья 0,986764 0,002594
языках 0,986764 0,000519
wikimedia 0,986764 0,000519
гасили 5,129899 0,002697
лыжах 1,178655 0,001859
канады 1,217876 0,000640
мировом 2,827314 0,001486
шаблонами 1,664163 0,000875
свободное 4,436752 0,002333
мигланса 5,129899 0,002697
свободной 0,986764 0,000519
bobsleigh 5,129899 0,002697
карате 1,728701 0,000909
бронзовую 3,520461 0,001851
может 0,630089 0,000663
ελληνικά 1,086847 0,000571
получить 0,747872 0,000393
язык 1,258698 0,000662
коллектив 3,520461 0,001851
мечтать 4,436752 0,002333
сильнее 2,134166 0,001122
связанные 0,881403 0,000463
реверс 5,129899 0,002697
гор 4,031286 0,002119
параплан 5,129899 0,002697
различные 1,951845 0,001026
отредактирована 0,986764 0,000519
содержит 2,732003 0,001436
melayu 1,368699 0,000720
машиноремонтного 5,129899 0,002697
основана 2,564949 0,001349
creative 0,986764 0,000519
nederlands 1,019025 0,000536
скайраннинг 5,129899 0,002697
italiano 1,035554 0,000544
год 0,687247 0,000361
экипажей 5,129899 0,002697
айсшток 1,728701 0,000909
харийса 5,129899 0,002697
улучшите 2,490841 0,002619
международным 1,871802 0,000984
հայերեն 1,198073 0,000630
искали 5,129899 0,002697
башҡортса 1,518981 0,000799
создан 2,357310 0,001239
euskara 1,122566 0,000590
commons 0,986764 0,001038
прочее 1,834062 0,000964
бейсджампинг 5,129899 0,002697
српскохрватски 1,416327 0,000745
оборудованным 5,129899 0,002697
увеличения 3,183989 0,001674
web 1,279751 0,000673
командном 2,296685 0,001208
учётную 0,986764 0,000519
bokmål 1,069456 0,000562
советского 2,421849 0,002547
текущие 0,940244 0,000494
стране 1,951845 0,001026
изменённом 5,129899 0,002697
snocross 5,129899 0,002697
глима 1,762603 0,000927
создать 0,825834 0,000434
вместе 1,178655 0,000620
выставила 5,129899 0,002697
международных 1,492313 0,000785
asturianu 1,323236 0,000696
журналистики 5,129899 0,002697
цеха 5,129899 0,002697
управляемых 5,129899 0,002697
сделаны 3,743604 0,001968
свяжитесь 0,986764 0,000519
юлия 2,085376 0,002193
использовал 3,183989 0,001674
печать 0,986764 0,000519
выступили 2,644992 0,001391
simple 1,140915 0,000600
летние 1,238078 0,000651
союзу 5,129899 0,005394
истории 0,630089 0,000331
пелота 1,728701 0,000909
том 0,895792 0,000471
олимпиаде 0,895792 0,000471
фонд 0,940244 0,000494
дерева 3,743604 0,001968
кисиелс 5,129899 0,002697
состав 1,238078 0,000651
основная 1,323236 0,001391
обсуждение 0,881403 0,000927
тренера 1,546380 0,000813
союза 1,797694 0,000945
союзе 3,050457 0,001604
скелетона 4,436752 0,006998
организации 0,812411 0,001281
янсонса 5,129899 0,002697
товарный 0,986764 0,000519
фибс 5,129899 0,002697
фибт 5,129899 0,002697
обновления 2,644992 0,001391
история 0,555188 0,001168
снаряды 3,520461 0,001851
сочинской 5,129899 0,002697
олимпиады 0,925206 0,000486
почти 1,323236 0,000696
три 0,786093 0,000827
евгений 1,258698 0,000662
калгари 2,932674 0,001542
начиная 1,492313 0,001569
скелетоне 5,129899 0,002697
латвийскому 5,129899 0,002697
недостатков 1,633391 0,000859
российская 0,799165 0,000420
боб 3,520461 0,012956
положило 3,743604 0,001968
печати 0,955511 0,000502
мгу 5,129899 0,002697
названии 3,338139 0,001755
более 0,853233 0,000449
поиск 0,735450 0,000387
экипажем 5,129899 0,002697
бокинг 5,129899 0,002697
агрессив 5,129899 0,002697
условий 0,881403 0,000463
парка 3,520461 0,001851
четверках 4,436752 0,002333
oldid 0,986764 0,000519
лыжи 1,019025 0,001072
спидвей 5,129899 0,002697
катание 0,534779 0,000562
посадка 5,129899 0,002697
как 0,232059 0,000732
первое 1,279751 0,000673
турист 5,129899 0,002697
алексей 1,238078 0,001953
рижский 4,436752 0,002333
генерального 2,827314 0,001486
виражи 5,129899 0,002697
древолазание 5,129899 0,002697
вингсьют 5,129899 0,002697
стоимость 2,827314 0,007432
трамплина 1,159607 0,000610
тарашкевіца 1,198073 0,000630
деревянные 4,436752 0,002333
оборудовании 5,129899 0,002697
шнепстс 5,129899 0,002697
высот 3,743604 0,001968
этого 0,881403 0,000927
контруклона 5,129899 0,002697
cymraeg 1,574551 0,000828
высокий 2,932674 0,001542
авторства 0,986764 0,000519
второе 1,603538 0,000843
sicilianu 2,038856 0,001072
рубрика 4,436752 0,002333
условия 0,411400 0,000433
заслуженных 5,129899 0,002697
знакомы 4,436752 0,002333
австрии 2,421849 0,001273
català 1,086847 0,000571
дальнейшем 2,357310 0,001239
dansk 1,069456 0,000562
занял 2,085376 0,001096
новые 0,747872 0,000393
ещё 0,420369 0,000442
иварса 5,129899 0,002697
теннис 0,495170 0,000521
фигурное 0,534779 0,000281
финский 1,633391 0,000859
ханжина 5,129899 0,002697
качались 5,129899 0,002697
просмотры 0,986764 0,000519
فارسی 1,104547 0,000581
менее 1,258698 0,000662
беларуская 1,069456 0,001125
ставку 2,421849 0,001273
александр 0,925206 0,001459
двухместного 5,129899 0,002697
рейд 5,129899 0,002697
а 0,209918 0,000993
в 0,017911 0,000640
г 0,925206 0,001459
ледяной 3,338139 0,001755
викимедиа 0,986764 0,000519
е 0,867219 0,000912
и 0,023953 0,000378
политика 0,239550 0,000126
й 0,825834 0,000434
к 0,132686 0,000209
велоспорт 1,178655 0,001239
ультрамарафон 4,436752 0,002333
azərbaycanca 1,258698 0,000662
о 0,042302 0,000089
альпинизм 1,323236 0,001391
санкт 1,279751 0,002019
латыш 4,031286 0,002119
с 0,036149 0,000494
она 0,825834 0,000434
скейтбординг 1,762603 0,001853
х 0,986764 0,001556
дополнительные 0,986764 0,000519
аколовса 5,129899 0,002697
ч 2,644992 0,002781
скачать 0,895792 0,000942
они 0,760451 0,000400
инженеров 5,129899 0,002697
заглавная 0,986764 0,000519
планеризм 5,129899 0,002697
челерину 5,129899 0,002697
сочи 0,853233 0,000449
футбол 0,285712 0,000751
объединяет 2,827314 0,001486
атлетика 1,052361 0,001107
by 0,971016 0,000511
регби 0,955511 0,001005
должна 1,238078 0,000651
бобслейная 5,129899 0,005394
русский 0,839439 0,000441
множественные 5,129899 0,005394
русским 3,520461 0,001851
cc 0,986764 0,000519
радиуса 5,129899 0,002697
мячом 1,104547 0,000581
метров 1,762603 0,002780
время 0,384967 0,000202
австрия 2,239527 0,001177
supercross 5,129899 0,002697
поведения 0,895792 0,000471
каталанская 1,695912 0,000892
санями 4,436752 0,002333
cs 3,520461 0,003702
легкоатлетов 4,031286 0,002119
алфавиту 1,159607 0,000610
ресурсы 1,104547 0,000581
ранее 1,104547 0,000581
bikol 2,732003 0,001436
представились 0,986764 0,000519
river 5,129899 0,002697
de 1,871802 0,001968
расположенную 4,031286 0,002119
восточной 2,564949 0,001349
粵語 1,178655 0,000620
состоит 1,546380 0,000813
организован 3,183989 0,001674
упоминаемое 5,129899 0,002697
неэнциклопедическим 2,932674 0,003084
восемь 2,038856 0,001072
викиданных 0,986764 0,000519
рус 1,368699 0,000720
возрождение 3,183989 0,001674
описывает 4,436752 0,002333
викискладе 1,217876 0,000640
сноуборд 1,238078 0,000651
показать 0,825834 0,000434
автокросс 5,129899 0,002697
основные 2,134166 0,001122
бурному 5,129899 0,002697
олимпийские 0,895792 0,000942
обратило 4,436752 0,002333
дополнить 3,338139 0,001755
мягкая 5,129899 0,002697
internationale 3,183989 0,001674
олимпийский 0,853233 0,000449
et 4,031286 0,002119
хёрлинг 1,762603 0,000927
кипурса 5,129899 0,002697
соревнованиях 1,159607 0,001829
читать 0,586604 0,000617
игр 0,367725 0,000387
распоряжению 5,129899 0,002697
саночников 4,436752 0,004665
банка 3,338139 0,001755
дополните 3,338139 0,001755
вернула 4,436752 0,002333
англ 1,159607 0,000610
датская 1,518981 0,000799
волейбол 1,019025 0,000536
title 0,986764 0,000519
олимпийских 0,799165 0,002101
мере 2,490841 0,001310
плавание 1,198073 0,001260
биатлон 0,534779 0,000281
пожертвовать 0,986764 0,000519
поиску 0,971016 0,000511
саней 4,436752 0,009331
мог 1,762603 0,000927
экстремальный 4,436752 0,002333
воевода 5,129899 0,005394
одного 1,140915 0,001200
ссылка 0,786093 0,000827
sledding 5,129899 0,002697
kiswahili 2,185460 0,001149
solo 4,436752 0,002333
bodyboarding 5,129899 0,002697
ссылки 0,839439 0,002207
кипурс 5,129899 0,005394
srpskohrvatski 1,416327 0,000745
экспериментальная 5,129899 0,002697
中文 1,035554 0,000544
боба 5,129899 0,010788
середине 1,994404 0,001049
кругосвет 1,994404 0,001049
выше 1,664163 0,001750
коньках 2,932674 0,001542
материальных 5,129899 0,002697
виктории 4,031286 0,002119
швейцария 1,603538 0,000843
среди 0,597299 0,000628
латвия 1,834062 0,000964
разделами 1,951845 0,002052
отдельных 0,986764 0,000519
стальными 5,129899 0,002697
https 0,699082 0,000368
перепад 4,436752 0,002333
написания 2,644992 0,001391
хай 4,031286 0,002119
квадах 1,762603 0,000927
результат 1,416327 0,000745
татарча 1,392229 0,000732
tiếng 1,140915 0,000600
עברית 1,052361 0,000553
index 0,986764 0,000519
эта 0,867219 0,001368
жёлоб 5,129899 0,002697
начальника 4,031286 0,002119
тасс 1,695912 0,000892
особенностей 3,520461 0,001851
боулдеринг 5,129899 0,002697
избранные 0,971016 0,000511
бобами 5,129899 0,002697
северной 2,185460 0,001149
содержанием 2,827314 0,002973
чем 0,747872 0,000393
монобоба 5,129899 0,002697
крикет 1,762603 0,000927
был 0,663991 0,001047
десятке 4,031286 0,002119
это 0,277868 0,000438
экспериментальной 5,129899 0,002697
ironing 5,129899 0,002697
aragonés 1,762603 0,000927
спортсменом 2,827314 0,001486
триатлон 1,633391 0,000859
код 0,986764 0,006744
два 0,760451 0,000400
лука 1,198073 0,000630
прямой 2,239527 0,001177
спортсменов 0,786093 0,000413
тяжёлая 1,633391 0,000859
тобогган 4,436752 0,002333
осталась 2,732003 0,001436
url 0,986764 0,000519
заменены 3,743604 0,001968
миезиса 5,129899 0,002697
бронзу 2,085376 0,001096
сентября 1,069456 0,001125
новости 0,301585 0,000159
войти 0,735450 0,000387
freestyle 4,436752 0,004665
гольф 1,574551 0,000828
или 0,576022 0,001211
surfing 5,129899 0,002697
бобсле 5,129899 0,002697
первых 1,518981 0,000799
ქართული 1,392229 0,000732
қазақша 1,178655 0,000620
bmx 5,129899 0,008091
радио 2,421849 0,001273
байдарках 1,603538 0,000843
смит 3,183989 0,001674
крутизне 5,129899 0,002697
использования 0,393700 0,000207
кайтсёрфинг 5,129899 0,002697
bnf 1,834062 0,000964
смекалка 5,129899 0,002697
особые 3,743604 0,001968
инструменты 0,986764 0,001038
сложившихся 5,129899 0,002697
затем 1,301257 0,000684
характера 3,050457 0,001604
bob 3,743604 0,001968
максимальная 3,183989 0,001674
бобах 5,129899 0,005394
первые 0,971016 0,000511
тоҷикӣ 1,695912 0,000892
латвийский 4,031286 0,002119
обращения 0,925206 0,001946
программу 1,466337 0,000771
солт 2,644992 0,001391
первый 0,687247 0,000361
уменьшило 5,129899 0,002697
февраля 0,232059 0,000488
подлубный 5,129899 0,002697
ошибке 0,955511 0,000502
австрийском 4,031286 0,002119
gliding 5,129899 0,002697
слалом 4,031286 0,002119
четырёх 1,603538 0,000843
пять 1,368699 0,000720
события 0,663991 0,000349
представляющий 3,520461 0,001851
luging 5,129899 0,002697
германии 1,323236 0,000696
тогда 1,466337 0,001542
соревнования 0,663991 0,002095
осисом 5,129899 0,002697
deutsch 1,052361 0,000553
пяти 1,574551 0,001656
исключённые 1,762603 0,000927
соответствующей 3,050457 0,001604
лёгкая 1,238078 0,000651
прыжки 1,019025 0,001607
распространение 2,644992 0,001391
scootering 5,129899 0,002697
велтина 5,129899 0,002697
вэфе 5,129899 0,005394
материал 0,825834 0,000868
скиджоринг 1,762603 0,000927
скиинг 1,762603 0,000927
директора 2,421849 0,001273
соревнований 0,881403 0,000927
ориентирование 4,031286 0,002119
зимних 1,633391 0,000859
bellyboarding 5,129899 0,002697
планёрный 1,762603 0,000927
менялось 5,129899 0,002697
лейк 2,357310 0,002479
разработки 3,743604 0,001968
экипаж 5,129899 0,010788
зимний 2,296685 0,001208
роль 2,038856 0,001072
сани 3,338139 0,007020
навигация 0,986764 0,001038
страница 0,940244 0,000989
лицензии 0,986764 0,000519
четырёхместного 5,129899 0,002697
ленёва 5,129899 0,002697
странице 0,971016 0,000511
борьба 1,002764 0,000527
запись 0,955511 0,000502
навигации 0,986764 0,000519
qr 0,986764 0,000519
сборная 0,711058 0,000374
правила 0,910391 0,000957
тренировок 2,421849 0,001273
спидглайдинг 5,129899 0,002697
tobaganning 5,129899 0,002697
coasteering 5,129899 0,002697
страницу 0,971016 0,000511
сараево 3,050457 0,001604
бобслейной 5,129899 0,002697
санный 1,301257 0,001368
страницы 0,971016 0,001021
зимние 1,159607 0,002439
吴语 1,238078 0,000651
фристайл 1,279751 0,002019
гимнастика 1,238078 0,001302
водное 1,492313 0,000785
собачьих 1,762603 0,000927
hrvatski 1,052361 0,000553
женские 2,490841 0,001310
женщин 1,368699 0,000720
россии 0,160085 0,000758
английский 2,732003 0,001436
ru 0,285712 0,000451
действовать 0,955511 0,000502
анастасия 2,732003 0,001436
роке 1,762603 0,000927
упряжках 1,762603 0,000927
кубок 0,524729 0,000276
конструктора 4,436752 0,002333
sa 0,986764 0,000519
рублей 2,038856 0,003216
occitan 1,466337 0,000771
прозвали 5,129899 0,002697
сигулда 4,436752 0,002333
уже 0,687247 0,000361
мужчин 1,492313 0,000785
скорости 2,421849 0,001273
дата 0,881403 0,001854
nynorsk 1,546380 0,000813
sh 1,797694 0,000945
западе 2,827314 0,001486
внешние 1,122566 0,000590
того 0,955511 0,000502
вы 0,325878 0,000171
клифф 4,436752 0,002333
free 3,520461 0,001851
притормаживать 4,436752 0,002333
январе 2,421849 0,001273
español 1,019025 0,000536
конце 1,518981 0,000799
спид 1,762603 0,000927
россия 0,699082 0,001103
моховая 5,129899 0,002697
рекам 5,129899 0,002697
энциклопедии 0,986764 0,001038
мастеров 2,564949 0,001349
кёрлинг 1,279751 0,000673
скорость 2,421849 0,005093
tagalog 1,911023 0,001005
bosanski 1,345709 0,000708
виктор 1,574551 0,000828
associated 0,986764 0,000519
января 0,825834 0,001303
български 1,086847 0,000571
четвёрках 5,129899 0,002697
сноукайтинг 5,129899 0,002697
to 2,038856 0,001072
январь 2,827314 0,001486
персональные 0,971016 0,000511
здесь 1,911023 0,001005
брейкинг 1,762603 0,000927
настольный 1,238078 0,000651
журнал 2,185460 0,001149
де 0,955511 0,000502
формировать 4,436752 0,002333
специалиста 2,932674 0,001542
спелеотуризм 5,129899 0,002697
шайбой 1,122566 0,000590
большая 1,069456 0,001687
роландса 5,129899 0,002697
сайт 0,773190 0,000407
американский 1,258698 0,000662
до 0,239550 0,000504
четвёртом 3,338139 0,001755
зарегистрированный 0,986764 0,000519
шванкса 5,129899 0,002697
брейкмана 5,129899 0,002697
трех 2,732003 0,001436
родиной 4,436752 0,002333
сюда 0,986764 0,000519
началось 2,490841 0,001310
двух 1,002764 0,002636
трек 1,159607 0,000610
extreme 4,436752 0,006998
цитировать 0,986764 0,000519
собственные 2,732003 0,001436
морице 4,031286 0,004239
набирали 4,436752 0,002333
числа 2,357310 0,001239
кристины 5,129899 0,002697
лыжное 1,279751 0,000673
числе 1,546380 0,000813
проведения 1,258698 0,000662
norsk 1,052361 0,001107
баскетбол 0,773190 0,000407
морица 5,129899 0,002697
кубка 0,825834 0,000434
роликовые 5,129899 0,008091
ido 1,546380 0,000813
зачёте 2,644992 0,001391
для 0,146292 0,000538
снарядов 3,743604 0,001968
гребля 1,518981 0,001597
флаг 1,279751 0,000673
её 1,104547 0,000581
механиков 5,129899 0,002697
вид 1,104547 0,000581
же 0,925206 0,001946
трасса 3,338139 0,012285
роликовых 5,129899 0,002697
горный 3,743604 0,001968
латвийском 5,129899 0,002697
двигаться 3,183989 0,001674
национальная 1,574551 0,000828
polski 1,035554 0,000544
кубке 1,441019 0,000758
способа 5,129899 0,002697
батуте 1,728701 0,000909
дань 3,743604 0,001968
что 0,239550 0,000126
александрова 3,520461 0,001851
править 0,986764 0,013489
за 0,125952 0,000199
жё 1,728701 0,000909
соединил 5,129899 0,002697
софтбол 1,695912 0,000892
bobskesan 5,129899 0,002697
медаль 1,416327 0,000745
виражами 5,129899 0,002697
позиции 1,871802 0,000984
дано 4,031286 0,002119
призваны 4,436752 0,002333
было 0,438551 0,000692
org 0,986764 0,000519
подробнее 0,723179 0,000380
арвидса 5,129899 0,002697
трассы 2,932674 0,006168
стандартам 3,743604 0,001968
зимней 2,239527 0,001177
были 0,799165 0,001681
советский 2,038856 0,001072
была 0,652562 0,001372
доской 4,436752 0,002333
трассе 3,050457 0,001604
из 0,106018 0,000613
студии 4,031286 0,002119
тему 1,664163 0,000875
августа 1,052361 0,000553
показательные 1,466337 0,000771
сократили 4,031286 0,002119
их 0,799165 0,000420
яниса 4,436752 0,004665
скрытые 1,122566 0,000590
мусьякова 5,129899 0,002697
мотопараплан 5,129899 0,002697
српски 1,035554 0,000544
pogo 5,129899 0,002697
форму 1,797694 0,000945
начались 2,932674 0,001542
хоккей 0,376309 0,000791
включён 2,932674 0,001542
obstacle 5,129899 0,002697
экстремальные 3,520461 0,001851
двоеборье 1,217876 0,000640
выпущенных 5,129899 0,002697
ряде 2,421849 0,001273
серия 1,052361 0,000553
ски 1,069456 0,000562
разогнаться 5,129899 0,002697
ралли 2,357310 0,002479
воднолыжный 5,129899 0,002697
предложению 3,183989 0,001674
srpski 1,035554 0,000544
ресурсов 3,743604 0,001968
культивировались 4,436752 0,002333
четвёртым 3,520461 0,001851
вперёд 2,085376 0,001096
частей 3,050457 0,001604
км 2,038856 0,002144
рафтинг 5,129899 0,002697
racing 4,436752 0,006998
является 1,086847 0,000571
лыжные 1,140915 0,000600
которые 0,760451 0,002399
разгоняющих 5,129899 0,005394
foundation 0,986764 0,000519
двое 2,564949 0,001349
клуба 1,178655 0,000620
спуск 3,520461 0,005553
конькобежный 1,238078 0,000651
янис 5,129899 0,002697
которым 1,518981 0,001597
участок 3,743604 0,001968
например 1,603538 0,000843
бобов 5,129899 0,002697
которых 1,052361 0,000553
türkçe 1,052361 0,000553
олимпийском 2,490841 0,001310
юрисом 5,129899 0,002697
спортивная 1,159607 0,001219
skiing 3,743604 0,001968
железобетонном 5,129899 0,002697
сплав 5,129899 0,002697
вниз 2,932674 0,001542
сити 1,546380 0,000813
한국어 1,035554 0,000544
минимального 4,436752 0,002333
америке 2,564949 0,001349
несколько 1,069456 0,001125
стран 1,546380 0,000813
собой 1,279751 0,002019
место 0,597299 0,000942
начало 1,633391 0,000859
прямых 3,520461 0,001851
развитию 2,134166 0,001122
начали 1,546380 0,000813
начале 1,301257 0,000684
макарова 4,031286 0,002119
свежие 0,910391 0,000479
производственному 5,129899 0,002697
сборной 0,825834 0,000868
универсальная 2,085376 0,001096
участие 0,597299 0,000314
статей 2,134166 0,001122
крокет 1,762603 0,000927
на 0,023953 0,000491
старая 1,368699 0,000720
не 0,099461 0,000366
незавершёнными 3,338139 0,003510
ссылками 1,159607 0,000610
climbing 5,129899 0,002697
онлайн 0,773190 0,000407
но 0,402511 0,000635
xix 1,834062 0,000964
раздел 2,296685 0,002415
водные 0,867219 0,000912
количество 1,217876 0,001281
бейсбол 1,466337 0,001542
magyar 1,086847 0,000571
русская 2,732003 0,002873
нами 0,853233 0,000449
международная 1,301257 0,002052
об 0,217244 0,000114
советском 2,932674 0,001542
некоммерческой 0,986764 0,000519
каякинг 5,129899 0,002697
ои 0,812411 0,038015
завоевали 2,038856 0,001072
справка 0,986764 0,000519
советское 3,183989 0,001674
развитие 1,633391 0,000859
он 0,534779 0,000281
перевалило 4,436752 0,002333
тхэквондо 1,633391 0,000859
монета 3,520461 0,001851
году 0,630089 0,003313
категории 0,986764 0,001038
от 0,160085 0,000168
форум 0,881403 0,000463
сотню 4,436752 0,002333
санно 5,129899 0,005394
правилами 1,323236 0,000696
поручение 5,129899 0,002697
зубков 5,129899 0,008091
статистика 0,652562 0,000343
бокс 0,576022 0,000606
слэклайн 5,129899 0,002697
годах 1,492313 0,000785
внимание 1,871802 0,000984
упатниекса 5,129899 0,002697
все 0,125952 0,000066
википедия 0,986764 0,004669
участка 4,436752 0,002333
городе 1,994404 0,001049
года 0,239550 0,001889
по 0,073653 0,000658
официальных 1,664163 0,000875
крайней 3,183989 0,001674
inc 0,986764 0,000519
помогли 3,520461 0,001851
сюжет 3,520461 0,001851
сведения 0,812411 0,000427
сыграла 2,827314 0,001486
português 1,035554 0,000544
всё 1,159607 0,000610
пришествия 5,129899 0,002697
академическая 1,574551 0,000828
кыргызча 2,085376 0,001096
сообщество 0,986764 0,000519
видов 1,392229 0,000732
сёрфинг 1,762603 0,001853
википедии 0,986764 0,001038
источник 0,853233 0,000449
