готов 2,038856 0,002320
яном 5,129899 0,005836
образ 4,031286 0,004586
легендарная 3,183989 0,003622
рпл 1,140915 0,002596
ещё 0,420369 0,002391
пояс 3,183989 0,003622
вызов 3,050457 0,003470
еще 0,955511 0,001087
мировыми 4,436752 0,005047
теннис 0,495170 0,001690
случилось 2,732003 0,003108
приняли 1,633391 0,001858
фигурное 0,534779 0,002434
со 0,447767 0,001019
увольнял 5,129899 0,005836
юлаева 4,031286 0,004586
вернул 3,183989 0,003622
поставила 3,743604 0,004259
турнирах 1,871802 0,002129
усман 4,436752 0,005047
карпин 3,050457 0,006941
потанин 4,031286 0,009172
карседо 3,338139 0,003798
александр 0,925206 0,001053
первом 1,052361 0,001197
а 0,209918 0,000716
б 1,466337 0,001668
в 0,017911 0,000672
г 0,925206 0,002105
д 0,895792 0,001019
реклама 0,735450 0,000837
чехии 1,911023 0,002174
и 0,023953 0,000463
интер 1,633391 0,003716
перенес 4,031286 0,004586
к 0,132686 0,000453
то 0,652562 0,000742
о 0,042302 0,000144
финала 1,104547 0,002513
с 0,036149 0,000535
автоспорт 3,338139 0,011393
относятся 2,490841 0,002834
у 0,342407 0,000390
экс 1,994404 0,002269
назвал 1,323236 0,001505
бенфика 2,644992 0,003009
я 0,853233 0,000971
русские 3,183989 0,003622
футбол 0,285712 0,001300
атлетика 1,052361 0,003592
весь 1,951845 0,002221
бойца 3,183989 0,003622
ул 2,732003 0,003108
бенфику 2,932674 0,003336
дэвиса 1,633391 0,001858
прав 2,564949 0,002918
зрителям 3,520461 0,004005
хабиб 2,421849 0,005510
нападающего 2,564949 0,002918
этаж 4,031286 0,004586
деле 2,421849 0,002755
четвертьфинале 1,994404 0,002269
боец 2,827314 0,006433
атлетико 1,911023 0,004348
про 1,301257 0,001480
весе 3,050457 0,003470
сошлись 4,436752 0,005047
легкая 2,564949 0,008754
мадридский 4,436752 0,005047
главный 1,035554 0,001178
проекте 1,546380 0,001759
туда 3,338139 0,003798
фс 2,085376 0,002372
красную 2,644992 0,003009
призвал 2,732003 0,003108
прежде 2,185460 0,002486
псж 1,518981 0,003456
isu 1,603538 0,001824
сыграет 1,603538 0,016418
млн 1,728701 0,001967
своего 1,368699 0,001557
остановил 3,743604 0,004259
показать 0,825834 0,004698
унизительной 4,436752 0,005047
прокомментировал 2,564949 0,002918
дагестанцами 5,129899 0,005836
отсутствие 2,038856 0,002320
овертайма 4,031286 0,004586
отсутствии 4,031286 0,004586
юлаев 2,185460 0,002486
судья 1,834062 0,002087
согласен 3,520461 0,004005
победу 0,910391 0,001036
слов 2,421849 0,002755
тяжеловес 4,436752 0,005047
хоккейного 2,564949 0,002918
расизм 4,031286 0,004586
побила 4,436752 0,005047
сколько 1,834062 0,002087
отказ 0,910391 0,001036
вендел 2,490841 0,005667
получил 1,002764 0,003422
родным 4,436752 0,005047
продают 5,129899 0,005836
обыграла 1,911023 0,002174
авербухом 5,129899 0,005836
мне 1,871802 0,002129
потерял 2,490841 0,002834
наказанием 4,031286 0,004586
всех 0,652562 0,002227
сменила 3,050457 0,003470
чехию 2,932674 0,003336
полностью 1,546380 0,001759
чехия 1,518981 0,001728
всем 1,762603 0,002005
видео 0,699082 0,000795
вызвал 4,031286 0,004586
биатлон 0,534779 0,001825
предложил 2,038856 0,002320
геннадий 2,644992 0,003009
эфир 2,085376 0,002372
раскрыла 3,520461 0,004005
асланбека 5,129899 0,005836
счетом 2,239527 0,005096
осталось 2,421849 0,002755
шанхайских 3,743604 0,004259
зарабатывает 4,436752 0,005047
выгнал 4,436752 0,005047
последние 1,178655 0,001341
мок 1,574551 0,001791
аккерман 5,129899 0,011672
эпоха 2,732003 0,003108
шанхайские 2,827314 0,003217
защищены 2,490841 0,002834
сша 0,586604 0,001335
лишают 4,031286 0,004586
спортивной 1,416327 0,001611
посетил 3,520461 0,004005
кардинально 3,338139 0,003798
бадаева 4,436752 0,005047
канала 2,564949 0,002918
киберспорт 1,762603 0,006016
анатолия 3,338139 0,003798
зрение 4,436752 0,010095
долгах 5,129899 0,005836
москва 0,760451 0,000865
джентельмен 5,129899 0,011672
российской 1,178655 0,001341
амура 3,743604 0,004259
сказала 3,338139 0,003798
недопуском 5,129899 0,005836
лучшие 1,019025 0,003478
лицо 3,050457 0,003470
офф 1,019025 0,001159
должен 1,122566 0,001277
зато 3,183989 0,003622
бизнесменом 3,743604 0,004259
возвращение 1,762603 0,002005
хочу 2,421849 0,002755
матча 1,002764 0,005704
pfl 2,421849 0,005510
котором 1,217876 0,001386
торпедо 1,574551 0,003583
реал 1,492313 0,006791
чем 0,747872 0,001702
чемпиона 1,466337 0,003336
матче 0,747872 0,006807
жизни 1,122566 0,001277
общих 3,743604 0,004259
скучно 3,743604 0,004259
тренировками 3,743604 0,004259
гретцки 3,050457 0,006941
нужны 3,183989 0,003622
работать 2,296685 0,002613
слова 1,574551 0,003583
кросби 1,994404 0,006807
вальдо 5,129899 0,005836
связано 2,134166 0,002428
был 0,663991 0,002266
которого 1,345709 0,001531
амбиции 5,129899 0,005836
обзоры 3,338139 0,003798
сезона 1,052361 0,001197
глебове 5,129899 0,011672
kp 3,338139 0,007595
нашим 3,050457 0,003470
синие 2,932674 0,003336
прическу 5,129899 0,005836
его 0,447767 0,001528
загитова 2,357310 0,005364
тренер 0,895792 0,002038
брат 3,183989 0,003622
новости 0,301585 0,000686
фанатам 4,436752 0,005047
северстали 2,932674 0,003336
ягудин 3,743604 0,008518
вышла 1,466337 0,001668
россиянам 2,732003 0,006216
потому 2,085376 0,007117
компьютерное 5,129899 0,011672
пояса 2,827314 0,003217
драконов 3,743604 0,004259
эл 2,134166 0,002428
красно 2,490841 0,002834
успокойтесь 4,436752 0,005047
тренировку 2,644992 0,003009
чехией 3,050457 0,010411
улыбаются 5,129899 0,005836
рекордами 4,436752 0,005047
северсталь 2,134166 0,002428
уход 3,183989 0,003622
почему 1,122566 0,002554
брюгге 1,951845 0,004441
когда 0,652562 0,000742
японская 3,520461 0,004005
всего 0,812411 0,000924
стыковом 2,564949 0,002918
побить 3,520461 0,004005
воспринимались 5,129899 0,005836
фигурист 2,932674 0,003336
шахматы 1,871802 0,006388
минск 1,834062 0,004173
февраля 0,232059 0,003696
игру 1,466337 0,001668
бизнеса 3,183989 0,003622
недопуск 4,436752 0,005047
аналитика 2,421849 0,002755
буде 2,564949 0,005836
завершил 2,134166 0,004856
ян 2,038856 0,002320
происходит 1,695912 0,001929
марта 0,881403 0,001003
против 0,747872 0,005956
другие 0,384967 0,000438
хуже 2,732003 0,003108
истоков 4,031286 0,004586
заплатить 2,932674 0,003336
титул 1,603538 0,003649
салават 2,134166 0,002428
интервью 0,971016 0,001105
мировых 2,421849 0,002755
где 0,675551 0,000769
sports 1,301257 0,001480
волков 3,050457 0,006941
издание 1,911023 0,002174
потеряли 3,183989 0,003622
точку 3,050457 0,003470
винисиуса 2,644992 0,003009
сетевое 2,085376 0,002372
доминиканского 5,129899 0,005836
неделю 2,038856 0,002320
валиева 2,239527 0,007643
погряз 5,129899 0,005836
хейбати 5,129899 0,011672
титула 2,421849 0,002755
дагестана 4,031286 0,004586
тутберидзе 2,085376 0,004745
швеции 1,664163 0,001893
крутым 4,436752 0,005047
объяснила 3,520461 0,004005
жалобы 2,932674 0,003336
защитил 3,743604 0,004259
спорт 0,224624 0,001022
таки 2,296685 0,002613
этой 1,052361 0,001197
завершилась 2,732003 0,003108
шоу 1,441019 0,001639
свидетельство 2,564949 0,002918
тяжелой 3,743604 0,004259
раскошелиться 5,129899 0,005836
сборная 0,711058 0,000809
приехал 3,183989 0,003622
швеция 1,345709 0,001531
доигрались 5,129899 0,005836
сбор 2,644992 0,006018
принял 1,664163 0,001893
спартаке 2,827314 0,003217
стала 0,881403 0,001003
спартака 1,633391 0,003716
фигуристка 2,644992 0,003009
нурмагомедов 2,357310 0,008045
ангела 4,436752 0,005047
сборах 2,827314 0,003217
проползли 5,129899 0,005836
сама 2,644992 0,003009
законодательством 3,520461 0,004005
кхл 0,760451 0,008651
россии 0,160085 0,000182
британца 3,743604 0,004259
ru 0,285712 0,000650
фитнес 1,574551 0,003583
полюбил 5,129899 0,005836
сделал 1,695912 0,001929
работавший 3,338139 0,003798
выступлений 1,664163 0,003786
игрой 2,185460 0,002486
во 0,495170 0,000563
цели 2,296685 0,002613
прогноз 3,743604 0,004259
привела 3,183989 0,003622
драконы 2,644992 0,003009
букмекеры 1,664163 0,005680
помещ 5,129899 0,005836
трактор 2,134166 0,004856
зенита 1,797694 0,002045
трансферов 3,183989 0,003622
россия 0,699082 0,000795
россию 1,951845 0,002221
поля 1,603538 0,001824
смотреть 1,695912 0,019294
обратился 3,338139 0,003798
жулина 5,129899 0,005836
рекорд 1,198073 0,004089
позвали 3,520461 0,004005
объяснили 3,743604 0,004259
ледниковый 2,564949 0,005836
европы 0,524729 0,001194
плей 1,002764 0,001141
произошло 2,085376 0,002372
пара 2,932674 0,003336
без 0,466460 0,001061
сайт 0,773190 0,000880
американский 1,258698 0,001432
до 0,239550 0,000818
турнира 0,839439 0,000955
трансляции 1,441019 0,001639
акосты 4,436752 0,005047
зарегистрировано 1,951845 0,002221
потом 2,564949 0,005836
салавата 3,520461 0,004005
примерила 4,436752 0,005047
адрес 2,038856 0,002320
акосту 5,129899 0,005836
форварда 2,357310 0,002682
клетке 5,129899 0,005836
дорожках 4,436752 0,005047
амур 2,732003 0,003108
евро 1,466337 0,001668
первого 1,258698 0,001432
телефон 2,134166 0,002428
моуриньо 5,129899 0,005836
нацелился 5,129899 0,005836
отреагировал 2,644992 0,003009
баскетбол 0,773190 0,002639
период 1,159607 0,002638
сибирь 2,134166 0,004856
клуб 0,940244 0,001070
для 0,146292 0,000166
галлямова 4,436752 0,005047
сульянова 4,436752 0,005047
mma 2,038856 0,009278
гуменник 2,564949 0,005836
умер 2,185460 0,002486
круче 3,183989 0,007245
всегда 1,258698 0,001432
тарасова 2,827314 0,006433
оаэ 2,357310 0,005364
камилой 5,129899 0,005836
горели 5,129899 0,005836
выступлениях 3,338139 0,003798
объяснил 1,797694 0,008181
после 0,317714 0,000723
что 0,239550 0,002453
хлусевича 2,932674 0,003336
бизнес 2,732003 0,003108
вышел 1,574551 0,001791
кортеса 5,129899 0,005836
за 0,125952 0,000573
победил 1,279751 0,004368
канада 1,301257 0,002961
совсем 2,827314 0,003217
юмористическое 5,129899 0,005836
трансляцию 3,050457 0,020822
контакты 1,258698 0,001432
фигуристкой 5,129899 0,005836
внедрить 5,129899 0,005836
роскомнадзором 3,520461 0,004005
карточку 2,644992 0,003009
валерий 2,239527 0,002548
плющенко 2,239527 0,005096
дня 1,104547 0,001257
канады 1,217876 0,002771
овечкину 5,129899 0,005836
опубликовал 3,050457 0,003470
из 0,106018 0,000241
им 1,198073 0,001363
фанатов 2,357310 0,002682
домом 4,031286 0,004586
редактор 2,085376 0,002372
больше 0,812411 0,000924
губерниев 3,743604 0,008518
смартфоны 2,932674 0,003336
хоккей 0,376309 0,001712
спартак 0,786093 0,000894
восторг 5,129899 0,005836
сульянов 5,129899 0,005836
отстоял 4,436752 0,005047
ска 1,279751 0,002912
байер 1,994404 0,004538
ушёл 2,421849 0,002755
серия 1,052361 0,001197
цска 0,711058 0,000809
овечкин 1,762603 0,002005
стоял 4,031286 0,004586
права 1,518981 0,001728
ничья 2,357310 0,002682
вячеславовна 5,129899 0,005836
высмеял 5,129899 0,005836
влюбленных 5,129899 0,005836
бадаев 4,436752 0,005047
пугает 5,129899 0,005836
матч 0,411400 0,002808
является 1,086847 0,001236
кп 3,743604 0,004259
генич 2,644992 0,006018
кортес 5,129899 0,005836
олимпиакос 2,085376 0,004745
динамо 0,663991 0,001511
прогнозы 2,085376 0,007117
судействе 3,338139 0,003798
камила 2,357310 0,002682
допинг 2,185460 0,007459
судейство 2,490841 0,002834
самом 1,994404 0,002269
остались 2,644992 0,003009
побил 2,421849 0,002755
помирились 5,129899 0,005836
петр 2,239527 0,002548
лч 2,185460 0,002486
кошмар 3,050457 0,003470
монсон 3,743604 0,004259
шагов 3,338139 0,003798
полуфинал 1,633391 0,003716
показательных 3,050457 0,006941
камилы 4,436752 0,005047
носова 4,436752 0,005047
лиги 0,895792 0,003057
глимт 2,038856 0,004639
начало 1,633391 0,001858
побед 1,301257 0,001480
олеся 5,129899 0,005836
лиге 1,368699 0,004671
катаре 2,932674 0,003336
лига 0,402511 0,001832
рассказал 1,238078 0,001409
зацикливался 5,129899 0,005836
хабиба 5,129899 0,005836
истории 0,630089 0,000717
дуэ 3,520461 0,004005
опоздание 3,743604 0,008518
олимпиаде 0,895792 0,003057
на 0,023953 0,000518
олимпиада 1,104547 0,003770
центре 2,185460 0,002486
авербуха 5,129899 0,005836
не 0,099461 0,000905
травму 1,911023 0,004348
досрочно 2,421849 0,005510
которая 1,052361 0,001197
онлайн 0,773190 0,002639
но 0,402511 0,001832
дарить 4,031286 0,004586
почта 2,564949 0,002918
олимпиады 0,925206 0,001053
три 0,786093 0,000894
дважды 1,574551 0,001791
подписать 3,183989 0,003622
татьяна 3,050457 0,003470
об 0,217244 0,000247
ои 0,812411 0,003697
бой 2,134166 0,002428
он 0,534779 0,000608
достижения 1,695912 0,001929
даже 1,198073 0,001363
анисиной 5,129899 0,005836
чемпион 0,867219 0,000987
категории 0,986764 0,001123
от 0,160085 0,000546
жулин 4,031286 0,009172
навка 5,129899 0,011672
бокс 0,576022 0,001966
отлучают 5,129899 0,005836
чтоб 5,129899 0,005836
выйдет 3,520461 0,004005
катание 0,534779 0,002434
рестарта 5,129899 0,005836
схватка 3,338139 0,003798
хочет 2,357310 0,008045
как 0,232059 0,002376
все 0,125952 0,000430
года 0,239550 0,000545
новодмитровская 5,129899 0,005836
выпуск 2,827314 0,003217
гуменника 2,564949 0,011672
мишиной 4,436752 0,005047
жулиным 5,129899 0,005836
легком 5,129899 0,005836
ввести 3,183989 0,003622
валиевой 4,436752 0,005047
очень 1,140915 0,001298
ufc 1,441019 0,003279
вничью 1,797694 0,002045
маккиннон 2,239527 0,005096
чемпионов 0,652562 0,005939
помогло 3,743604 0,004259
единственной 2,421849 0,002755
внимания 3,338139 0,003798
