формуле 3,743604 0,011050
формула 1,728701 0,020410
день 0,760451 0,002245
формулу 4,031286 0,002380
стал 0,586604 0,000693
формулы 2,564949 0,025740
апл 1,871802 0,001105
со 0,447767 0,000264
центр 0,881403 0,001561
смотрится 5,129899 0,003028
стиле 2,932674 0,001731
мотора 4,436752 0,002619
доверие 4,031286 0,004759
одна 1,392229 0,000822
реклама 0,735450 0,001737
споров 3,520461 0,002078
фото 0,799165 0,002359
мультфильма 5,129899 0,003028
лет 0,475938 0,000281
чемпионская 2,490841 0,002941
надеется 3,743604 0,002210
то 0,652562 0,000385
сейчас 1,104547 0,002608
суд 2,827314 0,001669
замечаниями 5,129899 0,006057
макс 2,185460 0,002580
главные 1,086847 0,000642
хэмилтон 2,490841 0,010293
назвал 1,323236 0,002343
поп 1,911023 0,001128
пор 1,574551 0,000929
конфиденциальности 0,317714 0,000188
лейкерс 2,239527 0,001322
вхл 1,664163 0,000982
инженерных 5,129899 0,009085
билли 2,296685 0,001356
своей 1,002764 0,000592
теперь 0,971016 0,001146
дело 2,038856 0,001204
итальянский 2,732003 0,001613
социальные 3,338139 0,001971
изменит 4,031286 0,002380
ньюи 5,129899 0,012113
при 0,367725 0,000651
конкурентов 2,932674 0,001731
the 1,546380 0,003651
новичкам 5,129899 0,003028
сильный 3,183989 0,001880
проблема 2,932674 0,003462
главный 1,035554 0,000611
трицикл 5,129899 0,003028
голосовании 4,031286 0,007139
началу 3,050457 0,003601
кадиллаку 5,129899 0,006057
голосование 3,743604 0,002210
rds 1,911023 0,003384
последнее 2,296685 0,002712
чём 3,183989 0,001880
италия 0,867219 0,000512
футзал 2,085376 0,001231
лучшее 2,239527 0,001322
isu 1,603538 0,000947
лучшей 2,296685 0,002712
кадровые 3,743604 0,006630
наконец 2,296685 0,001356
кремля 2,490841 0,001470
антигонки 5,129899 0,003028
дождевых 4,436752 0,002619
боится 4,436752 0,007857
шумахер 3,520461 0,004156
машиной 4,436752 0,002619
однако 1,069456 0,000631
олимпизм 1,466337 0,000866
спорта 0,342407 0,000404
командам 2,827314 0,001669
база 1,871802 0,001105
получил 1,002764 0,000592
гонка 1,871802 0,002210
торо 5,129899 0,003028
перевороте 5,129899 0,003028
иметь 2,239527 0,001322
переворота 5,129899 0,003028
рекомендательные 1,762603 0,001040
содружества 1,518981 0,000897
чм 1,492313 0,002643
мотогонки 2,564949 0,003028
гонки 1,002764 0,000592
раскрыла 3,520461 0,002078
усомнились 4,436752 0,002619
live 1,518981 0,000897
наций 1,797694 0,001061
самодельный 5,129899 0,003028
дорогой 3,338139 0,001971
сокрытии 5,129899 0,003028
булл 2,357310 0,008349
ошибках 2,932674 0,001731
муки 4,436752 0,002619
ферстаппен 2,490841 0,007352
машин 4,031286 0,007139
метод 3,520461 0,002078
спортивном 2,038856 0,001204
хаджар 4,436752 0,007857
самая 1,911023 0,001128
примут 2,564949 0,001514
киберспорт 1,762603 0,001040
самбо 1,994404 0,001177
brave 2,564949 0,001514
телевизор 4,436752 0,005238
сборные 0,839439 0,000496
интернете 3,743604 0,002210
официально 1,159607 0,002054
чужих 5,129899 0,003028
конференций 1,728701 0,001020
ливерпуль 1,994404 0,001177
улетел 4,436752 0,002619
лучшие 1,019025 0,000602
мерседеса 5,129899 0,006057
команда 0,663991 0,000392
лучший 1,368699 0,004040
медленнее 5,129899 0,003028
ranynuevrg 2,564949 0,001514
лос 1,518981 0,000897
команде 1,258698 0,000743
мерседесе 4,436752 0,005238
команды 0,555188 0,001311
pfl 2,421849 0,001430
суперкар 5,129899 0,003028
боттас 2,490841 0,001470
албон 4,436752 0,002619
увеличивать 4,436752 0,007857
жизни 1,122566 0,000663
сезоне 1,466337 0,003462
прямо 2,296685 0,001356
показал 2,085376 0,002462
японские 3,338139 0,001971
серьёзную 3,338139 0,001971
скелетон 1,258698 0,000743
определиться 5,129899 0,003028
мерседес 2,490841 0,004411
двукратный 2,239527 0,001322
леклер 2,490841 0,001470
находится 1,492313 0,001762
сезона 1,052361 0,000621
ферстаппена 4,436752 0,007857
его 0,447767 0,000529
шансы 1,951845 0,001152
причин 2,490841 0,001470
только 0,447767 0,000264
менять 3,183989 0,003759
ферстаппену 5,129899 0,003028
шорт 1,086847 0,000642
нельзя 2,296685 0,001356
com 0,925206 0,000546
нхл 0,925206 0,000546
обиды 5,129899 0,003028
турнир 0,699082 0,000413
автомобилях 4,031286 0,002380
горнолыжный 1,301257 0,001536
аравия 1,951845 0,001152
мира 0,367725 0,001520
табло 2,357310 0,001392
дрифт 2,421849 0,002859
закрыли 4,031286 0,002380
канал 2,038856 0,001204
ухода 2,421849 0,004289
боксы 4,436752 0,002619
тренировки 1,546380 0,000913
старта 2,134166 0,003780
идут 2,732003 0,004838
карьере 1,994404 0,001177
двигателе 5,129899 0,003028
значит 2,644992 0,003123
поднимется 5,129899 0,006057
паралимпиада 2,490841 0,001470
гандбол 1,178655 0,000696
феттель 5,129899 0,003028
оживил 5,129899 0,003028
экстремальнее 5,129899 0,003028
ребята 3,183989 0,001880
назад 1,140915 0,000674
шахматы 1,871802 0,001105
футболу 1,492313 0,000881
двигатель 4,436752 0,002619
паралимпиаде 2,490841 0,001470
расстроил 5,129899 0,003028
мельбурне 3,743604 0,004420
amr 5,129899 0,006057
полная 1,834062 0,002165
марино 2,827314 0,001669
завершил 2,134166 0,001260
придётся 4,031286 0,002380
общее 2,357310 0,001392
мощь 3,520461 0,002078
главной 2,732003 0,001613
другие 0,384967 0,000682
профессиональный 1,834062 0,001083
так 0,597299 0,000353
обновлённая 5,129899 0,003028
назначили 4,031286 0,002380
фифа 1,728701 0,001020
тестах 4,031286 0,007139
любительский 2,085376 0,001231
интервью 0,971016 0,000573
моторов 4,436752 0,013095
активный 2,490841 0,001470
спорные 4,436752 0,005238
раскрыть 2,564949 0,001514
англия 1,574551 0,000929
прерваны 4,031286 0,002380
применяются 1,466337 0,000866
трансферы 1,664163 0,000982
подольше 4,436752 0,002619
лэнса 5,129899 0,003028
согласился 3,338139 0,005912
championat 1,834062 0,001083
быть 0,773190 0,000913
повисел 5,129899 0,003028
формул 4,031286 0,002380
аналитик 3,338139 0,003941
расселл 2,296685 0,004067
окко 2,490841 0,001470
сериалы 2,421849 0,001430
автомобиль 3,743604 0,002210
есть 0,812411 0,001918
ледовые 2,564949 0,001514
спорт 0,224624 0,000796
этой 1,052361 0,001864
этом 0,565551 0,000334
мобильная 0,608110 0,000359
франция 1,122566 0,000663
завода 3,743604 0,002210
шоу 1,441019 0,000851
запомнить 4,436752 0,002619
ауди 4,436752 0,002619
болид 4,436752 0,005238
марки 4,031286 0,002380
информационном 2,239527 0,001322
фиа 4,436752 0,020953
критикой 3,743604 0,006630
легенды 1,994404 0,001177
знаете 2,185460 0,002580
безумный 4,436752 0,002619
стали 0,971016 0,001146
волны 4,436752 0,002619
зачёт 1,951845 0,002304
испании 1,834062 0,001083
первая 0,867219 0,000512
российские 1,301257 0,000768
rss 2,085376 0,002462
женщины 0,881403 0,000520
чемпионат 0,277868 0,001804
киберклубы 2,564949 0,001514
canal 5,129899 0,003028
пожалуйста 1,633391 0,000964
испания 1,466337 0,000866
цель 2,296685 0,001356
тех 1,217876 0,000719
версия 0,485508 0,000860
расплата 5,129899 0,003028
хонда 4,436752 0,002619
макларен 2,490841 0,001470
хонды 4,436752 0,002619
последниевсе 2,564949 0,001514
европы 0,524729 0,000620
бились 3,743604 0,002210
россо 5,129899 0,003028
глаза 3,520461 0,002078
выглядит 3,743604 0,006630
работу 2,085376 0,002462
трансляции 1,441019 0,001701
соответствии 1,086847 0,000642
подиум 4,031286 0,004759
спринт 2,296685 0,004067
atp 1,994404 0,003532
завтра 1,951845 0,001152
российских 1,323236 0,000781
евро 1,466337 0,000866
виды 0,773190 0,001369
erid 2,239527 0,003966
итоги 1,834062 0,001083
пока 1,159607 0,000685
необычную 5,129899 0,003028
альпин 2,490841 0,002941
сети 1,951845 0,001152
mdvh 2,564949 0,001514
фортуна 2,490841 0,001470
бороться 2,185460 0,001290
высокооплачиваемых 4,031286 0,002380
спёрс 3,743604 0,002210
гасли 2,490841 0,002941
евролига 1,664163 0,000982
android 2,185460 0,001290
чемпионата 0,735450 0,001737
тесты 1,871802 0,009945
ред 1,603538 0,005680
после 0,317714 0,001125
астон 2,185460 0,011611
впереди 2,421849 0,002859
разбив 5,129899 0,003028
бахрейне 3,338139 0,009853
взаимные 5,129899 0,003028
южная 1,797694 0,001061
букмекеров 1,198073 0,002122
пилотов 4,031286 0,004759
статьи 0,524729 0,000310
разбираем 3,520461 0,002078
бобслей 1,238078 0,000731
сессию 5,129899 0,003028
вернётся 3,520461 0,004156
трансляция 2,239527 0,001322
race 3,520461 0,008313
контакты 1,258698 0,000743
восхищался 5,129899 0,003028
намного 2,932674 0,001731
lifestyle 2,490841 0,001470
правовая 2,296685 0,001356
лыжах 1,178655 0,000696
честь 2,085376 0,001231
play 1,441019 0,000851
удалось 2,085376 0,001231
тестов 3,520461 0,018704
может 0,630089 0,000744
больше 0,812411 0,002398
мекис 5,129899 0,009085
ови 2,490841 0,001470
пилот 4,436752 0,002619
гонщиков 4,031286 0,004759
юниорских 4,436752 0,002619
тачки 5,129899 0,003028
сильнее 2,134166 0,001260
прочие 1,345709 0,006355
творение 5,129899 0,003028
новая 1,546380 0,000913
восьмой 2,932674 0,001731
доминатор 5,129899 0,003028
итальянская 2,357310 0,001392
образе 2,421849 0,001430
матч 0,411400 0,000729
гонок 2,732003 0,004838
деталь 3,520461 0,002078
встроен 5,129899 0,003028
прочее 1,834062 0,002165
запомнится 5,129899 0,003028
маз 5,129899 0,003028
ощущения 4,031286 0,002380
анимированные 5,129899 0,003028
гения 3,743604 0,002210
лоусон 4,436752 0,005238
прогнозы 2,085376 0,001231
ман 4,436752 0,002619
признался 2,644992 0,001561
турине 3,050457 0,001801
представила 3,743604 0,002210
самой 1,574551 0,000929
льюис 2,296685 0,002712
советы 3,183989 0,001880
сегодня 0,881403 0,000520
детали 3,183989 0,001880
молодёжные 2,490841 0,001470
сразу 1,392229 0,000822
многострадальный 5,129899 0,003028
лига 0,402511 0,002376
рассказал 1,238078 0,002193
включать 2,932674 0,005194
истории 0,630089 0,001860
эдриана 5,129899 0,003028
том 0,895792 0,000529
флагами 3,743604 0,002210
топ 1,238078 0,003654
состав 1,238078 0,002193
олимпиада 1,104547 0,002608
приходится 2,296685 0,004067
попал 1,911023 0,001128
календарь 0,735450 0,001302
электрические 5,129899 0,009085
испугался 5,129899 0,003028
главная 1,323236 0,000781
цареградцевым 5,129899 0,003028
клубный 1,871802 0,001105
бои 1,633391 0,000964
обновлений 4,436752 0,005238
никакого 3,743604 0,002210
антонелли 4,436752 0,005238
чемпион 0,867219 0,000512
валттери 2,490841 0,001470
железо 2,564949 0,001514
лыжи 1,019025 0,001203
катание 0,534779 0,000631
как 0,232059 0,000685
лиам 4,436752 0,002619
саудовская 1,951845 0,001152
провалиться 5,129899 0,003028
трамплина 1,159607 0,001369
париже 1,664163 0,000982
оценили 3,050457 0,003601
нарвалась 5,129899 0,003028
своих 1,345709 0,001589
ufc 1,441019 0,000851
спонсора 2,827314 0,001669
чемпионов 0,652562 0,001541
кадиллак 4,436752 0,002619
своим 1,728701 0,001020
серьёзная 4,031286 0,002380
bugatti 5,129899 0,003028
второй 0,786093 0,000464
условия 0,411400 0,000243
новый 0,940244 0,001665
единая 1,728701 0,001020
рпл 1,140915 0,001347
новые 0,747872 0,000441
ещё 0,420369 0,000744
медальный 1,911023 0,002256
дружить 5,129899 0,003028
теннис 0,495170 0,000877
dota 2,490841 0,001470
сталкивался 4,436752 0,005238
fiat 5,129899 0,003028
фигурное 0,534779 0,000631
мозг 4,436752 0,007857
ставки 1,603538 0,000947
помощью 2,185460 0,001290
первом 1,052361 0,000621
а 0,209918 0,000620
в 0,017911 0,000761
е 0,867219 0,001024
гайды 2,564949 0,001514
и 0,023953 0,000325
политика 0,239550 0,000141
й 0,825834 0,001950
к 0,132686 0,000392
велоспорт 1,178655 0,000696
альпинизм 1,323236 0,001562
о 0,042302 0,000225
важные 2,564949 0,004542
р 2,239527 0,002644
с 0,036149 0,000469
она 0,825834 0,000488
автоспорт 3,338139 0,001971
перфлюенс 2,564949 0,001514
у 0,342407 0,001011
китае 2,932674 0,001731
ф 1,728701 0,015307
х 0,986764 0,001748
авто 0,925206 0,001638
аварию 4,436752 0,002619
сезон 1,368699 0,002424
возможностей 3,050457 0,001801
тебя 3,338139 0,001971
я 0,853233 0,000504
футбол 0,285712 0,000506
потенциальный 4,436752 0,005238
роскошь 4,436752 0,002619
атлетика 1,052361 0,001242
регби 0,955511 0,000564
дэвиса 1,633391 0,000964
ресурсе 2,296685 0,001356
этап 1,392229 0,001644
методике 4,031286 0,002380
мячом 1,104547 0,000652
заподозрил 5,129899 0,003028
время 0,384967 0,000682
формульной 5,129899 0,003028
ооо 1,871802 0,003315
инженером 4,436752 0,002619
аварии 3,520461 0,004156
okko 2,357310 0,001392
гаджеты 2,421849 0,001430
жуткого 5,129899 0,003028
мощным 4,436752 0,002619
новых 1,633391 0,007714
включите 4,436752 0,005238
уэббер 5,129899 0,003028
призвал 2,732003 0,004838
пошла 4,436752 0,002619
пределами 2,239527 0,001322
суперкары 2,564949 0,004542
мобильное 2,296685 0,001356
млн 1,728701 0,001020
корбюзье 5,129899 0,003028
сноуборд 1,238078 0,001462
показать 0,825834 0,000975
соперников 1,664163 0,000982
пляжный 1,728701 0,002041
мма 1,069456 0,001894
юбилея 3,743604 0,002210
олимпийский 0,853233 0,000504
млс 2,296685 0,001356
областях 4,436752 0,002619
австралии 2,134166 0,003780
полиция 3,743604 0,002210
машину 4,031286 0,004759
гран 1,518981 0,001793
всех 0,652562 0,001156
волейбол 1,019025 0,001203
видео 0,699082 0,002063
всем 1,762603 0,001040
биатлон 0,534779 0,001578
плавание 1,198073 0,000707
сильно 2,134166 0,001260
шлем 1,951845 0,002304
машины 3,338139 0,005912
эфир 2,085376 0,002462
нескольких 1,834062 0,001083
лишь 1,159607 0,000685
виновата 4,436752 0,002619
провал 2,932674 0,001731
хэмилтона 5,129899 0,003028
gp 2,490841 0,001470
кажется 2,644992 0,001561
counter 1,911023 0,001128
вынесла 4,031286 0,002380
хоккею 1,603538 0,001893
удалил 4,436752 0,002619
крыше 5,129899 0,003028
среды 2,827314 0,003338
джин 2,134166 0,001260
незабываемо 5,129899 0,006057
названы 4,031286 0,002380
вторая 1,345709 0,000794
ranym 2,564949 0,001514
скидки 2,239527 0,001322
эксклюзив 2,357310 0,001392
придумали 4,031286 0,002380
автогонки 5,129899 0,003028
меня 1,518981 0,001793
моя 2,185460 0,003870
спорткар 5,129899 0,003028
wta 2,038856 0,003611
большой 1,069456 0,000631
результаты 0,910391 0,000537
большое 1,951845 0,001152
утром 3,520461 0,002078
подразделениях 5,129899 0,009085
конечно 2,932674 0,001731
выступят 2,732003 0,001613
ничего 2,732003 0,001613
матчи 0,773190 0,000913
мартин 2,085376 0,011079
утреннюю 4,436752 0,002619
чем 0,747872 0,001324
стать 1,441019 0,000851
работать 2,296685 0,001356
возможно 1,664163 0,000982
вчера 1,518981 0,000897
релизы 2,357310 0,001392
это 0,277868 0,000656
моменты 2,357310 0,002783
strike 2,564949 0,001514
две 1,019025 0,000602
раздаём 5,129899 0,003028
кошмару 5,129899 0,003028
гоночные 4,436752 0,002619
гоночным 4,436752 0,002619
дерби 2,357310 0,001392
гоночный 4,436752 0,002619
батареи 5,129899 0,009085
новости 0,301585 0,002136
старт 1,416327 0,001672
молодёжке 4,031286 0,002380
анджелес 1,834062 0,001083
перестановки 3,520461 0,006235
первых 1,518981 0,000897
недели 2,357310 0,001392
вышло 2,564949 0,001514
ответил 2,185460 0,006451
новом 1,994404 0,003532
использования 0,393700 0,000232
красивая 4,031286 0,002380
тренды 2,239527 0,001322
новое 2,134166 0,001260
германия 1,140915 0,000674
удивил 4,031286 0,004759
падел 2,296685 0,001356
рейды 2,564949 0,001514
позволит 5,129899 0,003028
увидели 3,050457 0,003601
bellator 2,490841 0,001470
мягких 5,129899 0,003028
первым 1,238078 0,000731
первые 0,971016 0,000573
игры 0,376309 0,000222
первый 0,687247 0,002840
ошибки 2,185460 0,001290
февраля 0,232059 0,003288
мхл 1,603538 0,000947
голосуйте 4,436752 0,002619
события 0,663991 0,000784
инн 2,490841 0,004411
евротур 2,357310 0,001392
антонио 3,050457 0,001801
камаз 2,732003 0,001613
самых 1,546380 0,000913
вылета 2,827314 0,001669
значения 1,416327 0,000836
суматошного 5,129899 0,003028
стролла 5,129899 0,003028
хуже 2,732003 0,001613
титул 1,603538 0,001893
лёгкая 1,238078 0,001462
прошлого 2,357310 0,001392
прыжки 1,019025 0,001203
кто 0,839439 0,000496
итальянец 3,050457 0,001801
показала 2,644992 0,001561
показали 2,296685 0,001356
технологии 1,574551 0,000929
пора 2,827314 0,001669
мотивация 2,490841 0,001470
недель 2,085376 0,002462
обсуждаемые 2,490841 0,001470
инновационных 5,129899 0,003028
мчм 2,490841 0,001470
уильямс 2,357310 0,002783
истинной 4,436752 0,002619
мотором 5,129899 0,003028
собрал 3,520461 0,002078
борьба 1,002764 0,000592
сан 2,085376 0,002462
проверки 2,239527 0,002644
приложение 1,994404 0,002355
сборная 0,711058 0,000840
правила 0,910391 0,001612
монтойя 5,129899 0,003028
саму 4,436752 0,005238
рассматривают 5,129899 0,009085
санный 1,301257 0,000768
подаренный 5,129899 0,003028
женский 1,441019 0,000851
вообще 1,911023 0,002256
паратриатлон 2,490841 0,001470
появились 1,664163 0,000982
фристайл 1,279751 0,001511
гимнастика 1,238078 0,000731
бы 1,052361 0,001242
уефа 1,466337 0,001731
наши 1,323236 0,000781
кхл 0,760451 0,000898
барселоне 2,644992 0,001561
пресс 1,086847 0,000642
россии 0,160085 0,000945
алонсо 2,421849 0,008578
нужен 2,827314 0,001669
привело 2,564949 0,001514
британцем 5,129899 0,003028
кубок 0,524729 0,002788
зарплата 4,031286 0,002380
сайта 1,574551 0,000929
проектом 4,436752 0,002619
скорости 2,421849 0,001430
sf 5,129899 0,003028
вы 0,325878 0,000385
ranymavgga 2,564949 0,001514
специалист 2,932674 0,001731
турниры 0,895792 0,002115
горячие 4,436752 0,007857
россия 0,699082 0,000825
гп 4,031286 0,002380
кёрлинг 1,279751 0,000755
шинах 4,436752 0,002619
лидера 2,421849 0,001430
свой 1,217876 0,000719
свои 1,238078 0,000731
объяснили 3,743604 0,002210
всякий 3,743604 0,002210
января 0,825834 0,000488
горячих 5,129899 0,003028
настольный 1,238078 0,000731
объём 3,183989 0,005639
шайбой 1,122566 0,000663
еврокубок 2,296685 0,001356
перед 0,839439 0,000496
полезные 2,296685 0,001356
до 0,239550 0,000141
великий 3,338139 0,001971
болиде 5,129899 0,009085
суперкомандой 5,129899 0,006057
французской 3,183989 0,001880
трек 1,159607 0,000685
презентация 3,520461 0,002078
введение 2,932674 0,001731
реслинг 2,564949 0,001514
кино 2,134166 0,001260
болиды 4,436752 0,005238
лыжное 1,279751 0,000755
кинг 2,239527 0,001322
проведения 1,258698 0,002229
питание 2,357310 0,001392
баскетбол 0,773190 0,000913
кубка 0,825834 0,000488
mls 2,421849 0,001430
для 0,146292 0,000173
её 1,104547 0,000652
объявила 2,564949 0,004542
трасса 3,338139 0,001971
днк 4,031286 0,007139
veyron 5,129899 0,003028
круче 3,183989 0,001880
кими 4,436752 0,002619
мастер 1,911023 0,001128
баскское 4,436752 0,002619
кубке 1,441019 0,000851
аэродинамическую 5,129899 0,003028
чемп 2,564949 0,001514
что 0,239550 0,000990
марафоне 3,338139 0,001971
за 0,125952 0,001041
учитесь 5,129899 0,003028
полсекунды 5,129899 0,003028
рейтинг 0,565551 0,003005
форме 2,085376 0,002462
составляет 2,085376 0,001231
сид 2,490841 0,001470
пирелли 5,129899 0,003028
высказываний 4,436752 0,005238
босс 4,031286 0,007139
была 0,652562 0,000770
дакар 2,490841 0,001470
трассе 3,050457 0,003601
из 0,106018 0,000751
утечкой 5,129899 0,003028
гонщика 4,436752 0,002619
здорово 3,183989 0,001880
августа 1,052361 0,002485
любит 2,421849 0,001430
нба 1,546380 0,000913
их 0,799165 0,001415
никому 2,732003 0,001613
разве 3,520461 0,002078
дней 1,416327 0,000836
ливрею 5,129899 0,006057
хоккей 0,376309 0,001111
ливрея 5,129899 0,006057
сих 2,421849 0,001430
участников 1,159607 0,000685
знания 2,357310 0,001392
двоеборье 1,217876 0,000719
здоровье 1,664163 0,000982
жидкости 5,129899 0,003028
ски 1,069456 0,001263
экранов 4,436752 0,002619
ралли 2,357310 0,005566
трансформеров 5,129899 0,003028
машине 4,031286 0,009519
четвёртый 2,490841 0,004411
машина 3,183989 0,001880
серии 1,159607 0,000685
суперлига 1,574551 0,001859
классом 4,436752 0,002619
лыжные 1,140915 0,000674
турции 2,185460 0,002580
которые 0,760451 0,000449
младшие 2,564949 0,001514
который 0,799165 0,000944
конькобежный 1,238078 0,000731
убрать 3,743604 0,006630
привезённых 4,436752 0,005238
снукер 2,564949 0,001514
правил 1,323236 0,002343
знаний 2,357310 0,001392
ле 2,038856 0,001204
ли 1,198073 0,003536
паратхэквондо 2,490841 0,001470
побеждать 3,050457 0,001801
норрис 2,421849 0,005719
случай 2,644992 0,001561
красными 3,743604 0,002210
америка 1,797694 0,003184
сити 1,546380 0,000913
америки 1,695912 0,001001
несколько 1,069456 0,000631
будет 0,825834 0,000975
евробаскет 2,490841 0,001470
стартом 2,732003 0,001613
отдых 2,421849 0,001430
мы 0,925206 0,001092
начала 1,238078 0,000731
участие 0,597299 0,000353
на 0,023953 0,000382
месть 5,129899 0,003028
не 0,099461 0,000998
самостоятельно 3,338139 0,001971
болидов 4,436752 0,007857
досрочно 2,421849 0,001430
онлайн 0,773190 0,000913
феррари 2,490841 0,014704
проблем 2,490841 0,002941
но 0,402511 0,001188
межсезонье 2,827314 0,001669
гоняться 5,129899 0,003028
ну 2,827314 0,001669
плану 4,031286 0,002380
водные 0,867219 0,000512
раскраску 5,129899 0,003028
болидом 5,129899 0,003028
режиссёром 4,436752 0,002619
ней 1,762603 0,002081
угнаться 5,129899 0,003028
любители 1,797694 0,001061
ои 0,812411 0,001439
мужчины 1,019025 0,000602
травли 4,436752 0,002619
даже 1,198073 0,002122
году 0,630089 0,001116
от 0,160085 0,000284
правилами 1,323236 0,000781
бокс 0,576022 0,001020
поменять 3,743604 0,002210
все 0,125952 0,000595
спортавто 5,129899 0,003028
возможность 1,728701 0,003061
года 0,239550 0,000283
ломают 5,129899 0,003028
по 0,073653 0,000174
лимитированный 5,129899 0,003028
уникальный 3,743604 0,002210
информация 1,035554 0,000611
талант 3,743604 0,002210
норрисом 5,129899 0,003028
круглосуточный 2,564949 0,001514
всё 1,159607 0,000685
какой 1,911023 0,002256
автоспорта 4,436752 0,002619
предсезонные 4,436752 0,002619
источник 0,853233 0,001007
