называемый 2,421849 0,000325
росгосстрах 4,031286 0,005407
пандемией 4,031286 0,000541
иностранных 3,050457 0,002455
леонид 2,732003 0,000733
галицкий 4,436752 0,000595
оспаривали 4,436752 0,000595
банк 2,932674 0,000787
бронзовыми 2,932674 0,000393
покрывает 5,129899 0,000688
девять 2,296685 0,000308
день 0,760451 0,000306
медалями 2,644992 0,000355
найти 2,085376 0,000280
экспорт 0,986764 0,000132
отдыха 3,183989 0,000427
формулу 4,031286 0,000541
каналами 4,031286 0,000541
играх 0,699082 0,000188
случилось 2,732003 0,000366
приморский 4,436752 0,000595
тосно 2,932674 0,000393
ไทย 1,238078 0,000166
заявил 1,441019 0,000193
них 1,178655 0,000316
tatarça 1,392229 0,000187
играл 1,762603 0,000236
отличается 2,644992 0,000355
stimorol 5,129899 0,001376
нуждается 2,932674 0,000393
заявление 0,867219 0,000116
василеостровцев 5,129899 0,000688
людей 2,134166 0,000572
мало 2,732003 0,000366
карседо 3,338139 0,000895
сто 3,338139 0,000448
основан 1,871802 0,000251
предлагали 4,436752 0,000595
частенько 5,129899 0,000688
волгоград 2,732003 0,001832
выступают 2,932674 0,000393
текстильщик 2,932674 0,000393
čeština 1,035554 0,000139
иностранным 4,031286 0,000541
белоруссии 3,183989 0,000427
новосибирск 2,564949 0,000344
дополнительного 2,932674 0,001180
область 2,732003 0,006229
викисклад 1,035554 0,000139
дольше 2,932674 0,000393
оснащены 4,436752 0,000595
переходящим 4,436752 0,000595
владелец 2,732003 0,000366
вторым 1,911023 0,000256
стараются 3,743604 0,000502
стилистическим 4,436752 0,000595
дотации 5,129899 0,000688
slovenčina 1,069456 0,000143
болгария 2,421849 0,000325
проблему 2,732003 0,000366
a 1,392229 0,000373
b 2,564949 0,000344
лукойла 4,436752 0,000595
македонски 1,258698 0,000169
отменено 2,644992 0,000355
весной 2,564949 0,000688
проблемы 1,871802 0,000502
i 1,762603 0,000236
болгарин 4,436752 0,000595
моложе 3,743604 0,001004
национальной 2,085376 0,000280
доходов 2,827314 0,001517
p 1,951845 0,000262
индивидуальные 2,134166 0,000572
льготы 5,129899 0,000688
каждое 2,732003 0,000366
имена 2,564949 0,000344
проблема 2,932674 0,000393
w 0,955511 0,000128
x 1,279751 0,000172
территории 1,633391 0,000219
учредившего 5,129899 0,000688
введением 4,031286 0,000541
имени 1,951845 0,000262
йскую 5,129899 0,000688
сидят 4,436752 0,000595
выходят 2,932674 0,000393
ногами 2,827314 0,000379
вступил 2,932674 0,000393
последнее 2,296685 0,000308
украина 1,871802 0,000251
удалите 4,031286 0,000541
дмитрий 1,345709 0,001083
достоверность 5,129899 0,003440
легионеров 2,827314 0,003034
переправа 4,436752 0,000595
руслан 2,827314 0,000379
неэнциклопедичен 4,436752 0,000595
россиянин 2,185460 0,000293
украину 3,183989 0,000427
степень 4,031286 0,000541
находиться 2,185460 0,000293
сший 5,129899 0,000688
часа 1,911023 0,000256
украины 1,797694 0,000482
развлечений 3,743604 0,000502
metaratings 3,520461 0,000472
детско 2,932674 0,000393
стадионов 3,743604 0,002008
полина 3,743604 0,000502
юношеских 2,644992 0,000355
страховая 4,436752 0,001785
флага 2,932674 0,000393
спорта 0,342407 0,000138
появляются 3,183989 0,000427
следующем 1,951845 0,000785
системе 0,867219 0,000698
июня 1,217876 0,002287
коммерческий 3,520461 0,000472
система 1,695912 0,000682
клубом 1,994404 0,001070
уходят 3,183989 0,000427
коммерческие 3,338139 0,000448
сколько 1,834062 0,000246
визуально 4,436752 0,000595
массимо 4,031286 0,000541
могут 0,760451 0,000204
клубов 1,603538 0,005377
конфедерация 3,338139 0,000448
постепенно 2,296685 0,000308
базе 2,932674 0,000393
перебои 5,129899 0,000688
иметь 2,239527 0,000300
различие 3,520461 0,000472
очков 1,198073 0,000803
судьи 1,574551 0,000211
совет 1,994404 0,000267
старому 4,031286 0,000541
футболист 1,951845 0,001309
жвачка 5,129899 0,000688
вызвались 5,129899 0,000688
минуты 1,871802 0,000251
локомотив 0,910391 0,004640
воронеж 2,827314 0,000379
последний 0,773190 0,000519
единого 3,050457 0,000818
добавилась 5,129899 0,000688
сбежало 5,129899 0,000688
занимала 3,183989 0,000427
последним 2,134166 0,000286
некоторые 1,416327 0,000570
проходившая 4,436752 0,000595
завоёвывает 5,129899 0,000688
июля 1,035554 0,005833
лого 4,436752 0,000595
pdf 0,940244 0,000126
сшей 5,129899 0,000688
лета 3,338139 0,000448
текущего 4,031286 0,000541
стыке 3,743604 0,000502
выкатным 5,129899 0,000688
арсенал 1,466337 0,000590
ø 5,129899 0,006880
описание 0,986764 0,000132
русского 2,564949 0,000688
десятилетку 5,129899 0,000688
английского 2,932674 0,000393
worldfootball 2,932674 0,000393
василеостровского 5,129899 0,000688
игроков 1,238078 0,000664
игнашевич 3,520461 0,000944
одновременно 1,762603 0,000946
производить 5,129899 0,000688
еврокубкового 5,129899 0,000688
июле 2,421849 0,000650
тюменская 5,129899 0,000688
кредита 4,436752 0,000595
иностранцев 3,338139 0,002686
чемпионские 3,520461 0,000472
иностранцем 4,436752 0,000595
сборные 0,839439 0,000338
нравится 3,050457 0,000409
каналы 3,520461 0,000944
конференций 1,728701 0,001623
видимость 5,129899 0,000688
тбилиси 3,183989 0,000427
чемпионский 2,490841 0,000668
федеральном 4,031286 0,000541
кэшем 2,421849 0,000325
помогите 4,031286 0,000541
вклад 0,971016 0,000130
indonesia 1,086847 0,000146
еврокубковых 4,031286 0,000541
текст 0,986764 0,000132
провели 2,085376 0,000280
томь 3,050457 0,001637
параллельно 2,357310 0,000316
ноября 0,971016 0,000651
канале 2,421849 0,001949
провела 2,421849 0,000325
тому 1,664163 0,000223
отфутболили 5,129899 0,000688
нтв 3,183989 0,000854
чемпиона 1,466337 0,000590
очка 1,574551 0,000211
перейти 0,867219 0,000233
сезоне 1,466337 0,001967
решать 4,436752 0,000595
показан 4,436752 0,001190
показал 2,085376 0,000280
золото 1,217876 0,000163
уточнения 3,183989 0,000427
счёт 1,603538 0,000215
системы 1,951845 0,000262
григорий 2,827314 0,000379
средств 2,421849 0,000325
фарерские 3,520461 0,000472
регулярного 3,183989 0,000427
принадлежат 3,520461 0,000472
действовала 3,743604 0,001004
находится 1,492313 0,000200
тула 2,732003 0,000366
детищем 5,129899 0,000688
подготовки 1,633391 0,000219
собирал 4,436752 0,000595
нохчийн 2,296685 0,000308
сезона 1,052361 0,002823
легионерам 4,436752 0,000595
футболистов 2,421849 0,002923
этими 3,338139 0,000448
цымбаларь 4,031286 0,000541
ответственности 0,971016 0,000130
фёдор 2,827314 0,000379
золотые 1,728701 0,000696
сборных 1,911023 0,001025
федерального 2,932674 0,000787
сильнейшим 3,520461 0,000472
сильнейшие 3,050457 0,000409
его 0,447767 0,000180
сезону 3,183989 0,000427
только 0,447767 0,000300
финансированием 4,031286 0,000541
сезоны 2,296685 0,001232
противостояние 2,644992 0,000355
php 0,986764 0,000132
исходили 5,129899 0,000688
чаши 4,031286 0,000541
окончания 2,085376 0,000280
взято 3,520461 0,000472
сенявский 5,129899 0,000688
com 0,925206 0,000496
covid 2,564949 0,000688
правилах 2,357310 0,000316
количественным 5,129899 0,000688
каждого 1,633391 0,000657
далеко 2,564949 0,000344
турнир 0,699082 0,000563
нижегородская 5,129899 0,000688
правилам 1,664163 0,000446
годом 2,085376 0,000280
мира 0,367725 0,000049
народной 3,520461 0,000472
директор 2,085376 0,000280
разводятся 4,436752 0,000595
краснодарa 5,129899 0,000688
организована 3,183989 0,000427
вопросам 2,490841 0,000334
колено 3,743604 0,000502
футбола 1,762603 0,002128
относительно 2,564949 0,000344
когда 0,652562 0,000350
григория 3,520461 0,000472
могли 1,664163 0,000223
тематическим 5,129899 0,000688
футболе 2,239527 0,000601
тематические 2,185460 0,000293
заявлено 4,031286 0,000541
гражданство 2,732003 0,000366
приравнивались 4,436752 0,000595
включительно 2,827314 0,000379
эксперимента 5,129899 0,000688
оренбург 1,323236 0,001065
инициатором 4,031286 0,000541
начнут 3,520461 0,000472
годов 1,301257 0,000349
включены 2,357310 0,000316
предыдущих 2,827314 0,000379
чего 1,345709 0,000180
предыдущий 3,183989 0,000427
куки 0,971016 0,000130
футболу 1,492313 0,007406
полмиллиона 5,129899 0,000688
седьмой 2,732003 0,000366
забьют 4,436752 0,001190
еврокубках 2,827314 0,001138
синем 4,031286 0,000541
сокол 2,564949 0,000688
невский 5,129899 0,000688
виталия 3,743604 0,000502
молодёжного 3,520461 0,000472
экранах 5,129899 0,000688
чемпионы 1,871802 0,000251
забьёт 5,129899 0,000688
против 0,747872 0,000201
общество 2,239527 0,000300
другие 0,384967 0,000052
так 0,597299 0,000320
lang 3,743604 0,000502
предыдущем 3,743604 0,000502
свердловская 5,129899 0,000688
фифа 1,728701 0,000464
нового 1,574551 0,000634
другим 1,762603 0,000236
türkmençe 2,185460 0,000293
скуки 5,129899 0,000688
общества 2,827314 0,000379
других 0,853233 0,000229
состоянию 1,911023 0,000769
источников 1,518981 0,000815
тура 1,728701 0,001159
пермь 2,932674 0,000393
туре 2,239527 0,000601
трансферы 1,664163 0,000223
стоит 2,357310 0,000316
образом 1,546380 0,000415
ярусом 4,436752 0,000595
шаблона 2,932674 0,000787
теряют 3,743604 0,000502
числах 5,129899 0,000688
sport 1,122566 0,000151
критериями 4,436752 0,000595
федерации 0,663991 0,000267
обыграв 2,134166 0,000286
шаблоне 3,743604 0,000502
океан 2,732003 0,000366
твц 4,436752 0,001190
надпись 4,436752 0,000595
есть 0,812411 0,000327
спорт 0,224624 0,000392
утверждён 3,338139 0,000448
этой 1,052361 0,000706
этом 0,565551 0,000683
купил 3,183989 0,000427
высшего 2,564949 0,001376
мальта 3,050457 0,000409
недоступные 3,520461 0,000472
национальные 1,695912 0,000227
средняя 2,827314 0,000379
действующие 2,564949 0,000688
присоединялся 5,129899 0,000688
хабаровск 2,564949 0,000344
действующий 2,357310 0,000632
хлестов 4,436752 0,000595
определения 2,421849 0,000650
марки 4,031286 0,000541
швеция 1,345709 0,000180
qaraqalpaqsha 2,038856 0,000273
полем 3,520461 0,000472
основной 1,834062 0,000492
край 3,183989 0,002562
français 1,019025 0,000137
станислав 2,490841 0,000334
элемент 0,955511 0,000128
спортивные 1,104547 0,000296
дону 2,490841 0,000668
самарская 4,436752 0,000595
спортивный 1,301257 0,000175
популярнейших 4,031286 0,000541
спонсор 2,564949 0,000688
игрок 1,258698 0,000506
сезонов 2,357310 0,000316
спортивных 1,279751 0,000172
щитов 4,031286 0,000541
лавров 2,932674 0,000393
пожалуйста 1,633391 0,000657
клубах 3,183989 0,000427
тихонов 3,050457 0,000818
цель 2,296685 0,000308
выступления 1,546380 0,000207
клубам 2,732003 0,001832
тех 1,217876 0,000163
заявлять 4,031286 0,000541
зенита 1,797694 0,000241
указанием 0,986764 0,000132
международную 2,644992 0,000355
болельщиков 1,574551 0,000845
ильдар 4,436752 0,000595
распада 2,564949 0,000344
пятилетний 5,129899 0,000688
регулярные 2,932674 0,000393
поля 1,603538 0,000215
минчев 5,129899 0,000688
европы 0,524729 0,000633
сезоном 2,827314 0,000379
тем 1,217876 0,000163
отправлялась 4,436752 0,001190
россиянина 2,732003 0,000366
заключается 3,183989 0,000427
без 0,466460 0,001064
поле 1,217876 0,001633
дома 1,695912 0,000455
направленной 4,436752 0,000595
глаза 3,520461 0,001416
проводился 2,038856 0,000547
между 0,955511 0,001538
трансляций 3,183989 0,000854
трансляции 1,441019 0,001353
чӑвашла 2,134166 0,000286
принесли 3,050457 0,000409
руководство 1,603538 0,000430
роста 3,050457 0,000409
соответствии 1,086847 0,000437
покупают 4,031286 0,000541
транслируют 4,031286 0,000541
европа 2,134166 0,000286
газпром 2,732003 0,000733
симпсоны 4,436752 0,000595
первого 1,258698 0,000506
позволило 2,932674 0,000393
иначе 1,834062 0,000246
показателей 3,520461 0,000472
период 1,159607 0,000467
клуб 0,940244 0,001009
центральные 4,031286 0,000541
ахметзянов 5,129899 0,001376
требует 1,951845 0,000785
миллионов 1,911023 0,001282
заседании 3,338139 0,000448
росси 4,031286 0,001622
ориентированными 5,129899 0,000688
ассоциация 2,038856 0,000273
центральным 3,338139 0,000448
регионов 2,421849 0,000325
кроме 1,368699 0,000184
виде 1,368699 0,000184
праги 4,436752 0,000595
выбежавшему 5,129899 0,000688
изменяются 4,436752 0,000595
лоськов 3,743604 0,001004
центральных 3,743604 0,000502
нижний 1,159607 0,000933
вошли 1,994404 0,000267
газзаев 3,520461 0,000472
логотипы 4,031286 0,000541
всегда 1,258698 0,000169
миллионами 4,436752 0,000595
ставрополь 2,932674 0,000393
оба 1,911023 0,000769
кодекс 0,971016 0,000130
весеннего 4,436752 0,000595
логотипу 5,129899 0,000688
eurofootball 5,129899 0,000688
статье 2,085376 0,000839
тип 1,871802 0,000251
статьи 0,524729 0,001478
детская 4,031286 0,000541
характерен 4,031286 0,000541
заняла 1,951845 0,000262
трансляция 2,239527 0,000300
логотипе 4,031286 0,000541
трансляцию 3,050457 0,000818
олег 1,951845 0,001047
тульская 5,129899 0,000688
pepsi 5,129899 0,001376
культура 2,732003 0,000366
локомотива 2,185460 0,000293
логотипа 3,338139 0,000895
иным 4,031286 0,000541
ростовская 4,436752 0,000595
статью 1,728701 0,000927
обе 2,085376 0,000280
статья 0,986764 0,001456
если 0,675551 0,000725
петербургская 4,436752 0,000595
культуре 2,296685 0,000616
хозяин 3,520461 0,000472
дагестан 4,031286 0,000541
соответственно 2,134166 0,001145
wikimedia 0,986764 0,000132
казанский 3,338139 0,000448
обл 3,050457 0,000409
передаётся 3,183989 0,000427
обо 2,932674 0,000393
кабардино 4,031286 0,000541
шаблонами 1,664163 0,000223
бюро 4,031286 0,000541
уменьшения 3,743604 0,000502
разности 4,436752 0,000595
групповой 2,085376 0,000559
полтора 3,338139 0,000895
ελληνικά 1,086847 0,000146
sportbox 3,050457 0,001227
волга 2,732003 0,000733
беларусь 1,368699 0,000918
татарстан 4,031286 0,000541
язык 1,258698 0,000169
восьмое 3,183989 0,000427
нём 1,911023 0,000256
уменьшение 3,743604 0,000502
настолько 3,050457 0,000409
сильнее 2,134166 0,000286
различным 4,031286 0,000541
решено 2,644992 0,000355
новая 1,546380 0,000207
послевоенный 3,520461 0,000472
разность 5,129899 0,000688
калининградская 5,129899 0,000688
подавляющем 4,436752 0,000595
инициативе 2,644992 0,000355
creative 0,986764 0,000132
право 1,603538 0,000645
nederlands 1,019025 0,000137
темпами 4,436752 0,000595
разные 2,564949 0,000344
бузникина 5,129899 0,000688
оспаривать 4,436752 0,000595
права 1,518981 0,000611
эстония 2,490841 0,000334
pwc 5,129899 0,000688
евсеев 3,743604 0,001004
определён 3,743604 0,000502
улучшите 2,490841 0,000334
международным 1,871802 0,000251
андрей 1,323236 0,000532
матч 0,411400 0,001821
абонементы 3,743604 0,000502
дубль 2,827314 0,000379
новороссийск 3,050457 0,000409
выиграло 4,031286 0,000541
euskara 1,122566 0,000151
крупных 1,871802 0,000251
победившие 3,520461 0,000472
органами 4,436752 0,000595
совкомбанк 4,031286 0,000541
прочее 1,834062 0,000246
оренбургская 5,129899 0,000688
белыми 3,743604 0,000502
серебро 1,871802 0,000251
динамо 0,663991 0,003295
албания 2,932674 0,000393
регионах 2,932674 0,000393
советского 2,421849 0,000650
портале 3,743604 0,000502
текущие 0,940244 0,000126
караваев 4,031286 0,000541
стране 1,951845 0,000262
экспресс 1,416327 0,001330
телевидению 3,520461 0,000472
сегодня 0,881403 0,000355
целевых 4,436752 0,000595
страна 1,633391 0,000438
весна 2,932674 0,000787
улучшить 3,183989 0,000427
молдова 2,932674 0,000393
поставленные 5,129899 0,000688
вантовой 5,129899 0,000688
сразу 1,392229 0,000187
той 1,994404 0,000267
команд 1,178655 0,003320
создать 0,825834 0,000222
страны 1,052361 0,000988
вместе 1,178655 0,000158
народная 3,743604 0,000502
выиграла 1,345709 0,000361
международных 1,492313 0,000400
игрокам 1,951845 0,000524
asturianu 1,323236 0,000177
старостиных 4,436752 0,000595
расходы 2,932674 0,000393
ударов 2,085376 0,000280
уходит 3,050457 0,000409
телевидение 4,031286 0,000541
футбольная 2,239527 0,003304
марш 4,436752 0,000595
соответствующую 4,031286 0,000541
کوردی 1,762603 0,000236
регион 2,732003 0,000733
дивизионе 2,564949 0,001376
клубных 3,338139 0,000448
решение 1,238078 0,000996
останутся 3,743604 0,000502
печать 0,986764 0,000132
дивизиона 2,564949 0,001720
íslenska 1,392229 0,000187
дети 2,239527 0,000300
том 0,895792 0,000841
экономика 2,421849 0,000325
топ 1,238078 0,000166
изъять 5,129899 0,000688
обсуждение 0,881403 0,000591
основная 1,323236 0,001242
тот 1,416327 0,000190
организацию 2,564949 0,000344
барс 1,695912 0,000455
организация 1,664163 0,000223
сложно 2,134166 0,000286
десять 2,185460 0,000586
организации 0,812411 0,000218
почта 2,564949 0,000344
товарный 0,986764 0,000132
паспортом 4,436752 0,001190
организаций 2,421849 0,000325
вортмана 5,129899 0,000688
три 0,786093 0,000633
почти 1,323236 0,000177
требующие 2,421849 0,000325
решению 3,338139 0,000448
кандидаты 3,520461 0,000472
начиная 1,492313 0,000400
дважды 1,574551 0,000211
решения 1,834062 0,000246
школа 2,185460 0,000293
лучано 4,436752 0,000595
норвегия 1,834062 0,000246
федотова 3,743604 0,000502
показывается 4,436752 0,000595
печати 0,955511 0,000128
достижения 1,695912 0,000455
перерыва 2,134166 0,000286
сатурн 2,732003 0,001832
sovsport 3,520461 0,000472
условий 0,881403 0,000118
вместимость 2,827314 0,005688
набравшие 4,436752 0,000595
серебряными 2,932674 0,000393
коснулись 4,031286 0,000541
третья 2,644992 0,000709
обзорных 5,129899 0,000688
петербургский 2,932674 0,000787
рекламы 2,490841 0,000334
вместимости 3,743604 0,001506
как 0,232059 0,000373
вступили 3,743604 0,000502
премьер 1,217876 0,007024
извлечение 4,436752 0,000595
платёжная 4,436752 0,000595
площади 3,050457 0,000409
встреча 2,085376 0,000280
втором 1,695912 0,000227
расписание 1,695912 0,000227
следует 2,038856 0,000273
попали 2,564949 0,000344
стоимость 2,827314 0,000379
самарской 4,436752 0,000595
тарашкевіца 1,198073 0,000161
сводная 2,932674 0,000393
сатурна 3,520461 0,000472
управлялся 5,129899 0,001376
передавалась 5,129899 0,000688
бюджеты 4,031286 0,000541
получасовым 5,129899 0,000688
установлен 2,357310 0,000632
куимова 4,436752 0,000595
третье 1,603538 0,000215
справочной 4,031286 0,000541
второе 1,603538 0,000430
проводились 1,603538 0,000645
обсуждения 2,490841 0,000668
тренеры 1,911023 0,001282
второй 0,786093 0,000105
многих 1,546380 0,000415
условия 0,411400 0,000166
получила 1,728701 0,000232
радиорепортаж 5,129899 0,000688
интуитивнее 5,129899 0,000688
колизей 5,129899 0,000688
осеннего 5,129899 0,000688
лимита 3,520461 0,000944
dansk 1,069456 0,000143
сомнение 5,129899 0,000688
ещё 0,420369 0,000226
артига 4,031286 0,001081
высшие 3,183989 0,000854
раздан 5,129899 0,000688
наибольшим 3,520461 0,001416
экранами 5,129899 0,000688
приняло 2,732003 0,000366
поделены 5,129899 0,000688
приняли 1,633391 0,000219
скорострельности 5,129899 0,000688
петербург 1,633391 0,000876
менее 1,258698 0,000169
помощью 2,185460 0,000586
беларуская 1,069456 0,000287
первой 1,019025 0,001367
чехословакия 2,421849 0,000325
первом 1,052361 0,000141
а 0,209918 0,000535
в 0,017911 0,000709
георгий 2,490841 0,000334
е 0,867219 0,004536
копии 2,932674 0,000393
литературного 4,436752 0,000595
и 0,023953 0,000350
регламентированное 5,129899 0,000688
й 0,825834 0,000222
совпадало 5,129899 0,000688
к 0,132686 0,000267
реализовывать 5,129899 0,000688
м 0,534779 0,000717
н 0,895792 0,000120
о 0,042302 0,000057
санкт 1,279751 0,001373
р 2,239527 0,000601
с 0,036149 0,000431
она 0,825834 0,000222
телесемь 5,129899 0,000688
т 1,368699 0,000184
суммарная 3,520461 0,000944
у 0,342407 0,000321
х 0,986764 0,000397
течение 1,238078 0,000664
скачать 0,895792 0,000240
сезон 1,368699 0,001652
они 0,760451 0,000306
показа 4,436752 0,000595
сформирована 3,743604 0,000502
ю 1,834062 0,000246
прибыльным 4,436752 0,000595
оно 2,038856 0,000273
косово 3,338139 0,000448
вторжения 3,338139 0,000448
вариант 1,994404 0,000267
футбол 0,285712 0,001188
грустных 5,129899 0,000688
сыгранных 2,827314 0,000379
структура 2,421849 0,000325
сноски 3,743604 0,000502
португалия 2,296685 0,000308
белоруссией 5,129899 0,000688
регулярности 5,129899 0,000688
екатеринбург 2,490841 0,000668
саратов 2,644992 0,000355
набережные 3,050457 0,000409
австрия 2,239527 0,000300
существования 2,827314 0,000379
идентичные 5,129899 0,000688
алфавиту 1,159607 0,000156
высший 2,564949 0,001720
петербурга 2,732003 0,000366
кругов 3,520461 0,000472
причём 1,951845 0,000262
соответствующий 3,050457 0,000409
петербурге 2,296685 0,000924
представились 0,986764 0,000132
структуры 2,644992 0,000355
сергей 1,392229 0,001681
город 1,871802 0,000251
прежде 2,185460 0,000879
честно 3,050457 0,000409
粵語 1,178655 0,000158
коринтианс 5,129899 0,000688
организован 3,183989 0,000427
запуском 5,129899 0,000688
следующего 2,185460 0,000879
убило 5,129899 0,000688
вице 2,134166 0,000859
выездные 4,031286 0,000541
белтелерадиокомпания 4,436752 0,000595
алания 2,932674 0,003540
льва 3,050457 0,000409
реформирование 5,129899 0,000688
последнего 2,038856 0,000273
первую 1,518981 0,000815
василий 2,490841 0,000668
коммуникаций 2,296685 0,000308
удалена 2,038856 0,000273
бифштексом 5,129899 0,000688
теньо 5,129899 0,000688
мест 1,951845 0,000524
уралан 3,050457 0,000818
экономического 4,031286 0,000541
адиев 5,129899 0,001376
региональные 2,357310 0,000316
соревнованиях 1,159607 0,000156
алании 4,436752 0,000595
продуктом 4,436752 0,000595
наибольшее 2,085376 0,000559
опять 2,732003 0,000733
киева 3,520461 0,000472
динамовец 5,129899 0,000688
всех 0,652562 0,001138
грязи 5,129899 0,000688
представлен 3,183989 0,001281
вгтрк 4,031286 0,000541
показываются 4,436752 0,000595
title 0,986764 0,000132
видео 0,699082 0,000094
чехия 1,518981 0,000204
пепси 5,129899 0,000688
орт 4,436752 0,001190
польша 2,185460 0,000293
пожертвовать 0,986764 0,000132
играли 1,762603 0,000473
оформил 2,490841 0,000334
реконструировали 5,129899 0,000688
сносок 1,951845 0,001571
московским 2,644992 0,000709
приняла 2,644992 0,000355
центрального 2,932674 0,000393
московский 2,296685 0,001232
ссылка 0,786093 0,000211
долларов 2,239527 0,001802
показанным 5,129899 0,000688
ссылки 0,839439 0,000788
курбан 3,743604 0,000502
раунд 2,134166 0,000286
революции 3,183989 0,000427
бренд 3,338139 0,000448
своём 1,871802 0,000753
борис 2,564949 0,000344
середина 4,031286 0,000541
московских 3,183989 0,000427
куйбышев 5,129899 0,000688
властей 3,520461 0,000472
боаш 4,436752 0,000595
вторая 1,345709 0,000361
глазами 4,031286 0,000541
швейцария 1,603538 0,000645
матчу 2,732003 0,000366
московская 3,743604 0,001506
оборудовали 4,031286 0,000541
госкорпораций 5,129899 0,000688
москве 1,518981 0,000407
разделами 1,951845 0,000262
москва 0,760451 0,011627
меня 1,518981 0,000204
интуитивно 5,129899 0,000688
отдельных 0,986764 0,000132
сформировал 4,031286 0,000541
превышать 2,932674 0,000393
мусаев 4,031286 0,001622
отдельные 2,239527 0,000300
рынок 3,743604 0,000502
дания 2,085376 0,000280
офф 1,019025 0,000137
клс 4,436752 0,000595
деньги 1,994404 0,000267
греция 2,564949 0,000344
матча 1,002764 0,001479
контекст 5,129899 0,000688
проводится 1,546380 0,000415
москвы 2,038856 0,001367
проводят 2,421849 0,000650
матчи 0,773190 0,002074
торпедо 1,574551 0,002112
чем 0,747872 0,000401
матче 0,747872 0,000502
скором 4,031286 0,000541
ребрендинге 5,129899 0,000688
телеканалом 5,129899 0,000688
крышей 3,338139 0,000895
разделе 1,728701 0,000232
стать 1,441019 0,000580
проходящем 4,436752 0,000595
занимают 2,932674 0,000393
удалены 3,338139 0,000448
был 0,663991 0,002583
независимости 5,129899 0,000688
миллиарда 3,050457 0,000409
код 0,986764 0,004235
огромными 5,129899 0,000688
бронза 2,644992 0,000355
березуцкий 4,031286 0,001622
новость 2,644992 0,000355
высшая 2,185460 0,000586
url 0,986764 0,000132
ссылок 1,911023 0,000513
суворов 5,129899 0,000688
половину 2,421849 0,000325
михаил 1,392229 0,000373
назрела 5,129899 0,000688
сентября 1,069456 0,001578
дивизионами 5,129899 0,000688
новости 0,301585 0,000040
войти 0,735450 0,000099
выступали 2,490841 0,000334
вещателем 5,129899 0,000688
построили 3,743604 0,000502
ქართული 1,392229 0,000187
недели 2,357310 0,000316
каналам 5,129899 0,000688
вышли 1,797694 0,000482
красно 2,490841 0,000334
вышло 2,564949 0,000344
стадион 2,134166 0,000572
объявлено 2,490841 0,000334
артемия 4,031286 0,000541
тюмень 2,644992 0,000355
горожан 5,129899 0,000688
медалей 1,238078 0,000166
играющая 5,129899 0,000688
бельгия 2,296685 0,000308
инструменты 0,986764 0,000265
рынке 3,520461 0,000472
характера 3,050457 0,000409
стара 4,031286 0,000541
спутник 4,031286 0,000541
первым 1,238078 0,000498
каналах 4,436752 0,000595
действие 2,644992 0,000355
медиа 1,834062 0,000246
первые 0,971016 0,000130
предлагается 3,520461 0,000472
обращения 0,925206 0,009183
транслировались 4,436752 0,000595
рабочая 4,436752 0,000595
первый 0,687247 0,001290
самара 2,490841 0,001670
февраля 0,232059 0,000342
मर 1,574551 0,000211
пять 1,368699 0,000551
минут 1,258698 0,000169
семшов 3,520461 0,000944
полузащитник 2,490841 0,000334
значение 2,490841 0,000334
тогда 1,466337 0,001180
словакия 1,834062 0,000246
награждались 5,129899 0,000688
проходящих 3,743604 0,000502
высшем 2,732003 0,001466
поры 5,129899 0,000688
происходит 1,695912 0,000455
коэффициентов 4,031286 0,001081
высшей 2,421849 0,002923
пяти 1,574551 0,000211
иностранными 4,436752 0,000595
обществ 4,436752 0,000595
зарабатывают 4,031286 0,000541
титул 1,603538 0,000430
футбольном 2,644992 0,000355
империя 3,743604 0,001004
невка 5,129899 0,001376
понятным 5,129899 0,000688
срок 2,085376 0,000559
вписанного 5,129899 0,000688
кто 0,839439 0,000225
футбольное 3,050457 0,000409
находятся 2,357310 0,000632
футбольной 2,564949 0,001720
краснодара 2,490841 0,000668
жестокостью 4,436752 0,000595
отметки 3,338139 0,000448
материал 0,825834 0,000111
проверяема 2,038856 0,000273
рубин 1,217876 0,003430
империи 2,296685 0,001848
камышин 3,050457 0,000409
возникали 4,436752 0,000595
отменён 3,183989 0,000427
смешных 5,129899 0,000688
советов 1,217876 0,002450
входят 1,994404 0,000267
английскими 4,031286 0,000541
иностранцы 3,338139 0,000448
спонсорское 5,129899 0,000688
разработки 3,743604 0,000502
длится 3,050457 0,000409
прошедших 3,183989 0,000427
ак 1,695912 0,000455
выплатила 4,436752 0,000595
добавив 1,911023 0,000256
instagram 1,911023 0,000256
балтика 1,258698 0,001182
лебедева 4,031286 0,000541
столичным 4,436752 0,000595
тамбов 2,932674 0,000393
навигация 0,986764 0,000265
перекличка 5,129899 0,000688
разделены 3,743604 0,001004
спартакab 5,129899 0,000688
проверки 2,239527 0,000901
навигации 0,986764 0,000132
сборная 0,711058 0,000477
сайту 3,743604 0,000502
правила 0,910391 0,000122
установил 2,490841 0,000668
федерацией 2,185460 0,000293
трансляциях 4,436752 0,000595
перекличку 5,129899 0,000688
бо 2,185460 0,000293
джонатан 3,520461 0,000472
счётом 1,834062 0,000492
йская 5,129899 0,000688
правило 1,633391 0,000657
можете 1,695912 0,000455
азербайджан 2,644992 0,000355
спартака 1,633391 0,000657
сайты 1,994404 0,000267
hrvatski 1,052361 0,000141
союзного 5,129899 0,000688
перешли 2,827314 0,000379
уефа 1,466337 0,002557
локомотивab 5,129899 0,000688
кхл 0,760451 0,000102
образованного 5,129899 0,000688
плацу 5,129899 0,000688
аудио 1,951845 0,000262
кубок 0,524729 0,000985
во 0,495170 0,000465
рублей 2,038856 0,003555
лимит 3,338139 0,003134
показ 4,031286 0,001081
уже 0,687247 0,000461
ужесточил 5,129899 0,000688
вы 0,325878 0,000219
организацией 2,357310 0,000632
мячи 2,490841 0,000334
диаметре 4,436752 0,000595
га 3,520461 0,000472
превысили 4,031286 0,000541
партнёр 2,932674 0,000393
убрали 3,338139 0,000448
приоритета 4,436752 0,000595
мяча 1,834062 0,000246
краснодарский 5,129899 0,000688
кипр 3,050457 0,000409
итогам 1,603538 0,001721
просто 1,492313 0,000200
томск 2,932674 0,000393
ростовом 3,050457 0,000409
узнать 3,520461 0,000472
го 1,279751 0,000172
энциклопедии 0,986764 0,000132
фишт 4,031286 0,000541
бюджетов 4,436752 0,000595
гу 4,031286 0,000541
государства 2,932674 0,000393
увеличилась 4,031286 0,000541
виктор 1,574551 0,000211
показателям 3,338139 0,000448
заключён 3,520461 0,000944
associated 0,986764 0,000132
български 1,086847 0,000146
чтобы 0,773190 0,000104
прошедший 3,050457 0,000409
космический 5,129899 0,000688
погружёнными 5,129899 0,000688
плей 1,002764 0,000134
необходимость 3,183989 0,000427
перед 0,839439 0,000113
сайт 0,773190 0,000207
наименованию 5,129899 0,000688
возглавлял 3,183989 0,000427
американский 1,258698 0,000169
до 0,239550 0,000610
холдинга 4,436752 0,001190
зарегистрированный 0,986764 0,000132
сильнейшего 3,743604 0,000502
компенсируют 4,436752 0,000595
выступать 1,633391 0,000219
другой 1,492313 0,000400
предпринимателя 5,129899 0,000688
сюда 0,986764 0,000132
участвуют 2,038856 0,000547
двух 1,002764 0,000403
ленинградцы 4,031286 0,000541
независимые 3,183989 0,000427
призом 4,436752 0,000595
рабочий 4,031286 0,000541
комсомолец 4,436752 0,000595
цитировать 0,986764 0,000132
челестини 3,743604 0,001004
числа 2,357310 0,000316
регулярно 1,871802 0,000251
стиморол 5,129899 0,001376
проведения 1,258698 0,000844
числе 1,546380 0,000622
динамовцы 3,520461 0,000472
кубка 0,825834 0,000332
число 1,392229 0,000934
ido 1,546380 0,000207
числу 1,546380 0,000415
равенстве 3,183989 0,001708
её 1,104547 0,000148
принимают 2,085376 0,000280
же 0,925206 0,000993
индустрии 4,031286 0,000541
бестрофейный 5,129899 0,000688
гарантиями 5,129899 0,000688
данной 2,732003 0,000366
показывалось 5,129899 0,000688
кубки 2,644992 0,000355
кубке 1,441019 0,000193
спонсорские 3,520461 0,000472
дивизио 4,436752 0,000595
путь 1,834062 0,000246
башкортостан 4,436752 0,000595
российского 1,603538 0,001505
ущерб 4,436752 0,000595
что 0,239550 0,000193
лукойл 4,436752 0,000595
медали 0,971016 0,000651
тедеев 4,436752 0,001190
править 0,986764 0,008470
кузьминскому 5,129899 0,000688
за 0,125952 0,000473
домашние 2,357310 0,001265
среднем 2,239527 0,000901
средней 2,564949 0,000344
призёры 2,564949 0,000688
медаль 1,416327 0,000190
позиции 1,871802 0,000251
было 0,438551 0,000706
подробнее 0,723179 0,000194
рекордсмены 2,732003 0,000733
поднята 5,129899 0,000688
неопределённый 5,129899 0,001376
поток 5,129899 0,000688
были 0,799165 0,000965
горящие 5,129899 0,000688
левый 2,564949 0,000344
советский 2,038856 0,000820
чемпионство 2,357310 0,000316
венгрия 2,564949 0,000344
считаются 2,357310 0,000316
была 0,652562 0,000788
советские 2,732003 0,000733
позицию 2,827314 0,000379
гибралтар 4,031286 0,000541
всфк 5,129899 0,000688
из 0,106018 0,000512
саранск 3,050457 0,000409
бомба 5,129899 0,000688
играют 1,728701 0,000696
им 1,198073 0,000321
перерывом 2,932674 0,000393
августа 1,052361 0,002541
республик 3,743604 0,000502
их 0,799165 0,000643
скрытые 1,122566 0,000151
барриос 4,031286 0,000541
группам 3,743604 0,000502
кержаков 4,436752 0,001190
группах 2,932674 0,000393
дискуссию 4,436752 0,000595
свободного 2,932674 0,000393
первенства 1,951845 0,001832
исключением 1,994404 0,000535
ротенберг 3,520461 0,000472
розыгрышах 2,932674 0,000787
техническим 2,564949 0,000344
изображение 3,183989 0,000427
заключительного 3,743604 0,000502
лигой 2,932674 0,001180
словения 2,490841 0,000334
стадионе 1,994404 0,000267
забившая 3,743604 0,000502
торговой 4,436752 0,000595
василеостровское 5,129899 0,000688
стадионы 2,421849 0,001624
назначать 5,129899 0,000688
первенство 1,664163 0,001116
стадиону 3,338139 0,000448
нашему 4,031286 0,000541
ежедневно 2,357310 0,000316
srpski 1,035554 0,000139
бесконечная 4,436752 0,000595
телеправ 5,129899 0,002752
освещения 4,031286 0,000541
ярцев 4,031286 0,000541
четверти 3,520461 0,000472
октября 1,086847 0,005102
университеты 5,129899 0,000688
отдельное 3,743604 0,000502
foundation 0,986764 0,000132
футбольных 2,038856 0,002735
клуба 1,178655 0,000632
профессиональной 2,932674 0,000787
клубы 1,392229 0,002801
футбольный 1,951845 0,001571
турция 2,421849 0,000325
каналов 5,129899 0,000688
футбольным 2,932674 0,000393
клубу 2,239527 0,000300
семак 3,183989 0,002135
крылья 1,258698 0,002363
вне 2,038856 0,000273
футболках 3,520461 0,000472
следующие 1,834062 0,000246
месяца 2,296685 0,000616
ли 1,198073 0,000482
футбольные 2,239527 0,003304
ананко 4,436752 0,000595
тольятти 2,490841 0,001002
выделялись 4,031286 0,000541
facebook 1,994404 0,000267
лу 3,183989 0,000427
президент 1,416327 0,000190
роман 2,085376 0,000280
лч 2,185460 0,000293
первоначально 1,951845 0,000262
한국어 1,035554 0,000139
современными 3,743604 0,000502
создание 2,564949 0,001376
uefa 2,732003 0,000366
располагалась 4,031286 0,000541
собой 1,279751 0,000515
снабдили 5,129899 0,000688
место 0,597299 0,001041
примерно 2,085376 0,000280
побед 1,301257 0,001222
судей 1,797694 0,000241
современная 2,490841 0,000668
мх 1,728701 0,000696
телеправах 5,129899 0,000688
медведя 5,129899 0,002064
география 4,031286 0,000541
болельщик 2,827314 0,000379
участие 0,597299 0,000481
московское 2,564949 0,001376
на 0,023953 0,000373
победила 1,762603 0,000946
акронa 5,129899 0,000688
молодёжная 2,490841 0,000668
прибыли 3,743604 0,000502
не 0,099461 0,000374
исходя 3,743604 0,000502
государств 2,827314 0,000379
предпоследнего 4,436752 0,000595
каждый 1,392229 0,000747
владивосток 2,732003 0,000366
ни 1,603538 0,000215
каждым 2,564949 0,000344
доходы 2,644992 0,001774
онлайн 0,773190 0,000104
аннулирован 4,436752 0,000595
медведь 4,436752 0,000595
олицетворяющих 5,129899 0,000688
нн 2,564949 0,000688
но 0,402511 0,000162
еврокубков 2,827314 0,000379
превысила 3,743604 0,000502
финансовым 4,031286 0,000541
эфира 4,436752 0,000595
победили 1,951845 0,000262
эфире 2,564949 0,002752
уровне 1,695912 0,000227
magyar 1,086847 0,000146
финансовые 3,520461 0,000472
андорра 3,050457 0,000409
нами 0,853233 0,000114
места 1,198073 0,001768
об 0,217244 0,000058
уровень 2,038856 0,000273
мутко 4,031286 0,000541
осинькин 5,129899 0,001376
одинаковое 3,050457 0,000409
пятиугольник 5,129899 0,000688
красноярск 2,644992 0,000355
федеральный 4,031286 0,000541
награды 1,728701 0,000464
советской 2,827314 0,000758
учитывалось 5,129899 0,000688
прибыль 3,520461 0,001416
справка 0,986764 0,000132
упали 3,743604 0,000502
превышает 3,183989 0,000427
месте 1,492313 0,000200
развитие 1,633391 0,000219
он 0,534779 0,000215
всесоюзный 3,520461 0,000472
img 2,185460 0,000293
твалтвадзе 5,129899 0,000688
категории 0,986764 0,000265
от 0,160085 0,000258
рекламных 3,520461 0,000472
форум 0,881403 0,000118
поистине 4,436752 0,000595
получал 2,732003 0,001099
официальный 1,104547 0,000148
необычайной 4,436752 0,000595
недоступная 2,357310 0,000316
годах 1,492313 0,001601
поддерживаемой 5,129899 0,000688
сведений 2,239527 0,000300
принимать 2,134166 0,000286
все 0,125952 0,000169
википедия 0,986764 0,002912
стадиона 2,490841 0,000668
по 0,073653 0,001057
официальных 1,664163 0,000223
inc 0,986764 0,000132
выигравший 2,932674 0,000393
чьи 3,338139 0,000448
сведения 0,812411 0,000218
элиста 3,050457 0,000409
страницей 5,129899 0,000688
português 1,035554 0,000139
яшина 2,932674 0,000393
глобализации 4,436752 0,000595
втб 1,834062 0,000492
участию 2,732003 0,000366
сообщество 0,986764 0,000132
газонами 5,129899 0,000688
титульное 4,031286 0,000541
википедии 0,986764 0,000397
бомбардир 2,644992 0,000355
сменивший 3,743604 0,000502
уфа 2,239527 0,000601
выиграв 2,296685 0,000308
ру 1,994404 0,000267
рф 1,871802 0,000251
титулам 4,031286 0,000541
гнал 5,129899 0,000688
газета 1,633391 0,000219
стал 0,586604 0,001023
указан 1,301257 0,000175
стиль 2,038856 0,000273
см 0,955511 0,000769
стилю 3,520461 0,000472
поставлена 3,338139 0,000448
vip 3,183989 0,000427
слуцкий 3,743604 0,000502
日本語 1,035554 0,000139
со 0,447767 0,000240
центр 0,881403 0,000118
ср 3,050457 0,000409
вратарю 3,338139 0,000448
декабря 0,881403 0,003310
вратарь 1,728701 0,000232
под 0,723179 0,000388
таким 1,664163 0,000446
одно 1,664163 0,000446
галактионов 4,031286 0,001081
одни 2,644992 0,000355
волгарём 4,436752 0,000595
басков 4,031286 0,000541
македония 2,732003 0,000366
тв 1,633391 0,005258
человек 1,178655 0,001107
производство 3,743604 0,000502
выборочно 5,129899 0,000688
евразийского 5,129899 0,000688
частности 1,994404 0,000267
одна 1,392229 0,000187
содержание 0,971016 0,000260
фото 0,799165 0,000107
eesti 1,069456 0,000143
лет 0,475938 0,000511
тк 5,129899 0,000688
مصرى 1,546380 0,000207
тн 5,129899 0,000688
то 0,652562 0,000788
встречайте 4,436752 0,000595
натуральными 4,436752 0,000595
сложности 2,134166 0,000286
сейчас 1,104547 0,000148
находка 2,932674 0,000393
оказался 2,085376 0,000280
стартует 2,490841 0,000334
матчах 1,574551 0,001478
начинает 3,520461 0,001416
пятом 2,644992 0,000355
главные 1,086847 0,000437
социальных 1,871802 0,000251
пор 1,574551 0,000211
титульным 3,183989 0,001708
силой 2,932674 0,000393
конфиденциальности 0,317714 0,000043
титульный 2,644992 0,000355
связи 1,159607 0,000622
томская 4,436752 0,000595
wikipedia 0,986764 0,000265
зубов 3,743604 0,000502
теперь 0,971016 0,000391
прав 2,564949 0,000688
scots 1,695912 0,000227
преимущественно 2,490841 0,000334
afrikaans 1,441019 0,000193
студенческая 3,743604 0,000502
отредактировать 2,038856 0,000273
лиг 2,732003 0,002565
nike 3,050457 0,000818
при 0,367725 0,000493
называть 3,050457 0,000409
боролись 2,827314 0,000379
третьего 2,357310 0,000948
четвёртая 4,031286 0,000541
усилиям 3,520461 0,000472
состоялся 1,664163 0,001116
летом 2,185460 0,000586
главным 1,633391 0,000438
предвоенный 5,129899 0,000688
данным 2,357310 0,000316
иванов 2,357310 0,000316
викиновости 1,238078 0,000166
фк 1,951845 0,000524
подкаст 4,436752 0,000595
данные 1,834062 0,000246
прошлым 3,743604 0,000502
второго 1,466337 0,000393
также 0,663991 0,000891
республики 2,827314 0,000379
العربية 1,069456 0,000143
опросили 5,129899 0,000688
одной 1,238078 0,000166
грозный 2,564949 0,000688
одном 1,603538 0,000215
италия 0,867219 0,000116
зрителей 1,797694 0,000241
разработчики 0,986764 0,000265
допускать 3,520461 0,000472
тысячелетий 4,436752 0,000595
лучшей 2,296685 0,000616
языком 4,436752 0,000595
подписчиков 4,031286 0,000541
понятнее 5,129899 0,001376
миллиона 2,564949 0,000344
киевского 3,520461 0,000472
ren 4,436752 0,002975
сыграв 2,932674 0,000393
тренерам 3,338139 0,000895
правки 0,986764 0,000265
сыгран 3,183989 0,000427
начинала 4,031286 0,000541
сыграл 1,951845 0,000262
однако 1,069456 0,000861
должности 3,743604 0,000502
представляет 1,871802 0,000251
касательно 5,129899 0,000688
выходные 3,520461 0,000472
кубань 2,827314 0,002275
командам 2,827314 0,000379
проектах 0,986764 0,000132
việt 1,140915 0,000153
отказ 0,910391 0,000122
артём 2,357310 0,000948
сохранением 0,986764 0,000132
очищаемым 2,421849 0,000325
дзюба 2,134166 0,000859
получил 1,002764 0,000269
ближайшим 4,031286 0,000541
один 0,711058 0,000191
любителей 1,762603 0,000473
выросло 4,436752 0,000595
количеством 2,085376 0,000839
полностью 1,546380 0,000415
восьмёрки 5,129899 0,000688
поддержку 2,732003 0,000366
чм 1,492313 0,000200
нетто 3,743604 0,000502
удаляйте 3,520461 0,000472
доступны 5,129899 0,000688
ставший 2,239527 0,000300
провёл 2,134166 0,000286
физической 1,664163 0,000446
часть 1,441019 0,000387
итогов 2,827314 0,000379
авторитетные 2,038856 0,000273
образованный 4,031286 0,000541
радиокомментатор 5,129899 0,000688
распадом 4,031286 0,000541
зарабатывает 4,436752 0,000595
нему 2,564949 0,000344
принимали 2,134166 0,000286
пфл 3,338139 0,001343
общего 3,183989 0,000427
сетях 1,871802 0,000251
участвовало 4,031286 0,000541
труд 4,031286 0,000541
широкую 5,129899 0,000688
изменения 1,728701 0,000696
специально 2,185460 0,000586
шее 4,436752 0,000595
рассчитан 3,183989 0,000427
выросла 3,743604 0,000502
конкретного 3,338139 0,000448
исключена 3,520461 0,000944
говорить 3,520461 0,000472
символические 3,743604 0,000502
bahasa 1,086847 0,000146
ввели 3,183989 0,000427
самая 1,911023 0,000256
определяются 2,932674 0,000787
махачкала 2,421849 0,001624
качестве 1,574551 0,000634
российское 2,932674 0,000393
знаменем 4,436752 0,000595
номер 1,994404 0,000267
членов 2,644992 0,000709
российском 2,732003 0,000733
تۆرکجه 1,762603 0,000236
через 0,971016 0,000130
российской 1,178655 0,002213
руками 2,357310 0,000316
lietuvių 1,140915 0,000153
такая 2,827314 0,000379
ठ 1,574551 0,000211
официально 1,159607 0,000311
химки 2,644992 0,000709
лучшие 1,019025 0,000683
вэб 4,031286 0,001081
урал 2,134166 0,000859
команда 0,663991 0,001247
лучший 1,368699 0,000551
игроки 0,986764 0,000529
уточните 3,743604 0,000502
команде 1,258698 0,000506
прервали 3,743604 0,000502
открыта 3,520461 0,000472
оставив 4,031286 0,000541
будут 1,392229 0,000747
суммарный 4,031286 0,000541
договорняк 5,129899 0,000688
команды 0,555188 0,001713
зенит 0,895792 0,007088
лучших 1,198073 0,000643
проводиться 2,038856 0,000547
никогда 1,951845 0,000262
признаётся 3,520461 0,000472
исполкома 3,520461 0,000472
нормы 4,436752 0,000595
смолов 3,520461 0,000472
наоборот 3,743604 0,000502
праздничные 4,436752 0,000595
отстранения 3,520461 0,000472
века 1,441019 0,000387
называли 2,827314 0,000379
одним 1,416327 0,000190
общедоступного 5,129899 0,000688
українська 1,035554 0,000139
телеканала 3,520461 0,000472
братьев 3,520461 0,000472
выезде 2,564949 0,000344
истечением 4,031286 0,000541
телеканале 4,031286 0,002703
группа 1,834062 0,000492
отправляясь 5,129899 0,000688
шотландия 2,490841 0,000334
группу 2,732003 0,000366
завоевав 2,732003 0,000733
процент 4,031286 0,000541
крыльями 3,520461 0,000472
зил 4,436752 0,001190
пропущенных 2,490841 0,000668
ребрендинг 4,031286 0,002703
официальное 2,421849 0,000325
имеющие 3,520461 0,000472
причин 2,490841 0,000334
ленинградского 4,031286 0,000541
нарушает 4,031286 0,000541
группы 1,695912 0,000455
cite 1,258698 0,000338
официальном 2,296685 0,000308
следующими 3,520461 0,000472
кыргызстан 3,050457 0,000409
ерохин 4,436752 0,000595
трики 2,732003 0,000366
символичным 5,129899 0,000688
приходили 3,520461 0,000472
pages 0,986764 0,000132
кадетского 5,129899 0,000688
местом 2,564949 0,000344
канал 2,038856 0,001367
занявшая 4,031286 0,000541
вылетали 5,129899 0,000688
почему 1,122566 0,000452
старта 2,134166 0,000572
телеэфир 5,129899 0,000688
ежегодно 2,185460 0,000293
net 2,421849 0,000325
солидарность 4,436752 0,001190
енисей 2,421849 0,000325
красные 3,520461 0,000472
черчесов 4,031286 0,001081
командами 1,911023 0,001794
разбитыми 5,129899 0,000688
подтверждается 4,031286 0,000541
всего 0,812411 0,000763
вёл 3,743604 0,000502
ব 1,416327 0,000190
объединение 3,050457 0,000409
разыгрывался 3,520461 0,000472
вцик 4,436752 0,000595
созданная 4,031286 0,001081
стратегии 2,644992 0,000355
калмыкия 5,129899 0,000688
черногория 2,732003 0,000733
ল 1,416327 0,000190
объединению 3,520461 0,000944
svenska 1,035554 0,000139
объединения 2,644992 0,000355
назад 1,140915 0,000153
зрелищ 4,436752 0,000595
новосибирская 4,436752 0,000595
шло 4,436752 0,000595
разводить 5,129899 0,000688
список 1,198073 0,001768
ссср 0,940244 0,003405
доступен 0,971016 0,000130
назначаются 3,520461 0,000472
марино 2,827314 0,000379
вильмар 4,436752 0,000595
луч 3,050457 0,000818
уточнить 3,743604 0,001004
цскаab 5,129899 0,000688
сокольнический 5,129899 0,000688
пермский 4,436752 0,000595
столетняя 4,436752 0,000595
московского 2,296685 0,001232
матчей 0,940244 0,003657
именно 1,492313 0,000600
общей 1,951845 0,000262
румыния 2,239527 0,000300
примечания 1,002764 0,000269
где 0,675551 0,000181
контента 4,031286 0,000541
матчем 2,085376 0,000280
напрямую 3,050457 0,000409
гдр 2,038856 0,000273
приносит 4,436752 0,000595
европейских 2,038856 0,000273
невыгодно 5,129899 0,000688
вновь 1,574551 0,000211
англия 1,574551 0,000211
участвовать 1,518981 0,000204
точки 2,421849 0,000325
сообщить 0,799165 0,000107
быть 0,773190 0,000622
указаны 3,338139 0,000448
финальный 2,644992 0,000355
получала 3,743604 0,000502
брендировала 5,129899 0,000688
падением 3,338139 0,000448
занявшей 4,031286 0,001081
грузия 2,644992 0,000355
черноморец 2,732003 0,000366
мобильная 0,608110 0,000082
english 0,925206 0,000248
франция 1,122566 0,000151
перерыв 2,490841 0,000668
отсортирован 5,129899 0,000688
переходной 4,436752 0,000595
четыре 1,140915 0,000459
рсфср 2,732003 0,001099
образования 2,644992 0,001064
покидали 3,743604 0,000502
suomi 1,052361 0,000141
стало 1,217876 0,000163
спонсоров 2,644992 0,000355
вадим 2,644992 0,000709
сбор 2,644992 0,000355
мирового 2,134166 0,000286
тарелку 5,129899 0,000688
стала 0,881403 0,000709
схема 2,732003 0,000366
рекордные 2,932674 0,000393
составе 1,546380 0,000830
заявленных 4,436752 0,000595
являются 1,466337 0,000197
лебеденко 4,436752 0,000595
можно 1,002764 0,000269
стали 0,971016 0,000391
илья 1,911023 0,000256
română 1,122566 0,000151
составы 2,357310 0,000316
первая 0,867219 0,000582
млрд 2,564949 0,001376
российские 1,301257 0,000698
впервые 0,839439 0,001126
oʻzbekcha 1,140915 0,000153
вручались 4,436752 0,000595
трибуны 2,357310 0,000316
раз 0,504926 0,000271
чемпионат 0,277868 0,001453
российским 1,994404 0,000267
ўзбекча 1,140915 0,000153
случайная 0,986764 0,000132
latviešu 1,052361 0,000141
российский 1,086847 0,001020
президента 1,762603 0,000473
бесплатного 5,129899 0,001376
испания 1,466337 0,001377
тихому 5,129899 0,000688
необходимо 1,994404 0,000267
постоянная 0,986764 0,000132
шести 1,911023 0,000513
некорректные 4,436752 0,001190
командой 1,664163 0,000670
передач 2,490841 0,000334
факел 2,357310 0,000316
версия 0,485508 0,000130
убыток 3,520461 0,000472
исправить 3,520461 0,000944
телеканал 3,183989 0,001281
смотреть 1,695912 0,000227
шесть 1,546380 0,000207
финансы 3,743604 0,001004
требование 3,520461 0,000472
израиль 2,490841 0,000334
титов 3,743604 0,000502
вячеслав 2,357310 0,000316
спартаком 2,185460 0,000293
спортивного 1,574551 0,000211
اردو 1,574551 0,000211
сократилось 3,520461 0,000472
энергия 2,932674 0,000787
игорь 1,951845 0,001832
назывался 3,050457 0,000409
четвертый 3,183989 0,000427
знак 0,986764 0,000132
романцев 3,743604 0,000502
представители 1,633391 0,000219
субъекта 5,129899 0,000688
обладатель 2,185460 0,000586
игоря 2,732003 0,000366
российских 1,323236 0,000887
равное 3,338139 0,000895
невысока 5,129899 0,000688
итога 3,520461 0,000472
евро 1,466337 0,000197
критерий 4,031286 0,000541
англичан 5,129899 0,000688
устав 3,520461 0,000472
логотип 2,644992 0,002483
павлюченко 3,520461 0,000472
сибирь 2,134166 0,000286
дивизионах 4,031286 0,000541
сети 1,951845 0,000262
архивировано 1,104547 0,010666
galego 1,178655 0,000158
короткий 0,971016 0,000130
остальные 2,239527 0,000300
ростом 3,520461 0,000472
недостаточно 3,338139 0,000448
чемпионата 0,735450 0,004044
занявшие 2,644992 0,002483
случаях 0,971016 0,000130
поражение 1,546380 0,000207
ростов 1,002764 0,002152
чемпионате 1,178655 0,000790
после 0,317714 0,000426
получает 2,038856 0,000547
остальных 2,932674 0,000393
пользу 1,911023 0,000256
краснодар 0,925206 0,002606
положение 1,797694 0,000241
спонсором 2,827314 0,002275
талалаев 4,031286 0,001081
отечественного 2,564949 0,000344
чемпионаты 1,574551 0,001056
слуцкого 4,031286 0,000541
набранных 2,564949 0,000344
обходился 5,129899 0,000688
забитых 2,564949 0,001720
пандемии 2,421849 0,000325
ржд 3,520461 0,000944
одессы 4,436752 0,000595
фнл 2,421849 0,001624
служебные 0,986764 0,000132
существовать 4,031286 0,000541
языках 0,986764 0,000132
расходуются 5,129899 0,000688
отношении 2,421849 0,000325
положения 2,357310 0,000316
фактов 2,732003 0,000366
свободной 0,986764 0,000132
руководством 2,134166 0,000859
выручка 3,743604 0,001004
может 0,630089 0,000085
пузырь 4,436752 0,000595
футбо 3,520461 0,000944
люб 4,436752 0,001190
больше 0,812411 0,000327
получить 0,747872 0,000201
низком 4,436752 0,000595
нидерланды 1,728701 0,000232
максимальное 2,644992 0,000355
государственным 4,436752 0,000595
гол 1,546380 0,000207
связанные 0,881403 0,000118
сделать 1,695912 0,000227
казань 1,345709 0,001444
босния 2,732003 0,000366
направлялись 5,129899 0,000688
участники 1,518981 0,000611
отредактирована 0,986764 0,000132
ролан 2,239527 0,000300
трёх 1,441019 0,000387
стыковых 3,050457 0,001227
адвокат 3,743604 0,000502
времена 2,490841 0,000334
красной 2,296685 0,000308
красном 3,743604 0,000502
ведущих 2,239527 0,000300
времени 1,140915 0,000765
рейтинга 2,564949 0,000344
italiano 1,035554 0,000139
год 0,687247 0,000830
ничья 2,357310 0,000316
стыковые 2,732003 0,001099
рейтинге 2,421849 0,000325
гой 5,129899 0,000688
контракт 1,518981 0,001222
հայերեն 1,198073 0,000161
бомбардиры 2,357310 0,000948
совета 2,085376 0,000280
ведущие 3,183989 0,000427
создан 2,357310 0,000316
газовик 4,436752 0,000595
сербия 2,357310 0,000632
мая 1,104547 0,004296
языка 2,932674 0,000393
оказывался 3,743604 0,000502
поэтому 1,392229 0,000373
commons 0,986764 0,000132
началом 1,834062 0,000246
српскохрватски 1,416327 0,000190
названия 1,664163 0,000223
май 3,050457 0,000409
web 1,279751 0,000343
окончанием 4,436752 0,000595
приз 2,134166 0,000286
учётную 0,986764 0,000132
bokmål 1,069456 0,000143
президиум 4,031286 0,000541
самой 1,574551 0,000211
переименован 3,338139 0,000895
советы 3,183989 0,000427
шаблон 2,932674 0,000787
федун 3,520461 0,000472
прививка 5,129899 0,000688
семи 2,134166 0,000286
такой 1,664163 0,000223
лигу 2,134166 0,002576
плюс 2,357310 0,000316
forbes 3,743604 0,000502
свободном 4,031286 0,000541
заключил 3,338139 0,000448
лиги 0,895792 0,005286
разрешил 4,436752 0,000595
свяжитесь 0,986764 0,000132
лиге 1,368699 0,003304
чемпионом 1,122566 0,000602
лига 0,402511 0,001728
историй 3,520461 0,000472
simple 1,140915 0,000153
благодаря 1,441019 0,000193
бурного 5,129899 0,000688
истории 0,630089 0,000423
участниками 1,994404 0,000267
фонд 0,940244 0,000126
состав 1,238078 0,000166
лихтенштейн 3,183989 0,000427
спонсоры 1,911023 0,000513
александру 3,338139 0,000448
балкария 5,129899 0,000688
наиболее 1,466337 0,000197
союза 1,797694 0,000482
рамках 1,518981 0,000611
которая 1,052361 0,000565
соглашение 1,834062 0,000246
формату 3,743604 0,000502
спонсорство 3,743604 0,000502
историю 1,603538 0,000215
отборочного 3,338139 0,000448
история 0,555188 0,000745
льная 4,436752 0,000595
таблица 0,925206 0,000124
чистая 3,743604 0,001004
таблице 2,296685 0,001540
волгарь 4,436752 0,001190
недостатков 1,633391 0,000219
транслировал 5,129899 0,001376
российская 0,799165 0,001286
источники 1,633391 0,000876
чемпионами 1,664163 0,000223
либо 1,140915 0,000153
хорватия 2,357310 0,000316
розыгрыше 2,239527 0,000300
итоговой 3,743604 0,000502
согласно 1,574551 0,000845
источника 3,520461 0,000472
итоговое 3,338139 0,000448
жемчужина 3,050457 0,000409
название 1,178655 0,000632
какого 2,732003 0,000366
более 0,853233 0,000915
поиск 0,735450 0,000099
чемпион 0,867219 0,000465
оригиналом 3,743604 0,000502
магомед 3,338139 0,000448
исторический 2,644992 0,000355
франк 3,520461 0,000472
повесить 4,436752 0,000595
oldid 0,986764 0,000132
голов 1,871802 0,001255
волгоградская 5,129899 0,000688
иностранцами 4,436752 0,000595
первое 1,279751 0,000343
продажи 3,338139 0,000895
ленинград 3,338139 0,000448
алексей 1,238078 0,000332
челны 2,932674 0,000393
продажа 4,031286 0,000541
отвечать 3,520461 0,000472
истоки 3,520461 0,000944
стадии 2,085376 0,000280
созданием 3,743604 0,000502
титулов 2,357310 0,000316
рекорды 1,762603 0,000236
герцеговина 2,732003 0,000366
сёмин 3,050457 0,000818
существовало 2,932674 0,000787
постоянно 2,644992 0,000355
размещён 5,129899 0,000688
перебравшийся 4,031286 0,000541
точность 3,520461 0,000472
начинается 1,994404 0,000267
этого 0,881403 0,000709
лужники 3,050457 0,000409
саратовская 5,129899 0,000688
своих 1,345709 0,000361
переходных 5,129899 0,002752
спонсора 2,827314 0,000758
авторства 0,986764 0,000132
показывавшим 5,129899 0,000688
чемпионов 0,652562 0,000350
принципу 2,564949 0,000344
принято 1,871802 0,000502
льшую 4,436752 0,000595
català 1,086847 0,000146
дальнейшем 2,357310 0,000632
воронежская 5,129899 0,000688
ставропольский 5,129899 0,000688
изложенных 5,129899 0,000688
новый 0,940244 0,000883
определённые 3,183989 0,000427
рпл 1,140915 0,002142
новые 0,747872 0,000201
чемпионатах 1,574551 0,000634
рос 4,436752 0,000595
местных 3,050457 0,000409
всероссийский 3,183989 0,001281
турнирной 2,490841 0,000668
ахмат 1,217876 0,001307
литва 2,644992 0,000355
антенна 5,129899 0,000688
бесплатные 4,031286 0,000541
просмотры 0,986764 0,000132
проведён 2,038856 0,001641
فارسی 1,104547 0,000148
зрелищным 5,129899 0,000688
шинник 2,732003 0,000366
ответственными 5,129899 0,000688
должно 1,762603 0,000946
забил 1,834062 0,000246
приходилось 3,520461 0,000472
терек 3,050457 0,001227
годовом 5,129899 0,000688
александр 0,925206 0,000248
абсолютном 5,129899 0,000688
забив 2,932674 0,000393
турнирам 3,743604 0,000502
должны 1,178655 0,000158
футбольного 2,296685 0,000616
ярославская 5,129899 0,000688
оригинала 1,518981 0,000407
викимедиа 0,986764 0,000132
просмотра 3,520461 0,000472
дополнительных 2,564949 0,000344
загоры 5,129899 0,000688
кому 2,644992 0,000355
политика 0,239550 0,000032
определяется 2,038856 0,000273
показаны 3,520461 0,001889
показывать 2,644992 0,000709
коми 3,050457 0,000409
вплоть 1,871802 0,000251
azərbaycanca 1,258698 0,000169
приносят 4,031286 0,000541
составах 3,520461 0,000472
шёл 3,050457 0,000409
отправлялись 4,436752 0,000595
занявшими 3,743604 0,000502
коммерсантъ 3,520461 0,001416
определить 2,732003 0,000366
дополнительные 0,986764 0,000132
победители 1,797694 0,000241
заглавная 0,986764 0,000132
русские 3,183989 0,000427
сочи 0,853233 0,001259
шпилевский 5,129899 0,001376
мир 1,546380 0,000622
ленинграда 3,520461 0,000472
металлоконструкций 5,129899 0,000688
уэльс 2,932674 0,000393
by 0,971016 0,000130
основным 2,421849 0,000325
назначен 2,490841 0,000334
большую 2,239527 0,000601
должна 1,238078 0,000166
русский 0,839439 0,000113
кириченко 4,436752 0,001190
ленинграде 3,183989 0,000427
этап 1,392229 0,000373
cc 0,986764 0,000132
джентльмен 3,743604 0,000502
александрович 2,564949 0,000344
энергией 3,743604 0,000502
бывший 1,762603 0,000236
shqip 1,466337 0,000197
время 0,384967 0,000310
единственный 2,296685 0,000308
бывших 3,338139 0,000448
исландия 2,644992 0,000355
поведения 0,895792 0,000120
ртр 4,436752 0,002380
новгород 1,217876 0,000817
победителю 2,357310 0,000316
ленинградская 2,827314 0,000758
красноярский 4,436752 0,000595
ресурсы 1,104547 0,000148
новым 1,664163 0,000446
ранее 1,104547 0,000444
победитель 1,258698 0,000506
анжи 2,827314 0,003034
бывшие 2,134166 0,000859
городские 5,129899 0,001376
пробилось 5,129899 0,000688
прерван 3,520461 0,000472
сокращённо 3,520461 0,000472
состоит 1,546380 0,000207
задачу 2,732003 0,000733
викиданных 0,986764 0,000132
млн 1,728701 0,002782
рус 1,368699 0,001285
выводы 4,031286 0,000541
иво 3,338139 0,000448
проходили 2,085376 0,000559
сокращено 4,436752 0,000595
разногласий 3,743604 0,000502
своего 1,368699 0,000184
отсутствия 2,421849 0,000325
проходило 3,743604 0,000502
задачи 2,827314 0,000379
актуальной 4,436752 0,000595
тинькофф 4,031286 0,002163
отличались 3,338139 0,000448
пригласило 4,031286 0,000541
порядок 2,421849 0,000650
контексте 4,031286 0,001081
спаллетти 3,743604 0,000502
рфс 2,564949 0,002752
читать 0,586604 0,000079
игр 0,367725 0,000197
бердыев 3,743604 0,000502
разделился 4,031286 0,000541
ищите 4,436752 0,000595
высокая 3,183989 0,000427
постановлением 5,129899 0,000688
этапа 1,664163 0,000223
внутреннем 4,436752 0,000595
поиску 0,971016 0,000260
бьют 4,031286 0,000541
последующее 5,129899 0,000688
городах 2,827314 0,000758
вложит 5,129899 0,000688
лишь 1,159607 0,000467
союзом 3,183989 0,000427
острова 2,932674 0,000393
одного 1,140915 0,000306
теряет 4,031286 0,000541
момент 1,301257 0,000349
чечня 5,129899 0,000688
football 2,239527 0,000300
леонида 3,743604 0,000502
srpskohrvatski 1,416327 0,000190
中文 1,035554 0,000139
sportsdaily 3,520461 0,000472
формируется 3,520461 0,000472
помимо 1,911023 0,000769
мурад 4,031286 0,001081
телекомпании 5,129899 0,001376
владикавказской 4,436752 0,000595
указанных 3,743604 0,000502
выше 1,664163 0,000223
телебизнес 5,129899 0,000688
андре 2,932674 0,000393
полномасштабного 5,129899 0,000688
среде 3,338139 0,000448
мячей 1,871802 0,001004
среди 0,597299 0,000641
заур 4,031286 0,000541
бренда 3,183989 0,000427
показывали 5,129899 0,000688
латвия 1,834062 0,000246
похожий 5,129899 0,000688
трёхлетнее 4,436752 0,000595
русской 3,183989 0,000427
фабио 2,932674 0,000393
https 0,699082 0,000094
краснодаром 3,050457 0,000409
переработке 5,129899 0,002064
написания 2,644992 0,000355
результат 1,416327 0,000190
позже 1,518981 0,000204
союзных 3,520461 0,000472
закончилась 2,827314 0,000379
хабаровский 4,436752 0,000595
tiếng 1,140915 0,000153
татарча 1,392229 0,000187
עברית 1,052361 0,000141
index 0,986764 0,000132
павел 1,871802 0,000502
субхолдинга 4,436752 0,000595
большой 1,069456 0,000143
хуан 3,183989 0,000427
мро 4,436752 0,001190
эта 0,867219 0,000465
каррера 4,436752 0,000595
городам 4,031286 0,001081
булацкий 5,129899 0,000688
большое 1,951845 0,000262
ассоциируется 5,129899 0,000688
должен 1,122566 0,000301
стратегическую 5,129899 0,000688
окончательное 4,031286 0,000541
избранные 0,971016 0,000130
наибольшему 5,129899 0,001376
виктория 2,185460 0,000293
опрометчиво 5,129899 0,000688
которой 1,238078 0,000166
сравнение 3,520461 0,000472
белорусского 5,129899 0,000688
котором 1,217876 0,000327
названный 3,520461 0,000472
забиты 4,436752 0,000595
ozon 4,436752 0,000595
нечемпионский 5,129899 0,000688
сравнении 4,031286 0,000541
преддверии 3,520461 0,000472
начинают 3,338139 0,000448
мск 2,421849 0,000974
легендарных 5,129899 0,000688
акрон 1,279751 0,001201
эти 1,323236 0,000355
кого 2,085376 0,000280
круга 2,134166 0,000286
раньше 2,038856 0,000273
большинстве 2,239527 0,000300
провести 1,951845 0,000262
это 0,277868 0,000298
новгородa 5,129899 0,000688
этим 1,834062 0,000246
эту 1,492313 0,000200
aragonés 1,762603 0,000236
прямом 2,932674 0,002753
два 0,760451 0,000612
выходили 2,732003 0,000366
этих 1,301257 0,000524
две 1,019025 0,000820
квалификационном 2,827314 0,000379
ограничить 3,743604 0,000502
сыгравшие 3,183989 0,000427
ширяево 5,129899 0,000688
лада 2,185460 0,000293
обзавёлся 4,436752 0,000595
премье 5,129899 0,001376
тренер 0,895792 0,000240
акинфеев 3,743604 0,001506
сделки 3,743604 0,000502
соловьёв 3,338139 0,000895
утверждение 3,050457 0,000409
телевизоров 4,436752 0,000595
квалификационного 3,050457 0,000818
альба 4,436752 0,001190
или 0,576022 0,000232
финляндия 1,492313 0,000200
турниров 1,664163 0,000446
қазақша 1,178655 0,000158
носили 3,183989 0,000854
www 1,392229 0,000187
доступа 4,031286 0,000541
новом 1,994404 0,000267
носило 3,743604 0,000502
использования 0,393700 0,000053
новой 1,574551 0,000211
югославия 2,421849 0,000650
халява 5,129899 0,000688
вернулся 1,911023 0,000256
новое 2,134166 0,000286
доступе 5,129899 0,000688
германия 1,140915 0,000153
много 1,603538 0,000215
хет 2,296685 0,000616
транслируются 4,436752 0,000595
объект 4,436752 0,000595
покажет 3,183989 0,001281
затем 1,301257 0,000175
критериев 4,436752 0,000595
раменское 3,050457 0,000409
зрителя 4,031286 0,000541
игры 0,376309 0,000454
занимается 2,732003 0,000366
выбывают 4,031286 0,000541
ошибке 0,955511 0,000128
четырёх 1,603538 0,000430
игру 1,466337 0,000393
осень 3,050457 0,000818
практически 1,664163 0,000223
бывшее 5,129899 0,000688
события 0,663991 0,000089
рекомендации 1,911023 0,000256
калининград 2,932674 0,000787
камаз 2,732003 0,000366
игре 1,198073 0,000321
лицам 4,031286 0,000541
футболисты 2,185460 0,001466
раунде 1,951845 0,000262
игра 1,301257 0,000175
ростех 5,129899 0,000688
зрители 2,932674 0,000393
компания 1,279751 0,000858
согаз 3,743604 0,002008
стрелец 4,436752 0,000595
соревнования 0,663991 0,000267
магазинов 4,436752 0,000595
deutsch 1,052361 0,000141
марта 0,881403 0,002010
пояснение 3,520461 0,000472
имя 1,603538 0,000215
купол 5,129899 0,000688
раунда 2,085376 0,000839
пояснений 5,129899 0,000688
прошлого 2,357310 0,000316
блюдо 4,436752 0,000595
sports 1,301257 0,000349
компаний 2,827314 0,000379
компании 1,301257 0,000175
требованиям 3,338139 0,000448
чемпионатов 1,416327 0,001140
соревнование 1,664163 0,000223
одному 2,296685 0,000308
соревнований 0,881403 0,000236
соревновании 2,827314 0,000379
конкурса 3,338139 0,000448
араратом 4,031286 0,000541
выигранная 5,129899 0,000688
лицензию 3,743604 0,000502
стадионах 3,050457 0,000409
большее 2,932674 0,000787
платным 4,436752 0,000595
зимний 2,296685 0,000308
посещаемости 2,827314 0,000379
суть 3,743604 0,000502
титулован 3,183989 0,000427
страница 0,940244 0,000252
отечественный 4,436752 0,000595
лицензии 0,986764 0,000132
странице 0,971016 0,000521
сан 2,085376 0,000280
завершился 2,421849 0,000650
запись 0,955511 0,000128
qr 0,986764 0,000132
соперники 2,490841 0,000334
квалификацию 3,338139 0,000448
посещаемость 3,050457 0,002455
губернские 5,129899 0,000688
дик 4,436752 0,000595
страницу 0,971016 0,000260
пятая 3,050457 0,000409
нападающий 1,797694 0,000241
проигравшие 3,743604 0,000502
школ 2,564949 0,000344
принял 1,664163 0,000446
платные 5,129899 0,000688
женский 1,441019 0,000193
страницы 0,971016 0,000391
официальному 4,436752 0,001190
吴语 1,238078 0,000166
выполнен 3,183989 0,000427
гармонично 5,129899 0,000688
записи 3,183989 0,000427
юрий 2,185460 0,000586
подведения 3,520461 0,000944
мордовия 2,827314 0,000758
стартовал 2,421849 0,000650
даты 2,644992 0,000355
визуальным 5,129899 0,000688
дублёров 3,520461 0,000944
россии 0,160085 0,001696
спартаковские 4,436752 0,000595
ru 0,285712 0,000498
действовать 0,955511 0,000128
результатам 1,911023 0,000256
спартаковским 5,129899 0,000688
стремление 3,520461 0,000472
корпуса 3,743604 0,000502
производитель 3,743604 0,000502
отправлялся 5,129899 0,000688
третий 1,416327 0,000190
золотую 2,827314 0,000379
sa 0,986764 0,000132
дата 0,881403 0,008748
общая 2,296685 0,000308
внешние 1,122566 0,000151
того 0,955511 0,000384
своё 1,664163 0,000223
проставив 3,743604 0,000502
чужом 4,436752 0,001785
показывает 3,520461 0,000944
premierliga 3,743604 0,001004
проводить 1,797694 0,000482
español 1,019025 0,000137
наименьшее 3,520461 0,000472
турниры 0,895792 0,000240
сомбреро 5,129899 0,000688
которую 1,728701 0,000232
россия 0,699082 0,003282
россию 1,951845 0,000262
конца 1,546380 0,000207
рекорд 1,198073 0,000643
bosanski 1,345709 0,000180
свой 1,217876 0,000163
нальчик 3,050457 0,000409
переводятся 5,129899 0,000688
пари 1,301257 0,001047
болельщики 1,834062 0,000246
января 0,825834 0,000886
персональные 0,971016 0,000130
созданный 3,520461 0,000472
tv 2,564949 0,001720
ворота 1,797694 0,000482
срока 3,183989 0,000427
студия 4,436752 0,000595
стратегическом 4,436752 0,000595
недобор 5,129899 0,000688
казахстан 1,301257 0,000349
владеет 3,183989 0,000427
услуга 5,129899 0,000688
фонтанка 4,436752 0,000595
турнира 0,839439 0,000676
express 2,644992 0,000355
третьей 2,296685 0,000308
заключили 3,743604 0,000502
болельщика 2,932674 0,000393
турнире 1,198073 0,000161
круговой 3,743604 0,000502
гостях 2,239527 0,000601
живёт 4,031286 0,000541
четвёртое 3,183989 0,000427
прямую 3,743604 0,000502
триков 3,520461 0,000472
началось 2,490841 0,000668
виллаш 4,436752 0,000595
турниру 2,932674 0,000787
люксембург 2,732003 0,000366
смотри 5,129899 0,000688
интересов 3,520461 0,000472
еженедельник 4,031286 0,000541
магнит 4,436752 0,000595
norsk 1,052361 0,000141
блохин 5,129899 0,000688
ярославль 2,490841 0,000334
разделением 5,129899 0,000688
заключила 3,743604 0,000502
для 0,146292 0,000157
составила 2,564949 0,001376
веретенников 4,436752 0,000595
выбывание 3,743604 0,000502
путём 2,644992 0,000355
амкар 2,827314 0,000379
общедоступном 4,436752 0,000595
соревновались 2,827314 0,000379
тренеров 1,728701 0,000464
доход 3,338139 0,000448
комсомольская 4,031286 0,001622
национальная 1,574551 0,000211
polski 1,035554 0,000139
газпрома 4,436752 0,000595
кечинов 4,031286 0,000541
выразить 4,436752 0,000595
доминирующей 4,436752 0,000595
отрезка 3,743604 0,000502
соперника 1,279751 0,000172
дни 2,490841 0,000334
лужников 4,031286 0,000541
голы 2,134166 0,000572
org 0,986764 0,000132
показатель 2,644992 0,000355
аджинджал 5,129899 0,000688
ходу 1,834062 0,000246
поручались 5,129899 0,000688
телерекламе 5,129899 0,000688
асмарал 2,932674 0,001573
валерий 2,239527 0,000601
упразднённые 3,183989 0,000427
просроченные 3,520461 0,000472
дня 1,104547 0,000593
дивизион 2,185460 0,002052
любой 2,038856 0,000273
опубликован 3,338139 0,000448
исправления 4,436752 0,000595
xx 1,546380 0,000415
гусев 3,050457 0,000818
мяч 1,546380 0,000207
наш 2,357310 0,002529
ростсельмаш 4,031286 0,001622
победителем 1,574551 0,000422
распределения 3,338139 0,000448
суперкубок 2,296685 0,001232
српски 1,035554 0,000139
объединить 4,436752 0,000595
дней 1,416327 0,001710
интервалом 3,743604 0,000502
аспдена 5,129899 0,000688
телеправа 5,129899 0,000688
спартак 0,786093 0,007064
егор 2,085376 0,000280
пятёрка 3,743604 0,000502
участников 1,159607 0,000311
рфпл 2,932674 0,007867
около 1,518981 0,000204
телетрансляции 4,436752 0,000595
ворот 2,644992 0,000355
ротор 2,732003 0,002931
ска 1,279751 0,000343
белые 2,827314 0,000379
кружка 3,520461 0,000472
цска 0,711058 0,004673
президиума 4,031286 0,001081
теле 4,031286 0,000541
символизируют 5,129899 0,000688
заполнения 3,050457 0,000409
оставшиеся 2,827314 0,000379
подтверждающие 3,520461 0,000472
ваших 2,827314 0,000379
городов 2,932674 0,000787
которые 0,760451 0,000204
ирландия 2,421849 0,000650
спрятаны 5,129899 0,000688
который 0,799165 0,000643
николай 2,134166 0,000286
высокими 3,520461 0,000472
отчёте 4,436752 0,000595
скк 4,031286 0,000541
которым 1,518981 0,000204
показывались 4,031286 0,001622
медвежья 5,129899 0,000688
обеспечивают 4,436752 0,000595
проведены 2,357310 0,000316
правил 1,323236 0,000177
которых 1,052361 0,000847
türkçe 1,052361 0,000141
победа 1,238078 0,000166
частным 4,436752 0,000595
расклад 3,520461 0,000472
идеи 3,520461 0,000472
банковскими 5,129899 0,000688
случае 1,441019 0,000773
телевидением 5,129899 0,000688
отчёта 5,129899 0,000688
поступлений 4,436752 0,000595
красными 3,743604 0,000502
осенью 2,644992 0,000355
периоде 3,743604 0,000502
союз 1,762603 0,000709
арена 1,762603 0,003546
несколько 1,069456 0,000287
будет 0,825834 0,000554
предоставляется 3,743604 0,000502
апреле 2,239527 0,000300
тамбовская 5,129899 0,000688
страсти 4,031286 0,000541
путёвка 4,436752 0,000595
начали 1,546380 0,000415
начале 1,301257 0,000524
тайма 2,644992 0,000355
свежие 0,910391 0,000122
арену 2,564949 0,001376
количеству 1,574551 0,000422
путёвки 3,743604 0,000502
начала 1,238078 0,000498
контракта 2,296685 0,000308
арены 2,357310 0,000316
статей 2,134166 0,000286
метровой 3,338139 0,000448
продлевать 3,183989 0,000427
золотом 3,050457 0,000818
золотой 1,911023 0,000769
архивной 3,183989 0,000427
легионерами 4,436752 0,000595
лицом 2,932674 0,000393
билеты 2,564949 0,000344
апреля 1,052361 0,001835
получают 2,185460 0,000293
кружок 3,338139 0,000448
проводимые 2,357310 0,000316
основатель 3,050457 0,000409
хватает 1,762603 0,000473
количество 1,217876 0,002777
трибун 2,827314 0,000758
представлявших 4,031286 0,000541
составить 3,183989 0,000427
некоммерческой 0,986764 0,000132
формат 2,185460 0,000586
нет 0,825834 0,000111
годы 1,258698 0,001013
путёвку 3,338139 0,000895
регламента 3,050457 0,000409
называться 3,183989 0,000854
юношеская 2,732003 0,000366
армения 2,827314 0,000758
северная 2,357310 0,000948
цветах 3,743604 0,000502
youtube 1,797694 0,000482
даже 1,198073 0,000321
году 0,630089 0,004225
спб 2,827314 0,007584
правилами 1,323236 0,000532
статистика 0,652562 0,000175
состоялась 2,134166 0,000286
становились 2,239527 0,000300
ответный 3,520461 0,000944
регламенту 3,183989 0,000427
владикавказ 3,050457 0,002864
страниц 3,183989 0,000427
проиграли 2,421849 0,000325
значительно 1,911023 0,000256
осетия 5,129899 0,000688
года 0,239550 0,004562
ответных 5,129899 0,000688
правда 2,421849 0,000974
сыграла 2,827314 0,000379
информация 1,035554 0,000139
уникальным 4,436752 0,000595
информацию 2,134166 0,000286
покажут 3,743604 0,000502
ввести 3,183989 0,000427
игроками 1,695912 0,000227
аудиторию 4,031286 0,000541
реформирована 4,436752 0,000595
ереванским 5,129899 0,000688
проверить 3,338139 0,000448
стилистически 4,436752 0,001190
источник 0,853233 0,000114
playmakerstats 2,932674 0,000393
