蟹邪泻芯薪薪褘屑 3,183989 0,002978
薪芯胁褘泄 0,940244 0,000880
械写懈薪邪褟 1,728701 0,008086
芯褋薪芯胁邪薪懈械屑 2,932674 0,002743
薪邪泄褌懈 2,085376 0,001951
锌懈褋褜屑芯 2,732003 0,002556
械褖械 0,955511 0,015195
褋锌邪褋懈斜芯 2,357310 0,002205
褔邪褋褌懈褔薪芯 2,932674 0,002743
褝泄褌芯薪邪 5,129899 0,004799
懈褋锌邪薪褋泻懈械 3,338139 0,003123
胁褘泄褌懈 2,038856 0,001907
褌械薪薪懈褋 0,495170 0,000463
芯斜蟹芯褉 2,134166 0,001996
胁褘懈谐褉邪谢 1,178655 0,001103
蟹邪褟胁懈谢 1,441019 0,001348
褎懈谐褍褉薪芯械 0,534779 0,000500
褋芯谐谢邪褋懈械 2,564949 0,004799
褑械薪褌褉 0,881403 0,000825
锌械褌械褉斜褍褉谐 1,633391 0,001528
写芯褋褌褍锌 2,827314 0,005290
屑懈邪 3,050457 0,005707
褌械谐懈 2,732003 0,002556
蟹邪写邪褌褜 2,932674 0,002743
邪胁褌芯褉褍 3,183989 0,002978
google 2,644992 0,002474
褋胁褟蟹邪褌褜褋褟 3,183989 0,017871
邪 0,209918 0,000196
写芯谢卸薪褘 1,178655 0,001103
褌褍褌 2,490841 0,002330
胁 0,017911 0,000369
谐 0,925206 0,001731
写 0,895792 0,001676
left 2,085376 0,007803
褉械泻谢邪屑邪 0,735450 0,000688
褎芯褌芯 0,799165 0,000748
懈 0,023953 0,000224
锌芯谢懈褌懈泻邪 0,239550 0,000224
褋胁褟蟹褜 1,392229 0,002605
泻 0,132686 0,000248
斜邪褋泻械褌斜芯谢懈褋褌褘 2,296685 0,010742
芯 0,042302 0,000040
褋邪薪泻褌 1,279751 0,001197
褋 0,036149 0,000575
谐芯褌芯胁芯 3,050457 0,005707
褌械褔械薪懈械 1,238078 0,001158
邪胁褌芯 0,925206 0,000865
褋邪屑邪褉褍 4,436752 0,004150
蟹胁械蟹写 2,185460 0,008178
胁芯薪谢械蟹械薪懈褌 5,129899 0,004799
懈薪褎芯褉屑邪褑懈芯薪薪褘褏 2,421849 0,002266
褉邪蟹屑械褖械薪懈褟 3,183989 0,002978
褎褍褌斜芯谢 0,285712 0,000267
泻芯薪褎懈写械薪褑懈邪谢褜薪芯褋褌懈 0,317714 0,001189
褋胁褟蟹懈 1,159607 0,006509
谢械泄泻械褉褋 2,239527 0,002095
蟹邪谐芯谢芯胁芯泻 3,050457 0,005707
写褉褍卸斜褘 3,743604 0,003502
锌褉芯褑械褋褋邪 2,932674 0,002743
邪写褉械褋褍 3,050457 0,005707
锌褉芯斜谢械屑褍 2,732003 0,002556
a 1,392229 0,001302
c 1,546380 0,002893
e 1,603538 0,003000
胁褉械屑褟 0,384967 0,000360
锌褉懈 0,367725 0,000688
写邪薪薪褘褏 1,871802 0,014008
锌懈褋褜屑邪 2,134166 0,001996
薪芯胁谐芯褉芯写 1,217876 0,002279
谐谢邪胁薪褘屑 1,633391 0,001528
r 2,085376 0,001951
褔邪褋芯胁 2,085376 0,003902
褋芯谐谢邪褕邪械褌械褋褜 2,932674 0,002743
屑懈褉械斜邪谐邪屑褘斜邪谐邪屑褋泻懈械 5,129899 0,004799
v 1,951845 0,001826
胁芯褋褋褌邪薪芯胁谢械薪懈褟 2,564949 0,002399
褉邪薪械械 1,104547 0,001033
谐谢邪胁薪褘泄 1,035554 0,000969
写邪薪薪褘械 1,834062 0,001716
褎褋 2,085376 0,001951
褋斜芯褉薪褍褞 1,633391 0,001528
谐芯褉芯写 1,871802 0,001751
褉邪蟹斜谢芯泻懈褉芯胁邪褌褜 3,183989 0,008935
褎芯褌芯谐褉邪褎懈褞 2,932674 0,002743
谢械谐懈芯薪械褉芯胁 2,827314 0,002645
芯斜褉邪褖邪械屑 3,183989 0,002978
泻谢懈锌锌械褉褋泻械泄写 5,129899 0,004799
薪芯胁芯褋褌械泄屑芯谢薪懈褟 3,183989 0,002978
薪邪锌懈褋邪褌褜 3,050457 0,002854
芯褌锌褉邪胁谢械薪芯 3,183989 0,002978
div 2,357310 0,008821
屑邪褉褌懈薪械写懈薪邪褟 5,129899 0,004799
rian 3,183989 0,005957
褋薪邪褔邪谢邪 1,664163 0,001557
芯写薪芯泻谢邪褋褋薪懈泻懈 2,564949 0,004799
锌芯谢褍褔懈胁褕懈屑 4,031286 0,003771
斜褉邪褍薪薪斜邪屑邪褌褔 5,129899 0,004799
谢械泄泻械褉褋褎懈薪懈泻褋 5,129899 0,004799
锌芯泻邪蟹邪褌褜 0,825834 0,000773
泻薪芯锌泻褍 2,732003 0,002556
泻芯屑屑褍薪懈泻邪褑懈泄 2,296685 0,002148
芯胁械褉褌邪泄屑械 2,038856 0,001907
泻褍斜邪薪懈 3,183989 0,002978
锌邪褉芯谢褜 2,732003 0,015334
锌邪褉芯谢褟 3,050457 0,011414
锌械褉械泄写懈褌械 3,183989 0,002978
褋锌芯褉褌邪 0,342407 0,000641
胁褏芯写 2,239527 0,002095
锌褉芯写褍泻褌褘 2,827314 0,002645
蟹邪泻褉褘褌芯 3,183989 0,002978
泻褍斜邪薪褜 2,827314 0,002645
褍写邪谢械薪芯 3,183989 0,002978
邪胁褋褌褉邪谢懈懈 2,134166 0,001996
褋泻芯谢褜泻芯 1,834062 0,001716
屑芯谐褍褌 0,760451 0,000711
屑邪褌械褉懈邪谢芯胁 1,217876 0,004557
谐邪胁褉懈谢芯胁邪 3,183989 0,002978
芯褌锌褉邪胁谢械薪邪 3,183989 0,002978
褔邪褌械 3,183989 0,002978
芯斜褘谐褉邪谢邪 1,911023 0,001788
胁褋械褏 0,652562 0,001221
褔邪褌褍 3,183989 0,002978
褉邪褋锌芯谢芯卸械薪薪芯屑褍 3,183989 0,005957
褉械写邪泻褑懈械泄 2,490841 0,002330
芯斜褘谐褉邪谢懈 2,296685 0,004297
斜懈邪褌谢芯薪 0,534779 0,000500
邪屑械褉懈泻邪薪褑械屑 3,743604 0,003502
褍褔褉械写懈褌械谢褜 2,185460 0,002044
褉邪褋褋屑芯褌褉械薪褘 3,050457 0,002854
谢芯泻芯屑芯褌懈胁 0,910391 0,001703
褌懈屑屑邪邪薪薪邪 5,129899 0,004799
屑芯械 2,827314 0,005290
褋褋褘谢泻邪 0,786093 0,001471
褋褋褘谢泻械 3,050457 0,002854
counter 1,911023 0,003575
褋褋褘谢泻懈 0,839439 0,000785
锌械褉械褌褟薪懈褌械 3,183989 0,002978
褍薪懈泻褋 4,436752 0,004150
邪褉褏懈胁 1,258698 0,001177
锌芯屑芯褔褜 2,296685 0,002148
械写懈薪芯斜芯褉褋褌胁邪 2,239527 0,002095
斜褍泻械褉谢芯褋 5,129899 0,004799
芯褕懈斜泻邪褏 2,932674 0,002743
芯斜褟蟹邪褌械谢褜薪褘 3,050457 0,019975
斜邪褋泻械褌斜芯谢胁谢邪写懈屑懈褉 5,129899 0,004799
褋褕邪 0,586604 0,000549
薪邪谐褉邪写懈谢 4,436752 0,004150
褋械写芯泻芯胁邪胁芯泻褉褍谐 5,129899 0,004799
胁褘锌褍褋泻邪 2,932674 0,002743
褎芯褉屑芯泄 2,644992 0,009897
褋锌懈褋泻邪 2,732003 0,002556
褉芯褋泻芯屑薪邪写蟹芯褉 2,644992 0,002474
谐械薪写懈褉械泻褌芯褉邪 4,031286 0,003771
ria 2,932674 0,002743
斜谢芯泻懈褉芯胁邪谢褋褟 3,183989 0,002978
褋械写芯泻芯胁芯泄 3,520461 0,003293
褔械褉械蟹 0,971016 0,000908
屑芯褋泻胁邪 0,760451 0,001423
胁芯褋锌芯谢褜蟹芯胁邪褌褜褋褟 3,050457 0,002854
斜邪褋泻械褌斜芯谢懈褋褌 4,436752 0,008301
胁褏芯写邪 2,932674 0,002743
id 2,732003 0,010223
https 0,699082 0,001962
邪胁褌芯写芯褉薪懈卸薪懈泄 5,129899 0,004799
屑芯褢 2,932674 0,002743
褎械写械褉邪谢褜薪芯械 2,827314 0,002645
褎械写械褉邪谢褜薪芯泄 2,357310 0,002205
泻芯屑邪薪写邪 0,663991 0,001242
屑械卸写褍薪邪褉芯写薪芯械 2,185460 0,006133
芯褎褎 1,019025 0,001907
褌懈屑屑褘 3,520461 0,003293
斜褍写褍褌 1,392229 0,001302
薪芯胁芯褋褌械泄 1,574551 0,001473
蟹械薪懈褌 0,895792 0,002514
tns 3,183989 0,002978
锌芯谢懈褌懈泻芯泄 2,732003 0,007667
屑邪褌褔懈 0,773190 0,000723
泻芯屑邪薪写褍 1,217876 0,001139
褔械屑 0,747872 0,000700
屑邪褌褔械 0,747872 0,004198
芯斜褉邪斜芯褌泻懈 2,296685 0,004297
写邪褞 3,050457 0,005707
js 2,827314 0,002645
芯斜褉邪斜芯褌泻褍 2,932674 0,005487
芯斜褉邪褌薪芯泄 3,050457 0,014268
褉械写邪泻褑懈懈 1,951845 0,003652
胁褔械褉邪 1,518981 0,005684
芯斜褉邪褖械薪懈泄 3,183989 0,002978
top 1,728701 0,001617
褝褌芯 0,277868 0,000260
芯斜褉邪斜芯褌泻邪 2,827314 0,002645
薪芯胁褍褞 1,664163 0,001557
芯锌懈褋邪薪懈械屑 3,050457 0,002854
屑邪褋褋芯胁褘褏 2,134166 0,001996
锌褉芯泄写械薪邪 3,183989 0,002978
芯褋褌褉芯胁邪薪邪褋褋邪褍写械邪薪写褉械 5,129899 0,004799
斜邪褋泻械褌斜芯谢褋锌芯褉褌泻褉邪褋薪芯褟褉褋泻谐褉懈谐芯褉懈泄 5,129899 0,004799
褌芯谢褜泻芯 0,447767 0,000419
懈褋锌芯谢褜蟹褍械褌褋褟 1,633391 0,001528
蟹邪褉械谐懈褋褌褉懈褉芯胁邪褌褜褋褟 2,932674 0,010974
锌芯卸邪谢芯胁邪褌褜褋褟 3,183989 0,002978
薪芯胁芯褋褌懈 0,301585 0,001411
胁芯泄褌懈 0,735450 0,002752
褝谢械泻褌褉芯薪薪芯泄 2,564949 0,002399
mail 1,301257 0,004869
邪薪写卸械谢械褋 1,834062 0,003431
懈谢懈 0,576022 0,003233
屑褍薪 4,031286 0,003771
胁褌斜锌斜泻 5,129899 0,004799
胁褘褕谢懈 1,797694 0,001682
褝谢 2,134166 0,001996
斜邪褋泻械褌斜芯谢褟薪懈褋 5,129899 0,004799
写械泄褋褌胁懈褟 1,797694 0,001682
屑懈褉邪 0,367725 0,000688
蟹邪褖懈褌邪 1,797694 0,001682
mc 2,421849 0,006797
www 1,392229 0,001302
褉械谐懈褋褌褉邪褑懈褟 2,185460 0,006133
锌芯褔械屑褍 1,122566 0,001050
懈褋锌芯谢褜蟹芯胁邪薪懈褟 0,393700 0,000368
胁芯褋褋褌邪薪芯胁谢械薪懈械 2,732003 0,007667
械薪懈褋械泄 2,421849 0,002266
胁芯锌褉芯褋邪屑 2,490841 0,004660
border 3,183989 0,002978
谐芯褋褍写邪褉褋褌胁械薪薪芯械 2,732003 0,002556
械薪懈褋械褟 4,031286 0,003771
utf 3,183989 0,002978
alt 2,185460 0,010222
胁泻芯薪褌邪泻褌械 1,911023 0,003575
褋锌械褑锌褉芯械泻褌褘 2,421849 0,002266
tmsec 3,183989 0,002978
锌褉芯褋懈屑 3,183989 0,002978
蟹邪斜谢芯泻懈褉芯胁邪薪 3,183989 0,002978
薪邪褉褍褕械薪懈械 1,797694 0,005045
薪邪胁褋械谐写邪 2,564949 0,002399
芯褕懈斜泻褍 1,834062 0,001716
na 2,490841 0,002330
蟹邪褖懈褌褘 2,134166 0,001996
锌褍褌懈薪 3,183989 0,002978
薪邪蟹邪写 1,140915 0,005336
芯斜褉邪褖械薪懈褟 0,925206 0,001731
position 2,085376 0,007803
褋邪屑邪褉邪 2,490841 0,002330
褎械胁褉邪谢褟 0,232059 0,001737
芯褕懈斜泻邪 2,644992 0,002474
fwz 2,827314 0,002645
锌芯谢薪邪褟 1,834062 0,001716
薪芯胁谐芯褉芯写械写懈薪邪褟 5,129899 0,004799
斜邪褋泻械褌斜芯谢褋锌芯褉褌褑褋泻邪褍褉邪谢屑邪褕胁褟褔械褋谢邪胁 5,129899 0,004799
胁芯锌褉芯褋 1,603538 0,001500
蟹褍斜芯胁褋泻懈泄 3,183989 0,005957
褞褉懈褋褌 4,031286 0,003771
锌芯写褌胁械褉卸写邪械褌械 3,050457 0,002854
蟹邪锌芯谢薪懈褌褜 3,050457 0,005707
胁邪褋 2,564949 0,002399
胁邪褕 2,732003 0,010223
芯褋褍褖械褋褌胁谢褟械褌褋褟 2,490841 0,002330
写褉褍谐懈械 0,384967 0,000720
懈屑褟 1,603538 0,007500
beta 3,183989 0,002978
薪邪写蟹芯褉褍 2,421849 0,002266
屑懈褉芯胁褘褏 2,421849 0,002266
褋褉芯泻 2,085376 0,003902
src 2,239527 0,010475
懈蟹写邪薪懈械 1,911023 0,001788
斜褍谢褜胁邪褉 3,183989 0,005957
褍褉邪谢屑邪褕 4,436752 0,004150
蟹邪锌芯谢薪懈褌械 3,183989 0,014892
褏芯褌懈褌械 3,050457 0,002854
褌械褏薪芯谢芯谐懈泄 2,239527 0,004190
褋械褌械胁芯械 2,085376 0,001951
胁薪芯胁褜 1,574551 0,001473
褋屑械薪懈褌褜 2,564949 0,002399
褔械屑锌懈芯薪邪褌芯胁 1,416327 0,001325
褑械薪褌褉芯胁芯谐芯 4,436752 0,004150
屑邪褌械褉懈邪谢 0,825834 0,000773
褍褔邪褋褌胁芯胁邪褌褜 1,518981 0,002842
泻芯薪泻褍褉褋 2,827314 0,002645
褋芯芯斜褖懈褌褜 0,799165 0,000748
sport 1,122566 0,002100
褍褋锌械褕薪芯 1,911023 0,001788
褋泻褉懈薪褕芯褌 3,183989 0,008935
谢械薪褌邪 1,633391 0,003056
px 2,185460 0,008178
泻芯褉褋褌懈薪械写懈薪邪褟 5,129899 0,004799
褋锌芯褉褌 0,224624 0,000210
蟹邪斜谢芯泻懈褉芯胁邪薪褘 3,183989 0,002978
褋褎械褉械 2,296685 0,002148
芯斜褘谐褉邪谢 1,574551 0,002946
褋胁懈写械褌械谢褜褋褌胁芯 2,564949 0,002399
height 3,050457 0,005707
褋斜芯褉薪邪褟 0,711058 0,000665
锌褉邪胁懈谢邪 0,910391 0,001703
胁蟹邪懈屑芯写械泄褋褌胁懈褟 2,932674 0,005487
褋芯褏褉邪薪懈褌褜 2,357310 0,002205
懈薪褎芯褉屑邪褑懈芯薪薪芯械 2,932674 0,008230
泻芯屑屑械薪褌懈褉芯胁邪薪懈褟 3,183989 0,005957
屑芯卸薪芯 1,002764 0,000938
蟹芯卸 2,827314 0,002645
薪械屑械褑泻懈械 2,932674 0,002743
锌褉械褋褋 1,086847 0,002033
褉芯褋褋懈懈 0,160085 0,000150
锌褉懈屑械薪械薪懈褟 2,357310 0,002205
ru 0,285712 0,002405
蟹邪写械褉卸邪谢懈 3,050457 0,002854
邪薪薪褍谢懈褉芯胁邪褌褜 4,031286 0,003771
褎械写械褉邪谢褜薪芯屑褍 3,183989 0,005957
泻褍斜芯泻 0,524729 0,000491
锌械褉褋芯薪邪谢褜薪褘褏 2,185460 0,016355
锌褉芯懈蟹芯褕谢邪 2,421849 0,002266
褏褉邪薪械薪懈械 2,827314 0,002645
rss 2,085376 0,001951
胁邪褕械 3,050457 0,022828
写邪褌邪 0,881403 0,000825
褋邪泄褌械 1,217876 0,001139
胁邪褕懈 2,564949 0,002399
褉邪蟹 0,504926 0,002362
斜邪褋泻械褌斜芯谢褋锌芯褉褌斜泻 5,129899 0,004799
褔械屑锌懈芯薪邪褌 0,277868 0,000260
胁褘 0,325878 0,002744
褎懈芯 3,050457 0,002854
胁芯褋褋褌邪薪芯胁懈褌褜 2,932674 0,002743
锌芯卸邪谢褍泄褋褌邪 1,633391 0,001528
芯褉写械薪芯屑 3,520461 0,003293
胁械褉褋懈褟 0,485508 0,000454
薪懈卸械 1,762603 0,004947
胁芯锌褉芯褋邪 2,932674 0,002743
褉芯褋褋懈褟 0,699082 0,004578
锌芯谢褟 1,603538 0,010500
watch 2,357310 0,006615
absolute 2,296685 0,008594
谐芯褋褍写邪褉褋褌胁械薪薪芯屑褍 3,183989 0,005957
褔褌芯斜褘 0,773190 0,003616
写邪 1,911023 0,001788
锌谢械泄 1,002764 0,001876
褉械谐懈褋褌褉邪褑懈懈 2,421849 0,004531
loader 3,183989 0,005957
褍薪懈泻褋邪 5,129899 0,004799
褋邪泄褌 0,773190 0,001447
锌芯谢械 1,217876 0,001139
褋邪薪蟹锌芯褉褌谢械薪写 5,129899 0,004799
邪屑械褉懈泻邪薪褋泻懈泄 1,258698 0,001177
写芯 0,239550 0,000224
褋械褉胁懈褋褘 2,644992 0,002474
蟹邪褉械谐懈褋褌褉懈褉芯胁邪薪芯 1,951845 0,001826
写褉褍谐芯械 1,834062 0,001716
锌芯写写械褉卸懈胁邪械褌褋褟锌芯谢褍褔懈褌褜 3,183989 0,002978
邪写褉械褋 2,038856 0,005722
褋芯芯褌胁械褌褋褌胁懈懈 1,086847 0,002033
蟹邪谐褉褍蟹懈褌械 2,185460 0,002044
褋芯芯斜褖械薪懈褟 2,932674 0,010974
斜褉邪褔薪褘泄 4,031286 0,003771
械械 1,871802 0,003502
蟹邪谐褉褍蟹懈褌褜 2,732003 0,002556
斜褉芯褋泻芯胁 2,644992 0,002474
薪邪锌褉邪胁谢械薪懈懈 2,357310 0,002205
褌械谢械褎芯薪 2,134166 0,001996
蟹邪屑械褔械薪薪褘褏 3,183989 0,002978
邪褋褌邪锌泻芯胁懈褔械写懈薪邪褟 5,129899 0,004799
芯褌锌褉邪胁泻懈 3,050457 0,002854
斜邪褋泻械褌斜芯谢薪懈卸薪懈泄 5,129899 0,004799
褍薪懈褌邪褉薪芯屑褍 3,183989 0,005957
斜邪褋泻械褌斜芯谢 0,773190 0,004340
邪胁褌芯写芯褉 4,436752 0,012451
褉邪褋褌芯褉谐 3,743604 0,007004
写谢褟 0,146292 0,001505
褋芯芯斜褖械薪懈械 3,050457 0,028536
internet 2,932674 0,002743
褋褌邪褉褘械 2,490841 0,002330
胁褘斜械褉懈褌械 2,239527 0,006285
斜邪褋泻械褌斜芯谢邪 2,827314 0,007934
屑芯褌芯 1,574551 0,001473
锌芯锌褉芯斜褍泄褌械 2,932674 0,002743
薪懈卸薪懈泄 1,159607 0,002170
械胁褉芯谢懈谐邪 1,664163 0,003113
谐褉械褔械褋泻懈械 4,031286 0,003771
斜邪褋泻械褌斜芯谢胁 5,129899 0,004799
褌褉械薪械褉芯屑 1,951845 0,001826
褌褉褝泄谢 4,436752 0,004150
锌芯褋谢械 0,317714 0,000297
apple 3,050457 0,002854
褔褌芯 0,239550 0,000448
写芯谐芯胁芯褉 2,564949 0,002399
蟹邪泄褑械胁 3,338139 0,003123
蟹邪褖懈褌芯泄 2,932674 0,005487
蟹邪 0,125952 0,000471
斜邪褋泻械褌斜芯谢褋锌芯褉褌写械胁懈薪 5,129899 0,004799
褋褌邪褌褜懈 0,524729 0,000491
邪胁褌芯写芯褉械写懈薪邪褟 5,129899 0,004799
邪胁褌芯褉懈蟹邪褑懈褟 3,183989 0,002978
锌芯写褌胁械褉写懈褌械 3,050457 0,002854
斜邪褋泻械褌斜芯谢褍 3,050457 0,005707
褉械泄褌懈薪谐 0,565551 0,000529
谢芯谐懈薪芯屑 3,183989 0,002978
褎芯褉屑邪 1,695912 0,001586
谐邪谢芯褔泻褍 3,183989 0,002978
斜谢褝泄蟹械褉褋薪斜邪 5,129899 0,004799
泻芯薪褌邪泻褌褘 1,258698 0,001177
斜褘谢芯 0,438551 0,000410
屑邪褌械褉懈邪谢械 2,827314 0,005290
锌械褉械褌邪褖懈褌械 3,183989 0,008935
谢芯泻芯屑芯褌懈胁邪 2,185460 0,002044
屑邪褌械褉懈邪谢邪 2,490841 0,004660
斜褘谢懈 0,799165 0,000748
胁邪褕械谐芯 3,050457 0,002854
胁褌斜褋锌芯褉褌胁芯泻褉褍谐 5,129899 0,004799
锌邪褉芯谢械屑 3,183989 0,002978
械褋谢懈 0,675551 0,002528
褋锌芯褋芯斜褘 2,644992 0,004949
芯斜芯 2,932674 0,002743
蟹邪褉械谐懈褋褌褉懈褉褍泄褌械褋褜 3,183989 0,002978
懈蟹 0,106018 0,000198
写懈褋泻褍褋褋懈懈 2,827314 0,005290
邪胁谐褍褋褌邪 1,052361 0,003938
褉械写邪泻褌芯褉 2,085376 0,001951
薪斜邪 1,546380 0,005786
褍薪懈褌邪褉薪芯械 3,050457 0,002854
褎芯褉屑褍 1,797694 0,011772
褌械屑邪 2,490841 0,006990
芯褌锌褉邪胁谢械薪薪芯谐芯 3,183989 0,002978
褏芯泻泻械泄 0,376309 0,000352
褉械泻芯屑械薪写邪褌械谢褜薪褘褏 3,050457 0,002854
褋胁褟蟹邪薪薪褘械 0,881403 0,000825
写邪薪薪邪褟 2,732003 0,002556
褉懈邪 1,466337 0,002743
芯斜褉邪褌薪邪褟 1,441019 0,002696
斜邪褋泻械褌斜芯谢械写懈薪邪褟 5,129899 0,004799
褑褋泻邪 0,711058 0,001330
褋胁褟蟹邪薪薪褘褏 1,911023 0,001788
锌褉芯褋褌邪胁谢褟褟 3,183989 0,002978
芯锌懈褕懈褌械 3,183989 0,002978
褉芯褋褋懈褟薪 1,762603 0,001649
蟹邪锌芯谢薪械薪懈褟 3,050457 0,019975
锌芯谢械蟹薪芯械 3,183989 0,002978
斜邪褋泻械褌斜芯谢褋锌芯褉褌屑芯褋泻胁邪邪薪褌芯薪 5,129899 0,004799
style 2,085376 0,009754
褋谢褍卸斜械 2,421849 0,002266
斜邪褋泻械褌斜芯谢褋锌芯褉褌写卸械褉械屑邪泄褟 5,129899 0,004799
褉械谢懈蟹芯胁 3,050457 0,002854
泻芯薪褌褉邪泻褌 1,518981 0,002842
胁邪褕懈褏 2,827314 0,005290
屑邪褌褔 0,411400 0,000385
锌芯褔褌褘 2,932674 0,002743
屑斜邪 3,183989 0,005957
褉邪蟹谐褉芯屑懈谢懈 3,338139 0,003123
rsport 2,932674 0,002743
屑邪懈 3,338139 0,003123
邪谐械薪褌褋褌胁芯 2,185460 0,006133
锌褉邪胁懈谢 1,323236 0,003713
邪胁褌芯褉懈蟹褍泄褌械褋褜 3,050457 0,002854
邪胁褌芯褉懈蟹芯胁邪褌褜褋褟 3,183989 0,002978
褋械谐芯写薪褟 0,881403 0,004947
邪谐械薪褌褋褌胁邪 2,490841 0,002330
邪谐械薪褌褋褌胁械 3,183989 0,002978
褉邪褋褕懈褉械薪薪褘泄 3,183989 0,002978
蟹胁褢蟹写 2,357310 0,002205
胁褘懈谐褉邪谢邪 1,345709 0,001259
width 3,050457 0,005707
薪芯胁褘械褋薪邪褔邪谢邪 3,183989 0,002978
褋胁械褉褏褍 2,932674 0,002743
谢懈谐懈 0,895792 0,005866
褕邪锌泻邪 3,183989 0,002978
芯褌锌褉邪胁懈褌褜 2,490841 0,025631
锌褉芯写芯谢卸懈褌褜 2,134166 0,001996
锌械褉械褕械谢 2,490841 0,002330
谢懈谐邪 0,402511 0,004518
褉械褕械薪懈懈 2,732003 0,002556
锌邪褉屑邪 3,520461 0,006586
胁芯褋锌芯谢褜蟹褍泄褌械褋褜 3,183989 0,008935
芯谢懈屑锌懈邪写械 0,895792 0,000838
褍褔邪褋褌懈械 0,597299 0,000559
邪泻泻邪褍薪褌 3,183989 0,011914
薪邪 0,023953 0,000269
械写懈薪芯泄 2,644992 0,014846
芯斜褋褍卸写械薪懈械 0,881403 0,000825
薪械 0,099461 0,000744
芯锌械褔邪褌泻邪 3,183989 0,002978
懈褋锌芯谢褜蟹芯胁邪褌褜 1,603538 0,001500
锌褍褌懈薪懈谢芯薪邪 5,129899 0,004799
褌褉邪胁屑褍 1,911023 0,001788
褋屑芯谐谢懈 2,239527 0,002095
锌邪褉屑褍 4,436752 0,004150
斜谢芯泻懈褉芯胁泻懈 3,050457 0,002854
芯薪谢邪泄薪 0,773190 0,000723
泻芯薪褌邪泻褌芯胁 3,050457 0,002854
斜邪褋泻械褌斜芯谢褋锌芯褉褌薪芯邪 5,129899 0,004799
锌芯褔褌邪 2,564949 0,014396
械胁褉芯泻褍斜泻芯胁 2,827314 0,002645
薪芯胁谐芯褉芯写褋邪屑邪褉邪械写懈薪邪褟 5,129899 0,004799
泻褍斜邪薪褜斜泻 5,129899 0,004799
邪锌褉械谢褟 1,052361 0,000984
褌邪斜谢懈褑邪 0,925206 0,000865
芯谢懈屑锌懈邪写褘 0,925206 0,001731
褎邪屑懈谢懈褟 3,050457 0,002854
褟薪写械泻褋 2,490841 0,004660
薪邪屑懈 0,853233 0,005587
芯斜 0,217244 0,000203
褍写邪谢懈谢懈 2,932674 0,008230
谢懈斜芯 1,140915 0,001067
胁邪泻邪薪褋懈懈 2,421849 0,002266
薪械褌 0,825834 0,000773
邪泻泻邪褍薪褌褍 3,183989 0,002978
芯褌泻褉褘胁邪械屑芯谐芯 3,183989 0,005957
薪邪卸懈屑邪褟 2,827314 0,002645
锌芯懈褋泻 0,735450 0,000688
img 2,185460 0,010222
胁邪屑懈 2,827314 0,002645
薪械写芯锌褍褋褌懈屑芯械 3,183989 0,002978
芯褌 0,160085 0,000150
屑芯褌芯胁懈谢芯胁械薪懈褋械泄斜泻 5,129899 0,004799
褋芯谐谢邪褋薪褘 2,932674 0,008230
褝泄褌芯薪谢芯褋 5,129899 0,004799
懈褋褌械泻 3,183989 0,002978
泻邪褌邪薪懈械 0,534779 0,000500
褉械泻谢邪屑褘 2,490841 0,002330
锌褉械写锌褉懈褟褌懈褞 3,183989 0,005957
胁薪懈屑邪薪懈械 1,871802 0,001751
胁褋械 0,125952 0,000943
锌褉懈薪懈屑邪褌褜 2,134166 0,001996
泻邪薪薪懈薪谐械屑写卸械泄谢械薪 5,129899 0,004799
褋屑芯卸械褌械 3,050457 0,002854
屑邪褉懈褏褍邪薪褘 4,436752 0,004150
谐芯写邪 0,239550 0,000224
锌芯 0,073653 0,000551
stories 3,050457 0,002854
芯蟹薪邪泻芯屑谢械薪褘 3,183989 0,002978
胁褌斜 1,834062 0,029167
屑芯懈褏 3,050457 0,005707
yandex 2,239527 0,006285
锌褉械写锌褉懈褟褌懈械 2,827314 0,002645
芯斜褋褍卸写械薪懈褟 2,490841 0,002330
斜谢芯泻懈褉芯胁泻芯泄 3,183989 0,008935
