леонид 2,732003 0,000552
день 0,760451 0,000461
игнатьев 4,031286 0,000814
проводя 4,436752 0,000896
экспорт 0,986764 0,000199
ним 1,695912 0,000685
каналами 4,031286 0,000814
тосно 2,932674 0,005922
ไทย 1,238078 0,000250
них 1,178655 0,000238
играл 1,762603 0,000356
некоторых 1,762603 0,001068
оказывались 4,436752 0,000896
народный 3,183989 0,000643
заявление 0,867219 0,000175
трофеев 3,338139 0,000674
десятилетия 2,644992 0,000534
понголь 5,129899 0,001036
основан 1,871802 0,000378
виллиан 4,436752 0,000896
стр 2,564949 0,000518
очевидно 3,743604 0,000756
волгоград 2,732003 0,002207
ари 3,183989 0,000643
čeština 1,035554 0,000209
серебряные 2,239527 0,000452
финала 1,104547 0,007138
новосибирск 2,564949 0,000518
приза 3,520461 0,001422
серебряный 1,994404 0,000403
область 2,732003 0,000552
викисклад 1,035554 0,000418
шульгин 5,129899 0,001036
кристалл 3,183989 0,000643
переходящий 4,031286 0,000814
запретом 4,436752 0,000896
проекту 3,520461 0,000711
назвал 1,323236 0,000267
вторым 1,911023 0,000772
мирзов 5,129899 0,001036
уплотнение 5,129899 0,001036
мамчур 4,436752 0,000896
поменял 3,743604 0,000756
болгария 2,421849 0,000489
проект 1,728701 0,000349
весной 2,564949 0,000518
мальцова 5,129899 0,001036
финалы 2,185460 0,002648
дмитрия 2,644992 0,000534
образцовой 4,436752 0,000896
призёр 2,185460 0,000441
доходов 2,827314 0,000571
вторые 2,827314 0,000571
серебряных 3,338139 0,000674
определялись 3,338139 0,001348
финалу 3,338139 0,001348
фернандес 3,520461 0,000711
каждой 1,546380 0,000312
w 0,955511 0,000193
иной 2,827314 0,000571
финале 1,633391 0,000990
туда 3,338139 0,000674
украина 1,871802 0,000378
дмитрий 1,345709 0,000272
легионеров 2,827314 0,000571
переправа 4,436752 0,000896
боевые 3,520461 0,000711
яновский 4,436752 0,000896
metaratings 3,520461 0,000711
прежнему 2,732003 0,000552
групповых 3,520461 0,000711
судья 1,834062 0,000370
назначались 5,129899 0,001036
удалить 2,932674 0,000592
флага 2,932674 0,000592
разбивают 5,129899 0,001036
системе 0,867219 0,000525
июня 1,217876 0,003197
система 1,695912 0,001370
клубом 1,994404 0,000805
могут 0,760451 0,000461
клубов 1,603538 0,001943
вилков 5,129899 0,001036
совести 4,436752 0,000896
суперфиналом 5,129899 0,001036
пластинах 5,129899 0,001036
июне 2,827314 0,000571
футболист 1,951845 0,000788
чертой 3,743604 0,000756
жусилей 5,129899 0,001036
длительного 4,436752 0,000896
локомотив 0,910391 0,005699
дринчич 4,436752 0,001792
выход 1,574551 0,000318
последний 0,773190 0,000937
рубина 2,932674 0,000592
некоторые 1,416327 0,000572
авангард 2,038856 0,001235
июля 1,035554 0,002928
pdf 0,940244 0,000190
участием 1,518981 0,000613
арсенал 1,466337 0,000296
хусаинов 4,436752 0,000896
описание 0,986764 0,000199
групп 2,296685 0,000464
игнашевич 3,520461 0,000711
игроков 1,238078 0,000250
радимов 3,743604 0,000756
рахимич 4,436752 0,001792
власов 4,031286 0,000814
выигрывала 3,183989 0,000643
выигрывали 3,183989 0,000643
ибрагимов 4,031286 0,000814
вручается 2,827314 0,000571
подряд 1,258698 0,000508
вследствие 3,338139 0,000674
сборные 0,839439 0,000339
коронавируса 3,338139 0,001348
каналы 3,520461 0,000711
печатные 3,743604 0,000756
кэшем 2,421849 0,000489
тверь 4,031286 0,000814
вклад 0,971016 0,000196
indonesia 1,086847 0,000219
текст 0,986764 0,000199
возобновления 3,338139 0,000674
параллельно 2,357310 0,000476
ноября 0,971016 0,000784
канале 2,421849 0,000978
архивная 1,633391 0,000330
нтв 3,183989 0,003215
еврокубковые 5,129899 0,001036
перейти 0,867219 0,000350
сезоне 1,466337 0,005330
зоне 2,421849 0,000489
возникла 2,932674 0,000592
показал 2,085376 0,000421
счёт 1,603538 0,000324
некрасов 4,031286 0,000814
фарерские 3,520461 0,000711
принимавшие 5,129899 0,002072
kogda 5,129899 0,002072
осуществлялся 4,031286 0,000814
обнаружено 4,436752 0,000896
сезона 1,052361 0,004675
ничейного 4,436752 0,001792
футболистов 2,421849 0,000489
действовало 4,436752 0,001792
цымбаларь 4,031286 0,000814
ответственности 0,971016 0,000196
футболистом 3,338139 0,000674
федерального 2,932674 0,000592
его 0,447767 0,000452
только 0,447767 0,000362
сезоны 2,296685 0,000464
php 0,986764 0,000199
чаши 4,031286 0,003256
противостоянии 3,338139 0,000674
пиняев 4,031286 0,001628
окончания 2,085376 0,000421
финалиста 4,436752 0,001792
com 0,925206 0,000561
элитный 3,743604 0,000756
polufinal 5,129899 0,002072
турнир 0,699082 0,000424
фонбет 1,466337 0,000888
формировавшейся 5,129899 0,001036
лекхето 4,436752 0,000896
правилам 1,664163 0,000336
проходивший 4,031286 0,000814
финалисту 4,031286 0,001628
чаще 1,834062 0,000370
классического 3,050457 0,000616
богомолов 4,436752 0,000896
когда 0,652562 0,000264
григория 3,520461 0,000711
могли 1,664163 0,000336
вконтакте 1,911023 0,000386
области 1,951845 0,000394
финалисты 3,520461 0,000711
тематические 2,185460 0,000441
миранчук 2,357310 0,001428
включительно 2,827314 0,001142
годов 1,301257 0,000263
предыдущих 2,827314 0,001713
чего 1,345709 0,000544
реализовал 4,031286 0,000814
куки 0,971016 0,000196
футболу 1,492313 0,005123
выигрывает 2,732003 0,000552
еврокубках 2,827314 0,000571
телевизионном 5,129899 0,001036
готовят 3,743604 0,000756
капитан 1,871802 0,000378
будучи 3,338139 0,000674
против 0,747872 0,000302
другие 0,384967 0,000078
так 0,597299 0,000965
синер 5,129899 0,001036
предыдущем 3,743604 0,000756
фифа 1,728701 0,000349
другим 1,762603 0,000356
интервью 0,971016 0,000196
zenit 3,743604 0,001512
других 0,853233 0,000517
попадание 2,564949 0,001036
состоянию 1,911023 0,000386
источников 1,518981 0,001227
образом 1,546380 0,000312
чалов 4,031286 0,001628
championat 1,834062 0,000741
sport 1,122566 0,000907
федерации 0,663991 0,000134
завершившегося 4,436752 0,000896
претендентом 3,520461 0,000711
твц 4,436752 0,001792
жирков 3,743604 0,003024
есть 0,812411 0,000164
чемпионатной 5,129899 0,001036
хрустальная 5,129899 0,003108
mobil 5,129899 0,001036
спорт 0,224624 0,000272
исключили 3,743604 0,000756
этой 1,052361 0,000213
этом 0,565551 0,000799
высшего 2,564949 0,000518
мальта 3,050457 0,000616
национальный 2,644992 0,000534
завода 3,743604 0,000756
сильное 3,338139 0,000674
линий 3,338139 0,000674
края 3,050457 0,000616
национальные 1,695912 0,000342
заводе 3,743604 0,000756
значимости 3,520461 0,000711
сейду 4,436752 0,000896
действующие 2,564949 0,001036
действующий 2,357310 0,000476
определения 2,421849 0,000489
милич 5,129899 0,001036
определению 3,338139 0,000674
швеция 1,345709 0,000272
глава 1,546380 0,000312
полей 3,183989 0,001286
марко 3,183989 0,000643
дебютантом 4,031286 0,000814
заново 2,932674 0,000592
cup 2,134166 0,000431
français 1,019025 0,000206
левников 5,129899 0,004144
писарев 4,436752 0,000896
станислав 2,490841 0,001006
элемент 0,955511 0,000193
спортивные 1,104547 0,000223
дону 2,490841 0,001509
тройнин 5,129899 0,001036
игрок 1,258698 0,000763
спонсор 2,564949 0,000518
состоял 3,520461 0,000711
сезонов 2,357310 0,000952
выступление 1,762603 0,000712
состоят 2,827314 0,000571
имеют 1,834062 0,000370
тихонов 3,050457 0,000616
выступления 1,546380 0,000937
клубам 2,732003 0,001103
выиграть 1,466337 0,000592
косолапов 4,436752 0,000896
выбывала 4,436752 0,001792
зенита 1,797694 0,000363
указанием 0,986764 0,000199
болельщиков 1,574551 0,000318
попавший 4,436752 0,000896
поля 1,603538 0,001295
европы 0,524729 0,001378
попавших 3,520461 0,000711
турнирных 4,436752 0,000896
финалов 3,183989 0,001286
добиралось 5,129899 0,001036
без 0,466460 0,000754
поле 1,217876 0,000246
дома 1,695912 0,000685
проводился 2,038856 0,000412
между 0,955511 0,000579
показом 5,129899 0,002072
трансляции 1,441019 0,001164
руководство 1,603538 0,000324
соответствии 1,086847 0,000439
называемого 4,031286 0,000814
запланированных 5,129899 0,001036
газпром 2,732003 0,000552
первого 1,258698 0,000508
особенности 3,183989 0,001286
иначе 1,834062 0,001481
пока 1,159607 0,000234
митрофанов 4,436752 0,000896
период 1,159607 0,000234
technologies 4,436752 0,001792
клуб 0,940244 0,001899
центральный 2,185460 0,001324
баши 4,436752 0,000896
росси 4,031286 0,000814
регионов 2,421849 0,000489
виде 1,368699 0,001106
лоськов 3,743604 0,000756
нижний 1,159607 0,000937
газзаев 3,520461 0,000711
сирхаев 5,129899 0,002072
оба 1,911023 0,000386
кодекс 0,971016 0,000196
статье 2,085376 0,000421
детская 4,031286 0,000814
статьи 0,524729 0,001060
трансляция 2,239527 0,000452
олег 1,951845 0,000394
локомотива 2,185460 0,000441
статью 1,728701 0,001396
обе 2,085376 0,001263
если 0,675551 0,001364
статья 0,986764 0,000399
хозяин 3,520461 0,001422
соответственно 2,134166 0,000431
wikimedia 0,986764 0,000199
передаётся 3,183989 0,000643
медведев 1,834062 0,000370
шаблонами 1,664163 0,000336
разности 4,436752 0,002688
возрастной 2,827314 0,000571
групповой 2,085376 0,001263
хрущёв 5,129899 0,001036
ελληνικά 1,086847 0,000219
соответствовало 4,436752 0,000896
баскаков 5,129899 0,001036
волга 2,732003 0,000552
sportbox 3,050457 0,000616
беларусь 1,368699 0,000276
язык 1,258698 0,000254
разыгрывается 2,827314 0,000571
участницей 5,129899 0,001036
нижегородской 4,031286 0,000814
прочие 1,345709 0,000544
разных 1,834062 0,000370
новая 1,546380 0,000312
решено 2,644992 0,000534
приспособлен 5,129899 0,001036
удавалось 3,183989 0,000643
creative 0,986764 0,000199
право 1,603538 0,001943
эмблема 2,732003 0,000552
nederlands 1,019025 0,000206
арефьев 5,129899 0,001036
wayback 1,633391 0,000330
выявлен 4,031286 0,000814
раза 1,834062 0,000741
права 1,518981 0,000920
ломается 5,129899 0,001036
эстония 2,490841 0,000503
евсеев 3,743604 0,000756
каспийск 5,129899 0,002072
андрей 1,323236 0,000534
мойзес 4,436752 0,000896
матч 0,411400 0,000914
euskara 1,122566 0,000227
дубля 3,743604 0,001512
вопросом 4,436752 0,000896
подтверждаемым 3,743604 0,000756
прочее 1,834062 0,000370
динамо 0,663991 0,002011
хозяином 4,436752 0,000896
хрустального 4,436752 0,000896
албания 2,932674 0,000592
становился 2,932674 0,002369
денисов 3,050457 0,000616
текущие 0,940244 0,000190
гусь 5,129899 0,001036
попадали 3,338139 0,000674
экспресс 1,416327 0,000858
взамен 3,743604 0,000756
вместо 1,633391 0,000330
ведут 2,732003 0,000552
страна 1,633391 0,000330
весна 2,932674 0,002961
лаборде 4,436752 0,000896
молдова 2,932674 0,000592
команд 1,178655 0,004046
создать 0,825834 0,000167
вместе 1,178655 0,000238
полуфинал 1,633391 0,000330
игрокам 1,951845 0,000788
футбольная 2,239527 0,001809
марш 4,436752 0,000896
треснул 5,129899 0,001036
регион 2,732003 0,001103
финалист 2,421849 0,003423
титульного 4,031286 0,000814
печать 0,986764 0,000199
дивизиона 2,564949 0,004144
том 0,895792 0,000362
календаря 3,743604 0,000756
обсуждение 0,881403 0,000356
попал 1,911023 0,000386
тренера 1,546380 0,000312
анохин 4,436752 0,000896
весну 5,129899 0,001036
десять 2,185460 0,000441
розыгрыш 2,239527 0,001357
вылетал 5,129899 0,001036
организации 0,812411 0,000328
товарный 0,986764 0,000199
разрешать 4,436752 0,000896
савичев 5,129899 0,001036
хрустальном 5,129899 0,002072
три 0,786093 0,000159
хрустальной 5,129899 0,001036
почти 1,323236 0,000267
фамилия 3,050457 0,000616
начиная 1,492313 0,000603
дивизионы 3,520461 0,000711
дважды 1,574551 0,000318
клубным 4,436752 0,000896
норвегия 1,834062 0,000370
федотова 3,743604 0,000756
расформирован 3,743604 0,000756
показывается 4,436752 0,000896
печати 0,955511 0,000193
владислав 2,185460 0,001765
пьянич 5,129899 0,001036
бок 3,520461 0,000711
достижения 1,695912 0,002055
последняя 2,644992 0,000534
разностей 5,129899 0,001036
условий 0,881403 0,000178
серебряными 2,932674 0,000592
третья 2,644992 0,001068
переходящего 5,129899 0,002072
как 0,232059 0,000469
участник 2,296685 0,000464
смешанного 4,031286 0,000814
хозяева 3,050457 0,000616
участниц 3,338139 0,000674
премьер 1,217876 0,002213
следует 2,038856 0,000412
rossii 5,129899 0,002072
проводил 3,183989 0,000643
тарашкевіца 1,198073 0,000242
риск 2,732003 0,000552
смирнов 4,031286 0,000814
лоло 5,129899 0,001036
проводились 1,603538 0,000971
тренеры 1,911023 0,001158
второй 0,786093 0,001111
условия 0,411400 0,000166
термина 1,695912 0,000342
забившим 4,436752 0,000896
играет 1,994404 0,000403
зенитом 2,827314 0,001142
ещё 0,420369 0,000509
олусегун 4,436752 0,000896
получили 1,664163 0,000672
выступавший 3,183989 0,000643
удивила 3,743604 0,000756
петербург 1,633391 0,000660
неавторитетными 3,743604 0,000756
беларуская 1,069456 0,000432
решили 4,031286 0,000814
карпин 3,050457 0,000616
первой 1,019025 0,002675
чехословакия 2,421849 0,000489
очным 5,129899 0,001036
выполнены 4,031286 0,000814
первом 1,052361 0,000213
а 0,209918 0,000890
в 0,017911 0,000832
месяцев 2,296685 0,001855
д 0,895792 0,001990
е 0,867219 0,000525
и 0,023953 0,000368
к 0,132686 0,000214
м 0,534779 0,002700
н 0,895792 0,000362
о 0,042302 0,000051
санкт 1,279751 0,000258
р 2,239527 0,000452
с 0,036149 0,000380
она 0,825834 0,000667
у 0,342407 0,000207
течение 1,238078 0,000250
скачать 0,895792 0,000362
сезон 1,368699 0,001382
они 0,760451 0,000461
силе 3,050457 0,000616
каким 2,490841 0,000503
вариант 1,994404 0,001208
черевченко 4,436752 0,001792
футбол 0,285712 0,000288
португалия 2,296685 0,000464
приёмов 3,183989 0,003215
копия 1,574551 0,000636
екатеринбург 2,490841 0,002515
вагнер 4,031286 0,004884
егоров 3,743604 0,002268
австрия 2,239527 0,000452
соответствующих 3,338139 0,000674
ооо 1,871802 0,000378
алфавиту 1,159607 0,000234
высший 2,564949 0,000518
тремя 2,932674 0,000592
существование 2,644992 0,001068
кубковая 4,436752 0,000896
причём 1,951845 0,000788
соответствующий 3,050457 0,000616
представились 0,986764 0,000199
соответствующие 2,490841 0,000503
сергей 1,392229 0,003374
город 1,871802 0,001134
следующего 2,185460 0,001324
получивший 2,564949 0,000518
полуфинального 3,520461 0,000711
алания 2,932674 0,002961
льва 3,050457 0,000616
первую 1,518981 0,000613
викискладе 1,217876 0,000246
выступить 2,732003 0,000552
василий 2,490841 0,000503
телеканалах 4,436752 0,001792
соперников 1,664163 0,000336
удалена 2,038856 0,001647
надо 2,038856 0,000412
выигрывавшие 5,129899 0,001036
делают 2,564949 0,000518
proydet 5,129899 0,002072
стадией 4,436752 0,000896
равно 2,827314 0,000571
заказу 3,338139 0,001348
группового 2,490841 0,001006
всех 0,652562 0,000395
невинномысск 5,129899 0,001036
вгтрк 4,031286 0,001628
показываются 4,436752 0,000896
title 0,986764 0,000199
видео 0,699082 0,000141
чехия 1,518981 0,000307
раздевалке 3,743604 0,000756
орт 4,436752 0,000896
польша 2,185460 0,000441
пожертвовать 0,986764 0,000199
меньше 2,038856 0,000412
играла 2,490841 0,001509
сносок 1,951845 0,001577
разностью 5,129899 0,001036
московский 2,296685 0,000928
оланаре 4,436752 0,000896
ссылка 0,786093 0,000159
ссылки 0,839439 0,001526
эпоха 2,732003 0,000552
раунд 2,134166 0,000862
своём 1,871802 0,000378
обляков 4,031286 0,000814
элвир 4,436752 0,000896
кринский 4,436752 0,000896
вторая 1,345709 0,000544
швейцария 1,603538 0,000324
представителей 2,239527 0,000452
антонович 4,436752 0,000896
москве 1,518981 0,000613
становится 1,664163 0,001680
разделами 1,951845 0,000788
рассматривался 5,129899 0,001036
москва 0,760451 0,004300
отдельных 0,986764 0,000199
ульянов 3,743604 0,000756
дания 2,085376 0,000421
чугайнов 4,436752 0,001792
результаты 0,910391 0,000184
дивеев 3,520461 0,001422
программка 4,436752 0,000896
греция 2,564949 0,000518
матча 1,002764 0,001215
проводится 1,546380 0,000625
питерцы 4,031286 0,000814
хрустальный 4,031286 0,001628
крыльев 3,183989 0,001929
матчи 0,773190 0,001718
торпедо 1,574551 0,003498
чем 0,747872 0,000151
матче 0,747872 0,000302
требуемого 5,129899 0,001036
ежегодное 3,520461 0,000711
меньщиков 5,129899 0,001036
разделе 1,728701 0,001396
предыдущего 3,050457 0,000616
хозяев 2,644992 0,001068
был 0,663991 0,000805
андреев 4,031286 0,000814
доставалась 5,129899 0,001036
код 0,986764 0,004384
синама 5,129899 0,001036
березуцкий 4,031286 0,002442
кол 4,031286 0,000814
высшая 2,185460 0,000441
рамирес 3,743604 0,000756
url 0,986764 0,000399
ссылок 1,911023 0,002701
михаил 1,392229 0,000281
machine 1,633391 0,000330
сентября 1,069456 0,005399
войти 0,735450 0,000149
старт 1,416327 0,000286
нино 4,436752 0,000896
состоявшихся 3,743604 0,000756
сентябре 2,490841 0,000503
spartak 4,031286 0,001628
первых 1,518981 0,000613
ქართული 1,392229 0,000281
вышли 1,797694 0,000363
уполномочена 5,129899 0,001036
стадион 2,134166 0,000431
ободке 5,129899 0,001036
финалах 2,644992 0,000534
вступали 4,031286 0,002442
ручками 4,031286 0,000814
бельгия 2,296685 0,000464
играть 1,368699 0,000553
инструменты 0,986764 0,000399
астрахань 4,031286 0,001628
результативный 3,338139 0,000674
первым 1,238078 0,000500
медиа 1,834062 0,000370
абреу 5,129899 0,001036
обращения 0,925206 0,007473
обращению 5,129899 0,001036
транслировались 4,436752 0,000896
tass 3,743604 0,000756
первый 0,687247 0,000278
самара 2,490841 0,002515
февраля 0,232059 0,000141
главного 1,728701 0,000349
минут 1,258698 0,000508
детально 4,436752 0,029566
выполнена 3,338139 0,000674
самых 1,546380 0,000312
словакия 1,834062 0,000370
немало 3,743604 0,000756
высшее 4,436752 0,000896
значения 1,416327 0,000286
предоставит 5,129899 0,001036
высшей 2,421849 0,004891
вылететь 4,031286 0,000814
соответствующей 3,050457 0,000616
показываться 5,129899 0,001036
крышки 5,129899 0,001036
кто 0,839439 0,000170
этапами 3,743604 0,000756
футбольной 2,564949 0,000518
сделанный 5,129899 0,001036
самый 1,416327 0,001144
материал 0,825834 0,000167
проверяема 2,038856 0,001647
рубин 1,217876 0,001722
самым 1,392229 0,000281
бушманов 4,436752 0,000896
империи 2,296685 0,000464
кубкового 4,436752 0,000896
советов 1,217876 0,002459
пострадал 4,031286 0,000814
спартаку 2,732003 0,000552
доходили 4,031286 0,000814
кубков 2,827314 0,004568
байрамян 4,436752 0,000896
прошедших 3,183989 0,000643
добавив 1,911023 0,001544
ал 4,436752 0,001792
балтика 1,258698 0,000508
жуненко 5,129899 0,001036
куприянов 5,129899 0,001036
навигация 0,986764 0,000399
месяц 2,564949 0,000518
сработала 4,436752 0,000896
афанасьев 4,031286 0,000814
навигации 0,986764 0,000199
жано 5,129899 0,001036
сборная 0,711058 0,000431
бк 3,183989 0,002572
трансляциях 4,436752 0,000896
борьбу 2,357310 0,003808
возможности 1,994404 0,000403
правило 1,633391 0,001319
можете 1,695912 0,001370
азербайджан 2,644992 0,000534
бы 1,052361 0,000425
сайты 1,994404 0,001611
hrvatski 1,052361 0,000213
перешли 2,827314 0,000571
проводящийся 4,436752 0,000896
уефа 1,466337 0,001184
алонсо 2,421849 0,000489
аудио 1,951845 0,000394
семин 4,436752 0,000896
кубок 0,524729 0,004027
во 0,495170 0,000300
вес 2,357310 0,000476
показ 4,031286 0,001628
уже 0,687247 0,001527
вы 0,325878 0,000329
распределённые 2,644992 0,000534
убрали 3,338139 0,000674
партнёр 2,932674 0,001184
гг 3,183989 0,000643
кипр 3,050457 0,000616
итогам 1,603538 0,004857
просто 1,492313 0,000301
го 1,279751 0,000775
ремонта 4,436752 0,000896
сако 5,129899 0,001036
энциклопедии 0,986764 0,000199
фишт 4,031286 0,001628
думбия 4,436752 0,002688
вопросы 2,644992 0,000534
пробивается 4,436752 0,000896
associated 0,986764 0,000199
прошедшие 3,183989 0,000643
медиафутбол 2,564949 0,000518
български 1,086847 0,000219
да 1,911023 0,000386
прошедший 3,050457 0,000616
проведение 2,134166 0,000431
авторские 3,338139 0,000674
содержимым 3,743604 0,000756
перед 0,839439 0,000339
сайт 0,773190 0,000156
до 0,239550 0,000967
панов 4,031286 0,001628
принадлежали 3,743604 0,000756
зарегистрированный 0,986764 0,000199
сюда 0,986764 0,000199
двух 1,002764 0,000405
пар 2,357310 0,000476
цитировать 0,986764 0,000199
карасёв 4,436752 0,002688
регулярно 1,871802 0,000378
экзотика 5,129899 0,001036
проведению 3,338139 0,001348
необходимости 2,644992 0,000534
проведения 1,258698 0,000508
числе 1,546380 0,000625
кубка 0,825834 0,009839
число 1,392229 0,000281
вступать 4,031286 0,000814
ido 1,546380 0,000312
ахметов 3,050457 0,000616
числу 1,546380 0,000312
равенстве 3,183989 0,001286
принимают 2,085376 0,000421
её 1,104547 0,000223
равенства 3,743604 0,000756
же 0,925206 0,000934
выигравшая 3,743604 0,000756
жо 4,436752 0,003584
финалистов 3,338139 0,000674
кубки 2,644992 0,001068
кубке 1,441019 0,002328
признаны 3,183989 0,000643
опоясывающем 5,129899 0,001036
российского 1,603538 0,001295
баринов 3,338139 0,000674
что 0,239550 0,000290
править 0,986764 0,008768
поставил 2,732003 0,000552
за 0,125952 0,000203
яхимович 4,436752 0,000896
овчинников 4,436752 0,000896
никифоров 3,743604 0,000756
пути 2,296685 0,000464
было 0,438551 0,000354
подробнее 0,723179 0,000146
рекордсмены 2,732003 0,001103
следующую 3,743604 0,000756
образец 4,031286 0,000814
были 0,799165 0,000484
гацкан 5,129899 0,001036
советский 2,038856 0,000412
венгрия 2,564949 0,000518
была 0,652562 0,000527
принцип 2,827314 0,000571
гибралтар 4,031286 0,000814
пенальти 2,038856 0,007823
из 0,106018 0,000664
им 1,198073 0,000242
августа 1,052361 0,003825
сутормин 4,436752 0,000896
компанией 2,827314 0,000571
их 0,799165 0,000484
настоящий 2,490841 0,000503
диарра 4,436752 0,000896
скрытые 1,122566 0,000227
никому 2,732003 0,000552
повышение 3,050457 0,000616
регламент 2,296685 0,000464
медина 5,129899 0,001036
pirelli 4,436752 0,000896
первенства 1,951845 0,000394
исключением 1,994404 0,000403
розыгрышах 2,932674 0,002369
медийных 5,129899 0,001036
сперцян 3,743604 0,000756
словения 2,490841 0,000503
забившая 3,743604 0,000756
юсупов 3,520461 0,000711
серия 1,052361 0,000213
стадионы 2,421849 0,001467
первенство 1,664163 0,000336
медийные 5,129899 0,001036
пен 3,520461 0,010664
ежедневно 2,357310 0,000476
srpski 1,035554 0,000209
первенстве 1,994404 0,000403
предложила 4,031286 0,000814
каналом 4,436752 0,000896
ко 2,421849 0,000489
является 1,086847 0,000219
кр 3,520461 0,000711
октября 1,086847 0,004390
ку 3,338139 0,000674
клубе 1,951845 0,000788
учёта 2,732003 0,001103
foundation 0,986764 0,000199
футбольных 2,038856 0,000823
клуба 1,178655 0,000238
лоськова 4,436752 0,000896
хозяина 4,436752 0,000896
профессиональной 2,932674 0,001184
клубы 1,392229 0,003374
футбольный 1,951845 0,000394
турция 2,421849 0,000489
хрусталя 5,129899 0,002072
футбольным 2,932674 0,000592
уступивший 4,436752 0,000896
семак 3,183989 0,002572
ле 2,038856 0,001235
крылья 1,258698 0,001779
проходных 4,436752 0,000896
футбольные 2,239527 0,001809
второму 3,520461 0,000711
заканчивали 5,129899 0,001036
лу 3,183989 0,000643
фарм 3,520461 0,000711
алдонин 4,436752 0,001792
лав 3,520461 0,004266
жребием 4,436752 0,001792
типам 2,732003 0,000552
продвигающихся 5,129899 0,001036
한국어 1,035554 0,000209
встречам 4,436752 0,000896
uefa 2,732003 0,000552
навечно 3,743604 0,000756
преимущественным 5,129899 0,001036
место 0,597299 0,000362
побед 1,301257 0,000526
упоминается 3,520461 0,000711
дроздов 4,031286 0,000814
участие 0,597299 0,000603
московское 2,564949 0,000518
свёрстанном 5,129899 0,001036
на 0,023953 0,000363
сложившейся 4,436752 0,000896
розыгрышей 3,520461 0,002844
молодёжная 2,490841 0,000503
не 0,099461 0,000623
ни 1,603538 0,000324
ссылками 1,159607 0,000937
но 0,402511 0,000406
еврокубков 2,827314 0,000571
алип 4,436752 0,000896
победили 1,951845 0,000394
обладателей 3,050457 0,001848
территориально 5,129899 0,001036
счёта 3,183989 0,000643
эфире 2,564949 0,003108
обладателем 2,296685 0,003710
скворцов 5,129899 0,001036
независимо 2,932674 0,000592
magyar 1,086847 0,000219
андорра 3,050457 0,000616
нами 0,853233 0,000172
об 0,217244 0,000044
владимир 1,546380 0,000937
заключении 4,436752 0,000896
награды 1,728701 0,000698
захарян 4,031286 0,000814
исхода 4,031286 0,001628
справка 0,986764 0,000199
месте 1,492313 0,000301
он 0,534779 0,000540
категории 0,986764 0,000399
от 0,160085 0,000226
форум 0,881403 0,000178
получал 2,732003 0,001103
официальный 1,104547 0,000223
хочет 2,357310 0,000476
годах 1,492313 0,000603
официальным 2,644992 0,000534
все 0,125952 0,000051
википедия 0,986764 0,002391
по 0,073653 0,001175
inc 0,986764 0,000199
выигравший 2,932674 0,000592
сведения 0,812411 0,000164
português 1,035554 0,000209
завершения 2,357310 0,000476
яшина 2,932674 0,000592
равного 3,743604 0,000756
редакторам 3,743604 0,000756
повышения 2,644992 0,000534
разработан 3,338139 0,000674
всё 1,159607 0,000234
участию 2,732003 0,000552
касается 2,421849 0,000489
сообщество 0,986764 0,000199
википедии 0,986764 0,000598
сменивший 3,743604 0,000756
уфа 2,239527 0,000452
газете 3,338139 0,000674
ростсельмаша 4,436752 0,000896
вступают 4,436752 0,002688
ангушт 5,129899 0,001036
титулам 4,031286 0,000814
этому 1,728701 0,000698
газета 1,633391 0,000330
стал 0,586604 0,000118
выбыванием 3,743604 0,000756
указан 1,301257 0,001051
департамента 4,031286 0,000814
см 0,955511 0,001544
ситуации 1,994404 0,000403
слуцкий 3,743604 0,000756
日本語 1,035554 0,000209
со 0,447767 0,000543
центр 0,881403 0,000356
декабря 0,881403 0,000178
под 0,723179 0,000292
таким 1,664163 0,000672
неоднократно 2,421849 0,000978
предусмотрена 3,743604 0,000756
муса 4,436752 0,001792
изготовлением 5,129899 0,001036
утверждениями 2,134166 0,000431
македония 2,732003 0,000552
тв 1,633391 0,003958
те 1,834062 0,000370
одна 1,392229 0,000281
содержание 0,971016 0,000392
фото 0,799165 0,000161
лет 0,475938 0,000481
то 0,652562 0,000264
такие 1,518981 0,000307
сложности 2,134166 0,000431
оказалось 2,564949 0,001036
мамаев 4,031286 0,000814
карраскаль 4,436752 0,000896
николич 4,031286 0,000814
матчах 1,574551 0,000636
нечай 5,129899 0,001036
пятом 2,644992 0,000534
социальных 1,871802 0,000378
изготовлен 4,436752 0,000896
титульным 3,183989 0,000643
тимофей 3,338139 0,000674
конфиденциальности 0,317714 0,000064
дивизионов 3,183989 0,002572
титульный 2,644992 0,001068
связи 1,159607 0,000234
запад 2,932674 0,000592
wikipedia 0,986764 0,000399
студенческая 3,743604 0,000756
рассмотреть 4,436752 0,000896
отредактировать 2,038856 0,001647
триумфатора 5,129899 0,001036
лиг 2,732003 0,002758
при 0,367725 0,000965
титульные 3,520461 0,001422
ушко 5,129899 0,001036
стадиях 3,520461 0,006398
третьего 2,357310 0,001904
про 1,301257 0,000526
кисляк 3,520461 0,000711
верх 3,743604 0,000756
состоялся 1,664163 0,000336
иванов 2,357310 0,001904
прекратила 3,338139 0,000674
данный 2,357310 0,000476
викиновости 1,238078 0,000250
главный 1,035554 0,000209
быстров 3,338139 0,001348
второго 1,466337 0,000888
буссуфа 4,436752 0,001792
также 0,663991 0,001475
акаев 5,129899 0,001036
العربية 1,069456 0,000216
одной 1,238078 0,000250
грозный 2,564949 0,001554
одном 1,603538 0,000971
италия 0,867219 0,000175
коннор 2,357310 0,000476
разработчики 0,986764 0,000199
пск 5,129899 0,001036
сначала 1,664163 0,000672
ren 4,436752 0,000896
тренерам 3,338139 0,001348
правки 0,986764 0,000399
правка 2,732003 0,000552
сыграл 1,951845 0,000394
отбор 2,564949 0,000518
однако 1,069456 0,000648
технического 2,932674 0,000592
новички 4,031286 0,000814
себя 0,940244 0,000380
дошедший 4,436752 0,000896
проходившего 4,031286 0,000814
орёл 5,129899 0,002072
завод 3,743604 0,000756
кубань 2,827314 0,001142
сафронов 5,129899 0,001036
проектах 0,986764 0,000199
начинали 4,031286 0,002442
việt 1,140915 0,000230
отказ 0,910391 0,000184
артём 2,357310 0,000476
близок 3,743604 0,000756
сохранением 0,986764 0,000199
rfs 5,129899 0,001036
очищаемым 2,421849 0,000489
дзюба 2,134166 0,000862
получил 1,002764 0,000405
выигранных 2,932674 0,001184
прошла 1,994404 0,000403
один 0,711058 0,000718
выездов 4,031286 0,004070
выигранный 4,436752 0,000896
одиа 4,436752 0,000896
нетто 3,743604 0,000756
бондарь 4,031286 0,000814
чр 3,050457 0,000616
часть 1,441019 0,001164
выбывал 4,436752 0,000896
авторитетные 2,038856 0,001647
нему 2,564949 0,000518
ниассе 5,129899 0,001036
пфл 3,338139 0,006741
сетях 1,871802 0,000378
часто 1,574551 0,000318
формировании 4,436752 0,000896
части 1,664163 0,000336
изменения 1,728701 0,000349
чередуясь 5,129899 0,001036
заменить 1,951845 0,000394
исключена 3,520461 0,000711
символические 3,743604 0,000756
bahasa 1,086847 0,000219
самая 1,911023 0,000772
проблемных 3,743604 0,000756
знаменем 4,436752 0,000896
تۆرکجه 1,762603 0,000356
через 0,971016 0,000392
маминов 4,031286 0,001628
российской 1,178655 0,000476
lietuvių 1,140915 0,000230
остаётся 1,994404 0,000403
четвёртого 3,338139 0,001348
интернете 3,743604 0,000756
вариантов 2,932674 0,000592
неко 5,129899 0,001036
проигран 4,436752 0,000896
химки 2,644992 0,005875
лучшие 1,019025 0,000412
урал 2,134166 0,001724
команда 0,663991 0,001475
лом 5,129899 0,001036
салют 4,031286 0,000814
игроки 0,986764 0,000399
известия 3,050457 0,000616
команде 1,258698 0,000254
будут 1,392229 0,000562
кубковых 3,520461 0,001422
являться 4,436752 0,000896
команды 0,555188 0,002130
лучших 1,198073 0,000484
зенит 0,895792 0,003437
смолов 3,520461 0,000711
существуют 1,441019 0,000291
нужно 1,492313 0,000301
українська 1,035554 0,000209
телеканала 3,520461 0,000711
мультиплексов 5,129899 0,001036
выезде 2,564949 0,001036
соболев 3,743604 0,000756
джанашия 4,436752 0,000896
телеканале 4,031286 0,000814
единственная 3,050457 0,001232
шотландия 2,490841 0,000503
комиссия 2,644992 0,000534
завоевал 1,911023 0,000386
шемберас 4,031286 0,000814
пораундовым 5,129899 0,001036
cite 1,258698 0,000508
каюмов 5,129899 0,001036
помню 4,436752 0,000896
шампанским 4,031286 0,000814
кордоба 3,743604 0,001512
оставленный 5,129899 0,001036
почётного 4,436752 0,000896
случаев 2,185460 0,000441
pages 0,986764 0,000199
kubka 5,129899 0,002072
канал 2,038856 0,000412
почему 1,122566 0,000227
художника 4,031286 0,000814
командами 1,911023 0,000386
всего 0,812411 0,000328
черногория 2,732003 0,001103
svenska 1,035554 0,000209
общий 2,038856 0,000412
назад 1,140915 0,000230
новосибирская 4,436752 0,000896
список 1,198073 0,000726
яскович 5,129899 0,001036
профессиональные 2,421849 0,000489
ссср 0,940244 0,000570
доступен 0,971016 0,000196
определялся 3,050457 0,000616
назначаются 3,520461 0,000711
марино 2,827314 0,000571
основания 1,834062 0,000370
традиция 3,338139 0,000674
общей 1,951845 0,000394
осуществляется 2,490841 0,000503
матчей 0,940244 0,002658
румыния 2,239527 0,000452
запрещены 2,421849 0,000489
онопко 4,436752 0,000896
примечания 1,002764 0,000405
где 0,675551 0,000273
основании 2,827314 0,000571
любительские 3,050457 0,002464
коллизия 5,129899 0,001036
жеребьёвку 3,520461 0,001422
гдр 2,038856 0,000412
англия 1,574551 0,000318
жеребьёвка 3,050457 0,001848
участвовать 1,518981 0,000613
завершив 3,338139 0,000674
сообщить 0,799165 0,000161
примечание 3,743604 0,000756
счастье 4,436752 0,000896
европейским 4,031286 0,000814
жеребьёвки 2,932674 0,000592
быть 0,773190 0,001561
нынешний 3,520461 0,000711
курск 4,436752 0,000896
брянск 4,436752 0,000896
внедрено 5,129899 0,001036
варианты 2,827314 0,000571
финальных 3,520461 0,000711
игрался 3,743604 0,000756
грузия 2,644992 0,000534
мобильная 0,608110 0,000123
english 0,925206 0,000187
франция 1,122566 0,000227
неизвестно 3,743604 0,000756
кубковую 5,129899 0,001036
протяжении 1,951845 0,000394
suomi 1,052361 0,000213
стало 1,217876 0,000984
допускаются 3,183989 0,000643
broke 5,129899 0,001036
источниками 3,520461 0,000711
вечном 4,436752 0,000896
схему 3,520461 0,000711
вечное 3,338139 0,000674
прекратил 3,743604 0,000756
ледяхов 4,436752 0,001792
стала 0,881403 0,000534
схема 2,732003 0,000552
составе 1,546380 0,000312
схеме 2,732003 0,001103
стали 0,971016 0,000196
добивались 3,183989 0,000643
română 1,122566 0,000227
файзулин 4,031286 0,000814
забивал 3,743604 0,000756
составы 2,357310 0,000476
гришин 3,520461 0,000711
первая 0,867219 0,000700
причинам 2,564949 0,000518
принятый 4,031286 0,000814
хранении 5,129899 0,001036
передан 3,183989 0,000643
российские 1,301257 0,000263
хранение 2,827314 0,000571
впервые 0,839439 0,000339
drots 4,436752 0,002688
раз 0,504926 0,000714
российским 1,994404 0,000403
чемпионат 0,277868 0,000337
случайная 0,986764 0,000199
latviešu 1,052361 0,000213
кирилл 1,797694 0,000726
российский 1,086847 0,000219
испания 1,466337 0,000296
гостевого 3,743604 0,000756
стол 4,031286 0,000814
постоянная 0,986764 0,000199
командой 1,664163 0,000672
хейтить 5,129899 0,001036
версия 0,485508 0,000196
некорректный 3,338139 0,000674
обычно 1,695912 0,000342
борисоглебск 5,129899 0,001036
израиль 2,490841 0,000503
титов 3,743604 0,000756
спартаком 2,185460 0,000883
претерпел 3,520461 0,000711
варианте 3,338139 0,000674
знамя 4,031286 0,002442
саматов 4,436752 0,000896
игорь 1,951845 0,001971
тернавский 5,129899 0,001036
возникающие 4,436752 0,000896
куценко 5,129899 0,001036
четвертый 3,183989 0,000643
знак 0,986764 0,000199
романцев 3,743604 0,000756
представители 1,633391 0,000330
промес 4,436752 0,000896
гусевской 5,129899 0,001036
лучше 1,695912 0,000342
обладатель 2,185460 0,003972
игоря 2,732003 0,000552
обладателя 2,827314 0,000571
обладатели 2,296685 0,000464
российских 1,323236 0,000534
групповыми 5,129899 0,001036
итоги 1,834062 0,000370
мурило 5,129899 0,001036
медиафайлы 1,217876 0,000246
сибирь 2,134166 0,001724
низкого 3,743604 0,001512
зафиксирована 3,338139 0,001348
архивировано 1,104547 0,008922
автор 2,421849 0,000978
короткий 0,971016 0,000196
пешелань 5,129899 0,001036
остальные 2,239527 0,000904
московскому 2,732003 0,000552
чемпионата 0,735450 0,001188
случаях 0,971016 0,000196
ростов 1,002764 0,002430
чемпионате 1,178655 0,000476
стартовавшие 5,129899 0,001036
после 0,317714 0,000192
осторожнее 5,129899 0,001036
участника 2,732003 0,000552
новгородов 5,129899 0,001036
пользу 1,911023 0,000772
краснодар 0,925206 0,000561
жоаозиньо 4,031286 0,000814
вышел 1,574551 0,000636
спонсором 2,827314 0,001142
библиографическими 3,743604 0,000756
разбираем 3,520461 0,000711
липко 5,129899 0,001036
news 2,185460 0,000883
процедуру 3,338139 0,000674
пандемии 2,421849 0,000978
фанком 5,129899 0,001036
двумя 1,664163 0,000336
фнл 2,421849 0,005380
служебные 0,986764 0,000199
занявший 3,743604 0,002268
языках 0,986764 0,000199
ананидзе 4,436752 0,000896
добирались 5,129899 0,001036
свободной 0,986764 0,000199
ранних 2,932674 0,002369
может 0,630089 0,000636
футбо 3,520461 0,000711
люб 4,436752 0,001792
оторвал 5,129899 0,001036
больше 0,812411 0,000328
получить 0,747872 0,000151
переходом 2,932674 0,000592
нарушать 3,743604 0,000756
нидерланды 1,728701 0,000349
таблиц 5,129899 0,001036
гол 1,546380 0,000937
связанные 0,881403 0,000178
маргасов 4,436752 0,000896
казань 1,345709 0,001359
гусевского 5,129899 0,001036
босния 2,732003 0,000552
участники 1,518981 0,000920
отредактирована 0,986764 0,000199
халк 4,436752 0,001792
трёх 1,441019 0,000582
куликов 3,743604 0,000756
корниец 5,129899 0,001036
послематчевых 2,644992 0,000534
времени 1,140915 0,000922
italiano 1,035554 0,000209
год 0,687247 0,000139
широков 3,183989 0,000643
бомбардиры 2,357310 0,000952
завоевания 3,338139 0,000674
украшается 5,129899 0,001036
сербия 2,357310 0,000952
мая 1,104547 0,006022
поэтому 1,392229 0,000281
commons 0,986764 0,000199
началом 1,834062 0,000370
мае 2,357310 0,000476
названия 1,664163 0,000336
web 1,279751 0,000517
приз 2,134166 0,000862
учётную 0,986764 0,000199
bokmål 1,069456 0,000216
самой 1,574551 0,000318
федун 3,520461 0,000711
лигу 2,134166 0,004741
плюс 2,357310 0,002380
транслироваться 5,129899 0,001036
зависимости 1,911023 0,000386
лиги 0,895792 0,005608
свяжитесь 0,986764 0,000199
соглашения 2,357310 0,000476
лиге 1,368699 0,001935
чемпионом 1,122566 0,000227
лига 0,402511 0,001057
вариации 4,436752 0,000896
проходящего 4,436752 0,000896
формата 3,050457 0,000616
благодаря 1,441019 0,000291
истории 0,630089 0,000127
бурлаченко 5,129899 0,001036
участниками 1,994404 0,000403
фонд 0,940244 0,000190
фоне 2,932674 0,000592
ставропольагросоюз 5,129899 0,001036
центре 2,185460 0,000441
чеботарёв 4,436752 0,000896
лихтенштейн 3,183989 0,000643
спонсоры 1,911023 0,000772
наиболее 1,466337 0,000888
союза 1,797694 0,000726
которая 1,052361 0,000638
комличенко 3,743604 0,000756
валентин 2,732003 0,001103
история 0,555188 0,000561
чертвертьфинальной 5,129899 0,001036
ранней 4,031286 0,000814
евгений 1,258698 0,000254
недостатков 1,633391 0,000330
соломатин 4,031286 0,002442
источники 1,633391 0,003628
харлачёв 4,436752 0,000896
розыгрыша 2,239527 0,004522
либо 1,140915 0,000461
хорватия 2,357310 0,000476
розыгрыше 2,239527 0,001809
розыгрыши 3,050457 0,000616
дятьковском 5,129899 0,001036
название 1,178655 0,000238
более 0,853233 0,001034
поиск 0,735450 0,000149
молодой 2,490841 0,001006
рамблер 3,338139 0,000674
oldid 0,986764 0,000199
исторические 3,183989 0,000643
голов 1,871802 0,001134
кубковой 3,743604 0,000756
первое 1,279751 0,000517
низкий 3,338139 0,000674
алексей 1,238078 0,000750
попадал 3,520461 0,000711
стадии 2,085376 0,005475
фролов 3,743604 0,000756
gazeta 3,520461 0,000711
титулов 2,357310 0,000476
созданием 3,743604 0,000756
стадий 4,031286 0,003256
высоких 2,827314 0,000571
герцеговина 2,732003 0,000552
амкала 4,436752 0,001792
сёмин 3,050457 0,000616
местам 3,743604 0,000756
применяемому 5,129899 0,001036
этого 0,881403 0,000890
принципа 4,436752 0,000896
лужники 3,050457 0,008008
сигурдссон 4,436752 0,000896
безбородов 5,129899 0,003108
спонсора 2,827314 0,000571
авторства 0,986764 0,000199
принципу 2,564949 0,001036
чемпионов 0,652562 0,000527
igra 5,129899 0,002072
стадию 3,050457 0,000616
финал 1,258698 0,002033
català 1,086847 0,000219
дальнейшем 2,357310 0,000476
новый 0,940244 0,000570
boys 4,436752 0,000896
булыкин 3,338139 0,000674
рпл 1,140915 0,001843
новые 0,747872 0,000302
местных 3,050457 0,000616
ахмат 1,217876 0,000492
сократились 4,436752 0,000896
литва 2,644992 0,000534
просмотры 0,986764 0,000199
فارسی 1,104547 0,000223
шинник 2,732003 0,001103
забила 3,183989 0,000643
парфёнов 4,436752 0,001792
показана 4,436752 0,000896
приходилось 3,520461 0,000711
терек 3,050457 0,003080
герб 4,436752 0,000896
соответствует 3,050457 0,000616
александр 0,925206 0,000934
шишечка 5,129899 0,001036
должны 1,178655 0,000238
футбольного 2,296685 0,001391
оригинала 1,518981 0,000920
викимедиа 0,986764 0,000199
дополнительных 2,564949 0,001554
политика 0,239550 0,000048
определяется 2,038856 0,000412
показаны 3,520461 0,000711
показывать 2,644992 0,002137
секретаря 3,520461 0,000711
дополнительные 0,986764 0,000199
обновлённого 4,031286 0,000814
победители 1,797694 0,001089
заглавная 0,986764 0,000199
раздельно 4,031286 0,000814
сочи 0,853233 0,000345
обращаться 4,436752 0,000896
уэльс 2,932674 0,000592
by 0,971016 0,000196
расположена 3,050457 0,000616
должна 1,238078 0,001000
русский 0,839439 0,000170
участница 4,031286 0,000814
этап 1,392229 0,000562
cc 0,986764 0,000199
джентльмен 3,743604 0,000756
время 0,384967 0,000078
единственный 2,296685 0,000464
предусматривал 4,031286 0,001628
magna 5,129899 0,001036
исландия 2,644992 0,000534
поведения 0,895792 0,000181
ртр 4,436752 0,001792
объявлялась 4,031286 0,000814
новгород 1,217876 0,000984
победителя 1,911023 0,000386
ленинградская 2,827314 0,000571
ресурсы 1,104547 0,000223
логично 4,436752 0,000896
ранее 1,104547 0,000223
победитель 1,258698 0,002288
однокруговых 5,129899 0,001036
анжи 2,827314 0,004568
администрацией 5,129899 0,001036
дудник 5,129899 0,001036
состоит 1,546380 0,000312
викиданных 0,986764 0,000199
проходила 2,827314 0,000571
рус 1,368699 0,001935
измайлов 4,031286 0,000814
заключительных 5,129899 0,001036
белогорск 5,129899 0,001036
получения 2,421849 0,000489
хватит 5,129899 0,001036
отсутствие 2,038856 0,000412
статусе 2,490841 0,000503
хотя 1,546380 0,000312
контексте 4,031286 0,000814
порядок 2,421849 0,000489
рфс 2,564949 0,005180
принципиально 3,520461 0,000711
гайич 4,436752 0,001792
дошёл 3,050457 0,001848
следствием 4,031286 0,000814
ранге 2,932674 0,000592
читать 0,586604 0,000118
уронили 5,129899 0,001036
игр 0,367725 0,000149
возрождения 3,338139 0,000674
элитного 4,031286 0,000814
мне 1,871802 0,000378
прецедент 5,129899 0,006216
выбив 4,436752 0,000896
этапа 1,664163 0,000672
поиску 0,971016 0,000980
городах 2,827314 0,000571
лишь 1,159607 0,000234
союзом 3,183989 0,000643
острова 2,932674 0,000592
мог 1,762603 0,000356
одного 1,140915 0,000461
момент 1,301257 0,000526
football 2,239527 0,000904
говорится 3,520461 0,000711
крупной 2,932674 0,000592
中文 1,035554 0,000209
организаторы 2,564949 0,000518
помимо 1,911023 0,000386
константин 2,357310 0,000476
сарвели 4,031286 0,000814
учитывается 3,743604 0,000756
оставлен 5,129899 0,001036
мячей 1,871802 0,000756
среди 0,597299 0,000362
латвия 1,834062 0,000370
камано 4,436752 0,000896
осуществлялись 4,436752 0,000896
чиди 4,436752 0,000896
олимп 1,762603 0,002848
https 0,699082 0,000141
начальной 4,436752 0,000896
выгравирован 5,129899 0,001036
позже 1,518981 0,000307
полоз 5,129899 0,001036
tiếng 1,140915 0,000230
עברית 1,052361 0,000213
index 0,986764 0,000199
субхолдинга 4,436752 0,000896
павел 1,871802 0,000378
мро 4,436752 0,001792
эта 0,867219 0,000175
городам 4,031286 0,001628
должен 1,122566 0,000227
изначально 2,038856 0,000412
избранные 0,971016 0,000196
последующий 5,129899 0,001036
которой 1,238078 0,000500
котором 1,217876 0,000246
хранится 4,031286 0,000814
килограммов 4,436752 0,000896
акрон 1,279751 0,000258
поедет 4,031286 0,000814
возможно 1,664163 0,000336
имел 2,357310 0,001428
лапочкин 5,129899 0,001036
эти 1,323236 0,000267
раньше 2,038856 0,000412
отсчёт 3,520461 0,000711
это 0,277868 0,000112
которого 1,345709 0,000272
прямом 2,932674 0,003553
два 0,760451 0,000461
являвшийся 5,129899 0,001036
выходили 2,732003 0,001103
этих 1,301257 0,000263
две 1,019025 0,000206
тренер 0,895792 0,000362
кушев 5,129899 0,001036
акинфеев 3,743604 0,000756
выходила 3,338139 0,001348
нееврокубковое 5,129899 0,003108
производится 2,357310 0,000476
шестое 2,732003 0,000552
рассказывал 4,436752 0,000896
или 0,576022 0,000698
сдвоенные 5,129899 0,001036
сыграют 2,490841 0,000503
финляндия 1,492313 0,000301
турниров 1,664163 0,000672
макетинговой 5,129899 0,001036
қазақша 1,178655 0,000238
географическому 4,031286 0,000814
николаев 4,031286 0,000814
осипенко 4,436752 0,000896
новом 1,994404 0,000403
основного 2,185460 0,000883
использования 0,393700 0,000080
новой 1,574551 0,000318
югославия 2,421849 0,000489
германия 1,140915 0,000230
ими 2,932674 0,001184
покажет 3,183989 0,003215
затем 1,301257 0,000788
молодым 2,732003 0,000552
rambler 4,031286 0,000814
сезонах 2,421849 0,000978
реставрировался 5,129899 0,001036
игры 0,376309 0,000152
ошибке 0,955511 0,000193
лист 3,050457 0,000616
четырёх 1,603538 0,000324
представляющих 3,520461 0,000711
осень 3,050457 0,003080
ювелирами 5,129899 0,001036
события 0,663991 0,000134
рекомендации 1,911023 0,001544
зрители 2,932674 0,000592
компания 1,279751 0,000258
терека 3,743604 0,000756
стрелец 4,436752 0,000896
соревнования 0,663991 0,000402
переход 2,490841 0,000503
deutsch 1,052361 0,000213
марта 0,881403 0,001424
вячеслава 3,050457 0,000616
продолжался 3,183989 0,000643
марте 2,085376 0,000421
раунда 2,085376 0,000842
проигравших 4,436752 0,000896
прошлого 2,357310 0,000476
ишкинин 5,129899 0,001036
sports 1,301257 0,000263
существовал 3,520461 0,001422
динская 5,129899 0,001036
компании 1,301257 0,000263
соревнование 1,664163 0,000336
турниром 3,183989 0,000643
соревнований 0,881403 0,000356
большей 2,932674 0,000592
газинский 4,436752 0,000896
крупная 2,932674 0,001184
лицензию 3,743604 0,000756
титулован 3,183989 0,000643
ряд 1,797694 0,000363
страница 0,940244 0,000380
лицензии 0,986764 0,000199
странице 0,971016 0,000196
сан 2,085376 0,000421
запись 0,955511 0,000193
qr 0,986764 0,000199
совместная 5,129899 0,001036
цветов 2,932674 0,000592
ставропольского 5,129899 0,001036
страницу 0,971016 0,000196
нападающий 1,797694 0,000363
аленичев 4,031286 0,000814
максимюк 4,436752 0,000896
женский 1,441019 0,000291
страницы 0,971016 0,000588
проводимое 3,743604 0,000756
юрий 2,185460 0,001765
мордовия 2,827314 0,001142
квалификации 1,951845 0,000788
гравируются 4,031286 0,000814
дублёров 3,520461 0,000711
россии 0,160085 0,002263
ru 0,285712 0,000692
aprelya 5,129899 0,002072
действовать 0,955511 0,000193
сделан 4,436752 0,001792
забивала 5,129899 0,001036
телеспорт 5,129899 0,002072
третий 1,416327 0,000572
янчик 4,436752 0,000896
sa 0,986764 0,000199
выделены 3,183989 0,001286
гранквист 4,436752 0,000896
известно 1,871802 0,000378
дата 0,881403 0,007298
внешние 1,122566 0,000453
того 0,955511 0,000386
своё 1,664163 0,000336
действует 2,421849 0,000489
киреев 4,436752 0,000896
проводить 1,797694 0,000363
español 1,019025 0,000206
россия 0,699082 0,000847
изготовлена 5,129899 0,001036
начинался 3,743604 0,000756
паре 3,338139 0,000674
января 0,825834 0,001001
киров 4,031286 0,000814
персональные 0,971016 0,000196
произошло 2,085376 0,000421
tv 2,564949 0,000518
ворота 1,797694 0,000726
агаларов 5,129899 0,001036
казахстан 1,301257 0,000263
станут 3,520461 0,000711
турнира 0,839439 0,001865
express 2,644992 0,001068
сроки 2,827314 0,000571
третьей 2,296685 0,000464
вылетевших 5,129899 0,001036
гостях 2,239527 0,000904
зайцева 3,183989 0,000643
введение 2,932674 0,000592
люксембург 2,732003 0,000552
norsk 1,052361 0,000213
дейвидас 3,743604 0,000756
ярославль 2,490841 0,001006
для 0,146292 0,000236
веретенников 4,436752 0,000896
полях 3,520461 0,002133
амкар 2,827314 0,001142
общедоступном 4,436752 0,000896
амкал 5,129899 0,003108
пазёмов 5,129899 0,001036
национальная 1,574551 0,000318
polski 1,035554 0,000209
прошедшего 4,031286 0,000814
клубами 2,644992 0,000534
сухина 5,129899 0,002072
сергеевича 5,129899 0,001036
соперника 1,279751 0,000258
показателя 4,436752 0,000896
org 0,986764 0,000199
ходу 1,834062 0,000370
ерёменко 3,520461 0,000711
валерий 2,239527 0,000452
упразднённые 3,183989 0,000643
мастерами 4,031286 0,000814
останкино 5,129899 0,001036
пройдет 2,421849 0,000489
дивизион 2,185460 0,003089
гола 1,951845 0,000788
бетсити 1,633391 0,001319
еврокубки 1,546380 0,002186
жеребьевка 4,031286 0,000814
наш 2,357310 0,000476
тему 1,664163 0,000336
участником 2,564949 0,001036
победителем 1,574551 0,000318
жеребьевки 4,436752 0,000896
заполненный 5,129899 0,001036
суперкубок 2,296685 0,000464
српски 1,035554 0,000209
над 0,986764 0,000199
жеребьевку 5,129899 0,001036
колобаев 5,129899 0,001036
дней 1,416327 0,001144
шахтёр 3,338139 0,000674
пятикратным 3,520461 0,000711
спартак 0,786093 0,002381
москалёв 5,129899 0,001036
пятёрка 3,743604 0,000756
участников 1,159607 0,000234
рфпл 2,932674 0,000592
около 1,518981 0,000307
федьков 5,129899 0,001036
полуфинале 2,038856 0,000412
ротор 2,732003 0,001103
gde 5,129899 0,002072
цска 0,711058 0,005887
низших 3,743604 0,002268
дублирующие 5,129899 0,001036
джано 4,436752 0,000896
географический 5,129899 0,001036
четвёртый 2,490841 0,001006
лентами 5,129899 0,001036
которые 0,760451 0,000307
ирландия 2,421849 0,000978
который 0,799165 0,000484
николай 2,134166 0,001724
которым 1,518981 0,000613
показывались 4,031286 0,000814
например 1,603538 0,000324
спам 3,743604 0,001512
классе 2,932674 0,001184
корнаухов 4,436752 0,000896
которых 1,052361 0,000213
türkçe 1,052361 0,000213
дуймович 4,436752 0,001792
power 3,183989 0,001286
победа 1,238078 0,000750
сроках 4,436752 0,000896
отломалась 5,129899 0,001036
загадка 4,031286 0,000814
случае 1,441019 0,003201
пустят 5,129899 0,001036
кокорин 3,743604 0,000756
случая 3,338139 0,000674
арена 1,762603 0,004983
несколько 1,069456 0,000216
уступил 1,994404 0,000403
будет 0,825834 0,000500
сетки 2,827314 0,000571
апреле 2,239527 0,000452
начало 1,633391 0,000660
заболотный 3,743604 0,000756
сетке 3,050457 0,001232
путёвка 4,436752 0,000896
тайма 2,644992 0,001068
начале 1,301257 0,000263
свежие 0,910391 0,000184
арену 2,564949 0,000518
количеству 1,574551 0,000954
путёвки 3,743604 0,003780
начала 1,238078 0,000250
травмы 1,492313 0,000301
двухматчевом 4,436752 0,000896
суперкубке 3,183989 0,000643
минько 4,436752 0,000896
суперкубка 2,932674 0,000592
досрочно 2,421849 0,000978
али 2,827314 0,000571
количества 2,421849 0,000978
занесённые 3,743604 0,000756
апреля 1,052361 0,001488
неё 1,797694 0,000363
малгобек 5,129899 0,001036
золотого 3,050457 0,000616
проводимые 2,357310 0,000476
начинать 4,436752 0,000896
хватает 1,762603 0,001424
количество 1,217876 0,000738
любители 1,797694 0,000363
некоммерческой 0,986764 0,000199
лицензирования 4,031286 0,000814
нет 0,825834 0,000500
случился 3,338139 0,000674
формат 2,185460 0,000441
путёвку 3,338139 0,002696
годы 1,258698 0,002033
профессионалы 2,932674 0,000592
юношеская 2,732003 0,000552
армения 2,827314 0,000571
регламенте 2,932674 0,001777
youtube 1,797694 0,000363
северная 2,357310 0,000952
мэзт 5,129899 0,001036
году 0,630089 0,003181
элементы 2,490841 0,000503
арзамас 5,129899 0,001036
статистика 0,652562 0,000132
трофей 2,085376 0,001263
перенос 4,436752 0,000896
трофею 5,129899 0,001036
трофея 2,490841 0,001509
значительно 1,911023 0,000386
года 0,239550 0,003048
информация 1,035554 0,000836
дьяков 4,031286 0,000814
match 4,031286 0,001628
альмир 5,129899 0,001036
ввести 3,183989 0,000643
добилось 5,129899 0,001036
такому 3,743604 0,000756
обсудили 4,436752 0,000896
источник 0,853233 0,000689
playmakerstats 2,932674 0,000592
