париж 2,357310 0,001651
факты 2,827314 0,001980
составленных 5,129899 0,022752
latina 1,603538 0,000374
шайбы 2,827314 0,001320
личных 3,050457 0,000712
гётеборг 4,031286 0,001882
этому 1,728701 0,000404
экспорт 0,986764 0,000230
стал 0,586604 0,000137
играется 3,520461 0,000822
указан 1,301257 0,000304
играх 0,699082 0,000163
бергвалля 5,129899 0,002395
ไทย 1,238078 0,000289
них 1,178655 0,000550
см 0,955511 0,000669
ситуации 1,994404 0,000466
играл 1,762603 0,000411
日本語 1,035554 0,000242
со 0,447767 0,000105
прервать 4,436752 0,001036
прекращает 3,520461 0,000822
правок 3,743604 0,000874
включения 3,743604 0,000874
одну 1,762603 0,000823
братислава 4,436752 0,005178
символическая 4,436752 0,001036
slovenščina 1,345709 0,000314
под 0,723179 0,000169
заявление 0,867219 0,000202
торриани 5,129899 0,001197
различно 5,129899 0,001197
обобщающих 5,129899 0,001197
человек 1,178655 0,000275
одна 1,392229 0,000325
содержание 0,971016 0,000453
eesti 1,069456 0,000250
лет 0,475938 0,000667
čeština 1,035554 0,000242
то 0,652562 0,000762
ста 3,338139 0,000779
финала 1,104547 0,002578
серебряные 2,239527 0,001046
викисклад 1,035554 0,000242
матчах 1,574551 0,000368
дольше 2,932674 0,000685
конфиденциальности 0,317714 0,000074
дивизионов 3,183989 0,002973
slovenčina 1,069456 0,000250
wikipedia 0,986764 0,000461
a 1,392229 0,000325
b 2,564949 0,004191
c 1,546380 0,000361
i 1,762603 0,005349
третьего 2,357310 0,000550
гельзенкирхен 5,129899 0,001197
вторые 2,827314 0,001320
викиновости 1,238078 0,000289
республика 2,564949 0,000599
u 1,345709 0,001256
v 1,951845 0,000456
каждой 1,546380 0,001083
w 0,955511 0,000223
чсср 5,129899 0,001197
также 0,663991 0,001395
финале 1,633391 0,000763
сборную 1,633391 0,001144
العربية 1,069456 0,000250
выходят 2,932674 0,002054
украина 1,871802 0,000437
гармиш 3,520461 0,000822
одной 1,238078 0,000867
италия 0,867219 0,001822
разработчики 0,986764 0,000230
колясках 2,932674 0,000685
траве 1,466337 0,000342
последней 2,296685 0,000536
зал 2,239527 0,000523
встреч 2,421849 0,000565
официальная 2,827314 0,001980
однажды 3,050457 0,000712
колорадо 3,520461 0,000822
правки 0,986764 0,000461
овертайме 2,038856 0,001428
индор 4,436752 0,001036
лиллехаммер 3,183989 0,000743
отправляется 3,743604 0,000874
представляет 1,871802 0,000437
вышедшей 4,436752 0,001036
опытными 2,490841 0,000581
спорта 0,342407 0,000160
победу 0,910391 0,000638
системе 0,867219 0,000607
проектах 0,986764 0,000230
могут 0,760451 0,000178
шамони 3,183989 0,001486
отказ 0,910391 0,000213
корея 2,085376 0,000487
италии 1,002764 0,000234
сохранением 0,986764 0,000230
возвращались 4,031286 0,000941
прошло 2,644992 0,000617
очков 1,198073 0,000280
столетия 2,932674 0,001369
прошли 1,762603 0,000411
авторитетных 4,031286 0,000941
самостоятельный 4,031286 0,000941
принимала 3,183989 0,000743
последний 0,773190 0,000361
вене 3,520461 0,000822
принимали 2,134166 0,001495
ша 4,031286 0,000941
вена 4,031286 0,005646
принимало 3,520461 0,000822
pdf 0,940244 0,000219
участием 1,518981 0,001064
разделам 4,436752 0,001036
другая 2,357310 0,000550
сша 0,586604 0,005203
описание 0,986764 0,000230
bahasa 1,086847 0,000507
океании 3,050457 0,000712
штрафных 4,031286 0,000941
овертаймов 4,436752 0,001036
мероприятия 2,357310 0,000550
сборным 3,520461 0,000822
подряд 1,258698 0,000294
инлайн 5,129899 0,001197
lietuvių 1,140915 0,000266
остаётся 1,994404 0,000466
лозанна 4,031286 0,001882
сборные 0,839439 0,001372
коронавируса 3,338139 0,002338
бойкотировали 4,436752 0,002071
серией 4,031286 0,000941
мориц 3,338139 0,001558
лучшие 1,019025 0,000238
чемпионский 2,490841 0,000581
йбой 4,436752 0,001036
команда 0,663991 0,000930
парах 3,183989 0,002230
пробившихся 5,129899 0,001197
вклад 0,971016 0,000227
indonesia 1,086847 0,000254
команде 1,258698 0,000588
текст 0,986764 0,000230
очко 1,911023 0,000446
команды 0,555188 0,013737
золота 2,932674 0,000685
esperanto 1,198073 0,000280
списки 3,050457 0,000712
чемпиона 1,466337 0,000342
очка 1,574551 0,001103
перейти 0,867219 0,000405
существуют 1,441019 0,000673
жизни 1,122566 0,000262
олимпиад 2,564949 0,001197
задерживались 5,129899 0,001197
українська 1,035554 0,000242
группе 2,421849 0,013002
бейсболу 4,436752 0,001036
группа 1,834062 0,031253
ограничено 4,031286 0,000941
проводили 2,827314 0,001980
сезона 1,052361 0,000246
сильнейших 2,239527 0,000523
приведите 5,129899 0,001197
ответственности 0,971016 0,000227
золотые 1,728701 0,000404
сборных 1,911023 0,000446
имеет 1,492313 0,000348
дюссельдорф 5,129899 0,004790
только 0,447767 0,000418
группы 1,695912 0,029294
используется 1,633391 0,000381
php 0,986764 0,000230
cite 1,258698 0,000294
пробивают 5,129899 0,001197
золотых 1,911023 0,000446
com 0,925206 0,000216
соревнованием 2,732003 0,000638
covid 2,564949 0,001796
каждого 1,633391 0,000381
kyrgyzstan 5,129899 0,001197
турнир 0,699082 0,001305
мира 0,367725 0,005064
pages 0,986764 0,000230
шведских 5,129899 0,001197
занявшая 4,031286 0,001882
финальном 2,564949 0,000599
чаще 1,834062 0,000428
данную 4,436752 0,001036
ежегодно 2,185460 0,000510
любляна 5,129899 0,001197
когда 0,652562 0,000152
командами 1,911023 0,000892
турку 5,129899 0,003592
рига 3,743604 0,002622
всего 0,812411 0,001138
принимает 2,644992 0,000617
svenska 1,035554 0,000242
годов 1,301257 0,000304
куки 0,971016 0,000227
футболу 1,492313 0,000697
список 1,198073 0,000559
требуют 2,490841 0,000581
ссср 0,940244 0,011193
доступен 0,971016 0,000227
флорболу 4,436752 0,001036
здруй 5,129899 0,001197
престижным 3,183989 0,000743
чемпионы 1,871802 0,000437
общее 2,357310 0,001651
международной 1,345709 0,001885
матчей 0,940244 0,000439
так 0,597299 0,000139
хоккейная 2,421849 0,001696
румыния 2,239527 0,000523
федерация 1,002764 0,000234
примечания 1,002764 0,000936
плэсид 3,183989 0,000743
других 0,853233 0,000598
кортина 2,490841 0,000581
состоянию 1,911023 0,000446
гдр 2,038856 0,000476
организуемое 5,129899 0,001197
европейских 2,038856 0,001428
буллитов 3,743604 0,003495
сообщить 0,799165 0,000187
championat 1,834062 0,000428
федерации 0,663991 0,000930
швеции 1,664163 0,000777
галифакс 5,129899 0,001197
получала 3,743604 0,000874
есть 0,812411 0,000190
инсбрук 3,183989 0,001486
вылет 2,932674 0,026013
квебек 5,129899 0,001197
занявшей 4,031286 0,001882
этой 1,052361 0,000491
этом 0,565551 0,000132
мобильная 0,608110 0,000142
championship 2,644992 0,001235
english 0,925206 0,000432
франция 1,122566 0,003669
этот 0,825834 0,000193
хельсинки 3,050457 0,006409
лион 4,031286 0,000941
bishkek 5,129899 0,001197
suomi 1,052361 0,000246
действующие 2,564949 0,000599
тампере 4,436752 0,008285
друг 1,834062 0,004709
бронзовые 2,239527 0,001046
швеция 1,345709 0,023873
мангейм 5,129899 0,001197
iihf 3,743604 0,001748
франции 1,035554 0,000242
покидала 5,129899 0,001197
ныне 2,357310 0,000550
основное 2,134166 0,001993
română 1,122566 0,000262
графе 4,436752 0,001036
français 1,019025 0,000238
элемент 0,955511 0,000223
давос 5,129899 0,001197
йёнчёпинг 5,129899 0,001197
проходил 2,185460 0,001020
oʻzbekcha 1,140915 0,000266
женщины 0,881403 0,004321
раз 0,504926 0,002239
чемпионат 0,277868 0,003049
проходит 1,633391 0,000763
ўзбекча 1,140915 0,000266
случайная 0,986764 0,000230
latviešu 1,052361 0,000246
пожалуйста 1,633391 0,000381
постоянная 0,986764 0,000230
денвер 2,421849 0,000565
указанием 0,986764 0,000230
командой 1,664163 0,000777
версия 0,485508 0,000453
спустя 1,911023 0,000892
шесть 1,546380 0,000722
крикету 4,436752 0,001036
европы 0,524729 0,000612
версии 1,546380 0,000361
поло 1,441019 0,000336
финалов 3,183989 0,000743
регулирующие 4,436752 0,001036
без 0,466460 0,000109
органы 3,520461 0,000822
поле 1,217876 0,000284
проводился 2,038856 0,002856
между 0,955511 0,000446
назывался 3,050457 0,000712
знак 0,986764 0,000230
мюнхен 2,932674 0,002054
критерий 4,031286 0,000941
первого 1,258698 0,001175
пока 1,159607 0,000271
виду 2,490841 0,000581
зафиксирована 3,338139 0,001558
архивировано 1,104547 0,001547
волейболу 2,932674 0,000685
короткий 0,971016 0,000227
кроме 1,368699 0,001597
остальные 2,239527 0,001046
олимпийского 1,603538 0,000749
евролига 1,664163 0,000388
войны 1,871802 0,000874
чемпионата 0,735450 0,000515
занявшие 2,644992 0,027784
случаях 0,971016 0,000227
поражение 1,546380 0,001083
чемпионате 1,178655 0,001376
после 0,317714 0,000074
получает 2,038856 0,000952
кодекс 0,971016 0,000227
прага 3,050457 0,008545
фрибур 4,436752 0,002071
статьи 0,524729 0,000980
канада 1,301257 0,017921
выявит 5,129899 0,001197
дортмунд 3,338139 0,002338
баскетболу 3,050457 0,001424
чемпионаты 1,574551 0,002940
шведской 4,031286 0,000941
включая 1,633391 0,000381
чести 4,436752 0,001036
пандемии 2,421849 0,002261
перенесён 4,031286 0,000941
марий 2,827314 0,000660
служебные 0,986764 0,000230
если 0,675551 0,000631
статья 0,986764 0,000461
указано 4,031286 0,000941
современный 2,357310 0,000550
языках 0,986764 0,000230
wikimedia 0,986764 0,000230
проверенной 2,421849 0,000565
занявших 3,520461 0,033693
канады 1,217876 0,002274
азиатские 2,932674 0,000685
шаблонами 1,664163 0,000388
фактов 2,732003 0,001913
азиатский 3,520461 0,000822
свободной 0,986764 0,000230
мировой 1,392229 0,000975
групповой 2,085376 0,000974
может 0,630089 0,000147
юниорский 3,050457 0,002136
ελληνικά 1,086847 0,000254
групповом 2,644992 0,000617
больше 0,812411 0,000190
получить 0,747872 0,000175
беларусь 1,368699 0,000958
содержащих 5,129899 0,001197
язык 1,258698 0,000294
карлстад 5,129899 0,001197
нидерланды 1,728701 0,000404
нём 1,911023 0,000892
летней 2,564949 0,000599
связанные 0,881403 0,000411
разу 2,932674 0,000685
беларуси 2,644992 0,001235
различный 5,129899 0,001197
выходит 2,932674 0,001369
фрг 2,564949 0,007783
обладателями 2,932674 0,000685
риа 1,466337 0,000342
отредактирована 0,986764 0,000230
милан 1,633391 0,000763
удавалось 3,183989 0,000743
серебра 2,932674 0,000685
melayu 1,368699 0,000319
трёх 1,441019 0,000336
creative 0,986764 0,000230
nederlands 1,019025 0,000238
спрингс 5,129899 0,001197
больцано 5,129899 0,001197
раза 1,834062 0,005994
italiano 1,035554 0,000242
год 0,687247 0,001765
чемпионатами 3,743604 0,000874
ничья 2,357310 0,001651
ничью 2,827314 0,000660
հայերեն 1,198073 0,000280
башҡортса 1,518981 0,000355
мая 1,104547 0,001031
залах 3,338139 0,000779
евле 5,129899 0,001197
поэтому 1,392229 0,000975
commons 0,986764 0,000230
победившие 3,520461 0,004109
web 1,279751 0,000299
учётную 0,986764 0,000230
bokmål 1,069456 0,000250
текущие 0,940244 0,000219
основывать 5,129899 0,001197
стране 1,951845 0,000456
текущий 2,357310 0,000550
остались 2,644992 0,000617
овертайм 3,183989 0,002230
страна 1,633391 0,000763
молодёжный 2,564949 0,000599
глинки 5,129899 0,001197
несуществующие 3,743604 0,000874
сразу 1,392229 0,000325
команд 1,178655 0,039894
создать 0,825834 0,000193
страны 1,052361 0,000983
ровно 3,338139 0,000779
asturianu 1,323236 0,000309
победивших 5,129899 0,001197
свяжитесь 0,986764 0,000230
дивизионе 2,564949 0,001796
лига 0,402511 0,000188
проходить 2,644992 0,000617
печать 0,986764 0,000230
дивизиона 2,564949 0,002994
формате 3,338139 0,003117
simple 1,140915 0,000266
истории 0,630089 0,000147
мытищи 4,436752 0,001036
участниками 1,994404 0,000466
фонд 0,940244 0,000219
топ 1,238078 0,002601
обсуждение 0,881403 0,000411
осло 3,050457 0,002136
рамках 1,518981 0,002127
которая 1,052361 0,000246
премия 3,050457 0,000712
group 2,357310 0,000550
организации 0,812411 0,000190
товарный 0,986764 0,000230
историю 1,603538 0,000374
история 0,555188 0,000648
format 3,743604 0,000874
олимпиады 0,925206 0,000216
три 0,786093 0,000183
начиная 1,492313 0,000348
дивизионы 3,520461 0,000822
недостатков 1,633391 0,000381
норвегия 1,834062 0,002997
элементов 2,357310 0,000550
чемпионами 1,664163 0,000388
цюрих 3,743604 0,004369
летних 1,911023 0,000892
печати 0,955511 0,000223
редко 2,490841 0,000581
более 0,853233 0,000797
разнесите 5,129899 0,001197
последняя 2,644992 0,000617
поиск 0,735450 0,000172
чемпион 0,867219 0,000202
условий 0,881403 0,000206
oldid 0,986764 0,000230
низкие 3,183989 0,000743
как 0,232059 0,000163
рекордную 3,743604 0,000874
женева 5,129899 0,002395
фролов 3,743604 0,000874
втором 1,695912 0,000396
составленной 5,129899 0,001197
этого 0,881403 0,000206
своих 1,345709 0,000628
третье 1,603538 0,000749
третьи 3,520461 0,000822
учётом 2,732003 0,005102
авторства 0,986764 0,000230
второе 1,603538 0,000374
чемпионов 0,652562 0,000609
проводились 1,603538 0,001123
второй 0,786093 0,001651
условия 0,411400 0,000192
финал 1,258698 0,000294
австрии 2,421849 0,001696
català 1,086847 0,000254
евразия 3,743604 0,000874
dansk 1,069456 0,000250
новые 0,747872 0,000175
ещё 0,420369 0,000196
копенгаген 4,436752 0,001036
окр 3,183989 0,000743
литва 2,644992 0,000617
просмотры 0,986764 0,000230
петербург 1,633391 0,000763
فارسی 1,104547 0,000258
берлин 3,050457 0,000712
видам 2,038856 0,000476
беларуская 1,069456 0,000250
первой 1,019025 0,000476
чехословакия 2,421849 0,029962
александр 0,925206 0,000216
первом 1,052361 0,000246
а 0,209918 0,000833
в 0,017911 0,000782
оригинала 1,518981 0,000355
олык 2,932674 0,000685
викимедиа 0,986764 0,000230
д 0,895792 0,000209
е 0,867219 0,003441
ж 2,644992 0,001852
чехии 1,911023 0,001338
и 0,023953 0,000319
политика 0,239550 0,000056
й 0,825834 0,000578
к 0,132686 0,000062
м 0,534779 0,004244
льду 2,421849 0,000565
вплоть 1,871802 0,000437
заброшенной 4,436752 0,002071
о 0,042302 0,000030
санкт 1,279751 0,001195
чехословакии 2,932674 0,003423
с 0,036149 0,000633
т 1,368699 0,000319
занявшими 3,743604 0,001748
закрепившейся 5,129899 0,001197
дополнительные 0,986764 0,000691
х 0,986764 0,002303
текущая 2,421849 0,001131
скачать 0,895792 0,000418
норвегии 1,728701 0,000404
победители 1,797694 0,000420
заглавная 0,986764 0,000230
ю 1,834062 0,000428
by 0,971016 0,000227
структура 2,421849 0,001131
регби 0,955511 0,000446
русский 0,839439 0,000196
гандболу 3,338139 0,000779
этап 1,392229 0,002600
cc 0,986764 0,000230
мячом 1,104547 0,000258
время 0,384967 0,000629
единственный 2,296685 0,000536
австрия 2,239527 0,010455
поведения 0,895792 0,000209
алфавиту 1,159607 0,000271
победителя 1,911023 0,000446
высший 2,564949 0,001796
победитель 1,258698 0,000881
причём 1,951845 0,000911
представились 0,986764 0,000230
соответствующим 5,129899 0,001197
партенкирхен 3,520461 0,000822
состоит 1,546380 0,000361
наряду 2,490841 0,000581
пределами 2,239527 0,000523
викиданных 0,986764 0,000230
хернинг 4,436752 0,002071
вторичных 5,129899 0,001197
рус 1,368699 0,000639
проходили 2,085376 0,000974
крефельд 5,129899 0,001197
австралия 2,239527 0,000523
сумме 1,994404 0,000931
олимпийские 0,895792 0,000418
предусматривался 4,436752 0,001036
олимпийским 1,492313 0,000348
олимпийский 0,853233 0,000199
читать 0,586604 0,000137
игр 0,367725 0,001202
наибольшее 2,085376 0,002434
континентах 3,743604 0,000874
разбитые 5,129899 0,001197
англ 1,159607 0,000271
хамар 5,129899 0,001197
софтболу 4,436752 0,001036
всех 0,652562 0,000152
интересные 4,031286 0,000941
этапе 1,633391 0,012201
title 0,986764 0,000230
чехия 1,518981 0,008510
польша 2,185460 0,003061
олимпийских 0,799165 0,001865
продолжительностью 4,031286 0,000941
пожертвовать 0,986764 0,000230
последующей 5,129899 0,001197
играли 1,762603 0,019749
этапа 1,664163 0,014373
поиску 0,971016 0,000227
странам 3,183989 0,002230
берн 5,129899 0,003592
нескольких 1,834062 0,000428
лишь 1,159607 0,000541
крыница 5,129899 0,001197
странах 1,574551 0,000368
япония 1,994404 0,000466
ссылка 0,786093 0,000183
ссылки 0,839439 0,000784
своём 1,871802 0,000437
中文 1,035554 0,000242
помимо 1,911023 0,000446
хоккею 1,603538 0,008235
хоккея 2,239527 0,003659
карта 2,644992 0,000617
виктории 4,031286 0,000941
швейцария 1,603538 0,015347
предмете 5,129899 0,001197
прежние 3,520461 0,000822
хоккейные 3,050457 0,000712
латвия 1,834062 0,003853
хоккейный 2,185460 0,000510
division 5,129899 0,002395
москве 1,518981 0,000355
канадой 3,520461 0,000822
москва 0,760451 0,001065
латвии 3,183989 0,000743
отдельных 0,986764 0,000230
меньшего 4,436752 0,001036
хоккейных 3,050457 0,000712
https 0,699082 0,000163
швейцарии 2,296685 0,002144
ii 2,239527 0,002614
результат 1,416327 0,000331
עברית 1,052361 0,000246
index 0,986764 0,000230
дания 2,085376 0,002434
эта 0,867219 0,000202
iv 2,644992 0,002470
офф 1,019025 0,001189
изначально 2,038856 0,000476
гренобль 3,520461 0,000822
избранные 0,971016 0,000227
матча 1,002764 0,000936
энциклопедический 3,050457 0,000712
матче 0,747872 0,000698
ежегодное 3,520461 0,000822
бронзы 3,183989 0,000743
гретцки 3,050457 0,000712
составленная 4,031286 0,001882
стать 1,441019 0,000336
tournament 3,183989 0,000743
был 0,663991 0,000620
world 1,416327 0,000661
запретила 3,743604 0,000874
моменты 2,357310 0,000550
массовые 3,520461 0,000822
код 0,986764 0,003685
два 0,760451 0,000355
этих 1,301257 0,000911
две 1,019025 0,000476
кол 4,031286 0,000941
кёрлингу 4,031286 0,000941
url 0,986764 0,000230
сыгравших 3,050457 0,007833
сентября 1,069456 0,000250
новости 0,301585 0,000070
войти 0,735450 0,000172
или 0,576022 0,000538
финляндия 1,492313 0,013585
турниров 1,664163 0,000777
қазақша 1,178655 0,000275
антверпен 3,743604 0,000874
реализовала 5,129899 0,001197
www 1,392229 0,000325
основного 2,185460 0,000510
использования 0,393700 0,000092
югославия 2,421849 0,002261
германия 1,140915 0,006125
смешанные 2,644992 0,001235
медалей 1,238078 0,001156
кёльн 4,031286 0,003764
бельгия 2,296685 0,001608
играть 1,368699 0,000319
инструменты 0,986764 0,000461
первые 0,971016 0,000453
финляндии 2,421849 0,001131
разного 3,183989 0,000743
обращения 0,925206 0,001296
минск 1,834062 0,000428
первый 0,687247 0,001123
игры 0,376309 0,000176
вэлли 3,743604 0,000874
игровым 3,743604 0,000874
одинаковый 4,031286 0,000941
ошибке 0,955511 0,000223
февраля 0,232059 0,000054
славы 2,085376 0,000487
игру 1,466337 0,000685
минут 1,258698 0,000881
австрийской 4,436752 0,001036
события 0,663991 0,000155
обновляла 5,129899 0,001197
германии 1,323236 0,000927
четырём 4,031286 0,000941
игре 1,198073 0,000280
словакия 1,834062 0,005137
дополнительное 2,239527 0,001046
неупорядоченный 5,129899 0,001197
эгидой 1,797694 0,000420
пробиваются 4,031286 0,000941
высшем 2,732003 0,001913
соревнования 0,663991 0,000775
deutsch 1,052361 0,000246
марта 0,881403 0,000206
скво 3,183989 0,000743
регбилиг 3,743604 0,000874
финском 4,031286 0,000941
перешедшие 4,436752 0,001036
титул 1,603538 0,000374
швейцарских 4,436752 0,001036
чемпионатом 2,732003 0,001275
показали 2,296685 0,000536
чемпионатов 1,416327 0,001322
катовице 5,129899 0,001197
материал 0,825834 0,000193
самым 1,392229 0,000325
соревнование 1,664163 0,000388
турниром 3,183989 0,000743
одному 2,296685 0,000536
отменён 3,183989 0,002973
соревнований 0,881403 0,000617
результатов 1,951845 0,002278
зимних 1,633391 0,001906
канадцы 3,743604 0,000874
победой 2,038856 0,000952
лейк 2,357310 0,000550
румынии 3,050457 0,000712
списками 4,031286 0,001882
вызова 2,932674 0,000685
кубком 2,490841 0,000581
навигация 0,986764 0,000461
страница 0,940244 0,000439
лицензии 0,986764 0,000230
водному 3,743604 0,000874
странице 0,971016 0,000227
проверки 2,239527 0,000523
запись 0,955511 0,000223
навигации 0,986764 0,000230
qr 0,986764 0,000230
сборная 0,711058 0,002822
квалификация 2,732003 0,001913
проигравший 3,338139 0,001558
страницу 0,971016 0,000227
федерацией 2,185460 0,000510
проигравшие 3,743604 0,002622
счётом 1,834062 0,000428
страницы 0,971016 0,000680
вообще 1,911023 0,000446
женский 1,441019 0,000336
hrvatski 1,052361 0,000246
россии 0,160085 0,000112
ru 0,285712 0,000067
действовать 0,955511 0,000223
ганновер 5,129899 0,001197
кубок 0,524729 0,001102
во 0,495170 0,000231
третий 1,416327 0,000992
sa 0,986764 0,000230
уже 0,687247 0,000321
дата 0,881403 0,001234
общая 2,296685 0,001608
вы 0,325878 0,000076
разнообразных 3,338139 0,002338
проверялась 2,490841 0,000581
своё 1,664163 0,000388
неупорядоченными 5,129899 0,002395
манхайм 5,129899 0,001197
пары 2,296685 0,002681
español 1,019025 0,000238
иихф 3,743604 0,006117
турниры 0,895792 0,000209
россия 0,699082 0,003753
го 1,279751 0,010157
энциклопедии 0,986764 0,000230
делились 5,129899 0,003592
унаследовала 5,129899 0,003592
bosanski 1,345709 0,000314
свой 1,217876 0,000569
associated 0,986764 0,000230
января 0,825834 0,001542
български 1,086847 0,000254
персональные 0,971016 0,000227
плей 1,002764 0,001170
казахстан 1,301257 0,000607
шайбой 1,122566 0,005503
удостаивалась 5,129899 0,001197
сайт 0,773190 0,000180
до 0,239550 0,000615
турнира 0,839439 0,001764
ice 3,183989 0,001486
третьей 2,296685 0,000536
турнире 1,198073 0,000280
зарегистрированный 0,986764 0,000230
предпочтительно 5,129899 0,001197
базель 3,743604 0,002622
другой 1,492313 0,000348
буллит 3,520461 0,000822
сюда 0,986764 0,000230
участвуют 2,038856 0,000476
другом 2,564949 0,006586
двух 1,002764 0,000936
цитировать 0,986764 0,000230
бросков 2,644992 0,000617
проведения 1,258698 0,001469
norsk 1,052361 0,000246
лондон 2,490841 0,001163
азии 2,085376 0,000487
трижды 2,827314 0,000660
число 1,392229 0,000325
для 0,146292 0,000171
принимают 2,085376 0,000974
вид 1,104547 0,000258
выбила 4,031286 0,002823
кошице 5,129899 0,003592
polski 1,035554 0,000242
что 0,239550 0,000056
медали 0,971016 0,000907
править 0,986764 0,007371
за 0,125952 0,000706
призёры 2,564949 0,001197
рейтинг 0,565551 0,000132
нерегулярные 4,436752 0,001036
сёдертелье 5,129899 0,001197
было 0,438551 0,000102
org 0,986764 0,000230
составляет 2,085376 0,000487
родоначальником 4,031286 0,000941
подробнее 0,723179 0,000169
несмотря 1,762603 0,000411
упразднённые 3,183989 0,000743
ампеццо 2,490841 0,000581
венгрия 2,564949 0,001197
великобритания 2,185460 0,005612
дивизион 2,185460 0,023467
была 0,652562 0,000305
отличаться 2,357310 0,000550
из 0,106018 0,002821
победителей 2,085376 0,000487
играют 1,728701 0,002825
выходившие 4,031286 0,000941
буллитам 2,732003 0,001275
члены 2,421849 0,000565
скрытые 1,122566 0,000262
участвовавшие 4,436752 0,002071
суперкубок 2,296685 0,000536
српски 1,035554 0,000242
источниках 3,338139 0,000779
регламент 2,296685 0,000536
членство 3,520461 0,002465
хоккей 0,376309 0,000351
группах 2,932674 0,049289
хоккее 2,038856 0,000476
великобритании 2,134166 0,000996
держав 4,436752 0,001036
исключением 1,994404 0,000466
розыгрышах 2,932674 0,000685
словения 2,490841 0,001163
серию 1,466337 0,000685
иерархия 5,129899 0,004790
домашнем 2,732003 0,000638
стокгольм 3,520461 0,009861
srpski 1,035554 0,000242
первенстве 1,994404 0,000466
четвёртый 2,490841 0,000581
нюрнберг 4,436752 0,001036
является 1,086847 0,000507
городов 2,932674 0,002054
считались 4,031286 0,000941
октября 1,086847 0,000507
iii 2,490841 0,003489
завоевать 2,644992 0,000617
континентальный 3,183989 0,000743
учёта 2,732003 0,000638
foundation 0,986764 0,000230
который 0,799165 0,000187
победителями 2,357310 0,000550
например 1,603538 0,000374
следующий 1,574551 0,000735
которых 1,052361 0,000246
türkçe 1,052361 0,000246
hockey 3,183989 0,001486
нетболу 4,436752 0,001036
америка 1,797694 0,000420
한국어 1,035554 0,000242
острава 4,436752 0,003107
ми 2,932674 0,000685
изменён 2,732003 0,000638
стран 1,546380 0,001444
собой 1,279751 0,000597
место 0,597299 0,002231
побед 1,301257 0,000607
свежие 0,910391 0,000213
сборной 0,825834 0,000193
участие 0,597299 0,000697
безрезультативного 5,129899 0,001197
на 0,023953 0,000492
канацеи 5,129899 0,001197
смогла 2,185460 0,000510
хокке 4,436752 0,001036
не 0,099461 0,000371
государств 2,827314 0,000660
смогли 2,239527 0,000523
но 0,402511 0,000188
столице 2,827314 0,001980
раздел 2,296685 0,000536
столица 4,031286 0,000941
количество 1,217876 0,002274
magyar 1,086847 0,000254
нами 0,853233 0,000199
места 1,198073 0,024610
завоевала 1,695912 0,001583
международная 1,301257 0,000304
об 0,217244 0,000051
столицы 3,520461 0,000822
некоммерческой 0,986764 0,000230
продолжительность 2,490841 0,000581
считался 3,338139 0,000779
формат 2,185460 0,002041
нет 0,825834 0,000193
годы 1,258698 0,001175
исхода 4,031286 0,000941
завоевали 2,038856 0,000952
справка 0,986764 0,000230
мужчины 1,019025 0,004995
северная 2,357310 0,000550
году 0,630089 0,001618
категории 0,986764 0,000691
от 0,160085 0,000075
форум 0,881403 0,000206
статистика 0,652562 0,000609
официальный 1,104547 0,000258
панамериканский 3,743604 0,000874
становились 2,239527 0,000523
всю 1,994404 0,000466
достоинства 4,031286 0,000941
годах 1,492313 0,000697
все 0,125952 0,000088
википедия 0,986764 0,001152
статистику 4,031286 0,000941
клотен 5,129899 0,001197
городе 1,994404 0,000466
значительно 1,911023 0,000446
проиграли 2,421849 0,000565
года 0,239550 0,001622
по 0,073653 0,002562
inc 0,986764 0,000230
футзалу 3,338139 0,000779
сведения 0,812411 0,000190
português 1,035554 0,000242
информацию 2,134166 0,000498
ра 3,520461 0,000822
сообщество 0,986764 0,000230
википедии 0,986764 0,000461
единственной 2,421849 0,000565
источник 0,853233 0,000199
