斜械谢芯褉褍褋泻邪屑懈 5,129899 0,008507
褉褍 1,994404 0,003307
芯褌褋褌褉邪薪懈谢 3,520461 0,005838
谢械薪褌邪 1,633391 0,008126
谢懈褌胁褘 3,743604 0,006208
谐谢邪胁褘 2,644992 0,004386
薪芯胁褘泄 0,940244 0,001559
褉锌谢 1,140915 0,003784
薪芯胁褘械 0,747872 0,002481
卸邪谢芯斜褘 2,932674 0,004863
械褖械 0,955511 0,001585
褋锌芯褉褌 0,224624 0,011920
泻褍锌懈谢 3,183989 0,010560
褝褌芯屑 0,565551 0,000938
锌芯谢褍褔懈谢懈 1,664163 0,002760
芯褌胁械褌懈谢懈 3,050457 0,005059
邪锌谢 1,871802 0,003104
褋芯 0,447767 0,001485
写芯斜褉芯 3,338139 0,005536
胁褉邪褌邪褉褟 1,834062 0,003042
薪邪褋褉褍 5,129899 0,008507
蟹邪褏芯褌械谢 3,743604 0,006208
卸屑懈 3,743604 0,006208
褋斜芯褉薪邪褟 0,711058 0,001179
胁褉邪褌邪褉褜 1,728701 0,002867
蟹邪褟胁谢械薪懈械 0,867219 0,001438
锌芯谢褜褕懈 2,732003 0,004531
褕胁械褑懈褟 1,345709 0,002232
褌邪泄屑 2,085376 0,003458
写芯斜褉邪 3,743604 0,012417
锌褉械泻褉邪褌懈谢 3,743604 0,006208
蟹薪邪械褌械 2,185460 0,003624
胁褘褋泻邪蟹邪谢褋褟 1,797694 0,002981
胁 0,017911 0,000475
薪邪褋褉械 5,129899 0,008507
谢械薪褌褍 3,520461 0,005838
谐胁邪褉写懈芯谢邪 5,129899 0,008507
谢械写褟薪芯泄 3,338139 0,005536
锌芯褟胁懈谢懈褋褜 1,664163 0,002760
褉械泻谢邪屑邪 0,735450 0,002439
褋褌邪谢邪 0,881403 0,001462
懈 0,023953 0,000238
懈薪褌械褉 1,633391 0,002709
泄 0,825834 0,008217
褍泻褉邪懈薪褑邪 4,031286 0,006685
屑 0,534779 0,005321
褋褌邪谢懈 0,971016 0,001610
芯 0,042302 0,000631
褍械褎邪 1,466337 0,002432
褎懈薪邪谢邪 1,104547 0,007327
泻褏谢 0,760451 0,002522
褉芯褋褋懈懈 0,160085 0,001593
褋 0,036149 0,000300
ru 0,285712 0,001421
褍 0,342407 0,001704
邪褉褕邪胁懈薪 4,031286 0,006685
蟹邪写械褉卸邪谢懈 3,050457 0,005059
褎懈褌薪械褋 1,574551 0,002611
芯斜懈褌邪薪懈褟 3,743604 0,006208
ctrl 3,520461 0,005838
褑械薪薪芯褋褌懈 3,183989 0,005280
褋写械谢邪谢 1,695912 0,002812
懈蟹胁械褋褌薪褘 2,932674 0,004863
胁泻 3,520461 0,005838
邪胁褌芯 0,925206 0,001534
薪芯褉胁械谐懈懈 1,728701 0,002867
泻邪褉锌懈薪褍 4,436752 0,007358
蟹邪褉锌谢邪褌邪 4,031286 0,006685
薪邪蟹胁邪谢 1,323236 0,002194
cookies 3,183989 0,005280
懈蟹胁械褋褌薪芯 1,871802 0,003104
褋谢褍褏懈 2,564949 0,004254
屑懈褉 1,546380 0,005129
胁械褉薪褍褌褜褋褟 1,911023 0,003169
胁锌械褉胁褘械 0,839439 0,001392
褋邪泄褌械 1,217876 0,002020
蟹邪锌邪写械 2,827314 0,004689
褔械屑锌懈芯薪邪褌 0,277868 0,000922
胁褘 0,325878 0,001081
屑械褋褋懈 2,239527 0,003714
薪邪卸屑懈褌械 3,520461 0,005838
懈褋褋谢械写芯胁邪薪懈褟 2,732003 0,004531
写褉邪泻懈 2,732003 0,004531
褌械锌械褉褜 0,971016 0,001610
褉褍褋褋泻懈泄 0,839439 0,001392
谢邪胁褉芯胁 2,932674 0,004863
褉芯褋褋懈泄褋泻懈泄 1,086847 0,003605
屑懈谐褉邪薪褌邪屑懈 5,129899 0,008507
锌邪褋锌芯褉褌 4,436752 0,007358
泻懈褌邪泄褋泻懈泄 3,050457 0,005059
懈蟹褉邪懈谢械 3,338139 0,005536
写械谢械 2,421849 0,004016
褌褉邪泻褌芯褉 2,134166 0,003539
褌褍褉薪懈褉褘 0,895792 0,001486
斜褘胁褕懈泄 1,762603 0,005846
泻芯屑邪薪写芯泄 1,664163 0,002760
褍械褏邪褌褜 4,436752 0,007358
邪褎褉懈泻邪薪褋泻邪褟 3,743604 0,006208
褉芯褋褋懈褟 0,699082 0,001159
懈薪褌械褉薪械褌 1,695912 0,002812
褟写械褉薪芯谐芯 3,743604 0,006208
邪褌谢械褌懈泻芯 1,911023 0,003169
褉芯褋褋懈褞 1,951845 0,003237
褋褌褉邪薪薪芯 3,338139 0,005536
芯芯芯 1,871802 0,006208
写械邪泻褌懈胁懈褉芯胁邪薪邪 3,743604 0,006208
锌褍褌械褕械褋褌胁懈褟 3,183989 0,005280
褋邪褍写芯胁褋泻芯泄 3,338139 0,005536
泻邪锌懈褌邪薪邪 2,932674 0,004863
谐芯褌芯胁懈褌褜 3,338139 0,005536
褌褉械斜芯胁邪薪懈懈 4,436752 0,007358
褉械蟹泻芯 2,564949 0,004254
褋褌褉褍泻褌褍褉褘 2,644992 0,004386
褋斜芯褉薪褍褞 1,633391 0,002709
芯褉褍卸懈褟 2,827314 0,004689
写褉械胁薪褞褞 3,743604 0,006208
褏芯褔械褕褜 3,520461 0,005838
械胁褉芯锌械 1,492313 0,002475
写芯锌褍褋褌懈谢邪 2,827314 0,004689
薪邪褕谢懈 1,994404 0,003307
锌褋卸 1,518981 0,005038
锌芯谢械 1,217876 0,002020
褋邪泄褌 0,773190 0,001282
芯斜褘褔薪褍褞 3,743604 0,006208
褍泻褉邪懈薪械 2,490841 0,004131
斜芯泄泻芯褌 3,338139 0,005536
胁懈写褘谢械褌薪懈械 3,743604 0,006208
legal 3,743604 0,006208
褌邪泻械褉邪 3,520461 0,005838
褔邪褋邪 1,911023 0,003169
褍薪懈褔褌芯卸械薪懈械 3,743604 0,006208
泻邪褉邪斜邪褏 2,038856 0,003381
褍胁芯谢懈谢 3,743604 0,006208
锌芯泻邪蟹邪褌褜 0,825834 0,001370
褉褍褋褋泻懈褏 3,050457 0,005059
谐邪谢械褉械懈 3,520461 0,005838
锌芯褉邪卸械薪懈褟 1,834062 0,003042
芯谢懈屑锌懈泄褋泻懈械 0,895792 0,005942
懈薪芯褋褌褉邪薪薪芯泄 4,436752 0,007358
械泄 1,834062 0,003042
褞谢邪械胁 2,185460 0,003624
erid 2,239527 0,003714
懈褌芯谐懈 1,834062 0,003042
芯褌褉械邪谐懈褉芯胁邪谢 2,644992 0,004386
屑邪薪褔械褋褌械褉 2,134166 0,007078
褋械斜褟 0,940244 0,003119
锌械褉懈芯写 1,159607 0,001923
锌芯写褉芯斜薪芯褋褌懈 2,421849 0,004016
泻谢褍斜 0,940244 0,004678
vk 1,441019 0,004780
褉邪蟹屑械褖械薪懈械 3,050457 0,005059
锌褉芯锌褍褋褌懈谢 2,185460 0,003624
锌褉芯泻芯屑屑械薪褌懈褉芯胁邪谢懈 4,031286 0,006685
薪械懈蟹谢械褔懈屑褍褞 3,743604 0,006208
芯褌泻邪蟹 0,910391 0,001510
芯斜褗褟胁懈谢邪 2,564949 0,004254
褋褌芯褉芯薪褘 1,546380 0,002564
锌械褖械褉褘 3,743604 0,006208
褉邪褋泻褉褘谢懈 3,520461 0,005838
锌芯褋谢邪 3,520461 0,005838
褋械斜械 1,546380 0,002564
卸械薪芯泄 4,436752 0,007358
锌芯锌邪褋褌褜 2,185460 0,003624
褉械写邪泻褑懈褟褉械泻谢邪屑邪泻芯薪褌邪泻褌褘锌褉械褋褋 3,743604 0,006208
屑邪褋褋芯胁芯泄 2,932674 0,004863
芯斜褗褟褋薪懈谢 1,797694 0,002981
屑邪褌械褉懈邪谢褘 1,762603 0,002923
胁懈写械芯 0,699082 0,003478
褔械褏懈褟 1,518981 0,002519
薪邪褋褉邪 4,436752 0,007358
锌芯褋谢械 0,317714 0,000527
褉械谢懈蟹褘褌械褏锌芯写写械褉卸泻邪褋锌械褑锌褉芯械泻褌褘胁邪泻邪薪褋懈懈rss锌褉邪胁芯胁邪褟 3,743604 0,006208
褉芯褋褋懈泄褋泻芯谐芯 1,603538 0,002659
懈谐褉邪胁褕懈泄 3,743604 0,006208
薪邪褔邪胁褕械泄褋褟 4,436752 0,007358
褔褌芯 0,239550 0,000397
泻褉邪褋薪芯写邪褉 0,925206 0,001534
褔屑 1,492313 0,002475
芯褎芯褉屑懈谢 2,490841 0,004131
褌芯胁邪褉懈褖械褋泻芯屑 3,338139 0,005536
褎褍褌斜芯谢懈褋褌 1,951845 0,012948
写薪邪 3,338139 0,005536
蟹邪胁械褉褕褢薪 2,932674 0,038908
蟹邪 0,125952 0,001253
褋褌邪褌褜懈 0,524729 0,000870
泻邪薪邪写邪 1,301257 0,002158
live 1,518981 0,005038
泻芯谢芯薪懈蟹邪褑懈褞 5,129899 0,008507
褌芯褌褌械薪褏褝屑 3,050457 0,005059
褞薪邪泄褌械写 2,185460 0,007249
褉芯褋褋懈械泄 2,296685 0,003809
薪邪褑懈泄 1,797694 0,002981
斜褘谢芯 0,438551 0,000727
锌芯褋谢械写薪懈械 1,178655 0,001955
泻邪褉锌邪褌褘 3,338139 0,005536
泻褍谢褜褌褍褉邪 2,732003 0,004531
褍斜褘褌泻懈 5,129899 0,008507
xa 3,743604 0,006208
谢芯泻芯屑芯褌懈胁邪 2,185460 0,003624
蟹邪谐褉褍蟹泻邪 3,338139 0,005536
褋懈谢芯胁褘械 3,050457 0,005059
邪褉褏懈胁 1,258698 0,002087
胁懈写褘褏芯泻泻械泄邪胁褌芯褋锌芯褉褌蟹芯卸 3,743604 0,006208
褍写邪谢械薪懈械 2,421849 0,004016
斜褉懈褌邪薪懈懈 4,436752 0,007358
懈蟹屑械薪械薪懈褟 1,728701 0,002867
褉械锌邪褉邪褑懈泄 4,436752 0,007358
懈薪褎械泻褑懈褞 3,743604 0,006208
褋褕邪 0,586604 0,002918
懈蟹 0,106018 0,000703
褋褉械写邪 3,183989 0,005280
屑械褔褌械 4,031286 0,006685
褉芯薪邪谢写褍 1,911023 0,015846
褕胁械泄褑邪褉懈褟 1,603538 0,002659
屑芯卸械褌 0,630089 0,001045
懈谐褉芯泻芯屑 1,762603 0,002923
卸械褉械斜褜械胁泻懈 4,436752 0,007358
褍泄褌懈 2,827314 0,004689
锌芯芯斜械褖邪谢懈 3,743604 0,012417
锌芯谢褍褔懈褌褜 0,747872 0,001240
褝泻褋泻谢褞蟹懈胁褘 2,732003 0,004531
褟蟹褘泻 1,258698 0,002087
屑芯薪邪泻芯 1,994404 0,003307
terms 3,743604 0,006208
锌芯写褉褟写 1,258698 0,002087
褌褉邪薪褋褎械褉 2,827314 0,009377
褋锌邪褉褌邪泻 0,786093 0,001304
蟹邪斜邪褋褌芯胁泻褍 5,129899 0,008507
enter 3,338139 0,005536
褎邪泻褌芯褉 3,183989 0,005280
褏褍写褕懈屑 3,338139 0,005536
谢械褌薪械泄 2,564949 0,004254
锌褉懈薪懈屑邪械褌械 3,743604 0,006208
锌褉懈蟹褘胁 4,436752 0,007358
锌褉芯写芯谢卸邪褟 2,732003 0,004531
蟹械谢械薪褋泻芯屑褍 3,743604 0,006208
斜邪泄械褉 1,994404 0,003307
谢褍褔褕懈屑 1,951845 0,003237
褌械褏薪懈褔械褋泻懈械 2,421849 0,004016
褑褋泻邪 0,711058 0,003538
褝褋褌芯薪懈褞 4,436752 0,007358
屑邪褌褔懈 0,773190 0,005129
褝褋褌芯薪懈褟 2,490841 0,004131
褋褌褘泻芯胁褘械 2,732003 0,018123
屑邪褌褔械 0,747872 0,002481
卸懈蟹薪懈 1,122566 0,003723
蟹邪斜芯褌邪 3,520461 0,005838
邪褉屑懈褞 3,183989 0,005280
屑邪褌褔 0,411400 0,009552
锌芯卸邪谢芯胁邪褌褜 3,338139 0,005536
锌褉械写谢芯卸懈谢懈 3,520461 0,005838
写械褌邪谢褜 3,520461 0,005838
屑屑邪蟹懈屑薪懈械 3,743604 0,006208
泻谢褍斜械 1,951845 0,003237
泻谢褍斜邪 1,178655 0,001955
薪褜褞泻邪褋谢 2,085376 0,003458
邪屑械褉懈泻褍 3,743604 0,006208
芯谢懈屑锌懈邪泻芯褋 2,085376 0,003458
褝褋褌芯薪懈懈 3,743604 0,006208
写懈薪邪屑芯 0,663991 0,001101
ranyndt 3,743604 0,006208
锌褉芯胁械褋褌懈 1,951845 0,003237
芯斜褗褟胁懈谢 2,185460 0,003624
褝褌芯 0,277868 0,000461
写械褉蟹泻芯械 3,743604 0,006208
锌芯泻芯谢械薪懈褟 3,050457 0,005059
褉邪褋泻褉褘褌 3,338139 0,005536
褋械蟹芯薪邪 1,052361 0,001745
褋芯胁谢邪写械谢械褑 4,031286 0,006685
lenta 2,239527 0,003714
芯褌屑械薪懈谢懈 3,743604 0,006208
谐芯谢芯胁懈薪邪 2,134166 0,003539
锌褉芯锌褍褋褌懈褌褜 3,520461 0,005838
薪芯胁褍褞 1,664163 0,002760
褋屑懈 1,546380 0,002564
芯锌械褔邪褌泻褍 3,520461 0,005838
械谐芯 0,447767 0,000743
褌褉械薪械褉 0,895792 0,001486
褋懈褌懈 1,546380 0,002564
褌芯谢褜泻芯 0,447767 0,000743
褉邪蟹薪懈褑械 3,338139 0,005536
褕械胁褔械薪泻芯 3,338139 0,005536
薪芯胁芯褋褌懈 0,301585 0,002501
谢懈谐懈 0,895792 0,004457
胁芯泄褌懈 0,735450 0,002439
谐谢懈屑褌 2,038856 0,003381
屑薪 2,490841 0,004131
褏芯褉芯褕懈械 2,732003 0,004531
斜褉邪谢 3,183989 0,005280
vkvideo 3,743604 0,012417
懈褋锌芯谢褜蟹褍褞褌褋褟 1,994404 0,003307
锌械褉械褕械谢 2,490841 0,004131
褎懈薪谢褟薪写懈褟 1,492313 0,002475
谢懈谐邪 0,402511 0,002670
褉邪褋褋泻邪蟹邪谢 1,238078 0,006160
薪邪褔邪谢懈 1,546380 0,002564
写芯谢懈薪芯泄 3,338139 0,005536
褎芯薪斜械褌 1,466337 0,004863
褋斜芯褉薪芯泄 0,825834 0,002739
懈褋褌芯褉懈懈 0,630089 0,002090
褍谢褍褔褕械薪懈褟 3,183989 0,005280
谢褜胁芯胁褋泻懈泄 4,436752 0,007358
屑懈褉邪 0,367725 0,000610
械写懈薪芯械 3,743604 0,006208
械胁褉芯锌械泄褑械胁 3,338139 0,005536
褝泻芯薪芯屑懈泻邪 2,421849 0,004016
薪邪 0,023953 0,000318
芯褌胁械褌懈谢 2,185460 0,003624
褌褉械薪械褉邪 1,546380 0,002564
懈褋锌芯谢褜蟹芯胁邪褌褜 1,603538 0,002659
胁谢邪褋褌懈 2,644992 0,004386
褋芯谐谢邪褕械薪懈械 1,834062 0,003042
斜褉褞谐谐械 1,951845 0,003237
谐械褉屑邪薪懈褟 1,140915 0,001892
懈蟹胁械褋褌薪邪 2,732003 0,004531
薪械芯褔械胁懈写薪褘泄 3,743604 0,006208
褎褍褌斜芯谢邪 1,762603 0,002923
泻邪褉谢褋芯薪邪 3,520461 0,005838
懈谐褉邪褌褜 1,368699 0,002270
褋锌械褑锌褉芯械泻褌褘 2,421849 0,004016
薪芯褉胁械卸褋泻懈泄 3,183989 0,005280
锌芯写褋褔懈褌邪薪褘 5,129899 0,008507
邪谢褜 2,644992 0,013159
芯斜 0,217244 0,000360
邪褉邪胁懈懈 3,338139 0,005536
斜芯泄泻芯褌邪 4,436752 0,007358
斜褍写褢 2,827314 0,004689
锌械褉械谐芯胁芯褉芯胁 2,732003 0,004531
锌邪屑褟褌懈 2,564949 0,004254
锌芯写薪褟谢懈 3,338139 0,005536
懈谐褉褘 0,376309 0,003744
褉械邪谢褜薪褘泄 2,932674 0,004863
芯薪 0,534779 0,000887
褋褋褋褉 0,940244 0,001559
褌械褏薪懈泻邪 2,134166 0,003539
褎械胁褉邪谢褟 0,232059 0,011545
卸械谢邪薪懈械 3,338139 0,005536
褋邪褎芯薪芯胁邪 3,050457 0,005059
芯褌 0,160085 0,000796
谐谢邪胁薪芯谐芯 1,728701 0,002867
褌褉邪屑锌邪 3,520461 0,005838
薪邪褕械谢 4,436752 0,007358
褋谢芯胁邪泻懈褟 1,834062 0,003042
胁褋械芯谢懈屑锌懈邪写邪褋褌邪胁泻懈褎褍褌斜芯谢斜芯泻褋 3,743604 0,006208
胁芯蟹褉邪褋褌械 2,357310 0,003909
褎褍褌斜芯谢懈褋褌邪 2,421849 0,008033
泻邪锌懈褌邪薪 1,871802 0,003104
胁械褉薪褍褌褜 2,185460 0,003624
卸械薪械胁械 3,183989 0,005280
锌芯卸邪谢芯胁邪谢褋褟 5,129899 0,008507
胁褋械 0,125952 0,000418
谐谢邪胁薪芯械 1,574551 0,002611
ok 3,743604 0,006208
斜芯褟蟹薪懈 4,436752 0,007358
锌芯 0,073653 0,000122
褎懈褎邪 1,728701 0,002867
褋邪谢邪胁邪褌 2,134166 0,003539
薪芯胁芯谐芯 1,574551 0,002611
谐写械 0,675551 0,001120
懈薪褌械褉胁褜褞 0,971016 0,001610
屑褍写褉懈泻邪 5,129899 0,008507
屑懈薪懈 2,185460 0,003624
褎褍褌斜芯谢懈褋褌泻懈 5,129899 0,008507
褎褍褌斜芯谢褜薪芯泄 2,564949 0,004254
泻褉邪褋薪芯写邪褉邪 2,490841 0,004131
胁懈写械褌褜 2,932674 0,004863
懈薪褎芯褉屑邪褑懈褟屑懈薪懈 3,743604 0,006208
锌褉懈蟹薪邪薪 2,421849 0,004016
薪邪褍泻邪 3,050457 0,005059
褔邪谢芯胁 4,031286 0,006685
褔械屑锌懈芯薪芯胁 0,652562 0,005411
胁褌芯褉芯泄 0,786093 0,002607
褍褋谢芯胁懈褟 0,411400 0,000682
