париж 2,357310 0,006483
шпиндлерув 5,129899 0,011287
буркина 3,520461 0,003873
экспорт 0,986764 0,000543
lccn 1,492313 0,000821
вуз 5,129899 0,002822
vii 3,183989 0,005254
ไทย 1,238078 0,000681
см 0,955511 0,002102
tatarça 1,392229 0,000766
раскол 3,520461 0,001936
日本語 1,035554 0,000570
со 0,447767 0,000246
маршалловы 4,436752 0,002440
белград 4,031286 0,004435
декабря 0,881403 0,001454
воду 1,492313 0,000821
slovenščina 1,345709 0,000740
под 0,723179 0,000796
парусный 1,574551 0,000866
заявление 0,867219 0,000477
создана 1,834062 0,001009
мали 2,644992 0,001455
македония 2,732003 0,003006
содержание 0,971016 0,001068
фото 0,799165 0,000440
eesti 1,069456 0,000588
лет 0,475938 0,000262
čeština 1,035554 0,000570
викисклад 1,035554 0,001139
бермуды 4,436752 0,002440
беллуно 5,129899 0,005643
ата 4,031286 0,004435
эрзурум 5,129899 0,005643
каноэ 1,633391 0,000898
конфиденциальности 0,317714 0,000175
багамские 4,031286 0,004435
индия 3,183989 0,003503
универсиады 2,732003 0,012022
slovenčina 1,069456 0,000588
wikipedia 0,986764 0,001086
gnd 1,392229 0,000766
болгария 2,421849 0,007993
afrikaans 1,441019 0,000793
отредактировать 2,038856 0,001121
никарагуа 3,743604 0,002059
плесо 5,129899 0,011287
люцерн 5,129899 0,005643
македонски 1,258698 0,000692
i 1,762603 0,001939
universiade 5,129899 0,005643
моложе 3,743604 0,002059
сицилия 5,129899 0,005643
тарвизио 5,129899 0,005643
n 2,421849 0,001332
ушу 1,728701 0,000951
коморы 4,031286 0,002217
прошлых 3,743604 0,002059
викиновости 1,238078 0,000681
республика 2,564949 0,011287
v 1,951845 0,002147
w 0,955511 0,000526
x 1,279751 0,002112
отменена 3,520461 0,003873
территории 1,633391 0,000898
колумбия 3,183989 0,003503
джибути 4,031286 0,002217
также 0,663991 0,000730
литовская 2,085376 0,001147
العربية 1,069456 0,000588
универсиада 4,031286 0,035479
украина 1,871802 0,002059
италия 0,867219 0,008109
блока 3,183989 0,001751
библиографических 1,323236 0,000728
разработчики 0,986764 0,000543
переименовать 3,743604 0,004118
траве 1,466337 0,000807
норвежская 1,603538 0,000882
риме 2,644992 0,001455
украину 3,183989 0,001751
эфиопия 3,338139 0,003672
аруба 4,031286 0,002217
студентом 5,129899 0,002822
бангкок 4,031286 0,004435
правки 0,986764 0,001086
студентов 2,732003 0,010519
саппоро 3,520461 0,003873
спорта 0,342407 0,002260
слов 2,421849 0,001332
муджу 5,129899 0,005643
системе 0,867219 0,000477
каталогах 1,323236 0,000728
проектах 0,986764 0,000543
могут 0,760451 0,000418
шамони 3,183989 0,005254
отказ 0,910391 0,000501
корея 2,085376 0,006882
сохранением 0,986764 0,000543
дзюдо 1,466337 0,000807
конфедерация 3,338139 0,003672
рико 3,338139 0,003672
прошла 1,994404 0,002194
синхронное 1,664163 0,000915
цар 4,031286 0,002217
прошло 2,644992 0,001455
прошли 1,762603 0,000970
рика 3,338139 0,001836
удаляйте 3,520461 0,001936
гонки 1,002764 0,000552
ливан 3,338139 0,001836
переименования 3,338139 0,001836
итогов 2,827314 0,001555
переименованию 3,743604 0,004118
принимала 3,183989 0,001751
гвинея 3,520461 0,003873
авторитетные 2,038856 0,001121
заведения 4,436752 0,002440
участвовали 2,421849 0,001332
монголия 3,743604 0,004118
последний 0,773190 0,000425
намибия 3,520461 0,003873
провинция 4,436752 0,002440
последние 1,178655 0,000648
пекин 2,732003 0,003006
конфедерации 3,520461 0,001936
часто 1,574551 0,000866
вена 4,031286 0,002217
принимало 3,520461 0,001936
кндр 3,050457 0,003356
pdf 0,940244 0,000517
сша 0,586604 0,002259
описание 0,986764 0,000543
спортивное 2,134166 0,001174
варшава 4,436752 0,002440
китайская 1,258698 0,000692
табаго 5,129899 0,002822
bahasa 1,086847 0,001196
камерун 3,520461 0,003873
самбо 1,994404 0,001097
через 0,971016 0,001068
океания 2,490841 0,001370
российской 1,178655 0,000648
габон 3,520461 0,001936
lietuvių 1,140915 0,000628
нигерия 3,050457 0,003356
стрельба 1,492313 0,001642
бразилия 2,296685 0,003790
словари 1,217876 0,000670
xvi 2,490841 0,002740
ланка 4,031286 0,002217
worldcat 2,490841 0,001370
вклад 0,971016 0,000534
indonesia 1,086847 0,000598
ивуар 3,338139 0,003672
текст 0,986764 0,000543
бурунди 4,031286 0,002217
lâm 1,762603 0,000970
архивная 1,633391 0,000898
esperanto 1,198073 0,000659
узбекистан 2,932674 0,003226
перейти 0,867219 0,000954
xxxiii 3,520461 0,001936
скелетон 1,258698 0,000692
томе 4,031286 0,002217
українська 1,035554 0,000570
xviii 2,421849 0,002664
разыграны 3,743604 0,002059
парагвай 3,338139 0,001836
турин 3,050457 0,015101
микронезии 4,436752 0,002440
xxi 2,038856 0,002243
основывайте 3,743604 0,002059
ответственности 0,971016 0,000534
причин 2,490841 0,001370
xxv 2,827314 0,003110
ndl 1,834062 0,001009
xxx 3,743604 0,004118
php 0,986764 0,000543
шорт 1,086847 0,000598
бадминтон 1,546380 0,000851
студенческий 4,031286 0,002217
студенческие 5,129899 0,008465
проходят 1,728701 0,000951
кыргызстан 3,050457 0,003356
covid 2,564949 0,002822
xxviii 3,743604 0,004118
правилах 2,357310 0,001297
гуам 4,436752 0,002440
мерано 5,129899 0,002822
птижаном 5,129899 0,002822
горнолыжный 1,301257 0,000716
аравия 1,951845 0,001074
мира 0,367725 0,000607
порту 2,932674 0,004839
рекордом 2,421849 0,001332
pages 0,986764 0,000543
замбия 3,520461 0,001936
организована 3,183989 0,001751
когда 0,652562 0,000359
всего 0,812411 0,000894
черногория 2,732003 0,006011
проводятся 1,574551 0,000866
неаполь 5,129899 0,005643
svenska 1,035554 0,000570
общий 2,038856 0,001121
шахматы 1,871802 0,001030
куки 0,971016 0,000534
афганистан 4,031286 0,002217
ссср 0,940244 0,001552
доступен 0,971016 0,000534
кука 3,743604 0,002059
восточного 4,436752 0,002440
university 2,644992 0,002910
марино 2,827314 0,001555
исчезнувшие 4,436752 0,002440
состоялись 2,564949 0,004233
фехтование 1,546380 0,000851
международной 1,345709 0,001480
федерация 1,002764 0,000552
румыния 2,239527 0,003696
примечания 1,002764 0,001655
проводилась 3,743604 0,002059
плэсид 3,183989 0,007005
других 0,853233 0,000939
гдр 2,038856 0,002243
источников 1,518981 0,000836
мозамбик 3,520461 0,003873
сообщить 0,799165 0,000440
быть 0,773190 0,002126
федерации 0,663991 0,000365
лёгкой 3,183989 0,001751
пуэрто 3,338139 0,003672
инсбрук 3,183989 0,007005
сирия 3,520461 0,001936
виргинские 4,031286 0,004435
спорт 0,224624 0,000494
этой 1,052361 0,001158
грузия 2,644992 0,002910
сальвадор 3,743604 0,002059
мобильная 0,608110 0,000334
высшего 2,564949 0,001411
мальта 3,050457 0,001678
english 0,925206 0,001018
франция 1,122566 0,006175
этот 0,825834 0,000454
национальные 1,695912 0,000933
хельсинки 3,050457 0,001678
suomi 1,052361 0,000579
стало 1,217876 0,000670
тунис 3,520461 0,003873
действующим 3,050457 0,001678
швеция 1,345709 0,001480
доктором 5,129899 0,002822
лесото 4,031286 0,002217
viaf 2,490841 0,002740
иордания 3,520461 0,003873
художественная 1,633391 0,000898
йемен 4,031286 0,002217
универсиадам 5,129899 0,005643
стала 0,881403 0,000485
стали 0,971016 0,000534
универсиадах 4,436752 0,009762
română 1,122566 0,000617
гамбия 3,743604 0,002059
гражданином 4,436752 0,002440
непал 4,031286 0,002217
français 1,019025 0,000561
зачёт 1,951845 0,003221
эдмонтон 4,031286 0,004435
элемент 0,955511 0,000526
спортивные 1,104547 0,001823
первая 0,867219 0,000477
шри 3,520461 0,001936
требования 2,421849 0,002664
сьерра 3,520461 0,003873
бенин 3,520461 0,001936
oʻzbekcha 1,140915 0,000628
раз 0,504926 0,000555
чемпионат 0,277868 0,000153
ўзбекча 1,140915 0,000628
случайная 0,986764 0,000543
latviešu 1,052361 0,000579
пожалуйста 1,633391 0,000898
испания 1,466337 0,005646
постоянная 0,986764 0,000543
указанием 0,986764 0,000543
версия 0,485508 0,000801
европы 0,524729 0,000577
макао 4,436752 0,004881
израиль 2,490841 0,002740
поло 1,441019 0,000793
без 0,466460 0,000513
знак 0,986764 0,000543
представители 1,633391 0,000898
жаном 5,129899 0,002822
европа 2,134166 0,001174
итога 3,520461 0,001936
западного 4,031286 0,002217
pre 5,129899 0,002822
виды 0,773190 0,000851
иначе 1,834062 0,001009
мексика 2,644992 0,004365
чэнду 5,129899 0,008465
медиафайлы 1,217876 0,000670
архивировано 1,104547 0,001215
galego 1,178655 0,000648
короткий 0,971016 0,000534
университетские 5,129899 0,011287
палестина 3,743604 0,002059
виде 1,368699 0,000753
комплектов 2,644992 0,001455
тобаго 3,183989 0,001751
вошли 1,994404 0,001097
чемпионата 0,735450 0,000405
случаях 0,971016 0,000534
закопане 5,129899 0,011287
оаэ 2,357310 0,001297
вошла 3,183989 0,001751
кодекс 0,971016 0,000534
снять 3,183989 0,001751
тайбэй 5,129899 0,008465
южная 1,797694 0,000989
статьи 0,524729 0,001732
старше 2,732003 0,001503
канада 1,301257 0,002147
дортмунд 3,338139 0,001836
уругвай 3,183989 0,003503
ирак 3,520461 0,001936
пандемии 2,421849 0,002664
иран 3,183989 0,003503
статью 1,728701 0,000951
служебные 0,986764 0,000543
статья 0,986764 0,001086
языках 0,986764 0,000543
wikimedia 0,986764 0,000543
лыжах 1,178655 0,000648
athletics 4,031286 0,002217
хака 4,436752 0,009762
свободной 0,986764 0,000543
может 0,630089 0,000347
ελληνικά 1,086847 0,000598
предложенное 3,743604 0,002059
получить 0,747872 0,000411
беларусь 1,368699 0,001506
монако 1,994404 0,002194
нидерланды 1,728701 0,001902
эквадор 3,050457 0,003356
аргументы 3,050457 0,001678
удовлетворять 4,031286 0,002217
связанные 0,881403 0,000485
прочие 1,345709 0,000740
viii 2,932674 0,004839
ливиньо 4,031286 0,004435
казань 1,345709 0,001480
новая 1,546380 0,003402
фрг 2,564949 0,004233
босния 2,732003 0,003006
послевоенный 3,520461 0,001936
участники 1,518981 0,002507
отредактирована 0,986764 0,000543
леоне 3,520461 0,003873
melayu 1,368699 0,000753
алжир 3,338139 0,003672
creative 0,986764 0,000543
nederlands 1,019025 0,000561
wayback 1,633391 0,000898
раза 1,834062 0,001009
italiano 1,035554 0,000570
год 0,687247 0,001512
млин 5,129899 0,011287
эстония 2,490841 0,002740
международный 1,258698 0,000692
повлиял 3,743604 0,002059
международные 1,238078 0,002043
сент 2,564949 0,001411
создан 2,357310 0,001297
гана 3,520461 0,003873
каролина 3,338139 0,001836
сербия 2,357310 0,006483
мая 1,104547 0,000608
бутан 4,031286 0,002217
commons 0,986764 0,000543
српскохрватски 1,416327 0,000779
рим 2,932674 0,004839
албания 2,932674 0,003226
катар 3,520461 0,003873
турине 3,050457 0,001678
учётную 0,986764 0,000543
bokmål 1,069456 0,000588
текущие 0,940244 0,000517
президентом 1,834062 0,001009
страна 1,633391 0,002695
молдова 2,932674 0,003226
шаблон 2,932674 0,003226
штаты 4,031286 0,002217
сестриере 5,129899 0,005643
создать 0,825834 0,000454
страны 1,052361 0,002315
сомали 4,031286 0,002217
штрбске 5,129899 0,011287
винсент 3,520461 0,001936
летним 3,338139 0,001836
свяжитесь 0,986764 0,000543
учебного 4,436752 0,002440
печать 0,986764 0,000543
аэробика 5,129899 0,002822
simple 1,140915 0,000628
летние 1,238078 0,002043
летний 1,834062 0,002018
том 0,895792 0,000493
фонд 0,940244 0,000517
состав 1,238078 0,000681
олимпиада 1,104547 0,000608
обсуждение 0,881403 0,001454
тот 1,416327 0,000779
самоа 3,743604 0,004118
лихтенштейн 3,183989 0,001751
тринидад 3,338139 0,003672
гайана 4,031286 0,002217
организации 0,812411 0,000894
товарный 0,986764 0,000543
историю 1,603538 0,000882
история 0,555188 0,001222
перу 3,338139 0,003672
осрблье 4,436752 0,002440
почти 1,323236 0,000728
閩南語 1,762603 0,000970
себастьян 3,183989 0,001751
bân 1,762603 0,000970
университет 2,827314 0,001555
норвегия 1,834062 0,002018
российская 0,799165 0,000440
источники 1,633391 0,002695
либо 1,140915 0,000628
фукуока 5,129899 0,005643
хорватия 2,357310 0,002593
летних 1,911023 0,001051
печати 0,955511 0,000526
название 1,178655 0,001297
поиск 0,735450 0,000405
условий 0,881403 0,000485
бруней 4,031286 0,004435
oldid 0,986764 0,000543
катание 0,534779 0,000294
как 0,232059 0,000511
ливия 3,520461 0,001936
гаити 3,338139 0,001836
саудовская 1,951845 0,001074
суринам 4,031286 0,002217
герцеговина 2,732003 0,003006
xiii 2,932674 0,003226
учащихся 4,436752 0,002440
трамплина 1,159607 0,000638
тарашкевіца 1,198073 0,000659
париже 1,664163 0,001831
cymraeg 1,574551 0,000866
авторства 0,986764 0,000543
проводились 1,603538 0,001764
обсуждения 2,490841 0,001370
гфр 5,129899 0,002822
условия 0,411400 0,000453
català 1,086847 0,000598
dansk 1,069456 0,000588
новые 0,747872 0,000411
ещё 0,420369 0,000462
медальный 1,911023 0,003154
всероссийские 3,743604 0,008237
теннис 0,495170 0,000545
xxiv 3,338139 0,003672
бангладеш 3,520461 0,001936
xxix 3,743604 0,004118
xxii 3,338139 0,003672
шлеймером 5,129899 0,002822
приняли 1,633391 0,001797
литва 2,644992 0,002910
фигурное 0,534779 0,000294
просмотры 0,986764 0,000543
فارسی 1,104547 0,000608
видам 2,038856 0,001121
лаос 4,031286 0,002217
беларуская 1,069456 0,001177
рейн 4,436752 0,004881
чехословакия 2,421849 0,006661
конго 3,183989 0,003503
судан 3,743604 0,002059
а 0,209918 0,000115
должны 1,178655 0,000648
б 1,466337 0,007259
в 0,017911 0,000443
викимедиа 0,986764 0,000543
д 0,895792 0,000985
з 3,050457 0,013423
и 0,023953 0,000303
камбоджа 4,031286 0,002217
политика 0,239550 0,000132
к 0,132686 0,000365
велоспорт 1,178655 0,000648
м 0,534779 0,002059
вплоть 1,871802 0,001030
пакистан 4,031286 0,002217
о 0,042302 0,000047
венесуэла 3,338139 0,003672
она 0,825834 0,000454
с 0,036149 0,000338
дополнительные 0,986764 0,000543
китай 2,038856 0,007850
скачать 0,895792 0,000985
они 0,760451 0,000418
сезон 1,368699 0,000753
заглавная 0,986764 0,000543
uie 5,129899 0,008465
атлетике 2,932674 0,001613
вторжения 3,338139 0,001836
антигуа 4,031286 0,002217
футбол 0,285712 0,000157
атлетика 1,052361 0,001158
by 0,971016 0,000534
структура 2,421849 0,001332
регби 0,955511 0,000526
должна 1,238078 0,000681
португалия 2,296685 0,002527
русский 0,839439 0,000462
копия 1,574551 0,000866
екатеринбург 2,490841 0,001370
cc 0,986764 0,000543
мячом 1,104547 0,000608
время 0,384967 0,000212
австрия 2,239527 0,004927
исландия 2,644992 0,001455
поведения 0,895792 0,000493
каталанская 1,695912 0,000933
ангола 3,520461 0,001936
ресурсы 1,104547 0,000608
ранее 1,104547 0,000608
хосо 5,129899 0,002822
представились 0,986764 0,000543
город 1,871802 0,002059
верде 3,183989 0,001751
retrieved 4,031286 0,002217
восемь 2,038856 0,001121
пределами 2,239527 0,001232
викиданных 0,986764 0,000543
проходила 2,827314 0,001555
рур 5,129899 0,005643
бухарест 4,436752 0,004881
мкс 3,743604 0,004118
викискладе 1,217876 0,000670
чад 4,436752 0,002440
сноуборд 1,238078 0,000681
пляжный 1,728701 0,000951
удалена 2,038856 0,001121
австралия 2,239527 0,002464
индонезия 3,050457 0,003356
эсватини 4,436752 0,002440
xvii 2,490841 0,002740
северные 4,031286 0,002217
соревнованиях 1,159607 0,001914
читать 0,586604 0,000323
наибольшее 2,085376 0,001147
именования 3,520461 0,001936
англ 1,159607 0,001276
волейбол 1,019025 0,001121
title 0,986764 0,000543
чехия 1,518981 0,001671
видео 0,699082 0,000385
польша 2,185460 0,006011
биатлон 0,534779 0,000294
плавание 1,198073 0,001318
пожертвовать 0,986764 0,000543
поиску 0,971016 0,001068
сносок 1,951845 0,001074
туркменистан 3,520461 0,003873
острова 2,932674 0,009679
япония 1,994404 0,006582
ссылка 0,786093 0,000432
момент 1,301257 0,000716
летняя 2,085376 0,012618
ссылки 0,839439 0,002770
софия 4,031286 0,017739
srpskohrvatski 1,416327 0,000779
буффало 5,129899 0,005643
中文 1,035554 0,000570
первыми 1,762603 0,000970
играми 3,050457 0,001678
кругосвет 1,994404 0,001097
всемирные 3,050457 0,010068
швейцария 1,603538 0,003528
среди 0,597299 0,000986
таджикистан 3,520461 0,003873
латвия 1,834062 0,002018
москве 1,518981 0,000836
разделами 1,951845 0,001074
москва 0,760451 0,000837
нигер 4,031286 0,002217
марианские 5,129899 0,002822
отдельных 0,986764 0,000543
https 0,699082 0,000385
пидмонт 5,129899 0,002822
мехико 2,932674 0,003226
шэньчжэнь 5,129899 0,005643
началась 2,564949 0,001411
ii 2,239527 0,002464
татарча 1,392229 0,000766
עברית 1,052361 0,000579
полом 4,031286 0,002217
index 0,986764 0,000543
карло 5,129899 0,002822
дания 2,085376 0,002294
эта 0,867219 0,000477
iv 2,644992 0,002910
зимняя 2,932674 0,003226
ix 2,564949 0,002822
греция 2,564949 0,002822
избранные 0,971016 0,000534
алегри 5,129899 0,005643
состязания 2,490841 0,001370
пройдут 2,644992 0,001455
участникам 2,827314 0,003110
разделе 1,728701 0,000951
kurdî 1,834062 0,001009
summer 3,520461 0,001936
был 0,663991 0,000365
руанда 4,031286 0,002217
world 1,416327 0,002337
это 0,277868 0,000153
эту 1,492313 0,000821
малайзия 3,183989 0,003503
aragonés 1,762603 0,000970
код 0,986764 0,005971
два 0,760451 0,000837
лука 1,198073 0,000659
будапешт 4,436752 0,007321
спортсменов 0,786093 0,001297
тяжёлая 1,633391 0,000898
gí 1,762603 0,000970
египет 3,183989 0,003503
кот 3,338139 0,003672
url 0,986764 0,000543
ссылок 1,911023 0,002102
чхунчхондо 5,129899 0,002822
филиппины 3,183989 0,003503
таиланд 2,932674 0,004839
machine 1,633391 0,000898
алегре 5,129899 0,002822
войти 0,735450 0,000405
гольф 1,574551 0,000866
финляндия 1,492313 0,002463
кпм 3,743604 0,002059
қазақша 1,178655 0,000648
недели 2,357310 0,001297
барбуда 4,031286 0,002217
измир 5,129899 0,005643
xxvi 3,520461 0,003873
принсипи 4,031286 0,002217
кобе 4,436752 0,004881
байдарках 1,603538 0,000882
ямайка 2,932674 0,003226
зеландия 2,827314 0,003110
использования 0,393700 0,000217
югославия 2,421849 0,003996
германия 1,140915 0,003138
медалей 1,238078 0,000681
гонконг 3,520461 0,003873
молодых 2,564949 0,001411
представляют 2,932674 0,001613
бельгия 2,296685 0,002527
инструменты 0,986764 0,001086
федеративные 4,436752 0,002440
тайвань 3,520461 0,003873
первые 0,971016 0,002136
предлагается 3,520461 0,001936
сенегал 3,520461 0,003873
обращения 0,925206 0,000509
игры 0,376309 0,002898
февраля 0,232059 0,000383
ошибке 0,955511 0,000526
универсиад 5,129899 0,011287
student 5,129899 0,002822
события 0,663991 0,000730
гренадины 3,743604 0,002059
рекомендации 1,911023 0,001051
xxxi 3,520461 0,005809
словакия 1,834062 0,004035
эгидой 1,797694 0,001978
деятельности 1,871802 0,001030
происходит 1,695912 0,000933
соревнования 0,663991 0,002191
deutsch 1,052361 0,000579
организованными 5,129899 0,002822
шеффилд 4,436752 0,004881
пояснение 3,520461 0,001936
on 2,239527 0,001232
лёгкая 1,238078 0,000681
прыжки 1,019025 0,001121
чили 2,932674 0,003226
требованиям 3,338139 0,001836
мальорка 4,436752 0,004881
неделя 3,050457 0,006712
материал 0,825834 0,000454
проверяема 2,038856 0,001121
тэгу 5,129899 0,005643
соревнований 0,881403 0,001454
ориентирование 4,031286 0,002217
гватемала 3,050457 0,001678
зимних 1,633391 0,000898
лейк 2,357310 0,005187
добавив 1,911023 0,001051
зимним 3,050457 0,001678
ботсвана 3,743604 0,004118
пальма 5,129899 0,005643
навигация 0,986764 0,001086
страница 0,940244 0,001034
лицензии 0,986764 0,000543
загреб 3,520461 0,003873
странице 0,971016 0,001068
сан 2,085376 0,003441
борьба 1,002764 0,000552
кабо 3,338139 0,001836
запись 0,955511 0,000526
навигации 0,986764 0,000543
qr 0,986764 0,000543
африка 2,644992 0,001455
страницу 0,971016 0,001068
студенческого 3,520461 0,005809
федерацией 2,185460 0,001202
дуйсбург 5,129899 0,005643
дармштадт 5,129899 0,002822
страницы 0,971016 0,001602
зимние 1,159607 0,002551
можете 1,695912 0,000933
азербайджан 2,644992 0,002910
фристайл 1,279751 0,000704
подведения 3,520461 0,003873
гимнастика 1,238078 0,001362
водное 1,492313 0,000821
hrvatski 1,052361 0,000579
россии 0,160085 0,000088
ru 0,285712 0,000157
действовать 0,955511 0,000526
аудио 1,951845 0,001074
fisu 4,436752 0,021964
xxxii 3,743604 0,004118
sa 0,986764 0,000543
уже 0,687247 0,000378
дата 0,881403 0,000485
внешние 1,122566 0,000617
кванджу 5,129899 0,005643
того 0,955511 0,000526
организацией 2,357310 0,001297
вы 0,325878 0,000359
запада 3,743604 0,002059
универсиа 5,129899 0,002822
перенесена 4,031286 0,002217
распределённые 2,644992 0,002910
китайский 3,050457 0,001678
кипр 3,050457 0,003356
español 1,019025 0,000561
которую 1,728701 0,000951
россия 0,699082 0,001538
энциклопедии 0,986764 0,001086
кёрлинг 1,279751 0,000704
свои 1,238078 0,000681
xxxiv 3,520461 0,001936
associated 0,986764 0,000543
января 0,825834 0,000909
прошедшие 3,183989 0,001751
български 1,086847 0,000598
панама 3,338139 0,003672
да 1,911023 0,001051
персональные 0,971016 0,000534
настольный 1,238078 0,000681
де 0,955511 0,001051
гондурас 3,520461 0,003873
казахстан 1,301257 0,002147
большая 1,069456 0,002353
шайбой 1,122566 0,000617
до 0,239550 0,000395
др 2,490841 0,001370
зарегистрированный 0,986764 0,000543
виллар 5,129899 0,005643
папуа 3,743604 0,002059
сюда 0,986764 0,000543
xxiii 3,520461 0,003873
независимые 3,183989 0,003503
трек 1,159607 0,000638
люксембург 2,732003 0,006011
цитировать 0,986764 0,000543
регулярно 1,871802 0,001030
лыжное 1,279751 0,000704
азия 2,564949 0,001411
проведения 1,258698 0,002077
norsk 1,052361 0,000579
попрад 3,743604 0,004118
баскетбол 0,773190 0,000425
число 1,392229 0,001532
vi 2,732003 0,003006
американские 2,932674 0,001613
для 0,146292 0,000161
флаг 1,279751 0,000704
гребля 1,518981 0,001671
её 1,104547 0,000608
же 0,925206 0,000509
polski 1,035554 0,000570
юар 2,490841 0,002740
сингапур 3,183989 0,003503
куба 3,183989 0,003503
править 0,986764 0,011941
за 0,125952 0,000485
софтбол 1,695912 0,000933
было 0,438551 0,000241
форме 2,085376 0,001147
org 0,986764 0,000543
подробнее 0,723179 0,000398
окончить 4,436752 0,002440
были 0,799165 0,000440
несмотря 1,762603 0,000970
xi 2,932674 0,003226
венгрия 2,564949 0,005643
просроченные 3,520461 0,001936
великобритания 2,185460 0,003606
gbr 5,129899 0,002822
была 0,652562 0,001077
зефельд 5,129899 0,002822
токио 2,296685 0,002527
xv 2,732003 0,003006
из 0,106018 0,000408
xx 1,546380 0,001701
малави 3,743604 0,002059
члены 2,421849 0,001332
скрытые 1,122566 0,000617
српски 1,035554 0,000570
фиджи 3,743604 0,002059
кувейт 3,520461 0,001936
games 2,038856 0,003364
хоккей 0,376309 0,000621
участвовавших 3,743604 0,002059
участников 1,159607 0,000638
двоеборье 1,217876 0,000670
словения 2,490841 0,002740
зимбабве 3,338139 0,001836
аргентина 2,421849 0,002664
мадагаскар 3,520461 0,003873
srpski 1,035554 0,000570
рованиеми 5,129899 0,005643
уганда 3,183989 0,003503
марокко 2,932674 0,003226
iii 2,490841 0,004110
алма 4,436752 0,004881
лыжные 1,140915 0,000628
ирландия 2,421849 0,002664
foundation 0,986764 0,000543
конькобежный 1,238078 0,000681
турция 2,421849 0,005329
гранада 5,129899 0,005643
проведены 2,357310 0,001297
следующим 2,564949 0,001411
которых 1,052361 0,001158
türkçe 1,052361 0,000579
следующие 1,834062 0,001009
вьетнам 3,520461 0,003873
спортивная 1,159607 0,001276
типам 2,732003 0,003006
кения 3,183989 0,003503
америка 1,797694 0,000989
한국어 1,035554 0,000570
острава 4,436752 0,002440
союз 1,762603 0,000970
стран 1,546380 0,003402
американское 4,031286 0,002217
фасо 3,520461 0,003873
свежие 0,910391 0,000501
упоминается 3,520461 0,001936
начала 1,238078 0,000681
универсальная 2,085376 0,001147
участие 0,597299 0,001314
статей 2,134166 0,001174
барбадос 3,743604 0,004118
на 0,023953 0,000343
старая 1,368699 0,000753
не 0,099461 0,000492
xii 3,183989 0,003503
университетского 5,129899 0,008465
правопреемницей 5,129899 0,002822
ссылками 1,159607 0,000638
проводимых 3,183989 0,001751
танзания 3,743604 0,004118
xiv 2,490841 0,002740
xix 1,834062 0,002018
проводимые 2,357310 0,003890
хватает 1,762603 0,000970
количество 1,217876 0,000670
бейсбол 1,466337 0,000807
magyar 1,086847 0,000598
нами 0,853233 0,000469
места 1,198073 0,001318
международная 1,301257 0,001432
об 0,217244 0,000119
оман 3,743604 0,002059
красноярск 2,644992 0,002910
некоммерческой 0,986764 0,000543
справка 0,986764 0,000543
армения 2,827314 0,003110
развитие 1,633391 0,000898
северная 2,357310 0,003890
youtube 1,797694 0,000989
тхэквондо 1,633391 0,000898
тренто 5,129899 0,005643
году 0,630089 0,002773
категории 0,986764 0,001086
от 0,160085 0,000264
xxvii 3,338139 0,003672
форум 0,881403 0,000485
монте 5,129899 0,002822
winter 3,520461 0,001936
статистика 0,652562 0,001077
бокс 0,576022 0,000317
палау 4,436752 0,002440
все 0,125952 0,000139
википедия 0,986764 0,003799
доминиканская 4,031286 0,004435
страниц 3,183989 0,001751
года 0,239550 0,001581
по 0,073653 0,000365
монгол 1,518981 0,000836
inc 0,986764 0,000543
харбин 5,129899 0,005643
сведения 0,812411 0,000447
каждые 2,732003 0,003006
информация 1,035554 0,000570
коста 2,932674 0,001613
português 1,035554 0,000570
академическая 1,574551 0,000866
кыргызча 2,085376 0,001147
сообщество 0,986764 0,000543
боливия 3,520461 0,001936
сейшелы 4,031286 0,002217
википедии 0,986764 0,001086
источник 0,853233 0,000469
