боруссия 3,050457 0,005606
latina 1,603538 0,000491
газете 3,338139 0,001022
англии 2,038856 0,001249
день 0,760451 0,000466
вступают 4,436752 0,001359
последовало 3,743604 0,001147
размеров 3,743604 0,001147
экспорт 0,986764 0,000302
lccn 1,492313 0,000457
bwin 4,436752 0,001359
န 2,134166 0,000654
указан 1,301257 0,000797
целом 1,994404 0,000611
ဘ 2,134166 0,000654
ไทย 1,238078 0,000379
выиграл 1,178655 0,000722
မ 2,134166 0,001307
них 1,178655 0,000722
см 0,955511 0,002049
tatarça 1,392229 0,000426
став 2,296685 0,000703
играл 1,762603 0,000540
日本語 1,035554 0,000317
со 0,447767 0,000411
вечно 5,129899 0,001571
သ 2,134166 0,000654
ср 3,050457 0,000934
декабря 0,881403 0,000810
الدارجة 2,357310 0,000722
slovenščina 1,345709 0,000412
под 0,723179 0,000443
заявление 0,867219 0,000266
неоднократно 2,421849 0,000742
заявлений 3,520461 0,001078
пол 2,357310 0,000722
утверждениями 2,134166 0,000654
brezhoneg 2,038856 0,000624
isixhosa 3,338139 0,001022
основан 1,871802 0,001147
одна 1,392229 0,000426
реклама 0,735450 0,000451
содержание 0,971016 0,000595
фото 0,799165 0,000245
eesti 1,069456 0,000328
лет 0,475938 0,000146
مصرى 1,546380 0,000474
рекламой 5,129899 0,001571
čeština 1,035554 0,000317
то 0,652562 0,000999
финала 1,104547 0,002030
сложности 2,134166 0,000654
сейчас 1,104547 0,000338
четвертьфинал 1,951845 0,000598
lombard 3,338139 0,001022
челси 2,827314 0,004330
викисклад 1,035554 0,000634
матчах 1,574551 0,001929
серхио 2,296685 0,001407
проекту 3,520461 0,001078
осер 3,743604 0,001147
социальных 1,871802 0,000573
пор 1,574551 0,000482
конфиденциальности 0,317714 0,000097
дивизионов 3,183989 0,000975
связи 1,159607 0,000355
newcastle 5,129899 0,001571
lëtzebuergesch 1,762603 0,000540
slovenčina 1,069456 0,000328
юношеские 2,357310 0,000722
своей 1,002764 0,000614
необходимым 4,031286 0,001235
wikipedia 0,986764 0,000604
теперь 0,971016 0,000297
gnd 1,392229 0,000426
scots 1,695912 0,000519
аякс 3,520461 0,009704
afrikaans 1,441019 0,000441
итальянский 2,732003 0,000837
mzk 5,129899 0,001571
уши 3,520461 0,001078
оригинального 4,436752 0,001359
проект 1,728701 0,001588
македонски 1,258698 0,000386
при 0,367725 0,000225
национальном 3,183989 0,000975
уондерерс 5,129899 0,001571
шальке 3,338139 0,003067
j 1,466337 0,000449
финалы 2,185460 0,004016
l 2,490841 0,001526
национальной 2,085376 0,000639
бензема 4,436752 0,002718
доходов 2,827314 0,000866
стамбуле 3,743604 0,001147
популярен 2,932674 0,000898
вторые 2,827314 0,001732
the 1,546380 0,000474
главным 1,633391 0,000500
s 1,664163 0,001019
данный 2,357310 0,001444
гиггз 5,129899 0,001571
u 1,345709 0,000412
каждой 1,546380 0,000474
w 0,955511 0,000293
x 1,279751 0,001176
критериям 3,183989 0,000975
также 0,663991 0,002644
роберт 2,185460 0,001339
употребления 3,520461 0,001078
туда 3,338139 0,001022
финале 1,633391 0,000500
буффон 4,436752 0,001359
العربية 1,069456 0,000328
псв 4,031286 0,003704
украина 1,871802 0,000573
одной 1,238078 0,001517
одном 1,603538 0,000491
италия 0,867219 0,000266
футзал 2,085376 0,000639
библиографических 1,323236 0,000405
разработчики 0,986764 0,000302
украине 2,490841 0,000763
альфредо 5,129899 0,001571
делегируют 5,129899 0,001571
групповые 3,183989 0,000975
партизан 3,520461 0,001078
встреч 2,421849 0,000742
изменений 2,296685 0,000703
правки 0,986764 0,000604
нов 4,436752 0,001359
правка 2,732003 0,002510
european 3,050457 0,000934
победе 1,951845 0,000598
упразднён 4,031286 0,006173
являющиеся 4,031286 0,001235
однако 1,069456 0,000328
удалить 2,932674 0,000898
себя 0,940244 0,000576
опытными 2,490841 0,000763
нистелрой 4,031286 0,001235
южноамериканский 4,436752 0,001359
следующем 1,951845 0,000598
июня 1,217876 0,001119
южной 1,797694 0,000551
системе 0,867219 0,000266
клубом 1,994404 0,001222
система 1,695912 0,000519
каталогах 1,323236 0,000405
афк 2,827314 0,002598
проектах 0,986764 0,000302
победы 0,971016 0,002379
могут 0,760451 0,000932
клубов 1,603538 0,000982
việt 1,140915 0,000349
отказ 0,910391 0,000279
сохранением 0,986764 0,000302
июнь 3,183989 0,000975
очищаемым 2,421849 0,000742
получил 1,002764 0,000614
выигранных 2,932674 0,000898
действовавших 5,129899 0,001571
иметь 2,239527 0,001372
судьи 1,574551 0,000482
бернский 5,129899 0,001571
интертото 3,183989 0,000975
защищена 3,050457 0,000934
юрг 5,129899 0,001571
футболист 1,951845 0,001196
ставший 2,239527 0,000686
зеедорф 5,129899 0,001571
выглядели 4,031286 0,001235
заявку 3,183989 0,000975
майки 4,031286 0,002469
участвовали 2,421849 0,000742
последний 0,773190 0,000474
юнайтед 2,185460 0,008702
каждому 2,827314 0,000866
долгая 5,129899 0,001571
принимали 2,134166 0,001307
наций 1,797694 0,001101
некоторым 3,520461 0,001078
сетях 1,871802 0,000573
конфедерации 3,520461 0,001078
стяуа 4,436752 0,002718
архив 1,258698 0,000386
avañe 2,732003 0,000837
июля 1,035554 0,001269
pdf 0,940244 0,000288
ноттингем 3,520461 0,003235
стороне 2,421849 0,000742
арсенал 1,466337 0,000898
описание 0,986764 0,000302
magazine 3,520461 0,001078
постановила 4,436752 0,001359
групп 2,296685 0,002110
амфору 5,129899 0,001571
заменить 1,951845 0,000598
китайская 1,258698 0,000386
movie 4,436752 0,001359
bahasa 1,086847 0,000666
примут 2,564949 0,000786
hats 5,129899 0,001571
качестве 1,574551 0,000482
криштиану 2,932674 0,001796
выставлять 5,129899 0,001571
выигрывали 3,183989 0,000975
تۆرکجه 1,762603 0,000540
вручается 2,827314 0,000866
подряд 1,258698 0,003084
океания 2,490841 0,000763
lietuvių 1,140915 0,000349
членом 3,183989 0,000975
четвёртого 3,338139 0,001022
сборные 0,839439 0,000514
журналиста 4,031286 0,001235
официального 2,421849 0,000742
ठ 1,574551 0,000482
конференций 1,728701 0,001588
ливерпуль 1,994404 0,007330
лучшие 1,019025 0,000936
ливерпулю 5,129899 0,001571
द 1,546380 0,000474
тони 3,183989 0,000975
словари 1,217876 0,000373
кэшем 2,421849 0,000742
न 1,518981 0,000930
команда 0,663991 0,000813
таймами 3,743604 0,001147
игроки 0,986764 0,000907
प 1,911023 0,000585
севилья 3,183989 0,000975
responsibly 5,129899 0,001571
worldcat 2,490841 0,000763
признание 3,338139 0,001022
вклад 0,971016 0,000297
indonesia 1,086847 0,000333
селтик 3,520461 0,002156
убрав 3,520461 0,001078
ल 1,911023 0,000585
текст 0,986764 0,000302
одержавший 4,436752 0,001359
команды 0,555188 0,002551
ноября 0,971016 0,000892
архивная 1,633391 0,000500
esperanto 1,198073 0,000367
ह 1,546380 0,000474
команду 1,217876 0,000746
делятся 2,564949 0,000786
мадрид 1,834062 0,021908
champion 4,031286 0,001235
частичная 2,932674 0,000898
состояла 2,732003 0,000837
перейти 0,867219 0,000531
существуют 1,441019 0,000441
сезоне 1,466337 0,003144
webcitation 2,038856 0,000624
нужно 1,492313 0,000457
начиналась 5,129899 0,001571
boarisch 2,357310 0,000722
українська 1,035554 0,000317
группе 2,421849 0,000742
ограничена 3,338139 0,001022
mcewan 5,129899 0,001571
проводили 2,827314 0,000866
нохчийн 2,296685 0,000703
гимн 2,357310 0,002166
сезона 1,052361 0,003545
золотым 4,031286 0,001235
либертадорес 3,743604 0,003440
выгравированным 5,129899 0,001571
ответственности 0,971016 0,000297
перерывах 4,436752 0,001359
имеет 1,492313 0,000457
сильнейшим 3,520461 0,001078
его 0,447767 0,000411
только 0,447767 0,000411
группы 1,695912 0,000519
сезоны 2,296685 0,001407
php 0,986764 0,000302
cite 1,258698 0,000771
com 0,925206 0,001133
дорога 3,743604 0,001147
uefachampionsleague 5,129899 0,001571
трики 2,732003 0,000837
турнир 0,699082 0,001071
правилам 1,664163 0,001019
интернационале 4,031286 0,007408
мира 0,367725 0,000563
порту 2,932674 0,003593
билетов 2,932674 0,000898
pages 0,986764 0,000302
занявшая 4,031286 0,002469
конкакаф 3,338139 0,001022
нынешнее 5,129899 0,001571
организованный 3,520461 0,001078
matthew 4,436752 0,001359
рекламное 4,436752 0,001359
килиан 4,436752 0,001359
тьерри 4,436752 0,001359
lay 5,129899 0,001571
когда 0,652562 0,000200
этапов 2,564949 0,001571
могли 1,664163 0,000510
командами 1,911023 0,001171
macron 5,129899 0,001571
вконтакте 1,911023 0,000585
области 1,951845 0,000598
всего 0,812411 0,000498
ব 1,416327 0,000434
представлял 2,932674 0,000898
тематические 2,185460 0,000669
могла 2,564949 0,000786
য 2,644992 0,000810
представляя 5,129899 0,001571
ল 1,416327 0,000434
сменил 2,564949 0,000786
svenska 1,035554 0,000317
общий 2,038856 0,001249
назад 1,140915 0,000699
куки 0,971016 0,000297
футболу 1,492313 0,000457
список 1,198073 0,000734
кларенс 5,129899 0,001571
еврокубках 2,827314 0,000866
доступен 0,971016 0,000297
престижный 4,031286 0,001235
основания 1,834062 0,000562
запрещена 3,338139 0,002045
чемпионы 1,871802 0,001147
титулы 3,050457 0,000934
вилла 3,743604 0,002293
матчей 0,940244 0,001728
против 0,747872 0,000229
именно 1,492313 0,000457
общей 1,951845 0,000598
другие 0,384967 0,000354
так 0,597299 0,000366
lang 3,743604 0,001147
посетила 3,743604 0,001147
французский 1,392229 0,000426
фифа 1,728701 0,002118
нового 1,574551 0,000482
примечания 1,002764 0,000614
где 0,675551 0,000414
интервью 0,971016 0,000297
türkmençe 2,185460 0,000669
матчем 2,085376 0,000639
любительские 3,050457 0,000934
титулу 3,743604 0,001147
других 0,853233 0,000523
напрямую 3,050457 0,000934
состоянию 1,911023 0,001756
европейских 2,038856 0,010616
источников 1,518981 0,001396
англия 1,574551 0,000482
жеребьёвка 3,050457 0,001869
гостевые 4,031286 0,001235
участвовать 1,518981 0,000465
образом 1,546380 0,000474
сообщить 0,799165 0,000245
шаблона 2,932674 0,000898
европейский 2,357310 0,000722
быть 0,773190 0,000710
жеребьёвки 2,932674 0,000898
нынешний 3,520461 0,001078
sport 1,122566 0,000688
него 1,368699 0,000838
adidas 2,932674 0,000898
mastercard 4,436752 0,001359
scottish 3,743604 0,001147
претендентов 2,827314 0,000866
хави 4,031286 0,001235
игрался 3,743604 0,001147
спорт 0,224624 0,000069
просмотр 2,732003 0,000837
этом 0,565551 0,000693
мобильная 0,608110 0,000186
подавших 4,031286 0,001235
english 0,925206 0,000567
франция 1,122566 0,001375
этот 0,825834 0,000506
ਜ 1,664163 0,000510
лион 4,031286 0,002469
протяжении 1,951845 0,001196
suomi 1,052361 0,000322
действующие 2,564949 0,001571
друг 1,834062 0,000562
действующий 2,357310 0,000722
действующим 3,050457 0,000934
спонсоров 2,644992 0,000810
швеция 1,345709 0,000824
qaraqalpaqsha 2,038856 0,000624
ਪ 1,664163 0,000510
ਬ 1,664163 0,000510
вечное 3,338139 0,004090
viaf 2,490841 0,001526
вознаграждения 4,436752 0,001359
франции 1,035554 0,000952
жермен 3,743604 0,012612
схема 2,732003 0,000837
побеждавший 4,436752 0,001359
ныне 2,357310 0,000722
являются 1,466337 0,000449
стали 0,971016 0,000595
ибрагимович 3,743604 0,002293
română 1,122566 0,000344
cup 2,134166 0,000654
français 1,019025 0,000312
элемент 0,955511 0,000293
чемпио 5,129899 0,001571
nkc 1,574551 0,000482
спортивные 1,104547 0,000338
составы 2,357310 0,000722
alemannisch 2,357310 0,000722
спортивный 1,301257 0,000399
игрок 1,258698 0,000386
сезонов 2,357310 0,000722
состоял 3,520461 0,001078
передан 3,183989 0,001950
златан 4,031286 0,002469
хранение 2,827314 0,003464
weibo 3,338139 0,001022
oʻzbekcha 1,140915 0,000349
женщины 0,881403 0,000540
раз 0,504926 0,000773
чемпионат 0,277868 0,000511
проходит 1,633391 0,000500
спортивных 1,279751 0,000392
ўзбекча 1,140915 0,000349
rsssf 4,031286 0,001235
случайная 0,986764 0,000302
оставить 3,338139 0,003067
latviešu 1,052361 0,000322
испания 1,466337 0,003593
жерар 5,129899 0,001571
редактора 4,436752 0,001359
выиграть 1,466337 0,000449
клубам 2,732003 0,002510
тех 1,217876 0,000373
необходимо 1,994404 0,000611
постоянная 0,986764 0,000302
указанием 0,986764 0,000302
версия 0,485508 0,000744
ниже 1,762603 0,000540
поля 1,603538 0,000491
takeaway 5,129899 0,001571
прошёл 1,574551 0,000482
marketing 5,129899 0,001571
игравшихся 5,129899 0,001571
европы 0,524729 0,002250
версии 1,546380 0,000474
отправлялась 4,436752 0,001359
заслуг 4,436752 0,001359
спортивного 1,574551 0,000482
попавшими 4,436752 0,001359
финалов 3,183989 0,001950
اردو 1,574551 0,000482
европе 1,492313 0,000457
без 0,466460 0,000857
латинской 3,743604 0,001147
дома 1,695912 0,001039
поле 1,217876 0,000373
между 0,955511 0,000293
назывался 3,050457 0,000934
знак 0,986764 0,000302
представители 1,633391 0,000500
мюнхен 2,932674 0,003593
представитель 2,564949 0,000786
рекордсменом 2,932674 0,000898
соответствии 1,086847 0,000333
мерсисайдских 5,129899 0,001571
итогу 4,031286 0,001235
фиорентина 3,743604 0,001147
запрет 2,732003 0,000837
европа 2,134166 0,001307
обладатель 2,185460 0,001339
обладателя 2,827314 0,000866
обладатели 2,296685 0,000703
скоулз 5,129899 0,001571
первого 1,258698 0,000386
пока 1,159607 0,000355
менялся 3,743604 0,001147
логотип 2,644992 0,003240
манчестер 2,134166 0,009805
период 1,159607 0,000355
медиафайлы 1,217876 0,000373
ಕನ 2,038856 0,000624
клуб 0,940244 0,002304
требует 1,951845 0,000598
архивировано 1,104547 0,003383
galego 1,178655 0,000361
эвертон 4,031286 0,002469
ассоциация 2,038856 0,000624
короткий 0,971016 0,000297
регионов 2,421849 0,000742
кроме 1,368699 0,000838
ассоциаций 2,732003 0,001674
ассоциации 2,185460 0,004686
бавария 2,038856 0,009367
реорганизован 4,436752 0,001359
занявшие 2,644992 0,000810
случаях 0,971016 0,000297
чемпионате 1,178655 0,001444
оба 1,911023 0,001171
после 0,317714 0,001460
кодекс 0,971016 0,000297
астон 2,185460 0,001339
playstation 5,129899 0,001571
рамос 4,436752 0,001359
спонсором 2,827314 0,002598
южная 1,797694 0,000551
тип 1,871802 0,000573
статьи 0,524729 0,001446
hanot 5,129899 0,001571
тоттенхэм 3,050457 0,001869
дортмунд 3,338139 0,004090
исключения 3,050457 0,000934
ограничений 2,827314 0,000866
center 4,031286 0,001235
включая 1,633391 0,000500
логотипа 3,338139 0,001022
марий 2,827314 0,000866
genius 5,129899 0,001571
обе 2,085376 0,000639
служебные 0,986764 0,000302
статья 0,986764 0,002116
если 0,675551 0,000621
брался 5,129899 0,001571
кроос 5,129899 0,001571
соответственно 2,134166 0,000654
языках 0,986764 0,000302
wikimedia 0,986764 0,000302
проверенной 2,421849 0,000742
повторили 3,338139 0,001022
оставляется 5,129899 0,001571
сампдория 4,436752 0,001359
обновив 3,338139 0,001022
мальмё 5,129899 0,001571
play 1,441019 0,000441
шаблонами 1,664163 0,000510
определяет 2,827314 0,000866
зависит 2,564949 0,000786
свободной 0,986764 0,000302
групповой 2,085376 0,003832
может 0,630089 0,000386
ελληνικά 1,086847 0,000333
групповом 2,644992 0,002430
иньеста 4,436752 0,001359
внутри 2,421849 0,000742
одерживали 4,436752 0,001359
получить 0,747872 0,000229
завоевавший 4,031286 0,001235
язык 1,258698 0,000386
монако 1,994404 0,001833
выявления 4,031286 0,001235
победившей 4,031286 0,001235
нидерланды 1,728701 0,001059
мужские 2,644992 0,004051
tiktok 2,490841 0,000763
нём 1,911023 0,000585
удовлетворять 4,031286 0,001235
অসম 2,644992 0,000810
займут 5,129899 0,001571
связанные 0,881403 0,000540
решено 2,644992 0,000810
нашивки 5,129899 0,001571
отредактирована 0,986764 0,000302
алкоголя 5,129899 0,004714
милан 1,633391 0,006504
нанести 3,338139 0,001022
серебра 2,932674 0,000898
melayu 1,368699 0,000419
трёх 1,441019 0,000883
анортосис 4,436752 0,001359
creative 0,986764 0,000302
эмблема 2,732003 0,000837
право 1,603538 0,002947
nederlands 1,019025 0,000312
послематчевых 2,644992 0,000810
красной 2,296685 0,000703
wayback 1,633391 0,000500
раза 1,834062 0,001123
ведущих 2,239527 0,000686
рейтинга 2,564949 0,000786
штадельманн 5,129899 0,001571
italiano 1,035554 0,000317
год 0,687247 0,002105
ничья 2,357310 0,000722
андрес 3,520461 0,001078
объединены 3,743604 0,001147
рейтинге 2,421849 0,000742
международный 1,258698 0,000771
հայերեն 1,198073 0,000367
бомбардиры 2,357310 0,002888
андрей 1,323236 0,000405
матч 0,411400 0,000252
сент 2,564949 0,000786
создал 4,031286 0,001235
победивший 3,743604 0,003440
мая 1,104547 0,002368
euskara 1,122566 0,000344
оказывался 3,743604 0,001147
commons 0,986764 0,000302
српскохрватски 1,416327 0,000434
батэ 5,129899 0,001571
названия 1,664163 0,001019
web 1,279751 0,000784
лидс 4,436752 0,001359
динамо 0,663991 0,000203
делаются 4,436752 0,001359
логотипов 5,129899 0,001571
джанлуиджи 4,436752 0,001359
выплата 5,129899 0,001571
учётную 0,986764 0,000302
bokmål 1,069456 0,000328
текущие 0,940244 0,000288
попадали 3,338139 0,001022
стране 1,951845 0,000598
мохаммед 4,436752 0,001359
экспресс 1,416327 0,000434
страна 1,633391 0,001501
вместо 1,633391 0,001001
шаблон 2,932674 0,000898
сразу 1,392229 0,000426
попадала 3,743604 0,001147
команд 1,178655 0,000722
создать 0,825834 0,000253
такой 1,664163 0,000510
лигу 2,134166 0,004576
редактирования 3,183989 0,000975
страны 1,052361 0,001934
вместе 1,178655 0,000361
полуфинал 1,633391 0,000500
asturianu 1,323236 0,000405
страну 2,827314 0,000866
вступившим 5,129899 0,001571
зависимости 1,911023 0,000585
лиги 0,895792 0,005762
щита 4,031286 0,001235
statistics 3,743604 0,001147
футбольная 2,239527 0,000686
свяжитесь 0,986764 0,000302
участвует 2,932674 0,000898
соответствующую 4,031286 0,001235
соглашения 2,357310 0,000722
کوردی 1,762603 0,000540
запрос 2,732003 0,000837
регион 2,732003 0,000837
лиге 1,368699 0,002515
весом 3,520461 0,001078
таблицы 2,085376 0,000639
соглашению 3,743604 0,001147
лига 0,402511 0,004315
orejona 5,129899 0,001571
печать 0,986764 0,000302
simple 1,140915 0,000349
íslenska 1,392229 0,000426
формата 3,050457 0,002803
раундов 2,932674 0,001796
истории 0,630089 0,000193
парма 3,520461 0,001078
том 0,895792 0,000549
участниками 1,994404 0,000611
фонд 0,940244 0,000288
основная 1,323236 0,002026
обсуждение 0,881403 0,000540
спонсоры 1,911023 0,001171
наиболее 1,466337 0,000449
определённое 3,050457 0,000934
щиты 4,436752 0,001359
называют 2,185460 0,000669
розыгрыш 2,239527 0,001372
организации 0,812411 0,000249
товарный 0,986764 0,000302
организаций 2,421849 0,000742
baier 5,129899 0,001571
обновления 2,644992 0,001620
история 0,555188 0,000850
низким 4,436752 0,001359
таблица 0,925206 0,000567
три 0,786093 0,000482
звезда 1,871802 0,001147
начиная 1,492313 0,001371
таблице 2,296685 0,004221
дважды 1,574551 0,000482
клубный 1,871802 0,002293
недостатков 1,633391 0,000500
фейеноорд 4,031286 0,002469
норвегия 1,834062 0,000562
российская 0,799165 0,000245
ழ 1,492313 0,000457
розыгрыша 2,239527 0,001372
попадает 3,743604 0,001147
клубные 2,644992 0,002430
turkish 5,129899 0,001571
воротника 4,436752 0,001359
спонсорства 4,031286 0,001235
хорватия 2,357310 0,000722
розыгрыше 2,239527 0,001372
лионель 3,743604 0,002293
печати 0,955511 0,000293
полноразмерная 5,129899 0,001571
название 1,178655 0,000722
какого 2,732003 0,000837
более 0,853233 0,001829
последняя 2,644992 0,001620
поиск 0,735450 0,000225
handbook 3,520461 0,001078
оригиналом 3,743604 0,001147
условий 0,881403 0,000270
розыгрышу 3,743604 0,001147
oldid 0,986764 0,000302
database 4,436752 0,001359
низкие 3,183989 0,000975
как 0,232059 0,000426
поставляет 4,436752 0,002718
рекламу 5,129899 0,001571
отвечать 3,520461 0,002156
попадал 3,520461 0,001078
каф 3,743604 0,003440
текущем 2,932674 0,000898
стадии 2,085376 0,000639
malti 2,732003 0,000837
soccer 2,827314 0,000866
титулов 2,357310 0,000722
рекорды 1,762603 0,002159
попали 2,564949 0,000786
перестроена 5,129899 0,001571
периметру 4,031286 0,001235
стоимость 2,827314 0,000866
достижение 2,038856 0,000624
ежегодный 3,743604 0,001147
тарашкевіца 1,198073 0,000367
принять 2,134166 0,000654
стефано 5,129899 0,001571
этого 0,881403 0,000810
присутствие 5,129899 0,001571
занимал 2,732003 0,000837
своих 1,345709 0,000412
дизайна 3,743604 0,001147
cymraeg 1,574551 0,000482
спонсора 2,827314 0,000866
учётом 2,732003 0,001674
мокшень 3,520461 0,001078
авторства 0,986764 0,000302
чемпионов 0,652562 0,014590
высоким 3,520461 0,001078
тренеры 1,911023 0,000585
sicilianu 2,038856 0,000624
второй 0,786093 0,001204
условия 0,411400 0,000378
многих 1,546380 0,000474
термина 1,695912 0,000519
лицевой 3,743604 0,001147
финал 1,258698 0,000771
català 1,086847 0,000333
выплачивала 5,129899 0,001571
dansk 1,069456 0,000328
uyghurche 2,644992 0,000810
занял 2,085376 0,001277
новые 0,747872 0,000229
ещё 0,420369 0,000129
hausa 2,732003 0,000837
перенаправляется 2,732003 0,000837
испанский 3,050457 0,000934
устарела 3,520461 0,001078
испанские 3,338139 0,001022
шестым 3,743604 0,001147
получили 1,664163 0,000510
франкфурт 3,743604 0,001147
приняли 1,633391 0,000500
просмотры 0,986764 0,000302
فارسی 1,104547 0,000338
клубном 3,520461 0,001078
bbc 2,932674 0,000898
беларуская 1,069456 0,000655
league 3,183989 0,004876
автоматически 2,644992 0,000810
центральном 3,338139 0,001022
забил 1,834062 0,002809
al 4,031286 0,001235
артмедиа 5,129899 0,001571
а 0,209918 0,000579
должны 1,178655 0,001083
в 0,017911 0,000658
месяцев 2,296685 0,000703
олык 2,932674 0,000898
викимедиа 0,986764 0,000302
д 0,895792 0,000274
е 0,867219 0,001328
и 0,023953 0,000337
политика 0,239550 0,000073
й 0,825834 0,001771
équipe 4,031286 0,002469
показаны 3,520461 0,001078
к 0,132686 0,000284
вплоть 1,871802 0,000573
azərbaycanca 1,258698 0,000386
о 0,042302 0,000091
силу 2,296685 0,000703
с 0,036149 0,000520
у 0,342407 0,000210
занявшими 3,743604 0,001147
дополнительные 0,986764 0,000302
текущая 2,421849 0,001484
скачать 0,895792 0,000549
сезон 1,368699 0,001677
они 0,760451 0,000233
дизайном 4,031286 0,001235
норвегии 1,728701 0,000529
победители 1,797694 0,001652
ы 4,436752 0,002718
заглавная 0,986764 0,000302
бенфика 2,644992 0,002430
вариант 1,994404 0,001222
футбол 0,285712 0,000525
структуре 3,743604 0,001147
уэльс 2,932674 0,000898
by 0,971016 0,000297
ювентус 2,421849 0,005934
месси 2,239527 0,001372
deadlink 2,038856 0,000624
португалия 2,296685 0,001407
копию 4,436752 0,001359
русский 0,839439 0,000257
копия 1,574551 0,000965
этап 1,392229 0,002132
cc 0,986764 0,000302
црвена 2,644992 0,001620
панатинаикос 3,743604 0,001147
shqip 1,466337 0,000449
время 0,384967 0,000590
атлетико 1,911023 0,000585
fiba 4,031286 0,001235
поведения 0,895792 0,000274
айнтрахт 3,743604 0,001147
каталанская 1,695912 0,000519
томас 2,932674 0,001796
победителю 2,357310 0,000722
алфавиту 1,159607 0,000355
победителя 1,911023 0,001171
отправится 5,129899 0,001571
ресурсы 1,104547 0,000338
новым 1,664163 0,001019
ранее 1,104547 0,000338
победитель 1,258698 0,001928
таблицей 5,129899 0,001571
номером 2,932674 0,000898
представились 0,986764 0,000302
высших 3,183989 0,000975
руд 4,436752 0,001359
de 1,871802 0,001147
носить 3,338139 0,002045
отличался 4,031286 0,001235
粵語 1,178655 0,000361
следующего 2,185460 0,000669
викиданных 0,986764 0,000302
தம 1,492313 0,000457
попадают 3,338139 0,001022
появляется 3,050457 0,000934
рус 1,368699 0,000419
южноамериканского 4,031286 0,001235
викискладе 1,217876 0,000373
своего 1,368699 0,000419
airlines 4,436752 0,001359
ставок 1,664163 0,000510
сумме 1,994404 0,000611
представляются 5,129899 0,001571
champions 3,743604 0,005733
игрались 4,436752 0,001359
соревнованиям 3,050457 0,000934
этьен 5,129899 0,001571
мест 1,951845 0,001196
четвертьфиналами 5,129899 0,001571
hatnote 3,520461 0,001078
межконтинентальный 3,520461 0,003235
соревнованиях 1,159607 0,000355
реймс 5,129899 0,001571
элитная 5,129899 0,001571
читать 0,586604 0,000180
высотой 3,050457 0,000934
kanuri 5,129899 0,001571
наибольшее 2,085376 0,000639
нейтральном 3,183989 0,001950
предварительного 3,183989 0,000975
англ 1,159607 0,002841
комиссией 4,436752 0,001359
ślůnski 2,932674 0,000898
группового 2,490841 0,003052
салах 2,564949 0,000786
этапе 1,633391 0,002001
title 0,986764 0,000302
всем 1,762603 0,000540
видео 0,699082 0,000428
польша 2,185460 0,001339
межконтинентальных 4,031286 0,001235
нойер 5,129899 0,001571
пожертвовать 0,986764 0,000302
этапа 1,664163 0,002548
икер 5,129899 0,001571
поиску 0,971016 0,000297
нескольких 1,834062 0,001123
just 4,436752 0,001359
союзом 3,183989 0,000975
рауль 4,436752 0,002718
странах 1,574551 0,000482
одного 1,140915 0,001048
футболок 4,436752 0,002718
ссылка 0,786093 0,000241
kiswahili 2,185460 0,000669
момент 1,301257 0,001196
ссылки 0,839439 0,001286
помочь 2,296685 0,000703
смог 1,994404 0,000611
srpskohrvatski 1,416327 0,000434
раунд 2,134166 0,005883
своём 1,871802 0,001147
бренд 3,338139 0,001022
рейнджерс 2,038856 0,001249
中文 1,035554 0,000317
мюллер 4,436752 0,002718
ನಡ 2,038856 0,000624
карте 3,338139 0,001022
первыми 1,762603 0,000540
этапы 2,421849 0,002225
спине 2,932674 0,000898
вторая 1,345709 0,000412
мячей 1,871802 0,000573
среди 0,597299 0,000183
пришли 2,644992 0,000810
латвия 1,834062 0,000562
отдельных 0,986764 0,000302
https 0,699082 0,000214
предупреждение 2,932674 0,000898
позже 1,518981 0,000930
офк 3,338139 0,001022
in 1,911023 0,000585
tiếng 1,140915 0,000349
татарча 1,392229 0,000426
отдельные 2,239527 0,000686
עברית 1,052361 0,000322
index 0,986764 0,000302
бускетс 5,129899 0,001571
пике 3,743604 0,001147
эта 0,867219 0,000531
далее 2,185460 0,001339
офф 1,019025 0,000936
должен 1,122566 0,000688
избранные 0,971016 0,000297
ള 1,695912 0,000519
матча 1,002764 0,001229
მარგალური 2,490841 0,000763
پښتو 2,732003 0,000837
проводят 2,421849 0,000742
матчи 0,773190 0,000947
кода 3,050457 0,000934
реал 1,492313 0,017825
межконтинентальном 5,129899 0,001571
матче 0,747872 0,000458
хранится 4,031286 0,001235
имея 2,827314 0,000866
шрифтом 4,436752 0,002718
смены 2,732003 0,001674
разделе 1,728701 0,000529
gloria 4,031286 0,001235
предыдущего 3,050457 0,002803
был 0,663991 0,002034
круге 2,185460 0,000669
имел 2,357310 0,000722
эти 1,323236 0,000811
написано 4,031286 0,001235
провести 1,951845 0,000598
это 0,277868 0,000085
которого 1,345709 0,000412
французскими 4,436752 0,001359
настоящего 3,743604 0,001147
эту 1,492313 0,000457
соответствующая 5,129899 0,001571
aragonés 1,762603 0,000540
код 0,986764 0,000302
два 0,760451 0,000233
лука 1,198073 0,000367
выходили 2,732003 0,000837
gaeilge 1,951845 0,000598
момента 1,994404 0,000611
две 1,019025 0,000312
египет 3,183989 0,000975
хотспур 3,338139 0,002045
off 4,031286 0,001235
url 0,986764 0,000302
заблаговременно 5,129899 0,001571
la 2,932674 0,002695
вреде 4,436752 0,001359
machine 1,633391 0,000500
шевченко 3,338139 0,001022
сентября 1,069456 0,000328
новости 0,301585 0,000092
квалификационного 3,050457 0,000934
войти 0,735450 0,000225
furlan 3,050457 0,000934
или 0,576022 0,001059
четырьмя 3,338139 0,001022
первых 1,518981 0,000930
отличие 1,834062 0,000562
ქართული 1,392229 0,000426
қазақша 1,178655 0,000361
память 2,932674 0,000898
особо 3,050457 0,000934
стадион 2,134166 0,001307
следовала 5,129899 0,001571
защита 1,797694 0,000551
ответил 2,185460 0,000669
носили 3,183989 0,000975
www 1,392229 0,000426
bne 2,932674 0,000898
использования 0,393700 0,000121
брюгге 1,951845 0,000598
германия 1,140915 0,001398
вступали 4,031286 0,001235
хет 2,296685 0,001407
представляют 2,932674 0,004491
играть 1,368699 0,000419
инструменты 0,986764 0,000604
затем 1,301257 0,000399
ван 2,296685 0,000703
ئۇيغۇرچە 2,644992 0,000810
максимальная 3,183989 0,000975
сезонам 4,031286 0,001235
первые 0,971016 0,001784
тоҷикӣ 1,695912 0,000519
зальцбург 4,436752 0,001359
обращения 0,925206 0,002834
страсбург 4,436752 0,001359
первый 0,687247 0,001894
игры 0,376309 0,000231
модулем 3,520461 0,001078
февраля 0,232059 0,000284
марсель 3,338139 0,002045
ошибке 0,955511 0,000293
no 1,911023 0,000585
четырёх 1,603538 0,000982
मर 1,574551 0,000482
пять 1,368699 0,000419
nr 5,129899 0,001571
события 0,663991 0,000203
карим 4,031286 0,002469
мануэль 3,743604 0,001147
тогда 1,466337 0,000449
коэффициентом 4,031286 0,003704
эгидой 1,797694 0,000551
bali 2,827314 0,000866
значения 1,416327 0,000868
коэффициентов 4,031286 0,004939
соревнования 0,663991 0,000407
мбаппе 2,239527 0,000686
deutsch 1,052361 0,000322
пяти 1,574551 0,001447
континентальном 3,338139 0,001022
раунда 2,085376 0,001277
касильяс 5,129899 0,001571
футбольном 2,644992 0,000810
кто 0,839439 0,000257
выбирался 5,129899 0,001571
швейцарских 4,436752 0,001359
большие 2,644992 0,000810
ماز 2,490841 0,000763
следовали 4,436752 0,001359
компаний 2,827314 0,001732
компании 1,301257 0,001196
требованиям 3,338139 0,002045
гонвед 5,129899 0,001571
напылением 5,129899 0,001571
самый 1,416327 0,000434
материал 0,825834 0,000253
соревнование 1,664163 0,000510
турниром 3,183989 0,000975
наивысшим 4,436752 0,001359
раунды 4,031286 0,002469
самые 1,633391 0,000500
лицензию 3,743604 0,001147
прозвища 2,932674 0,000898
кубков 2,827314 0,002598
heineken 5,129899 0,003142
instagram 1,911023 0,000585
føroyskt 2,085376 0,000639
рома 2,827314 0,001732
вызова 2,932674 0,000898
кубком 2,490841 0,000763
титулован 3,183989 0,000975
страница 0,940244 0,000864
второстепенным 5,129899 0,003142
навигация 0,986764 0,000604
лицензии 0,986764 0,000302
изображены 3,743604 0,001147
странице 0,971016 0,000297
гамбург 3,520461 0,002156
проверки 2,239527 0,000686
занимавшая 5,129899 0,001571
запись 0,955511 0,000293
навигации 0,986764 0,000302
компаниями 3,743604 0,001147
qr 0,986764 0,000302
африка 2,644992 0,000810
квалификация 2,732003 0,002510
страницу 0,971016 0,000297
hublot 5,129899 0,001571
борьбу 2,357310 0,000722
ссылкой 2,732003 0,000837
страницы 0,971016 0,001487
женский 1,441019 0,000441
пройдя 4,031286 0,002469
появились 1,664163 0,000510
можете 1,695912 0,000519
吴语 1,238078 0,000379
выполнен 3,183989 0,000975
گیلکی 5,129899 0,001571
бы 1,052361 0,000322
обозначены 4,031286 0,002469
сайты 1,994404 0,000611
hrvatski 1,052361 0,000322
женские 2,490841 0,002289
уефа 1,466337 0,024252
квалификации 1,951845 0,005380
россии 0,160085 0,000098
заменяются 5,129899 0,001571
возможный 4,031286 0,001235
ru 0,285712 0,000175
действовать 0,955511 0,000293
аудио 1,951845 0,000598
исп 3,183989 0,000975
ювелир 5,129899 0,001571
производителя 3,743604 0,001147
кубок 0,524729 0,004982
третий 1,416327 0,000434
во 0,495170 0,000758
уменьшенную 4,436752 0,001359
обязан 2,490841 0,000763
sa 0,986764 0,000302
occitan 1,466337 0,000449
олимпик 3,520461 0,004313
уже 0,687247 0,000210
дата 0,881403 0,002700
лидеры 2,085376 0,001277
постановление 4,436752 0,001359
сайте 1,217876 0,000373
nynorsk 1,546380 0,000474
внешние 1,122566 0,000344
рекопа 4,031286 0,001235
того 0,955511 0,001171
вы 0,325878 0,000200
проверялась 2,490841 0,000763
своё 1,664163 0,000510
барселона 1,834062 0,010111
га 3,520461 0,001078
финалиссима 4,436752 0,002718
spiro 5,129899 0,001571
мяча 1,834062 0,001123
январе 2,421849 0,000742
stat 4,436752 0,001359
español 1,019025 0,000312
итогам 1,603538 0,000982
турниры 0,895792 0,001372
mano 5,129899 0,001571
го 1,279751 0,000784
энциклопедии 0,986764 0,000604
bosanski 1,345709 0,000412
свой 1,217876 0,000373
чрезмерного 4,436752 0,001359
пари 1,301257 0,004384
associated 0,986764 0,000302
января 0,825834 0,001771
assist 5,129899 0,001571
български 1,086847 0,000333
чтобы 0,773190 0,000474
to 2,038856 0,000624
персональные 0,971016 0,000297
плей 1,002764 0,000921
ди 3,520461 0,001078
предматчевых 5,129899 0,001571
перед 0,839439 0,000257
большая 1,069456 0,000983
сайт 0,773190 0,000237
parcs 5,129899 0,001571
до 0,239550 0,000954
турнира 0,839439 0,002571
express 2,644992 0,000810
ua 3,520461 0,001078
турнире 1,198073 0,002569
зарегистрированный 0,986764 0,000302
сильнейшего 3,743604 0,001147
французской 3,183989 0,000975
гостях 2,239527 0,002058
лентапедия 3,743604 0,001147
agostini 3,183989 0,000975
базель 3,743604 0,001147
допуском 5,129899 0,001571
триков 3,520461 0,001078
меридиана 4,436752 0,001359
сюда 0,986764 0,000604
другом 2,564949 0,000786
двух 1,002764 0,000307
модрич 4,031286 0,001235
турниру 2,932674 0,000898
цитировать 0,986764 0,000302
предусматривла 5,129899 0,001571
отдать 3,338139 0,001022
регулярно 1,871802 0,000573
автоподтверждённых 3,183989 0,000975
азия 2,564949 0,000786
norsk 1,052361 0,000645
кубка 0,825834 0,003288
число 1,392229 0,000853
ido 1,546380 0,000474
для 0,146292 0,000269
сен 3,183989 0,010727
числу 1,546380 0,000474
составила 2,564949 0,000786
её 1,104547 0,000677
sina 3,338139 0,001022
ẽ 2,732003 0,000837
выбывание 3,743604 0,001147
internet 2,932674 0,000898
же 0,925206 0,000567
отменённом 5,129899 0,001571
русиньскый 2,732003 0,000837
включающее 4,436752 0,001359
национальная 1,574551 0,000482
polski 1,035554 0,000317
проигравшая 4,031286 0,001235
кубке 1,441019 0,000883
клубами 2,644992 0,002430
что 0,239550 0,000367
править 0,986764 0,000604
газетой 4,436752 0,001359
за 0,125952 0,000193
домашние 2,357310 0,000722
победил 1,279751 0,000392
эвертону 4,436752 0,001359
кубку 3,338139 0,001022
рейтинг 0,565551 0,000173
голы 2,134166 0,000654
basa 2,732003 0,000837
было 0,438551 0,000134
некоммерческих 4,031286 0,001235
форме 2,085376 0,000639
org 0,986764 0,000302
подробнее 0,723179 0,000221
отмечается 3,743604 0,001147
сыграть 2,421849 0,000742
франков 5,129899 0,001571
yerwa 5,129899 0,001571
были 0,799165 0,000490
образец 4,031286 0,001235
vèneto 2,357310 0,000722
официальными 3,183989 0,000975
тысяч 1,762603 0,000540
была 0,652562 0,000600
любой 2,038856 0,000624
отличаться 2,357310 0,000722
опубликовал 3,050457 0,000934
оригинальный 3,183989 0,000975
из 0,106018 0,000390
xx 1,546380 0,000947
победителей 2,085376 0,000639
играют 1,728701 0,001059
espn 2,932674 0,000898
мяч 1,546380 0,001421
еврокубки 1,546380 0,000474
роналду 1,911023 0,001171
августа 1,052361 0,000322
fair 3,338139 0,001022
победителем 1,574551 0,001929
liverpool 5,129899 0,001571
настоящий 2,490841 0,000763
скрытые 1,122566 0,000344
распределения 3,338139 0,001022
суперкубок 2,296685 0,004221
српски 1,035554 0,000317
габриэля 5,129899 0,001571
дней 1,416327 0,000434
форму 1,797694 0,000551
английской 2,932674 0,000898
спартак 0,786093 0,000241
включён 2,932674 0,000898
участников 1,159607 0,000710
исключением 1,994404 0,000611
розыгрышах 2,932674 0,000898
лигой 2,932674 0,000898
стадионе 1,994404 0,000611
холанн 5,129899 0,001571
байер 1,994404 0,000611
ряде 2,421849 0,000742
занимающие 5,129899 0,007856
дающее 4,031286 0,001235
анри 3,520461 0,001078
аргентина 2,421849 0,002225
полуфиналы 2,644992 0,000810
fedex 4,436752 0,001359
карибы 4,436752 0,001359
предложению 3,183989 0,000975
nedersaksies 3,183989 0,000975
ежедневно 2,357310 0,000722
srpski 1,035554 0,000317
кг 2,185460 0,000669
первенстве 1,994404 0,001833
квота 4,031286 0,001235
решалось 5,129899 0,001571
является 1,086847 0,002330
суперлига 1,574551 0,000482
октября 1,086847 0,000333
инфраструктуру 4,436752 0,001359
турции 2,185460 0,000669
которые 0,760451 0,000466
enjoy 5,129899 0,001571
учёта 2,732003 0,001674
foundation 0,986764 0,000302
левандовский 4,031286 0,002469
футбольных 2,038856 0,000624
клуба 1,178655 0,001805
который 0,799165 0,000490
идея 2,296685 0,000703
клубы 1,392229 0,002985
футбольный 1,951845 0,000598
дающие 5,129899 0,001571
никаких 2,644992 0,000810
например 1,603538 0,001473
رونی 2,490841 0,000763
галатасараем 4,031286 0,001235
следующим 2,564949 0,000786
get 4,031286 0,001235
следующий 1,574551 0,001447
клубу 2,239527 0,001372
которых 1,052361 0,001289
eat 5,129899 0,001571
правил 1,323236 0,000405
türkçe 1,052361 0,000322
вне 2,038856 0,000624
месяце 3,338139 0,001022
следующие 1,834062 0,000562
победа 1,238078 0,000379
ли 1,198073 0,000367
napulitano 2,932674 0,000898
форест 3,520461 0,003235
facebook 1,994404 0,000611
случае 1,441019 0,000883
футболки 3,338139 0,001022
звёзд 2,357310 0,000722
эрлинг 5,129899 0,001571
сити 1,546380 0,001421
америка 1,797694 0,001101
cebuano 2,932674 0,000898
увеличена 3,743604 0,001147
한국어 1,035554 0,000317
футболку 3,743604 0,001147
осенью 2,644992 0,000810
создании 2,827314 0,000866
америке 2,564949 0,000786
америки 1,695912 0,000519
партнёра 3,183989 0,000975
несколько 1,069456 0,000655
uefa 2,732003 0,005021
изменён 2,732003 0,001674
стран 1,546380 0,002368
условиям 3,183989 0,000975
собой 1,279751 0,000392
место 0,597299 0,002012
предварительный 5,129899 0,003142
побед 1,301257 0,002391
участвовал 2,732003 0,000837
центральная 2,827314 0,000866
свежие 0,910391 0,000279
количеству 1,574551 0,000965
начала 1,238078 0,000379
участие 0,597299 0,001464
на 0,023953 0,000279
oppo 5,129899 0,001571
старая 1,368699 0,000419
розыгрышей 3,520461 0,001078
nicolás 5,129899 0,001571
не 0,099461 0,000426
счёту 3,743604 0,001147
мёнхенгладбах 4,031286 0,001235
каждый 1,392229 0,000853
ни 1,603538 0,000491
ссылками 1,159607 0,000355
каждым 2,564949 0,000786
lager 5,129899 0,001571
но 0,402511 0,000247
ລາວ 2,932674 0,000898
еврокубков 2,827314 0,000866
апреля 1,052361 0,000645
финансовым 4,031286 0,001235
получают 2,185460 0,002008
ношение 4,031286 0,001235
категория 1,546380 0,000474
проводимые 2,357310 0,000722
ручек 4,436752 0,001359
обладателей 3,050457 0,001869
количество 1,217876 0,000746
magyar 1,086847 0,000333
спонсорами 3,520461 0,003235
нами 0,853233 0,000261
места 1,198073 0,001468
тёмным 5,129899 0,003142
об 0,217244 0,000067
вулверхэмптон 2,564949 0,000786
некоммерческой 0,986764 0,000302
формат 2,185460 0,002008
нет 0,825834 0,000253
путёвку 3,338139 0,001022
годы 1,258698 0,001542
справка 0,986764 0,000302
юношеская 2,732003 0,000837
мужчины 1,019025 0,001873
десятому 4,436752 0,001359
количестве 2,827314 0,000866
он 0,534779 0,000655
северная 2,357310 0,000722
ано 4,031286 0,004939
году 0,630089 0,000772
категории 0,986764 0,000604
от 0,160085 0,000490
квалификационных 2,932674 0,003593
рекламных 3,520461 0,001078
форум 0,881403 0,000270
этапах 2,827314 0,000866
статистика 0,652562 0,000999
названием 1,871802 0,000573
официальный 1,104547 0,000338
трофей 2,085376 0,006387
райан 3,743604 0,001147
становились 2,239527 0,000686
валенсия 3,183989 0,000975
alcance 5,129899 0,001571
zazaki 2,239527 0,000686
рекламные 2,932674 0,000898
все 0,125952 0,000116
википедия 0,986764 0,003627
clubs 5,129899 0,001571
മലയ 1,695912 0,000519
трофея 2,490841 0,000763
значительно 1,911023 0,000585
получая 3,743604 0,001147
года 0,239550 0,001834
по 0,073653 0,000767
монгол 1,518981 0,000465
inc 0,986764 0,000302
сведения 0,812411 0,000249
дочерними 5,129899 0,001571
выпуск 2,827314 0,000866
arpetan 3,520461 0,001078
информация 1,035554 0,000317
português 1,035554 0,000317
допущенный 4,436752 0,001359
допущенным 5,129899 0,001571
французского 2,932674 0,000898
особой 3,520461 0,001078
рб 2,357310 0,000722
очень 1,140915 0,000349
квалификационные 3,050457 0,001869
прессы 2,932674 0,000898
квалификационный 2,732003 0,003347
кыргызча 2,085376 0,000639
сообщество 0,986764 0,000302
википедии 0,986764 0,000604
какое 3,050457 0,000934
источник 0,853233 0,000523
playmakerstats 2,932674 0,000898
