胁褘胁械褋褌懈 3,743604 0,005886
泻邪薪邪写褑褘 3,743604 0,005886
褕邪泄斜 2,490841 0,003916
褉褍 1,994404 0,003136
锌褉械褌械薪写械薪褌芯屑 3,520461 0,005535
谢械薪褌邪 1,633391 0,007705
邪泻 1,695912 0,002667
薪芯胁褘械 0,747872 0,002352
褎械褌懈褋芯胁 3,743604 0,011772
褎褉邪薪褑褍蟹邪屑 5,129899 0,008066
卸邪谢芯斜褘 2,932674 0,004611
械褖械 0,955511 0,003005
褋锌芯褉褌 0,224624 0,010949
芯褑械薪懈谢 2,185460 0,003436
褋褌邪谢 0,586604 0,001845
锌褉芯褋屑芯褌褉 2,732003 0,004296
褝褌芯屑 0,565551 0,000889
芯褌胁械褌懈谢懈 3,050457 0,004796
褋芯 0,447767 0,001408
写芯斜褉芯 3,338139 0,005249
蟹邪褏芯褌械谢 3,743604 0,005886
卸屑懈 3,743604 0,005886
泄芯褉泻 2,644992 0,004159
锌芯写 0,723179 0,001137
蟹邪褟胁谢械薪懈械 0,867219 0,001364
褍褋褌邪薪芯胁懈谢 2,490841 0,003916
锌芯谢褜褕懈 2,732003 0,004296
褕胁械褑懈褟 1,345709 0,002116
芯写薪芯 1,664163 0,002617
锌褉械写邪褌械谢褜褋褌胁芯屑 5,129899 0,008066
芯写薪芯泻谢褍斜薪懈泻褍 5,129899 0,008066
褌邪泄屑 2,085376 0,003279
写芯斜褉邪 3,743604 0,011772
蟹薪邪械褌械 2,185460 0,003436
胁褘褋泻邪蟹邪谢褋褟 1,797694 0,005653
胁 0,017911 0,000507
谢械薪褌褍 3,520461 0,005535
锌芯褟胁懈谢懈褋褜 1,664163 0,005233
谢械写褟薪芯泄 3,338139 0,005249
写褉邪褎褌邪 3,520461 0,005535
褉械泻谢邪屑邪 0,735450 0,002313
褋锌邪褉褌邪泻邪 1,633391 0,002568
褔械褏懈懈 1,911023 0,003005
懈 0,023953 0,000226
懈薪褌械褉 1,633391 0,002568
谢械褌 0,475938 0,000748
胁邪卸薪芯褋褌懈 5,129899 0,008066
泄 0,825834 0,007791
斜褘 1,052361 0,001655
泻 0,132686 0,000209
屑 0,534779 0,005045
锌械褉褋锌械泻褌懈胁邪褏 4,436752 0,006976
芯 0,042302 0,000466
褎懈薪邪谢邪 1,104547 0,006947
泻褏谢 0,760451 0,004783
褉芯褋褋懈懈 0,160085 0,001259
蟹胁械蟹写褘 2,085376 0,003279
褋 0,036149 0,000171
ru 0,285712 0,001348
蟹邪写械褉卸邪谢懈 3,050457 0,004796
褍 0,342407 0,001077
褎懈褌薪械褋 1,574551 0,002476
芯斜懈褌邪薪懈褟 3,743604 0,005886
ctrl 3,520461 0,005535
褑械薪薪芯褋褌懈 3,183989 0,005006
芯泻邪蟹邪谢褋褟 2,085376 0,003279
褋写械谢邪谢 1,695912 0,002667
胁泻 3,520461 0,005535
邪胁褌芯 0,925206 0,001455
褋械蟹芯薪 1,368699 0,002152
蟹胁械蟹写 2,185460 0,003436
薪邪蟹胁邪谢 1,323236 0,004161
写械薪械谐 2,732003 0,004296
cookies 3,183989 0,005006
锌械薪褋懈懈 4,031286 0,006339
懈蟹胁械褋褌薪芯 1,871802 0,002943
褋谢褍褏懈 2,564949 0,004033
屑懈褉 1,546380 0,004863
胁械褉薪褍褌褜褋褟 1,911023 0,003005
胁锌械褉胁褘械 0,839439 0,002640
写褉邪泻褍 3,338139 0,005249
褋邪泄褌械 1,217876 0,001915
蟹邪锌邪写械 2,827314 0,004445
褔械屑锌懈芯薪邪褌 0,277868 0,000874
胁褘 0,325878 0,001025
薪邪卸屑懈褌械 3,520461 0,005535
懈褋褋谢械写芯胁邪薪懈褟 2,732003 0,004296
褍褋褌褉芯懈谢懈 3,743604 0,005886
褋胁芯械泄 1,002764 0,001577
褌械锌械褉褜 0,971016 0,001527
谢邪胁褉芯胁 2,932674 0,004611
褉芯褋褋懈泄褋泻懈泄 1,086847 0,001709
褍谐褉芯蟹芯泄 3,520461 0,005535
懈蟹褉邪懈谢械 3,338139 0,005249
写械谢械 2,421849 0,003808
褌褉邪泻褌芯褉 2,134166 0,003356
斜褘胁褕懈泄 1,762603 0,005543
褉芯褋褋懈褟 0,699082 0,001099
懈薪褌械褉薪械褌 1,695912 0,002667
褟写械褉薪芯谐芯 3,743604 0,005886
邪褌谢械褌懈泻芯 1,911023 0,003005
褉芯褋褋懈褞 1,951845 0,003069
褋褌褉邪薪薪芯 3,338139 0,005249
芯芯芯 1,871802 0,005886
锌褉懈褏芯写邪 2,827314 0,004445
薪褜褞 2,185460 0,003436
屑懈薪薪械褋芯褌械 5,129899 0,008066
褉械泻芯褉写 1,198073 0,001884
写械邪泻褌懈胁懈褉芯胁邪薪邪 3,743604 0,005886
锌褍褌械褕械褋褌胁懈褟 3,183989 0,005006
谐谢邪胁薪褘屑 1,633391 0,002568
谐芯褌芯胁懈褌褜 3,338139 0,005249
谐谢邪胁薪褘泄 1,035554 0,001628
褌褉械斜芯胁邪薪懈懈 4,436752 0,006976
褉械蟹泻芯 2,564949 0,004033
屑邪褋褋芯胁褍褞 4,436752 0,006976
褋褌褉褍泻褌褍褉褘 2,644992 0,004159
褋斜芯褉薪褍褞 1,633391 0,002568
芯褉褍卸懈褟 2,827314 0,004445
写褉械胁薪褞褞 3,743604 0,005886
芯胁械褔泻懈薪邪 3,050457 0,019185
褏芯褔械褕褜 3,520461 0,005535
械胁褉芯锌械 1,492313 0,002346
写芯锌褍褋褌懈谢邪 2,827314 0,004445
薪邪褕谢懈 1,994404 0,003136
褋褉芯泻邪 3,183989 0,005006
邪屑械褉懈泻邪薪褋泻懈褏 3,520461 0,005535
褕邪泄斜芯泄 1,122566 0,001765
褋邪泄褌 0,773190 0,001216
芯斜褘褔薪褍褞 3,743604 0,005886
褌褍褉薪懈褉邪 0,839439 0,001320
芯褌械褑 2,932674 0,004611
褍泻褉邪懈薪械 2,490841 0,003916
褉芯褋褋懈褟薪懈薪 2,185460 0,003436
胁懈写褘谢械褌薪懈械 3,743604 0,005886
锌芯褔械褌薪褘泄 4,031286 0,006339
legal 3,743604 0,005886
褌邪泻械褉邪 3,520461 0,005535
褍薪懈褔褌芯卸械薪懈械 3,743604 0,005886
泻邪褉邪斜邪褏 2,038856 0,003206
锌芯泻邪蟹邪褌褜 0,825834 0,001298
谐邪谢械褉械懈 3,520461 0,005535
褉芯褋褋懈泄褋泻懈褏 1,323236 0,002081
芯谢懈屑锌懈泄褋泻懈械 0,895792 0,005634
械泄 1,834062 0,002884
褞谢邪械胁 2,185460 0,003436
褝屑芯褑懈懈 3,338139 0,005249
erid 2,239527 0,003521
褋械斜褟 0,940244 0,001478
褎谢邪谐邪 2,932674 0,004611
锌械褉懈芯写 1,159607 0,001823
芯谢懈屑锌懈泄褋泻懈泄 0,853233 0,001342
锌芯写褉芯斜薪芯褋褌懈 2,421849 0,007616
锌芯斜械写褍 0,910391 0,001431
vk 1,441019 0,004532
褉邪蟹屑械褖械薪懈械 3,050457 0,004796
锌褉芯泻芯屑屑械薪褌懈褉芯胁邪谢懈 4,031286 0,006339
薪械懈蟹谢械褔懈屑褍褞 3,743604 0,005886
泻谢褍斜芯胁 1,603538 0,002521
芯褌褉械邪谐懈褉芯胁邪谢懈 3,050457 0,004796
锌械褖械褉褘 3,743604 0,005886
芯斜屑械薪邪 3,743604 0,005886
褉邪褋泻褉褘谢懈 3,520461 0,005535
褍屑械褉 2,185460 0,006873
锌芯褋谢邪 3,520461 0,005535
邪薪写卸械谢械褋邪 4,031286 0,006339
褋械斜械 1,546380 0,002431
褉械写邪泻褑懈褟褉械泻谢邪屑邪泻芯薪褌邪泻褌褘锌褉械褋褋 3,743604 0,005886
芯褔泻芯胁 1,198073 0,003768
屑邪褌械褉懈邪谢褘 1,762603 0,002771
胁懈写械芯 0,699082 0,003298
褔械褏懈褟 1,518981 0,002388
褍写懈胁懈胁褕褍褞 5,129899 0,008066
锌芯褋谢械 0,317714 0,001499
褉械谢懈蟹褘褌械褏锌芯写写械褉卸泻邪褋锌械褑锌褉芯械泻褌褘胁邪泻邪薪褋懈懈rss锌褉邪胁芯胁邪褟 3,743604 0,005886
褔械褔薪械 4,436752 0,006976
褉芯褋褋懈泄褋泻芯谐芯 1,603538 0,002521
胁褘懈谐褉邪薪薪褘械 4,031286 0,006339
褌褉邪屑锌芯屑 5,129899 0,008066
褔褌芯 0,239550 0,000377
芯褌褋褌褉邪薪械薪懈械 3,520461 0,005535
屑械写邪谢懈 0,971016 0,001527
锌褉械写谢芯卸懈谢 2,038856 0,006411
写薪邪 3,338139 0,005249
斜邪褉褋邪 3,743604 0,005886
蟹邪胁械褉褕褢薪 2,932674 0,036889
蟹邪 0,125952 0,000396
褋褌邪褌褜懈 0,524729 0,000825
泻邪薪邪写邪 1,301257 0,002046
live 1,518981 0,004777
褉械邪谢褜薪褍褞 4,436752 0,006976
褞薪邪泄褌械写 2,185460 0,003436
褉芯褋褋懈械泄 2,296685 0,003611
薪邪斜褉邪薪薪褘褏 2,564949 0,004033
斜褘谢芯 0,438551 0,000690
锌芯褋谢械写薪懈械 1,178655 0,001853
锌褉械褋褌懈卸薪褍褞 5,129899 0,008066
泻褍谢褜褌褍褉邪 2,732003 0,004296
xa 3,743604 0,005886
蟹邪谐褉褍蟹泻邪 3,338139 0,005249
褋懈谢芯胁褘械 3,050457 0,004796
邪褉褏懈胁 1,258698 0,001979
褎邪胁芯褉懈褌 3,338139 0,010497
褏芯泻泻械懈褋褌褘 2,134166 0,003356
褋屑芯谐 1,994404 0,003136
胁懈写褘褏芯泻泻械泄邪胁褌芯褋锌芯褉褌蟹芯卸 3,743604 0,005886
褉械泄薪写卸械褉褋 2,038856 0,003206
芯斜褉邪褌懈谢邪褋褜 4,031286 0,006339
褏芯泻泻械褞 1,603538 0,002521
褏芯泻泻械褟 2,239527 0,014085
褉械锌邪褉邪褑懈泄 4,436752 0,006976
懈薪褎械泻褑懈褞 3,743604 0,005886
褋褕邪 0,586604 0,002767
泻邪薪邪写褘 1,217876 0,001915
卸械薪褋泻芯泄 2,134166 0,003356
芯写芯谢械褌褜 3,743604 0,005886
懈蟹 0,106018 0,000833
褋褉械写邪 3,183989 0,005006
褕胁械泄褑邪褉懈褟 1,603538 0,002521
褋褉邪胁薪懈谢 3,183989 0,005006
锌芯芯斜械褖邪谢懈 3,743604 0,005886
褝泻褋泻谢褞蟹懈胁褘 2,732003 0,004296
薪芯屑械褉 1,994404 0,003136
锌褉懈薪械褋 4,031286 0,006339
泻邪薪邪写褋泻懈泄 2,564949 0,012099
terms 3,743604 0,005886
芯锌懈褋邪谢 3,743604 0,005886
锌谢邪薪 2,564949 0,004033
褋锌邪褉褌邪泻 0,786093 0,001236
enter 3,338139 0,005249
褎邪泻褌芯褉 3,183989 0,005006
锌邪薪邪褉懈薪邪 4,436752 0,027904
锌褉懈薪懈屑邪械褌械 3,743604 0,005886
锌褉芯写芯谢卸邪褟 2,732003 0,004296
谢懈褑芯 3,050457 0,004796
蟹械谢械薪褋泻芯屑褍 3,743604 0,005886
斜邪泄械褉 1,994404 0,003136
谢芯褋 1,518981 0,007165
锌邪薪邪褉懈薪 2,357310 0,003706
泻芯屑邪薪写褘 0,555188 0,000873
褉芯褋褋懈褟薪 1,762603 0,002771
薪芯胁芯褋褌械泄 1,574551 0,002476
芯胁械褔泻懈薪 1,762603 0,002771
芯斜屑械薪械 5,129899 0,008066
褉邪褋泻褉懈褌懈泻芯胁邪谢 3,520461 0,005535
屑邪褌褔懈 0,773190 0,004863
泻芯屑邪薪写褍 1,217876 0,001915
褝褋褌芯薪懈褟 2,490841 0,003916
褋褌褘泻芯胁褘械 2,732003 0,017182
屑邪褌褔械 0,747872 0,002352
薪邪谐褉邪写褍 3,050457 0,004796
卸懈蟹薪懈 1,122566 0,003530
褋械蟹芯薪械 1,466337 0,002306
蟹邪斜芯褌邪 3,520461 0,005535
邪褉屑懈褞 3,183989 0,005006
屑邪褌褔 0,411400 0,008409
锌芯卸邪谢芯胁邪褌褜 3,338139 0,005249
谐褉械褌褑泻懈 3,050457 0,004796
写械褌邪谢褜 3,520461 0,005535
写褍斜谢褜 2,827314 0,004445
屑屑邪蟹懈屑薪懈械 3,743604 0,005886
泻谢褍斜邪 1,178655 0,001853
薪褜褞泻邪褋谢 2,085376 0,003279
褋懈斜懈褉懈 3,520461 0,005535
褎芯谢邪 3,743604 0,005886
芯谢懈屑锌懈邪泻芯褋 2,085376 0,003279
写胁褍泻褉邪褌薪褘泄 2,239527 0,003521
写懈薪邪屑芯 0,663991 0,002088
ranyndt 3,743604 0,005886
褋谢械写褍褞褖懈泄 1,574551 0,002476
褝褌芯 0,277868 0,000437
写械褉蟹泻芯械 3,743604 0,005886
锌芯泻芯谢械薪懈褟 3,050457 0,004796
褉邪褋泻褉褘褌 3,338139 0,005249
懈蟹胁械褋褌械薪 2,564949 0,004033
胁械褖褜 4,436752 0,006976
lenta 2,239527 0,003521
褋械谐芯写薪褟 0,881403 0,001386
锌褉械胁蟹芯褕械谢 4,031286 0,006339
锌褉械蟹懈写械薪褌 1,416327 0,002227
薪芯胁褍褞 1,664163 0,002617
蟹芯谢芯褌褘械 1,728701 0,002718
褋屑懈 1,546380 0,002431
芯锌械褔邪褌泻褍 3,520461 0,005535
械谐芯 0,447767 0,002112
褌褉械薪械褉 0,895792 0,001408
锌邪薪邪褉懈薪褍 5,129899 0,008066
褌芯谢褜泻芯 0,447767 0,000704
薪芯胁芯褋褌懈 0,301585 0,002371
胁芯泄褌懈 0,735450 0,002313
谐谢懈屑褌 2,038856 0,003206
屑薪 2,490841 0,003916
褏芯褉芯褕懈械 2,732003 0,004296
斜褉邪谢 3,183989 0,005006
vkvideo 3,743604 0,011772
薪褏谢 0,925206 0,013093
写芯褋褌懈谐 3,338139 0,005249
懈褋锌芯谢褜蟹褍褞褌褋褟 1,994404 0,003136
邪薪写卸械谢械褋 1,834062 0,002884
褎懈薪谢褟薪写懈褟 1,492313 0,002346
谢懈谐邪 0,402511 0,002532
褉邪褋褋泻邪蟹邪谢 1,238078 0,003893
褋褘谐褉邪褞褌 2,490841 0,003916
薪邪褔邪谢懈 1,546380 0,002431
写芯谢懈薪芯泄 3,338139 0,005249
褎芯薪斜械褌 1,466337 0,004611
泻芯谢懈褔械褋褌胁褍 1,574551 0,002476
褋斜芯褉薪芯泄 0,825834 0,003895
褍谢褍褔褕械薪懈褟 3,183989 0,005006
芯谢懈屑锌懈邪写械 0,895792 0,004225
械写懈薪芯械 3,743604 0,005886
褝泻芯薪芯屑懈泻邪 2,421849 0,003808
蟹邪斜褉芯褋懈谢懈 3,743604 0,005886
薪邪 0,023953 0,000414
胁泻谢褞褔懈褌褜 3,183989 0,005006
锌芯锌邪谢 1,911023 0,003005
懈褋锌芯谢褜蟹芯胁邪褌褜 1,603538 0,002521
薪邪懈斜芯谢械械 1,466337 0,002306
胁谢邪褋褌懈 2,644992 0,004159
褋芯谐谢邪褕械薪懈械 1,834062 0,002884
写械褋褟褌褜 2,185460 0,003436
斜褉褞谐谐械 1,951845 0,003069
谐械褉屑邪薪懈褟 1,140915 0,001794
泻褍褔械褉芯胁械 5,129899 0,008066
薪械芯褔械胁懈写薪褘泄 3,743604 0,005886
薪褘薪械褕薪械屑 3,743604 0,005886
泻邪锌褉懈蟹芯胁邪 5,129899 0,008066
泻邪褉谢褋芯薪邪 3,520461 0,005535
锌芯褟胁谢械薪懈械 2,732003 0,004296
褋锌械褑锌褉芯械泻褌褘 2,421849 0,003808
褉芯褋褋懈泄褋泻芯屑褍 3,520461 0,005535
锌械褉胁褘屑 1,238078 0,001947
芯斜 0,217244 0,000683
泻褍褔械褉芯胁 2,357310 0,003706
斜褍写褢 2,827314 0,004445
锌械褉械谐芯胁芯褉芯胁 2,732003 0,008591
锌邪屑褟褌懈 2,564949 0,004033
锌芯写薪褟谢懈 3,338139 0,005249
谢邪褌胁懈泄褋泻懈泄 4,031286 0,006339
芯斜褉邪褖械薪懈褟 0,925206 0,001455
芯懈 0,812411 0,001277
懈谐褉褘 0,376309 0,003550
芯斜屑械薪褟谢懈 4,436752 0,006976
褉械邪谢褜薪褘泄 2,932674 0,004611
芯薪 0,534779 0,001682
褋褋褋褉 0,940244 0,002957
褌械褏薪懈泻邪 2,134166 0,003356
褎械胁褉邪谢褟 0,232059 0,010946
褔械屑锌懈芯薪 0,867219 0,001364
泻褉械褋褌薪褘泄 5,129899 0,008066
芯褌 0,160085 0,001007
褌褉邪屑锌邪 3,520461 0,005535
褋谢芯胁邪泻懈褟 1,834062 0,002884
胁褋械芯谢懈屑锌懈邪写邪褋褌邪胁泻懈褎褍褌斜芯谢斜芯泻褋 3,743604 0,005886
褌褞褉械屑薪芯谐芯 4,436752 0,006976
胁械褉薪褍褌褜 2,185460 0,003436
卸械薪械胁械 3,183989 0,005006
褉邪蟹屑械褉 2,827314 0,004445
胁褋械 0,125952 0,000396
屑械卸写褍薪邪褉芯写薪芯泄 1,345709 0,002116
谐谢邪胁薪芯械 1,574551 0,002476
ok 3,743604 0,005886
谐芯写邪 0,239550 0,000377
锌芯 0,073653 0,000347
褋邪谢邪胁邪褌 2,134166 0,003356
薪芯胁芯谐芯 1,574551 0,002476
谐写械 0,675551 0,001062
懈薪褌械褉胁褜褞 0,971016 0,001527
褌褉械褌褜褟泻 3,743604 0,005886
褏芯泻泻械懈褋褌 2,644992 0,033270
泻褌芯 0,839439 0,001320
谢械褌薪械谐芯 2,239527 0,003521
胁褋褌褉械褔械 2,296685 0,003611
写芯褋褌懈卸械薪懈械 2,038856 0,003206
屑懈薪懈 2,185460 0,003436
泻邪薪邪写械褑 3,338139 0,005249
胁懈写械褌褜 2,932674 0,004611
邪薪写卸械谢械褋芯屑 5,129899 0,008066
芯褌屑械褌泻懈 3,338139 0,005249
懈薪褎芯褉屑邪褑懈褟屑懈薪懈 3,743604 0,005886
薪邪褍泻邪 3,050457 0,004796
褔械屑锌懈芯薪芯胁 0,652562 0,004104
褎械写械褉邪褑懈懈 0,663991 0,001044
褍褋谢芯胁懈褟 0,411400 0,000647
