печальную 5,129899 0,003333
финал 1,258698 0,001636
скорбит 5,129899 0,003333
крупенникова 5,129899 0,006667
лев 2,932674 0,001906
день 0,760451 0,000494
ещё 0,420369 0,000273
белта 5,129899 0,013333
ждет 3,338139 0,002169
еще 0,955511 0,001863
стал 0,586604 0,000762
теннис 0,495170 0,000965
зенитовцы 4,436752 0,002883
приняли 1,633391 0,001061
ахмат 1,217876 0,001583
заявил 1,441019 0,000936
фигурное 0,534779 0,001042
со 0,447767 0,002037
давайте 3,743604 0,002432
правой 3,520461 0,002287
декабря 0,881403 0,009163
заявление 0,867219 0,000563
опускать 5,129899 0,003333
юношей 2,932674 0,001906
забили 2,421849 0,003147
сэ 2,932674 0,001906
астраханского 5,129899 0,003333
а 0,209918 0,000273
тв 1,633391 0,001061
отличились 3,520461 0,004575
в 0,017911 0,000663
георгий 2,490841 0,004855
реклама 0,735450 0,000956
е 0,867219 0,001127
з 3,050457 0,001982
и 0,023953 0,000467
политика 0,239550 0,000467
связь 1,392229 0,002714
к 0,132686 0,000086
м 0,534779 0,001390
поставили 2,932674 0,001906
н 0,895792 0,001164
о 0,042302 0,000330
п 1,086847 0,001412
санкт 1,279751 0,000832
перевернулся 5,129899 0,003333
финала 1,104547 0,006459
рассчитано 4,436752 0,002883
с 0,036149 0,000376
она 0,825834 0,001073
перейдет 4,031286 0,002619
сейчас 1,104547 0,000718
белоруссии 3,183989 0,004138
у 0,342407 0,000667
проекты 1,198073 0,000778
течение 1,238078 0,000804
дополнительного 2,932674 0,001906
olimpbet 3,050457 0,001982
ц 5,129899 0,003333
авто 0,925206 0,001804
матчах 1,574551 0,002046
сезон 1,368699 0,001779
норвегии 1,728701 0,002247
репортажи 1,797694 0,001168
я 0,853233 0,000554
сочи 0,853233 0,001109
делал 4,031286 0,002619
футбол 0,285712 0,000928
конфиденциальности 0,317714 0,000619
сообщается 2,932674 0,001906
француженки 5,129899 0,003333
бум 1,911023 0,002483
мустафой 5,129899 0,003333
португалия 2,296685 0,001492
дружбы 3,743604 0,004865
главой 3,050457 0,001982
теперь 0,971016 0,000631
гандболу 3,338139 0,054226
решила 2,827314 0,003674
мужского 2,357310 0,003063
время 0,384967 0,001251
весной 2,564949 0,003333
поединке 2,827314 0,001837
китая 2,932674 0,003811
исландия 2,644992 0,003437
исландию 5,129899 0,006667
общались 5,129899 0,003333
про 1,301257 0,000846
состоялся 1,664163 0,001081
новгород 1,217876 0,001583
летом 2,185460 0,002840
главным 1,633391 0,001061
мелбет 1,762603 0,002291
румынский 3,743604 0,002432
ранее 1,104547 0,000718
победитель 1,258698 0,000818
главный 1,035554 0,002019
белорусским 4,031286 0,002619
петербурге 2,296685 0,001492
прошлым 3,743604 0,002432
проекте 1,546380 0,002010
главных 1,994404 0,001296
также 0,663991 0,001294
финале 1,633391 0,004245
полусредней 5,129899 0,003333
сборную 1,633391 0,004245
избитым 5,129899 0,006667
разыгрывающая 5,129899 0,006667
юбилей 3,183989 0,002069
италия 0,867219 0,000563
уступили 2,421849 0,003147
соцсетях 1,466337 0,000953
следующего 2,185460 0,001420
пределами 2,239527 0,001455
сыграет 1,603538 0,001042
воронин 4,031286 0,002619
хернинг 4,436752 0,008649
бухарест 4,436752 0,005766
снова 1,574551 0,001023
машеки 5,129899 0,013333
групповые 3,183989 0,002069
питерского 4,436752 0,002883
окончании 1,911023 0,001242
зарубежный 1,911023 0,003725
заключительный 3,743604 0,002432
жанейро 2,421849 0,001574
ставок 1,664163 0,002163
соперников 1,664163 0,002163
показать 0,825834 0,000537
уступила 2,085376 0,002710
проходило 3,743604 0,002432
мма 1,069456 0,002085
возглавил 2,732003 0,001775
машеку 5,129899 0,003333
подписала 3,743604 0,002432
гандболисты 4,436752 0,017297
олимпийским 1,492313 0,000970
олимпизм 1,466337 0,002858
представляет 1,871802 0,001216
счет 1,797694 0,002336
себя 0,940244 0,000611
олимпийский 0,853233 0,002218
ирина 2,827314 0,001837
дуда 5,129899 0,003333
читать 0,586604 0,000381
клубом 1,994404 0,001296
игр 0,367725 0,000478
победы 0,971016 0,000631
материалов 1,217876 0,001583
видеосвязи 5,129899 0,003333
присутствовал 4,436752 0,002883
спортс 1,871802 0,010946
обыграла 1,911023 0,009934
могилевчане 5,129899 0,003333
прошла 1,994404 0,002592
один 0,711058 0,000462
очков 1,198073 0,000778
обыграли 2,296685 0,001492
прошли 1,762603 0,003436
полностью 1,546380 0,001005
видео 0,699082 0,000454
словении 4,031286 0,005239
биатлон 0,534779 0,001042
олимпийских 0,799165 0,000519
локомотив 0,910391 0,001183
счетом 2,239527 0,007276
спортсменки 2,357310 0,001532
коллегами 5,129899 0,003333
россиянка 2,421849 0,003147
представительниц 5,129899 0,003333
луня 5,129899 0,006667
мой 2,421849 0,001574
преимуществом 3,520461 0,002287
конгресса 4,031286 0,002619
летняя 2,085376 0,001355
обсудить 5,129899 0,006667
инициативой 3,743604 0,002432
раунд 2,134166 0,002773
дарья 2,085376 0,001355
лидер 2,296685 0,001492
присоединится 4,436752 0,002883
итоговая 3,520461 0,002287
мячей 1,871802 0,004865
качестве 1,574551 0,001023
среди 0,597299 0,001164
роттердам 4,436752 0,005766
москве 1,518981 0,001974
девушки 2,421849 0,001574
олимп 1,762603 0,002291
сборные 0,839439 0,002182
юниоров 1,728701 0,001123
анатолий 2,490841 0,003237
закончилась 2,827314 0,001837
конференции 2,421849 0,001574
датском 5,129899 0,003333
конфликта 2,732003 0,003550
троевластие 5,129899 0,003333
команда 0,663991 0,000431
екатерина 2,185460 0,001420
дания 2,085376 0,013550
павел 1,871802 0,001216
офф 1,019025 0,000662
команде 1,258698 0,000818
результаты 0,910391 0,000592
тасс 1,695912 0,006612
возвращение 1,762603 0,001145
конференция 2,644992 0,001719
дании 2,932674 0,007622
команды 0,555188 0,001082
хочу 2,421849 0,001574
зенит 0,895792 0,004656
матчи 0,773190 0,002512
команду 1,217876 0,003957
анонсировала 4,436752 0,002883
матче 0,747872 0,003402
жизни 1,122566 0,000729
георгием 5,129899 0,003333
пройдут 2,644992 0,001719
одним 1,416327 0,000920
акрон 1,279751 0,001663
хозяев 2,644992 0,001719
жен 2,564949 0,005000
заикина 5,129899 0,003333
смерти 2,239527 0,001455
белорусы 5,129899 0,003333
ференцвароша 5,129899 0,003333
был 0,663991 0,001726
двукратный 2,239527 0,001455
сообщает 1,994404 0,005184
чайковский 5,129899 0,003333
находится 1,492313 0,000970
группа 1,834062 0,001192
ссоры 4,436752 0,002883
это 0,277868 0,000361
эту 1,492313 0,000970
сезона 1,052361 0,002051
смена 2,357310 0,001532
два 0,760451 0,000494
допуск 3,743604 0,007297
уточняются 5,129899 0,003333
леон 1,797694 0,002336
спортсменов 0,786093 0,000511
две 1,019025 0,000662
новость 2,644992 0,001719
опубликовано 4,031286 0,002619
тренер 0,895792 0,001746
только 0,447767 0,000291
роттердаме 4,031286 0,002619
подвела 4,436752 0,002883
бронзу 2,085376 0,004065
установили 3,050457 0,001982
перевесом 4,436752 0,002883
новости 0,301585 0,001176
ференцварош 4,436752 0,002883
нхл 0,925206 0,001804
mail 1,301257 0,000846
дальше 1,492313 0,000970
астрашапкин 5,129899 0,003333
турнир 0,699082 0,001363
фонбет 1,466337 0,001906
недели 2,357310 0,001532
дороге 3,183989 0,002069
инцидентом 3,743604 0,002432
звездная 5,129899 0,003333
мира 0,367725 0,002628
уходе 2,932674 0,001906
особенным 4,436752 0,002883
финальном 2,564949 0,003333
выступала 2,732003 0,001775
вяхирева 5,129899 0,016666
использования 0,393700 0,000256
директор 2,085376 0,001355
германия 1,140915 0,004448
фгр 4,436752 0,014414
карьере 1,994404 0,001296
гандбола 3,743604 0,024325
германию 2,827314 0,007348
когда 0,652562 0,000424
армейского 4,031286 0,002619
играть 1,368699 0,000889
черногории 5,129899 0,003333
результативным 4,436752 0,005766
всего 0,812411 0,000528
астрахань 4,031286 0,007858
гандболе 4,436752 0,002883
гандбол 1,178655 0,018381
оренбург 1,323236 0,001720
норвегией 5,129899 0,003333
черногория 2,732003 0,003550
астрахани 5,129899 0,006667
черногорию 5,129899 0,003333
евтушенко 5,129899 0,006667
игровые 1,603538 0,005210
назад 1,140915 0,000741
предыдущий 3,183989 0,002069
сменит 4,436752 0,002883
старты 2,827314 0,001837
увлечениях 5,129899 0,003333
карьеру 1,518981 0,000987
февраля 0,232059 0,000754
пермских 5,129899 0,003333
ссср 0,940244 0,001222
олимпийская 1,911023 0,002483
трефилов 5,129899 0,003333
пять 1,368699 0,000889
германии 1,323236 0,004299
вопрос 1,603538 0,001042
компания 1,279751 0,001663
забросивший 5,129899 0,006667
международной 1,345709 0,000874
датским 5,129899 0,003333
матчей 0,940244 0,000611
против 0,747872 0,000486
именно 1,492313 0,000970
заикин 5,129899 0,010000
французским 3,743604 0,002432
другие 0,384967 0,001251
датский 3,520461 0,002287
федерация 1,002764 0,004561
интервью 0,971016 0,001262
одолела 3,520461 0,006862
компании 1,301257 0,000846
одолели 4,031286 0,002619
использование 1,104547 0,001435
чемпионатов 1,416327 0,001841
рекомендаций 1,871802 0,003649
рубин 1,217876 0,001583
самым 1,392229 0,001809
соревнование 1,664163 0,001081
кипра 4,436752 0,002883
кулинарией 5,129899 0,003333
федераций 2,134166 0,001387
советов 1,217876 0,001583
федерации 0,663991 0,001294
разницей 2,827314 0,001837
ключевых 2,827314 0,001837
пострадал 4,031286 0,002619
победой 2,038856 0,001325
швеции 1,664163 0,001081
отмечать 5,129899 0,003333
молодежный 3,520461 0,002287
другими 2,421849 0,001574
национальных 1,871802 0,001216
балтика 1,258698 0,003271
спорт 0,224624 0,002043
кулак 4,031286 0,002619
этой 1,052361 0,001368
этом 0,565551 0,001102
обыграл 1,574551 0,001023
франция 1,122566 0,002918
этот 0,825834 0,000537
борьба 1,002764 0,000652
сборная 0,711058 0,003234
протяжении 1,951845 0,001268
хмельков 5,129899 0,003333
стало 1,217876 0,000791
наверху 5,129899 0,003333
дорожного 5,129899 0,006667
целого 3,338139 0,002169
франции 1,035554 0,002019
состава 2,085376 0,001355
стала 0,881403 0,000573
посвященная 4,436752 0,002883
составе 1,546380 0,003014
допуске 3,183989 0,002069
трир 5,129899 0,003333
бы 1,052361 0,002051
женщин 1,368699 0,002668
кхл 0,760451 0,001482
пресс 1,086847 0,003531
россии 0,160085 0,001248
действовать 0,955511 0,001242
фитнес 1,574551 0,003069
результатам 1,911023 0,001242
увлечении 5,129899 0,003333
хассаном 5,129899 0,003333
кубок 0,524729 0,000341
легенда 2,134166 0,001387
во 0,495170 0,001287
многолетний 3,520461 0,002287
важно 2,827314 0,001837
российские 1,301257 0,000846
известно 1,871802 0,001216
бресте 5,129899 0,003333
сайте 1,217876 0,000791
бреста 5,129899 0,003333
мужском 2,644992 0,001719
раз 0,504926 0,000984
чемпионат 0,277868 0,002708
возглавить 2,932674 0,001906
того 0,955511 0,000621
спортивных 1,279751 0,000832
брестом 5,129899 0,003333
букмекеры 1,664163 0,002163
испания 1,466337 0,000953
выложил 3,743604 0,002432
зенита 1,797694 0,001168
турниры 0,895792 0,000582
конце 1,518981 0,000987
игрового 2,732003 0,001775
го 1,279751 0,000832
ему 1,323236 0,000860
телеканал 3,183989 0,002069
рекорд 1,198073 0,002335
целях 2,732003 0,001775
питерскому 4,436752 0,002883
лидера 2,421849 0,001574
коллегой 5,129899 0,003333
европы 0,524729 0,004432
пари 1,301257 0,001691
января 0,825834 0,003756
рассказала 2,296685 0,002985
зениту 2,827314 0,005511
рбк 1,797694 0,001168
гандбольного 4,436752 0,008649
плей 1,002764 0,000652
де 0,955511 0,000621
причине 2,490841 0,001618
казахстан 1,301257 0,002537
перед 0,839439 0,000545
связать 5,129899 0,003333
двухлетний 3,520461 0,002287
турнира 0,839439 0,001091
до 0,239550 0,000467
представители 1,633391 0,001061
бет 1,834062 0,002383
выступать 1,633391 0,001061
скончался 2,564949 0,001667
причины 3,520461 0,002287
другой 1,492313 0,000970
шишкарев 5,129899 0,003333
работа 2,564949 0,001667
двух 1,002764 0,000652
французском 3,520461 0,002287
российских 1,323236 0,002579
миром 4,031286 0,002619
итоге 1,797694 0,001168
обсудит 5,129899 0,003333
сопротивления 3,743604 0,002432
итоги 1,834062 0,001192
сдаваться 5,129899 0,003333
кубка 0,825834 0,000537
клуб 0,940244 0,000611
vk 1,441019 0,000936
работы 1,797694 0,001168
нидерландах 3,743604 0,004865
турнирная 1,441019 0,001873
объявила 2,564949 0,001667
мото 1,574551 0,003069
образовалось 4,436752 0,002883
нижний 1,159607 0,001507
умер 2,185460 0,001420
владимиром 2,932674 0,001906
планах 3,183989 0,002069
чемпионата 0,735450 0,002867
поражение 1,546380 0,001005
ростов 1,002764 0,001303
тренером 1,951845 0,002537
чемпионате 1,178655 0,002298
планам 5,129899 0,003333
после 0,317714 0,000206
путь 1,834062 0,001192
что 0,239550 0,000467
краснодар 0,925206 0,001202
близнова 5,129899 0,003333
букмекеров 1,198073 0,003892
за 0,125952 0,001064
будущий 3,050457 0,001982
европейская 2,421849 0,001574
оказать 3,743604 0,002432
рейтинг 0,565551 0,002572
было 0,438551 0,001140
сообщила 2,564949 0,001667
олег 1,951845 0,002537
следит 3,050457 0,003964
ходу 1,834062 0,001192
вернулась 2,932674 0,001906
избит 5,129899 0,006667
технологиях 1,911023 0,003725
киселев 4,436752 0,002883
медведей 5,129899 0,003333
если 0,675551 0,000439
рен 4,436752 0,002883
бетсити 1,633391 0,002123
женской 2,134166 0,001387
пятый 2,421849 0,001574
сделаем 4,436752 0,002883
винлайн 1,834062 0,002383
женском 2,038856 0,002650
seha 5,129899 0,013333
из 0,106018 0,000551
больнице 5,129899 0,003333
вторник 3,338139 0,002169
победителей 2,085376 0,002710
еврокубки 1,546380 0,003014
мяч 1,546380 0,002010
тему 1,664163 0,002163
наш 2,357310 0,001532
могилеве 5,129899 0,006667
групповой 2,085376 0,004065
может 0,630089 0,001228
победителем 1,574551 0,001023
избили 5,129899 0,003333
беларусь 1,368699 0,002668
ильина 4,031286 0,002619
оденсе 4,436752 0,008649
результативности 3,050457 0,005946
дней 1,416327 0,000920
нидерланды 1,728701 0,005616
хоккей 0,376309 0,001223
спартак 0,786093 0,001022
егор 2,085376 0,001355
автобус 4,031286 0,002619
продолжится 4,031286 0,002619
проиграла 2,239527 0,001455
беларуси 2,644992 0,001719
казань 1,345709 0,000874
ihf 4,436752 0,005766
служба 2,134166 0,002773
обратная 1,441019 0,002809
риа 1,466337 0,003811
словения 2,490841 0,001618
сосредоточена 5,129899 0,003333
потерпели 3,050457 0,001982
ковалевский 4,436752 0,002883
цска 0,711058 0,003234
домашнем 2,732003 0,001775
актуальные 1,834062 0,001192
россиян 1,762603 0,001145
ряда 2,644992 0,001719
раза 1,834062 0,001192
ведущих 2,239527 0,001455
хозяевам 5,129899 0,003333
будущее 3,520461 0,004575
времени 1,140915 0,001483
год 0,687247 0,000893
уходящего 5,129899 0,003333
гостей 3,338139 0,004338
контракт 1,518981 0,001974
серьезного 5,129899 0,003333
матч 0,411400 0,001337
международные 1,238078 0,001609
турнирную 3,520461 0,002287
сегодняшняя 5,129899 0,003333
которые 0,760451 0,000988
лыжный 1,728701 0,003370
суперлиги 2,644992 0,001719
выиграли 1,518981 0,002961
клуба 1,178655 0,003829
вторую 2,421849 0,003147
планы 3,050457 0,001982
эстонии 3,743604 0,002432
руководителями 5,129899 0,003333
динамо 0,663991 0,003452
рио 2,296685 0,001492
переменах 5,129899 0,003333
артем 3,183989 0,002069
клубу 2,239527 0,001455
крылья 1,258698 0,001636
нидерландов 2,732003 0,003550
женская 2,239527 0,002910
покину 5,129899 0,003333
текущий 2,357310 0,001532
экспресс 1,416327 0,004601
сегодня 0,881403 0,000573
отложила 5,129899 0,003333
той 1,994404 0,001296
страны 1,052361 0,001368
вместе 1,178655 0,000766
будем 2,490841 0,001618
ситуацией 4,031286 0,005239
чемпионка 1,911023 0,002483
лиги 0,895792 0,001164
руки 2,038856 0,001325
будет 0,825834 0,002146
собой 1,279751 0,000832
место 0,597299 0,001164
юлия 2,085376 0,002710
чемпионок 4,436752 0,002883
лиге 1,368699 0,001779
продолжить 2,134166 0,001387
чемпионом 1,122566 0,000729
решение 1,238078 0,001609
лига 0,402511 0,001831
генеральный 1,951845 0,001268
мх 1,728701 0,002247
гала 3,520461 0,002287
сборной 0,825834 0,003220
мы 0,925206 0,001804
корреспондент 3,338139 0,004338
летний 1,834062 0,001192
олимпиаде 0,895792 0,000582
том 0,895792 0,000582
участие 0,597299 0,000388
гандболистки 5,129899 0,003333
на 0,023953 0,000265
коноплевым 5,129899 0,003333
победила 1,762603 0,003436
состав 1,238078 0,001609
гирик 5,129899 0,003333
анна 1,797694 0,002336
продлевать 3,183989 0,002069
тренера 1,546380 0,002010
не 0,099461 0,000452
календарь 0,735450 0,000956
гандболистка 5,129899 0,010000
заикиным 5,129899 0,003333
петербуржцев 3,743604 0,002432
дмитриевой 5,129899 0,003333
смогли 2,239527 0,001455
bettery 1,871802 0,002432
соглашение 1,834062 0,003575
хорватии 3,338139 0,002169
дмитриева 3,743604 0,004865
но 0,402511 0,000523
водные 0,867219 0,001690
сервисов 1,834062 0,001192
таблица 0,925206 0,001202
золотого 3,050457 0,001982
норвежские 5,129899 0,003333
победили 1,951845 0,002537
евгений 1,258698 0,000818
трудное 5,129899 0,006667
дважды 1,574551 0,001023
количество 1,217876 0,000791
хорватию 5,129899 0,003333
международная 1,301257 0,002537
завоевала 1,695912 0,001102
места 1,198073 0,000778
норвегия 1,834062 0,005959
об 0,217244 0,000565
российская 0,799165 0,001039
одинаковое 3,050457 0,001982
хорватия 2,357310 0,003063
переиграла 4,436752 0,005766
таблицу 3,183989 0,002069
мужчины 1,019025 0,001986
закончена 4,436752 0,002883
разошлись 4,031286 0,002619
венгерский 4,031286 0,002619
он 0,534779 0,000347
чемпион 0,867219 0,000563
году 0,630089 0,000409
от 0,160085 0,000104
получал 2,732003 0,001775
состоялась 2,134166 0,001387
бокс 0,576022 0,001123
катание 0,534779 0,001042
годах 1,492313 0,000970
владели 4,436752 0,002883
все 0,125952 0,000327
стадиона 2,490841 0,001618
премьер 1,217876 0,003957
проиграли 2,421849 0,003147
объявить 3,520461 0,002287
возможность 1,728701 0,001123
pari 1,603538 0,002084
года 0,239550 0,000934
по 0,073653 0,001579
стадии 2,085376 0,001355
встреча 2,085376 0,004065
армейцев 2,932674 0,001906
службой 3,183989 0,002069
встречи 2,490841 0,001618
этого 0,881403 0,000573
французского 2,932674 0,001906
своих 1,345709 0,000874
ярослав 3,183989 0,002069
проводит 2,038856 0,001325
установлен 2,357310 0,003063
очень 1,140915 0,002224
третье 1,603538 0,001042
принимал 3,050457 0,001982
коллективов 3,743604 0,002432
мужская 2,644992 0,001719
амбициях 4,031286 0,002619
второй 0,786093 0,000511
условия 0,411400 0,000267
