получила 1,728701 0,004374
двукратная 3,050457 0,001929
день 0,760451 0,000481
лед 2,732003 0,001728
ещё 0,420369 0,000266
сакамото 3,520461 0,006680
еще 0,955511 0,001813
оценил 2,185460 0,001382
проката 3,050457 0,001929
теннис 0,495170 0,000940
прокате 3,520461 0,002227
кевин 2,085376 0,002638
играх 0,699082 0,006190
потанцевали 5,129899 0,003245
ахмат 1,217876 0,001541
них 1,178655 0,000746
фигурном 2,827314 0,001788
фигурное 0,534779 0,008795
риттбергер 4,436752 0,002806
со 0,447767 0,000283
милане 2,038856 0,007738
метелкиной 5,129899 0,003245
откатала 5,129899 0,003245
станцевал 5,129899 0,003245
пойти 3,338139 0,002111
тренироваться 2,827314 0,001788
учебе 5,129899 0,006489
одно 1,664163 0,002105
сэ 2,932674 0,011130
решило 2,932674 0,001855
сообщил 2,357310 0,001491
а 0,209918 0,000664
пусть 2,827314 0,001788
должны 1,178655 0,000746
сражается 5,129899 0,003245
в 0,017911 0,000702
приглашали 4,436752 0,002806
д 0,895792 0,000567
заслуженный 2,827314 0,001788
реклама 0,735450 0,000930
е 0,867219 0,002194
немного 2,038856 0,002579
фото 0,799165 0,000505
и 0,023953 0,000379
политика 0,239550 0,000455
связь 1,392229 0,002642
скромно 5,129899 0,003245
к 0,132686 0,000084
то 0,652562 0,000826
льду 2,421849 0,003064
н 0,895792 0,001133
о 0,042302 0,000428
задания 5,129899 0,003245
п 1,086847 0,001375
приносят 4,031286 0,002550
брендами 4,436752 0,002806
сейчас 1,104547 0,000699
с 0,036149 0,000297
она 0,825834 0,001045
начнутся 4,436752 0,002806
ошибок 3,050457 0,001929
у 0,342407 0,000650
четверных 4,031286 0,002550
проекты 1,198073 0,000758
серебряный 1,994404 0,002523
каори 4,436752 0,005613
авто 0,925206 0,001756
они 0,760451 0,000481
разгар 5,129899 0,003245
звезд 2,185460 0,001382
сун 5,129899 0,003245
пятом 2,644992 0,001673
репортажи 1,797694 0,001137
назвал 1,323236 0,000837
я 0,853233 0,001079
коньки 2,564949 0,001622
лутц 4,031286 0,007649
делу 2,827314 0,003577
сочи 0,853233 0,001079
футбол 0,285712 0,000904
пятое 2,490841 0,006302
юма 5,129899 0,003245
конфиденциальности 0,317714 0,000603
послана 5,129899 0,003245
бум 1,911023 0,002417
своей 1,002764 0,000634
теперь 0,971016 0,000614
поделился 3,520461 0,002227
абсолютно 3,183989 0,004028
время 0,384967 0,001704
при 0,367725 0,000233
фа 3,743604 0,002368
новгород 1,217876 0,001541
мелбет 1,762603 0,002230
победитель 1,258698 0,000796
придется 4,031286 0,002550
удвоила 4,436752 0,002806
проекте 1,546380 0,001956
также 0,663991 0,001260
честно 3,050457 0,001929
допустила 2,827314 0,003577
дедлайны 5,129899 0,003245
италия 0,867219 0,000549
уступив 2,644992 0,003346
снуп 4,031286 0,005100
алисы 5,129899 0,003245
соцсетях 1,466337 0,000927
звучат 5,129899 0,003245
последней 2,296685 0,001453
млн 1,728701 0,001093
лигах 3,338139 0,004223
сумму 2,932674 0,001855
попросил 3,743604 0,002368
наконец 2,296685 0,001453
окончании 1,911023 0,002417
зарубежный 1,911023 0,003626
своего 1,368699 0,000866
ставок 1,664163 0,002105
суммы 3,338139 0,002111
выиграет 2,644992 0,001673
теннисом 4,031286 0,002550
показать 0,825834 0,000522
алисе 5,129899 0,006489
мма 1,069456 0,002029
надо 2,038856 0,001290
допинговой 4,436752 0,002806
отсутствие 2,038856 0,001290
алиса 4,436752 0,005613
олимпийские 0,895792 0,000567
пригласили 3,338139 0,002111
судья 1,834062 0,003480
олимпизм 1,466337 0,002782
счет 1,797694 0,002274
олимпийский 0,853233 0,003778
прокомментировала 3,183989 0,004028
ирина 2,827314 0,001788
тяжелые 4,436752 0,002806
соревнованиях 1,159607 0,002934
читать 0,586604 0,000371
игр 0,367725 0,000698
даниэль 4,031286 0,002550
сальхов 4,031286 0,002550
материалов 1,217876 0,001541
уверенно 2,490841 0,001575
италии 1,002764 0,004440
справедливой 4,031286 0,002550
падение 2,732003 0,003456
спортс 1,871802 0,002368
единицы 4,436752 0,002806
оценивать 4,031286 0,002550
богатых 3,338139 0,002111
всех 0,652562 0,000413
получит 3,183989 0,002014
вернувшись 5,129899 0,003245
ираклий 4,436752 0,002806
видео 0,699082 0,000442
оценки 2,421849 0,003064
заявке 3,520461 0,002227
биатлон 0,534779 0,001015
олимпийских 0,799165 0,005560
оценку 3,520461 0,002227
россиянки 2,827314 0,003577
лишь 1,159607 0,000733
локомотив 0,910391 0,001152
дебютировала 3,743604 0,002368
спортсменки 2,357310 0,001491
осталось 2,421849 0,001532
россиянка 2,421849 0,004596
мой 2,421849 0,001532
спортсменка 2,085376 0,002638
богом 5,129899 0,003245
долларов 2,239527 0,001417
летняя 2,085376 0,007914
некоторые 1,416327 0,000896
командных 2,932674 0,001855
кобахидзе 5,129899 0,003245
любимым 3,338139 0,002111
шее 4,436752 0,002806
сша 0,586604 0,000371
выступит 3,338139 0,002111
произвольные 4,436752 0,002806
делать 2,644992 0,003346
квады 5,129899 0,003245
нынешних 4,031286 0,002550
накатанности 4,436752 0,002806
сольный 5,129899 0,003245
грассль 5,129899 0,003245
вуза 5,129899 0,003245
губанова 4,436752 0,002806
меня 1,518981 0,000961
российской 1,178655 0,000746
олимп 1,762603 0,002230
образованием 4,031286 0,002550
сборные 0,839439 0,001593
сказала 3,338139 0,002111
контрактами 4,436752 0,005613
особенно 2,038856 0,001290
парах 3,183989 0,002014
наишикарнейшая 5,129899 0,003245
большой 1,069456 0,000676
тиба 4,436752 0,005613
заработает 4,031286 0,002550
деньги 1,994404 0,001261
будут 1,392229 0,000881
тасс 1,695912 0,001073
зенит 0,895792 0,002266
выплатить 4,031286 0,002550
никогда 1,951845 0,003704
котором 1,217876 0,000770
чен 3,743604 0,002368
превратили 4,436752 0,002806
мск 2,421849 0,001532
золото 1,217876 0,000770
одним 1,416327 0,000896
работать 2,296685 0,002905
акрон 1,279751 0,001619
десятки 3,050457 0,001929
прогон 4,436752 0,002806
двукратный 2,239527 0,001417
сообщает 1,994404 0,002523
полку 4,031286 0,002550
аксель 3,743604 0,009471
малинин 3,743604 0,002368
бывшая 3,050457 0,001929
это 0,277868 0,000527
большинство 1,834062 0,001160
хван 4,436752 0,002806
эту 1,492313 0,000944
короткая 2,732003 0,001728
догом 5,129899 0,003245
луке 4,436752 0,002806
набрала 2,932674 0,003710
разговоре 3,743604 0,004736
медведева 2,564949 0,003245
спортсмен 1,466337 0,000927
леон 1,797694 0,002274
спортсменов 0,786093 0,001492
разница 2,490841 0,001575
выступавшая 3,743604 0,002368
отсудила 5,129899 0,003245
две 1,019025 0,000645
долгосрочные 5,129899 0,003245
призовые 3,050457 0,001929
его 0,447767 0,000283
поучиться 4,031286 0,002550
тренер 0,895792 0,000567
михаил 1,392229 0,001761
сато 4,031286 0,002550
двойной 3,183989 0,008056
новости 0,301585 0,000382
кагияма 5,129899 0,003245
неучастии 5,129899 0,003245
шестое 2,732003 0,003456
нхл 0,925206 0,001756
mail 1,301257 0,009877
или 0,576022 0,000364
дальше 1,492313 0,000944
роднина 3,183989 0,002014
турнир 0,699082 0,001327
призер 2,564949 0,003245
фонбет 1,466337 0,001855
мира 0,367725 0,000698
показательной 4,031286 0,002550
костомаров 4,031286 0,005100
использования 0,393700 0,000249
выхода 2,239527 0,001417
тренировка 2,732003 0,001728
ведет 3,743604 0,002368
тренировке 2,827314 0,003577
программе 1,834062 0,008120
совмещает 4,436752 0,002806
программа 1,574551 0,000996
судейская 3,743604 0,002368
танцах 4,031286 0,005100
спортивную 2,932674 0,001855
стратегии 2,644992 0,001673
оренбург 1,323236 0,001674
четверные 3,520461 0,004453
горжусь 4,031286 0,002550
игровые 1,603538 0,003043
карьеры 2,085376 0,002638
старту 4,031286 0,002550
дисквалификации 2,732003 0,001728
фигурист 2,932674 0,005565
программу 1,466337 0,006492
анастасии 4,436752 0,002806
список 1,198073 0,000758
игры 0,376309 0,000238
двоих 3,520461 0,002227
эксперты 3,338139 0,002111
карьеру 1,518981 0,000961
февраля 0,232059 0,003816
сяо 5,129899 0,003245
ссср 0,940244 0,000595
олимпийская 1,911023 0,002417
представят 5,129899 0,003245
фигуристку 4,031286 0,002550
программы 1,633391 0,009298
российскую 3,183989 0,002014
трехкратная 4,031286 0,005100
головы 2,357310 0,001491
самых 1,546380 0,001956
никто 1,871802 0,001184
грузинская 5,129899 0,003245
компания 1,279751 0,001619
петра 2,421849 0,001532
преподавателей 5,129899 0,003245
навстречу 4,436752 0,002806
соревнования 0,663991 0,000420
именно 1,492313 0,000944
другие 0,384967 0,000730
выразила 4,436752 0,002806
зарабатывают 4,031286 0,005100
мнение 2,732003 0,001728
большим 2,085376 0,001319
прыжки 1,019025 0,001934
кортине 4,436752 0,002806
подборке 4,436752 0,002806
интервью 0,971016 0,001228
где 0,675551 0,000427
возрващение 4,436752 0,002806
отель 4,436752 0,002806
кто 0,839439 0,001062
кортина 2,490841 0,001575
компании 1,301257 0,000823
встретился 2,827314 0,001788
валиева 2,239527 0,004250
использование 1,104547 0,001397
мнением 3,520461 0,002227
рекомендаций 1,871802 0,003552
рубин 1,217876 0,001541
соревнований 0,881403 0,000557
sport 1,122566 0,002130
советов 1,217876 0,001541
дебютное 5,129899 0,003245
бригада 3,520461 0,002227
зимних 1,633391 0,005166
ничем 3,743604 0,002368
страной 4,031286 0,002550
одиночниц 4,436752 0,005613
грузии 3,050457 0,005788
балтика 1,258698 0,003185
падением 3,338139 0,002111
зимний 2,296685 0,001453
спорт 0,224624 0,004120
американки 3,520461 0,004453
впечатлила 4,436752 0,002806
грузия 2,644992 0,001673
этом 0,565551 0,000715
американке 4,031286 0,005100
хим 4,436752 0,002806
казахстанский 3,743604 0,002368
стало 1,217876 0,000770
сделала 3,050457 0,001929
пятая 3,050457 0,001929
делом 3,338139 0,002111
справедливые 5,129899 0,003245
возможности 1,994404 0,001261
сделали 2,134166 0,001350
высказался 1,797694 0,001137
зимние 1,159607 0,001467
основной 1,834062 0,001160
олимпийскую 2,185460 0,001382
фигуристка 2,644992 0,021749
составе 1,546380 0,000978
илья 1,911023 0,003626
настоящему 2,732003 0,001728
аделия 1,911023 0,013296
вошел 3,520461 0,002227
волочкова 4,031286 0,005100
женщин 1,368699 0,000866
фигуристки 2,932674 0,005565
аделию 3,743604 0,002368
сказал 1,762603 0,001115
кхл 0,760451 0,001443
россии 0,160085 0,000203
фитнес 1,574551 0,002988
анастасия 2,732003 0,003456
выходной 5,129899 0,003245
выступлений 1,664163 0,002105
во 0,495170 0,001253
женских 2,134166 0,001350
программой 3,743604 0,004736
выступление 1,762603 0,001115
уже 0,687247 0,001739
известно 1,871802 0,001184
выступающих 3,183989 0,002014
аделии 2,827314 0,007153
женщины 0,881403 0,000557
раз 0,504926 0,000319
проходит 1,633391 0,001033
спортивных 1,279751 0,000809
российский 1,086847 0,001375
букмекеры 1,664163 0,002105
зарплаты 2,239527 0,001417
выступления 1,546380 0,001956
информирует 4,436752 0,002806
зарплат 3,743604 0,002368
даст 5,129899 0,003245
итогам 1,603538 0,001014
просто 1,492313 0,000944
россию 1,951845 0,001235
ему 1,323236 0,000837
убедила 4,436752 0,002806
считает 2,134166 0,001350
доброfon 4,436752 0,002806
свой 1,217876 0,000770
свое 2,490841 0,001575
пари 1,301257 0,001646
доггом 4,436752 0,002806
европы 0,524729 0,000664
рассказала 2,296685 0,001453
рбк 1,797694 0,002274
итогах 4,031286 0,002550
здесь 1,911023 0,001209
нибудь 5,129899 0,003245
напрыганности 4,436752 0,002806
авторские 3,338139 0,002111
без 0,466460 0,000295
казахстан 1,301257 0,002469
шайдоров 4,436752 0,008419
большая 1,069456 0,000676
американский 1,258698 0,001592
американским 4,031286 0,002550
до 0,239550 0,000152
бет 1,834062 0,002320
увеличить 3,520461 0,002227
лучше 1,695912 0,002145
олимпийцев 3,183989 0,002014
шансах 3,743604 0,002368
ее 1,871802 0,001184
положит 4,031286 0,002550
спортсмены 1,140915 0,000722
подходят 4,436752 0,002806
пока 1,159607 0,000733
числе 1,546380 0,000978
отреагировал 2,644992 0,001673
слушаний 4,436752 0,002806
разминке 3,183989 0,002014
розенштайн 4,031286 0,005100
дебют 2,421849 0,001532
исполнила 5,129899 0,009734
число 1,392229 0,000881
vk 1,441019 0,000911
миллионов 1,911023 0,001209
для 0,146292 0,000370
одиночном 2,932674 0,001855
турнирная 1,441019 0,001823
медалью 3,743604 0,002368
гуменник 2,564949 0,004867
мото 1,574551 0,002988
нижний 1,159607 0,001467
московскому 2,732003 0,001728
вошли 1,994404 0,001261
мастер 1,911023 0,001209
двойные 3,520461 0,002227
доход 3,338139 0,002111
забывал 5,129899 0,003245
тарасова 2,827314 0,003577
ростов 1,002764 0,001269
правительство 4,031286 0,002550
колонка 4,031286 0,002550
выступлениях 3,338139 0,002111
доходах 4,436752 0,002806
после 0,317714 0,000804
что 0,239550 0,000758
прогона 4,436752 0,005613
колонки 4,436752 0,002806
краснодар 0,925206 0,001170
медали 0,971016 0,000614
букмекеров 1,198073 0,003789
поставил 2,732003 0,005184
бизнес 2,732003 0,001728
за 0,125952 0,000717
домашние 2,357310 0,001491
ходе 2,085376 0,001319
заняла 1,951845 0,008642
рейтинг 0,565551 0,002504
медаль 1,416327 0,003583
было 0,438551 0,000555
призовое 3,743604 0,004736
женское 3,183989 0,002014
адам 3,183989 0,002014
включая 1,633391 0,001033
американка 2,932674 0,001855
прокат 3,338139 0,010557
занимаюсь 4,031286 0,002550
были 0,799165 0,000505
плющенко 2,239527 0,002833
набрав 2,827314 0,001788
думала 4,031286 0,005100
ампеццо 2,490841 0,001575
технологиях 1,911023 0,003626
если 0,675551 0,000855
советский 2,038856 0,001290
тысяч 1,762603 0,002230
музыкант 3,743604 0,002368
была 0,652562 0,000413
любое 2,644992 0,001673
балерина 5,129899 0,003245
бетсити 1,633391 0,002066
петросян 1,441019 0,029167
винлайн 1,834062 0,002320
расположившись 5,129899 0,003245
накаи 4,031286 0,005100
сопоставимые 5,129899 0,003245
из 0,106018 0,000201
чха 5,129899 0,003245
еврокубки 1,546380 0,002934
тему 1,664163 0,001053
показательные 1,466337 0,000927
нба 1,546380 0,000978
их 0,799165 0,001011
фигуристам 4,031286 0,005100
больше 0,812411 0,000514
получить 0,747872 0,000473
беларусь 1,368699 0,002597
авербух 3,183989 0,012083
поделилась 3,338139 0,002111
комментарии 2,357310 0,001491
сил 2,564949 0,001622
секвенция 5,129899 0,003245
удовольствием 2,932674 0,001855
golden 3,520461 0,002227
хоккей 0,376309 0,001190
спартак 0,786093 0,000994
нас 1,492313 0,000944
выступлением 3,743604 0,002368
участников 1,159607 0,002200
сильнее 2,134166 0,001350
короткую 3,520461 0,008907
казань 1,345709 0,000851
парламенте 5,129899 0,003245
обратная 1,441019 0,002734
дилемма 4,436752 0,002806
милан 1,633391 0,001033
обстоятельствах 4,031286 0,002550
попытался 5,129899 0,003245
цска 0,711058 0,000900
занижают 5,129899 0,003245
актуальные 1,834062 0,001160
времени 1,140915 0,000722
год 0,687247 0,000435
тройной 3,338139 0,023226
премиальные 5,129899 0,009734
министр 2,421849 0,001532
выглядят 5,129899 0,003245
матч 0,411400 0,000520
рассчитывает 3,520461 0,002227
которые 0,760451 0,000481
лыжный 1,728701 0,004374
поэтому 1,392229 0,001761
крупных 1,871802 0,001184
каскад 5,129899 0,009734
произвольной 2,564949 0,009734
монэ 5,129899 0,006489
класса 2,357310 0,001491
настигают 5,129899 0,003245
заслуживает 3,520461 0,002227
серебро 1,871802 0,001184
динамо 0,663991 0,001680
заметна 4,436752 0,002806
балла 2,564949 0,014601
эмоциями 3,338139 0,002111
судействе 3,338139 0,002111
крылья 1,258698 0,001592
вне 2,038856 0,001290
камила 2,357310 0,002982
признался 2,644992 0,001673
победа 1,238078 0,000783
крупные 2,357310 0,001491
партнерства 5,129899 0,003245
серебряную 3,183989 0,002014
тольятти 2,490841 0,001575
экспресс 1,416327 0,007167
сегодня 0,881403 0,000557
рэпером 4,436752 0,002806
петр 2,239527 0,002833
роман 2,085376 0,001319
хорошо 1,951845 0,001235
чжун 5,129899 0,003245
известная 3,050457 0,001929
сразу 1,392229 0,000881
плюс 2,357310 0,001491
неожиданных 3,743604 0,002368
лю 3,338139 0,010557
японкам 5,129899 0,006489
показательных 3,050457 0,005788
многомиллионными 5,129899 0,003245
чемпионка 1,911023 0,004835
восхитилась 5,129899 0,003245
будет 0,825834 0,000522
место 0,597299 0,005289
примерно 2,085376 0,001319
выступила 2,490841 0,001575
проведет 3,338139 0,002111
соглашения 2,357310 0,001491
судей 1,797694 0,002274
лига 0,402511 0,001782
решении 2,732003 0,001728
рассказал 1,238078 0,000783
фигурному 3,183989 0,004028
евгения 2,421849 0,001532
накануне 3,183989 0,006042
мх 1,728701 0,002187
чисто 3,338139 0,004223
мы 0,925206 0,000585
олимпиаде 0,895792 0,006799
том 0,895792 0,000567
фоне 2,932674 0,001855
на 0,023953 0,000727
исторически 3,050457 0,001929
олимпиада 1,104547 0,000699
не 0,099461 0,001069
календарь 0,735450 0,000930
каждый 1,392229 0,000881
bettery 1,871802 0,002368
золотой 1,911023 0,001209
произвольную 4,436752 0,008419
но 0,402511 0,000764
олимпиаду 1,664163 0,001053
водные 0,867219 0,001646
сервисов 1,834062 0,001160
таблица 0,925206 0,001170
олимпиады 0,925206 0,004096
почти 1,323236 0,000837
три 0,786093 0,000497
уроженка 4,436752 0,002806
хватает 1,762603 0,001115
довольно 2,490841 0,001575
откатав 5,129899 0,003245
татьяна 3,050457 0,001929
об 0,217244 0,000824
российская 0,799165 0,006066
нет 0,825834 0,000522
ои 0,812411 0,001028
skate 5,129899 0,003245
ами 5,129899 0,006489
итоговое 3,338139 0,002111
редко 2,490841 0,001575
месте 1,492313 0,000944
флип 4,436752 0,008419
он 0,534779 0,000338
катании 2,732003 0,001728
чемпион 0,867219 0,003291
даже 1,198073 0,000758
от 0,160085 0,000405
тысячи 2,644992 0,001673
совместное 4,436752 0,002806
пьедестал 2,732003 0,001728
бокс 0,576022 0,001093
выйдет 3,520461 0,002227
катание 0,534779 0,009133
как 0,232059 0,000440
рекламные 2,932674 0,001855
все 0,125952 0,000558
условие 3,183989 0,002014
премьер 1,217876 0,004622
pari 1,603538 0,002029
года 0,239550 0,000758
по 0,073653 0,000419
взгляд 3,050457 0,001929
местах 3,183989 0,002014
гуменника 2,564949 0,006489
занять 2,732003 0,001728
оценили 3,050457 0,003859
заявила 2,732003 0,006912
лари 5,129899 0,003245
короткой 2,085376 0,013190
очень 1,140915 0,000722
третье 1,603538 0,001014
катанию 3,183989 0,004028
тулуп 4,436752 0,008419
берулаве 5,129899 0,003245
какой 1,911023 0,001209
своим 1,728701 0,001093
условия 0,411400 0,000260
