париж 2,357310 0,001832
ру 1,994404 0,000517
боруссия 3,050457 0,004740
визави 4,436752 0,004596
майнц 4,031286 0,003132
равными 4,031286 0,001044
мадридского 4,436752 0,002298
стал 0,586604 0,000456
случилось 2,732003 0,002830
выиграл 1,178655 0,000611
них 1,178655 0,002137
заявил 1,441019 0,001120
апл 1,871802 0,000970
со 0,447767 0,000116
центр 0,881403 0,000228
вратаря 1,834062 0,000950
под 0,723179 0,000187
заявление 0,867219 0,000449
гвардиолы 5,129899 0,002657
коэффициенты 3,743604 0,001939
google 2,644992 0,000685
проиграть 3,183989 0,003299
бывшего 2,644992 0,001370
макартура 5,129899 0,001329
реклама 0,735450 0,004381
надеется 3,743604 0,000970
кроссворд 5,129899 0,001329
дубае 2,357310 0,000611
выкуп 5,129899 0,002657
насколько 3,183989 0,001649
финала 1,104547 0,001144
вероятность 3,743604 0,000970
удинезе 4,436752 0,003447
сейчас 1,104547 0,000286
луиса 3,743604 0,001939
челси 2,827314 0,002197
назвав 4,436752 0,001149
родина 3,743604 0,002909
назвал 1,323236 0,000343
осер 3,743604 0,002909
лидерство 2,827314 0,001465
пор 1,574551 0,000816
касадо 4,436752 0,002298
победный 2,644992 0,001370
связи 1,159607 0,000601
весь 1,951845 0,002528
пройти 2,239527 0,002320
неудачное 3,743604 0,003878
своей 1,002764 0,000260
вест 3,520461 0,002735
прав 2,564949 0,001329
эндрик 5,129899 0,002657
драке 4,031286 0,002088
макартур 5,129899 0,001329
вальекано 5,129899 0,003986
конате 5,129899 0,001329
фа 3,743604 0,000970
туран 5,129899 0,001329
черышев 4,436752 0,003447
летом 2,185460 0,001132
главным 1,633391 0,001692
винисиус 2,296685 0,002379
защитника 2,644992 0,001370
подписание 3,338139 0,001729
подарок 3,743604 0,002909
фк 1,951845 0,001517
ситуация 2,357310 0,000611
главный 1,035554 0,000268
x 1,279751 0,002320
имени 1,951845 0,001011
фр 2,421849 0,002509
также 0,663991 0,000172
фс 2,085376 0,000540
буффон 4,436752 0,001149
украина 1,871802 0,000485
псж 1,518981 0,006295
хэм 4,436752 0,003447
италия 0,867219 0,002920
дмитрий 1,345709 0,000697
претендент 5,129899 0,001329
гавр 5,129899 0,003986
разгром 3,743604 0,001939
изменений 2,296685 0,000595
бангкок 4,031286 0,001044
уступила 2,085376 0,001080
овертайме 2,038856 0,001056
камбэк 2,732003 0,001415
новичка 4,436752 0,001149
выходных 4,436752 0,002298
судья 1,834062 0,000950
закрыть 4,031286 0,001044
спорта 0,342407 0,000177
победу 0,910391 0,001415
дженоа 5,129899 0,003986
афк 2,827314 0,000732
следующей 3,183989 0,000825
победы 0,971016 0,001257
разряда 3,050457 0,001580
материалов 1,217876 0,000315
клубов 1,603538 0,000831
италии 1,002764 0,000519
ноа 4,436752 0,004596
тишина 4,436752 0,001149
потерял 2,490841 0,001290
один 0,711058 0,000737
судьи 1,574551 0,000816
унижение 5,129899 0,005315
сенсационно 3,338139 0,000865
футболист 1,951845 0,000506
строчку 3,183989 0,001649
минуты 1,871802 0,000485
live 1,518981 0,001180
локомотив 0,910391 0,000943
выход 1,574551 0,006117
юнайтед 2,185460 0,004528
наций 1,797694 0,000931
пфк 3,520461 0,001824
архив 1,258698 0,000326
вильярреалу 5,129899 0,002657
ноттингем 3,520461 0,004559
арсенал 1,466337 0,004937
сша 0,586604 0,000304
колумбийские 5,129899 0,005315
игроков 1,238078 0,000641
игнашевич 3,520461 0,000912
усилил 4,031286 0,001044
осака 4,436752 0,002298
хотел 2,421849 0,000627
махачкала 2,421849 0,001882
игроком 1,762603 0,000457
сравнил 3,183989 0,002474
криштиану 2,932674 0,000760
трансфер 2,827314 0,001465
остаётся 1,994404 0,002066
биатлону 2,732003 0,000708
сборные 0,839439 0,000217
отказывался 4,031286 0,002088
зриньски 4,436752 0,004596
официально 1,159607 0,001502
жироне 5,129899 0,006643
конференций 1,728701 0,001791
бразилия 2,296685 0,001190
ливерпуль 1,994404 0,002583
ереван 3,520461 0,003647
лучшие 1,019025 0,000264
проиграл 1,633391 0,001692
алкмаар 4,436752 0,004596
верона 4,436752 0,003447
урал 2,134166 0,001658
ливерпуля 5,129899 0,001329
команда 0,663991 0,003611
жирона 4,436752 0,003447
игроки 0,986764 0,001022
севилья 3,183989 0,002474
селтик 3,520461 0,001824
зоны 2,185460 0,000566
будут 1,392229 0,000361
игрока 1,492313 0,001933
зрения 2,421849 0,000627
эндрика 5,129899 0,001329
команды 0,555188 0,000575
прогнозов 4,031286 0,003132
лучших 1,198073 0,001862
зенит 0,895792 0,001392
никогда 1,951845 0,002022
бонусы 2,732003 0,000708
смотрите 5,129899 0,001329
узбекистан 2,932674 0,000760
провела 2,421849 0,000627
мадрид 1,834062 0,001900
кошты 5,129899 0,002657
зона 2,134166 0,003869
вахании 4,436752 0,004596
нужно 1,492313 0,000773
счёт 1,603538 0,000831
прогон 4,436752 0,001149
группе 2,421849 0,000627
унион 4,436752 0,004596
тула 2,732003 0,002123
джанлукой 5,129899 0,001329
француз 2,827314 0,002929
известен 2,564949 0,000664
шотландия 2,490841 0,000645
рост 2,421849 0,001255
канчельскис 3,743604 0,002909
головине 5,129899 0,001329
либертадорес 3,743604 0,000970
головина 2,134166 0,003869
лорьян 5,129899 0,003986
взять 2,239527 0,001160
его 0,447767 0,000464
катастрофа 4,436752 0,003447
только 0,447767 0,000348
головин 2,085376 0,002160
золотых 1,911023 0,000495
трансферам 4,436752 0,002298
кыргызстан 3,050457 0,000790
хиддинк 4,031286 0,001044
мире 1,198073 0,000310
аравия 1,951845 0,001517
мира 0,367725 0,000857
порту 2,932674 0,000760
точно 1,911023 0,000495
эр 4,436752 0,001149
ухода 2,421849 0,000627
почему 1,122566 0,002035
енисей 2,421849 0,001882
хороший 2,732003 0,001415
атакующей 3,520461 0,000912
идут 2,732003 0,002830
футбола 1,762603 0,002739
карьере 1,994404 0,000517
когда 0,652562 0,000338
добивают 5,129899 0,002657
примеру 2,827314 0,001465
ювентусу 4,436752 0,002298
конфиденциальность 4,031286 0,001044
оренбург 1,323236 0,001028
размещением 5,129899 0,001329
защитник 1,574551 0,001223
будё 2,827314 0,005858
глебов 3,520461 0,000912
продолжать 2,827314 0,001465
футболу 1,492313 0,000387
бобёр 5,129899 0,001329
забьют 4,436752 0,001149
издания 2,421849 0,001255
разрешено 2,490841 0,000645
полная 1,834062 0,004275
сокол 2,564949 0,001993
вилла 3,743604 0,002909
эксклюзивном 5,129899 0,002657
матчей 0,940244 0,000487
против 0,747872 0,000968
именно 1,492313 0,000773
общей 1,951845 0,000506
другие 0,384967 0,000100
главное 1,574551 0,000408
фифа 1,728701 0,001343
нового 1,574551 0,000816
другим 1,762603 0,000913
винисиусом 2,564949 0,000664
хлусевич 3,183989 0,001649
клоппа 4,436752 0,002298
интервью 0,971016 0,000503
zenit 3,743604 0,002909
раздражает 5,129899 0,001329
бундеслига 2,134166 0,003316
собирается 3,050457 0,001580
точку 3,050457 0,000790
бразильский 2,932674 0,001519
англия 1,574551 0,008156
наполи 2,644992 0,002055
покер 2,564949 0,001329
выходу 5,129899 0,002657
мнением 3,520461 0,003647
трансферы 1,664163 0,000431
пхохан 5,129899 0,001329
болонья 4,436752 0,003447
чайка 4,031286 0,003132
заложник 5,129899 0,005315
него 1,368699 0,000354
претендентом 3,520461 0,003647
окончен 2,932674 0,003038
популярные 3,050457 0,000790
назначении 2,732003 0,001415
одноклубником 5,129899 0,001329
фулхэм 5,129899 0,003986
аренде 2,564949 0,000664
пробился 3,520461 0,000912
спорт 0,224624 0,000058
лишний 3,743604 0,000970
черноморец 2,732003 0,002123
атакующая 3,743604 0,002909
линии 1,951845 0,000506
франция 1,122566 0,002617
press 2,185460 0,006226
этот 0,825834 0,000214
торино 4,436752 0,003447
галатасарая 3,743604 0,000970
четыре 1,140915 0,001182
лион 4,031286 0,003132
вингер 3,743604 0,001939
стало 1,217876 0,000631
хабаровск 2,564949 0,001993
сделала 3,050457 0,001580
тайм 2,085376 0,001080
легенды 1,994404 0,001033
боселли 3,338139 0,001729
франции 1,035554 0,000536
состава 2,085376 0,002160
маловато 5,129899 0,002657
украинца 4,031286 0,002088
известный 2,239527 0,000580
остаются 2,732003 0,001415
вольфсбург 4,031286 0,003132
рияд 4,436752 0,001149
испании 1,834062 0,000475
спортивные 1,104547 0,000286
составы 2,357310 0,007327
появился 2,296685 0,000595
первая 0,867219 0,000898
игрок 1,258698 0,000326
комплектовании 5,129899 0,005315
челябинск 2,564949 0,001993
раз 0,504926 0,000131
чемпионат 0,277868 0,000432
российским 1,994404 0,000517
пожалуйста 1,633391 0,000423
клубах 3,183989 0,001649
российский 1,086847 0,000281
реалу 3,338139 0,003458
испания 1,466337 0,009115
клубам 2,732003 0,001415
чудо 3,520461 0,001824
зенита 1,797694 0,002328
жуниором 5,129899 0,001329
факел 2,357310 0,001832
турнирные 3,183989 0,000825
обратился 3,338139 0,004323
шесть 1,546380 0,001602
назначению 4,031286 0,002088
считает 2,134166 0,000553
галатасарай 3,338139 0,001729
европы 0,524729 0,001223
осасуна 5,129899 0,003986
борнмут 5,129899 0,003986
игорь 1,951845 0,000506
работе 2,134166 0,001658
дома 1,695912 0,001757
между 0,955511 0,000495
прогадал 5,129899 0,002657
bettry 5,129899 0,003986
опоздал 3,338139 0,000865
зарегистрированы 4,436752 0,001149
лучше 1,695912 0,000439
фиорентина 3,743604 0,005818
моуринью 2,932674 0,006077
брайтон 5,129899 0,003986
помогают 2,732003 0,001415
евро 1,466337 0,002279
первого 1,258698 0,000978
эспозито 3,183989 0,001649
редакция 2,732003 0,000708
манчестер 2,134166 0,007738
реала 2,564949 0,003986
сопротивление 2,827314 0,001465
неожиданно 3,050457 0,001580
клуб 0,940244 0,000244
миллионов 1,911023 0,000495
эвертон 4,031286 0,003132
автор 2,421849 0,001255
гениальности 5,129899 0,005315
диалло 5,129899 0,002657
комплектов 2,644992 0,000685
остальные 2,239527 0,001160
попробуйте 2,932674 0,001519
бавария 2,038856 0,002640
баварию 4,436752 0,001149
чемпионата 0,735450 0,000571
всегда 1,258698 0,001304
хайденхайм 5,129899 0,003986
поражение 1,546380 0,000401
вильярреал 2,827314 0,003661
ростов 1,002764 0,001299
тесты 1,871802 0,000970
чемпионате 1,178655 0,000611
объяснил 1,797694 0,002328
после 0,317714 0,000494
астон 2,185460 0,001698
деклассировал 5,129899 0,002657
покинуть 2,732003 0,001415
эксперт 3,520461 0,001824
хлусевича 2,932674 0,000760
краснодар 0,925206 0,004793
букмекеров 1,198073 0,001552
учусь 5,129899 0,002657
неправильный 4,436752 0,001149
талалаев 4,031286 0,003132
канада 1,301257 0,000337
проблемами 3,743604 0,000970
тоттенхэм 3,050457 0,002370
сельта 2,932674 0,003798
разнесло 5,129899 0,001329
трансляция 2,239527 0,006380
чемпионаты 1,574551 0,000408
контакты 1,258698 0,000978
очередное 3,520461 0,001824
локомотива 2,185460 0,003962
шокировал 4,031286 0,003132
райо 5,129899 0,006643
обе 2,085376 0,000540
канады 1,217876 0,000315
сделаем 4,436752 0,001149
приобретения 4,031286 0,004176
вторник 3,338139 0,003458
лиссабонская 5,129899 0,001329
мировой 1,392229 0,000361
групповой 2,085376 0,005941
может 0,630089 0,000979
иньеста 4,436752 0,001149
получить 0,747872 0,004068
волга 2,732003 0,002123
беларусь 1,368699 0,000354
монако 1,994404 0,005682
нидерланды 1,728701 0,000448
снял 4,031286 0,002088
тчуамени 5,129899 0,002657
сломить 4,436752 0,002298
гол 1,546380 0,001602
сделать 1,695912 0,002196
взял 2,185460 0,002264
милан 1,633391 0,005923
телеграм 3,050457 0,001580
ноль 3,050457 0,003160
рейтинги 2,490841 0,001290
андрес 3,520461 0,000912
скандалу 5,129899 0,001329
контракт 1,518981 0,000787
разыграют 3,050457 0,000790
скандала 2,421849 0,001255
интера 2,732003 0,001415
андрей 1,323236 0,000685
научился 5,129899 0,002657
матч 0,411400 0,000213
интере 5,129899 0,002657
международные 1,238078 0,000321
перспективы 3,743604 0,001939
захаряна 4,436752 0,002298
сербия 2,357310 0,000611
резкие 4,031286 0,001044
зиря 5,129899 0,001329
выживание 4,436752 0,001149
андреа 3,743604 0,000970
генич 2,644992 0,001370
ньюкасл 2,085376 0,004861
интеру 4,436752 0,003447
выживания 4,436752 0,001149
олимпиакос 2,085376 0,002160
эльче 4,031286 0,003132
динамо 0,663991 0,002236
лидс 4,436752 0,003447
прогнозы 2,085376 0,005941
джанлуиджи 4,436752 0,001149
россияне 2,296685 0,000595
последовать 4,436752 0,002298
сегодня 0,881403 0,001826
молдова 2,932674 0,000760
голевую 4,031286 0,002088
руку 2,644992 0,002740
выиграла 1,345709 0,000697
ударом 2,564949 0,001329
полуфинал 1,633391 0,000423
игрокам 1,951845 0,001011
лиги 0,895792 0,006960
глимт 2,038856 0,004225
лиге 1,368699 0,003190
чемпионом 1,122566 0,000291
таблицы 2,085376 0,001080
решение 1,238078 0,000641
лига 0,402511 0,010529
рассказал 1,238078 0,000641
истории 0,630089 0,000326
шевалье 5,129899 0,003986
парма 3,520461 0,002735
флика 4,031286 0,004176
олимпиаде 0,895792 0,000928
расширения 3,050457 0,000790
топ 1,238078 0,002886
тренера 1,546380 0,001202
серьёзна 5,129899 0,002657
сложно 2,134166 0,000553
соглашение 1,834062 0,000475
вердер 5,129899 0,003986
гурбана 5,129899 0,001329
брентфорд 4,436752 0,003447
олимпиады 0,925206 0,000479
таблица 0,925206 0,002396
звезда 1,871802 0,000970
волевой 4,031286 0,002088
днём 3,050457 0,000790
гордон 3,050457 0,004740
дважды 1,574551 0,001631
длительную 5,129899 0,002657
клубный 1,871802 0,000970
товуз 5,129899 0,001329
лионель 3,743604 0,000970
какого 2,732003 0,000708
сафонова 3,050457 0,002370
чемпион 0,867219 0,000449
лацио 4,031286 0,003132
голом 4,031286 0,001044
площадке 2,085376 0,000540
сетевого 4,436752 0,002298
хетафе 4,436752 0,003447
молодой 2,490841 0,001290
голов 1,871802 0,003878
инсайдер 4,436752 0,002298
как 0,232059 0,000601
саудовская 1,951845 0,001517
премьер 1,217876 0,012617
pari 1,603538 0,001661
win 3,520461 0,002735
микаутадзе 4,031286 0,002088
капелло 4,436752 0,005746
расписание 1,695912 0,000439
достижение 2,038856 0,001584
сёмин 3,050457 0,002370
этого 0,881403 0,000457
танцуй 3,338139 0,000865
тренеру 2,732003 0,001415
третьи 3,520461 0,000912
чемпионов 0,652562 0,008113
мец 4,031286 0,003132
второй 0,786093 0,000814
готов 2,038856 0,003168
нападающими 3,743604 0,001939
аркадаг 3,520461 0,000912
новый 0,940244 0,000244
предпочёл 5,129899 0,002657
булыкин 3,338139 0,004323
рпл 1,140915 0,002364
ещё 0,420369 0,000871
оценил 2,185460 0,000566
чемпионатах 1,574551 0,000408
болеть 2,932674 0,000760
люка 5,129899 0,001329
ответили 3,050457 0,000790
ахмат 1,217876 0,001577
шинник 2,732003 0,002123
берлин 3,050457 0,003160
помощью 2,185460 0,000566
забил 1,834062 0,001900
ai 4,031286 0,001044
позор 4,031286 0,002088
ставку 2,421849 0,003136
превзойти 4,436752 0,001149
александр 0,925206 0,000719
лечче 5,129899 0,003986
первом 1,052361 0,000273
забив 2,932674 0,003798
рейса 4,436752 0,001149
а 0,209918 0,001087
б 1,466337 0,001899
тут 2,490841 0,001290
должны 1,178655 0,000611
в 0,017911 0,000561
д 0,895792 0,000696
хорошими 5,129899 0,002657
чехии 1,911023 0,000495
и 0,023953 0,000428
отомстил 5,129899 0,002657
интер 1,633391 0,002961
четверг 2,732003 0,001415
й 0,825834 0,000214
голосовать 4,436752 0,001149
к 0,132686 0,000412
комо 2,421849 0,005645
л 2,038856 0,003696
м 0,534779 0,001108
о 0,042302 0,000449
санкт 1,279751 0,000994
ницца 4,436752 0,003447
с 0,036149 0,000206
у 0,342407 0,001153
бенфике 3,743604 0,003878
экс 1,994404 0,001033
ловчев 3,743604 0,002909
ланс 4,436752 0,003447
китай 2,038856 0,000528
фукада 5,129899 0,001329
бенфики 2,827314 0,000732
сезон 1,368699 0,001418
норвегии 1,728701 0,000448
согласовании 5,129899 0,002657
бенфика 2,644992 0,002055
мин 2,932674 0,002279
сочи 0,853233 0,000663
футбол 0,285712 0,000592
слухи 2,564949 0,005979
мишенью 5,129899 0,002657
бурлила 5,129899 0,005315
каких 3,338139 0,000865
месси 2,239527 0,005220
бенфику 2,932674 0,001519
видах 2,038856 0,000528
ювентус 2,421849 0,003136
даби 2,827314 0,000732
португалия 2,296685 0,000595
знают 4,031286 0,002088
индексируемой 5,129899 0,001329
поделился 3,520461 0,003647
этап 1,392229 0,003966
црвена 2,644992 0,001370
трент 3,743604 0,000970
абсолютно 3,183989 0,003299
уступая 3,183989 0,000825
бывший 1,762603 0,001370
поединке 2,827314 0,000732
решается 4,031286 0,002088
атлетико 1,911023 0,003960
айнтрахт 3,743604 0,003878
хотят 3,050457 0,001580
анже 4,436752 0,003447
прервал 3,050457 0,001580
генк 4,436752 0,001149
аугсбург 5,129899 0,003986
вице 2,134166 0,001105
лейпциг 4,436752 0,003447
могу 2,732003 0,000708
bet 3,743604 0,003878
выводы 4,031286 0,001044
колыванов 3,338139 0,004323
покинул 2,296685 0,001190
первую 1,518981 0,000787
показать 0,825834 0,000642
австралия 2,239527 0,000580
надо 2,038856 0,001056
прокомментировал 2,564949 0,003322
паули 4,436752 0,003447
пароль 2,732003 0,000708
засуху 4,436752 0,002298
млс 2,296685 0,000595
минимальной 4,031286 0,004176
взаимопонимания 5,129899 0,002657
вендел 2,490841 0,000645
руя 4,436752 0,002298
чувствую 4,031286 0,001044
опять 2,732003 0,005661
прямая 3,050457 0,008691
александер 2,357310 0,003053
fon 5,129899 0,005315
расклады 3,183989 0,003299
этапе 1,633391 0,000423
паузы 3,520461 0,003647
чехию 2,932674 0,000760
видео 0,699082 0,002897
чехия 1,518981 0,000393
дожал 4,436752 0,002298
оценки 2,421849 0,001882
голубых 3,183989 0,000825
польша 2,185460 0,000566
оформил 2,490841 0,001290
воспитанник 2,732003 0,001415
станковича 4,031286 0,002088
сассуоло 4,436752 0,003447
туркменистан 3,520461 0,000912
счетом 2,239527 0,000580
мог 1,762603 0,002283
лапорта 3,743604 0,003878
пономарёв 3,743604 0,003878
активность 4,436752 0,001149
решил 2,490841 0,000645
опросы 3,743604 0,000970
football 2,239527 0,001740
фаворит 3,338139 0,000865
смог 1,994404 0,001033
раунд 2,134166 0,002764
удаление 2,421849 0,001255
родных 5,129899 0,002657
пирло 5,129899 0,001329
японка 4,436752 0,001149
вторая 1,345709 0,000697
пэлас 4,031286 0,007309
переборол 5,129899 0,002657
швейцария 1,603538 0,000415
человеком 3,338139 0,001729
швейцарию 2,732003 0,000708
таджикистан 3,520461 0,000912
эксклюзивы 2,732003 0,001415
эксклюзив 2,357310 0,007937
арендовать 5,129899 0,002657
москва 0,760451 0,004136
меня 1,518981 0,002360
сегунда 4,436752 0,001149
фабио 2,932674 0,003798
пассивности 5,129899 0,005315
скандал 1,871802 0,000970
тренировочный 2,827314 0,000732
результаты 0,910391 0,000707
офф 1,019025 0,001847
дал 2,239527 0,000580
возвращение 1,762603 0,001826
матча 1,002764 0,001039
овьедо 5,129899 0,003986
матчи 0,773190 0,000601
торпедо 1,574551 0,001223
реал 1,492313 0,008117
матче 0,747872 0,001356
возвращении 2,827314 0,001465
нормально 4,031286 0,002088
стилерс 5,129899 0,001329
стать 1,441019 0,000373
работать 2,296685 0,001190
повторил 2,490841 0,001290
акрон 1,279751 0,001326
агент 2,932674 0,000760
романо 3,183989 0,001649
редакции 1,951845 0,000506
был 0,663991 0,000172
лещук 3,520461 0,000912
раскрыл 3,338139 0,001729
кого 2,085376 0,003781
большинстве 2,239527 0,001160
объявил 2,185460 0,002830
это 0,277868 0,000504
станет 1,911023 0,002970
обзоры 3,338139 0,000865
два 0,760451 0,000788
гонсалес 3,743604 0,001939
кострома 3,338139 0,002594
две 1,019025 0,000264
вряд 4,031286 0,001044
катком 5,129899 0,001329
тренер 0,895792 0,000464
гранда 4,436752 0,003447
уехал 3,050457 0,001580
штутгарт 3,743604 0,004848
новости 0,301585 0,001094
войти 0,735450 0,000571
бело 2,644992 0,000685
устраивает 3,743604 0,000970
финляндия 1,492313 0,000387
вышла 1,466337 0,000380
англичанин 3,520461 0,001824
судьба 2,932674 0,001519
пиза 5,129899 0,003986
сафонов 2,644992 0,005480
неделе 3,338139 0,000865
электронное 4,031286 0,001044
ответил 2,185460 0,001698
регистрация 2,185460 0,001132
www 1,392229 0,000361
пользовательское 2,185460 0,000566
белосток 5,129899 0,003986
вини 3,338139 0,000865
вернулся 1,911023 0,000495
брюгге 1,951845 0,002022
германия 1,140915 0,001773
соперничать 4,436752 0,001149
медалей 1,238078 0,000641
мфл 3,520461 0,000912
winline 2,564949 0,002657
кёльн 4,031286 0,003132
играть 1,368699 0,000709
рынке 3,520461 0,003647
хоффенхайм 5,129899 0,003986
марселе 4,031286 0,002088
молодым 2,732003 0,000708
стыковом 2,564949 0,000664
первые 0,971016 0,000251
удалился 4,436752 0,004596
страсбург 4,436752 0,003447
кристал 4,436752 0,008044
февраля 0,232059 0,001683
марсель 3,338139 0,002594
продлить 4,436752 0,002298
арбелоа 3,520461 0,000912
программы 1,633391 0,000423
бывшей 3,338139 0,000865
итог 2,732003 0,004246
минут 1,258698 0,000652
германии 1,323236 0,000343
эдвардс 5,129899 0,001329
камаз 2,732003 0,002123
слоупстайлу 5,129899 0,001329
вопрос 1,603538 0,002077
футболисты 2,185460 0,000566
игра 1,301257 0,000674
вылета 2,827314 0,005858
высшее 4,436752 0,001149
соревнования 0,663991 0,000172
мбаппе 2,239527 0,002900
чемпионшип 4,436752 0,001149
винисиусу 3,743604 0,001939
ваш 2,732003 0,001415
предоставил 5,129899 0,002657
ответ 2,644992 0,000685
самоустраненения 5,129899 0,005315
раунда 2,085376 0,000540
заплатить 2,932674 0,000760
краснодаре 2,732003 0,001415
футбольном 2,644992 0,000685
кто 0,839439 0,003261
настроения 4,031286 0,004176
винисиуса 2,644992 0,002740
краснодара 2,490841 0,002581
увольнений 5,129899 0,002657
мальорка 4,436752 0,003447
использование 1,104547 0,000286
самый 1,416327 0,000734
рубин 1,217876 0,001893
возможному 5,129899 0,002657
лилль 2,932674 0,003798
конкурс 2,827314 0,002197
вратарей 2,296685 0,000595
арнольд 3,520461 0,004559
сожалению 4,031286 0,001044
престианни 3,338139 0,000865
чинквини 4,436752 0,002298
молодёжное 3,520461 0,000912
краснодару 2,644992 0,001370
советов 1,217876 0,001262
очередного 3,520461 0,002735
кальяри 4,031286 0,003132
отобрал 4,436752 0,002298
реванш 2,421849 0,001255
аз 3,743604 0,003878
неплохие 5,129899 0,002657
аталанта 3,743604 0,002909
рома 2,827314 0,002197
балтика 1,258698 0,001630
конкуренцию 3,183989 0,001649
тулуза 5,129899 0,003986
трансфера 3,743604 0,001939
загреб 3,520461 0,000912
турок 3,338139 0,003458
борьбе 1,603538 0,000415
гамбург 3,520461 0,002735
борьба 1,002764 0,000260
сборная 0,711058 0,000184
шахматка 5,129899 0,010629
роли 2,296685 0,001190
тарханов 4,031286 0,003132
дин 4,436752 0,004596
африки 2,932674 0,000760
нападающий 1,797694 0,000931
страдания 5,129899 0,005315
принял 1,664163 0,000862
переходе 2,239527 0,001160
спартаке 2,827314 0,003661
азербайджан 2,644992 0,000685
юрий 2,185460 0,000566
спартака 1,633391 0,000846
бы 1,052361 0,000545
уефа 1,466337 0,001899
дать 3,183989 0,001649
кхл 0,760451 0,000197
столичного 4,031286 0,001044
россии 0,160085 0,000207
ru 0,285712 0,001480
возможный 4,031286 0,002088
наша 2,564949 0,000664
ассистент 3,520461 0,000912
гиперссылки 4,436752 0,001149
global 3,050457 0,008691
кубок 0,524729 0,001495
во 0,495170 0,000513
барселону 5,129899 0,007972
рублей 2,038856 0,001056
сайта 1,574551 0,000816
голами 3,520461 0,001824
уже 0,687247 0,000712
известно 1,871802 0,000970
вернуться 1,911023 0,000990
сайте 1,217876 0,000315
алавес 5,129899 0,003986
вы 0,325878 0,000084
барселона 1,834062 0,005225
букмекеры 1,664163 0,000431
мостовом 5,129899 0,001329
мостовой 3,338139 0,001729
саку 5,129899 0,002657
россия 0,699082 0,004164
пару 2,932674 0,000760
тест 2,827314 0,003661
betcity 5,129899 0,003986
гурбанова 5,129899 0,001329
абу 2,827314 0,000732
вопросы 2,644992 0,001370
свои 1,238078 0,000321
барселоны 2,827314 0,002929
активной 3,338139 0,000865
пари 1,301257 0,001011
сака 3,743604 0,001939
абы 3,338139 0,001729
да 1,911023 0,000495
плей 1,002764 0,001818
ворота 1,797694 0,000466
казахстан 1,301257 0,000337
перед 0,839439 0,000217
сайт 0,773190 0,000200
до 0,239550 0,000434
ханси 5,129899 0,001329
отце 5,129899 0,001329
рождения 1,664163 0,000431
другое 1,834062 0,000950
гостях 2,239527 0,001160
выступать 1,633391 0,000423
другой 1,492313 0,000387
двух 1,002764 0,000519
матвея 4,436752 0,001149
карабах 2,038856 0,005281
зимними 3,743604 0,001939
look 3,743604 0,010666
азии 2,085376 0,000540
паок 2,732003 0,001415
медиалига 5,129899 0,001329
скромный 5,129899 0,002657
vk 1,441019 0,000746
пропустил 2,185460 0,004528
зачёте 2,644992 0,000685
для 0,146292 0,000379
сандерленд 4,436752 0,003447
нефтехимик 2,827314 0,002197
выберите 2,239527 0,000580
отреагировали 3,050457 0,001580
карабаху 4,436752 0,002298
euro 3,520461 0,002735
победив 2,564949 0,000664
объявили 2,827314 0,002197
кубке 1,441019 0,000746
тренером 1,951845 0,000506
комментариев 3,338139 0,000865
кечинов 4,031286 0,005221
насра 4,436752 0,002298
что 0,239550 0,000372
медали 0,971016 0,000251
александара 5,129899 0,002657
чему 2,827314 0,001465
за 0,125952 0,000685
минское 2,564949 0,000664
фенербахче 3,520461 0,002735
рейтинг 0,565551 0,001465
чемпионства 3,183989 0,001649
зимнем 3,520461 0,001824
было 0,438551 0,000114
зимней 2,239527 0,002320
пользователей 2,038856 0,000528
валерий 2,239527 0,000580
чемпионство 2,357310 0,002442
поменялись 5,129899 0,005315
гола 1,951845 0,002528
позицию 2,827314 0,001465
baltbet 5,129899 0,003986
гамба 5,129899 0,002657
петросян 1,441019 0,000373
из 0,106018 0,000549
дотащил 5,129899 0,005315
еврокубки 1,546380 0,000801
им 1,198073 0,000621
роналду 1,911023 0,004455
ягеллония 4,031286 0,003132
их 0,799165 0,000207
укомплектовано 5,129899 0,002657
наср 3,338139 0,000865
над 0,986764 0,002300
потерпела 2,732003 0,000708
комментарий 3,050457 0,000790
повышение 3,050457 0,000790
спартак 0,786093 0,001832
аллегри 3,743604 0,001939
сих 2,421849 0,001255
трансферном 4,031286 0,004176
видит 3,743604 0,001939
лондонским 4,436752 0,001149
полуфинале 2,038856 0,000528
проиграла 2,239527 0,001740
ротор 2,732003 0,002123
спортинг 4,031286 0,001044
эспаньол 4,436752 0,003447
ска 1,279751 0,000994
точный 4,031286 0,002088
байер 1,994404 0,004132
бетис 4,436752 0,003447
серия 1,052361 0,003543
стадионы 2,421849 0,001255
цска 0,711058 0,002026
первенство 1,664163 0,000431
аргентина 2,421849 0,001255
livesport 4,436752 0,001149
домашнее 3,183989 0,000825
кремонезе 5,129899 0,003986
футболистам 4,031286 0,004176
адриано 3,520461 0,001824
затащил 5,129899 0,005315
забыли 3,520461 0,000912
младший 2,932674 0,000760
компани 5,129899 0,005315
клуба 1,178655 0,000611
запасного 4,436752 0,002298
произвольной 2,564949 0,000664
клубы 1,392229 0,000721
турция 2,421849 0,000627
футбольный 1,951845 0,003539
латераль 4,436752 0,001149
сборы 2,357310 0,000611
арсеналом 2,932674 0,000760
ла 1,762603 0,010043
добыв 5,129899 0,001329
клубу 2,239527 0,002320
следующий 1,574551 0,001631
крылья 1,258698 0,001304
трансферной 3,743604 0,000970
победа 1,238078 0,000641
ли 1,198073 0,000310
футбольные 2,239527 0,000580
авторизуйтесь 3,050457 0,000790
женская 2,239527 0,000580
форест 3,520461 0,004559
поздравил 3,338139 0,000865
высказал 4,436752 0,001149
фрайбург 5,129899 0,003986
роман 2,085376 0,000540
сми 1,546380 0,000401
альваро 3,520461 0,000912
сити 1,546380 0,002804
америки 1,695912 0,000439
арене 1,797694 0,000466
собой 1,279751 0,000331
вингера 4,031286 0,001044
нант 4,436752 0,003447
снг 2,490841 0,000645
бёрнли 5,129899 0,003986
брест 4,031286 0,003132
сосьедад 3,050457 0,002370
лучшего 2,421849 0,000627
дуэ 3,520461 0,001824
сборной 0,825834 0,000856
мы 0,925206 0,000240
участие 0,597299 0,000155
травмы 1,492313 0,000773
на 0,023953 0,000304
победила 1,762603 0,000457
нв 5,129899 0,003986
товарищеские 2,644992 0,000685
не 0,099461 0,000618
выбор 2,827314 0,000732
онлайн 0,773190 0,002804
медальном 3,743604 0,000970
нн 2,564949 0,001993
но 0,402511 0,000209
тренировкам 2,932674 0,000760
упала 3,338139 0,002594
верно 4,436752 0,001149
сервисов 1,834062 0,000475
ренн 3,520461 0,002735
хватает 1,762603 0,000913
аль 2,644992 0,002055
подписать 3,183989 0,000825
места 1,198073 0,000931
об 0,217244 0,000169
нем 2,085376 0,002160
владимир 1,546380 0,000401
вулверхэмптон 2,564949 0,004650
флик 5,129899 0,002657
ои 0,812411 0,000421
юношеская 2,732003 0,000708
армения 2,827314 0,000732
отдала 5,129899 0,002657
развитие 1,633391 0,000846
он 0,534779 0,000139
от 0,160085 0,000083
черчесова 3,743604 0,000970
валенсия 3,183989 0,002474
шишкин 4,031286 0,004176
салтыкова 5,129899 0,002657
все 0,125952 0,000326
комментатор 2,564949 0,001329
по 0,073653 0,000191
эстафету 3,338139 0,000865
клубного 2,932674 0,000760
ульяновск 4,031286 0,003132
плохое 5,129899 0,002657
треском 5,129899 0,005315
талант 3,743604 0,001939
травма 3,743604 0,001939
атлетик 3,743604 0,002909
орлов 2,827314 0,001465
оренбурга 3,743604 0,001939
повышения 2,644992 0,000685
рб 2,357310 0,001832
liveresult 5,129899 0,002657
очень 1,140915 0,000886
принёс 2,827314 0,001465
квалификационный 2,732003 0,003538
просьбой 4,031286 0,002088
сыграли 2,421849 0,002509
леванте 2,932674 0,005317
уфа 2,239527 0,001740
