рф 1,871802 0,009550
px 2,185460 0,022301
ещё 0,420369 0,001072
спорт 0,224624 0,001719
стал 0,586604 0,002993
теннис 0,495170 0,002526
мобильная 0,608110 0,001551
гагарина 2,085376 0,005320
получили 1,664163 0,008491
заявил 1,441019 0,007352
ахмат 1,217876 0,003107
imgsrc 5,129899 0,065432
ситуации 1,994404 0,005088
фигурное 0,534779 0,002728
погода 3,520461 0,008981
ставки 1,603538 0,004091
должно 1,762603 0,004496
мид 3,520461 0,017962
информационном 2,239527 0,005713
помощь 2,239527 0,011426
тв 1,633391 0,004167
зимние 1,159607 0,002958
в 0,017911 0,000503
left 2,085376 0,021279
стала 0,881403 0,002248
реклама 0,735450 0,001876
фото 0,799165 0,002039
и 0,023953 0,000428
политика 0,239550 0,001222
бы 1,052361 0,002685
о 0,042302 0,000216
кхл 0,760451 0,001940
финала 1,104547 0,002818
с 0,036149 0,000369
россии 0,160085 0,000408
матчам 3,183989 0,008122
автоспорт 3,338139 0,008516
четвертьфинал 1,951845 0,004979
ru 0,285712 0,003644
экс 1,994404 0,005088
проекты 1,198073 0,003056
разгромил 2,296685 0,005859
бенфики 2,827314 0,007213
авто 0,925206 0,002360
главные 1,086847 0,002773
третий 1,416327 0,003613
во 0,495170 0,001263
часназад 5,129899 0,013086
российские 1,301257 0,009959
футбол 0,285712 0,002915
конфиденциальности 0,317714 0,000810
полуфиналист 3,183989 0,016245
рублев 2,296685 0,005859
раз 0,504926 0,001288
лайки 4,436752 0,011318
ресурсе 2,296685 0,005859
российский 1,086847 0,005545
трактор 2,134166 0,005444
итогам 1,603538 0,004091
время 0,384967 0,000982
версия 0,485508 0,001239
отчеты 4,436752 0,011318
дружеской 5,129899 0,013086
трехкратной 4,031286 0,010284
рассказали 3,183989 0,016245
часаназад 5,129899 0,104692
watch 2,357310 0,024054
absolute 2,296685 0,023436
финансы 3,743604 0,009550
болельщики 1,834062 0,014036
проекте 1,546380 0,003945
плей 1,002764 0,002558
псж 1,518981 0,003875
полезные 2,296685 0,005859
турнира 0,839439 0,004283
до 0,239550 0,000611
сервисы 2,644992 0,006747
хоккеиста 3,338139 0,008516
соответствии 1,086847 0,002773
спортсмены 1,140915 0,005821
виды 0,773190 0,003945
юлаев 2,185460 0,005575
сыграл 1,951845 0,004979
реала 2,564949 0,006543
баскетбол 0,773190 0,001972
спорта 0,342407 0,002620
положены 4,031286 0,020568
кубка 0,825834 0,002107
хоккейного 2,564949 0,013086
флаг 1,279751 0,006529
mma 2,038856 0,005201
гуменник 2,564949 0,006543
hidden 4,436752 0,011318
волейбол 1,019025 0,002600
видео 0,699082 0,001783
рекомендательные 1,762603 0,004496
биатлон 0,534779 0,001364
атлетам 3,743604 0,019100
что 0,239550 0,001833
прогона 4,436752 0,011318
вышел 1,574551 0,004017
минское 2,564949 0,006543
дом 2,239527 0,005713
мок 1,574551 0,016067
подарочные 4,436752 0,022636
counter 1,911023 0,004875
шокирован 4,031286 0,010284
хоккеисты 2,134166 0,005444
развлечения 4,031286 0,010284
редакционная 4,031286 0,010284
подарки 4,436752 0,022636
личные 3,050457 0,007782
сша 0,586604 0,001496
петросян 1,441019 0,003676
примут 2,564949 0,006543
больше 0,812411 0,002072
монако 1,994404 0,005088
прервала 3,338139 0,008516
потребовали 3,743604 0,019100
хоккей 0,376309 0,007680
спартак 0,786093 0,002005
https 0,699082 0,007133
обстановке 4,031286 0,010284
около 1,518981 0,003875
полуфинале 2,038856 0,005201
aria 5,129899 0,013086
уют 5,129899 0,013086
ска 1,279751 0,003265
здоровье 1,664163 0,004245
интернету 5,129899 0,013086
серию 1,466337 0,003741
офф 1,019025 0,002600
жизненные 5,129899 0,013086
новостей 1,574551 0,004017
style 2,085376 0,021279
quot 5,129899 0,039259
торпедо 1,574551 0,004017
матче 0,747872 0,005724
телефоны 4,436752 0,022636
разгромило 3,183989 0,008122
произвольной 2,564949 0,006543
top 1,728701 0,004410
динамо 0,663991 0,001694
которых 1,052361 0,005369
известен 2,564949 0,013086
еда 3,743604 0,009550
дохе 2,296685 0,005859
олимпийской 1,911023 0,004875
развернули 5,129899 0,026173
cnt 5,129899 0,013086
президент 1,416327 0,003613
тренер 0,895792 0,002285
вместе 1,178655 0,003007
победную 2,644992 0,006747
стран 1,546380 0,007890
новости 0,301585 0,001539
рассказал 1,238078 0,003158
pid 5,129899 0,013086
летние 1,238078 0,003158
отдых 2,421849 0,006178
дети 2,239527 0,005713
сборной 0,825834 0,002107
инцидентом 3,743604 0,009550
олимпиаде 0,895792 0,011426
вышло 2,564949 0,006543
участие 0,597299 0,001524
мира 0,367725 0,000938
на 0,023953 0,000489
топ 1,238078 0,003158
часовназад 5,129899 0,078519
олимпиада 1,104547 0,014089
mc 2,421849 0,024713
северсталь 2,134166 0,005444
американская 2,421849 0,006178
не 0,099461 0,001522
почему 1,122566 0,005727
использования 0,393700 0,001004
тренды 2,239527 0,005713
почта 2,564949 0,013086
упала 3,338139 0,008516
alt 2,185460 0,022301
карьера 2,038856 0,005201
олимпиады 0,925206 0,007081
три 0,786093 0,002005
программа 1,574551 0,004017
rambler 4,031286 0,010284
true 4,031286 0,010284
шахматы 1,871802 0,004775
ои 0,812411 0,002072
вакансии 2,421849 0,006178
position 2,085376 0,021279
список 1,198073 0,006113
игры 0,376309 0,000960
хоккейном 2,732003 0,013939
седьмой 2,732003 0,006969
поиск 0,735450 0,005628
сафонова 3,050457 0,007782
программы 1,633391 0,004167
сберегаем 5,129899 0,013086
от 0,160085 0,000817
опубликовать 5,129899 0,026173
правилами 1,323236 0,003376
аналитика 2,421849 0,006178
рамблер 3,338139 0,017031
горнолыжница 3,520461 0,008981
бокс 0,576022 0,001469
лыжи 1,019025 0,002600
катание 0,534779 0,002728
матчевую 2,644992 0,006747
все 0,125952 0,000321
против 0,747872 0,001908
гороскопы 5,129899 0,026173
другие 0,384967 0,000982
по 0,073653 0,000564
фифа 1,728701 0,004410
дошли 3,050457 0,007782
салават 2,134166 0,005444
винисиусом 2,564949 0,006543
заявили 3,520461 0,008981
родители 3,743604 0,009550
оценили 3,050457 0,007782
технологии 1,574551 0,008033
балтикой 3,520461 0,008981
применяются 1,466337 0,003741
yandex 2,239527 0,022852
вничью 1,797694 0,004586
быть 0,773190 0,001972
второй 0,786093 0,002005
чемпионкой 2,564949 0,006543
тутберидзе 2,085376 0,005320
условия 0,411400 0,001049
