формула 1,728701 0,002897
день 0,760451 0,001274
рассказ 4,031286 0,002252
медалями 2,644992 0,001478
легендарная 3,183989 0,001779
крылова 3,183989 0,001779
выигрывать 3,338139 0,001865
стал 0,586604 0,001966
норвежцев 3,743604 0,002091
мама 4,031286 0,002252
играх 0,699082 0,003124
формулы 2,564949 0,001433
прогулки 5,129899 0,002866
выиграл 1,178655 0,000658
милане 2,038856 0,007973
со 0,447767 0,000500
центр 0,881403 0,001477
одну 1,762603 0,002954
славную 5,129899 0,002866
рискнуть 5,129899 0,002866
чуть 2,357310 0,001317
громкая 4,436752 0,002479
микаэла 4,436752 0,017350
проиграть 3,183989 0,001779
сю 4,436752 0,002479
горнолыжницы 4,436752 0,002479
реклама 0,735450 0,001643
фото 0,799165 0,002232
лес 3,743604 0,002091
лет 0,475938 0,000532
чемпионская 2,490841 0,002783
напрашивается 5,129899 0,008598
то 0,652562 0,000365
пеллегрино 4,031286 0,002252
поведал 5,129899 0,002866
сейчас 1,104547 0,000617
умерла 4,031286 0,006756
главные 1,086847 0,000607
поп 1,911023 0,001068
вторым 1,911023 0,001068
пятое 2,490841 0,001392
фростад 4,436752 0,002479
конфиденциальности 0,317714 0,000177
майя 3,338139 0,005595
вхл 1,664163 0,000930
билли 2,296685 0,001283
своей 1,002764 0,000560
теперь 0,971016 0,001085
лишилась 3,338139 0,001865
при 0,367725 0,000411
верю 3,183989 0,001779
про 1,301257 0,000727
вторые 2,827314 0,003159
начинаем 4,436752 0,002479
ситуацию 3,183989 0,001779
лыжниках 5,129899 0,002866
также 0,663991 0,000371
rds 1,911023 0,001068
снимающий 5,129899 0,002866
италия 0,867219 0,000484
футзал 2,085376 0,001165
эмоционально 5,129899 0,008598
опередив 3,183989 0,001779
свободы 3,743604 0,002091
лучшее 2,239527 0,001251
isu 1,603538 0,000896
легко 2,932674 0,001638
опередил 4,031286 0,002252
безоговорочные 5,129899 0,002866
кремля 2,490841 0,001392
драма 3,183989 0,003558
ног 2,644992 0,001478
шумахер 3,520461 0,003933
олимпизм 1,466337 0,000819
спорта 0,342407 0,001339
уходят 3,183989 0,001779
яркое 3,050457 0,003408
италии 1,002764 0,002241
падение 2,732003 0,001526
домашними 3,743604 0,002091
база 1,871802 0,001046
саши 5,129899 0,002866
получил 1,002764 0,000560
гонка 1,871802 0,002091
стороны 1,546380 0,000864
андерссон 5,129899 0,002866
один 0,711058 0,000397
гонке 2,185460 0,001221
подъёмы 4,031286 0,002252
микаэль 3,743604 0,002091
рекомендательные 1,762603 0,000985
содружества 1,518981 0,001697
сундлинг 2,421849 0,005412
чм 1,492313 0,002501
мотогонки 2,564949 0,001433
падения 2,644992 0,005911
барса 3,743604 0,002091
гонки 1,002764 0,010644
live 1,518981 0,000849
финише 2,732003 0,003053
забрал 3,520461 0,001967
наций 1,797694 0,001004
способен 3,743604 0,002091
получив 3,338139 0,001865
сша 0,586604 0,001639
бротен 5,129899 0,002866
спортивном 2,038856 0,001139
вывеска 4,436752 0,002479
самая 1,911023 0,001068
савелия 4,031286 0,002252
киберспорт 1,762603 0,000985
король 3,520461 0,003933
самбо 1,994404 0,001114
через 0,971016 0,001627
страшного 4,436752 0,007436
гениальный 4,436752 0,002479
brave 2,564949 0,001433
столько 2,564949 0,001433
сборные 0,839439 0,000469
конференций 1,728701 0,000966
лучшие 1,019025 0,001139
лучший 1,368699 0,000765
ranynuevrg 2,564949 0,001433
лучшим 1,951845 0,002181
pfl 2,421849 0,001353
никогда 1,951845 0,001090
золота 2,932674 0,004915
провела 2,421849 0,001353
мадрид 1,834062 0,001025
жизни 1,122566 0,001881
пловца 3,743604 0,002091
прямо 2,296685 0,001283
золото 1,217876 0,010886
нужно 1,492313 0,000834
скелетон 1,258698 0,000703
олимпиад 2,564949 0,001433
кульбиты 4,436752 0,002479
нужна 3,520461 0,001967
выигрывал 2,827314 0,001580
сезона 1,052361 0,000588
помог 2,421849 0,001353
майкла 3,338139 0,001865
завоевал 1,911023 0,002135
савелий 3,338139 0,001865
его 0,447767 0,000250
обделили 3,743604 0,002091
шансы 1,951845 0,001090
только 0,447767 0,001251
шорт 1,086847 0,001214
золотых 1,911023 0,003203
мужа 3,520461 0,001967
майклу 3,743604 0,006274
com 0,925206 0,000517
нхл 0,925206 0,000517
турнир 0,699082 0,000391
горнолыжный 1,301257 0,005816
аравия 1,951845 0,001090
приходили 3,520461 0,001967
мира 0,367725 0,001643
табло 2,357310 0,001317
дрифт 2,421849 0,001353
золотыми 3,338139 0,001865
канал 2,038856 0,001139
почему 1,122566 0,000627
тренировки 1,546380 0,000864
разом 5,129899 0,002866
бразилец 2,932674 0,001638
объединении 4,031286 0,006756
нарушение 1,797694 0,001004
паралимпиада 2,490841 0,001392
гандбол 1,178655 0,000658
наказали 3,520461 0,001967
шахматы 1,871802 0,001046
примере 4,031286 0,002252
футболу 1,492313 0,000834
паралимпиаде 2,490841 0,001392
дёмин 2,932674 0,001638
полная 1,834062 0,002049
горнолыжница 3,520461 0,001967
уступает 3,338139 0,005595
никто 1,871802 0,002091
международной 1,345709 0,000752
против 0,747872 0,000418
другие 0,384967 0,000215
профессиональный 1,834062 0,001025
так 0,597299 0,000334
фифа 1,728701 0,000966
федерацию 3,338139 0,005595
любительский 2,085376 0,001165
где 0,675551 0,000377
активный 2,490841 0,001392
раскрыть 2,564949 0,001433
лыжник 4,031286 0,004504
англия 1,574551 0,000880
наполи 2,644992 0,001478
применяются 1,466337 0,000819
трансферы 1,664163 0,000930
эйнаром 5,129899 0,002866
championat 1,834062 0,001025
быть 0,773190 0,000432
окко 2,490841 0,001392
сериалы 2,421849 0,001353
слаломе 2,644992 0,004433
юная 4,436752 0,002479
ледовые 2,564949 0,001433
спорт 0,224624 0,001506
заходил 5,129899 0,002866
мобильная 0,608110 0,000340
фотофиниш 3,743604 0,004183
франция 1,122566 0,000627
шоу 1,441019 0,000805
стало 1,217876 0,000680
субботы 3,743604 0,002091
целого 3,338139 0,001865
сделала 3,050457 0,001704
информационном 2,239527 0,001251
швеция 1,345709 0,000752
легенды 1,994404 0,001114
знаете 2,185460 0,002442
сделали 2,134166 0,001192
стала 0,881403 0,000492
догонял 5,129899 0,002866
линн 5,129899 0,002866
зачёт 1,951845 0,003271
превратилась 4,436752 0,002479
первая 0,867219 0,000484
дэли 4,436752 0,002479
российские 1,301257 0,000727
rss 2,085376 0,002330
женщины 0,881403 0,000985
раз 0,504926 0,000282
чемпионат 0,277868 0,001708
киберклубы 2,564949 0,001433
российский 1,086847 0,000607
испания 1,466337 0,000819
тех 1,217876 0,000680
выиграть 1,466337 0,000819
версия 0,485508 0,000814
бьорген 3,743604 0,002091
спустя 1,911023 0,001068
ему 1,323236 0,000739
смотреть 1,695912 0,001895
дальквист 4,031286 0,009008
последниевсе 2,564949 0,001433
равную 4,436752 0,002479
европы 0,524729 0,000879
американского 2,490841 0,001392
без 0,466460 0,000261
хедегартом 5,129899 0,005732
трансляции 1,441019 0,000805
лучше 1,695912 0,000947
соответствии 1,086847 0,000607
спринт 2,296685 0,006415
atp 1,994404 0,003343
завтра 1,951845 0,001090
российских 1,323236 0,000739
евро 1,466337 0,000819
виды 0,773190 0,001296
телефон 2,134166 0,001192
erid 2,239527 0,003753
итоги 1,834062 0,001025
пока 1,159607 0,000648
рублёв 3,338139 0,001865
mdvh 2,564949 0,001433
тигрица 5,129899 0,002866
фортуна 2,490841 0,001392
бороться 2,185460 0,001221
евролига 1,664163 0,000930
фелпсу 4,031286 0,006756
android 2,185460 0,001221
чемпионата 0,735450 0,000822
ростов 1,002764 0,000560
тесты 1,871802 0,001046
после 0,317714 0,001597
фелпса 4,031286 0,002252
южная 1,797694 0,001004
букмекеров 1,198073 0,002008
статьи 0,524729 0,000293
канада 1,301257 0,000727
бобслей 1,238078 0,000692
сельта 2,932674 0,001638
трансляцию 3,050457 0,003408
контакты 1,258698 0,000703
двумя 1,664163 0,000930
хайкин 3,050457 0,001704
никита 1,603538 0,000896
lifestyle 2,490841 0,001392
правовая 2,296685 0,001283
лыжах 1,178655 0,000658
канады 1,217876 0,001361
медведев 1,834062 0,001025
биг 4,031286 0,004504
play 1,441019 0,000805
удалось 2,085376 0,001165
чемпионке 4,031286 0,002252
пропустите 4,031286 0,002252
чемпионки 3,050457 0,001704
олимпиадах 2,296685 0,001283
может 0,630089 0,000352
запомнилась 5,129899 0,002866
трибунами 3,743604 0,002091
ови 2,490841 0,001392
вонн 3,743604 0,012548
прочие 1,345709 0,006014
тормод 5,129899 0,002866
крестов 4,436752 0,002479
непряевой 3,743604 0,004183
год 0,687247 0,000384
максим 1,994404 0,001114
лыжного 3,338139 0,001865
итальянская 2,357310 0,001317
образе 2,421849 0,001353
собака 3,050457 0,008521
министр 2,421849 0,004059
интера 2,732003 0,001526
матч 0,411400 0,001149
разрыву 5,129899 0,002866
линдси 3,743604 0,010457
выиграли 1,518981 0,006789
прочее 1,834062 0,001025
командном 2,296685 0,010265
прогнозы 2,085376 0,001165
семь 2,038856 0,001139
командного 3,183989 0,007115
самой 1,574551 0,000880
россияне 2,296685 0,001283
сегодня 0,881403 0,000492
жена 2,932674 0,003277
молодёжные 2,490841 0,001392
вместе 1,178655 0,001317
гонках 3,183989 0,003558
выиграла 1,345709 0,007518
битве 3,743604 0,002091
чемпионка 1,911023 0,001068
лиги 0,895792 0,000500
удивительная 5,129899 0,002866
чемпионом 1,122566 0,003763
решение 1,238078 0,002075
лига 0,402511 0,002474
психанул 4,436752 0,002479
догнать 3,050457 0,001704
истории 0,630089 0,000704
олимпиаде 0,895792 0,010509
том 0,895792 0,000500
топ 1,238078 0,004842
олимпиада 1,104547 0,008639
единой 2,644992 0,001478
календарь 0,735450 0,000822
олимпиаду 1,664163 0,000930
главная 1,323236 0,000739
хорошенько 5,129899 0,002866
история 0,555188 0,000310
олимпиады 0,925206 0,004135
таблица 0,925206 0,000517
звезда 1,871802 0,001046
клубный 1,871802 0,001046
бои 1,633391 0,000913
финишировал 3,338139 0,001865
чемпион 0,867219 0,000484
разобрал 4,436752 0,002479
прыжках 2,827314 0,001580
огден 4,031286 0,004504
исторический 2,644992 0,001478
клебо 2,490841 0,034788
железо 2,564949 0,001433
лыжи 1,019025 0,002846
шлемом 4,436752 0,002479
катание 0,534779 0,001494
как 0,232059 0,000259
первое 1,279751 0,000715
оценила 3,183989 0,001779
саудовская 1,951845 0,001090
горнолыжник 4,031286 0,004504
олдхэм 5,129899 0,002866
бьорндалена 4,031286 0,002252
фильм 2,644992 0,001478
расписание 1,695912 0,002842
трамплина 1,159607 0,001943
попала 2,732003 0,003053
хеппи 5,129899 0,002866
париже 1,664163 0,000930
риск 2,732003 0,001526
ufc 1,441019 0,000805
чемпионов 0,652562 0,001458
яркий 3,520461 0,001967
ларису 4,436752 0,009915
второй 0,786093 0,000439
условия 0,411400 0,000230
получила 1,728701 0,000966
финал 1,258698 0,000703
единая 1,728701 0,000966
образ 4,031286 0,002252
приведшего 5,129899 0,002866
рпл 1,140915 0,001275
ещё 0,420369 0,001174
фаворитов 2,827314 0,001580
медальный 1,911023 0,003203
fis 4,031286 0,004504
теннис 0,495170 0,000830
dota 2,490841 0,001392
йоханнес 2,185460 0,023198
фигурное 0,534779 0,001494
организаторов 3,050457 0,001704
сван 5,129899 0,002866
пришлось 2,296685 0,001283
ставки 1,603538 0,000896
эйр 3,743604 0,002091
решило 2,932674 0,001638
остался 2,564949 0,001433
помощь 2,239527 0,001251
а 0,209918 0,000586
в 0,017911 0,000540
биатлонисту 4,436752 0,002479
фристайлист 4,436752 0,004957
е 0,867219 0,000484
гайды 2,564949 0,001433
и 0,023953 0,000535
интер 1,633391 0,000913
политика 0,239550 0,000134
к 0,132686 0,000148
готовности 3,338139 0,001865
велоспорт 1,178655 0,000658
м 0,534779 0,000299
альпинизм 1,323236 0,002218
о 0,042302 0,000189
с 0,036149 0,000323
побороться 4,031286 0,002252
перфлюенс 2,564949 0,001433
у 0,342407 0,000765
экс 1,994404 0,001114
х 0,986764 0,001103
шокирующие 5,129899 0,002866
авто 0,925206 0,000517
норвегии 1,728701 0,000966
я 0,853233 0,002383
футбол 0,285712 0,000479
переживания 4,436752 0,002479
атлетика 1,052361 0,001176
регби 0,955511 0,000534
четвертьфиналы 2,732003 0,001526
ювентус 2,421849 0,001353
дэвиса 1,633391 0,000913
ресурсе 2,296685 0,001283
решила 2,827314 0,001580
федерика 5,129899 0,002866
црвена 2,644992 0,001478
мячом 1,104547 0,000617
время 0,384967 0,000215
федерики 5,129899 0,002866
ооо 1,871802 0,003137
okko 2,357310 0,001317
гаджеты 2,421849 0,001353
тартынский 5,129899 0,002866
готовит 3,520461 0,003933
эйре 4,436752 0,002479
восемь 2,038856 0,001139
суперкары 2,564949 0,001433
мобильное 2,296685 0,001283
шанс 2,185460 0,001221
вырасти 5,129899 0,002866
сумму 2,932674 0,001638
канадка 4,436752 0,002479
эйнар 3,050457 0,006817
сноуборд 1,238078 0,001383
показать 0,825834 0,000923
соперников 1,664163 0,000930
пляжный 1,728701 0,001932
крутой 3,743604 0,002091
мма 1,069456 0,001792
олимпийские 0,895792 0,001501
олимпийским 1,492313 0,004168
филиппов 3,050457 0,001704
ощущается 4,436752 0,002479
олимпийский 0,853233 0,000953
историческая 4,436752 0,002479
млс 2,296685 0,001283
девятое 3,338139 0,001865
игр 0,367725 0,000616
эббы 5,129899 0,002866
командные 1,797694 0,001004
гран 1,518981 0,001697
разножкой 5,129899 0,002866
мне 1,871802 0,001046
командный 1,994404 0,005571
волейбол 1,019025 0,001139
видео 0,699082 0,001562
всем 1,762603 0,000985
оценки 2,421849 0,001353
биатлон 0,534779 0,001494
плавание 1,198073 0,000669
олимпийских 0,799165 0,004465
объясняем 3,743604 0,002091
шлем 1,951845 0,001090
эфир 2,085376 0,002330
выбежавшая 5,129899 0,005732
случилась 3,520461 0,001967
преимуществом 3,520461 0,005900
момент 1,301257 0,000727
counter 1,911023 0,001068
летняя 2,085376 0,001165
смог 1,994404 0,001114
спринта 2,564949 0,005732
хоккею 1,603538 0,001792
среды 2,827314 0,001580
джин 2,134166 0,001192
спринте 2,357310 0,010535
вторая 1,345709 0,000752
ужаса 5,129899 0,002866
ranym 2,564949 0,001433
скидки 2,239527 0,001251
эксклюзив 2,357310 0,005268
четверга 3,050457 0,001704
конфликте 4,436752 0,002479
результат 1,416327 0,000791
скандал 1,871802 0,001046
wta 2,038856 0,003417
коростелёв 4,436752 0,007436
пешком 5,129899 0,002866
большой 1,069456 0,000597
дания 2,085376 0,001165
результаты 0,910391 0,002543
выступят 2,732003 0,001526
гигантский 4,031286 0,002252
матчи 0,773190 0,000864
реал 1,492313 0,001667
матче 0,747872 0,000418
возвращении 2,827314 0,001580
преддверии 3,520461 0,001967
лидерами 2,564949 0,001433
кингсбери 5,129899 0,002866
стать 1,441019 0,000805
вчера 1,518981 0,000849
шведки 4,031286 0,004504
релизы 2,357310 0,001317
это 0,277868 0,000310
легендарный 2,732003 0,001526
станет 1,911023 0,001068
два 0,760451 0,000425
дохе 2,296685 0,001283
жёсткую 5,129899 0,002866
какая 3,183989 0,001779
strike 2,564949 0,001433
шиффрин 2,932674 0,011469
высшая 2,185460 0,001221
поработать 5,129899 0,002866
услышаны 5,129899 0,002866
бронзу 2,085376 0,002330
новости 0,301585 0,002022
старт 1,416327 0,000791
финляндия 1,492313 0,001667
вышла 1,466337 0,000819
турниров 1,664163 0,000930
потому 2,085376 0,001165
разбор 3,183989 0,001779
использования 0,393700 0,000220
тренды 2,239527 0,001251
германия 1,140915 0,000637
медалей 1,238078 0,002075
падел 2,296685 0,001283
покажет 3,183989 0,001779
рейды 2,564949 0,001433
bellator 2,490841 0,001392
затем 1,301257 0,000727
рубку 5,129899 0,002866
большунова 3,183989 0,003558
отыгрались 4,031286 0,002252
увидев 5,129899 0,002866
игры 0,376309 0,000841
пост 2,134166 0,001192
февраля 0,232059 0,004408
слалом 4,031286 0,002252
мхл 1,603538 0,000896
кратный 2,644992 0,001478
непряева 2,932674 0,003277
кратным 3,338139 0,007460
события 0,663991 0,001855
инн 2,490841 0,004175
евротур 2,357310 0,001317
словакия 1,834062 0,001025
швырнул 5,129899 0,002866
соревнования 0,663991 0,000371
неудачи 3,338139 0,001865
лёгкая 1,238078 0,002075
прыжки 1,019025 0,001139
большим 2,085376 0,003495
эйлин 4,436752 0,002479
кто 0,839439 0,000469
бакуровым 4,436752 0,002479
показали 2,296685 0,001283
технологии 1,574551 0,000880
неделю 2,038856 0,002278
самый 1,416327 0,000791
мотивация 2,490841 0,001392
недель 2,085376 0,002330
обсуждаемые 2,490841 0,001392
самым 1,392229 0,000778
лилль 2,932674 0,001638
соревнований 0,881403 0,001477
снялась 2,932674 0,001638
воскресенья 4,031286 0,002252
мчм 2,490841 0,001392
зимних 1,633391 0,000913
бриньоне 5,129899 0,005732
энда 3,338139 0,001865
рома 2,827314 0,001580
жалобы 2,932674 0,001638
охоту 4,436752 0,002479
борьбе 1,603538 0,000896
борьба 1,002764 0,001120
приложение 1,994404 0,002228
сборная 0,711058 0,000794
циципас 2,134166 0,001192
федерацией 2,185460 0,001221
цирк 4,436752 0,002479
санный 1,301257 0,000727
женский 1,441019 0,001610
паратриатлон 2,490841 0,001392
йонна 2,421849 0,004059
умудрились 5,129899 0,002866
сами 2,644992 0,001478
фристайл 1,279751 0,002145
гимнастика 1,238078 0,000692
бы 1,052361 0,000588
восходящих 3,520461 0,001967
уефа 1,466337 0,001638
наши 1,323236 0,000739
квалификации 1,951845 0,003271
кхл 0,760451 0,000850
пресс 1,086847 0,000607
россии 0,160085 0,000894
снег 5,129899 0,002866
эксклюзивный 4,436752 0,002479
кубок 0,524729 0,002931
баллов 2,564949 0,001433
сайта 1,574551 0,000880
уже 0,687247 0,001152
известно 1,871802 0,001046
лидеры 2,085376 0,002330
вы 0,325878 0,000364
своё 1,664163 0,000930
ranymavgga 2,564949 0,001433
личного 5,129899 0,002866
турниры 0,895792 0,002002
потрясающе 4,436752 0,002479
россия 0,699082 0,000781
итальянка 3,520461 0,003933
го 1,279751 0,000715
горячий 2,932674 0,001638
кёрлинг 1,279751 0,000715
гу 4,031286 0,002252
лидера 2,421849 0,001353
континента 3,050457 0,001704
да 1,911023 0,001068
протеста 3,743604 0,004183
настольный 1,238078 0,000692
алыпов 5,129899 0,002866
австрийцы 5,129899 0,002866
шайбой 1,122566 0,000627
еврокубок 2,296685 0,001283
перед 0,839439 0,000469
полезные 2,296685 0,001283
до 0,239550 0,000268
третьей 2,296685 0,001283
утра 3,050457 0,001704
олимпийцем 4,031286 0,002252
трек 1,159607 0,001296
тяжело 3,520461 0,001967
ребятам 4,436752 0,002479
контроле 4,436752 0,002479
реслинг 2,564949 0,001433
кино 2,134166 0,001192
ей 1,834062 0,001025
атлетом 5,129899 0,002866
отреагировала 3,743604 0,006274
лыжное 1,279751 0,000715
кинг 2,239527 0,001251
жёсткого 3,743604 0,002091
питание 2,357310 0,001317
баскетбол 0,773190 0,001296
кубка 0,825834 0,000923
паок 2,732003 0,001526
mls 2,421849 0,001353
для 0,146292 0,000409
психолог 4,436752 0,002479
лыжной 3,520461 0,001967
её 1,104547 0,001851
же 0,925206 0,000517
титулованным 3,338139 0,001865
рекордного 4,436752 0,002479
горячее 3,743604 0,002091
биатлонистом 3,520461 0,001967
чемп 2,564949 0,001433
что 0,239550 0,000669
медали 0,971016 0,001085
марафоне 3,338139 0,001865
за 0,125952 0,000493
марафона 4,031286 0,002252
рейтинг 0,565551 0,002528
форма 1,695912 0,000947
медаль 1,416327 0,002374
было 0,438551 0,000245
зачем 2,421849 0,001353
американка 2,932674 0,003277
зимней 2,239527 0,001251
сид 2,490841 0,001392
трассу 2,932674 0,003277
были 0,799165 0,000446
фавориты 4,031286 0,002252
дня 1,104547 0,001851
была 0,652562 0,000365
дакар 2,490841 0,001392
петросян 1,441019 0,000805
женском 2,038856 0,001139
лукас 3,183989 0,001779
опубликовал 3,050457 0,001704
коростелёва 5,129899 0,005732
любит 2,421849 0,001353
нба 1,546380 0,002592
их 0,799165 0,000446
ефимов 3,743604 0,002091
терминатор 5,129899 0,002866
биатлонные 3,743604 0,002091
хоккей 0,376309 0,001261
нам 1,797694 0,001004
хоккее 2,038856 0,002278
нас 1,492313 0,000834
предложение 3,183989 0,001779
знания 2,357310 0,001317
двоеборье 1,217876 0,000680
разделке 5,129899 0,002866
ска 1,279751 0,000715
здоровье 1,664163 0,000930
получалось 3,338139 0,001865
ски 1,069456 0,001792
ушёл 2,421849 0,001353
цска 0,711058 0,000397
ралли 2,357310 0,002634
понедельника 4,436752 0,002479
полуфиналы 2,644992 0,001478
серии 1,159607 0,001296
суперлига 1,574551 0,001759
лыжные 1,140915 0,012110
младшие 2,564949 0,001433
конькобежный 1,238078 0,000692
добыл 4,436752 0,002479
лыжных 3,520461 0,009834
снукер 2,564949 0,001433
правил 1,323236 0,000739
знаний 2,357310 0,001317
победа 1,238078 0,000692
допинг 2,185460 0,001221
девятикратный 3,743604 0,002091
паратхэквондо 2,490841 0,001392
расклад 3,520461 0,001967
олимпийской 1,911023 0,001068
норвежца 3,183989 0,003558
вот 2,134166 0,001192
звёзд 2,357310 0,003951
америка 1,797694 0,002009
коньковой 5,129899 0,002866
олимпийское 2,490841 0,001392
америки 1,695912 0,000947
несколько 1,069456 0,000597
иван 1,951845 0,001090
евробаскет 2,490841 0,001392
побед 1,301257 0,002908
сосьедад 3,050457 0,001704
свежие 0,910391 0,000509
попытки 2,421849 0,001353
отдых 2,421849 0,001353
количеству 1,574551 0,006157
роскошным 5,129899 0,002866
травмы 1,492313 0,000834
на 0,023953 0,000910
не 0,099461 0,000556
травму 1,911023 0,001068
онлайн 0,773190 0,001296
золотой 1,911023 0,001068
но 0,402511 0,001124
водные 0,867219 0,000484
неё 1,797694 0,002009
норвежский 3,183989 0,005336
об 0,217244 0,000364
любители 1,797694 0,001004
отдали 3,338139 0,001865
ои 0,812411 0,009531
обошёл 3,743604 0,008366
годы 1,258698 0,000703
мужчины 1,019025 0,001139
он 0,534779 0,000598
лыжником 5,129899 0,002866
сумасшедший 5,129899 0,002866
от 0,160085 0,000179
отклонения 3,743604 0,004183
правилами 1,323236 0,000739
бокс 0,576022 0,000965
невозможно 2,564949 0,001433
cas 3,338139 0,003730
все 0,125952 0,000352
видно 5,129899 0,002866
года 0,239550 0,000401
по 0,073653 0,000411
заплакала 4,436752 0,002479
информация 1,035554 0,000579
эстафеты 2,932674 0,001638
апелляцию 4,436752 0,004957
хедегарт 3,050457 0,010225
круглосуточный 2,564949 0,001433
латынину 3,743604 0,008366
всё 1,159607 0,001943
эстафете 2,421849 0,001353
эстафета 2,564949 0,001433
принёс 2,827314 0,003159
видов 1,392229 0,002333
каков 5,129899 0,002866
