болельщикам 2,296685 0,003248
мовсара 4,436752 0,018826
жёстких 4,031286 0,005702
нокаутов 4,436752 0,006275
личный 2,732003 0,003864
year 3,520461 0,059753
евразия 3,743604 0,005295
collectibles 5,129899 0,007256
грузии 3,050457 0,004315
хьюстон 3,743604 0,010590
страница 0,940244 0,001330
поединки 3,338139 0,004722
шон 4,031286 0,028510
ответили 3,050457 0,008629
english 0,925206 0,001309
франция 1,122566 0,001588
казахстана 2,827314 0,003999
аллена 5,129899 0,007256
центр 0,881403 0,001247
содержанию 5,129899 0,007256
баутиста 5,129899 0,014512
pass 3,743604 0,005295
проведёт 3,338139 0,004722
дени 4,436752 0,006275
espanol 5,129899 0,007256
полный 2,134166 0,012074
действующий 2,357310 0,003334
жанг 5,129899 0,021768
александр 0,925206 0,002617
первом 1,052361 0,001488
буэно 4,031286 0,005702
турнирам 3,743604 0,005295
романов 3,338139 0,009443
в 0,017911 0,000177
и 0,023953 0,000745
взглядов 4,031286 0,022808
политика 0,239550 0,000339
к 0,132686 0,000751
о 0,042302 0,000180
пресс 1,086847 0,004612
с 0,036149 0,000102
дастин 5,129899 0,007256
ru 0,285712 0,000404
оказался 2,085376 0,005899
китай 2,038856 0,002884
хернандеза 5,129899 0,007256
главные 1,086847 0,010761
родина 3,743604 0,005295
во 0,495170 0,000700
вес 2,357310 0,013337
конфиденциальности 0,317714 0,000449
лидеры 2,085376 0,002950
кард 4,436752 0,006275
магазин 2,421849 0,010277
адесанья 4,436752 0,006275
выступления 1,546380 0,002187
ракэль 5,129899 0,007256
d 2,185460 0,003091
турниры 0,895792 0,008869
боец 2,827314 0,007998
канело 5,129899 0,007256
store 2,490841 0,003523
zuffa 4,031286 0,005702
l 2,490841 0,003523
про 1,301257 0,001841
смотреть 1,695912 0,016791
весе 3,050457 0,004315
вопросы 2,644992 0,007482
макса 3,743604 0,010590
w 0,955511 0,001352
планируемые 4,436752 0,006275
прошедшие 3,183989 0,004504
арнольда 5,129899 0,007256
стрикланд 5,129899 0,116094
главных 1,994404 0,005642
прошедший 3,050457 0,004315
вячеслав 2,357310 0,003334
бойцы 2,296685 0,025988
перед 0,839439 0,003562
турнира 0,839439 0,004749
до 0,239550 0,000678
алмейду 5,129899 0,007256
альвареза 5,129899 0,007256
вера 3,520461 0,004979
трансляции 1,441019 0,006115
турнире 1,198073 0,003389
дрикус 5,129899 0,029023
евлоева 4,436752 0,018826
начнётся 3,743604 0,005295
дю 5,129899 0,101582
ea 4,436752 0,006275
мма 1,069456 0,001513
мовсар 5,129899 0,014512
ислам 2,085376 0,005899
korea 4,436752 0,006275
анонсы 2,932674 0,016592
основному 4,031286 0,005702
пауло 4,436752 0,006275
сколько 1,834062 0,002594
победы 0,971016 0,002747
порье 5,129899 0,065303
махачева 4,031286 0,011404
vs 3,050457 0,086293
прямая 3,050457 0,004315
аллен 4,031286 0,005702
оливейра 4,436752 0,012551
гарбрандтом 5,129899 0,007256
video 3,743604 0,010590
видео 0,699082 0,000989
встретились 2,644992 0,007482
после 0,317714 0,002247
пэдди 4,436752 0,006275
чарльза 4,436752 0,012551
now 3,520461 0,009959
за 0,125952 0,000534
победил 1,279751 0,009051
эфир 2,085376 0,002950
live 1,518981 0,004297
копылов 4,436752 0,006275
последний 0,773190 0,001094
трансляция 2,239527 0,003168
финиши 5,129899 0,036279
япония 1,994404 0,002821
контакты 1,258698 0,001780
оливейры 5,129899 0,014512
последние 1,178655 0,001667
торонто 3,183989 0,004504
бесплатно 2,827314 0,007998
следи 5,129899 0,007256
приёмами 3,743604 0,005295
ислама 4,031286 0,011404
готовимся 4,031286 0,005702
дня 1,104547 0,001562
была 0,652562 0,000923
из 0,106018 0,000600
алмейда 5,129899 0,007256
play 1,441019 0,008153
нокаутами 4,031286 0,005702
тяжелее 4,031286 0,011404
ago 5,129899 0,137861
октагон 4,031286 0,011404
шона 3,520461 0,029877
больше 0,812411 0,001149
america 3,338139 0,004722
navigation 5,129899 0,007256
дней 1,416327 0,004007
latin 5,129899 0,007256
tarzan 5,129899 0,007256
мехико 2,932674 0,004148
социальная 3,743604 0,005295
незначительно 4,031286 0,005702
бразилия 2,296685 0,003248
лучшие 1,019025 0,010089
лицу 3,520461 0,009959
стрикланда 5,129899 0,043535
вейли 5,129899 0,021768
результаты 0,910391 0,025754
рейтинги 2,490841 0,007046
легче 2,932674 0,008296
возвращение 1,762603 0,002493
конференция 2,644992 0,007482
фразы 5,129899 0,014512
дебютировал 2,827314 0,003999
коди 5,129899 0,007256
новостей 1,574551 0,002227
тейкдаунов 5,129899 0,007256
ньюарке 5,129899 0,007256
бонусы 2,732003 0,019321
кг 2,185460 0,003091
перейти 0,867219 0,001227
номерной 4,436752 0,006275
хернандез 5,129899 0,007256
слова 1,574551 0,013363
мёрфи 4,031286 0,005702
лероном 5,129899 0,007256
был 0,663991 0,000939
морено 4,436752 0,006275
жаилтона 4,436752 0,006275
следующий 1,574551 0,002227
ответственность 2,827314 0,003999
прямой 2,239527 0,003168
предстоящим 4,436752 0,006275
роман 2,085376 0,002950
акц 5,129899 0,007256
сми 1,546380 0,004374
лопес 3,743604 0,015885
вегас 4,436752 0,012551
топурия 5,129899 0,007256
eurasia 4,436752 0,006275
ударов 2,085376 0,005899
несколько 1,069456 0,003025
средний 2,644992 0,007482
нокдаунов 4,436752 0,006275
новости 0,301585 0,001280
герои 3,520461 0,029877
спивака 4,436752 0,006275
date 3,743604 0,010590
сэн 4,436752 0,006275
кыргызстан 3,050457 0,004315
побед 1,301257 0,001841
usa 3,050457 0,004315
тяжёлом 3,338139 0,004722
суарез 5,129899 0,021768
турнир 0,699082 0,003955
алмейдыч 5,129899 0,007256
main 4,436752 0,006275
бойцов 3,050457 0,017259
том 0,895792 0,001267
топ 1,238078 0,001751
победила 1,762603 0,004986
на 0,023953 0,000169
махачев 2,134166 0,021130
не 0,099461 0,000141
выхода 2,239527 0,006335
использования 0,393700 0,000557
волкановски 4,436752 0,018826
онлайн 0,773190 0,002187
битвы 4,436752 0,025102
лицом 2,932674 0,008296
цезара 5,129899 0,007256
билеты 2,564949 0,003628
татьяну 5,129899 0,007256
раздел 2,296685 0,003248
почти 1,323236 0,001872
майру 5,129899 0,007256
бенуа 4,436752 0,006275
всего 0,812411 0,001149
борщёв 5,129899 0,007256
татьяна 3,050457 0,008629
юр 5,129899 0,007256
евлоев 5,129899 0,014512
boxing 3,338139 0,004722
силву 5,129899 0,007256
первые 0,971016 0,005494
gym 5,129899 0,007256
вакансии 2,421849 0,003426
бои 1,633391 0,002310
бой 2,134166 0,015093
список 1,198073 0,001695
поединков 3,520461 0,009959
youtube 1,797694 0,002543
одинаковый 4,031286 0,011404
week 3,520461 0,034856
footer 5,129899 0,007256
полная 1,834062 0,002594
задушил 4,436752 0,006275
рассылка 4,436752 0,006275
героев 3,743604 0,010590
раунде 1,951845 0,002761
гейджи 5,129899 0,007256
статистики 3,743604 0,005295
боя 2,296685 0,006497
марта 0,881403 0,001247
против 0,747872 0,001058
другие 0,384967 0,004356
fight 3,520461 0,004979
брэндона 5,129899 0,007256
холлоуэя 5,129899 0,014512
встреча 2,085376 0,002950
ярких 3,338139 0,009443
дастина 5,129899 0,021768
sports 1,301257 0,001841
где 0,675551 0,005733
плесси 5,129899 0,101582
круз 5,129899 0,007256
информация 1,035554 0,002929
коста 2,932674 0,004148
пропусти 5,129899 0,007256
показали 2,296685 0,006497
пеннингтон 5,129899 0,007256
нолан 5,129899 0,007256
ufc 1,441019 0,099873
косту 5,129899 0,007256
холлоуэй 5,129899 0,007256
домашняя 2,564949 0,003628
чемпионов 0,652562 0,000923
дагестана 4,031286 0,005702
арнольд 3,520461 0,004979
взвешивания 5,129899 0,050791
дрикуса 5,129899 0,021768
успешно 1,911023 0,002703
условия 0,411400 0,000582
