пьера 3,520461 0,006495
рассмеялся 5,129899 0,009465
вышвырнули 5,129899 0,009465
установите 5,129899 0,009465
ios 3,520461 0,006495
тобой 5,129899 0,009465
лебедева 4,031286 0,007438
медальный 1,911023 0,007052
поддержал 2,827314 0,005216
ним 1,695912 0,003129
еще 0,955511 0,001763
спорт 0,224624 0,001243
проката 3,050457 0,005628
стал 0,586604 0,001082
теннис 0,495170 0,000914
обзор 2,134166 0,011813
фигурное 0,534779 0,004933
играл 1,762603 0,003252
аренда 3,520461 0,006495
вратаря 1,834062 0,003384
приложение 1,994404 0,003680
спортрадар 5,129899 0,009465
рейс 2,732003 0,005041
правила 0,910391 0,001680
польши 2,732003 0,005041
александр 0,925206 0,001707
первом 1,052361 0,003883
допинге 3,050457 0,005628
а 0,209918 0,001162
франции 1,035554 0,001911
в 0,017911 0,000661
г 0,925206 0,001707
е 0,867219 0,003200
фото 0,799165 0,011796
юрий 2,185460 0,004032
спартака 1,633391 0,003014
фигуристка 2,644992 0,004880
и 0,023953 0,000354
интер 1,633391 0,006027
лет 0,475938 0,002634
политика 0,239550 0,000442
связь 1,392229 0,002569
комо 2,421849 0,004468
грозит 3,743604 0,006907
приложения 2,185460 0,004032
авакян 5,129899 0,009465
подсудимых 5,129899 0,009465
о 0,042302 0,000234
аделия 1,911023 0,003526
наши 1,323236 0,002441
кхл 0,760451 0,001403
с 0,036149 0,000667
россии 0,160085 0,000886
применения 2,357310 0,004349
ru 0,285712 0,002109
у 0,342407 0,000632
роузи 4,031286 0,007438
разгромил 2,296685 0,004237
olimpbet 3,050457 0,005628
скачать 0,895792 0,001653
они 0,760451 0,001403
поможет 4,031286 0,007438
персональных 2,185460 0,008064
тюрьмы 4,436752 0,008186
пенсии 4,031286 0,007438
церемонию 4,031286 0,007438
сочи 0,853233 0,001574
футбол 0,285712 0,002636
букмекерские 3,520461 0,006495
полной 2,644992 0,004880
аделии 2,827314 0,005216
раз 0,504926 0,000932
драки 2,732003 0,005041
теперь 0,971016 0,003583
русский 0,839439 0,001549
email 3,520461 0,006495
букмекеры 1,664163 0,003070
обеспечил 3,520461 0,006495
тцк 3,743604 0,006907
предусматривает 3,743604 0,006907
карлос 2,185460 0,004032
данных 1,871802 0,006907
photo 5,129899 0,018930
атлетико 1,911023 0,003526
ему 1,323236 0,002441
сутки 3,338139 0,006159
конца 1,546380 0,005706
лидере 5,129899 0,009465
ооо 1,871802 0,006907
минспорт 3,743604 0,006907
бережному 5,129899 0,009465
открытия 2,134166 0,003938
новым 1,664163 0,009211
тюрьму 4,436752 0,008186
главный 1,035554 0,001911
данные 1,834062 0,003384
версий 3,050457 0,005628
номером 2,932674 0,005411
проекте 1,546380 0,002853
вляпался 4,436752 0,008186
фс 2,085376 0,003848
плей 1,002764 0,001850
выходят 2,932674 0,005411
европе 1,492313 0,002753
готовит 3,520461 0,006495
перед 0,839439 0,001549
дома 1,695912 0,003129
американский 1,258698 0,002322
до 0,239550 0,002652
украине 2,490841 0,004596
трансляции 1,441019 0,002659
галерея 3,520461 0,006495
зарегистрировано 1,951845 0,003601
пообещал 5,129899 0,009465
началось 2,490841 0,004596
reklama 5,129899 0,009465
лиц 3,183989 0,005875
ставок 1,664163 0,003070
прийти 4,436752 0,008186
карано 3,520461 0,006495
карабах 2,038856 0,003762
изменений 2,296685 0,004237
прервав 3,743604 0,006907
инструкции 5,129899 0,009465
info 1,951845 0,003601
ее 1,871802 0,003454
мма 1,069456 0,001973
русских 3,050457 0,005628
загрузить 2,732003 0,005041
овертайме 2,038856 0,007523
позорит 4,436752 0,008186
виды 0,773190 0,002853
телефон 2,134166 0,003938
сыграл 1,951845 0,003601
судья 1,834062 0,003384
подвел 4,436752 0,008186
редакция 2,732003 0,005041
фрибет 4,031286 0,022313
хайкиным 4,031286 0,014876
khl 3,743604 0,013814
спорта 0,342407 0,001895
розенштайн 4,031286 0,007438
футболвчера 5,129899 0,028394
победу 0,910391 0,003359
слов 2,421849 0,004468
игр 0,367725 0,000678
размещение 3,050457 0,005628
для 0,146292 0,000810
кринона 4,436752 0,008186
случайно 3,743604 0,006907
перезапустил 5,129899 0,009465
любимчик 5,129899 0,009465
падение 2,732003 0,005041
обыграла 1,911023 0,003526
джексона 4,436752 0,008186
расистов 3,520461 0,006495
видел 5,129899 0,009465
видео 0,699082 0,001290
бомбардиром 3,050457 0,005628
что 0,239550 0,000884
хлусевича 2,932674 0,005411
кит 3,183989 0,005875
оформил 2,490841 0,004596
футболист 1,951845 0,003601
поставил 2,732003 0,005041
за 0,125952 0,001859
победил 1,279751 0,004722
учредитель 2,185460 0,004032
старше 2,732003 0,005041
дне 4,436752 0,008186
live 1,518981 0,005605
медаль 1,416327 0,002613
зачет 3,050457 0,011256
инструкция 4,031286 0,007438
роскомнадзором 3,520461 0,006495
упустил 3,743604 0,006907
сообщили 3,520461 0,006495
шанхаем 4,436752 0,008186
дня 1,104547 0,004076
русского 2,564949 0,004732
петросян 1,441019 0,010635
лесик 5,129899 0,009465
организм 4,031286 0,007438
из 0,106018 0,000978
студии 4,031286 0,007438
овечкиным 4,031286 0,007438
чемпионки 3,050457 0,005628
сядет 4,436752 0,008186
глазами 4,031286 0,007438
шагом 4,031286 0,007438
избивал 5,129899 0,009465
фанатов 2,357310 0,004349
костя 5,129899 0,009465
ммавчера 5,129899 0,009465
редактор 2,085376 0,003848
швейцарию 2,732003 0,005041
жги 3,520461 0,006495
впаяли 5,129899 0,009465
буллитам 2,732003 0,005041
больше 0,812411 0,001499
задержан 4,436752 0,008186
принес 4,031286 0,007438
над 0,986764 0,001821
убивал 5,129899 0,009465
грандиозное 5,129899 0,009465
номер 1,994404 0,003680
теннисист 3,743604 0,006907
faq 4,031286 0,007438
следим 4,031286 0,007438
согласились 3,183989 0,005875
гол 1,546380 0,002853
рекомендательных 3,050457 0,005628
images 4,436752 0,032744
спасавший 5,129899 0,009465
большого 2,085376 0,003848
лучшие 1,019025 0,001880
ска 1,279751 0,002361
следуйте 5,129899 0,009465
обратная 1,441019 0,002659
милан 1,633391 0,006027
it 2,732003 0,005041
ткачева 5,129899 0,009465
своими 2,644992 0,004880
лучшим 1,951845 0,003601
офф 1,019025 0,001880
серию 1,466337 0,002705
цска 0,711058 0,002624
надежды 3,520461 0,006495
команды 0,555188 0,001024
джина 4,031286 0,007438
торпедо 1,574551 0,002905
матче 0,747872 0,004140
мистер 4,436752 0,008186
обработки 2,296685 0,004237
жизни 1,122566 0,002071
поймали 4,031286 0,007438
кипера 5,129899 0,009465
генич 2,644992 0,004880
который 0,799165 0,001474
ньюкасл 2,085376 0,003848
ахмате 4,436752 0,008186
редакции 1,951845 0,007202
произвольной 2,564949 0,004732
это 0,277868 0,000513
прекрасны 5,129899 0,009465
ронда 4,031286 0,007438
допинг 2,185460 0,004032
таланта 5,129899 0,009465
самой 1,574551 0,002905
самом 1,994404 0,003680
прыжок 2,827314 0,005216
прохожего 5,129899 0,009465
две 1,019025 0,001880
взять 2,239527 0,004132
той 1,994404 0,003680
сми 1,546380 0,011412
его 0,447767 0,001652
красивые 4,031286 0,007438
самсонова 4,031286 0,007438
полуфинал 1,633391 0,003014
уехал 3,050457 0,005628
синнером 4,436752 0,008186
зашла 5,129899 0,009465
игрокам 1,951845 0,010804
америке 2,564949 0,004732
новости 0,301585 0,001669
лиги 0,895792 0,004958
глимт 2,038856 0,007523
уступил 1,994404 0,003680
getty 4,436752 0,032744
протеин 5,129899 0,009465
место 0,597299 0,002204
северстали 2,932674 0,005411
побед 1,301257 0,002401
лиге 1,368699 0,002525
выкупа 3,743604 0,006907
финляндия 1,492313 0,002753
вышла 1,466337 0,002705
лига 0,402511 0,000743
психанул 4,436752 0,008186
ради 2,421849 0,004468
истории 0,630089 0,001163
эл 2,134166 0,003938
олимпиаде 0,895792 0,001653
тренировку 2,644992 0,004880
топ 1,238078 0,002284
на 0,023953 0,000398
олимпиада 1,104547 0,004076
пользовательское 2,185460 0,004032
не 0,099461 0,000918
попал 1,911023 0,003526
вини 3,338139 0,006159
артемия 4,031286 0,007438
соглашение 1,834062 0,003384
каждым 2,564949 0,004732
брюгге 1,951845 0,003601
делает 2,357310 0,004349
но 0,402511 0,000743
молодого 3,520461 0,006495
winline 2,564949 0,004732
дисквалификацию 3,520461 0,006495
история 0,555188 0,002049
программе 1,834062 0,003384
олимпиады 0,925206 0,003414
спецпроекты 2,421849 0,004468
гордон 3,050457 0,005628
стыковом 2,564949 0,009465
паралимпийских 3,050457 0,005628
окажется 4,031286 0,007438
четверные 3,520461 0,006495
кузьмин 3,743604 0,006907
карпина 3,338139 0,006159
защитник 1,574551 0,002905
медиа 1,834062 0,003384
общий 2,038856 0,007523
назад 1,140915 0,002105
бой 2,134166 0,003938
первый 0,687247 0,001268
конторы 3,338139 0,006159
он 0,534779 0,001973
карьеру 1,518981 0,002803
молодом 4,031286 0,007438
задизайнено 5,129899 0,009465
даже 1,198073 0,002210
хоккейвчера 5,129899 0,028394
от 0,160085 0,000591
катаниевчера 5,129899 0,037859
главного 1,728701 0,003189
нашей 1,994404 0,003680
статистика 0,652562 0,001204
разрывает 4,436752 0,008186
аналитика 2,421849 0,004468
буде 2,564949 0,009465
простили 5,129899 0,009465
никто 1,871802 0,003454
катание 0,534779 0,000987
деятельность 2,490841 0,004596
рекламы 2,490841 0,004596
как 0,232059 0,000428
коркка 5,129899 0,009465
все 0,125952 0,000697
пяти 1,574551 0,002905
комментатор 2,564949 0,004732
скамье 5,129899 0,009465
другие 0,384967 0,001421
года 0,239550 0,000442
по 0,073653 0,000272
французский 1,392229 0,002569
прыжки 1,019025 0,001880
нового 1,574551 0,002905
интервью 0,971016 0,001792
алькарасу 5,129899 0,009465
бойкотирует 5,129899 0,009465
хоккеист 2,644992 0,004880
издание 1,911023 0,003526
тильте 5,129899 0,009465
установки 4,031286 0,007438
технологий 2,239527 0,004132
винисиуса 2,644992 0,004880
сетевое 2,085376 0,003848
танцуй 3,338139 0,006159
проводит 2,038856 0,003762
короткой 2,085376 0,003848
ufc 1,441019 0,002659
покер 2,564949 0,004732
вничью 1,797694 0,003317
чемпионов 0,652562 0,004816
sport 1,122566 0,010356
самые 1,633391 0,003014
