видеобанк 5,129899 0,003555
рф 1,871802 0,003891
драйв 4,436752 0,003075
размером 2,732003 0,001893
день 0,760451 0,002108
москвина 5,129899 0,003555
лед 2,732003 0,001893
криминальный 5,129899 0,003555
стал 0,586604 0,000407
прокате 3,520461 0,002440
масленицу 4,436752 0,006149
играх 0,699082 0,000484
указал 4,436752 0,003075
долгу 4,436752 0,003075
них 1,178655 0,000817
заявил 1,441019 0,000999
отличная 3,743604 0,002594
раскол 3,520461 0,002440
со 0,447767 0,000621
согласие 2,564949 0,001778
независимостью 5,129899 0,003555
научатся 5,129899 0,003555
биатлонистам 4,436752 0,003075
продолжатся 5,129899 0,003555
под 0,723179 0,002506
людей 2,134166 0,001479
народные 5,129899 0,003555
видеоматериалы 5,129899 0,003555
стр 2,564949 0,001778
человек 1,178655 0,000817
курьеров 5,129899 0,003555
одна 1,392229 0,000965
left 2,085376 0,001445
реклама 0,735450 0,000510
лет 0,475938 0,000989
связь 1,392229 0,001930
гулянья 5,129899 0,003555
ста 3,338139 0,002313
ловушка 4,436752 0,003075
позициями 4,436752 0,003075
звезды 2,085376 0,001445
проекты 1,198073 0,001661
почку 5,129899 0,003555
оказался 2,085376 0,001445
редкость 4,436752 0,003075
информационных 2,421849 0,001678
назвал 1,323236 0,000917
денег 2,732003 0,001893
разлучницей 5,129899 0,003555
делу 2,827314 0,001959
пятое 2,490841 0,001726
войной 3,338139 0,002313
конфиденциальности 0,317714 0,000440
связи 1,159607 0,000804
определил 3,520461 0,002440
своей 1,002764 0,000695
теперь 0,971016 0,000673
распознать 4,436752 0,003075
своем 2,932674 0,002032
двухчасовые 5,129899 0,003555
при 0,367725 0,000255
проблемы 1,871802 0,001297
жители 3,743604 0,002594
родины 5,129899 0,003555
про 1,301257 0,002705
обвинение 3,183989 0,002207
p 1,951845 0,001353
акула 4,436752 0,003075
богатства 5,129899 0,003555
данным 2,357310 0,001634
защитника 2,644992 0,001833
главный 1,035554 0,000718
терапевт 5,129899 0,003555
миддлтон 5,129899 0,003555
также 0,663991 0,000920
фс 2,085376 0,001445
проекта 2,564949 0,001778
подарила 4,436752 0,003075
зрителей 1,797694 0,001246
лучшее 2,239527 0,001552
украине 2,490841 0,003452
добрых 5,129899 0,007110
украину 3,183989 0,004413
чучел 5,129899 0,003555
симптом 5,129899 0,003555
киевского 3,520461 0,002440
добрый 5,129899 0,003555
лиц 3,183989 0,002207
украины 1,797694 0,001246
часа 1,911023 0,001324
добрые 5,129899 0,003555
вкладе 5,129899 0,003555
украл 5,129899 0,003555
ближайшее 5,129899 0,003555
себя 0,940244 0,001303
спорта 0,342407 0,000712
детективов 5,129899 0,003555
последствиями 5,129899 0,003555
кофейные 5,129899 0,003555
выходные 3,520461 0,002440
отказался 2,296685 0,001592
могут 0,760451 0,001581
отделку 4,436752 0,003075
танцевал 4,031286 0,002794
семейного 5,129899 0,003555
боевики 4,436752 0,003075
тренерами 2,932674 0,002032
громкие 3,338139 0,002313
прошла 1,994404 0,002764
выступил 2,490841 0,001726
доступно 4,436752 0,003075
товары 4,031286 0,002794
хроника 3,520461 0,002440
акопяна 5,129899 0,003555
поддержки 2,644992 0,001833
эфирная 5,129899 0,007110
самолета 5,129899 0,003555
опасная 4,436752 0,003075
расширенной 5,129899 0,003555
осталось 2,421849 0,001678
тюремный 5,129899 0,003555
чушь 5,129899 0,003555
последний 0,773190 0,000536
джонса 4,031286 0,002794
гири 5,129899 0,003555
едва 2,932674 0,002032
приморье 5,129899 0,003555
последние 1,178655 0,001634
телеведущая 3,743604 0,002594
часто 1,574551 0,001091
масленицы 5,129899 0,003555
свободе 5,129899 0,003555
обвинил 3,743604 0,002594
скрывала 5,129899 0,003555
инвентаря 3,743604 0,002594
защищены 2,490841 0,001726
обратилась 4,031286 0,002794
барто 5,129899 0,003555
флагом 2,185460 0,001515
испытали 5,129899 0,003555
сша 0,586604 0,000407
говорил 3,050457 0,002114
канала 2,564949 0,007110
трехсторонних 5,129899 0,003555
положительно 5,129899 0,003555
самбо 1,994404 0,002764
стратегического 5,129899 0,003555
вечер 3,050457 0,002114
подготовил 4,436752 0,003075
наставник 3,520461 0,002440
становиться 4,436752 0,003075
таиланде 4,436752 0,003075
интернете 3,743604 0,002594
стрельба 1,492313 0,001034
значимые 3,338139 0,002313
сном 5,129899 0,003555
федеральной 2,357310 0,001634
словари 1,217876 0,000844
каналу 5,129899 0,003555
известия 3,050457 0,004228
клинтон 4,436752 0,003075
искренний 5,129899 0,003555
новостей 1,574551 0,002182
канале 2,421849 0,005035
надежду 3,743604 0,002594
праздничные 4,436752 0,003075
начинки 4,436752 0,003075
фас 4,436752 0,003075
называли 2,827314 0,001959
паруса 5,129899 0,003555
украинских 4,436752 0,003075
дальнобойщик 5,129899 0,003555
спортсмена 1,834062 0,001271
слова 1,574551 0,001091
условный 5,129899 0,003555
инструкторами 5,129899 0,003555
подготовку 2,296685 0,001592
сообщает 1,994404 0,001382
марите 5,129899 0,003555
азербайджана 3,520461 0,002440
ответственность 2,827314 0,001959
просился 5,129899 0,003555
алые 5,129899 0,003555
lenta 2,239527 0,001552
принадлежности 4,031286 0,002794
подростка 5,129899 0,003555
великолепная 4,031286 0,002794
золотые 1,728701 0,001198
федерального 2,932674 0,002032
завоевал 1,911023 0,001324
его 0,447767 0,000931
пашу 5,129899 0,003555
зарождается 5,129899 0,003555
жизнь 1,728701 0,002396
жажда 5,129899 0,003555
только 0,447767 0,000310
понятно 3,743604 0,002594
ватикан 5,129899 0,003555
бьерндалену 5,129899 0,003555
мужа 3,520461 0,002440
com 0,925206 0,000641
отцом 3,743604 0,002594
телесезона 5,129899 0,003555
паралимпиаду 3,520461 0,002440
годом 2,085376 0,001445
эл 2,134166 0,001479
мира 0,367725 0,000255
рекордом 2,421849 0,001678
канал 2,038856 0,007065
почему 1,122566 0,000778
директор 2,085376 0,001445
нюши 5,129899 0,003555
обязуетесь 4,436752 0,003075
гарри 3,050457 0,002114
активного 3,743604 0,005189
карьере 1,994404 0,001382
похитили 5,129899 0,003555
когда 0,652562 0,000452
alt 2,185460 0,001515
значит 2,644992 0,001833
области 1,951845 0,002705
всего 0,812411 0,000563
вкусные 5,129899 0,003555
сцены 3,520461 0,002440
захарова 3,743604 0,005189
могла 2,564949 0,001778
болезни 3,183989 0,002207
нервы 3,520461 0,004879
фигуристов 3,520461 0,002440
адреналин 5,129899 0,003555
душевный 5,129899 0,003555
перепутала 5,129899 0,003555
фигурист 2,932674 0,002032
назад 1,140915 0,000791
патриотических 5,129899 0,003555
издания 2,421849 0,001678
телепрограмма 4,436752 0,003075
след 4,031286 0,005587
крестным 5,129899 0,003555
полная 1,834062 0,001271
пыток 5,129899 0,003555
тирана 5,129899 0,003555
нашем 3,338139 0,002313
жара 3,338139 0,002313
заслуга 4,031286 0,002794
убил 5,129899 0,007110
ночная 4,031286 0,002794
петра 2,421849 0,003357
именно 1,492313 0,001034
общество 2,239527 0,004656
главное 1,574551 0,001091
надзору 2,421849 0,001678
издание 1,911023 0,001324
убеждениях 5,129899 0,003555
сетевое 2,085376 0,001445
раскрыта 4,031286 0,002794
фев 3,050457 0,048621
тактическую 4,436752 0,003075
стоит 2,357310 0,001634
дагестане 5,129899 0,003555
участвовать 1,518981 0,001053
глубинке 5,129899 0,003555
быть 0,773190 0,000536
сериалы 2,421849 0,003357
автомобиль 3,743604 0,002594
крайняя 5,129899 0,003555
популярные 3,050457 0,002114
урегулированию 5,129899 0,003555
есть 0,812411 0,001126
национальных 1,871802 0,001297
корнями 3,743604 0,002594
пятого 3,520461 0,004879
патологией 5,129899 0,003555
спорт 0,224624 0,001868
махина 5,129899 0,003555
мобильная 0,608110 0,000421
этом 0,565551 0,000784
кредит 4,031286 0,002794
искрами 5,129899 0,003555
регионами 5,129899 0,003555
матери 5,129899 0,003555
франция 1,122566 0,000778
лишних 4,436752 0,003075
градусного 5,129899 0,003555
выполнять 2,932674 0,002032
скал 4,436752 0,003075
этот 0,825834 0,000572
страже 5,129899 0,003555
стражи 5,129899 0,003555
возрождают 5,129899 0,003555
бьорну 4,436752 0,003075
неизвестны 5,129899 0,003555
бомжатнике 5,129899 0,003555
неравнодушных 5,129899 0,003555
тайм 2,085376 0,001445
глава 1,546380 0,001072
центрах 5,129899 0,003555
опасными 5,129899 0,003555
высказался 1,797694 0,001246
фигуристка 2,644992 0,001833
самозванцами 5,129899 0,003555
раздачу 5,129899 0,003555
можно 1,002764 0,000695
аделия 1,911023 0,001324
щербаковым 5,129899 0,003555
железа 4,031286 0,002794
фигуристки 2,932674 0,002032
кислое 5,129899 0,003555
ели 5,129899 0,003555
спортивные 1,104547 0,000765
выступлении 3,338139 0,002313
филиппова 3,183989 0,002207
дэли 4,436752 0,003075
выступление 1,762603 0,001221
мороза 5,129899 0,003555
rss 2,085376 0,001445
впервые 0,839439 0,000582
полной 2,644992 0,001833
аделии 2,827314 0,003919
исконно 5,129899 0,003555
рассол 5,129899 0,003555
российским 1,994404 0,001382
кейт 5,129899 0,003555
лавров 2,932674 0,004065
российский 1,086847 0,000753
фестиваль 3,050457 0,002114
предназначенную 5,129899 0,003555
тех 1,217876 0,000844
версия 0,485508 0,000336
морской 3,743604 0,002594
бьорген 3,743604 0,002594
полномочий 4,436752 0,003075
школьники 5,129899 0,003555
телеканал 3,183989 0,002207
гинеколога 5,129899 0,003555
смотреть 1,695912 0,001175
шесть 1,546380 0,001072
линейкой 5,129899 0,003555
блины 4,436752 0,012299
пытаются 3,338139 0,002313
воспитание 4,031286 0,002794
европы 0,524729 0,000364
переживают 4,436752 0,003075
антарктиде 5,129899 0,003555
тем 1,217876 0,000844
популярный 2,932674 0,002032
бекхэм 5,129899 0,003555
магазина 4,031286 0,002794
спортивного 1,574551 0,001091
работе 2,134166 0,001479
без 0,466460 0,000647
скрытого 5,129899 0,003555
дома 1,695912 0,001175
доля 3,338139 0,002313
музыку 3,183989 0,002207
истерика 4,031286 0,002794
помеха 4,436752 0,003075
накрыли 5,129899 0,003555
зарегистрировано 1,951845 0,001353
рубежом 3,183989 0,002207
тамара 5,129899 0,003555
откровения 3,520461 0,002440
отношения 1,951845 0,002705
адрес 2,038856 0,001413
соответствии 1,086847 0,000753
пересекались 4,436752 0,003075
журова 3,520461 0,002440
глазу 4,436752 0,003075
бег 2,827314 0,001959
собянин 5,129899 0,010665
спортсмены 1,140915 0,000791
сеть 2,932674 0,002032
севастополе 4,436752 0,003075
шпионил 5,129899 0,003555
российских 1,323236 0,000917
евро 1,466337 0,001016
первого 1,258698 0,000872
телефон 2,134166 0,001479
рэдклифф 4,436752 0,003075
запретить 3,338139 0,002313
наказание 2,932674 0,002032
модификацию 5,129899 0,003555
сущность 3,743604 0,002594
fixed 4,436752 0,003075
абсолютным 3,743604 0,002594
кроме 1,368699 0,000949
бороться 2,185460 0,001515
гуменник 2,564949 0,003555
жительница 4,436752 0,003075
внести 4,436752 0,003075
материалы 1,762603 0,001221
после 0,317714 0,000661
тесто 5,129899 0,003555
ультиматум 4,436752 0,003075
спрос 5,129899 0,003555
похожими 5,129899 0,003555
заимствованные 5,129899 0,003555
заняла 1,951845 0,001353
крикунов 5,129899 0,003555
военно 3,338139 0,002313
контакты 1,258698 0,000872
хоккеисту 5,129899 0,003555
современные 2,421849 0,001678
больницы 4,436752 0,003075
прокат 3,338139 0,002313
плачут 5,129899 0,003555
эдгара 5,129899 0,003555
честный 4,031286 0,002794
правовая 2,296685 0,001592
социально 4,031286 0,002794
отношений 3,743604 0,005189
пятый 2,421849 0,011748
канады 1,217876 0,000844
отношении 2,421849 0,001678
странный 4,436752 0,003075
борются 3,743604 0,002594
любили 4,436752 0,003075
призывает 5,129899 0,003555
может 0,630089 0,000437
редактор 2,085376 0,001445
вспомнил 5,129899 0,003555
получить 0,747872 0,000518
ильина 4,031286 0,002794
опеки 4,436752 0,003075
гуфу 5,129899 0,003555
топлива 4,031286 0,002794
вещание 3,743604 0,002594
оказывать 4,436752 0,003075
гуфа 5,129899 0,003555
обратная 1,441019 0,001997
участники 1,518981 0,001053
спортом 2,827314 0,001959
наград 2,134166 0,001479
переговоры 3,183989 0,004413
похитителям 5,129899 0,003555
год 0,687247 0,001905
права 1,518981 0,001053
style 2,085376 0,001445
маркетингу 4,031286 0,002794
министр 2,421849 0,001678
андрей 1,323236 0,000917
лечении 5,129899 0,003555
делегация 3,338139 0,002313
исчезнувшую 5,129899 0,003555
началом 1,834062 0,001271
уведомлении 5,129899 0,003555
запомнят 5,129899 0,003555
признался 2,644992 0,001833
совете 3,520461 0,002440
жену 4,436752 0,003075
лагерей 4,436752 0,003075
едой 5,129899 0,003555
россияне 2,296685 0,001592
сегодня 0,881403 0,000611
агентства 2,490841 0,001726
вместо 1,633391 0,001132
акция 4,436752 0,006149
цифры 3,520461 0,004879
температура 3,338139 0,002313
страны 1,052361 0,001459
вместе 1,178655 0,000817
слоте 5,129899 0,003555
избранник 5,129899 0,003555
позитивно 4,436752 0,003075
мошенники 4,031286 0,002794
гнев 5,129899 0,003555
соглашения 2,357310 0,001634
используются 1,994404 0,001382
решение 1,238078 0,000858
александра 1,633391 0,001132
рассказал 1,238078 0,000858
дети 2,239527 0,001552
истории 0,630089 0,000437
олимпиаде 0,895792 0,001242
порога 5,129899 0,003555
потрепали 5,129899 0,003555
хиллари 5,129899 0,003555
топ 1,238078 0,000858
олимпиада 1,104547 0,001531
центре 2,185460 0,001515
барс 1,695912 0,001175
тренера 1,546380 0,001072
календарь 0,735450 0,000510
содержать 4,031286 0,002794
телерадиокомпания 5,129899 0,007110
обманывают 5,129899 0,003555
требующим 5,129899 0,003555
обновления 2,644992 0,001833
история 0,555188 0,000385
дегтярев 2,564949 0,001778
выпускного 5,129899 0,003555
олимпиады 0,925206 0,000641
минспорта 4,031286 0,002794
светлана 2,038856 0,001413
российская 0,799165 0,000554
мневниковской 5,129899 0,003555
принц 4,436752 0,003075
предсказатели 5,129899 0,003555
приглашения 4,436752 0,003075
отъездом 5,129899 0,003555
пред 5,129899 0,003555
более 0,853233 0,000591
rtrg 4,436752 0,006149
породу 5,129899 0,003555
значимы 5,129899 0,003555
клебо 2,490841 0,001726
агния 5,129899 0,003555
певицей 5,129899 0,003555
бьет 4,436752 0,003075
порядка 2,644992 0,001833
строительства 2,827314 0,001959
уведомлением 5,129899 0,003555
как 0,232059 0,000804
женеве 3,183989 0,008826
первое 1,279751 0,000887
алексей 1,238078 0,000858
начался 2,421849 0,001678
опасные 3,743604 0,002594
службой 3,183989 0,002207
достижение 2,038856 0,001413
гуменника 2,564949 0,003555
встречи 2,490841 0,003452
сериале 4,031286 0,002794
термины 3,338139 0,002313
этого 0,881403 0,000611
видеть 2,932674 0,002032
финансирование 3,183989 0,002207
партнер 3,338139 0,002313
короткой 2,085376 0,001445
садыкова 5,129899 0,003555
бпла 4,436752 0,003075
провале 5,129899 0,003555
многих 1,546380 0,001072
условия 0,411400 0,000285
болельщикам 2,296685 0,001592
детства 4,031286 0,002794
вниманием 5,129899 0,003555
новый 0,940244 0,001303
хотела 3,520461 0,002440
коня 4,031286 0,002794
соединили 5,129899 0,003555
детство 5,129899 0,003555
ответила 3,338139 0,002313
оценил 2,185460 0,001515
друзьями 4,436752 0,003075
получили 1,664163 0,001153
дисциплинах 2,932674 0,002032
генеральном 5,129899 0,003555
нацистскую 5,129899 0,003555
расширена 4,031286 0,002794
петербург 1,633391 0,003396
политики 3,520461 0,002440
ставки 1,603538 0,001111
планов 5,129899 0,003555
успенская 4,436752 0,003075
распилить 4,436752 0,003075
покупателей 5,129899 0,003555
конфликт 2,357310 0,001634
помощь 2,239527 0,001552
а 0,209918 0,000582
в 0,017911 0,000745
нюансы 4,031286 0,002794
и 0,023953 0,000548
политика 0,239550 0,000332
силы 2,296685 0,001592
прогулялся 5,129899 0,003555
к 0,132686 0,000276
грозит 3,743604 0,002594
макрон 5,129899 0,003555
н 0,895792 0,000621
о 0,042302 0,000616
с 0,036149 0,000476
у 0,342407 0,001186
ибрагима 5,129899 0,003555
какие 2,134166 0,002958
они 0,760451 0,001054
заговорила 5,129899 0,003555
тебя 3,338139 0,002313
каким 2,490841 0,005178
бутылку 5,129899 0,003555
слухи 2,564949 0,003555
сила 2,564949 0,001778
омс 5,129899 0,003555
мир 1,546380 0,001072
обеспечить 3,520461 0,002440
миф 4,031286 0,002794
секретаре 5,129899 0,003555
бруклин 2,421849 0,001678
обнаружили 4,031286 0,002794
русским 3,520461 0,002440
опроверг 5,129899 0,003555
этап 1,392229 0,000965
квестах 5,129899 0,003555
метров 1,762603 0,001221
девятую 5,129899 0,003555
время 0,384967 0,000267
наставники 4,436752 0,003075
экстрим 4,436752 0,003075
оон 5,129899 0,003555
потоки 5,129899 0,003555
хотят 3,050457 0,008456
окружил 5,129899 0,003555
ранее 1,104547 0,000765
петербурге 2,296685 0,001592
резко 2,564949 0,001778
провел 3,050457 0,002114
бойцы 2,296685 0,001592
кризиса 3,743604 0,002594
появится 3,338139 0,002313
отчизны 5,129899 0,003555
завершает 5,129899 0,003555
мединский 5,129899 0,007110
восемь 2,038856 0,001413
попадают 3,338139 0,002313
мединским 5,129899 0,003555
шанс 2,185460 0,001515
двойник 5,129899 0,003555
первую 1,518981 0,001053
своего 1,368699 0,000949
коммуникаций 2,296685 0,001592
вкусом 5,129899 0,003555
питта 5,129899 0,003555
файлов 3,520461 0,002440
контексте 4,031286 0,002794
сыну 4,436752 0,003075
тверской 4,031286 0,005587
врезался 3,743604 0,002594
воздержаться 5,129899 0,003555
комедии 4,436752 0,003075
сына 4,031286 0,002794
моста 5,129899 0,003555
всех 0,652562 0,000452
размещенные 5,129899 0,003555
видео 0,699082 0,000484
mcgm 5,129899 0,003555
домашнего 3,050457 0,002114
плавание 1,198073 0,000830
рэперу 5,129899 0,003555
помощи 2,296685 0,001592
пользоваться 3,183989 0,002207
эфир 2,085376 0,002890
учредитель 2,185460 0,001515
заплакать 5,129899 0,003555
простые 4,436752 0,003075
пойме 5,129899 0,003555
кинопоказы 5,129899 0,003555
мои 3,183989 0,002207
воздушная 4,436752 0,006149
спортсменка 2,085376 0,001445
посетители 4,436752 0,003075
любимым 3,338139 0,002313
беременной 5,129899 0,003555
пятилитровую 5,129899 0,003555
крыши 3,743604 0,002594
вдвое 3,743604 0,002594
обернуться 5,129899 0,003555
остановили 4,031286 0,002794
среди 0,597299 0,000414
хоккейный 2,185460 0,001515
взлетел 5,129899 0,003555
эксклюзив 2,357310 0,004901
москве 1,518981 0,002105
соцподдержку 5,129899 0,003555
принца 4,031286 0,002794
меня 1,518981 0,001053
русской 3,183989 0,002207
меню 2,932674 0,002032
https 0,699082 0,000484
призраком 5,129899 0,003555
моё 2,932674 0,002032
мент 5,129899 0,003555
результат 1,416327 0,001963
названа 4,436752 0,003075
cookie 3,050457 0,004228
продолжая 2,732003 0,001893
опыт 2,564949 0,001778
стихами 5,129899 0,003555
специальную 3,520461 0,002440
отдельные 2,239527 0,001552
пятому 5,129899 0,003555
большой 1,069456 0,000741
несправедливости 5,129899 0,003555
должен 1,122566 0,000778
деньги 1,994404 0,001382
потрясли 4,436752 0,003075
выступят 2,732003 0,001893
подсказал 5,129899 0,003555
дизельного 5,129899 0,003555
москвы 2,038856 0,001413
пенисов 5,129899 0,003555
политикой 2,732003 0,001893
рекламодателей 5,129899 0,010665
чем 0,747872 0,000518
детскими 5,129899 0,003555
операции 3,743604 0,002594
пройдут 2,644992 0,001833
результата 2,564949 0,001778
симптомов 5,129899 0,003555
редакции 1,951845 0,001353
смерти 2,239527 0,003104
приходился 5,129899 0,003555
был 0,663991 0,000920
верность 3,743604 0,002594
это 0,277868 0,000193
раскрыт 3,338139 0,002313
запретили 3,183989 0,002207
моменты 2,357310 0,001634
два 0,760451 0,000527
прямой 2,239527 0,003104
отечества 4,031286 0,002794
спортсменов 0,786093 0,000545
дефицит 3,520461 0,002440
новость 2,644992 0,003666
новую 1,664163 0,001153
массовых 2,134166 0,001479
тренер 0,895792 0,002483
детей 2,038856 0,001413
михаил 1,392229 0,000965
порвал 4,436752 0,003075
плакаты 3,520461 0,002440
тратят 3,743604 0,002594
новости 0,301585 0,001881
спортивно 2,932674 0,002032
проснулись 5,129899 0,003555
крыму 5,129899 0,003555
вещателей 5,129899 0,003555
долиной 3,338139 0,002313
первых 1,518981 0,001053
любовь 2,932674 0,006097
радио 2,421849 0,001678
залужный 5,129899 0,003555
грабеже 4,436752 0,003075
гутеррише 5,129899 0,003555
тренды 2,239527 0,001552
новое 2,134166 0,001479
германия 1,140915 0,000791
учитывать 5,129899 0,003555
программа 1,574551 0,001091
цветочного 5,129899 0,003555
высказалась 4,031286 0,002794
пятерка 5,129899 0,003555
самаре 3,743604 0,002594
путин 3,183989 0,004413
судьбу 3,743604 0,002594
position 2,085376 0,001445
убогой 5,129899 0,003555
программу 1,466337 0,001016
депрессией 5,129899 0,003555
неудачно 2,732003 0,001893
шутил 5,129899 0,003555
расставания 4,031286 0,002794
февраля 0,232059 0,000322
акцентом 5,129899 0,003555
шальных 5,129899 0,003555
анализы 5,129899 0,003555
главного 1,728701 0,001198
композитора 4,436752 0,003075
дел 3,743604 0,005189
мишустин 4,436752 0,003075
словакия 1,834062 0,001271
подтверждаете 3,050457 0,002114
марта 0,881403 0,001222
контрнаступления 5,129899 0,003555
закрытой 4,436752 0,003075
светская 5,129899 0,003555
прыжки 1,019025 0,000706
src 2,239527 0,001552
кто 0,839439 0,000582
технологий 2,239527 0,001552
запрете 3,743604 0,002594
компании 1,301257 0,000902
запросило 5,129899 0,003555
неделю 2,038856 0,002826
использование 1,104547 0,000765
уильям 3,050457 0,002114
психическое 4,436752 0,003075
мишин 4,031286 0,002794
самым 1,392229 0,000965
самые 1,633391 0,002264
зеленского 4,436752 0,006149
тоже 1,911023 0,001324
налет 5,129899 0,003555
новостройках 5,129899 0,003555
px 2,185460 0,001515
аэропорт 3,520461 0,004879
заговоры 5,129899 0,003555
хранит 5,129899 0,003555
ао 2,564949 0,003555
парфюмера 5,129899 0,003555
ираке 5,129899 0,003555
советская 2,296685 0,001592
сфере 2,296685 0,001592
хранил 4,436752 0,003075
борьбе 1,603538 0,001111
мягков 5,129899 0,003555
свидетельство 2,564949 0,001778
тяжелой 3,743604 0,002594
эйнару 5,129899 0,003555
установил 2,490841 0,001726
вырос 3,520461 0,002440
ереване 4,031286 0,002794
тяжелораненые 5,129899 0,003555
гост 5,129899 0,003555
ангела 4,436752 0,006149
наши 1,323236 0,000917
женщин 1,368699 0,000949
волочкова 4,031286 0,002794
россии 0,160085 0,000777
ru 0,285712 0,000792
фитнес 1,574551 0,001091
золотую 2,827314 0,001959
произошла 2,421849 0,001678
опасно 3,743604 0,002594
программой 3,743604 0,002594
рублей 2,038856 0,001413
сердцу 5,129899 0,003555
waltz 5,129899 0,003555
подключайся 5,129899 0,003555
сайте 1,217876 0,001688
приеме 5,129899 0,003555
того 0,955511 0,000662
вы 0,325878 0,000452
сво 2,932674 0,004065
живописно 5,129899 0,003555
погибший 5,129899 0,003555
турниры 0,895792 0,000621
взяла 3,520461 0,002440
ждут 3,520461 0,002440
вопроса 2,932674 0,002032
настоящая 4,031286 0,002794
сдать 4,031286 0,002794
сбили 5,129899 0,003555
рекорд 1,198073 0,000830
разлада 5,129899 0,003555
свои 1,238078 0,000858
последователи 4,436752 0,003075
свое 2,490841 0,001726
удлинения 5,129899 0,003555
дарим 5,129899 0,003555
сайтом 3,520461 0,002440
похоронила 5,129899 0,003555
уильяма 4,436752 0,003075
регистрации 2,421849 0,003357
поручил 4,031286 0,002794
достигших 4,436752 0,003075
tv 2,564949 0,005333
перед 0,839439 0,001163
сайт 0,773190 0,000536
запомнился 3,520461 0,002440
до 0,239550 0,000332
трех 2,732003 0,001893
дореволюционном 5,129899 0,003555
выступать 1,633391 0,001132
гадания 4,436752 0,003075
зеленский 3,743604 0,002594
двух 1,002764 0,000695
кино 2,134166 0,001479
родное 5,129899 0,003555
семей 4,436752 0,003075
какую 3,338139 0,002313
собственных 3,183989 0,002207
принадлежало 5,129899 0,003555
жестко 4,436752 0,003075
vk 1,441019 0,001997
магния 5,129899 0,003555
ветерана 3,520461 0,002440
борисом 4,436752 0,003075
для 0,146292 0,000811
отразиться 5,129899 0,003555
контроль 2,421849 0,001678
причина 3,050457 0,002114
чутких 5,129899 0,003555
составила 2,564949 0,001778
кубы 4,031286 0,005587
мото 1,574551 0,001091
масленичные 5,129899 0,003555
курцын 5,129899 0,003555
ухудшается 4,436752 0,003075
уле 3,743604 0,002594
замечена 5,129899 0,003555
превышение 3,743604 0,002594
поднимают 5,129899 0,003555
аэродроме 4,436752 0,003075
что 0,239550 0,000166
хода 4,031286 0,002794
условное 4,436752 0,003075
устойчивыми 5,129899 0,003555
за 0,125952 0,000611
пво 4,436752 0,003075
развенчал 5,129899 0,003555
манекенов 5,129899 0,003555
рейтинг 0,565551 0,000392
контентной 5,129899 0,003555
медаль 1,416327 0,000982
поттера 5,129899 0,003555
дом 2,239527 0,001552
настоящем 4,436752 0,003075
этнической 5,129899 0,003555
документы 2,564949 0,001778
зимней 2,239527 0,001552
бесплатно 2,827314 0,001959
зимнее 2,827314 0,001959
режима 4,436752 0,003075
западные 4,031286 0,002794
пройдет 2,421849 0,001678
венгрия 2,564949 0,001778
дню 3,743604 0,002594
дня 1,104547 0,001531
петросян 1,441019 0,002996
из 0,106018 0,000514
настоящим 3,520461 0,002440
томми 4,436752 0,003075
ил 3,743604 0,002594
тяжелее 4,031286 0,002794
их 0,799165 0,000554
настоящий 2,490841 0,001726
над 0,986764 0,000684
поставки 4,436752 0,003075
шнурком 5,129899 0,003555
стены 4,436752 0,003075
домой 2,932674 0,002032
лошадей 5,129899 0,003555
шопинг 5,129899 0,003555
призыв 4,436752 0,003075
здоровье 1,664163 0,002307
клинику 5,129899 0,003555
трат 5,129899 0,003555
россиян 1,762603 0,001221
недвижимости 4,031286 0,002794
овечкин 1,762603 0,001221
дочери 4,436752 0,003075
движение 2,185460 0,001515
глазах 3,183989 0,002207
произведение 4,031286 0,002794
контролем 3,338139 0,002313
таблоид 5,129899 0,007110
кп 3,743604 0,002594
злится 5,129899 0,003555
миллиардов 3,743604 0,002594
незванными 5,129899 0,003555
собственного 3,338139 0,002313
клубы 1,392229 0,001930
вернувшемуся 4,436752 0,003075
никаких 2,644992 0,001833
политических 4,436752 0,003075
ли 1,198073 0,000830
знание 3,338139 0,002313
увеличено 3,050457 0,002114
ценами 5,129899 0,003555
известная 3,050457 0,002114
наименование 4,436752 0,003075
сми 1,546380 0,001072
триллионов 5,129899 0,003555
файлы 3,338139 0,002313
классика 3,050457 0,002114
сдали 3,743604 0,002594
тайнике 5,129899 0,003555
блокады 4,031286 0,002794
русскими 5,129899 0,003555
вов 5,129899 0,003555
будет 0,825834 0,000572
испекли 5,129899 0,003555
место 0,597299 0,001242
развития 1,797694 0,001246
сна 4,436752 0,003075
начали 1,546380 0,001072
начале 1,301257 0,000902
условиях 2,239527 0,001552
начала 1,238078 0,000858
на 0,023953 0,000548
прошел 2,185460 0,001515
не 0,099461 0,000551
фиолентийцы 5,129899 0,003555
черном 5,129899 0,003555
но 0,402511 0,000837
боль 3,520461 0,004879
украинского 3,338139 0,002313
телезрительниц 5,129899 0,003555
эфира 4,436752 0,003075
норвежским 4,436752 0,003075
концерты 4,436752 0,003075
об 0,217244 0,000151
составить 3,183989 0,002207
мужчину 5,129899 0,007110
переговоров 2,732003 0,005680
ои 0,812411 0,000563
мужчины 1,019025 0,000706
развитие 1,633391 0,001132
мужчина 3,743604 0,002594
отправилась 4,436752 0,003075
img 2,185460 0,001515
году 0,630089 0,001747
всу 4,031286 0,002794
от 0,160085 0,000444
травле 5,129899 0,003555
всю 1,994404 0,001382
используя 3,050457 0,002114
хочет 2,357310 0,001634
внимание 1,871802 0,001297
все 0,125952 0,000349
содержащуюся 5,129899 0,003555
пресса 3,338139 0,004627
года 0,239550 0,000332
по 0,073653 0,000357
информация 1,035554 0,000718
информацию 2,134166 0,002958
усилить 3,743604 0,002594
завершения 2,357310 0,001634
остросюжетные 5,129899 0,003555
видом 1,871802 0,001297
брэда 5,129899 0,003555
бомбежками 5,129899 0,003555
какой 1,911023 0,001324
занятие 4,031286 0,002794
уходящий 4,436752 0,003075
