называемый 2,421849 0,001864
выиграв 2,296685 0,000884
титана 5,129899 0,001974
малазиец 5,129899 0,001974
рф 1,871802 0,000720
latina 1,603538 0,000617
размером 2,732003 0,002102
англии 2,038856 0,001569
экспорт 0,986764 0,000380
сторонах 4,031286 0,001551
lccn 1,492313 0,000574
ним 1,695912 0,000653
န 2,134166 0,000821
водно 1,762603 0,000678
указан 1,301257 0,000501
играх 0,699082 0,000538
придавал 4,436752 0,001707
ဘ 2,134166 0,000821
ไทย 1,238078 0,000476
မ 2,134166 0,001642
raj 5,129899 0,001974
микроволокон 5,129899 0,001974
см 0,955511 0,001103
утверждённые 4,436752 0,001707
tatarça 1,392229 0,000536
日本語 1,035554 0,000398
некоторых 1,762603 0,000678
со 0,447767 0,000172
သ 2,134166 0,000821
гусиных 5,129899 0,001974
частью 1,728701 0,000665
правой 3,520461 0,001355
одну 1,762603 0,000678
воду 1,492313 0,000574
slovenščina 1,345709 0,000518
под 0,723179 0,000278
парусный 1,574551 0,000606
заявление 0,867219 0,000334
создана 1,834062 0,000706
хаус 5,129899 0,001974
pearly 5,129899 0,001974
парном 2,932674 0,002257
одно 1,664163 0,000640
одни 2,644992 0,001018
парной 4,031286 0,007755
пом 1,695912 0,000653
таких 1,762603 0,000678
brezhoneg 2,038856 0,000784
обвязываются 5,129899 0,001974
наклейками 4,436752 0,001707
специальными 4,031286 0,001551
содержание 0,971016 0,000747
eesti 1,069456 0,000411
пункт 3,050457 0,002347
лет 0,475938 0,000366
производстве 5,129899 0,001974
مصرى 1,546380 0,000595
ноги 2,296685 0,000884
čeština 1,035554 0,000398
метра 2,932674 0,003385
такие 1,518981 0,000584
сложнее 3,520461 0,001355
сейчас 1,104547 0,000425
относятся 2,490841 0,000958
европейской 2,932674 0,001128
серебряный 1,994404 0,000767
викисклад 1,035554 0,000398
тактическим 4,436752 0,001707
britannica 1,518981 0,001753
владелец 2,732003 0,001051
корфбол 1,762603 0,000678
пор 1,574551 0,000606
каноэ 1,633391 0,000628
силой 2,932674 0,001128
конфиденциальности 0,317714 0,000122
числом 4,031286 0,001551
всемирная 3,050457 0,002347
продолжает 2,421849 0,000932
lëtzebuergesch 1,762603 0,000678
slovenčina 1,069456 0,000411
своей 1,002764 0,000386
wikipedia 0,986764 0,000759
композиционных 5,129899 0,001974
gnd 1,392229 0,000536
scots 1,695912 0,000653
afrikaans 1,441019 0,000554
gaelg 3,338139 0,001284
federation 3,050457 0,002347
македонски 1,258698 0,000484
при 0,367725 0,001415
быстро 2,038856 0,002353
каждом 1,871802 0,000720
j 1,466337 0,000564
физическим 3,520461 0,001355
каната 1,762603 0,000678
призёр 2,185460 0,000841
ушу 1,728701 0,000665
родину 3,338139 0,001284
индивидуальные 2,134166 0,000821
викиновости 1,238078 0,000476
республика 2,564949 0,000987
u 1,345709 0,000518
воланы 5,129899 0,011843
главный 1,035554 0,000398
каждой 1,546380 0,001190
w 0,955511 0,000368
හල 1,834062 0,000706
z 3,743604 0,001440
также 0,663991 0,000511
республики 2,827314 0,001088
волану 5,129899 0,005921
العربية 1,069456 0,000411
индии 3,338139 0,002569
фризский 1,762603 0,000678
книг 4,031286 0,001551
одной 1,238078 0,002382
библиографических 1,323236 0,000509
разработчики 0,986764 0,000380
траве 1,466337 0,001128
норвежская 1,603538 0,000617
сначала 1,664163 0,000640
находиться 2,185460 0,000841
пропускаются 5,129899 0,001974
бадминтона 4,031286 0,023266
украины 1,797694 0,000692
силовой 3,183989 0,001225
градуируются 5,129899 0,001974
правки 0,986764 0,000759
волан 5,129899 0,027633
берёт 2,932674 0,001128
узла 5,129899 0,001974
одеждой 4,436752 0,001707
однако 1,069456 0,000823
шириной 3,050457 0,002347
tolışi 1,871802 0,000720
спорта 0,342407 0,000790
баскская 1,762603 0,000678
яркой 4,031286 0,001551
системе 0,867219 0,000334
каталогах 1,323236 0,000509
головки 4,436752 0,008535
проектах 0,986764 0,000380
могут 0,760451 0,001463
материалов 1,217876 0,001874
визуально 4,436752 0,001707
пластиковых 5,129899 0,003948
việt 1,140915 0,000439
отказ 0,910391 0,000350
корея 2,085376 0,001605
разряде 3,338139 0,003853
офицеры 5,129899 0,001974
изготавливались 4,436752 0,003414
сохранением 0,986764 0,000380
длину 2,564949 0,000987
ограничивают 3,743604 0,001440
дзюдо 1,466337 0,000564
пластиковый 4,436752 0,001707
один 0,711058 0,000274
синхронное 1,664163 0,000640
любителей 1,762603 0,001356
пластиковые 4,436752 0,003414
сторону 2,085376 0,001605
очков 1,198073 0,004149
сложенной 5,129899 0,001974
входит 1,871802 0,000720
успехов 2,732003 0,001051
jaku 4,031286 0,001551
различающейся 5,129899 0,001974
стремясь 3,520461 0,001355
штук 4,436752 0,001707
гонки 1,002764 0,000772
часть 1,441019 0,000554
минуты 1,871802 0,000720
подач 3,338139 0,001284
последний 0,773190 0,000297
кручение 5,129899 0,001974
сторона 3,338139 0,002569
служившие 5,129899 0,001974
часто 1,574551 0,000606
инвентарь 2,134166 0,001642
зажимами 5,129899 0,001974
бадминтонисты 4,436752 0,005121
стержня 5,129899 0,005921
части 1,664163 0,000640
июля 1,035554 0,000398
pdf 0,940244 0,000362
фиксацию 4,436752 0,001707
стороне 2,421849 0,001864
описание 0,986764 0,000380
последовательную 5,129899 0,001974
процесс 2,732003 0,001051
спортивном 2,038856 0,000784
игроков 1,238078 0,003335
терял 5,129899 0,001974
китайская 1,258698 0,000484
одновременно 1,762603 0,000678
bahasa 1,086847 0,000836
игроком 1,762603 0,000678
нитками 4,436752 0,001707
через 0,971016 0,000747
натяжения 4,436752 0,003414
क 2,421849 0,000932
lietuvių 1,140915 0,000439
современной 2,490841 0,000958
обозначения 4,031286 0,001551
головкой 4,436752 0,001707
современное 1,574551 0,000606
стрельба 1,492313 0,001148
ठ 1,574551 0,000606
ракеток 3,743604 0,007202
соответствующего 4,436752 0,001707
थ 2,932674 0,001128
саха 2,644992 0,001018
द 1,546380 0,000595
проиграл 1,633391 0,000628
струн 4,436752 0,006828
словари 1,217876 0,000469
न 1,518981 0,001753
команда 0,663991 0,000255
игроки 0,986764 0,000380
минспорттуризма 4,436752 0,001707
प 1,911023 0,001471
лентой 4,436752 0,001707
сквош 1,728701 0,000665
вклад 0,971016 0,000374
indonesia 1,086847 0,000418
भ 2,239527 0,000862
реальной 4,436752 0,001707
म 2,932674 0,001128
зоны 2,185460 0,002523
прототипом 3,520461 0,001355
гатчина 5,129899 0,001974
игрока 1,492313 0,000574
ल 1,911023 0,002206
текст 0,986764 0,000380
очко 1,911023 0,002206
прямоугольной 3,338139 0,001284
команды 0,555188 0,000854
lâm 1,762603 0,000678
зону 2,421849 0,000932
ष 2,296685 0,000884
स 2,644992 0,002035
очки 1,466337 0,000564
esperanto 1,198073 0,000461
ह 1,546380 0,000595
усилие 4,031286 0,001551
устанавливается 3,520461 0,001355
наоборот 3,743604 0,002881
ширину 3,183989 0,001225
зона 2,134166 0,000821
очка 1,574551 0,001817
перейти 0,867219 0,000667
sunda 2,564949 0,000987
веке 1,994404 0,000767
счёт 1,603538 0,000617
бить 3,338139 0,001284
скелетон 1,258698 0,000484
траекторию 4,031286 0,001551
призовым 4,436752 0,001707
собственное 4,031286 0,001551
спортсмена 1,834062 0,001411
українська 1,035554 0,000398
ракетку 3,338139 0,001284
двукратный 2,239527 0,000862
ограничена 3,338139 0,001284
находится 1,492313 0,001723
различной 3,520461 0,001355
лякросс 1,762603 0,000678
сильнейших 2,239527 0,000862
бадминтоне 4,436752 0,008535
спортсмен 1,466337 0,000564
траектории 3,743604 0,002881
universalis 1,951845 0,000751
такими 2,932674 0,001128
рэкетс 1,728701 0,000665
характеристикам 3,743604 0,001440
принадлежности 4,031286 0,001551
ответственности 0,971016 0,000374
бадминтону 4,436752 0,003414
игровая 3,338139 0,002569
его 0,447767 0,000345
призовые 3,050457 0,001174
граммов 4,031286 0,003102
только 0,447767 0,000517
отличить 5,129899 0,001974
ndl 1,834062 0,000706
группы 1,695912 0,000653
используется 1,633391 0,000628
убер 5,129899 0,001974
php 0,986764 0,000380
cite 1,258698 0,000484
изобретённой 5,129899 0,001974
шорт 1,086847 0,000418
натяжение 5,129899 0,001974
золотых 1,911023 0,001471
бадминтон 1,546380 0,007140
начинающим 5,129899 0,001974
нельзя 2,296685 0,001767
дозированное 5,129899 0,001974
недостатки 4,436752 0,001707
турнир 0,699082 0,001614
правилам 1,664163 0,001921
мире 1,198073 0,000461
приходили 3,520461 0,001355
горнолыжный 1,301257 0,000501
мира 0,367725 0,000849
точно 1,911023 0,000735
энтузиаст 5,129899 0,001974
рекордом 2,421849 0,000932
pages 0,986764 0,000380
выиграют 3,743604 0,001440
frysk 1,762603 0,000678
чаще 1,834062 0,000706
тренировки 1,546380 0,000595
продолжается 2,732003 0,001051
гэльский 1,762603 0,000678
picard 2,827314 0,001088
атакующей 3,520461 0,001355
разделяет 3,520461 0,001355
поломку 5,129899 0,001974
перенёс 3,743604 0,001440
этапов 2,564949 0,000987
утратили 5,129899 0,001974
точках 5,129899 0,001974
客家語 2,564949 0,000987
всего 0,812411 0,000313
ব 1,416327 0,000545
лабораторных 5,129899 0,001974
гандбол 1,178655 0,001361
ল 1,416327 0,000545
svenska 1,035554 0,000398
годов 1,301257 0,001502
общим 2,732003 0,002102
моторный 1,762603 0,000678
куки 0,971016 0,000374
старинной 5,129899 0,003948
натянутых 5,129899 0,001974
соединяется 5,129899 0,001974
километров 3,183989 0,001225
двоих 3,520461 0,001355
масса 2,827314 0,002176
выигрывает 2,732003 0,001051
профессиональные 2,421849 0,000932
доступен 0,971016 0,000374
будо 1,762603 0,000678
прикреплённой 5,129899 0,001974
профессиональных 2,357310 0,005442
фехтование 1,546380 0,000595
перетягивание 1,762603 0,000678
высота 2,827314 0,001088
любительских 3,338139 0,001284
традиция 3,338139 0,001284
новичков 2,421849 0,000932
матчей 0,940244 0,000362
высоте 2,421849 0,000932
другие 0,384967 0,000148
так 0,597299 0,001149
линией 2,932674 0,002257
там 1,603538 0,000617
изготавливаются 4,031286 0,001551
французский 1,392229 0,000536
interlingua 1,603538 0,000617
федерация 1,002764 0,001929
тройника 5,129899 0,001974
голова 3,183989 0,001225
примечания 1,002764 0,000772
где 0,675551 0,000520
мировых 2,421849 0,000932
выдающегося 3,743604 0,001440
других 0,853233 0,001313
конструктивных 5,129899 0,001974
европейских 2,038856 0,000784
противника 2,490841 0,001917
правую 3,743604 0,001440
применяются 1,466337 0,000564
papiamentu 2,732003 0,001051
сообщить 0,799165 0,000307
пятиборье 1,574551 0,000606
быть 0,773190 0,000892
европейский 2,357310 0,000907
запрещено 2,421849 0,000932
sport 1,122566 0,000432
федерации 0,663991 0,001022
диаметр 3,338139 0,001284
культуры 1,834062 0,000706
скалолазание 1,728701 0,000665
есть 0,812411 0,000313
снаряд 3,520461 0,001355
линия 2,296685 0,001767
шнур 5,129899 0,001974
конный 1,664163 0,000640
спорт 0,224624 0,000605
этой 1,052361 0,000405
мобильная 0,608110 0,000234
линии 1,951845 0,002253
english 0,925206 0,000712
ободом 5,129899 0,001974
викисловарь 2,490841 0,000958
пробковой 5,129899 0,003948
кожей 4,031286 0,001551
ਜ 1,664163 0,000640
марка 2,038856 0,000784
suomi 1,052361 0,000405
викисловаре 2,490841 0,000958
друг 1,834062 0,000706
qaraqalpaqsha 2,038856 0,000784
ਪ 1,664163 0,000640
ਬ 1,664163 0,000640
мирового 2,134166 0,001642
jbf 5,129899 0,003948
многократный 3,743604 0,001440
линь 4,436752 0,001707
художественная 1,633391 0,000628
заметного 5,129899 0,001974
стала 0,881403 0,000339
известный 2,239527 0,000862
начислялось 4,436752 0,001707
являются 1,466337 0,001693
можно 1,002764 0,000772
стали 0,971016 0,000374
страдают 5,129899 0,001974
основное 2,134166 0,000821
română 1,122566 0,000432
увлечение 4,031286 0,001551
чётное 5,129899 0,005921
français 1,019025 0,000392
элемент 0,955511 0,000368
nkc 1,574551 0,000606
начисление 4,436752 0,001707
интенсивных 5,129899 0,001974
игрой 2,185460 0,001682
спортивный 1,301257 0,000501
женщина 3,338139 0,001284
переплетаются 4,436752 0,001707
игрок 1,258698 0,003390
наступать 5,129899 0,001974
выступление 1,762603 0,000678
удобней 5,129899 0,001974
юбкой 5,129899 0,001974
ngî 2,564949 0,000987
oʻzbekcha 1,140915 0,000439
выполняются 3,743604 0,001440
раз 0,504926 0,000194
спортивных 1,279751 0,000492
проходит 1,633391 0,000628
ўзбекча 1,140915 0,000439
случайная 0,986764 0,000380
kreyòl 2,490841 0,000958
latviešu 1,052361 0,000405
российский 1,086847 0,000418
алюминия 5,129899 0,001974
испания 1,466337 0,000564
изгиб 5,129899 0,001974
тех 1,217876 0,000469
постоянная 0,986764 0,000380
указанием 0,986764 0,000380
версия 0,485508 0,000560
спустя 1,911023 0,000735
ему 1,323236 0,000509
поля 1,603538 0,002468
ଓଡ 3,338139 0,001284
jawa 1,911023 0,000735
китайцев 4,436752 0,001707
европы 0,524729 0,001615
англичане 4,031286 0,001551
поло 1,441019 0,001109
чётной 5,129899 0,001974
крупнейшее 4,031286 0,001551
اردو 1,574551 0,000606
перекидывают 5,129899 0,001974
первенствах 3,050457 0,001174
поле 1,217876 0,003280
экстра 4,436752 0,001707
между 0,955511 0,000368
зафиксирован 3,520461 0,001355
пола 2,490841 0,000958
знак 0,986764 0,000380
поставлен 3,743604 0,001440
чӑвашла 2,134166 0,000821
hak 2,564949 0,000987
white 4,031286 0,001551
характеристики 3,743604 0,001440
соответствии 1,086847 0,000418
австралийский 1,728701 0,000665
спортсмены 1,140915 0,001317
виды 0,773190 0,001190
сантиметров 3,743604 0,001440
пока 1,159607 0,000446
нередко 2,827314 0,001088
начисляемых 4,436752 0,001707
ಕನ 2,038856 0,000784
потолка 3,743604 0,001440
противоположных 4,031286 0,001551
архивировано 1,104547 0,001700
galego 1,178655 0,000454
ассоциация 2,038856 0,000784
требуется 2,932674 0,001128
абсолютным 3,743604 0,001440
опубликовала 4,031286 0,001551
treccani 2,827314 0,001088
короткий 0,971016 0,000374
опор 5,129899 0,001974
абсолютный 3,338139 0,001284
gàidhlig 2,644992 0,001018
жёсткое 5,129899 0,001974
фонды 5,129899 0,001974
олимпийского 1,603538 0,000617
подавать 3,743604 0,004321
всегда 1,258698 0,000969
случаях 0,971016 0,000747
чемпионате 1,178655 0,000454
вклеиваются 5,129899 0,001974
после 0,317714 0,000489
кодекс 0,971016 0,000374
мисбун 5,129899 0,001974
central 2,732003 0,001051
встроенных 5,129899 0,001974
положение 1,797694 0,000692
полутора 3,743604 0,001440
статьи 0,524729 0,000606
характеристик 4,436752 0,003414
струны 4,436752 0,011950
бобслей 1,238078 0,000476
призовой 2,732003 0,001051
ограничивающие 3,743604 0,001440
современные 2,421849 0,000932
профессионального 2,732003 0,001051
предметов 3,520461 0,001355
современным 3,520461 0,001355
служебные 0,986764 0,000380
статья 0,986764 0,001519
если 0,675551 0,001040
современный 2,357310 0,001814
языках 0,986764 0,000380
wikimedia 0,986764 0,000380
лыжах 1,178655 0,000454
азиатские 2,932674 0,001128
свободной 0,986764 0,000380
мировой 1,392229 0,003214
карате 1,728701 0,000665
ଆ 3,338139 0,001284
может 0,630089 0,000727
ελληνικά 1,086847 0,000418
внутри 2,421849 0,000932
получить 0,747872 0,000288
фол 3,050457 0,002347
контакт 3,050457 0,001174
язык 1,258698 0,000484
исключительно 2,357310 0,000907
нидерланды 1,728701 0,000665
зачастую 3,050457 0,002347
сильнее 2,134166 0,000821
связанные 0,881403 0,000339
russian 4,031286 0,003102
ракеткой 3,743604 0,001440
корта 3,743604 0,001440
банглапедия 3,743604 0,001440
различные 1,951845 0,001502
отредактирована 0,986764 0,000380
melayu 1,368699 0,000527
трёх 1,441019 0,000554
creative 0,986764 0,000380
nederlands 1,019025 0,000392
наград 2,134166 0,001642
рядах 4,031286 0,001551
разбалтывание 5,129899 0,001974
italiano 1,035554 0,000398
различных 1,728701 0,000665
конкретная 5,129899 0,001974
меняется 3,520461 0,001355
айсшток 1,728701 0,000665
международный 1,258698 0,000484
հայերեն 1,198073 0,000461
башҡортса 1,518981 0,000584
матч 0,411400 0,000317
международные 1,238078 0,000953
pwn 3,338139 0,001284
старым 3,743604 0,001440
мая 1,104547 0,000850
euskara 1,122566 0,000432
старых 3,743604 0,001440
поэтому 1,392229 0,000536
commons 0,986764 0,000380
рамки 3,743604 0,001440
српскохрватски 1,416327 0,000545
пределы 2,564949 0,000987
web 1,279751 0,000492
рамка 5,129899 0,001974
расстоянии 2,421849 0,000932
длительности 4,436752 0,001707
углепластика 5,129899 0,001974
тыла 2,644992 0,001018
командное 3,338139 0,001284
учётную 0,986764 0,000380
bokmål 1,069456 0,000411
свойственны 4,436752 0,001707
безупречной 5,129899 0,001974
текущие 0,940244 0,000362
чарльз 3,338139 0,001284
стране 1,951845 0,000751
полётные 5,129899 0,001974
потере 4,031286 0,001551
сразу 1,392229 0,000536
глима 1,762603 0,000678
batak 3,050457 0,002347
создать 0,825834 0,000318
такой 1,664163 0,001281
последовательно 3,338139 0,001284
упаковку 5,129899 0,001974
samoa 3,050457 0,001174
выиграла 1,345709 0,000518
международных 1,492313 0,000574
игрокам 1,951845 0,001502
типа 2,932674 0,001128
asturianu 1,323236 0,000509
ударов 2,085376 0,004012
зависимости 1,911023 0,002206
свяжитесь 0,986764 0,000380
снаряда 4,031286 0,001551
کوردی 1,762603 0,000678
произвела 4,436752 0,001707
вариации 4,436752 0,001707
печать 0,986764 0,000380
массой 4,031286 0,003102
simple 1,140915 0,000439
центру 2,932674 0,001128
летние 1,238078 0,000953
íslenska 1,392229 0,000536
благодаря 1,441019 0,001109
волана 5,129899 0,013817
спортсменам 1,871802 0,000720
пелота 1,728701 0,000665
считается 1,664163 0,000640
фонд 0,940244 0,000724
дерева 3,743604 0,001440
обеспечивающем 5,129899 0,001974
основная 1,323236 0,000509
тот 1,416327 0,001090
вестись 5,129899 0,001974
обсуждение 0,881403 0,000678
центра 2,932674 0,001128
попал 1,911023 0,000735
розыгрыш 2,239527 0,003447
соединения 3,743604 0,002881
организации 0,812411 0,000313
товарный 0,986764 0,000380
ударами 3,050457 0,001174
история 0,555188 0,000427
почти 1,323236 0,000509
три 0,786093 0,000302
таблица 0,925206 0,000712
閩南語 1,762603 0,000678
bân 1,762603 0,000678
довольно 2,490841 0,000958
полоской 4,436752 0,001707
российская 0,799165 0,000307
элементов 2,357310 0,000907
ழ 1,492313 0,000574
розыгрыша 2,239527 0,002585
либо 1,140915 0,000439
розыгрыше 2,239527 0,000862
согласно 1,574551 0,000606
летних 1,911023 0,000735
печати 0,955511 0,000368
розыгрыши 3,050457 0,001174
более 0,853233 0,001313
достижения 1,695912 0,000653
поиск 0,735450 0,000283
бадминто 5,129899 0,001974
площадка 2,421849 0,002796
оставался 3,050457 0,001174
чемпион 0,867219 0,000667
площадке 2,085376 0,000802
условий 0,881403 0,000339
запрещённая 5,129899 0,003948
площадки 2,296685 0,002651
oldid 0,986764 0,000380
лыжи 1,019025 0,000392
катание 0,534779 0,000206
порядка 2,644992 0,001018
пропускается 5,129899 0,001974
как 0,232059 0,000804
площадку 2,564949 0,000987
четвертьфиналисты 4,436752 0,001707
перья 5,129899 0,001974
нечётное 5,129899 0,001974
встрече 2,296685 0,002651
нечётной 5,129899 0,001974
завоёвывают 5,129899 0,001974
трамплина 1,159607 0,000446
тарашкевіца 1,198073 0,000461
собств 5,129899 0,001974
cymraeg 1,574551 0,000606
закрепление 5,129899 0,001974
применением 3,338139 0,001284
ayisyen 2,490841 0,000958
авторства 0,986764 0,000380
улучшен 5,129899 0,001974
второй 0,786093 0,000302
условия 0,411400 0,000317
подача 3,338139 0,011560
скользящий 4,436752 0,001707
финал 1,258698 0,000484
непредсказуемую 5,129899 0,001974
català 1,086847 0,000418
dansk 1,069456 0,000411
подачи 2,827314 0,016318
новый 0,940244 0,000362
uyghurche 2,644992 0,001018
наибольших 4,031286 0,001551
новые 0,747872 0,000288
подаче 3,338139 0,006422
смеша 5,129899 0,001974
ещё 0,420369 0,000162
подачу 3,183989 0,001225
теннис 0,495170 0,000381
yonex 5,129899 0,001974
గ 2,038856 0,000784
специальные 2,421849 0,000932
сократились 4,436752 0,001707
фигурное 0,534779 0,000206
финский 1,633391 0,000628
enciclopedia 3,183989 0,001225
начисляются 3,338139 0,001284
просмотры 0,986764 0,000380
فارسی 1,104547 0,000425
удар 2,185460 0,000841
менее 1,258698 0,002422
త 2,038856 0,000784
беларуская 1,069456 0,000823
удара 2,357310 0,004535
первой 1,019025 0,000784
пробегает 4,031286 0,001551
смешанном 4,031286 0,001551
герцог 4,436752 0,001707
нитки 5,129899 0,001974
а 0,209918 0,000485
обновлен 4,436752 0,001707
в 0,017911 0,000482
ల 2,038856 0,000784
г 0,925206 0,001068
викимедиа 0,986764 0,000380
и 0,023953 0,000470
политика 0,239550 0,000092
й 0,825834 0,000318
золотая 2,827314 0,001088
к 0,132686 0,000357
велоспорт 1,178655 0,000454
н 0,895792 0,001034
azərbaycanca 1,258698 0,000484
о 0,042302 0,000065
фондом 4,436752 0,001707
альпинизм 1,323236 0,000509
с 0,036149 0,000362
она 0,825834 0,000636
ошибок 3,050457 0,001174
скейтбординг 1,762603 0,000678
т 1,368699 0,000527
у 0,342407 0,000790
левой 3,050457 0,001174
х 0,986764 0,001139
дополнительные 0,986764 0,000380
ч 2,644992 0,005088
китай 2,038856 0,000784
скачать 0,895792 0,000689
они 0,760451 0,000878
первоначальный 5,129899 0,001974
исполнения 2,932674 0,001128
заглавная 0,986764 0,000380
долговечность 4,436752 0,001707
удары 2,564949 0,000987
футбол 0,285712 0,000550
сила 2,564949 0,001974
перьев 5,129899 0,005921
атлетика 1,052361 0,000810
by 0,971016 0,000374
основным 2,421849 0,000932
регби 0,955511 0,000735
видах 2,038856 0,000784
должна 1,238078 0,001429
выбирается 3,520461 0,001355
русский 0,839439 0,000323
выигрыше 5,129899 0,001974
этап 1,392229 0,001607
cc 0,986764 0,000380
цветной 4,436752 0,001707
мячом 1,104547 0,000425
метров 1,762603 0,002035
shqip 1,466337 0,000564
время 0,384967 0,000296
изготавливается 3,743604 0,001440
престижностью 5,129899 0,001974
поведения 0,895792 0,000345
каталанская 1,695912 0,001305
алфавиту 1,159607 0,000446
ресурсы 1,104547 0,000425
победитель 1,258698 0,000484
bikol 2,732003 0,001051
составлять 3,520461 0,001355
представились 0,986764 0,000380
доминировали 3,743604 0,001440
de 1,871802 0,000720
پنجابی 2,239527 0,000862
粵語 1,178655 0,000454
состоит 1,546380 0,001785
наряду 2,490841 0,000958
викиданных 0,986764 0,000380
तम 2,644992 0,001018
தம 1,492313 0,000574
краской 5,129899 0,001974
рус 1,368699 0,000527
соорудил 5,129899 0,001974
индийской 5,129899 0,001974
первую 1,518981 0,000584
сноуборд 1,238078 0,000476
надо 2,038856 0,000784
олимпийские 0,895792 0,000689
индонезия 3,050457 0,001174
satwiksai 5,129899 0,001974
челленджер 5,129899 0,001974
приземлить 4,436752 0,001707
перьевой 5,129899 0,003948
послал 3,520461 0,001355
олимпийский 0,853233 0,000328
хёрлинг 1,762603 0,000678
следствием 4,031286 0,001551
читать 0,586604 0,000226
игр 0,367725 0,000141
стандартом 3,743604 0,001440
возможна 3,338139 0,001284
челленджеры 5,129899 0,003948
принимающей 3,743604 0,001440
англ 1,159607 0,000892
гран 1,518981 0,001753
датская 1,518981 0,000584
командный 1,994404 0,000767
подающая 5,129899 0,001974
выявились 5,129899 0,001974
революцию 5,129899 0,001974
волейбол 1,019025 0,000392
таковы 5,129899 0,001974
title 0,986764 0,000380
всем 1,762603 0,000678
длился 3,520461 0,001355
обеих 2,296685 0,000884
зрелищности 3,520461 0,001355
олимпийских 0,799165 0,000615
внутренней 3,183989 0,001225
плавание 1,198073 0,000922
биатлон 0,534779 0,000206
сильно 2,134166 0,000821
пожертвовать 0,986764 0,000380
этапа 1,664163 0,001281
поиску 0,971016 0,000374
бьющего 5,129899 0,001974
помощи 2,296685 0,000884
нескольких 1,834062 0,000706
состоящие 3,743604 0,001440
расстановка 3,743604 0,001440
япония 1,994404 0,000767
одного 1,140915 0,001756
жёлтой 3,183989 0,001225
ссылка 0,786093 0,000302
наносятся 3,743604 0,001440
середины 2,421849 0,000932
момент 1,301257 0,001001
набравшая 3,743604 0,002881
ссылки 0,839439 0,001615
зрелищность 3,743604 0,001440
смог 1,994404 0,000767
srpskohrvatski 1,416327 0,000545
овладения 4,031286 0,001551
中文 1,035554 0,000398
канадская 2,490841 0,000958
ನಡ 2,038856 0,000784
основе 1,466337 0,000564
введеных 5,129899 0,003948
этапы 2,421849 0,005591
кругосвет 1,994404 0,000767
вдвое 3,743604 0,001440
разделённой 4,436752 0,001707
поблизости 5,129899 0,001974
среди 0,597299 0,000919
подразделяются 4,436752 0,001707
рукоятки 4,031286 0,001551
прежним 4,436752 0,001707
различающихся 5,129899 0,001974
маркироваться 5,129899 0,001974
москва 0,760451 0,000293
отдельных 0,986764 0,000759
достигает 3,743604 0,001440
хорватская 3,183989 0,001225
https 0,699082 0,000269
спина 4,436752 0,001707
превышать 2,932674 0,001128
квадах 1,762603 0,000678
tiếng 1,140915 0,000439
татарча 1,392229 0,000536
находясь 2,932674 0,001128
עברית 1,052361 0,000405
index 0,986764 0,000380
стоящий 4,436752 0,001707
дания 2,085376 0,000802
эта 0,867219 0,000667
результаты 0,910391 0,000350
должен 1,122566 0,000864
избранные 0,971016 0,000374
ള 1,695912 0,000653
которое 1,871802 0,000720
მარგალური 2,490841 0,000958
рукоятку 5,129899 0,001974
усадьбе 5,129899 0,001974
проводится 1,546380 0,001190
پښتو 2,732003 0,001051
которой 1,238078 0,000953
hindi 2,421849 0,000932
привезли 3,743604 0,001440
планете 3,520461 0,001355
котором 1,217876 0,000469
десятку 3,743604 0,001440
провисание 5,129899 0,001974
kurdî 1,834062 0,000706
крикет 1,762603 0,000678
актуально 4,031286 0,001551
был 0,663991 0,000766
китайцы 4,031286 0,003102
world 1,416327 0,001090
возможны 3,743604 0,001440
запретила 3,743604 0,001440
это 0,277868 0,000214
большинство 1,834062 0,000706
натягиваются 5,129899 0,003948
триатлон 1,633391 0,000628
код 0,986764 0,005695
бофорт 5,129899 0,001974
два 0,760451 0,000585
лука 1,198073 0,000461
gaeilge 1,951845 0,000751
спортсменов 0,786093 0,000907
тяжёлая 1,633391 0,000628
этих 1,301257 0,000501
схемам 4,031286 0,001551
gí 1,762603 0,000678
упал 3,183989 0,001225
две 1,019025 0,000784
интервале 5,129899 0,001974
хватом 4,436752 0,001707
засчитан 4,031286 0,001551
fiji 2,421849 0,000932
url 0,986764 0,000380
предназначенных 4,436752 0,001707
томаса 3,338139 0,001284
сентября 1,069456 0,000411
предназначенный 5,129899 0,001974
тратят 3,743604 0,001440
новости 0,301585 0,000116
войти 0,735450 0,000283
старт 1,416327 0,000545
производится 2,357310 0,000907
гольф 1,574551 0,000606
или 0,576022 0,002660
отличие 1,834062 0,000706
ქართული 1,392229 0,000536
қазақша 1,178655 0,000454
затягивалась 5,129899 0,001974
ободку 5,129899 0,001974
превосходства 4,031286 0,001551
байдарках 1,603538 0,000617
считать 2,421849 0,000932
белой 2,732003 0,001051
bne 2,932674 0,001128
переплетение 5,129899 0,001974
диагонали 3,520461 0,002709
использования 0,393700 0,000151
оплётки 5,129899 0,001974
смешанные 2,644992 0,001018
германия 1,140915 0,000439
дюжин 5,129899 0,001974
медалей 1,238078 0,000476
наноситься 5,129899 0,001974
земли 3,520461 0,001355
рейтинговых 4,031286 0,003102
инструменты 0,986764 0,000759
имелось 5,129899 0,001974
затем 1,301257 0,001001
ئۇيغۇرچە 2,644992 0,001018
игровые 1,603538 0,001234
действие 2,644992 0,002035
тоҷикӣ 1,695912 0,000653
обращения 0,925206 0,000356
программу 1,466337 0,000564
игры 0,376309 0,001303
первый 0,687247 0,000529
ошибки 2,185460 0,001682
февраля 0,232059 0,000268
ошибке 0,955511 0,000368
betawi 2,732003 0,001051
मर 1,574551 0,000606
ස 1,834062 0,000706
натяжку 5,129899 0,001974
проклеиваются 5,129899 0,001974
практически 1,664163 0,001281
события 0,663991 0,000766
техники 2,421849 0,000932
технике 3,183989 0,002450
игре 1,198073 0,001383
тогда 1,466337 0,000564
натяжки 5,129899 0,001974
ночи 4,436752 0,001707
nupe 4,031286 0,001551
игра 1,301257 0,004005
bali 2,827314 0,001088
представляющие 4,436752 0,001707
натяжка 4,436752 0,005121
соревнования 0,663991 0,000255
deutsch 1,052361 0,000405
kâ 2,564949 0,000987
пяти 1,574551 0,000606
исключённые 1,762603 0,000678
телом 3,743604 0,002881
раунда 2,085376 0,000802
лёгкая 1,238078 0,000476
прыжки 1,019025 0,001176
подающий 4,436752 0,003414
подающим 3,743604 0,001440
станке 4,436752 0,001707
материал 0,825834 0,000318
скиджоринг 1,762603 0,000678
скиинг 1,762603 0,000678
соревнование 1,664163 0,000640
ph 1,762603 0,000678
соревнований 0,881403 0,001017
планёрный 1,762603 0,000678
чётного 5,129899 0,001974
тоже 1,911023 0,000735
выбирала 5,129899 0,001974
rankireddy 5,129899 0,001974
расположение 3,520461 0,001355
партию 3,743604 0,001440
føroyskt 2,085376 0,000802
оборонительным 5,129899 0,001974
нагрузки 3,743604 0,001440
наилучшего 4,436752 0,001707
навигация 0,986764 0,000759
страница 0,940244 0,000724
лицензии 0,986764 0,000380
странице 0,971016 0,000374
нагрузку 4,031286 0,001551
сам 1,871802 0,000720
борьба 1,002764 0,000386
запись 0,955511 0,000368
навигации 0,986764 0,000380
qr 0,986764 0,000380
правила 0,910391 0,000701
тренировок 2,421849 0,001864
юбки 5,129899 0,001974
сортируются 5,129899 0,001974
страницу 0,971016 0,000374
полёта 4,031286 0,010858
санный 1,301257 0,000501
правило 1,633391 0,001257
партий 3,743604 0,001440
страницы 0,971016 0,000747
зимние 1,159607 0,000446
сопернику 2,564949 0,001974
吴语 1,238078 0,000476
намотки 5,129899 0,001974
тяготеющим 5,129899 0,001974
фристайл 1,279751 0,000492
гимнастика 1,238078 0,000953
отверстия 5,129899 0,003948
водное 1,492313 0,000574
собачьих 1,762603 0,000678
hrvatski 1,052361 0,000405
применение 3,183989 0,001225
женщин 1,368699 0,002107
соперничают 4,436752 0,001707
россии 0,160085 0,000185
nanoray 5,129899 0,001974
ru 0,285712 0,000110
действовать 0,955511 0,000368
результатам 1,911023 0,000735
роке 1,762603 0,000678
упряжках 1,762603 0,000678
сортировки 5,129899 0,001974
кубок 0,524729 0,000404
во 0,495170 0,000191
sa 0,986764 0,000380
occitan 1,466337 0,000564
уже 0,687247 0,001058
неотъемлемой 3,743604 0,001440
мужчин 1,492313 0,001148
скорости 2,421849 0,006523
позволено 4,031286 0,001551
дата 0,881403 0,000339
nynorsk 1,546380 0,000595
sh 1,797694 0,000692
внешние 1,122566 0,000432
того 0,955511 0,000368
вы 0,325878 0,000125
пластиковой 4,031286 0,003102
существует 1,762603 0,000678
своё 1,664163 0,000640
перенесена 4,031286 0,001551
спин 4,031286 0,001551
английские 3,743604 0,001440
проводить 1,797694 0,000692
пары 2,296685 0,001767
влияющая 5,129899 0,001974
español 1,019025 0,000392
турниры 0,895792 0,000689
китайские 3,338139 0,002569
спид 1,762603 0,000678
издатель 5,129899 0,001974
которую 1,728701 0,000665
badminton 5,129899 0,009869
игрового 2,732003 0,002102
существенно 2,932674 0,001128
энциклопедии 0,986764 0,000759
тубус 5,129899 0,001974
кёрлинг 1,279751 0,000492
используют 2,239527 0,000862
скорость 2,421849 0,001864
tagalog 1,911023 0,000735
рекорд 1,198073 0,003688
bosanski 1,345709 0,000518
оболочки 5,129899 0,001974
th 2,185460 0,001682
добились 2,932674 0,002257
associated 0,986764 0,000380
января 0,825834 0,000318
български 1,086847 0,000418
чтобы 0,773190 0,000297
персональные 0,971016 0,000374
open 1,871802 0,001440
брейкинг 1,762603 0,000678
настольный 1,238078 0,000476
де 0,955511 0,000368
чужую 5,129899 0,001974
шайбой 1,122566 0,000432
большая 1,069456 0,002057
коснулся 3,183989 0,004900
американский 1,258698 0,000484
турнира 0,839439 0,000646
до 0,239550 0,001475
зарегистрированный 0,986764 0,000380
стандартной 3,338139 0,001284
agostini 3,183989 0,001225
soomaaliga 3,050457 0,001174
современного 2,564949 0,000987
специальном 3,050457 0,001174
другой 1,492313 0,000574
увлеклись 5,129899 0,001974
сюда 0,986764 0,000380
другом 2,564949 0,000987
двух 1,002764 0,000772
трек 1,159607 0,000446
независимый 4,436752 0,001707
цитировать 0,986764 0,000380
располагаются 2,644992 0,001018
скорее 2,564949 0,000987
ракетки 3,520461 0,023027
падает 4,436752 0,001707
лыжное 1,279751 0,000492
norsk 1,052361 0,000810
gagana 3,050457 0,001174
баскетбол 0,773190 0,000297
bwf 4,436752 0,003414
кубка 0,825834 0,003495
подавал 4,436752 0,003414
которому 2,134166 0,000821
ido 1,546380 0,000595
доминируют 3,743604 0,001440
для 0,146292 0,000901
одиночной 3,743604 0,001440
одиночном 2,932674 0,001128
гребля 1,518981 0,001169
флаг 1,279751 0,000492
контроля 3,183989 0,001225
ракетка 3,183989 0,003675
вид 1,104547 0,000425
введены 2,827314 0,001088
же 0,925206 0,000712
отрывать 4,031286 0,001551
русиньскый 2,732003 0,001051
двигаться 3,183989 0,001225
собранием 5,129899 0,003948
национальная 1,574551 0,001212
polski 1,035554 0,000398
переходила 4,031286 0,003102
перьевых 5,129899 0,003948
очерёдности 5,129899 0,001974
speed 4,436752 0,001707
батуте 1,728701 0,000665
воланом 5,129899 0,001974
дань 3,743604 0,001440
что 0,239550 0,000277
править 0,986764 0,011390
воланов 5,129899 0,011843
за 0,125952 0,000242
углеволокна 4,436752 0,001707
среднем 2,239527 0,000862
жё 1,728701 0,000665
соперника 1,279751 0,000985
перьевые 5,129899 0,003948
софтбол 1,695912 0,000653
свойства 4,031286 0,003102
basa 2,732003 0,001051
org 0,986764 0,000380
составляет 2,085376 0,000802
подробнее 0,723179 0,000278
сторон 2,185460 0,000841
настоящее 1,797694 0,000692
были 0,799165 0,000307
всемирной 3,338139 0,001284
доходить 5,129899 0,001974
толщиной 4,031286 0,001551
великобритания 2,185460 0,000841
nights 5,129899 0,001974
была 0,652562 0,000753
направлена 4,031286 0,001551
августе 2,296685 0,000884
принцип 2,827314 0,001088
велась 2,932674 0,001128
производилась 4,436752 0,001707
любой 2,038856 0,000784
женском 2,038856 0,000784
корейской 2,239527 0,000862
из 0,106018 0,000816
сказывается 3,338139 0,001284
xx 1,546380 0,000595
им 1,198073 0,000922
игровое 3,183989 0,001225
августа 1,052361 0,000405
показательные 1,466337 0,000564
победителем 1,574551 0,000606
их 0,799165 0,000922
скрытые 1,122566 0,000432
српски 1,035554 0,000398
над 0,986764 0,000380
ободе 5,129899 0,001974
левую 4,031286 0,001551
регламент 2,296685 0,000884
обода 4,436752 0,005121
хоккей 0,376309 0,000579
тяжести 3,338139 0,001284
около 1,518981 0,000584
доминирующее 5,129899 0,001974
двоеборье 1,217876 0,000469
техническим 2,564949 0,000987
ведётся 2,827314 0,001088
белые 2,827314 0,001088
серия 1,052361 0,000810
ски 1,069456 0,000411
тела 2,134166 0,000821
iban 4,031286 0,001551
перьями 4,436752 0,001707
srpski 1,035554 0,000398
серии 1,159607 0,001785
лайковой 5,129899 0,001974
км 2,038856 0,003922
ག 2,564949 0,000987
синтетической 5,129899 0,001974
совершает 3,743604 0,001440
является 1,086847 0,000418
соперник 2,239527 0,002585
значительными 4,436752 0,001707
лыжные 1,140915 0,000439
которые 0,760451 0,000585
автором 2,932674 0,001128
foundation 0,986764 0,000380
следующих 2,134166 0,000821
конькобежный 1,238078 0,000476
использовано 5,129899 0,001974
класса 2,357310 0,000907
фьючерсы 5,129899 0,003948
ད 2,564949 0,000987
арсеналом 2,932674 0,001128
например 1,603538 0,001234
བ 2,564949 0,000987
составил 2,239527 0,000862
сомерсет 5,129899 0,001974
правил 1,323236 0,002037
негодность 4,436752 0,001707
türkçe 1,052361 0,000405
инерции 5,129899 0,001974
europe 3,338139 0,001284
ཡ 2,564949 0,000987
находящихся 2,185460 0,000841
спортивная 1,159607 0,000892
встречах 3,520461 0,001355
случае 1,441019 0,001109
приёма 3,338139 0,001284
нечётного 3,743604 0,001440
расположенное 4,436752 0,001707
первоначально 1,951845 0,001502
влияющих 5,129899 0,001974
подающего 4,031286 0,003102
вниз 2,932674 0,001128
한국어 1,035554 0,000398
союз 1,762603 0,000678
несколько 1,069456 0,001646
сверху 2,932674 0,001128
арене 1,797694 0,000692
стран 1,546380 0,001190
dello 3,183989 0,001225
задней 3,338139 0,001284
будет 0,825834 0,000636
собой 1,279751 0,000985
мм 2,932674 0,003385
обеспечения 3,743604 0,001440
сетки 2,827314 0,004351
начало 1,633391 0,000628
синтетические 4,031286 0,001551
примерно 2,085376 0,000802
полуфиналисты 3,183989 0,001225
перьям 5,129899 0,001974
центральная 2,827314 0,001088
современная 2,490841 0,000958
снг 2,490841 0,000958
сетка 3,050457 0,001174
начале 1,301257 0,000501
пуна 5,129899 0,001974
условиях 2,239527 0,000862
свежие 0,910391 0,000350
модельных 5,129899 0,001974
mandailing 3,338139 0,001284
натуральные 4,436752 0,001707
количеству 1,574551 0,000606
манерой 5,129899 0,001974
начала 1,238078 0,001429
сидек 5,129899 0,005921
сеткой 3,743604 0,001440
участие 0,597299 0,000230
крокет 1,762603 0,000678
на 0,023953 0,000470
тонкой 5,129899 0,001974
старая 1,368699 0,000527
не 0,099461 0,000765
обтянутой 5,129899 0,001974
вошёл 2,239527 0,000862
владивосток 2,732003 0,001051
сетку 2,732003 0,001051
ссылками 1,159607 0,000446
рекомендуют 4,436752 0,003414
золотой 1,911023 0,001471
онлайн 0,773190 0,000297
tan 5,129899 0,001974
но 0,402511 0,000774
ລາວ 2,932674 0,001128
xix 1,834062 0,000706
баланс 4,031286 0,001551
модели 2,932674 0,001128
вызвать 4,031286 0,001551
получают 2,185460 0,000841
строгой 4,436752 0,001707
водные 0,867219 0,000334
счёте 2,732003 0,001051
победили 1,951845 0,000751
совершить 3,743604 0,001440
суперсерии 4,031286 0,003102
категория 1,546380 0,000595
счёта 3,183989 0,002450
независимо 2,932674 0,001128
количество 1,217876 0,000937
бейсбол 1,466337 0,001128
magyar 1,086847 0,000418
выдерживает 4,031286 0,001551
синтетических 5,129899 0,001974
ней 1,762603 0,000678
нами 0,853233 0,000328
места 1,198073 0,000461
международная 1,301257 0,000501
об 0,217244 0,000084
уровень 2,038856 0,000784
начальный 3,743604 0,001440
некоммерческой 0,986764 0,000380
нет 0,825834 0,000318
ои 0,812411 0,027820
завоевали 2,038856 0,000784
справка 0,986764 0,000380
месте 1,492313 0,000574
он 0,534779 0,000412
мужчина 3,743604 0,001440
наличию 5,129899 0,001974
регламенте 2,932674 0,001128
тхэквондо 1,633391 0,000628
категорий 3,183989 0,001225
году 0,630089 0,001212
категории 0,986764 0,001139
от 0,160085 0,001170
образного 5,129899 0,001974
форум 0,881403 0,000678
окружности 3,050457 0,001174
правилами 1,323236 0,000509
качественная 5,129899 0,001974
статистика 0,652562 0,000251
бокс 0,576022 0,000443
toba 3,743604 0,001440
грип 5,129899 0,001974
сердечника 5,129899 0,001974
принимать 2,134166 0,000821
википедия 0,986764 0,000759
മലയ 1,695912 0,000653
крученая 5,129899 0,005921
жёсткость 4,436752 0,003414
года 0,239550 0,001383
официальных 1,664163 0,000640
по 0,073653 0,000652
монгол 1,518981 0,000584
inc 0,986764 0,000380
успехи 3,338139 0,001284
достоинство 5,129899 0,001974
сведения 0,812411 0,000313
português 1,035554 0,000398
равного 3,743604 0,001440
скоро 2,827314 0,001088
отличаются 2,932674 0,001128
повышения 2,644992 0,001018
академическая 1,574551 0,000606
кыргызча 2,085376 0,000802
сообщество 0,986764 0,000380
видов 1,392229 0,000536
сёрфинг 1,762603 0,000678
википедии 0,986764 0,000759
натуральных 4,436752 0,001707
источник 0,853233 0,000328
перьевого 5,129899 0,001974
