финал 1,258698 0,000903
плавный 5,129899 0,003680
ещё 0,420369 0,000302
сладким 5,129899 0,003680
тур 1,546380 0,011093
еще 0,955511 0,002056
стал 0,586604 0,002525
теннис 0,495170 0,001066
балтийский 5,129899 0,007360
оглядываясь 5,129899 0,003680
целом 1,994404 0,001431
выиграл 1,178655 0,000846
ахмат 1,217876 0,001747
возвращается 2,564949 0,001840
них 1,178655 0,000846
фигурное 0,534779 0,001151
добро 3,338139 0,004789
приступил 5,129899 0,003680
декабря 0,881403 0,005058
важным 3,183989 0,002284
наилучшие 4,436752 0,003183
александр 0,925206 0,002655
сообщил 2,357310 0,001691
а 0,209918 0,000151
арлашов 5,129899 0,007360
в 0,017911 0,000617
лично 3,050457 0,002188
реклама 0,735450 0,001055
и 0,023953 0,000498
политика 0,239550 0,000516
лет 0,475938 0,000683
считаете 5,129899 0,003680
связь 1,392229 0,002996
й 0,825834 0,004739
к 0,132686 0,000286
потиханов 5,129899 0,007360
танцем 5,129899 0,003680
н 0,895792 0,001285
о 0,042302 0,000364
п 1,086847 0,001559
с 0,036149 0,000493
сейчас 1,104547 0,000792
у 0,342407 0,000737
проекты 1,198073 0,000859
какие 2,134166 0,001531
авто 0,925206 0,001991
они 0,760451 0,000546
сезон 1,368699 0,000982
репортажи 1,797694 0,001290
процессу 5,129899 0,003680
каким 2,490841 0,003574
я 0,853233 0,002448
сочи 0,853233 0,001224
титульным 3,183989 0,002284
футбол 0,285712 0,001025
конфиденциальности 0,317714 0,000684
готова 3,743604 0,002686
уэльс 2,932674 0,002104
сообщается 2,932674 0,002104
отметился 3,338139 0,002395
шестью 2,732003 0,003920
регби 0,955511 0,021934
основным 2,421849 0,001737
универсиады 2,732003 0,001960
назначен 2,490841 0,001787
бум 1,911023 0,002742
павла 3,520461 0,002525
своей 1,002764 0,000719
моей 2,490841 0,001787
участница 4,031286 0,002892
окончательно 2,564949 0,001840
этап 1,392229 0,000999
время 0,384967 0,000552
при 0,367725 0,000264
оспрейс 5,129899 0,007360
каждом 1,871802 0,001343
коллективе 3,743604 0,002686
воспоминаниями 5,129899 0,003680
новгород 1,217876 0,001747
мелбет 1,762603 0,002529
ольстер 4,436752 0,003183
проекте 1,546380 0,002219
второго 1,466337 0,001052
столичном 4,436752 0,003183
агентом 3,743604 0,002686
финале 1,633391 0,002343
провел 3,050457 0,002188
рошель 4,436752 0,003183
сергей 1,392229 0,000999
буллс 5,129899 0,007360
италию 3,338139 0,002395
одной 1,238078 0,000888
италия 0,867219 0,001244
дмитрий 1,345709 0,000965
соцсетях 1,466337 0,001052
отпраздновать 5,129899 0,003680
финального 2,932674 0,002104
снова 1,574551 0,001130
покинул 2,296685 0,006590
южноафриканский 4,436752 0,006365
окончании 1,911023 0,001371
зарубежный 1,911023 0,004113
ставок 1,664163 0,002388
показать 0,825834 0,000592
уступила 2,085376 0,001496
задачи 2,827314 0,002028
мма 1,069456 0,002302
подписала 3,743604 0,002686
ленстер 5,129899 0,007360
задача 2,185460 0,001568
сыграл 1,951845 0,001400
подмосковье 3,743604 0,016113
олимпизм 1,466337 0,003156
блюз 4,436752 0,003183
счет 1,797694 0,002579
подписали 2,932674 0,004208
себя 0,940244 0,001349
олимпийский 0,853233 0,001836
соперницы 4,436752 0,003183
подробности 2,421849 0,001737
манстер 5,129899 0,011040
объявляю 4,436752 0,003183
читать 0,586604 0,000421
клубом 1,994404 0,002861
игр 0,367725 0,000791
другому 2,827314 0,002028
материалов 1,217876 0,001747
танцевал 4,031286 0,002892
минувший 5,129899 0,003680
спортс 1,871802 0,026855
консультантом 5,129899 0,003680
обыграла 1,911023 0,002742
мне 1,871802 0,001343
united 2,827314 0,018254
один 0,711058 0,000510
группового 2,490841 0,001787
обязательно 2,357310 0,001691
обыграли 2,296685 0,003295
прошли 1,762603 0,002529
дрэгонс 2,932674 0,006311
победительница 3,520461 0,002525
биатлон 0,534779 0,001151
олимпийских 0,799165 0,000573
этапа 1,664163 0,001194
чр 3,050457 0,002188
локомотив 0,910391 0,003918
акулиничев 5,129899 0,003680
рябов 4,031286 0,005784
стрелой 5,129899 0,003680
мое 2,827314 0,002028
дебютантам 5,129899 0,003680
завершить 2,827314 0,004056
наций 1,797694 0,003869
мой 2,421849 0,003475
говорится 3,520461 0,002525
третьелинейцы 5,129899 0,003680
кардифф 4,031286 0,002892
укус 5,129899 0,003680
английского 2,932674 0,002104
фотографии 3,183989 0,002284
выше 1,664163 0,001194
стероид 5,129899 0,003680
савелия 4,031286 0,002892
седьмого 4,031286 0,002892
игроком 1,762603 0,001264
горько 5,129899 0,003680
барановского 5,129899 0,003680
российском 2,732003 0,001960
регбист 4,436752 0,028645
меня 1,518981 0,001090
надежда 3,338139 0,002395
олимп 1,762603 0,002529
сборные 0,839439 0,001807
мотов 5,129899 0,003680
вознюк 5,129899 0,007360
команда 0,663991 0,000953
игроки 0,986764 0,000708
лучший 1,368699 0,000982
результаты 0,910391 0,001306
команде 1,258698 0,001806
трехчетвертной 5,129899 0,003680
панарин 2,357310 0,001691
матча 1,002764 0,000719
команды 0,555188 0,000797
второлинеец 5,129899 0,003680
зенит 0,895792 0,002570
данил 2,932674 0,002104
покидать 3,183989 0,002284
канале 2,421849 0,001737
значимым 4,031286 0,002892
матчи 0,773190 0,003328
команду 1,217876 0,000874
матче 0,747872 0,000536
позапрошлого 5,129899 0,003680
очка 1,574551 0,001130
сезоне 1,466337 0,003156
даниил 1,834062 0,001316
пройдут 2,644992 0,003795
акрон 1,279751 0,001836
отличные 3,520461 0,002525
грусти 4,436752 0,003183
потенциал 3,338139 0,002395
был 0,663991 0,000476
результате 1,728701 0,001240
группа 1,834062 0,001316
это 0,277868 0,000199
готовцев 5,129899 0,011040
легендарный 2,732003 0,001960
подкасте 4,031286 0,002892
станет 1,911023 0,001371
шотландия 2,490841 0,007147
сезона 1,052361 0,003775
подготовке 2,085376 0,001496
моменте 4,436752 0,003183
чувством 4,436752 0,003183
молодая 3,338139 0,002395
леон 1,797694 0,002579
нашим 3,050457 0,002188
арлекины 5,129899 0,003680
абрамов 4,031286 0,008676
надеюсь 3,338139 0,002395
хватило 2,932674 0,002104
савелий 3,338139 0,007184
тренер 0,895792 0,001285
михаил 1,392229 0,000999
монино 5,129899 0,003680
дамир 3,743604 0,005371
сентября 1,069456 0,003069
глубокой 4,031286 0,002892
новости 0,301585 0,000649
супругу 4,436752 0,003183
com 0,925206 0,001327
регбиста 4,436752 0,003183
нхл 0,925206 0,001991
mail 1,301257 0,001867
сыграют 2,490841 0,001787
дальше 1,492313 0,001071
турнир 0,699082 0,001504
фонбет 1,466337 0,002104
стрелы 4,031286 0,008676
благодарности 5,129899 0,003680
пенза 4,031286 0,002892
новом 1,994404 0,001431
почему 1,122566 0,001611
использования 0,393700 0,000282
пополнили 2,732003 0,001960
енисей 2,421849 0,001737
вернулся 1,911023 0,001371
нарвскую 5,129899 0,003680
клермон 5,129899 0,003680
карьере 1,994404 0,001431
столб 4,436752 0,003183
глостера 4,436752 0,003183
скарлетс 5,129899 0,007360
молодых 2,564949 0,001840
погибли 4,031286 0,005784
когда 0,652562 0,000468
прибыл 3,743604 0,002686
забавные 5,129899 0,003680
уверен 2,644992 0,001897
вверх 2,421849 0,001737
регбисты 4,436752 0,003183
ван 2,296685 0,003295
сэйл 5,129899 0,003680
важной 3,338139 0,002395
оренбург 1,323236 0,001898
казанской 4,031286 0,002892
первым 1,238078 0,002664
эдинбург 5,129899 0,011040
капустянский 5,129899 0,003680
тулузой 5,129899 0,003680
игровые 1,603538 0,005752
защитник 1,574551 0,001130
тренерский 2,185460 0,001568
карьеры 2,085376 0,001496
назад 1,140915 0,000818
первый 0,687247 0,000493
пост 2,134166 0,003062
одолел 2,932674 0,002104
карьеру 1,518981 0,007628
февраля 0,232059 0,000499
славы 2,085376 0,001496
пять 1,368699 0,000982
главного 1,728701 0,003720
виталий 2,564949 0,003680
признательностью 5,129899 0,003680
славу 3,743604 0,005371
суббота 3,520461 0,002525
тогда 1,466337 0,001052
завершил 2,134166 0,003062
дорогими 4,436752 0,003183
компания 1,279751 0,001836
капитан 1,871802 0,001343
беседовали 4,436752 0,003183
вас 2,564949 0,003680
получился 4,031286 0,002892
переход 2,490841 0,001787
высшей 2,421849 0,001737
московского 2,296685 0,001648
матчей 0,940244 0,000674
против 0,747872 0,001073
именно 1,492313 0,001071
другие 0,384967 0,001933
прошлого 2,357310 0,001691
вва 5,129899 0,022080
империя 3,743604 0,002686
интервью 0,971016 0,000697
где 0,675551 0,000485
стрела 4,031286 0,002892
раскрыть 2,564949 0,001840
компании 1,301257 0,000933
событие 3,050457 0,002188
использование 1,104547 0,001585
тура 1,728701 0,004960
англия 1,574551 0,002259
пора 2,827314 0,002028
стрелу 5,129899 0,018400
англию 3,743604 0,002686
попытками 4,436752 0,003183
рекомендаций 1,871802 0,004028
рубин 1,217876 0,001747
участвовать 1,518981 0,001090
самым 1,392229 0,002996
стреле 5,129899 0,003680
выступал 2,421849 0,008687
самые 1,633391 0,001172
него 1,368699 0,000982
советов 1,217876 0,001747
регбистами 5,129899 0,007360
дебютном 3,183989 0,002284
главы 2,644992 0,001897
расположение 3,520461 0,002525
ак 1,695912 0,012166
сарацины 5,129899 0,003680
есть 0,812411 0,000583
балтика 1,258698 0,003612
конкуренцию 3,183989 0,002284
спорт 0,224624 0,001128
столбы 4,436752 0,003183
этом 0,565551 0,002029
прошлом 2,239527 0,001607
championship 2,644992 0,017077
нападающих 2,644992 0,003795
франция 1,122566 0,000805
этот 0,825834 0,000592
завершился 2,421849 0,001737
сказать 2,932674 0,002104
французскую 5,129899 0,003680
пастернак 5,129899 0,003680
сердце 3,050457 0,002188
заставу 5,129899 0,003680
фраиндт 5,129899 0,011040
заставы 5,129899 0,011040
франции 1,035554 0,001486
основном 1,951845 0,001400
составе 1,546380 0,003328
перехода 2,490841 0,001787
остаются 2,732003 0,001960
перешли 2,827314 0,002028
можно 1,002764 0,000719
вошел 3,520461 0,002525
сказал 1,762603 0,001264
кхл 0,760451 0,001637
россии 0,160085 0,000919
фитнес 1,574551 0,003389
наша 2,564949 0,001840
правах 2,357310 0,001691
поняли 4,436752 0,003183
регбистку 5,129899 0,003680
кубок 0,524729 0,001506
третий 1,416327 0,001016
игрок 1,258698 0,001806
цели 2,296685 0,001648
российские 1,301257 0,000933
уже 0,687247 0,001972
молодые 2,932674 0,002104
чемпионат 0,277868 0,000399
того 0,955511 0,000685
любимой 5,129899 0,003680
вы 0,325878 0,000701
кирилл 1,797694 0,006448
номинации 3,743604 0,002686
российский 1,086847 0,001559
букмекеры 1,664163 0,002388
откуда 3,520461 0,002525
заступил 4,031286 0,002892
шести 1,911023 0,004113
специалист 2,932674 0,002104
командой 1,664163 0,001194
аренды 2,296685 0,001648
металлурга 3,743604 0,002686
которую 1,728701 0,001240
пару 2,932674 0,002104
го 1,279751 0,003672
гресев 5,129899 0,014720
виктор 1,574551 0,004518
пари 1,301257 0,001867
европы 0,524729 0,000376
свое 2,490841 0,001787
января 0,825834 0,013033
рассказала 2,296685 0,001648
рбк 1,797694 0,001290
штаб 1,797694 0,001290
эйфория 5,129899 0,003680
здесь 1,911023 0,001371
говорила 4,436752 0,003183
поступательное 5,129899 0,003680
игорь 1,951845 0,002800
казахстан 1,301257 0,002800
сообщении 5,129899 0,003680
байбурин 5,129899 0,014720
большая 1,069456 0,000767
до 0,239550 0,000172
бет 1,834062 0,002631
пятью 3,338139 0,002395
жлутков 5,129899 0,003680
другой 1,492313 0,001071
помощника 3,183989 0,002284
двух 1,002764 0,000719
смогут 3,520461 0,002525
россиянином 4,031286 0,005784
бенеттон 4,436752 0,003183
шахов 5,129899 0,003680
российских 1,323236 0,000949
присоединился 3,520461 0,002525
эмоции 3,338139 0,002395
словами 3,183989 0,002284
кубка 0,825834 0,002370
клуб 0,940244 0,002023
классическому 3,520461 0,002525
vk 1,441019 0,001034
энергии 3,743604 0,002686
продлила 3,743604 0,005371
для 0,146292 0,000210
турнирная 1,441019 0,002067
консультанта 5,129899 0,003680
же 0,925206 0,000664
кроме 1,368699 0,000982
бороться 2,185460 0,001568
захар 4,031286 0,005784
новокузнецкого 4,436752 0,003183
поднялись 4,436752 0,003183
мото 1,574551 0,003389
нижний 1,159607 0,001664
новик 5,129899 0,003680
чемпионата 0,735450 0,001055
ростов 1,002764 0,001439
оба 1,911023 0,001371
чемпионате 1,178655 0,003382
объяснил 1,797694 0,001290
юар 2,490841 0,001787
после 0,317714 0,000684
что 0,239550 0,000687
краснодар 0,925206 0,001327
букмекеров 1,198073 0,004297
морозов 2,732003 0,003920
за 0,125952 0,001084
сыгранности 4,031286 0,002892
победил 1,279751 0,000918
кулешов 4,031286 0,002892
неожиданность 5,129899 0,003680
рейтинг 0,565551 0,002840
бота 5,129899 0,007360
глазго 3,520461 0,005051
было 0,438551 0,000315
воспринимали 5,129899 0,003680
ходу 1,834062 0,002631
локомотива 2,185460 0,006271
зяблицев 5,129899 0,003680
двумя 1,664163 0,001194
гари 4,436752 0,006365
никита 1,603538 0,003451
свободным 3,520461 0,002525
левый 2,564949 0,001840
технологиях 1,911023 0,004113
пройдет 2,421849 0,001737
была 0,652562 0,000468
набрал 2,185460 0,001568
бетсити 1,633391 0,002343
чазов 5,129899 0,007360
винлайн 1,834062 0,002631
регбистов 4,436752 0,009548
дисквалифицировали 2,827314 0,004056
организм 4,031286 0,005784
из 0,106018 0,000684
слабодкин 5,129899 0,014720
семейным 5,129899 0,007360
еврокубки 1,546380 0,003328
тему 1,664163 0,001194
наш 2,357310 0,001691
групповой 2,085376 0,001496
может 0,630089 0,000904
их 0,799165 0,000573
проявившие 5,129899 0,003680
больше 0,812411 0,001166
андреевич 4,031286 0,002892
беларусь 1,368699 0,002946
домой 2,932674 0,002104
удовольствием 2,932674 0,002104
кравцов 5,129899 0,003680
хоккей 0,376309 0,001350
спартак 0,786093 0,001128
егор 2,085376 0,001496
гюнтер 5,129899 0,007360
передать 3,520461 0,002525
полуфинале 2,038856 0,001463
обстоятельствам 4,436752 0,006365
кароннов 5,129899 0,007360
казань 1,345709 0,000965
регбийного 4,436752 0,006365
обратная 1,441019 0,003101
риа 1,466337 0,001052
телеграм 3,050457 0,002188
цска 0,711058 0,002550
актуальные 1,834062 0,001316
движение 2,185460 0,001568
год 0,687247 0,001479
контракт 1,518981 0,001090
калининграда 5,129899 0,003680
матч 0,411400 0,000590
пожаловать 3,338139 0,004789
размышляю 5,129899 0,003680
октября 1,086847 0,000780
приветствовать 5,129899 0,003680
ирландия 2,421849 0,005212
клубе 1,951845 0,001400
лыжный 1,728701 0,003720
двое 2,564949 0,001840
клуба 1,178655 0,001691
разгромили 3,338139 0,002395
который 0,799165 0,001147
лайонс 5,129899 0,018400
клубы 1,392229 0,000999
которым 1,518981 0,001090
вуурен 5,129899 0,007360
ла 1,762603 0,001264
динамо 0,663991 0,007621
крылья 1,258698 0,001806
перспектива 5,129899 0,003680
родной 3,338139 0,002395
ли 1,198073 0,001719
московскую 4,031286 0,002892
слабодкина 5,129899 0,003680
дтп 4,031286 0,005784
стормерс 5,129899 0,014720
многократная 4,031286 0,002892
занес 5,129899 0,014720
вместе 1,178655 0,000846
страны 1,052361 0,000755
игрокам 1,951845 0,001400
рады 3,520461 0,002525
чемпионка 1,911023 0,001371
иван 1,951845 0,001400
лиги 0,895792 0,000643
уступил 1,994404 0,001431
будет 0,825834 0,001777
место 0,597299 0,000428
александровича 5,129899 0,003680
регион 2,732003 0,001960
чемпионом 1,122566 0,001611
перешел 2,490841 0,008934
лига 0,402511 0,002021
рассказал 1,238078 0,000888
закончить 4,436752 0,003183
мх 1,728701 0,002480
попытки 2,421849 0,001737
благодаря 1,441019 0,001034
менялись 3,050457 0,002188
мы 0,925206 0,001327
летний 1,834062 0,007894
московское 2,564949 0,001840
на 0,023953 0,000137
отчёт 3,743604 0,002686
победила 1,762603 0,001264
топ 1,238078 0,001776
состав 1,238078 0,000888
коннахт 5,129899 0,003680
тот 1,416327 0,001016
тренера 1,546380 0,003328
барс 1,695912 0,012166
не 0,099461 0,000428
календарь 0,735450 0,001055
дублин 5,129899 0,003680
суперкубка 2,932674 0,002104
сложно 2,134166 0,001531
bettery 1,871802 0,002686
наполняется 5,129899 0,003680
но 0,402511 0,000577
rugby 3,743604 0,024170
водные 0,867219 0,001866
сервисов 1,834062 0,001316
таблица 0,925206 0,001327
три 0,786093 0,000564
победили 1,951845 0,002800
евгений 1,258698 0,001806
обладателем 2,296685 0,001648
уровне 1,695912 0,001217
выдерживает 4,031286 0,002892
об 0,217244 0,000468
составить 3,183989 0,002284
встретится 3,183989 0,002284
владислав 2,185460 0,001568
попытку 3,183989 0,009136
он 0,534779 0,001535
чемпион 0,867219 0,000622
вами 2,827314 0,002028
году 0,630089 0,000904
трофеи 2,827314 0,002028
тренировочному 5,129899 0,003680
от 0,160085 0,000115
завершении 2,827314 0,004056
ушел 2,239527 0,001607
бокс 0,576022 0,001240
катание 0,534779 0,001151
шаркс 4,436752 0,009548
хочет 2,357310 0,003382
завершила 2,644992 0,001897
шторм 5,129899 0,007360
как 0,232059 0,000333
дебютную 4,436752 0,003183
все 0,125952 0,000542
францией 4,436752 0,003183
премьер 1,217876 0,004368
pari 1,603538 0,002301
по 0,073653 0,000845
ступеньку 5,129899 0,003680
контракты 2,732003 0,009799
созонова 5,129899 0,007360
очень 1,140915 0,000818
вничью 1,797694 0,001290
отличился 3,183989 0,002284
игроками 1,695912 0,001217
чемпионов 0,652562 0,001404
тулона 5,129899 0,003680
принято 1,871802 0,001343
какое 3,050457 0,002188
активно 2,239527 0,001607
сыграли 2,421849 0,001737
условия 0,411400 0,000295
