рф 1,871802 0,002516
экспорт 0,986764 0,000663
lccn 1,492313 0,001003
водно 1,762603 0,001185
играх 0,699082 0,000940
снарядах 4,031286 0,005418
см 0,955511 0,001926
tatarça 1,392229 0,000936
日本語 1,035554 0,000696
со 0,447767 0,000602
профессионально 3,743604 0,002516
воду 1,492313 0,001003
slovenščina 1,345709 0,000904
парусный 1,574551 0,001058
заявление 0,867219 0,000583
юношей 2,932674 0,003942
пом 1,695912 0,001140
таких 1,762603 0,001185
фрески 5,129899 0,003448
частности 1,994404 0,001340
колесницах 5,129899 0,003448
одна 1,392229 0,000936
содержание 0,971016 0,001305
eesti 1,069456 0,000719
лет 0,475938 0,000640
влияла 5,129899 0,003448
مصرى 1,546380 0,001039
čeština 1,035554 0,000696
такие 1,518981 0,001021
викисклад 1,035554 0,001392
превратились 3,520461 0,002366
имеются 3,520461 0,002366
учебное 4,436752 0,002982
времен 3,743604 0,002516
корфбол 1,762603 0,001185
каноэ 1,633391 0,001098
конфиденциальности 0,317714 0,000214
lëtzebuergesch 1,762603 0,001185
wikipedia 0,986764 0,001326
стика 4,436752 0,002982
gnd 1,392229 0,000936
a 1,392229 0,000936
акробатика 3,338139 0,004487
соколовский 5,129899 0,003448
h 2,490841 0,001674
j 1,466337 0,000985
дмитрия 2,644992 0,001778
каната 1,762603 0,001185
ушу 1,728701 0,001162
состоялся 1,664163 0,001118
викиновости 1,238078 0,000832
u 1,345709 0,000904
w 0,955511 0,000642
හල 1,834062 0,001233
также 0,663991 0,001339
العربية 1,069456 0,000719
индии 3,338139 0,004487
продолжала 3,520461 0,002366
фризский 1,762603 0,001185
осуществлением 5,129899 0,003448
разной 4,436752 0,002982
библиографических 1,323236 0,000889
разработчики 0,986764 0,000663
закавказья 5,129899 0,003448
траве 1,466337 0,001971
норвежская 1,603538 0,001078
риме 2,644992 0,001778
массовости 3,743604 0,002516
почтовая 2,421849 0,017903
украины 1,797694 0,001208
правки 0,986764 0,001326
студентов 2,732003 0,001836
себя 0,940244 0,000632
tolışi 1,871802 0,001258
спорта 0,342407 0,001151
баскская 1,762603 0,001185
системе 0,867219 0,000583
система 1,695912 0,001140
каталогах 1,323236 0,000889
спорти 5,129899 0,003448
проектах 0,986764 0,000663
могут 0,760451 0,000511
việt 1,140915 0,000767
отказ 0,910391 0,000612
сохранением 0,986764 0,000663
спортс 1,871802 0,001258
длину 2,564949 0,001724
дзюдо 1,466337 0,000985
языческие 4,436752 0,002982
синхронное 1,664163 0,001118
иметь 2,239527 0,001505
касьяника 5,129899 0,003448
гонки 1,002764 0,002022
участвовали 2,421849 0,003255
последний 0,773190 0,000520
некоторым 3,520461 0,002366
некоторые 1,416327 0,000952
июля 1,035554 0,002088
военная 3,743604 0,002516
pdf 0,940244 0,000632
участием 1,518981 0,001021
описание 0,986764 0,000663
magazine 3,520461 0,002366
спортивной 1,416327 0,012374
bahasa 1,086847 0,001461
системах 5,129899 0,003448
всевобуча 4,031286 0,002709
применялись 3,520461 0,004732
российской 1,178655 0,001584
lietuvių 1,140915 0,000767
членом 3,183989 0,002140
современной 2,490841 0,003348
современное 1,574551 0,001058
стрельба 1,492313 0,002006
словари 1,217876 0,000818
сквош 1,728701 0,001162
вклад 0,971016 0,000653
indonesia 1,086847 0,000730
текст 0,986764 0,000663
проводиться 2,038856 0,001370
esperanto 1,198073 0,000805
кольца 3,183989 0,002140
греков 4,031286 0,002709
систему 2,732003 0,001836
века 1,441019 0,000968
перейти 0,867219 0,001166
подготовка 2,644992 0,001778
веке 1,994404 0,001340
одним 1,416327 0,000952
скелетон 1,258698 0,000846
українська 1,035554 0,000696
веков 2,932674 0,001971
лякросс 1,762603 0,001185
xviii 2,421849 0,001628
подготовки 1,633391 0,002195
академика 4,436752 0,002982
урбанович 5,129899 0,003448
западной 2,732003 0,001836
прикладная 4,436752 0,008945
рэкетс 1,728701 0,001162
ответственности 0,971016 0,000653
художеств 5,129899 0,003448
опорных 4,436752 0,008945
опорный 4,436752 0,008945
занимались 4,436752 0,002982
php 0,986764 0,000663
шорт 1,086847 0,000730
опорные 4,436752 0,002982
бадминтон 1,546380 0,001039
европейские 2,038856 0,001370
com 0,925206 0,000622
мире 1,198073 0,000805
гимнастические 4,031286 0,013546
горнолыжный 1,301257 0,000875
мира 0,367725 0,001236
pages 0,986764 0,000663
solly 5,129899 0,003448
frysk 1,762603 0,001185
гэльский 1,762603 0,001185
известна 2,732003 0,001836
ব 1,416327 0,000952
гандбол 1,178655 0,002376
ল 1,416327 0,000952
средством 4,436752 0,002982
копья 4,031286 0,002709
проводятся 1,574551 0,002116
svenska 1,035554 0,000696
годов 1,301257 0,000875
иллюстрированный 4,436752 0,002982
йога 4,436752 0,002982
рцхиладзе 5,129899 0,003448
моторный 1,762603 0,001185
куки 0,971016 0,000653
школьников 3,743604 0,002516
имели 2,357310 0,001584
гимнастических 4,436752 0,014908
ссср 0,940244 0,008214
доступен 0,971016 0,000653
будо 1,762603 0,001185
башкирская 3,743604 0,002516
нашей 1,994404 0,001340
престижный 4,031286 0,002709
media 3,050457 0,002050
высоты 3,520461 0,002366
свидетельствующие 5,129899 0,003448
состоялись 2,564949 0,001724
фехтование 1,546380 0,001039
лечебных 5,129899 0,006895
именами 4,031286 0,002709
перетягивание 1,762603 0,001185
международной 1,345709 0,000904
так 0,597299 0,000401
целью 1,797694 0,001208
там 1,603538 0,001078
повязок 5,129899 0,003448
французский 1,392229 0,000936
interlingua 1,603538 0,001078
федерация 1,002764 0,003370
картин 5,129899 0,003448
примечания 1,002764 0,001348
interlingue 2,239527 0,001505
где 0,675551 0,000908
meilan 5,129899 0,003448
других 0,853233 0,001147
сообщить 0,799165 0,000537
пятиборье 1,574551 0,001058
федерации 0,663991 0,000446
культуры 1,834062 0,002465
скалолазание 1,728701 0,001162
делали 3,743604 0,002516
воспитания 3,050457 0,004100
конный 1,664163 0,001118
спорт 0,224624 0,001057
мобильная 0,608110 0,000409
english 0,925206 0,000622
марка 2,038856 0,015072
справочник 2,564949 0,001724
протяжении 1,951845 0,001312
suomi 1,052361 0,000707
памятники 4,436752 0,002982
известных 2,085376 0,001401
джорджадзе 5,129899 0,003448
плохо 3,050457 0,002050
основной 1,834062 0,001233
художественная 1,633391 0,003293
стала 0,881403 0,000592
стали 0,971016 0,001305
română 1,122566 0,000754
миронов 3,520461 0,002366
français 1,019025 0,000685
элемент 0,955511 0,000642
nkc 1,574551 0,001058
щитом 4,031286 0,002709
проходил 2,185460 0,001469
впервые 0,839439 0,001128
oʻzbekcha 1,140915 0,000767
мужском 2,644992 0,001778
женщины 0,881403 0,000592
раз 0,504926 0,000339
чемпионат 0,277868 0,000934
спортивных 1,279751 0,000860
ўзбекча 1,140915 0,000767
случайная 0,986764 0,000663
изображает 4,031286 0,002709
тех 1,217876 0,000818
постоянная 0,986764 0,000663
указанием 0,986764 0,000663
версия 0,485508 0,000979
воспитание 4,031286 0,002709
европы 0,524729 0,001058
поло 1,441019 0,001937
без 0,466460 0,000313
дома 1,695912 0,001140
знак 0,986764 0,000663
гимнасты 5,129899 0,010343
брусьях 5,129899 0,010343
австралийский 1,728701 0,001162
егнатошвили 5,129899 0,003448
бег 2,827314 0,001900
верховую 5,129899 0,003448
включали 4,031286 0,002709
прыгали 5,129899 0,003448
виды 0,773190 0,001559
направлений 3,183989 0,002140
период 1,159607 0,000779
медиафайлы 1,217876 0,001637
galego 1,178655 0,000792
короткий 0,971016 0,000653
ассирийцев 5,129899 0,003448
духовные 4,031286 0,002709
нравственное 5,129899 0,003448
случаях 0,971016 0,000653
вольных 4,436752 0,008945
ред 1,603538 0,001078
кодекс 0,971016 0,000653
движением 5,129899 0,003448
расцвета 4,031286 0,002709
статьи 0,524729 0,001058
бегали 5,129899 0,003448
вольные 5,129899 0,010343
бобслей 1,238078 0,000832
чемпионаты 1,574551 0,001058
посвящённая 3,743604 0,002516
своеобразные 5,129899 0,003448
tokyo 3,338139 0,002243
служебные 0,986764 0,000663
статья 0,986764 0,001326
языках 0,986764 0,000663
wikimedia 0,986764 0,000663
лыжах 1,178655 0,000792
чемпионату 2,732003 0,001836
широко 2,644992 0,001778
свободной 0,986764 0,000663
применялась 4,436752 0,002982
учебник 3,050457 0,002050
карате 1,728701 0,001162
исцеление 5,129899 0,003448
ελληνικά 1,086847 0,000730
кожаных 4,436752 0,002982
получить 0,747872 0,000503
связанные 0,881403 0,000592
viii 2,932674 0,001971
вузов 4,031286 0,002709
отредактирована 0,986764 0,000663
melayu 1,368699 0,000920
основана 2,564949 0,001724
creative 0,986764 0,000663
nederlands 1,019025 0,000685
времени 1,140915 0,000767
italiano 1,035554 0,000696
год 0,687247 0,005080
айсшток 1,728701 0,001162
международный 1,258698 0,000846
кузнецов 2,421849 0,001628
հայերեն 1,198073 0,000805
euskara 1,122566 0,000754
поэтому 1,392229 0,000936
commons 0,986764 0,000663
српскохрватски 1,416327 0,000952
командном 2,296685 0,001543
учётную 0,986764 0,000663
bokmål 1,069456 0,000719
текущие 0,940244 0,000632
серого 4,436752 0,002982
входили 3,050457 0,002050
глима 1,762603 0,001185
создать 0,825834 0,000555
такой 1,664163 0,001118
руку 2,644992 0,001778
международных 1,492313 0,001003
свяжитесь 0,986764 0,000663
используются 1,994404 0,001340
печать 0,986764 0,000663
летние 1,238078 0,004992
спартакиады 3,743604 0,002516
смягчающих 5,129899 0,003448
пелота 1,728701 0,001162
олимпиаде 0,895792 0,000602
фонд 0,940244 0,000632
основная 1,323236 0,000889
обсуждение 0,881403 0,001185
наиболее 1,466337 0,000985
рамках 1,518981 0,001021
организации 0,812411 0,000546
товарный 0,986764 0,000663
история 0,555188 0,001492
снаряды 3,520461 0,007098
history 1,762603 0,001185
российская 0,799165 0,001611
ழ 1,492313 0,001003
печати 0,955511 0,000642
бой 2,134166 0,002869
название 1,178655 0,000792
поиск 0,735450 0,000494
прыжках 2,827314 0,005700
условий 0,881403 0,000592
oldid 0,986764 0,000663
лыжи 1,019025 0,000685
катание 0,534779 0,000359
как 0,232059 0,000936
исторических 3,338139 0,002243
существовали 3,338139 0,002243
ежегодный 3,743604 0,002516
трамплина 1,159607 0,000779
тарашкевіца 1,198073 0,000805
брэ 4,031286 0,002709
этого 0,881403 0,000592
cymraeg 1,574551 0,001058
авторства 0,986764 0,000663
проводились 1,603538 0,001078
использовались 2,827314 0,001900
существовала 3,743604 0,002516
второй 0,786093 0,000528
многих 1,546380 0,001039
условия 0,411400 0,000553
книгах 4,031286 0,002709
català 1,086847 0,000730
dansk 1,069456 0,000719
uyghurche 2,644992 0,001778
новые 0,747872 0,000503
ещё 0,420369 0,000848
конь 4,031286 0,005418
чемпионатах 1,574551 0,001058
теннис 0,495170 0,000666
xxii 3,338139 0,002243
бакрадзе 5,129899 0,003448
фигурное 0,534779 0,000359
финский 1,633391 0,001098
просмотры 0,986764 0,000663
коне 5,129899 0,006895
физического 3,050457 0,004100
فارسی 1,104547 0,000742
осипов 3,520461 0,002366
видам 2,038856 0,002740
помощью 2,185460 0,001469
беларуская 1,069456 0,001437
боковой 3,183989 0,002140
а 0,209918 0,001129
б 1,466337 0,001971
в 0,017911 0,000794
г 0,925206 0,001865
викимедиа 0,986764 0,000663
д 0,895792 0,001204
е 0,867219 0,001748
древнегреческой 5,129899 0,003448
копии 2,932674 0,001971
и 0,023953 0,000354
политика 0,239550 0,000161
й 0,825834 0,001665
к 0,132686 0,000446
л 2,038856 0,002740
велоспорт 1,178655 0,000792
м 0,534779 0,003235
н 0,895792 0,005418
azərbaycanca 1,258698 0,000846
альпинизм 1,323236 0,000889
о 0,042302 0,000057
п 1,086847 0,002191
с 0,036149 0,000607
она 0,825834 0,000555
педагогов 5,129899 0,003448
скейтбординг 1,762603 0,001185
т 1,368699 0,001840
у 0,342407 0,000920
китае 2,932674 0,005913
х 0,986764 0,000663
дополнительные 0,986764 0,000663
какие 2,134166 0,001434
скачать 0,895792 0,001204
они 0,760451 0,001533
заглавная 0,986764 0,000663
э 2,296685 0,004630
ю 1,834062 0,002465
вная 5,129899 0,003448
футбол 0,285712 0,000960
атлетика 1,052361 0,001414
by 0,971016 0,000653
регби 0,955511 0,001284
русский 0,839439 0,000564
персов 5,129899 0,003448
cc 0,986764 0,000663
мячом 1,104547 0,000742
время 0,384967 0,000259
практики 3,520461 0,002366
поведения 0,895792 0,000602
каталанская 1,695912 0,001140
алфавиту 1,159607 0,000779
ресурсы 1,104547 0,000742
атлетическая 4,031286 0,002709
западноевропейских 5,129899 0,003448
представились 0,986764 0,000663
народов 3,743604 0,007548
рисунки 4,436752 0,002982
粵語 1,178655 0,000792
викиданных 0,986764 0,000663
தம 1,492313 0,001003
появляется 3,050457 0,002050
рус 1,368699 0,001840
популярное 5,129899 0,003448
викискладе 1,217876 0,001637
сноуборд 1,238078 0,000832
олимпийские 0,895792 0,005418
хёрлинг 1,762603 0,001185
соревнованиях 1,159607 0,000779
читать 0,586604 0,000394
игр 0,367725 0,000741
англ 1,159607 0,002338
датская 1,518981 0,001021
всех 0,652562 0,000439
волейбол 1,019025 0,000685
древних 4,031286 0,005418
title 0,986764 0,000663
олимпийских 0,799165 0,001611
плавание 1,198073 0,001610
биатлон 0,534779 0,000359
пожертвовать 0,986764 0,000663
поиску 0,971016 0,000653
кольцах 4,436752 0,002982
ссылка 0,786093 0,000528
основу 2,932674 0,001971
ссылки 0,839439 0,003385
lingála 3,050457 0,002050
всесоюзная 4,436752 0,002982
srpskohrvatski 1,416327 0,000952
жилинского 5,129899 0,003448
中文 1,035554 0,000696
астафьев 4,436752 0,002982
академии 2,490841 0,001674
кругосвет 1,994404 0,001340
эры 2,644992 0,001778
становление 3,743604 0,002516
москве 1,518981 0,002042
русской 3,183989 0,002140
отдельных 0,986764 0,000663
греции 2,732003 0,003672
эстетическая 4,436752 0,002982
https 0,699082 0,000470
филателии 3,183989 0,004280
квадах 1,762603 0,001185
татарча 1,392229 0,000936
tiếng 1,140915 0,000767
עברית 1,052361 0,000707
index 0,986764 0,000663
эта 0,867219 0,000583
отдельным 4,031286 0,002709
утром 3,520461 0,002366
избранные 0,971016 0,000653
проводится 1,546380 0,001039
которой 1,238078 0,000832
энциклопедический 3,050457 0,002050
египтян 5,129899 0,003448
рабочей 4,031286 0,002709
состязания 2,490841 0,001674
езду 4,436752 0,002982
упражнениях 3,743604 0,007548
крикет 1,762603 0,001185
древнем 3,520461 0,002366
связано 2,134166 0,002869
древней 3,183989 0,002140
всесоюзной 4,031286 0,002709
перекладине 5,129899 0,003448
это 0,277868 0,000187
запретили 3,183989 0,002140
триатлон 1,633391 0,001098
код 0,986764 0,007295
гимна 3,183989 0,002140
лука 1,198073 0,000805
прыжок 2,827314 0,005700
gaeilge 1,951845 0,001312
спортсменов 0,786093 0,001057
тяжёлая 1,633391 0,001098
этих 1,301257 0,000875
меньшикова 5,129899 0,003448
url 0,986764 0,000663
бревно 5,129899 0,003448
smithsonian 4,436752 0,002982
гантелями 4,031286 0,002709
бревне 5,129899 0,003448
состязаний 2,932674 0,001971
половине 1,911023 0,001284
войти 0,735450 0,000494
спортивно 2,932674 0,001971
гольф 1,574551 0,001058
производственная 4,436752 0,002982
пособие 4,031286 0,002709
қазақша 1,178655 0,000792
колтановского 5,129899 0,003448
байдарках 1,603538 0,001078
использования 0,393700 0,000265
bnf 1,834062 0,001233
international 2,357310 0,001584
инструменты 0,986764 0,001326
программе 1,834062 0,001233
ئۇيغۇرچە 2,644992 0,001778
гавриловой 5,129899 0,003448
первые 0,971016 0,001305
обращения 0,925206 0,001865
минск 1,834062 0,001233
игры 0,376309 0,001770
техника 2,134166 0,001434
февраля 0,232059 0,000156
ошибке 0,955511 0,000642
ස 1,834062 0,001233
события 0,663991 0,000446
поскольку 1,728701 0,001162
соревнования 0,663991 0,002677
of 1,695912 0,001140
deutsch 1,052361 0,000707
исключённые 1,762603 0,001185
лёгкая 1,238078 0,000832
прыжки 1,019025 0,003424
rumantsch 2,564949 0,001724
самый 1,416327 0,000952
служили 4,436752 0,002982
чемпионатов 1,416327 0,000952
брусья 5,129899 0,006895
вечером 4,031286 0,002709
материал 0,825834 0,000555
скиджоринг 1,762603 0,001185
скиинг 1,762603 0,001185
ph 1,762603 0,001185
кулачный 4,436752 0,002982
империи 2,296685 0,001543
молодёжи 3,050457 0,002050
планёрный 1,762603 0,001185
навигация 0,986764 0,001326
страница 0,940244 0,001264
лицензии 0,986764 0,000663
странице 0,971016 0,000653
борьба 1,002764 0,001348
твёрдых 4,436752 0,002982
запись 0,955511 0,000642
навигации 0,986764 0,000663
qr 0,986764 0,000663
правила 0,910391 0,000612
многоборья 3,520461 0,004732
многоборью 4,031286 0,005418
страницу 0,971016 0,000653
гимнастику 3,743604 0,002516
борьбу 2,357310 0,001584
ancient 3,743604 0,002516
санный 1,301257 0,000875
гимнастики 4,031286 0,021674
страницы 0,971016 0,001305
гимнастике 3,743604 0,017611
зимние 1,159607 0,000779
фристайл 1,279751 0,000860
гигиеническая 4,436752 0,002982
гимнастика 1,238078 0,027457
водное 1,492313 0,001003
собачьих 1,762603 0,001185
hrvatski 1,052361 0,000707
женщин 1,368699 0,002759
россии 0,160085 0,000108
ru 0,285712 0,000192
действовать 0,955511 0,000642
роке 1,762603 0,001185
упряжках 1,762603 0,001185
ритмическая 4,436752 0,002982
кубок 0,524729 0,000353
во 0,495170 0,000333
sa 0,986764 0,000663
мужчин 1,492313 0,001003
дата 0,881403 0,001777
greece 5,129899 0,003448
nynorsk 1,546380 0,001039
sh 1,797694 0,001208
внешние 1,122566 0,000754
включающий 5,129899 0,003448
вы 0,325878 0,000219
español 1,019025 0,000685
просто 1,492313 0,001003
спид 1,762603 0,001185
литература 1,695912 0,002279
гл 3,050457 0,002050
энциклопедии 0,986764 0,001326
конца 1,546380 0,001039
кёрлинг 1,279751 0,000860
целях 2,732003 0,003672
языческую 5,129899 0,003448
энциклопедия 2,239527 0,003010
китайских 4,031286 0,002709
associated 0,986764 0,000663
января 0,825834 0,000555
български 1,086847 0,000730
to 2,038856 0,001370
персональные 0,971016 0,000653
демиденко 5,129899 0,003448
брейкинг 1,762603 0,001185
настольный 1,238078 0,000832
де 0,955511 0,000642
большая 1,069456 0,003594
шайбой 1,122566 0,000754
американский 1,258698 0,000846
до 0,239550 0,000483
др 2,490841 0,001674
зарегистрированный 0,986764 0,000663
многочисленные 3,338139 0,002243
сюда 0,986764 0,000663
трек 1,159607 0,000779
цитировать 0,986764 0,000663
перекладина 4,031286 0,002709
параллельных 3,520461 0,002366
регулярно 1,871802 0,001258
тышко 5,129899 0,003448
лыжное 1,279751 0,000860
norsk 1,052361 0,001414
гимнастического 4,436752 0,002982
баскетбол 0,773190 0,000520
упражнения 2,827314 0,015201
параллельные 4,436752 0,002982
для 0,146292 0,000492
гребля 1,518981 0,002042
флаг 1,279751 0,000860
вид 1,104547 0,001485
diletant 5,129899 0,003448
религии 5,129899 0,003448
тренеров 1,728701 0,001162
polski 1,035554 0,000696
освоить 4,031286 0,002709
переходила 4,031286 0,002709
ибадулаева 5,129899 0,003448
батуте 1,728701 0,001162
что 0,239550 0,000483
кулаках 4,436752 0,002982
править 0,986764 0,014589
за 0,125952 0,000169
упражнение 4,031286 0,002709
жё 1,728701 0,001162
софтбол 1,695912 0,001140
упражнений 3,050457 0,006150
секция 3,183989 0,002140
org 0,986764 0,000663
подробнее 0,723179 0,000486
настоящее 1,797694 0,001208
всемирной 3,338139 0,002243
была 0,652562 0,001316
советские 2,732003 0,003672
женском 2,038856 0,001370
корейской 2,239527 0,001505
из 0,106018 0,000285
победителей 2,085376 0,001401
диска 3,743604 0,002516
советских 2,827314 0,001900
показательные 1,466337 0,000985
журавин 5,129899 0,003448
скрытые 1,122566 0,000754
источниках 3,338139 0,002243
хоккей 0,376309 0,001012
первенства 1,951845 0,001312
двоеборье 1,217876 0,000818
разновысокие 5,129899 0,003448
ряде 2,421849 0,001628
ски 1,069456 0,000719
первенстве 1,994404 0,001340
пер 3,520461 0,002366
культивировались 4,436752 0,002982
искусстве 3,338139 0,004487
указывается 4,436752 0,002982
гавердовский 5,129899 0,003448
лыжные 1,140915 0,000767
foundation 0,986764 0,000663
который 0,799165 0,000537
конькобежный 1,238078 0,000832
победителями 2,357310 0,001584
например 1,603538 0,002155
türkçe 1,052361 0,000707
спортивная 1,159607 0,014028
gymnastics 4,031286 0,002709
cebuano 2,932674 0,001971
한국어 1,035554 0,000696
помогающие 4,031286 0,002709
стран 1,546380 0,001039
му 3,743604 0,002516
начале 1,301257 0,000875
гимнастическому 5,129899 0,003448
свежие 0,910391 0,000612
римлян 4,031286 0,002709
начала 1,238078 0,000832
участие 0,597299 0,000401
крокет 1,762603 0,001185
на 0,023953 0,000402
gymmedia 5,129899 0,003448
старая 1,368699 0,000920
не 0,099461 0,000201
from 2,827314 0,001900
ссылками 1,159607 0,000779
метание 4,031286 0,002709
архивной 3,183989 0,002140
но 0,402511 0,000271
дмитриева 3,743604 0,002516
описанная 5,129899 0,003448
xix 1,834062 0,002465
водные 0,867219 0,000583
бейсбол 1,466337 0,001971
воинов 4,031286 0,002709
нами 0,853233 0,000573
международная 1,301257 0,002624
об 0,217244 0,000146
нем 2,085376 0,001401
некоммерческой 0,986764 0,000663
антверпене 3,520461 0,002366
ои 0,812411 0,048592
годы 1,258698 0,000846
справка 0,986764 0,000663
мужчины 1,019025 0,000685
развитие 1,633391 0,002195
тхэквондо 1,633391 0,001098
году 0,630089 0,002541
категории 0,986764 0,001326
всесоюзные 3,520461 0,002366
от 0,160085 0,000108
индийских 4,436752 0,002982
форум 0,881403 0,000592
древности 4,436752 0,005963
статистика 0,652562 0,000439
бокс 0,576022 0,001161
zazaki 2,239527 0,001505
википедия 0,986764 0,001326
года 0,239550 0,001610
по 0,073653 0,000594
inc 0,986764 0,000663
сведения 0,812411 0,001092
português 1,035554 0,000696
орлов 2,827314 0,001900
академическая 1,574551 0,001058
участию 2,732003 0,001836
сообщество 0,986764 0,000663
сёрфинг 1,762603 0,001185
википедии 0,986764 0,001326
термин 2,732003 0,001836
источник 0,853233 0,000573
