миксте 3,743604 0,015953
апелляции 5,129899 0,003643
лед 2,732003 0,001940
ещё 0,420369 0,000299
еще 0,955511 0,001357
теннис 0,495170 0,001055
играх 0,699082 0,007448
ответили 3,050457 0,002167
ахмат 1,217876 0,001730
заявил 1,441019 0,001023
фигурное 0,534779 0,001139
со 0,447767 0,001590
отверг 5,129899 0,003643
начисляются 3,338139 0,009483
восстановлено 5,129899 0,003643
забил 1,834062 0,002605
конфликт 2,357310 0,001674
александр 0,925206 0,000657
керлингист 5,129899 0,007287
в 0,017911 0,000547
д 0,895792 0,009543
реклама 0,735450 0,001045
встретятся 5,129899 0,003643
чехии 1,911023 0,001357
и 0,023953 0,000340
политика 0,239550 0,000510
связь 1,392229 0,002966
к 0,132686 0,000377
н 0,895792 0,001272
о 0,042302 0,000270
п 1,086847 0,001544
с 0,036149 0,000205
суд 2,827314 0,002008
проекты 1,198073 0,000851
обвинения 3,520461 0,002500
китай 2,038856 0,013032
стартует 2,490841 0,001769
авто 0,925206 0,001971
норвегии 1,728701 0,002456
репортажи 1,797694 0,001277
нарушил 3,183989 0,002261
я 0,853233 0,007272
японией 4,436752 0,003151
сочи 0,853233 0,001212
футбол 0,285712 0,001015
конфиденциальности 0,317714 0,000677
всемирная 3,050457 0,002167
сообщается 2,932674 0,002083
бум 1,911023 0,002715
задержки 5,129899 0,003643
мужского 2,357310 0,010045
дабл 3,743604 0,021270
этап 1,392229 0,011866
южную 3,338139 0,004742
камни 3,743604 0,010635
время 0,384967 0,000547
каждом 1,871802 0,005318
новгород 1,217876 0,001730
мелбет 1,762603 0,002504
проекте 1,546380 0,002197
главных 1,994404 0,001416
финале 1,633391 0,001160
сборную 1,633391 0,002320
освещением 5,129899 0,003643
италию 3,338139 0,007113
италия 0,867219 0,013550
арбитражный 5,129899 0,003643
уступили 2,421849 0,001720
соцсетях 1,466337 0,001041
сыграет 1,603538 0,002278
финального 2,932674 0,008331
кореи 2,644992 0,001879
зарубежный 1,911023 0,004072
ставок 1,664163 0,002364
соперников 1,664163 0,001182
показать 0,825834 0,000587
уступила 2,085376 0,013330
мма 1,069456 0,002279
олимпийские 0,895792 0,005726
олимпизм 1,466337 0,003124
технического 2,932674 0,002083
освещение 3,743604 0,002659
счет 1,797694 0,002554
олимпийский 0,853233 0,001818
спорта 0,342407 0,000243
южной 1,797694 0,001277
читать 0,586604 0,000417
игр 0,367725 0,000522
корею 4,031286 0,005726
прокомментировали 4,031286 0,002863
материалов 1,217876 0,001730
спланированной 5,129899 0,003643
корея 2,085376 0,002962
италии 1,002764 0,005698
спортс 1,871802 0,022600
получил 1,002764 0,000712
стороны 1,546380 0,002197
обыграла 1,911023 0,010858
группового 2,490841 0,021229
обыграли 2,296685 0,003262
дисциплине 3,183989 0,009045
очков 1,198073 0,003404
прошли 1,762603 0,015022
чехию 2,932674 0,002083
чехия 1,518981 0,004315
биатлон 0,534779 0,001139
олимпийских 0,799165 0,007379
этапа 1,664163 0,014183
локомотив 0,910391 0,001293
япония 1,994404 0,004249
одного 1,140915 0,000810
мок 1,574551 0,001118
набравшая 3,743604 0,010635
обвинил 3,743604 0,002659
сша 0,586604 0,006666
первыми 1,762603 0,001252
швейцария 1,603538 0,012528
среди 0,597299 0,000424
швейцарией 4,436752 0,003151
побеждает 3,338139 0,009483
канадский 2,564949 0,003643
дочь 3,520461 0,002500
керлинга 4,031286 0,005726
олимп 1,762603 0,002504
сборные 0,839439 0,002981
керлинге 4,436752 0,003151
атаки 2,357310 0,001674
curling 4,436752 0,006302
швейцарии 2,296685 0,004894
сравнению 2,732003 0,007761
скандал 1,871802 0,001329
карается 4,436752 0,003151
проиграл 1,633391 0,001160
команда 0,663991 0,002358
шведов 5,129899 0,007287
дания 2,085376 0,007405
керлингу 5,129899 0,091085
результаты 0,910391 0,007112
прервали 3,743604 0,002659
тасс 1,695912 0,001204
команды 0,555188 0,001972
зенит 0,895792 0,002545
очки 1,466337 0,004166
матчи 0,773190 0,013179
матче 0,747872 0,000531
камней 4,031286 0,011453
пройдут 2,644992 0,005636
золото 1,217876 0,001730
стать 1,441019 0,001023
акрон 1,279751 0,001818
слова 1,574551 0,001118
жен 2,564949 0,010930
выпускают 4,436752 0,012604
керлинг 3,183989 0,092716
двукратный 2,239527 0,001591
world 1,416327 0,002012
сообщает 1,994404 0,001416
предположил 4,436752 0,003151
леон 1,797694 0,002554
две 1,019025 0,000724
его 0,447767 0,000318
тренер 0,895792 0,000636
отказа 3,743604 0,002659
брат 3,183989 0,002261
микст 3,520461 0,010001
новости 0,301585 0,000857
нхл 0,925206 0,001971
mail 1,301257 0,000924
сыграют 2,490841 0,001769
дальше 1,492313 0,001060
турнир 0,699082 0,001986
призер 2,564949 0,001822
фонбет 1,466337 0,002083
вышли 1,797694 0,001277
действия 1,797694 0,001277
включить 3,183989 0,002261
итальянской 3,520461 0,002500
использования 0,393700 0,000280
желтую 3,743604 0,002659
германия 1,140915 0,002431
германию 2,827314 0,002008
могла 2,564949 0,001822
смешанных 2,490841 0,001769
оренбург 1,323236 0,001880
игровые 1,603538 0,003417
защитник 1,574551 0,001118
игры 0,376309 0,002673
февраля 0,232059 0,004285
эндов 4,436752 0,012604
кратный 2,644992 0,003757
пять 1,368699 0,003888
минут 1,258698 0,000894
германии 1,323236 0,001880
компания 1,279751 0,001818
соревнования 0,663991 0,000943
против 0,747872 0,000531
светом 5,129899 0,003643
другие 0,384967 0,004921
федерация 1,002764 0,000712
женского 2,490841 0,008845
интервью 0,971016 0,000690
одолела 3,520461 0,002500
блогера 4,436752 0,006302
кортина 2,490841 0,026536
компании 1,301257 0,000924
одолели 4,031286 0,002863
использование 1,104547 0,001569
прерваны 4,031286 0,002863
чемпионатов 1,416327 0,001006
рекомендаций 1,871802 0,003988
рубин 1,217876 0,001730
жертвой 4,436752 0,003151
директора 2,421849 0,001720
соревнований 0,881403 0,001252
sport 1,122566 0,000797
буллитом 5,129899 0,003643
окко 2,490841 0,001769
федерации 0,663991 0,000943
советов 1,217876 0,001730
зимних 1,633391 0,001160
швеции 1,664163 0,009455
энда 3,338139 0,009483
оказавшийся 3,743604 0,002659
балтика 1,258698 0,003576
жалобы 2,932674 0,002083
карточка 3,338139 0,002371
спорт 0,224624 0,001595
этой 1,052361 0,002990
этом 0,565551 0,000803
борьбе 1,603538 0,001139
ледовых 4,031286 0,002863
правила 0,910391 0,000647
швецию 4,436752 0,006302
швеция 1,345709 0,012425
федерацией 2,185460 0,001552
женский 1,441019 0,001023
зимние 1,159607 0,000824
стали 0,971016 0,000690
кхл 0,760451 0,001620
пресс 1,086847 0,000772
россии 0,160085 0,000227
фитнес 1,574551 0,003355
дасаев 4,436752 0,003151
швецией 3,743604 0,002659
спортивный 1,301257 0,000924
первая 0,867219 0,000616
игрок 1,258698 0,000894
состоят 2,827314 0,008032
мужской 2,134166 0,001516
сайте 1,217876 0,000865
женщины 0,881403 0,003756
анджела 4,436752 0,006302
букмекеры 1,664163 0,002364
итогам 1,603538 0,004556
оспорила 5,129899 0,003643
канадской 3,183989 0,002261
итальянка 3,520461 0,002500
италией 4,031286 0,002863
сестра 4,436752 0,003151
считает 2,134166 0,001516
пари 1,301257 0,001848
европы 0,524729 0,000373
рбк 1,797694 0,003830
спортивного 1,574551 0,001118
без 0,466460 0,000331
казахстан 1,301257 0,002773
дома 1,695912 0,004818
турнира 0,839439 0,007154
бет 1,834062 0,002605
турнире 1,198073 0,004255
чиновника 4,436752 0,003151
буллит 3,520461 0,005001
напике 4,436752 0,009453
взяли 2,732003 0,001940
пар 2,357310 0,001674
ее 1,871802 0,001329
интересов 3,520461 0,002500
еремин 5,129899 0,007287
vk 1,441019 0,001023
контроля 3,183989 0,002261
турнирная 1,441019 0,002047
объявила 2,564949 0,001822
ромеи 5,129899 0,007287
мото 1,574551 0,003355
канаду 2,490841 0,005307
нижний 1,159607 0,001647
ростов 1,002764 0,001424
после 0,317714 0,000451
канаде 2,296685 0,001631
что 0,239550 0,000681
краснодар 0,925206 0,001314
букмекеров 1,198073 0,004255
южная 1,797694 0,002554
за 0,125952 0,000895
соперника 1,279751 0,003636
сессия 4,031286 0,037221
канада 1,301257 0,009242
рейтинг 0,565551 0,002812
сообщила 2,564949 0,001822
было 0,438551 0,000311
карточку 2,644992 0,001879
были 0,799165 0,000568
ампеццо 2,490841 0,026536
технологиях 1,911023 0,004072
ужесточении 5,129899 0,003643
великобританию 4,031286 0,005726
великобритания 2,185460 0,015522
бетсити 1,633391 0,002320
канады 1,217876 0,001730
винлайн 1,834062 0,002605
из 0,106018 0,000678
еврокубки 1,546380 0,003295
тему 1,664163 0,001182
соревнованиями 2,357310 0,001674
групповой 2,085376 0,017773
керлингисток 5,129899 0,003643
больше 0,812411 0,002308
беларусь 1,368699 0,002916
хоккей 0,376309 0,001336
спартак 0,786093 0,001117
великобритании 2,134166 0,003031
стоят 3,338139 0,009483
проиграла 2,239527 0,001591
казань 1,345709 0,000956
служба 2,134166 0,001516
обратная 1,441019 0,003070
риа 1,466337 0,001041
цска 0,711058 0,001010
актуальные 1,834062 0,001303
дочери 4,436752 0,003151
эстонию 4,436752 0,003151
канадцев 3,520461 0,002500
скандала 2,421849 0,001720
повлиял 3,743604 0,002659
матч 0,411400 0,000584
которые 0,760451 0,002160
жульничал 5,129899 0,003643
лыжный 1,728701 0,003683
выиграли 1,518981 0,001079
николай 2,134166 0,001516
восьми 2,185460 0,006209
эстонии 3,743604 0,005318
динамо 0,663991 0,001886
крылья 1,258698 0,001788
олимпийском 2,490841 0,008845
экспресс 1,416327 0,002012
эгриси 5,129899 0,010930
вместо 1,633391 0,001160
вилсакома 5,129899 0,007287
разгромила 4,031286 0,002863
стартовала 3,338139 0,002371
предела 4,031286 0,002863
арене 1,797694 0,001277
камнями 5,129899 0,014574
ближе 2,490841 0,007076
лига 0,402511 0,002001
мх 1,728701 0,002456
центру 2,932674 0,008331
еремина 5,129899 0,003643
нее 3,050457 0,002167
сборной 0,825834 0,001173
мы 0,925206 0,000657
олимпиаде 0,895792 0,001909
на 0,023953 0,000595
победила 1,762603 0,006259
марк 2,085376 0,001481
подала 4,436752 0,003151
олимпиада 1,104547 0,014905
центре 2,185460 0,001552
не 0,099461 0,000071
выбор 2,827314 0,004016
календарь 0,735450 0,001045
bettery 1,871802 0,002659
проблем 2,490841 0,003538
жульничестве 4,031286 0,008589
олимпиаду 1,664163 0,002364
водные 0,867219 0,001848
сервисов 1,834062 0,001303
олимпиады 0,925206 0,000657
таблица 0,925206 0,001314
об 0,217244 0,000463
норвегия 1,834062 0,005210
встретится 3,183989 0,004523
ои 0,812411 0,001154
норвегию 4,436752 0,003151
мужчины 1,019025 0,004342
чемпион 0,867219 0,001232
желтая 4,436752 0,003151
бокс 0,576022 0,001227
катание 0,534779 0,001139
cas 3,338139 0,004742
все 0,125952 0,000358
премьер 1,217876 0,004325
pari 1,603538 0,002278
года 0,239550 0,000340
кеннеди 4,031286 0,005726
по 0,073653 0,001935
суда 4,436752 0,003151
видов 1,392229 0,000989
условия 0,411400 0,000292
