болельщикам 2,296685 0,002208
шайб 2,490841 0,002395
шайбы 2,827314 0,002719
броска 3,050457 0,002933
ещё 0,420369 0,000404
быстром 4,031286 0,003876
шайбу 3,520461 0,003385
своевременность 5,129899 0,004933
myweb 5,129899 0,004933
еще 0,955511 0,000919
магнитке 5,129899 0,009865
магнитки 5,129899 0,004933
адмирал 3,050457 0,005866
гагарина 2,085376 0,014036
обзор 2,134166 0,016417
успех 2,564949 0,002466
со 0,447767 0,002153
юлаева 4,031286 0,007752
одну 1,762603 0,001695
символическая 4,436752 0,008532
турнирах 1,871802 0,001800
разгромном 4,436752 0,004266
google 2,644992 0,002543
одно 1,664163 0,001600
итоговые 4,031286 0,003876
александр 0,925206 0,000890
а 0,209918 0,000807
тв 1,633391 0,001571
должны 1,178655 0,001133
в 0,017911 0,000775
г 0,925206 0,002669
немного 2,038856 0,001960
реклама 0,735450 0,000707
чехии 1,911023 0,007350
и 0,023953 0,000484
создано 3,338139 0,044936
к 0,132686 0,000128
о 0,042302 0,000203
финала 1,104547 0,002124
сейчас 1,104547 0,001062
с 0,036149 0,000487
у 0,342407 0,000988
победного 3,338139 0,003210
разгромил 2,296685 0,002208
главные 1,086847 0,001045
назвал 1,323236 0,001272
я 0,853233 0,000820
лидерство 2,827314 0,002719
сочи 0,853233 0,000820
автомобилист 2,932674 0,002820
мир 1,546380 0,007435
шестью 2,732003 0,002627
вхл 1,664163 0,004800
своей 1,002764 0,000964
приходит 4,436752 0,004266
герната 5,129899 0,004933
вырвал 3,050457 0,002933
время 0,384967 0,000370
третьего 2,357310 0,004533
сюрпризов 4,436752 0,004266
моторыгин 5,129899 0,004933
веселый 4,436752 0,004266
защитника 2,644992 0,002543
u 1,345709 0,001294
главный 1,035554 0,000996
шайбе 4,436752 0,004266
второго 1,466337 0,001410
партнеры 2,296685 0,002208
сборную 1,633391 0,003141
превью 4,031286 0,003876
вырвала 3,183989 0,003062
коннор 2,357310 0,004533
звено 5,129899 0,004933
сыграет 1,603538 0,001542
последней 2,296685 0,002208
лишки 4,436752 0,004266
наконец 2,296685 0,002208
отыгрался 3,338139 0,003210
показать 0,825834 0,000794
овертайме 2,038856 0,005881
ключевой 3,743604 0,003600
камбэк 2,732003 0,005254
пароль 2,732003 0,007881
юлаев 2,185460 0,002101
пароля 3,050457 0,002933
победе 1,951845 0,001877
трактором 3,338139 0,003210
себя 0,940244 0,000904
вход 2,239527 0,002153
победу 0,910391 0,002626
игр 0,367725 0,000707
хоккейного 2,564949 0,007399
терпит 5,129899 0,004933
тяжелый 3,520461 0,003385
пастрняк 4,436752 0,004266
победы 0,971016 0,001867
падение 2,732003 0,002627
спаслась 3,183989 0,003062
макдэвид 2,421849 0,004657
расклады 3,183989 0,003062
обязательно 2,357310 0,002267
очков 1,198073 0,001152
видео 0,699082 0,001344
чехия 1,518981 0,011684
гонку 2,564949 0,002466
fastvps 5,129899 0,004933
олимпийских 0,799165 0,000768
предложил 2,038856 0,001960
барса 3,743604 0,003600
марнера 3,743604 0,003600
раздевалку 2,932674 0,002820
локомотив 0,910391 0,000875
шанхайских 3,743604 0,003600
выход 1,574551 0,001514
последний 0,773190 0,001487
авангарда 3,743604 0,007199
последние 1,178655 0,001133
кажется 2,644992 0,002543
билялетдинова 4,031286 0,003876
момент 1,301257 0,001251
трудом 3,050457 0,002933
натан 4,436752 0,004266
авангард 2,038856 0,001960
архив 1,258698 0,001210
участием 1,518981 0,002921
защищены 2,490841 0,002395
последних 1,951845 0,001877
хоккея 2,239527 0,019381
vps 5,129899 0,004933
интересных 4,031286 0,015505
ларионов 3,050457 0,002933
завершается 3,338139 0,003210
хостинге 5,129899 0,004933
обновляться 5,129899 0,004933
игроков 1,238078 0,002381
среда 3,183989 0,003062
примут 2,564949 0,002466
среди 0,597299 0,000574
козырев 3,338139 0,003210
хоккейные 3,050457 0,002933
унизительная 4,436752 0,004266
вступает 5,129899 0,004933
москве 1,518981 0,001461
подряд 1,258698 0,001210
меня 1,518981 0,001461
слабая 3,520461 0,003385
кузнецова 3,183989 0,003062
бердина 5,129899 0,004933
швейцарии 2,296685 0,004417
прервало 4,436752 0,004266
конференций 1,728701 0,001662
секунд 1,994404 0,001918
лучшие 1,019025 0,000980
проиграл 1,633391 0,001571
игроки 0,986764 0,000949
результаты 0,910391 0,007003
офф 1,019025 0,002939
дал 2,239527 0,002153
будут 1,392229 0,001339
заполнены 4,436752 0,004266
возвращение 1,762603 0,003390
матча 1,002764 0,002893
команды 0,555188 0,000534
новостей 1,574551 0,003028
кхловский 5,129899 0,004933
очки 1,466337 0,005640
ничего 2,732003 0,002627
матчи 0,773190 0,001487
торпедо 1,574551 0,009084
матче 0,747872 0,004315
эффективность 3,743604 0,003600
растворились 5,129899 0,004933
стабильности 4,031286 0,003876
прямо 2,296685 0,002208
гретцки 3,050457 0,002933
нереалистичным 4,436752 0,004266
повторил 2,490841 0,004790
кросби 1,994404 0,007671
лады 3,520461 0,003385
world 1,416327 0,002724
top 1,728701 0,001662
это 0,277868 0,000267
интересное 3,338139 0,003210
большинство 1,834062 0,003527
боевитая 5,129899 0,004933
звёздочкой 4,436752 0,004266
сезона 1,052361 0,003036
тяжёлая 1,633391 0,001571
вытащили 5,129899 0,004933
две 1,019025 0,001960
лада 2,185460 0,004203
казанцы 4,031286 0,003876
синие 2,932674 0,002820
тренер 0,895792 0,000861
дерби 2,357310 0,002267
лакросс 4,436752 0,004266
остальное 4,031286 0,007752
только 0,447767 0,000431
новости 0,301585 0,001160
войти 0,735450 0,000707
северстали 2,932674 0,002820
нхл 0,925206 0,004448
финляндия 1,492313 0,001435
вышла 1,466337 0,001410
турниров 1,664163 0,003200
первых 1,518981 0,002921
турнир 0,699082 0,000672
недели 2,357310 0,013600
драконов 3,743604 0,003600
красно 2,490841 0,002395
неделе 3,338139 0,003210
мира 0,367725 0,002829
полевыми 3,338139 0,003210
защита 1,797694 0,001729
ответил 2,185460 0,002101
корешков 3,338139 0,003210
регистрация 2,185460 0,006304
северсталь 2,134166 0,004104
почему 1,122566 0,001079
net 2,421849 0,004657
играть 1,368699 0,001316
омск 3,050457 0,005866
логин 4,436752 0,012798
финляндии 2,421849 0,002329
маклин 4,031286 0,007752
первые 0,971016 0,002801
минск 1,834062 0,001764
игры 0,376309 0,000724
первый 0,687247 0,001322
возможные 3,520461 0,003385
седьмой 2,732003 0,002627
февраля 0,232059 0,000669
шанхайскими 4,436752 0,004266
состояние 2,827314 0,002719
мхл 1,603538 0,001542
события 0,663991 0,001915
евротур 2,357310 0,006800
ларионовского 5,129899 0,004933
игре 1,198073 0,005760
вопрос 1,603538 0,001542
самых 1,546380 0,005948
игра 1,301257 0,001251
матчей 0,940244 0,004520
гордится 4,436752 0,004266
имя 1,603538 0,001542
селебрини 3,520461 0,006770
похоже 3,743604 0,003600
другие 0,384967 0,000370
так 0,597299 0,000574
раунда 2,085376 0,006016
шайбами 4,031286 0,003876
салават 2,134166 0,006156
поборол 5,129899 0,004933
молодёжь 4,031286 0,007752
трактора 3,520461 0,006770
кто 0,839439 0,000807
событий 2,421849 0,009315
попадание 2,564949 0,002466
полуфинальные 4,436752 0,004266
побеждают 4,031286 0,003876
самый 1,416327 0,001362
nhl 3,520461 0,006770
словакии 2,732003 0,005254
быть 0,773190 0,000743
обыграв 2,134166 0,002052
разницей 2,827314 0,002719
боевое 3,338139 0,003210
спартаку 2,732003 0,002627
уверены 4,031286 0,003876
предсезонки 5,129899 0,009865
лента 1,633391 0,001571
ак 1,695912 0,004892
люзенков 3,743604 0,007199
амуром 4,436752 0,004266
серебрякова 4,436752 0,004266
адмирала 4,436752 0,004266
публикует 3,743604 0,003600
таки 2,296685 0,002208
разгон 4,436752 0,004266
барыс 3,050457 0,002933
запомнить 4,436752 0,004266
одержав 2,644992 0,002543
сборная 0,711058 0,002051
стало 1,217876 0,001171
счётом 1,834062 0,001764
фехервари 4,436752 0,004266
высказался 1,797694 0,001729
сделали 2,134166 0,002052
спартака 1,633391 0,001571
состоится 2,827314 0,002719
гимнастика 1,238078 0,001190
бы 1,052361 0,001012
кхл 0,760451 0,014624
россии 0,160085 0,000924
действовать 0,955511 0,000919
анонсирует 5,129899 0,004933
кубок 0,524729 0,002018
третий 1,416327 0,002724
во 0,495170 0,000476
важно 2,827314 0,002719
полное 2,296685 0,002208
уже 0,687247 0,000661
впервые 0,839439 0,001614
лидеры 2,085376 0,004010
сайте 1,217876 0,001171
раз 0,504926 0,000486
чемпионат 0,277868 0,000802
зарипова 4,436752 0,004266
детям 3,743604 0,003600
подводит 5,129899 0,004933
российский 1,086847 0,001045
email 3,520461 0,006770
решающей 3,520461 0,003385
пары 2,296685 0,006625
выиграть 1,466337 0,001410
трактор 2,134166 0,004104
конце 1,518981 0,001461
турниры 0,895792 0,001723
выходом 3,338139 0,003210
го 1,279751 0,001231
поля 1,603538 0,001542
конца 1,546380 0,001487
обратился 3,338139 0,003210
шесть 1,546380 0,001487
рекорд 1,198073 0,003456
вопросы 2,644992 0,002543
версии 1,546380 0,001487
спартаком 2,185460 0,002101
плей 1,002764 0,002893
финалов 3,183989 0,003062
ворота 1,797694 0,003457
без 0,466460 0,000449
перед 0,839439 0,000807
сайт 0,773190 0,001487
дома 1,695912 0,003261
турнира 0,839439 0,003229
до 0,239550 0,000691
трансляции 1,441019 0,002771
гостях 2,239527 0,002153
салавата 3,520461 0,006770
очкам 2,644992 0,002543
причины 3,520461 0,003385
квартальнов 3,050457 0,002933
передачи 2,134166 0,008208
поражения 1,834062 0,001764
прошедшей 4,436752 0,012798
пробы 4,436752 0,008532
первого 1,258698 0,003631
регулярно 1,871802 0,001800
итоги 1,834062 0,007054
период 1,159607 0,001115
заведите 5,129899 0,004933
кубка 0,825834 0,003970
сидни 2,296685 0,008833
для 0,146292 0,000141
числу 1,546380 0,001487
флаг 1,279751 0,001231
турнирная 1,441019 0,016627
нефтехимик 2,827314 0,002719
олимпийского 1,603538 0,006167
козлов 2,644992 0,002543
победив 2,564949 0,002466
победной 4,436752 0,004266
поражении 3,183989 0,003062
чемпионата 0,735450 0,000707
дну 5,129899 0,004933
регулярки 4,031286 0,003876
превзошёл 4,436752 0,004266
кубке 1,441019 0,001386
объяснил 1,797694 0,001729
счастлив 3,520461 0,003385
после 0,317714 0,000611
секунды 2,490841 0,002395
что 0,239550 0,000230
поражений 2,490841 0,002395
вышел 1,574551 0,001514
за 0,125952 0,000848
статьи 0,524729 0,007064
минское 2,564949 0,002466
канада 1,301257 0,012512
малкина 3,743604 0,003600
голы 2,134166 0,008208
минского 2,827314 0,002719
было 0,438551 0,000422
ходу 1,834062 0,001764
была 0,652562 0,000627
гола 1,951845 0,001877
канады 1,217876 0,003513
подписывайтесь 4,436752 0,004266
из 0,106018 0,000204
игровой 2,357310 0,006800
любил 5,129899 0,004933
участником 2,564949 0,002466
койву 4,436752 0,004266
буллитам 2,732003 0,002627
уэйн 4,031286 0,003876
больше 0,812411 0,000781
над 0,986764 0,001898
дней 1,416327 0,002724
трибунах 3,050457 0,002933
хоккей 0,376309 0,001086
волевую 3,520461 0,006770
нас 1,492313 0,001435
гол 1,546380 0,001487
работает 2,827314 0,002719
ботов 5,129899 0,004933
ска 1,279751 0,007383
новая 1,546380 0,001487
серию 1,466337 0,002820
событиях 3,338139 0,003210
ушёл 2,421849 0,002329
цска 0,711058 0,002735
зеленое 5,129899 0,004933
казани 2,932674 0,002820
оставшиеся 2,827314 0,002719
капитаном 2,732003 0,002627
овечкин 1,762603 0,001695
дедлайн 4,031286 0,003876
права 1,518981 0,001461
претендует 5,129899 0,009865
кузнецов 2,421849 0,002329
ко 2,421849 0,002329
матч 0,411400 0,000396
камбэки 4,436752 0,004266
забыли 3,520461 0,006770
сибири 3,520461 0,006770
присутствует 2,932674 0,002820
вывешен 5,129899 0,004933
клубы 1,392229 0,001339
краткий 4,436752 0,012798
идет 2,490841 0,002395
радулов 4,031286 0,003876
динамо 0,663991 0,001277
мичкова 4,436752 0,004266
ли 1,198073 0,001152
спад 2,827314 0,002719
hockey 3,183989 0,006123
текущие 0,940244 0,000904
расклад 3,520461 0,003385
спортивная 1,159607 0,001115
периода 2,085376 0,004010
поздравил 3,338139 0,003210
серебряков 5,129899 0,004933
драконами 4,436752 0,004266
одержала 2,134166 0,002052
команд 1,178655 0,002267
полуфинал 1,633391 0,004712
подтверждение 4,436752 0,008532
арена 1,762603 0,001695
проигрывает 3,050457 0,002933
давид 2,932674 0,002820
место 0,597299 0,000574
vds 5,129899 0,004933
евгения 2,421849 0,004657
смотрел 3,520461 0,003385
забросило 4,436752 0,004266
стартом 2,732003 0,002627
летние 1,238078 0,001190
количеству 1,574551 0,001514
сборной 0,825834 0,007941
истории 0,630089 0,001212
олимпиаде 0,895792 0,003445
поисках 3,520461 0,003385
участие 0,597299 0,000574
травмы 1,492313 0,002870
на 0,023953 0,000392
топ 1,238078 0,001190
состав 1,238078 0,005952
олимпиада 1,104547 0,006372
не 0,099461 0,000383
барс 1,695912 0,003261
попал 1,911023 0,001838
календарь 0,735450 0,001414
забросила 4,031286 0,007752
онлайн 0,773190 0,002230
но 0,402511 0,001548
олимпиаду 1,664163 0,001600
межсезонье 2,827314 0,002719
главная 1,323236 0,003817
аккаунта 4,436752 0,004266
таблица 0,925206 0,010675
олимпиады 0,925206 0,003558
полезна 4,436752 0,004266
евгений 1,258698 0,001210
разина 5,129899 0,009865
об 0,217244 0,000418
нет 0,825834 0,000794
ои 0,812411 0,001562
бой 2,134166 0,002052
контрольных 4,436752 0,004266
противопоставило 5,129899 0,004933
он 0,534779 0,000514
пропущенной 5,129899 0,004933
забирает 4,436752 0,008532
от 0,160085 0,000462
челябинске 3,050457 0,002933
площадке 2,085376 0,002005
статистика 0,652562 0,002510
третью 3,183989 0,003062
лагеря 3,743604 0,003600
нестабилен 5,129899 0,004933
статистики 3,743604 0,003600
первое 1,279751 0,001231
селянне 4,436752 0,004266
все 0,125952 0,000242
года 0,239550 0,000230
по 0,073653 0,000425
расписание 1,695912 0,021199
встрече 2,296685 0,002208
дошла 2,932674 0,002820
предсезонных 4,031286 0,007752
предсезонный 4,436752 0,004266
очень 1,140915 0,001097
плющев 4,031286 0,003876
маккиннон 2,239527 0,004307
игроками 1,695912 0,003261
второе 1,603538 0,001542
сенсационный 4,436752 0,004266
предсезонные 4,436752 0,004266
уфа 2,239527 0,002153
