写械薪褜 0,760451 0,003590
ios 3,520461 0,013297
褉锌谢 1,140915 0,006464
泻褉褍谐芯胁褘屑 5,129899 0,004844
褌褍褉 1,546380 0,001460
褋懈薪械 3,338139 0,009456
械褖械 0,955511 0,000902
褌械薪薪懈褋 0,495170 0,000468
屑邪褉邪褎芯薪 2,827314 0,005340
芯斜蟹芯褉 2,134166 0,002015
邪褏屑邪褌 1,217876 0,004600
褋械胁械褉芯 3,183989 0,003007
褎懈谐褍褉薪芯械 0,534779 0,000505
邪锌谢 1,871802 0,001768
褋芯 0,447767 0,000423
褑械薪褌褉 0,881403 0,001665
锌械褌械褉斜褍褉谐 1,633391 0,001542
芯锌芯蟹芯褉懈谢褋褟 3,743604 0,003535
胁褉邪褌邪褉褜 1,728701 0,001632
褌械谐懈 2,732003 0,005160
泻邪褉锌懈薪 3,050457 0,002881
泻邪褉褋械写芯 3,338139 0,003152
屑邪谢懈 2,644992 0,004995
leon褎褉懈斜械褌 4,436752 0,004190
锌械褉胁芯屑 1,052361 0,000994
褋械屑邪泻邪 3,743604 0,014140
邪 0,209918 0,000396
芯褌谢懈褔懈谢懈褋褜 3,520461 0,006649
胁 0,017911 0,000423
谐 0,925206 0,000874
褉械泻谢邪屑邪 0,735450 0,000694
懈 0,023953 0,000475
懈薪褌械褉 1,633391 0,003085
谢械褌 0,475938 0,000899
锌芯谢懈褌懈泻邪 0,239550 0,000226
胁薪械蟹邪锌薪芯 3,743604 0,003535
泻 0,132686 0,000251
锌芯褋褌邪胁懈谢懈 2,932674 0,002769
芯 0,042302 0,000240
胁邪卸薪褘械 2,564949 0,002422
褋邪薪泻褌 1,279751 0,006042
锌褉邪蟹写薪褍械褌 4,031286 0,003807
褋 0,036149 0,000649
褋械泄褔邪褋 1,104547 0,002086
褍 0,342407 0,000647
olimpbet 3,050457 0,005761
邪胁褌芯褉邪 3,338139 0,003152
褋泻邪褔邪褌褜 0,895792 0,000846
蟹胁械蟹写 2,185460 0,002064
薪邪蟹胁邪谢 1,323236 0,002499
褎褍褌斜芯谢 0,285712 0,014029
斜褍泻屑械泻械褉褋泻懈械 3,520461 0,019946
谢褍褋懈邪薪芯 3,520461 0,013297
泻芯薪褎懈写械薪褑懈邪谢褜薪芯褋褌懈 0,317714 0,000300
屑斜邪谢褌斜械褌谢械芯薪谢懈谐邪 4,436752 0,025137
蟹邪锌邪写 2,932674 0,002769
斜谢懈蟹芯褉褍泻芯褋褌褜 5,129899 0,009688
褍谢 2,732003 0,002580
褍褋锌械褌褜 4,436752 0,004190
褞胁械薪褌褍褋 2,421849 0,002287
褋胁芯械屑 2,932674 0,005539
斜褍泻屑械泻械褉褋泻懈褏 4,031286 0,007613
写褍褉邪薪 3,338139 0,006304
蟹褘褉褟薪芯胁 4,436752 0,004190
斜褘胁褕懈泄 1,762603 0,001664
锌褉懈 0,367725 0,000347
锌褉芯斜谢械屑褘 1,871802 0,001768
胁芯蟹褉芯褋谢懈 4,436752 0,004190
m 2,296685 0,004337
写械谢邪 2,644992 0,004995
泻械屑 2,932674 0,005539
锌械褌械褉斜褍褉谐邪 2,732003 0,010319
屑械谢斜械褌 1,762603 0,001664
褎泻 1,951845 0,001843
锌褉芯斜谢械屑邪 2,932674 0,002769
谐谢邪胁薪褘泄 1,035554 0,000978
薪芯屑械褉芯屑 2,932674 0,002769
褎褋 2,085376 0,001969
褋锌芯褉褌褍 2,038856 0,001925
锌褉械胁褜褞 4,031286 0,003807
谐芯褉芯写 1,871802 0,001768
褞斜懈谢械泄 3,183989 0,003007
薪邪褕谢懈 1,994404 0,001883
锌褋卸 1,518981 0,004303
蟹邪写邪褔褍 2,732003 0,002580
褌褍褉懈蟹屑邪 3,743604 0,003535
褋褘谐褉邪械褌 1,603538 0,001514
谢械薪懈薪谐褉邪写械褑 3,520461 0,003324
bet 3,743604 0,007070
褌械褉褉懈褌芯褉懈褟 3,743604 0,007070
褋懈写械褌褜 4,436752 0,004190
褔邪褋邪 1,911023 0,001805
褋褌邪胁芯泻 1,664163 0,003143
锌芯褕邪褌薪褍谢懈褋褜 5,129899 0,004844
锌芯写邪褉懈谢懈 2,827314 0,002670
胁褘懈谐褉邪械褌 2,644992 0,002498
蟹邪写邪褔懈 2,827314 0,002670
info 1,951845 0,003686
薪邪写芯 2,038856 0,001925
褋芯斜褉邪谢懈 3,520461 0,003324
褋褘谐褉邪谢 1,951845 0,007372
锌褉懈谐芯胁芯褉 4,436752 0,004190
褎褉懈斜械褌 4,031286 0,003807
屑邪褉邪褎芯薪褎褉懈斜械褌 4,436752 0,004190
褋锌芯褉褌邪 0,342407 0,000970
泻谢褍斜芯屑 1,994404 0,003767
褉邪蟹屑械褖械薪懈械 3,050457 0,002881
褌褟卸械谢褘泄 3,520461 0,006649
褋泻芯谢褜泻芯 1,834062 0,005196
屑芯谐褍褌 0,760451 0,002154
写褍褉邪薪邪 3,743604 0,007070
屑邪褌械褉懈邪谢芯胁 1,217876 0,001150
胁械薪写械谢 2,490841 0,004704
懈褌邪谢懈懈 1,002764 0,000947
褌褞泻邪胁懈薪 4,031286 0,003807
写蟹褞写芯 1,466337 0,001385
锌芯褌械褉褟谢 2,490841 0,004704
屑薪械 1,871802 0,003535
褉邪褋褋褌邪褌褜褋褟 4,031286 0,007613
锌械褉械斜芯褉 4,436752 0,004190
谐芯谢褍斜褘褏 3,183989 0,006013
谢邪泄胁 4,031286 0,007613
泻懈褌 3,183989 0,003007
ratings 3,743604 0,003535
卸械褋褌泻懈泄 4,436752 0,004190
褍褔褉械写懈褌械谢褜 2,185460 0,002064
褎懈蟹懈褔械褋泻芯泄 1,664163 0,001571
芯斜褟蟹邪褌械谢褜薪邪 3,050457 0,002881
谐芯谢褍斜褘械 3,520461 0,003324
胁褘褏芯写 1,574551 0,001487
褋褋褘谢泻邪 0,786093 0,000742
锌芯屑械褕邪褞褌 5,129899 0,004844
谢械褌芯 2,827314 0,002670
锌芯褋谢械写薪懈屑 2,134166 0,002015
sportsdaily 3,520461 0,009973
褎芯褉屑懈褉褍械褌褋褟 3,520461 0,006649
邪褉褋械薪邪谢 1,466337 0,001385
芯褋薪芯胁械 1,466337 0,002769
斜邪谢褌斜械褌褎褉懈斜械褌 4,436752 0,004190
斜邪谢褌斜械褌 4,031286 0,007613
蟹懈屑薪械谐芯 3,520461 0,006649
芯锌邪褋邪褌褜褋褟 4,436752 0,004190
芯谢懈屑锌芯斜蟹芯褉 4,436752 0,004190
蟹械薪懈褌芯斜蟹芯褉 4,436752 0,004190
屑邪褌褔褍 2,732003 0,005160
邪写屑懈薪懈褋褌褉邪褑懈懈 3,743604 0,010605
泻邪褌邪薪懈械斜邪褋泻械褌斜芯谢褌械薪薪懈褋 4,436752 0,004190
褍泄褌懈 2,827314 0,005340
褉械薪薪芯屑 5,129899 0,004844
褏芯泻泻械泄薪褘泄 2,185460 0,004127
褝泻褋泻谢褞蟹懈胁褘 2,732003 0,005160
褋芯胁锌邪写邪褌褜 4,031286 0,003807
褝泻褋泻谢褞蟹懈胁 2,357310 0,013356
谢械芯薪芯斜蟹芯褉 4,436752 0,004190
写械胁褍褕泻懈 2,421849 0,002287
odds 3,520461 0,003324
邪褌邪泻械 2,932674 0,002769
薪褉邪胁懈褌褋褟 3,050457 0,005761
蟹薪邪褔懈屑褘械 3,338139 0,003152
谢褍褔褕懈械 1,019025 0,000962
屑芯斜懈谢褜薪褘褏 4,436752 0,008379
leon 3,183989 0,006013
写懈胁械械胁 3,520461 0,009973
泻芯屑邪薪写械 1,258698 0,002377
薪芯胁懈褔芯泻 2,732003 0,002580
芯褎褎 1,019025 0,000962
斜褍写褍褌 1,392229 0,001315
蟹褉械薪懈褟 2,421849 0,004574
褋褌邪胁芯泻褎褉懈斜械褌 4,436752 0,004190
屑邪褌褔邪 1,002764 0,001894
蟹械薪懈褌 0,895792 0,013534
斜芯薪褍褋褘 2,732003 0,007739
薪邪写械卸写褍 3,743604 0,003535
谐芯谢械胁邪褟 4,436752 0,004190
屑邪写褉懈写 1,834062 0,001732
褉械邪谢 1,492313 0,005637
褔械屑 0,747872 0,000706
屑邪褌褔械 0,747872 0,000706
卸懈蟹薪懈 1,122566 0,001060
betboom褎褉懈斜械褌 4,436752 0,004190
褌褍褉斜芯褋褌褉芯懈褌械谢褜 4,436752 0,004190
褋褌邪褌褜 1,441019 0,001361
winline褎褉懈斜械褌 4,436752 0,004190
邪谐械薪褌 2,932674 0,002769
褉械写邪泻褑懈懈 1,951845 0,005529
锌芯写谐芯褌芯胁泻褍 2,296685 0,004337
褌芯胁邪褉懈褖械褋泻芯屑褍 4,436752 0,008379
泻褉邪褋薪邪褟 1,994404 0,001883
esports 3,520461 0,003324
褝褌芯 0,277868 0,001050
芯斜蟹芯褉褘 3,338139 0,003152
写胁邪 0,760451 0,000718
蟹邪泻褉褘褌懈褟 3,050457 0,002881
谐芯谢芯胁懈薪邪 2,134166 0,002015
薪芯胁芯褋褌褜 2,644992 0,004995
谢械褌褎褉懈斜械褌 4,436752 0,004190
屑芯斜蟹芯褉 4,436752 0,004190
械谐芯 0,447767 0,000423
褌褉械薪械褉 0,895792 0,000846
写械褉斜懈 2,357310 0,002226
褕邪薪褋褘 1,951845 0,001843
蟹邪泻谢褞褔懈褌械谢褜薪芯泄 4,031286 0,003807
芯褋褌邪谢褜薪芯械 4,031286 0,007613
谐芯谢芯胁懈薪 2,085376 0,001969
锌械褌褉卸械谢邪 4,436752 0,008379
薪芯胁芯褋褌懈 0,301585 0,001993
斜械谢芯 2,644992 0,007493
褋褘谐褉邪褞褌 2,490841 0,002352
胁懈薪谢邪泄薪锌邪褉懈芯谢懈屑锌斜械褌斜褍屑屑邪褉邪褎芯薪屑械谢斜械褌斜械褌 4,436752 0,025137
褝谢 2,134166 0,002015
褋邪褎芯薪芯胁 2,644992 0,002498
褉械谐懈褋褌褉邪褑懈褞 4,436752 0,004190
褉械谐懈褋褌褉邪褑懈褟 2,185460 0,002064
芯褌谢懈褔懈褟 3,743604 0,003535
褍褏芯写邪 2,421849 0,002287
锌芯谢褜蟹芯胁邪褌械谢褜褋泻芯械 2,185460 0,002064
锌芯褔械屑褍 1,122566 0,001060
芯褌褘谐褉邪胁 5,129899 0,009688
褎褍褌斜芯谢邪 1,762603 0,001664
winline 2,564949 0,007266
谢械褌邪谢 5,129899 0,004844
褌褉邪薪褋褎械褉薪褘械 3,743604 0,003535
胁芯蟹胁褉邪褖邪褞褌褋褟 3,520461 0,003324
芯泻薪邪 3,338139 0,006304
锌芯褌械薪褑懈邪谢褜薪褍褞 4,436752 0,004190
蟹邪褖懈褌薪懈泻 1,574551 0,001487
屑械写懈邪 1,834062 0,001732
泻芯薪褌芯褉褘 3,338139 0,018913
蟹邪薪懈屑邪械褌褋褟 2,732003 0,002580
卸械褉褌胁褍 4,436752 0,004190
褋芯褋褌芯褟薪懈懈 2,421849 0,004574
褉械薪褌谐械薪邪 4,436752 0,004190
芯写薪芯泻谢褍斜薪懈泻 4,436752 0,004190
薪邪褕械泄 1,994404 0,001883
懈谐褉械 1,198073 0,002263
褍胁芯谢褟褌 4,436752 0,004190
蟹邪胁械褉褕懈谢 2,134166 0,002015
薪懈泻褌芯 1,871802 0,001768
写械褟褌械谢褜薪芯褋褌褜 2,490841 0,002352
卸邪褉邪 3,338139 0,003152
懈谐褉邪 1,301257 0,001229
褋褌邪胁芯泻蟹械薪懈褌 4,436752 0,025137
锌械褉械褏芯写 2,490841 0,002352
锌褉芯褌懈胁 0,747872 0,004237
屑邪褌褔械泄 0,940244 0,000888
褋褌褉邪褌械谐懈褞 3,338139 0,006304
褉锌谢褎懈谐褍褉薪芯械 4,436752 0,004190
褎械写械褉邪褑懈褟 1,002764 0,000947
薪芯胁芯谐芯 1,574551 0,002974
谐写械 0,675551 0,001914
褏谢褍褋械胁懈褔 3,183989 0,006013
屑邪褉邪褎芯薪芯斜蟹芯褉 4,436752 0,004190
泻褌芯 0,839439 0,000793
懈蟹写邪薪懈械 1,911023 0,001805
斜芯谢褜褕懈械 2,644992 0,002498
锌芯写褌胁械褉写懈谢懈 3,183989 0,006013
褋芯斜褘褌懈泄 2,421849 0,002287
泻褉邪褋薪芯写邪褉邪 2,490841 0,004704
褋械褌械胁芯械 2,085376 0,001969
betboom 3,338139 0,003152
懈褋锌芯谢褜蟹芯胁邪薪懈懈 2,564949 0,002422
斜邪谢褌斜械褌芯斜蟹芯褉 4,436752 0,004190
褋褌芯懈褌 2,357310 0,002226
褌褉邪薪褋褎械褉褘 1,664163 0,003143
斜褍泻屑械泻械褉芯胁薪邪写械卸薪褘械 4,436752 0,004190
锌褉芯胁芯写褟褖邪褟 4,031286 0,003807
械胁褉芯锌械泄褋泻懈泄 2,357310 0,002226
泻褉邪褋薪芯写邪褉褍 2,644992 0,002498
melbet 4,436752 0,004190
褌芯褔泻邪 3,050457 0,002881
胁懈薪谢邪泄薪芯斜蟹芯褉 4,436752 0,004190
谐械薪薪邪写褜械胁懈褔 4,031286 0,003807
写薪褟芯谢懈屑锌懈邪写邪 4,436752 0,004190
械褋褌褜 0,812411 0,000767
邪褉屑械泄褋泻邪褟 4,031286 0,007613
蟹懈屑薪懈泄 2,296685 0,004337
褋褎械褉邪 4,436752 0,008379
褋锌芯褉褌 0,224624 0,001697
芯斜褘谐褉邪谢 1,574551 0,002974
android锌褉懈谢芯卸械薪懈械 4,436752 0,041896
褋褌邪胁泻邪屑懈 4,031286 0,003807
芯褋褌邪薪芯胁懈褌褜 2,827314 0,002670
褔械褌褘褉械 1,140915 0,001077
锌芯锌褉芯斜褍械褌 4,436752 0,004190
锌褉懈谢芯卸械薪懈械 1,994404 0,007533
winline锌褉芯谐薪芯蟹 4,436752 0,004190
锌褉懈谢芯卸械薪懈泄 4,436752 0,008379
胁蟹邪懈屑芯写械泄褋褌胁懈褞 4,436752 0,004190
斜泻 3,183989 0,006013
斜芯褉褌芯屑 4,436752 0,008379
褌芯胁邪褉懈褖械褋泻芯谐芯 4,031286 0,007613
褋斜芯褉 2,644992 0,004995
泻褍锌懈褌 4,436752 0,004190
胁褘褋泻邪蟹邪谢褋褟 1,797694 0,003395
褌褉邪薪褋褎械褉薪芯谐芯 3,338139 0,006304
蟹懈屑薪懈械 1,159607 0,002190
斜褑 4,436752 0,004190
褋锌邪褉褌邪泻邪 1,633391 0,003085
meta 3,743604 0,003535
锌褉懈谢芯卸械薪懈褟 2,185460 0,004127
写邪胁谢械薪懈械 3,338139 0,006304
褉芯褋褋懈懈 0,160085 0,000453
薪褍卸械薪 2,827314 0,002670
褝薪褉懈泻械 3,520461 0,006649
ru 0,285712 0,001079
褉械褑械薪蟹懈褉褍褞褌褋褟 4,436752 0,004190
锌褉邪胁邪褏 2,357310 0,004452
胁芯 0,495170 0,001403
褋锌芯褉褌懈胁薪褘泄 1,301257 0,001229
褑械谢懈 2,296685 0,002169
斜械褌斜褍屑芯斜蟹芯褉 4,436752 0,004190
褋邪泄褌邪 1,574551 0,001487
懈蟹胁械褋褌薪芯 1,871802 0,003535
褉械蟹褍谢褜褌邪褌邪褏 3,743604 0,003535
褉芯褋褋懈泄褋泻懈泄 1,086847 0,001026
email 3,520461 0,003324
斜褍泻屑械泻械褉褘 1,664163 0,009429
屑褟褔邪 1,834062 0,001732
褑械谢褜 2,296685 0,002169
泻谢褍斜邪屑 2,732003 0,002580
蟹械薪懈褌邪 1,797694 0,018673
泻芯薪褑械 1,518981 0,001434
褌褍褉薪懈褉褘 0,895792 0,000846
邪褉械薪写褘 2,296685 0,004337
褉芯褋褋懈褟 0,699082 0,001320
谢懈褔薪芯泄 3,520461 0,003324
锌褉懈胁械褌褋褌胁械薪薪褘械 4,436752 0,004190
褋屑芯褌褉械褌褜 1,695912 0,004804
泻芯薪褑邪 1,546380 0,001460
蟹械薪懈褌械 3,183989 0,009020
泻芯褝褎褎懈褑懈械薪褌邪屑懈 4,031286 0,003807
斜邪褉褋械谢芯薪褘 2,827314 0,002670
蟹邪懈谐褉邪械褌 4,436752 0,004190
蟹械薪懈褌褍 2,827314 0,002670
褉芯褋褋懈褟薪懈薪邪 2,732003 0,002580
褋褌械谢褜锌 4,436752 0,004190
斜械蟹 0,466460 0,000881
锌械褉械写 0,839439 0,000793
薪械芯写薪芯蟹薪邪褔薪邪褟 5,129899 0,004844
卸懈写泻芯胁 4,436752 0,004190
写芯 0,239550 0,000452
褌褉邪薪褋褎械褉薪褍褞 3,743604 0,003535
斜械褌 1,834062 0,001732
ooo 4,436752 0,008379
屑芯褍褉懈薪褜褞 2,932674 0,002769
褌械谢械褎芯薪 2,134166 0,002015
斜邪褋泻械褌斜芯谢褜薪褘泄 3,520461 0,003324
懈褌芯谐懈 1,834062 0,003464
斜邪褋泻械褌斜芯谢 0,773190 0,000730
泻褍斜泻邪 0,825834 0,000780
泻谢褍斜 0,940244 0,003551
邪褏屑械褌芯胁 3,050457 0,002881
胁械褌械褉邪薪邪 3,520461 0,003324
锌褉芯锌褍褋褌懈谢 2,185460 0,002064
写谢褟 0,146292 0,000138
锌褉懈褔懈薪邪 3,050457 0,002881
谢芯泻芯屑芯褌懈胁褍 2,932674 0,002769
android 2,185460 0,010319
锌邪褋锌芯褉褌邪 4,031286 0,007613
胁械褉懈褎懈泻邪褑懈懈 4,436752 0,004190
褉芯褋褌芯胁 1,002764 0,001894
屑邪褋褋芯胁芯泄 2,932674 0,002769
屑邪褌械褉懈邪谢褘 1,762603 0,004993
芯斜褗褟褋薪懈谢 1,797694 0,001698
锌芯褋谢械 0,317714 0,000300
斜邪褉懈薪芯胁 3,338139 0,006304
褔褌芯 0,239550 0,001131
斜褍泻屑械泻械褉芯胁 1,198073 0,005657
蟹邪 0,125952 0,001308
褋褌邪褌褜懈 0,524729 0,000991
写褍褉邪薪芯屑 4,436752 0,004190
褉械泄褌懈薪谐 0,565551 0,002670
邪褉褌械褌褘 5,129899 0,004844
褉芯褋褋懈械泄 2,296685 0,004337
锌芯蟹懈褑懈懈 1,871802 0,001768
褉芯褋泻芯屑薪邪写蟹芯褉芯屑 3,520461 0,003324
褋械褉芯 4,436752 0,008379
谢邪胁泻械 4,436752 0,004190
褏邪泄泻懈薪 3,050457 0,002881
褎褉懈斜械褌邪屑懈 4,436752 0,008379
褋芯胁械褌褋泻懈泄 2,038856 0,001925
泻褍谢褜褌褍褉械 2,296685 0,002169
褔械屑锌懈芯薪褋褌胁芯 2,357310 0,002226
写薪褟 1,104547 0,003129
谐芯谢邪 1,951845 0,003686
懈蟹 0,106018 0,000601
褉芯薪邪谢写褍 1,911023 0,001805
屑芯卸械褌 0,630089 0,001785
褉械写邪泻褌芯褉 2,085376 0,001969
锌褉懈谢芯卸械薪懈褟屑懈 4,031286 0,007613
写薪械屑 3,743604 0,014140
斜芯谢褜褕械 0,812411 0,003069
锌邪褉懈芯斜蟹芯褉 4,436752 0,004190
屑芯薪邪泻芯 1,994404 0,003767
褎褍褌斜芯谢褌褉邪薪褋褎械褉褘 4,436752 0,004190
褏芯泻泻械泄 0,376309 0,000355
锌邪褉褌薪褢褉褘 2,827314 0,002670
薪邪褋 1,492313 0,001409
薪芯胁邪褟 1,546380 0,002920
褋泻邪 1,279751 0,001208
褋锌芯褉褌邪褎褍褌斜芯谢褏芯泻泻械泄褎懈谐褍褉薪芯械 4,436752 0,004190
android谢褍褔褕懈械 4,436752 0,004190
褋褌褘泻芯胁褘褏 3,050457 0,002881
褑褋泻邪 0,711058 0,006043
屑械卸写褍薪邪褉芯写薪褘泄 1,258698 0,001189
泻芯屑懈褌械褌 1,911023 0,005414
屑邪褌褔 0,411400 0,001554
褋褍锌械褉谢懈谐邪 1,574551 0,001487
泻芯褌芯褉褘械 0,760451 0,000718
泻芯薪褌芯褉 4,436752 0,008379
褎褍褌斜芯谢褜薪褘褏 2,038856 0,001925
褍斜褉邪褌褜 3,743604 0,003535
胁褘褋芯泻懈屑懈 3,520461 0,006649
褎褍褌斜芯谢褜薪褘泄 1,951845 0,003686
写懈薪邪屑芯 0,663991 0,000627
锌褉芯谐薪芯蟹褘 2,085376 0,003938
褋械屑邪泻 3,183989 0,003007
褉械谐懈褋褌褉邪褑懈褞斜褍泻屑械泻械褉褘 4,436752 0,004190
胁械褉懈褎懈泻邪褑懈懈斜褍泻屑械泻械褉褘 4,436752 0,004190
谢懈 1,198073 0,003394
泻邪褉邪胁邪械胁 4,031286 0,011420
褋锌芯褉褌懈胁薪邪褟 1,159607 0,001095
褋褌褉邪薪械 1,951845 0,001843
褉芯褋褋懈懈褉械泄褌懈薪谐 4,436752 0,004190
褋械谐芯写薪褟 0,881403 0,000832
泻邪褌邪薪懈械褏芯泻泻械泄 4,436752 0,004190
褋屑懈 1,546380 0,004381
泻芯屑邪薪写 1,178655 0,002226
ios锌褉懈谢芯卸械薪懈械 4,436752 0,033517
薪邪写械卸薪褘械 4,436752 0,004190
褋芯斜芯谢械胁邪 3,520461 0,003324
褌邪泄屑械 2,732003 0,002580
胁屑械褋褌械 1,178655 0,001113
褋芯褞蟹 1,762603 0,001664
懈胁邪薪 1,951845 0,001843
谢懈谐懈 0,895792 0,000846
斜褍写械褌 0,825834 0,000780
褎褍褌斜芯谢褜薪邪褟 2,239527 0,002115
屑械褋褌芯 0,597299 0,001128
谢懈谐械 1,368699 0,003877
褔械屑锌懈芯薪芯屑 1,122566 0,001060
锌械褉械褕械谢 2,490841 0,004704
褉邪褋褋泻邪蟹邪谢 1,238078 0,002338
谢懈谐邪 0,402511 0,001520
褉邪蟹胁懈褌懈褞 2,134166 0,002015
褋芯褋褜械写邪写 3,050457 0,002881
褉邪写懈 2,421849 0,006861
芯锌芯蟹写邪薪懈懈 4,436752 0,008379
薪械械 3,050457 0,002881
芯褌写褘褏 2,421849 0,002287
懈褋褌芯褉懈懈 0,630089 0,000595
褋斜芯褉薪芯泄 0,825834 0,001560
泻芯薪褌褉邪泻褌邪 2,296685 0,006506
褎谢懈泻邪 4,031286 0,003807
褌芯锌 1,238078 0,005846
薪邪 0,023953 0,000814
褎邪泻褌芯褉邪 4,436752 0,004190
薪械 0,099461 0,001127
芯褉谐邪薪懈蟹邪褑懈褟 1,664163 0,001571
薪邪褍屑芯胁 3,520461 0,006649
褋芯谐谢邪褕械薪懈械 1,834062 0,001732
锌褉械屑懈褟 3,050457 0,002881
薪芯 0,402511 0,000380
褋褌邪胁泻邪屑懈斜褍泻屑械泻械褉褘 4,436752 0,004190
谐谢邪胁薪邪褟 1,323236 0,004998
褌褉懈 0,786093 0,003711
写械褉卸邪胁邪 4,436752 0,004190
写懈胁械械胁邪 4,031286 0,003807
蟹邪褏邪褉褟薪 4,031286 0,003807
锌械褔邪褌懈 0,955511 0,000902
褋褌邪胁芯泻芯斜蟹芯褉 4,436752 0,004190
褋邪褎芯薪芯胁邪 3,050457 0,005761
褔械屑锌懈芯薪 0,867219 0,001638
芯褌 0,160085 0,000605
pari褎褉懈斜械褌 4,436752 0,004190
褎芯褉褍屑 0,881403 0,001665
泻芯褝褎褎懈褑懈械薪褌邪屑懈斜褍泻屑械泻械褉褘 4,436752 0,004190
褌芯褔泻芯泄 4,031286 0,003807
泻邪薪写懈写邪褌邪 3,743604 0,003535
褍褕械谢 2,239527 0,002115
泻邪褌邪薪懈械 0,534779 0,000505
褋写蟹写 4,436752 0,008379
褉械泻谢邪屑褘 2,490841 0,002352
褋褉械写褋褌胁邪屑懈 3,183989 0,003007
泻邪泻 0,232059 0,000657
褉械褋褌邪褉褌芯屑 5,129899 0,004844
胁褋械 0,125952 0,000833
pari 1,603538 0,003028
谐芯写邪 0,239550 0,000226
锌芯 0,073653 0,000348
懈薪褎芯褉屑邪褑懈懈 1,518981 0,001434
写芯褉芯谐芯褋褌芯褟褖懈泄 5,129899 0,004844
邪褉屑械泄褑械胁 2,932674 0,005539
斜褍泻屑械泻械褉褘斜褍泻屑械泻械褉褘 4,436752 0,004190
薪邪胁械褉褏 4,031286 0,003807
胁褋褢 1,159607 0,004380
芯褔械薪褜 1,140915 0,002155
胁薪懈褔褜褞 1,797694 0,003395
褔械屑锌懈芯薪芯胁 0,652562 0,002465
褋械屑械泄薪褘械 4,031286 0,007613
泻邪屑锌邪薪懈褞 3,520461 0,003324
