законным 3,183989 0,002352
формула 1,728701 0,001277
новый 0,940244 0,000694
день 0,760451 0,000562
рпл 1,140915 0,002528
основанием 2,932674 0,002166
найти 2,085376 0,001540
письмо 2,732003 0,002018
еще 0,955511 0,002823
четвертьфиналистом 4,031286 0,002977
спасибо 2,357310 0,001741
частично 2,932674 0,002166
стал 0,586604 0,000433
теннис 0,495170 0,001097
формулы 2,564949 0,001894
заявил 1,441019 0,001064
ахмат 1,217876 0,001799
фигурном 2,827314 0,002088
апл 1,871802 0,001382
фигурное 0,534779 0,001580
согласие 2,564949 0,003789
центр 0,881403 0,001302
авторы 3,520461 0,002600
доступ 2,827314 0,004176
вратарь 1,728701 0,001277
миа 3,050457 0,006759
теги 2,732003 0,002018
задать 2,932674 0,002166
ai 4,031286 0,002977
первой 1,019025 0,000753
автору 3,183989 0,002352
google 2,644992 0,001953
связаться 3,183989 0,014109
первом 1,052361 0,000777
а 0,209918 0,000620
б 1,466337 0,001083
должны 1,178655 0,000870
тут 2,490841 0,001840
в 0,017911 0,000397
те 1,834062 0,001355
г 0,925206 0,001367
д 0,895792 0,001323
left 2,085376 0,006161
реклама 0,735450 0,000543
фото 0,799165 0,001771
чехии 1,911023 0,002823
и 0,023953 0,000301
интер 1,633391 0,001206
политика 0,239550 0,000177
й 0,825834 0,001220
связь 1,392229 0,002056
комо 2,421849 0,001789
к 0,132686 0,000294
м 0,534779 0,000395
о 0,042302 0,000031
с 0,036149 0,000534
звезды 2,085376 0,001540
четвертьфинал 1,951845 0,001442
готово 3,050457 0,004506
у 0,342407 0,000506
ф 1,728701 0,001277
экс 1,994404 0,001473
течение 1,238078 0,000914
разгромил 2,296685 0,001696
выгнали 3,743604 0,002765
авто 0,925206 0,000683
звезд 2,185460 0,001614
главные 1,086847 0,000803
информационных 2,421849 0,001789
назвал 1,323236 0,001955
размещения 3,183989 0,002352
сочи 0,853233 0,000630
футбол 0,285712 0,001899
конфиденциальности 0,317714 0,000939
связи 1,159607 0,005139
весь 1,951845 0,001442
заголовок 3,050457 0,004506
звезду 2,732003 0,002018
русский 0,839439 0,001240
процесса 2,932674 0,002166
адресу 3,050457 0,004506
проблему 2,732003 0,002018
a 1,392229 0,001028
c 1,546380 0,003426
e 1,603538 0,002369
при 0,367725 0,000815
время 0,384967 0,000569
данных 1,871802 0,011059
честное 4,031286 0,002977
атлетико 1,911023 0,001411
письма 2,134166 0,001576
p 1,951845 0,001442
новгород 1,217876 0,000899
хваленых 4,031286 0,002977
r 2,085376 0,001540
часов 2,085376 0,003080
соглашаетесь 2,932674 0,002166
имена 2,564949 0,001894
v 1,951845 0,001442
восстановления 2,564949 0,001894
ранее 1,104547 0,000816
главный 1,035554 0,000765
континентальная 3,338139 0,004931
данные 1,834062 0,001355
фс 2,085376 0,001540
чистые 3,743604 0,002765
город 1,871802 0,001382
разблокировать 3,183989 0,007055
украинцев 3,743604 0,002765
вырвала 3,183989 0,002352
фотографию 2,932674 0,002166
билась 4,436752 0,003277
лучшее 2,239527 0,001654
обращаем 3,183989 0,002352
новостеймолния 3,183989 0,002352
написать 3,050457 0,002253
отправлено 3,183989 0,002352
сыграет 1,603538 0,001184
div 2,357310 0,006964
rian 3,183989 0,007055
сначала 1,664163 0,001229
одноклассники 2,564949 0,003789
вторичным 4,031286 0,002977
подарили 2,827314 0,004176
выиграет 2,644992 0,001953
показать 0,825834 0,000610
кнопку 2,732003 0,002018
коммуникаций 2,296685 0,001696
пытался 2,827314 0,002088
пароль 2,732003 0,012106
пароля 3,050457 0,009012
судья 1,834062 0,001355
нехватку 4,436752 0,003277
перейдите 3,183989 0,002352
спорта 0,342407 0,000253
победу 0,910391 0,000672
вход 2,239527 0,001654
соревнованиях 1,159607 0,000856
продукты 2,827314 0,002088
игр 0,367725 0,000543
закрыто 3,183989 0,002352
удалено 3,183989 0,002352
сколько 1,834062 0,001355
могут 0,760451 0,000562
материалов 1,217876 0,002698
гаврилова 3,183989 0,002352
отправлена 3,183989 0,002352
италии 1,002764 0,000741
чате 3,183989 0,002352
себе 1,546380 0,001142
всех 0,652562 0,000964
чату 3,183989 0,002352
расположенному 3,183989 0,004703
редакцией 2,490841 0,001840
инфографика 3,743604 0,002765
видео 0,699082 0,001033
чехия 1,518981 0,001122
биатлон 0,534779 0,000790
атлетам 3,743604 0,002765
чм 1,492313 0,001102
гонки 1,002764 0,002222
учредитель 2,185460 0,001614
рассмотрены 3,050457 0,002253
локомотив 0,910391 0,000672
минуте 2,421849 0,001789
мое 2,827314 0,004176
едва 2,932674 0,002166
ссылка 0,786093 0,001161
abdlkab 4,436752 0,003277
ссылке 3,050457 0,002253
мок 1,574551 0,001163
counter 1,911023 0,002823
ссылки 0,839439 0,000620
перетяните 3,183989 0,002352
архив 1,258698 0,000930
помочь 2,296685 0,001696
шанхайские 2,827314 0,002088
единоборства 2,239527 0,001654
палачей 4,436752 0,003277
ошибках 2,932674 0,002166
обязательны 3,050457 0,015770
арсенал 1,466337 0,001083
сша 0,586604 0,000433
русского 2,564949 0,003789
щадят 4,436752 0,003277
вынесли 3,743604 0,002765
выпуска 2,932674 0,002166
формой 2,644992 0,007814
списка 2,732003 0,002018
роскомнадзор 2,644992 0,001953
махачкала 2,421849 0,001789
ria 2,932674 0,002166
блокировался 3,183989 0,002352
эксклюзивы 2,732003 0,002018
седоковой 3,520461 0,002600
через 0,971016 0,000717
москва 0,760451 0,002808
двоек 4,436752 0,003277
воспользоваться 3,050457 0,002253
вечер 3,050457 0,002253
входа 2,932674 0,002166
id 2,732003 0,008071
https 0,699082 0,002065
моё 2,932674 0,002166
федеральное 2,827314 0,002088
федеральной 2,357310 0,001741
хейтят 4,436752 0,003277
команда 0,663991 0,000490
международное 2,185460 0,004842
рспорт 4,436752 0,003277
украинскими 4,031286 0,002977
офф 1,019025 0,000753
тиммы 3,520461 0,002600
будут 1,392229 0,001028
новостей 1,574551 0,001163
зенит 0,895792 0,000662
tns 3,183989 0,002352
мечта 3,183989 0,002352
очки 1,466337 0,001083
политикой 2,732003 0,006053
матчи 0,773190 0,000571
торпедо 1,574551 0,002326
мадрид 1,834062 0,001355
котором 1,217876 0,000899
чемпиона 1,466337 0,001083
чем 0,747872 0,000552
матче 0,747872 0,001105
обработки 2,296685 0,003392
отнял 3,743604 0,002765
даю 3,050457 0,004506
показал 2,085376 0,001540
золото 1,217876 0,001799
js 2,827314 0,002088
золоту 3,183989 0,002352
обработку 2,932674 0,004332
акрон 1,279751 0,000945
обратной 3,050457 0,011265
хачановым 3,520461 0,002600
редакции 1,951845 0,002883
вчера 1,518981 0,026924
обращений 3,183989 0,002352
top 1,728701 0,001277
пшик 4,436752 0,003277
красная 1,994404 0,001473
это 0,277868 0,000205
обработка 2,827314 0,002088
синнер 2,932674 0,002166
дохе 2,296685 0,003392
спортсменов 0,786093 0,000581
дефицит 3,520461 0,002600
новую 1,664163 0,001229
описанием 3,050457 0,002253
массовых 2,134166 0,001576
назвали 2,644992 0,001953
тренер 0,895792 0,000662
пройдена 3,183989 0,002352
атлеты 2,564949 0,001894
виноват 4,031286 0,002977
головину 3,520461 0,002600
только 0,447767 0,000331
используется 1,633391 0,001206
уничтожить 4,031286 0,002977
выстояла 4,436752 0,003277
зарегистрироваться 2,932674 0,008664
пожаловаться 3,183989 0,002352
новости 0,301585 0,001559
войти 0,735450 0,002173
нхл 0,925206 0,002050
электронной 2,564949 0,001894
mail 1,301257 0,003844
или 0,576022 0,002553
вышла 1,466337 0,001083
россиянам 2,732003 0,002018
эл 2,134166 0,001576
действия 1,797694 0,001328
фигуриста 2,932674 0,004332
паралимпиады 3,338139 0,002465
защита 1,797694 0,001328
mc 2,421849 0,005366
www 1,392229 0,001028
регистрация 2,185460 0,004842
северсталь 2,134166 0,001576
американская 2,421849 0,001789
почему 1,122566 0,003316
использования 0,393700 0,000291
восстановление 2,732003 0,006053
брюгге 1,951845 0,001442
вопросам 2,490841 0,003679
border 3,183989 0,002352
ношу 4,436752 0,003277
государственное 2,732003 0,002018
завершен 2,732003 0,012106
utf 3,183989 0,002352
симоненко 4,436752 0,003277
тренировке 2,827314 0,002088
alt 2,185460 0,008070
вконтакте 1,911023 0,002823
спецпроекты 2,421849 0,001789
tmsec 3,183989 0,002352
просим 3,183989 0,002352
заблокирован 3,183989 0,002352
нарушение 1,797694 0,003983
навсегда 2,564949 0,001894
поборются 4,436752 0,003277
стыковом 2,564949 0,001894
оренбург 1,323236 0,000977
ошибку 1,834062 0,001355
na 2,490841 0,001840
четверные 3,520461 0,002600
защиты 2,134166 0,001576
блоги 2,296685 0,001696
большунова 3,183989 0,002352
защитник 1,574551 0,001163
назад 1,140915 0,004213
обращения 0,925206 0,001367
position 2,085376 0,006161
минск 1,834062 0,001355
футболу 1,492313 0,003306
первый 0,687247 0,000508
февраля 0,232059 0,001371
ссср 0,940244 0,000694
ошибка 2,644992 0,001953
fwz 2,827314 0,002088
полная 1,834062 0,001355
аналитика 2,421849 0,001789
буде 2,564949 0,001894
вопрос 1,603538 0,001184
зубовский 3,183989 0,004703
юрист 4,031286 0,002977
стравили 4,436752 0,003277
подтверждаете 3,050457 0,002253
позора 3,520461 0,002600
рекомендуемое 4,031286 0,002977
заполнить 3,050457 0,004506
вас 2,564949 0,001894
атлет 3,520461 0,002600
og 4,031286 0,002977
ваш 2,732003 0,008071
осуществляется 2,490841 0,001840
другие 0,384967 0,000569
имя 1,603538 0,005921
главное 1,574551 0,002326
beta 3,183989 0,002352
хоккейная 2,421849 0,005366
прыжки 1,019025 0,000753
надзору 2,421849 0,001789
где 0,675551 0,000499
интервью 0,971016 0,001434
срок 2,085376 0,003080
src 2,239527 0,008270
ot 4,436752 0,006554
показала 2,644992 0,001953
кто 0,839439 0,002480
издание 1,911023 0,001411
бульвар 3,183989 0,004703
бундеслига 2,134166 0,003152
заполните 3,183989 0,011758
хотите 3,050457 0,002253
технологий 2,239527 0,003308
сетевое 2,085376 0,001540
вновь 1,574551 0,001163
сменить 2,564949 0,001894
awards 3,183989 0,002352
материал 0,825834 0,000610
рубин 1,217876 0,000899
участвовать 1,518981 0,002244
сообщить 0,799165 0,000590
расселл 2,296685 0,001696
sport 1,122566 0,001658
успешно 1,911023 0,001411
советов 1,217876 0,000899
тутберидзе 2,085376 0,003080
скриншот 3,183989 0,007055
лента 1,633391 0,002413
px 2,185460 0,006456
балтика 1,258698 0,000930
спорт 0,224624 0,000829
заблокированы 3,183989 0,002352
сфере 2,296685 0,001696
свидетельство 2,564949 0,001894
height 3,050457 0,004506
сборная 0,711058 0,000525
правила 0,910391 0,001345
известных 2,085376 0,001540
взаимодействия 2,932674 0,004332
крах 3,743604 0,002765
орехов 4,031286 0,002977
тайм 2,085376 0,003080
глава 1,546380 0,001142
франции 1,035554 0,000765
сохранить 2,357310 0,001741
информационное 2,932674 0,006498
комментирования 3,183989 0,004703
спартака 1,633391 0,001206
бы 1,052361 0,000777
можно 1,002764 0,000741
зож 2,827314 0,004176
кхл 0,760451 0,002808
немецкие 2,932674 0,002166
пресс 1,086847 0,001605
россии 0,160085 0,000118
применения 2,357310 0,001741
ru 0,285712 0,002110
привел 4,031286 0,002977
аннулировать 4,031286 0,002977
испании 1,834062 0,001355
федеральному 3,183989 0,004703
персональных 2,185460 0,012913
произошла 2,421849 0,001789
заставил 3,520461 0,002600
российские 1,301257 0,000961
уже 0,687247 0,000508
rss 2,085376 0,001540
ваше 3,050457 0,018023
дата 0,881403 0,000651
рублев 2,296685 0,001696
эксклюзивные 2,932674 0,002166
ильи 4,031286 0,002977
сайте 1,217876 0,000899
ваши 2,564949 0,001894
раз 0,504926 0,001865
чемпионат 0,277868 0,000616
российским 1,994404 0,001473
вы 0,325878 0,002166
фио 3,050457 0,002253
восстановить 2,932674 0,002166
пожалуйста 1,633391 0,001206
драконы 2,644992 0,001953
выступления 1,546380 0,001142
выиграть 1,466337 0,001083
версия 0,485508 0,000359
ниже 1,762603 0,003905
вопроса 2,932674 0,002166
россия 0,699082 0,004130
поля 1,603538 0,008290
аренду 2,357310 0,001741
позвали 3,520461 0,005200
лозунгом 4,436752 0,003277
watch 2,357310 0,005223
absolute 2,296685 0,006785
европы 0,524729 0,000388
государственному 3,183989 0,004703
чтобы 0,773190 0,002855
да 1,911023 0,001411
плей 1,002764 0,000741
американского 2,490841 0,001840
регистрации 2,421849 0,003577
казахстан 1,301257 0,000961
loader 3,183989 0,004703
монстра 4,436752 0,003277
сайт 0,773190 0,001142
поле 1,217876 0,000899
турнира 0,839439 0,001240
до 0,239550 0,000177
называем 4,436752 0,003277
истерика 4,031286 0,002977
причину 3,520461 0,002600
сервисы 2,644992 0,001953
зарегистрировано 1,951845 0,001442
бойкот 3,338139 0,002465
другое 1,834062 0,001355
поддерживаетсяполучить 3,183989 0,002352
адрес 2,038856 0,004517
соответствии 1,086847 0,001605
загрузите 2,185460 0,001614
карабах 2,038856 0,003012
сообщения 2,932674 0,008664
брачный 4,031286 0,002977
гордостью 4,031286 0,002977
ее 1,871802 0,002765
загрузить 2,732003 0,002018
направлении 2,357310 0,001741
телефон 2,134166 0,001576
замеченных 3,183989 0,002352
отправки 3,050457 0,002253
малинина 3,520461 0,002600
унитарному 3,183989 0,004703
для 0,146292 0,001188
флаг 1,279751 0,000945
сообщение 3,050457 0,022529
internet 2,932674 0,004332
срыве 4,436752 0,003277
старые 2,490841 0,001840
выберите 2,239527 0,004962
привез 3,743604 0,002765
mma 2,038856 0,001506
медалью 3,743604 0,002765
мото 1,574551 0,001163
попробуйте 2,932674 0,002166
нижний 1,159607 0,000856
евролига 1,664163 0,001229
национальная 1,574551 0,001163
высмеяли 4,031286 0,002977
ростов 1,002764 0,000741
после 0,317714 0,000235
чудом 3,520461 0,002600
apple 3,050457 0,002253
что 0,239550 0,000354
порвет 4,436752 0,003277
договор 2,564949 0,001894
бахрейне 3,338139 0,002465
краснодар 0,925206 0,000683
медали 0,971016 0,001434
заняли 2,134166 0,001576
жуков 3,183989 0,002352
вышел 1,574551 0,001163
защитой 2,932674 0,004332
за 0,125952 0,000558
статьи 0,524729 0,000388
канада 1,301257 0,001922
авторизация 3,183989 0,002352
подтвердите 3,050457 0,002253
рейтинг 0,565551 0,000418
логином 3,183989 0,002352
форма 1,695912 0,001253
медаль 1,416327 0,001046
галочку 3,183989 0,002352
контакты 1,258698 0,000930
было 0,438551 0,000324
материале 2,827314 0,004176
перетащите 3,183989 0,007055
зачем 2,421849 0,001789
материала 2,490841 0,003679
были 0,799165 0,000590
вашего 3,050457 0,002253
паролем 3,183989 0,002352
если 0,675551 0,001996
экспертов 3,183989 0,002352
xn 4,436752 0,006554
способы 2,644992 0,003907
канады 1,217876 0,001799
обо 2,932674 0,002166
зарегистрируйтесь 3,183989 0,002352
петросян 1,441019 0,005321
из 0,106018 0,000313
тестов 3,520461 0,002600
подорвана 4,031286 0,002977
запретил 3,338139 0,002465
дискуссии 2,827314 0,004176
показательные 1,466337 0,001083
редактор 2,085376 0,003080
фгуп 4,031286 0,002977
нба 1,546380 0,001142
унитарное 3,050457 0,002253
авербух 3,183989 0,004703
презервативов 4,031286 0,005955
форму 1,797694 0,009294
смартфоны 2,932674 0,004332
тема 2,490841 0,005519
отправленного 3,183989 0,002352
хоккей 0,376309 0,003057
спартак 0,786093 0,001161
вывесили 3,338139 0,002465
марожан 4,031286 0,002977
гол 1,546380 0,001142
рекомендательных 3,050457 0,002253
связанные 0,881403 0,000651
данная 2,732003 0,002018
скандалы 2,564949 0,003789
ска 1,279751 0,000945
риа 1,466337 0,006498
обратная 1,441019 0,002129
милан 1,633391 0,001206
байер 1,994404 0,001473
серия 1,052361 0,001554
цска 0,711058 0,000525
связанных 1,911023 0,001411
проставляя 3,183989 0,002352
опишите 3,183989 0,002352
россиян 1,762603 0,001302
заполнения 3,050457 0,015770
полезное 3,183989 0,002352
style 2,085376 0,007701
службе 2,421849 0,001789
рвется 4,436752 0,003277
релизов 3,050457 0,002253
ваших 2,827314 0,004176
андрей 1,323236 0,000977
матч 0,411400 0,000304
почты 2,932674 0,002166
лыжные 1,140915 0,002528
ньюкасл 2,085376 0,003080
большунов 2,357310 0,001741
олимпиакос 2,085376 0,001540
идет 2,490841 0,001840
rsport 2,932674 0,002166
гения 3,743604 0,002765
ла 1,762603 0,001302
знает 3,520461 0,002600
агентство 2,185460 0,004842
динамо 0,663991 0,001471
жены 3,183989 0,002352
правил 1,323236 0,002932
крылья 1,258698 0,000930
авторизуйтесь 3,050457 0,002253
авторизоваться 3,183989 0,002352
закончен 3,743604 0,008295
норвежца 3,183989 0,002352
сегодня 0,881403 0,003906
гусарские 4,436752 0,003277
агентства 2,490841 0,001840
агентстве 3,183989 0,002352
расширенный 3,183989 0,002352
обеспечило 3,520461 0,002600
лч 2,185460 0,003228
бобслеисты 4,031286 0,002977
поплыть 4,436752 0,003277
полуфинал 1,633391 0,001206
width 3,050457 0,004506
новыесначала 3,183989 0,002352
иван 1,951845 0,001442
глимт 2,038856 0,001506
место 0,597299 0,000441
шапка 3,183989 0,002352
отправить 2,490841 0,020236
продолжить 2,134166 0,001576
лига 0,402511 0,002973
рассказал 1,238078 0,000914
решении 2,732003 0,002018
гала 3,520461 0,002600
корреспондент 3,338139 0,007396
пьянки 4,436752 0,003277
воспользуйтесь 3,183989 0,007055
олимпиаде 0,895792 0,001985
участие 0,597299 0,000441
аккаунт 3,183989 0,009406
на 0,023953 0,000372
олимпиада 1,104547 0,000816
обсуждение 0,881403 0,000651
не 0,099461 0,001102
опечатка 3,183989 0,002352
использовать 1,603538 0,001184
блокировки 3,050457 0,002253
досрочно 2,421849 0,001789
онлайн 0,773190 0,000571
group 2,357310 0,001741
нн 2,564949 0,001894
контактов 3,050457 0,002253
олимпиаду 1,664163 0,001229
почта 2,564949 0,011366
апреля 1,052361 0,000777
олимпиады 0,925206 0,004783
таблица 0,925206 0,000683
звезда 1,871802 0,001382
фамилия 3,050457 0,002253
чиновниками 4,031286 0,002977
яндекс 2,490841 0,003679
нами 0,853233 0,004411
российская 0,799165 0,001180
об 0,217244 0,000160
удалили 2,932674 0,006498
либо 1,140915 0,000843
вулверхэмптон 2,564949 0,001894
ои 0,812411 0,001800
вакансии 2,421849 0,001789
нет 0,825834 0,000610
аккаунту 3,183989 0,002352
открываемого 3,183989 0,004703
хоккейном 2,732003 0,002018
катании 2,732003 0,002018
нажимая 2,827314 0,002088
acbl 4,436752 0,003277
поиск 0,735450 0,000543
img 2,185460 0,008070
вами 2,827314 0,002088
недопустимое 3,183989 0,002352
от 0,160085 0,000236
правды 4,031286 0,002977
клебо 2,490841 0,001840
согласны 2,932674 0,006498
ушел 2,239527 0,001654
пьедестал 2,732003 0,002018
бокс 0,576022 0,000425
истек 3,183989 0,002352
катание 0,534779 0,001580
сафонову 3,743604 0,002765
рекламы 2,490841 0,001840
предприятию 3,183989 0,004703
как 0,232059 0,000514
вернуть 2,185460 0,001614
пкр 4,436752 0,003277
мегасенсация 4,436752 0,003277
внимание 1,871802 0,001382
принимать 2,134166 0,001576
все 0,125952 0,000651
алькарас 2,134166 0,001576
условие 3,183989 0,002352
премьер 1,217876 0,001799
сможете 3,050457 0,002253
года 0,239550 0,000177
по 0,073653 0,000490
рекорды 1,762603 0,001302
stories 3,050457 0,002253
гуменника 2,564949 0,003789
ознакомлены 3,183989 0,002352
избежала 4,031286 0,002977
моих 3,050457 0,004506
аршавина 4,031286 0,002977
yandex 2,239527 0,004962
влад 4,031286 0,002977
предприятие 2,827314 0,002088
чемпионов 0,652562 0,000482
обсуждения 2,490841 0,001840
источник 0,853233 0,000630
блокировкой 3,183989 0,007055
