новые 0,747872 0,002876
ещё 0,420369 0,001617
экспорт 0,986764 0,003795
снаряд 3,520461 0,013540
навигация 0,986764 0,007590
страница 0,940244 0,007233
мобильная 0,608110 0,002339
лицензии 0,986764 0,003795
см 0,955511 0,007350
странице 0,971016 0,003735
со 0,447767 0,003444
просмотры 0,986764 0,003795
запись 0,955511 0,003675
навигации 0,986764 0,003795
qr 0,986764 0,003795
заявление 0,867219 0,003335
указывала 4,031286 0,015505
страницу 0,971016 0,003735
страницы 0,971016 0,018673
в 0,017911 0,000344
викимедиа 0,986764 0,003795
содержание 0,971016 0,003735
и 0,023953 0,000092
политика 0,239550 0,000921
к 0,132686 0,001021
о 0,042302 0,000325
с 0,036149 0,000695
она 0,825834 0,003176
ru 0,285712 0,001099
действовать 0,955511 0,003675
дополнительные 0,986764 0,003795
элемент 0,955511 0,003675
скачать 0,895792 0,006891
заглавная 0,986764 0,003795
спортивный 1,301257 0,005005
sa 0,986764 0,003795
конфиденциальности 0,317714 0,001222
скоростной 3,338139 0,012839
раз 0,504926 0,001942
by 0,971016 0,003735
вы 0,325878 0,002507
случайная 0,986764 0,003795
wikipedia 0,986764 0,007590
пожалуйста 1,633391 0,006282
русский 0,839439 0,003229
cc 0,986764 0,003795
постоянная 0,986764 0,003795
проект 1,728701 0,006649
указанием 0,986764 0,003795
версия 0,485508 0,003735
энциклопедии 0,986764 0,003795
поведения 0,895792 0,003445
алфавиту 1,159607 0,004460
w 0,955511 0,003675
associated 0,986764 0,003795
представились 0,986764 0,003795
чтобы 0,773190 0,002974
соответствующие 2,490841 0,009580
также 0,663991 0,002554
персональные 0,971016 0,003735
вернитесь 4,031286 0,015505
разработчики 0,986764 0,003795
знак 0,986764 0,003795
викиданных 0,986764 0,003795
зарегистрированный 0,986764 0,003795
другой 1,492313 0,005740
сюда 0,986764 0,007590
специальной 2,421849 0,009315
сноуборд 1,238078 0,033333
правки 0,986764 0,007590
цитировать 0,986764 0,003795
склонов 5,129899 0,039461
спорта 0,342407 0,001317
системе 0,867219 0,003335
читать 0,586604 0,002256
для 0,146292 0,001125
проектах 0,986764 0,003795
могут 0,760451 0,002925
отказ 0,910391 0,003502
скоростного 5,129899 0,019730
короткий 0,971016 0,003735
сохранением 0,986764 0,003795
вид 1,104547 0,004248
snowboard 5,129899 0,019730
англ 1,159607 0,008920
имитацией 5,129899 0,019730
случаях 0,971016 0,003735
title 0,986764 0,003795
кодекс 0,971016 0,003735
пожертвовать 0,986764 0,003795
править 0,986764 0,011386
поиску 0,971016 0,003735
статьи 0,524729 0,008073
последний 0,773190 0,002974
названиям 4,031286 0,015505
org 0,986764 0,003795
ссылка 0,786093 0,003023
подробнее 0,723179 0,002781
ссылки 0,839439 0,006457
статью 1,728701 0,006649
служебные 0,986764 0,003795
если 0,675551 0,002598
статья 0,986764 0,007590
pdf 0,940244 0,003616
языках 0,986764 0,003795
wikimedia 0,986764 0,003795
была 0,652562 0,002510
снегом 4,436752 0,017064
описание 0,986764 0,003795
ссылку 4,031286 0,015505
из 0,106018 0,000816
snowboarding 5,129899 0,019730
свободной 0,986764 0,003795
заснеженных 5,129899 0,019730
получить 0,747872 0,002876
спуска 4,436752 0,017064
отдельных 0,986764 0,003795
https 0,699082 0,002689
связанные 0,881403 0,003390
index 0,986764 0,003795
отредактирована 0,986764 0,003795
уточните 3,743604 0,014398
эта 0,867219 0,003335
вклад 0,971016 0,003735
creative 0,986764 0,003795
текст 0,986764 0,003795
избранные 0,971016 0,003735
ноября 0,971016 0,003735
перейти 0,867219 0,006671
доске 4,436752 0,017064
foundation 0,986764 0,003795
слова 1,574551 0,006056
спуск 3,520461 0,013540
commons 0,986764 0,003795
названия 1,664163 0,006401
доска 3,520461 0,013540
учётную 0,986764 0,003795
код 0,986764 0,007590
текущие 0,940244 0,003616
ответственности 0,971016 0,003735
url 0,986764 0,003795
создать 0,825834 0,003176
его 0,447767 0,001722
php 0,986764 0,003795
войти 0,735450 0,002829
свяжитесь 0,986764 0,003795
или 0,576022 0,004431
печать 0,986764 0,003795
начале 1,301257 0,005005
свежие 0,910391 0,003502
участие 0,597299 0,002297
фонд 0,940244 0,003616
на 0,023953 0,000369
pages 0,986764 0,003795
обсуждение 0,881403 0,006780
не 0,099461 0,000383
нужную 3,743604 0,014398
использования 0,393700 0,001514
ссылками 1,159607 0,004460
организации 0,812411 0,003125
добавить 3,338139 0,012839
товарный 0,986764 0,003795
история 0,555188 0,002135
инструменты 0,986764 0,007590
категория 1,546380 0,005948
нами 0,853233 0,003282
об 0,217244 0,000836
некоммерческой 0,986764 0,003795
справка 0,986764 0,003795
печати 0,955511 0,003675
куки 0,971016 0,003735
список 1,198073 0,004608
ошибке 0,955511 0,003675
поиск 0,735450 0,005657
доступен 0,971016 0,003735
от 0,160085 0,000616
форум 0,881403 0,003390
условий 0,881403 0,003390
покрытых 5,129899 0,019730
события 0,663991 0,002554
статистика 0,652562 0,002510
oldid 0,986764 0,003795
значений 4,031286 0,046515
как 0,232059 0,001785
википедия 0,986764 0,003795
так 0,597299 0,002297
года 0,239550 0,000921
по 0,073653 0,000850
inc 0,986764 0,003795
примечания 1,002764 0,003857
сведения 0,812411 0,003125
попали 2,564949 0,009865
словосочетания 4,031286 0,015505
других 0,853233 0,006563
материал 0,825834 0,003176
сообщить 0,799165 0,003074
авторства 0,986764 0,003795
сообщество 0,986764 0,003795
википедии 0,986764 0,011386
источник 0,853233 0,003282
условия 0,411400 0,003165
