законным 3,183989 0,002791
англии 2,038856 0,001787
новый 0,940244 0,000824
рпл 1,140915 0,005000
основанием 2,932674 0,002570
найти 2,085376 0,001828
письмо 2,732003 0,002394
еще 0,955511 0,014236
спасибо 2,357310 0,002066
теннис 0,495170 0,000434
обзор 2,134166 0,001870
ахмат 1,217876 0,002135
апл 1,871802 0,003281
фигурное 0,534779 0,000469
согласие 2,564949 0,004496
центр 0,881403 0,000772
доступ 2,827314 0,004956
миа 3,050457 0,005347
теги 2,732003 0,002394
задать 2,932674 0,002570
ахматбалтика 5,129899 0,004496
автору 3,183989 0,002791
google 2,644992 0,002318
связаться 3,183989 0,016743
первом 1,052361 0,001845
а 0,209918 0,000920
обыграть 3,183989 0,002791
должны 1,178655 0,001033
тут 2,490841 0,002183
в 0,017911 0,000392
г 0,925206 0,001622
д 0,895792 0,001570
left 2,085376 0,007311
реклама 0,735450 0,000645
фото 0,799165 0,000700
и 0,023953 0,000336
интер 1,633391 0,002863
политика 0,239550 0,000210
связь 1,392229 0,002440
комо 2,421849 0,002123
к 0,132686 0,000233
леаумассимилиано 5,129899 0,004496
о 0,042302 0,000037
финала 1,104547 0,000968
с 0,036149 0,000539
готово 3,050457 0,005347
течение 1,238078 0,001085
разгромил 2,296685 0,002013
авто 0,925206 0,000811
ахматом 3,743604 0,003281
информационных 2,421849 0,002123
размещения 3,183989 0,002791
сочи 0,853233 0,000748
футбол 0,285712 0,001753
конфиденциальности 0,317714 0,001114
связи 1,159607 0,006098
заголовок 3,050457 0,005347
процесса 2,932674 0,002570
адресу 3,050457 0,005347
проблему 2,732003 0,002394
a 1,392229 0,001220
c 1,546380 0,002711
e 1,603538 0,002811
время 0,384967 0,000337
при 0,367725 0,000645
данных 1,871802 0,013124
атлетико 1,911023 0,001675
письма 2,134166 0,001870
новгород 1,217876 0,001067
r 2,085376 0,001828
часов 2,085376 0,003655
соглашаетесь 2,932674 0,002570
фернандес 3,520461 0,003085
v 1,951845 0,001711
восстановления 2,564949 0,002248
ранее 1,104547 0,000968
главный 1,035554 0,000908
данные 1,834062 0,001607
фс 2,085376 0,001828
сборную 1,633391 0,001432
город 1,871802 0,001640
разблокировать 3,183989 0,008372
фотографию 2,932674 0,002570
обращаем 3,183989 0,002791
новостеймолния 3,183989 0,002791
написать 3,050457 0,002673
отправлено 3,183989 0,002791
div 2,357310 0,008264
гондуматвей 5,129899 0,004496
rian 3,183989 0,005581
сначала 1,664163 0,001459
одноклассники 2,564949 0,004496
футболспортабу 5,129899 0,004496
баринова 3,338139 0,002926
показать 0,825834 0,000724
кнопку 2,732003 0,002394
коммуникаций 2,296685 0,002013
пароль 2,732003 0,014366
пароля 3,050457 0,010694
перейдите 3,183989 0,002791
хайкиным 4,031286 0,003533
вход 2,239527 0,001963
продукты 2,827314 0,002478
закрыто 3,183989 0,002791
удалено 3,183989 0,002791
садулаеврпл 5,129899 0,004496
сколько 1,834062 0,001607
материалов 1,217876 0,004270
гаврилова 3,183989 0,002791
клубов 1,603538 0,001405
отправлена 3,183989 0,002791
италии 1,002764 0,003515
чате 3,183989 0,002791
матчейньюкасл 5,129899 0,004496
всех 0,652562 0,000572
чату 3,183989 0,002791
расположенному 3,183989 0,005581
редакцией 2,490841 0,002183
биатлон 0,534779 0,000469
товарищеском 3,338139 0,002926
черчесовбрайан 5,129899 0,004496
учредитель 2,185460 0,001915
рассмотрены 3,050457 0,002673
локомотив 0,910391 0,000798
юнайтед 2,185460 0,003831
мое 2,827314 0,004956
наций 1,797694 0,001576
ссылка 0,786093 0,001378
ссылке 3,050457 0,002673
counter 1,911023 0,003350
ссылки 0,839439 0,000736
перетяните 3,183989 0,002791
архив 1,258698 0,001103
помочь 2,296685 0,002013
единоборства 2,239527 0,001963
хлусевичспартак 5,129899 0,008992
ошибках 2,932674 0,002570
обязательны 3,050457 0,018714
выпуска 2,932674 0,002570
формой 2,644992 0,009273
списка 2,732003 0,002394
роскомнадзор 2,644992 0,002318
махачкала 2,421849 0,002123
ria 2,932674 0,002570
блокировался 3,183989 0,002791
футболданиил 5,129899 0,004496
глимтинтерлига 5,129899 0,004496
через 0,971016 0,000851
москва 0,760451 0,003332
воспользоваться 3,050457 0,002673
входа 2,932674 0,002570
id 2,732003 0,009578
https 0,699082 0,001838
моё 2,932674 0,002570
федеральное 2,827314 0,002478
федеральной 2,357310 0,002066
команда 0,663991 0,000582
международное 2,185460 0,005746
команде 1,258698 0,001103
будут 1,392229 0,001220
новостей 1,574551 0,001380
зенит 0,895792 0,000785
гордонджейкоб 5,129899 0,004496
tns 3,183989 0,002791
очки 1,466337 0,001285
политикой 2,732003 0,007183
матчи 0,773190 0,000678
мадрид 1,834062 0,001607
чем 0,747872 0,000655
матче 0,747872 0,003277
бариновлусиано 5,129899 0,004496
обработки 2,296685 0,004026
даю 3,050457 0,005347
ахмата 3,338139 0,002926
ндонглечи 5,129899 0,004496
js 2,827314 0,002478
обработку 2,932674 0,005141
акрон 1,279751 0,001122
обратной 3,050457 0,013367
бразилии 2,357310 0,002066
редакции 1,951845 0,003421
вчера 1,518981 0,013313
обращений 3,183989 0,002791
top 1,728701 0,001515
спортанонсы 5,129899 0,017984
это 0,277868 0,000244
обработка 2,827314 0,002478
помог 2,421849 0,002123
футболспортданиил 5,129899 0,004496
новую 1,664163 0,001459
описанием 3,050457 0,002673
массовых 2,134166 0,001870
пройдена 3,183989 0,002791
только 0,447767 0,000392
используется 1,633391 0,001432
зарегистрироваться 2,932674 0,010281
английская 3,338139 0,002926
пожаловаться 3,183989 0,002791
новости 0,301585 0,001322
войти 0,735450 0,002578
выкупа 3,743604 0,003281
электронной 2,564949 0,002248
mail 1,301257 0,004562
или 0,576022 0,003029
вышли 1,797694 0,001576
эл 2,134166 0,001870
действия 1,797694 0,001576
защита 1,797694 0,001576
mc 2,421849 0,006368
www 1,392229 0,001220
регистрация 2,185460 0,005746
почему 1,122566 0,001968
использования 0,393700 0,000345
восстановление 2,732003 0,007183
брюгге 1,951845 0,001711
вопросам 2,490841 0,004366
border 3,183989 0,002791
футбола 1,762603 0,004634
государственное 2,732003 0,002394
utf 3,183989 0,002791
alt 2,185460 0,009577
вконтакте 1,911023 0,003350
спецпроекты 2,421849 0,002123
tmsec 3,183989 0,002791
просим 3,183989 0,002791
заблокирован 3,183989 0,002791
нарушение 1,797694 0,004727
навсегда 2,564949 0,002248
стыковом 2,564949 0,004496
оренбург 1,323236 0,001160
ошибку 1,834062 0,001607
na 2,490841 0,002183
защиты 2,134166 0,001870
защитник 1,574551 0,001380
будё 2,827314 0,002478
назад 1,140915 0,005000
пирей 4,031286 0,003533
обращения 0,925206 0,001622
position 2,085376 0,007311
футболу 1,492313 0,013079
футболбрюггеатлетико 5,129899 0,004496
первый 0,687247 0,000602
февраля 0,232059 0,001627
ошибка 2,644992 0,002318
fwz 2,827314 0,002478
полная 1,834062 0,001607
буде 2,564949 0,002248
вопрос 1,603538 0,001405
зубовский 3,183989 0,005581
футболисты 2,185460 0,005746
подтверждаете 3,050457 0,002673
футболиста 2,421849 0,002123
глимтлига 5,129899 0,004496
заполнить 3,050457 0,005347
вас 2,564949 0,002248
матчей 0,940244 0,002472
ваш 2,732003 0,009578
осуществляется 2,490841 0,002183
другие 0,384967 0,000675
имя 1,603538 0,007027
beta 3,183989 0,002791
потеряла 3,743604 0,003281
надзору 2,421849 0,002123
мировых 2,421849 0,002123
срок 2,085376 0,003655
src 2,239527 0,009814
издание 1,911023 0,001675
бульвар 3,183989 0,005581
бундеслига 2,134166 0,003741
заполните 3,183989 0,013953
хотите 3,050457 0,002673
технологий 2,239527 0,003926
сетевое 2,085376 0,001828
бразильский 2,932674 0,002570
вновь 1,574551 0,001380
ромы 3,743604 0,003281
сменить 2,564949 0,002248
чемпионатов 1,416327 0,001241
наполи 2,644992 0,002318
трансферы 1,664163 0,001459
материал 0,825834 0,000724
рубин 1,217876 0,001067
участвовать 1,518981 0,002663
сообщить 0,799165 0,000700
sport 1,122566 0,001968
успешно 1,911023 0,001675
советов 1,217876 0,001067
скриншот 3,183989 0,008372
уверены 4,031286 0,003533
футболспортмиланникита 5,129899 0,004496
лента 1,633391 0,002863
px 2,185460 0,007662
балтика 1,258698 0,001103
спорт 0,224624 0,000197
заблокированы 3,183989 0,002791
сфере 2,296685 0,002013
балтики 4,436752 0,003888
обыграл 1,574551 0,001380
аренда 3,520461 0,003085
балтику 3,520461 0,003085
свидетельство 2,564949 0,002248
height 3,050457 0,005347
правила 0,910391 0,001596
взаимодействия 2,932674 0,005141
хильусман 5,129899 0,004496
нападающий 1,797694 0,001576
футболспортмиланрафаэл 5,129899 0,004496
сохранить 2,357310 0,002066
информационное 2,932674 0,007711
комментирования 3,183989 0,005581
спартака 1,633391 0,002863
можно 1,002764 0,000879
уефа 1,466337 0,002570
зож 2,827314 0,002478
пресс 1,086847 0,001905
россии 0,160085 0,000842
применения 2,357310 0,002066
ru 0,285712 0,002254
испании 1,834062 0,001607
федеральному 3,183989 0,005581
первая 0,867219 0,001520
персональных 2,185460 0,015323
произошла 2,421849 0,002123
rss 2,085376 0,001828
ваше 3,050457 0,021388
дата 0,881403 0,000772
сайте 1,217876 0,001067
ваши 2,564949 0,002248
раз 0,504926 0,002213
чемпионат 0,277868 0,002435
вы 0,325878 0,002570
фио 3,050457 0,002673
восстановить 2,932674 0,002570
пожалуйста 1,633391 0,001432
москваахматрпл 5,129899 0,008992
предусматривает 3,743604 0,003281
версия 0,485508 0,000426
ниже 1,762603 0,004634
вопроса 2,932674 0,002570
россия 0,699082 0,004289
поля 1,603538 0,009838
смотреть 1,695912 0,005945
аренду 2,357310 0,002066
футболалекс 5,129899 0,004496
watch 2,357310 0,006198
absolute 2,296685 0,008051
европы 0,524729 0,000460
государственному 3,183989 0,005581
чтобы 0,773190 0,003388
футболспортстанислав 5,129899 0,004496
да 1,911023 0,001675
регистрации 2,421849 0,004245
без 0,466460 0,000409
loader 3,183989 0,005581
сайт 0,773190 0,001355
поле 1,217876 0,001067
до 0,239550 0,000210
трансляции 1,441019 0,005052
сервисы 2,644992 0,002318
балтикаспортбразильская 5,129899 0,004496
зарегистрировано 1,951845 0,001711
другое 1,834062 0,001607
поддерживаетсяполучить 3,183989 0,002791
адрес 2,038856 0,005361
футболбудё 5,129899 0,004496
соответствии 1,086847 0,001905
мерфикарабахлига 5,129899 0,004496
загрузите 2,185460 0,001915
карабах 2,038856 0,003574
сообщения 2,932674 0,010281
ее 1,871802 0,003281
загрузить 2,732003 0,002394
направлении 2,357310 0,002066
телефон 2,134166 0,001870
замеченных 3,183989 0,002791
отправки 3,050457 0,002673
унитарному 3,183989 0,005581
кубка 0,825834 0,000724
неожиданности 5,129899 0,004496
арсенала 3,183989 0,002791
для 0,146292 0,001410
сообщение 3,050457 0,026735
internet 2,932674 0,002570
старые 2,490841 0,002183
выберите 2,239527 0,005888
возвращаться 3,743604 0,003281
мото 1,574551 0,001380
попробуйте 2,932674 0,002570
нижний 1,159607 0,001016
чемпионата 0,735450 0,001289
ростов 1,002764 0,001758
объяснил 1,797694 0,001576
после 0,317714 0,000278
кислякростовпфк 5,129899 0,004496
apple 3,050457 0,002673
что 0,239550 0,000630
хлусевича 2,932674 0,002570
краснодар 0,925206 0,000811
защитой 2,932674 0,005141
за 0,125952 0,000442
статьи 0,524729 0,000460
авторизация 3,183989 0,002791
подтвердите 3,050457 0,002673
рейтинг 0,565551 0,000496
логином 3,183989 0,002791
форма 1,695912 0,001486
галочку 3,183989 0,002791
контакты 1,258698 0,001103
было 0,438551 0,000384
материале 2,827314 0,004956
перетащите 3,183989 0,008372
материала 2,490841 0,004366
были 0,799165 0,000700
вашего 3,050457 0,002673
паролем 3,183989 0,002791
если 0,675551 0,002368
способы 2,644992 0,004636
обо 2,932674 0,002570
зарегистрируйтесь 3,183989 0,002791
из 0,106018 0,000279
уиган 5,129899 0,004496
хайкининтербудё 5,129899 0,004496
дискуссии 2,827314 0,004956
аргентины 2,932674 0,002570
редактор 2,085376 0,001828
унитарное 3,050457 0,002673
дабидмитрий 5,129899 0,004496
цскалокомотив 5,129899 0,004496
форму 1,797694 0,011029
тема 2,490841 0,006549
отправленного 3,183989 0,002791
спартак 0,786093 0,000689
хоккей 0,376309 0,000330
фактор 3,183989 0,002791
гол 1,546380 0,001355
рекомендательных 3,050457 0,002673
связанные 0,881403 0,000772
данная 2,732003 0,002394
риа 1,466337 0,002570
обратная 1,441019 0,002526
милан 1,633391 0,001432
байер 1,994404 0,003496
серия 1,052361 0,002767
цска 0,711058 0,001246
связанных 1,911023 0,001675
проставляя 3,183989 0,002791
опишите 3,183989 0,002791
заполнения 3,050457 0,018714
полезное 3,183989 0,002791
style 2,085376 0,009138
службе 2,421849 0,002123
релизов 3,050457 0,002673
ваших 2,827314 0,004956
матч 0,411400 0,001442
почты 2,932674 0,002570
турции 2,185460 0,001915
разгромили 3,338139 0,002926
ньюкасл 2,085376 0,005483
олимпиакос 2,085376 0,001828
rsport 2,932674 0,002570
ла 1,762603 0,001545
агентство 2,185460 0,005746
динамо 0,663991 0,001164
правил 1,323236 0,003479
крылья 1,258698 0,001103
авторизуйтесь 3,050457 0,002673
авторизоваться 3,183989 0,002791
сегодня 0,881403 0,004635
агентства 2,490841 0,002183
агентстве 3,183989 0,002791
расширенный 3,183989 0,002791
лч 2,185460 0,005746
width 3,050457 0,005347
новыесначала 3,183989 0,002791
лиги 0,895792 0,003140
глимт 2,038856 0,003574
шапка 3,183989 0,002791
отправить 2,490841 0,024013
армении 4,031286 0,003533
продолжить 2,134166 0,001870
перешел 2,490841 0,002183
лига 0,402511 0,004233
решении 2,732003 0,002394
футболспортэнтони 5,129899 0,004496
воспользуйтесь 3,183989 0,008372
участие 0,597299 0,000523
аккаунт 3,183989 0,011162
на 0,023953 0,000210
обсуждение 0,881403 0,000772
не 0,099461 0,000785
опечатка 3,183989 0,002791
использовать 1,603538 0,001405
блокировки 3,050457 0,002673
онлайн 0,773190 0,003388
контактов 3,050457 0,002673
почта 2,564949 0,013488
еврокубков 2,827314 0,002478
апреля 1,052361 0,000922
таблица 0,925206 0,000811
фамилия 3,050457 0,002673
яндекс 2,490841 0,004366
нами 0,853233 0,005235
российская 0,799165 0,001401
об 0,217244 0,000190
португалии 2,827314 0,002478
удалили 2,932674 0,007711
либо 1,140915 0,001000
вакансии 2,421849 0,002123
нет 0,825834 0,000724
аккаунту 3,183989 0,002791
открываемого 3,183989 0,005581
нажимая 2,827314 0,002478
поиск 0,735450 0,000645
img 2,185460 0,009577
вами 2,827314 0,002478
недопустимое 3,183989 0,002791
от 0,160085 0,000140
футболкарабахлига 5,129899 0,004496
согласны 2,932674 0,007711
ушел 2,239527 0,001963
истек 3,183989 0,002791
катание 0,534779 0,000469
рекламы 2,490841 0,002183
предприятию 3,183989 0,005581
хочет 2,357310 0,002066
аллегрикомомиланпармасерия 5,129899 0,004496
внимание 1,871802 0,001640
все 0,125952 0,000883
принимать 2,134166 0,001870
премьер 1,217876 0,003202
сможете 3,050457 0,002673
года 0,239550 0,000210
по 0,073653 0,001033
stories 3,050457 0,002673
ознакомлены 3,183989 0,002791
мхитарян 4,436752 0,003888
моих 3,050457 0,005347
футбололимпиакос 5,129899 0,004496
yandex 2,239527 0,005888
вничью 1,797694 0,004727
тренеру 2,732003 0,002394
предприятие 2,827314 0,002478
чемпионов 0,652562 0,006291
обсуждения 2,490841 0,002183
сыграли 2,421849 0,006368
блокировкой 3,183989 0,008372
