ямаль 2,421849 0,001090
урала 3,183989 0,001433
формула 1,728701 0,000778
лучшая 2,564949 0,001154
англии 2,038856 0,000918
день 0,760451 0,000342
неплохо 3,338139 0,001502
прокаты 2,644992 0,001190
милана 3,520461 0,001584
стал 0,586604 0,000264
расистские 5,129899 0,002309
иностранец 4,031286 0,001814
выиграл 1,178655 0,000530
эффективный 3,743604 0,001685
вокруг 2,296685 0,002067
апл 1,871802 0,001685
со 0,447767 0,000403
центр 0,881403 0,000397
вратаря 1,834062 0,001651
частью 1,728701 0,000778
сотрудники 4,436752 0,001997
партнерами 4,436752 0,001997
доверие 4,031286 0,001814
нетс 2,564949 0,001154
одно 1,664163 0,000749
систематизации 2,564949 0,001154
пол 2,357310 0,001061
мали 2,644992 0,001190
таких 1,762603 0,000793
опережает 4,031286 0,001814
жертва 3,743604 0,001685
тв 1,633391 0,000735
пусть 2,827314 0,001272
реклама 0,735450 0,000331
фото 0,799165 0,001439
лет 0,475938 0,000214
самим 5,129899 0,002309
устюгов 2,490841 0,001121
то 0,652562 0,001175
разговор 3,183989 0,001433
баскетболисты 2,296685 0,001034
сложнее 3,520461 0,001584
семаку 4,436752 0,001997
макс 2,185460 0,000984
ты 2,421849 0,002180
матчах 1,574551 0,001417
металлург 1,994404 0,000898
серхио 2,296685 0,001034
главные 1,086847 0,000489
хэмилтон 2,490841 0,001121
владелец 2,732003 0,001230
подкаты 5,129899 0,002309
поп 1,911023 0,000860
вторым 1,911023 0,000860
уж 4,436752 0,001997
лейкерс 2,239527 0,001008
трибунепрожектор 2,644992 0,001190
вхл 1,664163 0,000749
столкнулись 3,520461 0,001584
итальянские 3,520461 0,001584
теперь 0,971016 0,000437
дело 2,038856 0,000918
информационные 2,490841 0,001121
бакс 2,564949 0,001154
латыпов 2,564949 0,001154
получается 3,520461 0,001584
деле 2,421849 0,001090
при 0,367725 0,000662
проблемы 1,871802 0,000842
верю 3,183989 0,002866
обвинении 5,129899 0,002309
расистский 3,743604 0,001685
про 1,301257 0,004099
письма 2,134166 0,000960
обвинение 3,183989 0,001433
луису 4,436752 0,001997
крови 3,338139 0,001502
фе 2,644992 0,001190
винисиус 2,296685 0,003101
филадельфия 2,357310 0,001061
фк 1,951845 0,000878
адетокумбо 2,564949 0,001154
критериям 3,183989 0,001433
территории 1,633391 0,000735
роберт 2,185460 0,000984
создали 3,183989 0,001433
rds 1,911023 0,001720
вступил 2,932674 0,001320
маркетинг 4,031286 0,001814
травм 2,296685 0,001034
нашли 1,994404 0,000898
псж 1,518981 0,002734
италия 0,867219 0,000390
коннор 2,357310 0,001061
дмитрий 1,345709 0,000606
троллил 5,129899 0,002309
командах 2,827314 0,001272
лучшее 2,239527 0,001008
isu 1,603538 0,000722
кириллу 4,436752 0,001997
шарапова 2,564949 0,001154
прекрасную 4,436752 0,001997
сыграет 1,603538 0,000722
чимаев 2,357310 0,001061
часа 1,911023 0,000860
хайкина 3,050457 0,001373
вакансиирекламаподдержка 2,644992 0,001190
камбэк 2,732003 0,001230
подарков 3,743604 0,001685
сыграл 1,951845 0,000878
лишили 3,520461 0,001584
себя 0,940244 0,000846
алекс 2,239527 0,001008
спорта 0,342407 0,000462
победу 0,910391 0,000410
слов 2,421849 0,001090
часы 3,338139 0,001502
спорте 2,038856 0,001835
расизм 4,031286 0,005443
отказался 2,296685 0,001034
разряда 3,050457 0,001373
арина 2,357310 0,001061
лицемер 5,129899 0,002309
италии 1,002764 0,000903
хавбека 4,031286 0,001814
фанатами 3,338139 0,001502
спортс 1,871802 0,000842
дзюба 2,134166 0,000960
получил 1,002764 0,000903
макдэвид 2,421849 0,001090
здоровья 2,421849 0,001090
production 4,436752 0,001997
один 0,711058 0,000320
говоришь 4,031286 0,001814
дюрэнт 2,564949 0,001154
гаррос 2,421849 0,001090
очков 1,198073 0,000539
полностью 1,546380 0,000696
рекомендательные 1,762603 0,000793
содружества 1,518981 0,000684
привозили 4,031286 0,001814
сундлинг 2,421849 0,001090
чм 1,492313 0,001343
футболист 1,951845 0,000878
расистском 5,129899 0,004617
уимблдон 2,421849 0,001090
локомотив 0,910391 0,000410
live 1,518981 0,002734
барсы 3,050457 0,001373
последние 1,178655 0,000530
телеведущая 3,743604 0,001685
булл 2,357310 0,001061
часто 1,574551 0,000709
семененко 2,644992 0,001190
авангард 2,038856 0,000918
архив 1,258698 0,000566
инциденте 4,436752 0,001997
прижимал 3,743604 0,001685
постыдно 4,031286 0,001814
дарья 2,085376 0,000939
арсенал 1,466337 0,001980
соглашениеполитика 2,644992 0,001190
сша 0,586604 0,000528
ферстаппен 2,490841 0,001121
аппарат 3,520461 0,001584
ничто 4,436752 0,001997
игроков 1,238078 0,001114
радимов 3,743604 0,001685
китайская 1,258698 0,000566
говорить 3,520461 0,001584
георгиоса 4,436752 0,001997
канала 2,564949 0,001154
андреева 2,296685 0,001034
хотел 2,421849 0,001090
игроком 1,762603 0,000793
криштиану 2,932674 0,001320
уйти 2,827314 0,001272
киберспорт 1,762603 0,000793
артур 1,664163 0,000749
травмами 3,338139 0,001502
через 0,971016 0,000437
карлссон 2,564949 0,001154
подряд 1,258698 0,000566
замене 4,436752 0,001997
стычку 4,031286 0,001814
российской 1,178655 0,000530
куклина 2,644992 0,001190
трансфер 2,827314 0,001272
индикар 2,564949 0,001154
сборные 0,839439 0,001133
врач 2,827314 0,001272
потерпел 2,732003 0,001230
официально 1,159607 0,000522
расизму 4,031286 0,001814
ливерпуль 1,994404 0,000898
видеоспортс 2,644992 0,001190
лучшие 1,019025 0,000917
екатерина 2,185460 0,000984
враг 4,436752 0,001997
игроки 0,986764 0,000888
лучший 1,368699 0,001232
leon 3,183989 0,001433
лос 1,518981 0,000684
команде 1,258698 0,000566
игрока 1,492313 0,000672
панарин 2,357310 0,001061
команды 0,555188 0,001749
новостей 1,574551 0,000709
зенит 0,895792 0,001613
чувствует 3,743604 0,001685
никогда 1,951845 0,000878
расизмом 4,436752 0,001997
боттас 2,490841 0,001121
касаткина 2,421849 0,001090
команду 1,217876 0,000548
мадрид 1,834062 0,000825
расизме 5,129899 0,002309
лоб 4,031286 0,001814
кошта 3,743604 0,003370
неправильными 5,129899 0,002309
неподготовлен 4,436752 0,001997
пономарев 3,520461 0,001584
жизни 1,122566 0,000505
показал 2,085376 0,000939
вapp 2,644992 0,001190
нужно 1,492313 0,000672
слова 1,574551 0,001417
кросби 1,994404 0,000898
сороки 5,129899 0,002309
печально 4,436752 0,001997
мерседес 2,490841 0,001121
размазал 4,031286 0,001814
выезде 2,564949 0,001154
леклер 2,490841 0,001121
top 1,728701 0,000778
юфл 3,338139 0,001502
шапочке 3,743604 0,001685
привлекал 4,031286 0,001814
спецпроект 3,050457 0,001373
шик 4,436752 0,001997
какому 3,743604 0,001685
cnn 3,743604 0,001685
глебова 3,520461 0,004753
футболистов 2,421849 0,001090
четырех 3,050457 0,001373
шанса 3,743604 0,001685
головина 2,134166 0,001921
вашингтон 2,296685 0,001034
взять 2,239527 0,001008
загитова 2,357310 0,001061
лыжники 2,421849 0,001090
его 0,447767 0,001411
хвича 2,490841 0,001121
только 0,447767 0,001209
морэнт 2,644992 0,001190
головин 2,085376 0,000939
средний 2,644992 0,001190
бенфикой 3,183989 0,001433
профессионализма 4,031286 0,001814
хорошие 2,732003 0,001230
нхл 0,925206 0,000416
инцидентов 4,436752 0,001997
гордона 2,932674 0,001320
стэйт 2,421849 0,001090
ландо 2,564949 0,001154
турнир 0,699082 0,000315
нарушения 2,296685 0,001034
шла 3,520461 0,001584
аравия 1,951845 0,000878
мира 0,367725 0,001324
goalkeeperspieler 4,436752 0,001997
еду 3,743604 0,001685
кордобу 3,743604 0,001685
царствуют 5,129899 0,002309
быстрый 2,732003 0,001230
идут 2,732003 0,001230
нэтан 2,564949 0,001154
футбола 1,762603 0,001587
завершен 2,732003 0,007377
когда 0,652562 0,000294
могли 1,664163 0,000749
значит 2,644992 0,002381
карьера 2,038856 0,000918
всего 0,812411 0,000731
фигуристы 2,490841 0,001121
эйонга 4,031286 0,001814
возвращаются 3,520461 0,001584
футболе 2,239527 0,001008
миранчук 2,357310 0,001061
блоги 2,296685 0,002067
принимает 2,644992 0,001190
защитник 1,574551 0,000709
начнут 3,520461 0,001584
буду 2,296685 0,003101
назад 1,140915 0,000513
общим 2,732003 0,001230
продолжать 2,827314 0,001272
чего 1,345709 0,000606
сообщите 2,644992 0,001190
нашей 1,994404 0,000898
лаборатория 2,644992 0,001190
сокол 2,564949 0,002309
буде 2,564949 0,005772
аналитика 2,421849 0,001090
нашем 3,338139 0,001502
ян 2,038856 0,000918
жара 3,338139 0,001502
титулы 3,050457 0,001373
расследование 3,183989 0,002866
матчей 0,940244 0,000423
против 0,747872 0,001010
именно 1,492313 0,000672
похоже 3,743604 0,001685
главное 1,574551 0,000709
так 0,597299 0,000269
там 1,603538 0,000722
риска 3,743604 0,001685
фернандо 2,239527 0,001008
другим 1,762603 0,001587
винисиусом 2,564949 0,005772
ньюкасла 3,520461 0,001584
бразильских 4,436752 0,001997
где 0,675551 0,000608
глупая 5,129899 0,002309
летнего 2,239527 0,001008
бундеслига 2,134166 0,001921
гаспачо 4,031286 0,005443
других 0,853233 0,000384
бан 3,520461 0,001584
валиева 2,239527 0,001008
англия 1,574551 0,000709
тура 1,728701 0,000778
наполи 2,644992 0,001190
применяются 1,466337 0,000660
покер 2,564949 0,003463
трансферы 1,664163 0,000749
маверикс 2,564949 0,001154
неуклюжими 4,436752 0,001997
узнайте 3,520461 0,001584
быть 0,773190 0,001392
расселл 2,296685 0,001034
него 1,368699 0,001848
возмущенные 5,129899 0,002309
тутберидзе 2,085376 0,000939
дрался 3,520461 0,001584
федерации 0,663991 0,000299
разницей 2,827314 0,002545
назовете 3,520461 0,001584
simplewine 5,129899 0,002309
швеции 1,664163 0,001498
вести 2,421849 0,001090
претендентов 2,827314 0,001272
спорт 0,224624 0,000101
емельяненко 2,421849 0,002180
коляда 2,644992 0,001190
твой 4,031286 0,001814
предлагал 4,031286 0,001814
этом 0,565551 0,000764
караискакиса 4,436752 0,001997
мобильная 0,608110 0,000547
обыграл 1,574551 0,000709
english 0,925206 0,000416
шоу 1,441019 0,000649
галатасарая 3,743604 0,001685
интеллект 5,129899 0,002309
продлит 3,743604 0,001685
восхищена 5,129899 0,002309
джокович 2,421849 0,002180
продать 3,338139 0,001502
тайм 2,085376 0,002816
боселли 3,338139 0,001502
франции 1,035554 0,001398
сделали 2,134166 0,000960
хавбек 3,183989 0,001433
джордж 2,134166 0,000960
нурмагомедов 2,357310 0,001061
миронова 2,644992 0,001190
нарратив 4,031286 0,001814
фигуристке 4,031286 0,001814
аделия 1,911023 0,000860
радиостанции 4,031286 0,001814
опровергла 4,031286 0,001814
испании 1,834062 0,000825
трибуне 2,490841 0,001121
первая 0,867219 0,000390
игрой 2,185460 0,001967
спортивный 1,301257 0,000586
игрок 1,258698 0,000566
важное 2,644992 0,001190
сезонов 2,357310 0,001061
рад 3,520461 0,001584
женщины 0,881403 0,003570
трибуны 2,357310 0,001061
вчерашние 3,520461 0,001584
сомневаться 4,031286 0,001814
чемпионат 0,277868 0,000875
пиастри 2,564949 0,001154
педри 4,031286 0,001814
кирилл 1,797694 0,001618
жозе 3,183989 0,001433
испания 1,466337 0,000660
засчитали 3,338139 0,001502
выиграть 1,466337 0,000660
зенита 1,797694 0,001618
денвер 2,421849 0,001090
версия 0,485508 0,000437
карлос 2,185460 0,001967
джошуа 2,357310 0,001061
интернет 1,695912 0,000763
диас 3,743604 0,001685
макларен 2,490841 0,001121
фету 4,436752 0,001997
пытаются 3,338139 0,001502
безумия 5,129899 0,002309
карен 2,357310 0,001061
ледниковый 2,564949 0,001154
вулверхэмптону 4,031286 0,001814
европы 0,524729 0,000236
тем 1,217876 0,000548
ньюкастл 4,436752 0,001997
проверьте 2,827314 0,001272
без 0,466460 0,000210
безуглов 5,129899 0,002309
харден 2,644992 0,001190
этта 3,338139 0,001502
работу 2,085376 0,000939
опоздал 3,338139 0,001502
лучше 1,695912 0,001526
инсайды 4,031286 0,001814
отношения 1,951845 0,000878
помощника 3,183989 0,001433
моуринью 2,932674 0,001320
загрузите 2,185460 0,003934
помогают 2,732003 0,001230
катиться 4,031286 0,001814
скамейки 3,520461 0,001584
евро 1,466337 0,001320
правообладателей 2,644992 0,001190
виды 0,773190 0,000348
спрашивали 4,031286 0,001814
эспозито 3,183989 0,001433
карабахом 4,031286 0,003629
блог 2,357310 0,018035
реале 5,129899 0,002309
воображаемый 4,031286 0,001814
ислам 2,085376 0,000939
передачу 2,827314 0,001272
незабитым 4,031286 0,001814
манчестер 2,134166 0,000960
реала 2,564949 0,005772
альпин 2,490841 0,001121
вдохновения 4,436752 0,001997
период 1,159607 0,000522
гераскевича 4,436752 0,001997
сети 1,951845 0,000878
вспоминайте 5,129899 0,002309
бороться 2,185460 0,000984
кроме 1,368699 0,000616
мария 1,834062 0,000825
такую 2,732003 0,001230
бавария 2,038856 0,001835
гасли 2,490841 0,001121
евролига 1,664163 0,000749
двойные 3,520461 0,001584
фонду 4,031286 0,001814
всегда 1,258698 0,001133
поражение 1,546380 0,000696
ассистировал 4,436752 0,001997
никиты 2,732003 0,001230
вильярреал 2,827314 0,002545
ростов 1,002764 0,000451
тесты 1,871802 0,004212
ред 1,603538 0,000722
после 0,317714 0,001144
войну 3,743604 0,001685
астон 2,185460 0,000984
мадрида 4,436752 0,001997
краснодар 0,925206 0,000416
вышел 1,574551 0,000709
разбил 3,743604 0,001685
тесте 3,520461 0,003169
празднованием 4,031286 0,001814
оправдывает 5,129899 0,002309
трансляция 2,239527 0,003024
скелетониста 4,436752 0,001997
хоккеисты 2,134166 0,000960
никита 1,603538 0,000722
фнл 2,421849 0,001090
монетизация 2,644992 0,001190
федор 2,357310 0,001061
если 0,675551 0,000912
grafico 5,129899 0,002309
канады 1,217876 0,000548
йокич 2,644992 0,001190
медведев 1,834062 0,000825
узнаете 4,031286 0,001814
play 1,441019 0,000649
казахстанская 2,644992 0,001190
сядет 4,436752 0,001997
может 0,630089 0,000567
тренерскую 4,436752 0,001997
эдуард 2,134166 0,000960
больше 0,812411 0,001828
получить 0,747872 0,000337
букмекерской 4,436752 0,001997
крюгер 2,644992 0,001190
необоснованное 3,743604 0,001685
наггетс 2,490841 0,001121
хачанов 2,296685 0,001034
алина 2,296685 0,001034
настолько 3,050457 0,001373
гол 1,546380 0,000696
руни 4,436752 0,001997
прочие 1,345709 0,000606
смотрит 3,520461 0,001584
скандалы 2,564949 0,001154
новая 1,546380 0,000696
милан 1,633391 0,004411
удавалось 3,183989 0,001433
ролан 2,239527 0,001008
андрея 2,732003 0,001230
рейтинги 2,490841 0,001121
справедливости 3,743604 0,001685
связанных 1,911023 0,000860
вембаньяма 2,644992 0,001190
год 0,687247 0,000309
отдал 2,732003 0,001230
олимпиакоса 3,743604 0,003370
стыковые 2,732003 0,001230
адаптирован 5,129899 0,002309
контракт 1,518981 0,002051
кухня 4,031286 0,001814
андрей 1,323236 0,001787
интера 2,732003 0,002459
скандала 2,421849 0,001090
матч 0,411400 0,000555
баптишта 5,129899 0,002309
дублем 4,031286 0,001814
захаряне 4,436752 0,001997
инсайд 3,743604 0,001685
головами 3,743604 0,001685
australian 2,185460 0,000984
скандале 3,743604 0,006739
дубль 2,827314 0,001272
ныряют 4,031286 0,001814
генич 2,644992 0,003571
большунов 2,357310 0,001061
ньюкасл 2,085376 0,004693
олимпиакос 2,085376 0,001877
антон 1,728701 0,000778
динамо 0,663991 0,000299
рахмонов 2,564949 0,001154
уведомлений 2,564949 0,001154
подставил 3,520461 0,001584
самом 1,994404 0,000898
подрался 4,436752 0,001997
думал 3,520461 0,001584
льюис 2,296685 0,001034
сегодня 0,881403 0,000397
голевую 4,031286 0,001814
предпочтениям 2,564949 0,001154
петр 2,239527 0,001008
хорошо 1,951845 0,000878
постараюсь 3,743604 0,001685
сразу 1,392229 0,000627
жене 4,031286 0,001814
кошмар 3,050457 0,001373
создать 0,825834 0,000743
пентека 4,031286 0,001814
ложное 4,031286 0,001814
руку 2,644992 0,001190
такое 2,185460 0,000984
слабенькая 5,129899 0,002309
спортсе 2,644992 0,001190
отстает 3,743604 0,001685
кайри 2,490841 0,001121
проигрывает 3,050457 0,001373
спортса 2,644992 0,003571
таком 2,827314 0,001272
глимт 2,038856 0,004588
футбольная 2,239527 0,002016
юлия 2,085376 0,000939
катаре 2,932674 0,001320
лига 0,402511 0,002898
александра 1,633391 0,000735
отаменди 5,129899 0,002309
бедра 3,183989 0,001433
расширение 2,490841 0,001121
истории 0,630089 0,000567
дети 2,239527 0,001008
том 0,895792 0,000806
олимпиаде 0,895792 0,000403
марк 2,085376 0,000939
топ 1,238078 0,000557
бразильцем 4,031286 0,001814
читателей 3,338139 0,001502
олимпиада 1,104547 0,000497
джонс 2,134166 0,000960
тот 1,416327 0,000637
нганну 2,644992 0,001190
трехнедельной 5,129899 0,002309
барс 1,695912 0,000763
приходится 2,296685 0,001034
попал 1,911023 0,000860
протокол 2,732003 0,001230
тренера 1,546380 0,000696
календарь 0,735450 0,001986
макгрегор 2,421849 0,001090
этери 2,564949 0,001154
главная 1,323236 0,000596
носкова 2,644992 0,001190
история 0,555188 0,000250
уведомления 2,564949 0,001154
таблица 0,925206 0,001666
три 0,786093 0,000708
евгений 1,258698 0,001699
гордон 3,050457 0,002746
светлана 2,038856 0,000918
доротея 2,490841 0,001121
бои 1,633391 0,000735
обновление 3,183989 0,001433
швентек 2,644992 0,001190
фэнтези 2,644992 0,002381
подписал 1,911023 0,001720
джанлука 3,743604 0,001685
джеймс 1,994404 0,001795
валттери 2,490841 0,001121
условии 2,827314 0,001272
бегать 3,743604 0,001685
новак 2,564949 0,001154
лариса 2,490841 0,001121
лыжи 1,019025 0,000459
голов 1,871802 0,001685
катание 0,534779 0,000241
нагрузкам 3,743604 0,003370
несложно 5,129899 0,002309
первое 1,279751 0,000576
как 0,232059 0,000627
саудовская 1,951845 0,000878
купили 4,031286 0,001814
алексей 1,238078 0,001114
конфиденциальностиинформация 2,644992 0,001190
премьер 1,217876 0,000548
pari 1,603538 0,000722
елизавета 2,185460 0,000984
джанлуке 5,129899 0,002309
отвечать 3,520461 0,001584
расписание 1,695912 0,000763
тампа 2,490841 0,001121
скрывать 4,031286 0,001814
заубер 2,644992 0,001190
танцуй 3,338139 0,001502
видеть 2,932674 0,001320
свечников 2,644992 0,001190
хегстад 2,644992 0,001190
ufc 1,441019 0,001946
nascar 2,644992 0,001190
хамзат 2,357310 0,001061
чемпионов 0,652562 0,000881
мана 2,490841 0,001121
второе 1,603538 0,000722
продукт 3,520461 0,001584
второй 0,786093 0,001061
вирер 2,564949 0,001154
семьи 2,932674 0,001320
нехорошо 5,129899 0,002309
играет 1,994404 0,000898
терентьев 2,490841 0,001121
новый 0,940244 0,000423
ультрас 3,338139 0,001502
единая 1,728701 0,000778
словах 3,183989 0,002866
рпл 1,140915 0,002054
тур 1,546380 0,002784
еще 0,955511 0,001290
теннис 0,495170 0,000446
кевин 2,085376 0,000939
марафон 2,827314 0,002545
гагарина 2,085376 0,000939
йоханнес 2,185460 0,001967
фигурное 0,534779 0,000241
достаем 4,436752 0,001997
дончич 2,564949 0,001154
рейс 2,732003 0,001230
ставки 1,603538 0,000722
живот 3,743604 0,001685
забил 1,834062 0,004127
пожертвовал 3,743604 0,001685
биатлонисты 2,296685 0,001034
забили 2,421849 0,001090
александр 0,925206 0,002498
буэно 4,031286 0,001814
первом 1,052361 0,000947
стефанос 2,564949 0,001154
а 0,209918 0,001134
должны 1,178655 0,000530
б 1,466337 0,000660
в 0,017911 0,000451
и 0,023953 0,000485
джон 1,728701 0,000778
интер 1,633391 0,002940
й 0,825834 0,000372
комо 2,421849 0,003270
к 0,132686 0,000299
м 0,534779 0,000241
сравнял 3,338139 0,001502
о 0,042302 0,000419
с 0,036149 0,000488
она 0,825834 0,000372
у 0,342407 0,001541
ф 1,728701 0,000778
экс 1,994404 0,000898
течение 1,238078 0,000557
х 0,986764 0,000444
бенфики 2,827314 0,002545
крупнейшего 5,129899 0,002309
авто 0,925206 0,000833
норвегии 1,728701 0,003112
относящихся 2,421849 0,001090
меньяна 4,436752 0,003993
силе 3,050457 0,001373
бенфика 2,644992 0,001190
я 0,853233 0,003072
футбол 0,285712 0,000643
сила 2,564949 0,001154
мир 1,546380 0,000696
регби 0,955511 0,000430
месси 2,239527 0,002016
должна 1,238078 0,000557
смородская 4,436752 0,001997
бруклин 2,421849 0,001090
моей 2,490841 0,001121
дэвиса 1,633391 0,000735
хабиб 2,421849 0,001090
саратов 2,644992 0,002381
миннесота 2,421849 0,001090
трент 3,743604 0,001685
шахтера 4,436752 0,001997
штрафе 5,129899 0,002309
реакцией 3,743604 0,001685
время 0,384967 0,000173
атлетико 1,911023 0,003440
насредакцияконтакты 2,644992 0,001190
кем 2,932674 0,001320
хотят 3,050457 0,001373
новым 1,664163 0,000749
series 2,085376 0,000939
шавкат 2,644992 0,001190
новых 1,633391 0,000735
бабиков 2,644992 0,001190
сплинтер 4,436752 0,001997
сергей 1,392229 0,001253
провел 3,050457 0,001373
бойцы 2,296685 0,001034
голден 2,357310 0,001061
василевский 2,564949 0,001154
ига 2,644992 0,001190
руй 3,183989 0,002866
привоза 5,129899 0,002309
соцсетях 1,466337 0,000660
млн 1,728701 0,002334
извинился 3,183989 0,001433
показать 0,825834 0,001115
мма 1,069456 0,000963
надо 2,038856 0,002753
фрида 2,644992 0,001190
богу 4,436752 0,001997
el 4,031286 0,001814
легкого 4,031286 0,001814
млс 2,296685 0,001034
пошли 4,031286 0,001814
генича 3,183989 0,002866
вендел 2,490841 0,001121
fc 2,085376 0,000939
элитного 4,031286 0,001814
прямая 3,050457 0,001373
александер 2,357310 0,001061
гран 1,518981 0,000684
карри 2,421849 0,001090
всех 0,652562 0,000881
салах 2,564949 0,001154
японии 1,664163 0,000749
расистов 3,520461 0,001584
биатлон 0,534779 0,000722
мужестве 5,129899 0,002309
предложил 2,038856 0,000918
играли 1,762603 0,000793
статуса 2,827314 0,001272
стэнли 2,185460 0,000984
раздевалку 2,932674 0,001320
счетом 2,239527 0,001008
оскар 2,357310 0,001061
лапорта 3,743604 0,001685
заплатила 4,031286 0,001814
букету 4,436752 0,001997
теряет 4,031286 0,001814
одного 1,140915 0,000513
провал 2,932674 0,001320
мои 3,183989 0,001433
gp 2,490841 0,001121
wrc 2,564949 0,001154
момент 1,301257 0,000586
даллас 2,490841 0,001121
рейнджерс 2,038856 0,000918
удаление 2,421849 0,001090
букмекер 4,031286 0,001814
основе 1,466337 0,000660
основа 5,129899 0,002309
коньках 2,932674 0,001320
освобождавший 4,436752 0,001997
представителем 2,827314 0,001272
вторая 1,345709 0,000606
любимую 2,932674 0,001320
остановили 4,031286 0,001814
мячей 1,871802 0,000842
отрабатывать 3,743604 0,001685
среди 0,597299 0,000269
жги 3,520461 0,001584
травматизма 3,520461 0,001584
девушка 3,338139 0,001502
тату 4,436752 0,001997
motogp 2,644992 0,001190
москва 0,760451 0,000342
меня 1,518981 0,000684
сказали 3,338139 0,001502
остон 2,564949 0,001154
эмбиид 2,644992 0,001190
перенесенный 5,129899 0,002309
моя 2,185460 0,001967
фьюри 2,357310 0,001061
юниоров 1,728701 0,000778
джейсон 2,490841 0,001121
скандал 1,871802 0,001685
in 1,911023 0,000860
опорно 4,436752 0,001997
лицу 3,520461 0,001584
ловко 3,743604 0,001685
большой 1,069456 0,000481
результаты 0,910391 0,000410
офф 1,019025 0,002293
должен 1,122566 0,001010
дал 2,239527 0,001008
грецию 4,436752 0,001997
матча 1,002764 0,001805
хочу 2,421849 0,002180
виктория 2,185460 0,000984
проводится 1,546380 0,000696
фрэнсис 2,564949 0,001154
спорили 4,031286 0,001814
ничего 2,732003 0,001230
предоставления 2,490841 0,001121
матчи 0,773190 0,001740
dog 2,564949 0,001154
мартин 2,085376 0,000939
реал 1,492313 0,003358
сливко 2,564949 0,001154
чем 0,747872 0,000673
матче 0,747872 0,000337
сравнении 4,031286 0,001814
отметил 2,932674 0,001320
даниил 1,834062 0,001651
достаточно 2,134166 0,000960
травмах 3,743604 0,001685
работать 2,296685 0,001034
агент 2,932674 0,001320
романо 3,183989 0,001433
вчера 1,518981 0,012989
лещук 3,520461 0,001584
бетербиев 2,421849 0,001090
немедленно 3,183989 0,001433
кого 2,085376 0,000939
раньше 2,038856 0,000918
красная 1,994404 0,001795
ламин 2,490841 0,001121
это 0,277868 0,000875
лука 1,198073 0,000539
два 0,760451 0,001027
комменты 4,436752 0,001997
спортсменов 0,786093 0,000354
этих 1,301257 0,000586
бэй 2,490841 0,001121
назвали 2,644992 0,001190
радионовой 4,436752 0,001997
хеуге 4,436752 0,001997
тренер 0,895792 0,000403
михаил 1,392229 0,000627
надаль 2,564949 0,001154
давности 4,436752 0,001997
новости 0,301585 0,000950
стефен 2,564949 0,001154
симен 2,644992 0,001190
старт 1,416327 0,001275
критике 3,338139 0,001502
анджелес 1,834062 0,000825
или 0,576022 0,000518
терпимость 4,031286 0,001814
потому 2,085376 0,000939
возраст 3,050457 0,001373
сафонов 2,644992 0,002381
черепашка 4,436752 0,001997
питтсбург 2,421849 0,001090
радио 2,421849 0,001090
отыграл 3,183989 0,001433
пользовательское 2,185460 0,000984
новом 1,994404 0,000898
вини 3,338139 0,001502
разбор 3,183989 0,001433
желтую 3,743604 0,001685
брюгге 1,951845 0,002635
шварцман 2,644992 0,001190
winline 2,564949 0,001154
играть 1,368699 0,001848
анализа 2,421849 0,001090
мадридисты 5,129899 0,002309
артемий 2,421849 0,001090
изучил 4,436752 0,001997
ошибку 1,834062 0,000825
трибуна 2,490841 0,004484
хег 4,436752 0,001997
горжусь 4,031286 0,001814
медиа 1,834062 0,000825
первые 0,971016 0,000437
животу 3,743604 0,001685
самоделкина 2,564949 0,001154
игры 0,376309 0,001185
первый 0,687247 0,000309
педики 4,436752 0,001997
конторы 3,338139 0,001502
джоэл 2,644992 0,001190
ошибки 2,185460 0,001967
соболенко 2,357310 0,001061
продолжил 2,827314 0,001272
мхл 1,603538 0,000722
арбелоа 3,520461 0,003169
лист 3,050457 0,001373
игру 1,466337 0,001980
минут 1,258698 0,001699
семшов 3,520461 0,001584
германии 1,323236 0,002382
игре 1,198073 0,000539
яннис 2,564949 0,001154
футболиста 2,421849 0,001090
вар 4,031286 0,001814
деятельности 1,871802 0,000842
происходит 1,695912 0,001526
клэбо 2,644992 0,001190
фабрицио 4,031286 0,001814
мбаппе 2,239527 0,002016
леброн 2,564949 0,001154
туктамышева 2,490841 0,001121
винисиусу 3,743604 0,003370
хаас 2,564949 0,001154
подборку 3,743604 0,001685
заплатить 2,932674 0,001320
усик 2,296685 0,001034
краснодаре 2,732003 0,002459
блестяще 3,520461 0,001584
большим 2,085376 0,000939
фанаты 2,490841 0,001121
sports 1,301257 0,002342
большие 2,644992 0,001190
винисиуса 2,644992 0,008333
компании 1,301257 0,000586
подборка 4,031286 0,001814
технологии 1,574551 0,001417
пора 2,827314 0,001272
рубин 1,217876 0,000548
вратарей 2,296685 0,002067
неправ 4,031286 0,001814
вратарем 4,031286 0,001814
слава 3,338139 0,001502
престианни 3,338139 0,006009
кеняйкина 5,129899 0,002309
соревнований 0,881403 0,000397
джа 2,644992 0,001190
пишут 3,520461 0,001584
вредный 3,743604 0,001685
кулачные 2,564949 0,001154
лента 1,633391 0,001470
жалобе 4,436752 0,001997
ханна 2,564949 0,001154
ак 1,695912 0,000763
шведа 4,436752 0,001997
судьей 4,031286 0,001814
уильямс 2,357310 0,001061
конкуренция 3,743604 0,001685
заинтересован 3,338139 0,001502
кубком 2,490841 0,001121
туров 2,564949 0,001154
трансфера 3,743604 0,001685
лавку 5,129899 0,002309
торжество 4,436752 0,001997
месяц 2,564949 0,001154
турок 3,338139 0,001502
обезьяна 4,436752 0,001997
сборная 0,711058 0,008640
тренировок 2,421849 0,001090
бк 3,183989 0,001433
циципас 2,134166 0,000960
оценивают 3,743604 0,001685
бо 2,185460 0,000984
переходе 2,239527 0,001008
йонна 2,421849 0,001090
спартака 1,633391 0,000735
снес 4,436752 0,001997
бы 1,052361 0,000947
приложения 2,185460 0,001967
соперниках 4,436752 0,001997
наши 1,323236 0,000596
уефа 1,466337 0,000660
сказал 1,762603 0,000793
кхл 0,760451 0,000342
россии 0,160085 0,001225
алонсо 2,421849 0,001090
ребров 3,520461 0,001584
ru 0,285712 0,000514
показываем 5,129899 0,002309
сделал 1,695912 0,003053
кубок 0,524729 0,002598
забивали 4,031286 0,001814
двигательный 4,436752 0,001997
уорриорз 2,490841 0,001121
уже 0,687247 0,000309
рублев 2,296685 0,001034
беллингем 2,644992 0,001190
того 0,955511 0,000430
вы 0,325878 0,000293
барселона 1,834062 0,000825
действует 2,421849 0,001090
свою 1,217876 0,000548
проводить 1,797694 0,000809
зарплаты 2,239527 0,001008
обезьяной 3,743604 0,001685
мэттьюс 2,644992 0,001190
речь 3,183989 0,001433
турниры 0,895792 0,003225
ждут 3,520461 0,001584
никакая 4,436752 0,001997
го 1,279751 0,001152
тест 2,827314 0,001272
store 2,490841 0,001121
рекорд 1,198073 0,000539
tg 5,129899 0,002309
виктор 1,574551 0,000709
серохвостов 2,644992 0,001190
свои 1,238078 0,000557
барселоны 2,827314 0,001272
заканчивать 4,436752 0,001997
медиафутбол 2,564949 0,001154
софья 2,564949 0,001154
абы 3,338139 0,001502
сака 3,743604 0,001685
чтобы 0,773190 0,000696
ibu 2,239527 0,001008
плей 1,002764 0,002256
open 1,871802 0,002527
выдумывать 4,031286 0,001814
пас 2,564949 0,002309
де 0,955511 0,000430
грамотность 4,436752 0,001997
ворота 1,797694 0,000809
ехать 3,743604 0,001685
перед 0,839439 0,000378
правильно 3,183989 0,001433
до 0,239550 0,000323
трусова 2,644992 0,001190
задач 3,743604 0,001685
кристина 2,421849 0,001090
турнире 1,198073 0,000539
другое 1,834062 0,001651
мирра 2,357310 0,001061
гостях 2,239527 0,001008
олимпиакосом 4,436752 0,001997
потом 2,564949 0,001154
перес 2,357310 0,001061
форварда 2,357310 0,001061
модрич 4,031286 0,001814
карабах 2,038856 0,003670
us 2,038856 0,000918
окей 3,743604 0,001685
скорее 2,564949 0,002309
пьер 2,134166 0,000960
помните 4,031286 0,001814
подобное 2,827314 0,001272
бомбардиров 3,050457 0,001373
please 3,743604 0,001685
числе 1,546380 0,000696
баскетбол 0,773190 0,001044
двум 3,050457 0,001373
тейтум 2,564949 0,001154
штрафной 2,644992 0,001190
переносит 5,129899 0,002309
сидни 2,296685 0,001034
ахметов 3,050457 0,001373
пропустил 2,185460 0,003934
для 0,146292 0,000198
шпилева 4,436752 0,001997
поддерживает 4,031286 0,001814
начистоту 5,129899 0,002309
турнирная 1,441019 0,000649
забивает 3,520461 0,001584
надеемся 3,520461 0,001584
support 2,490841 0,001121
выберите 2,239527 0,002016
вид 1,104547 0,000994
кондратюк 2,644992 0,001190
поспорить 4,031286 0,001814
же 0,925206 0,000416
mma 2,038856 0,000918
реброва 3,743604 0,001685
сайнс 2,564949 0,001154
национальная 1,574551 0,000709
клубами 2,644992 0,001190
что 0,239550 0,001725
за 0,125952 0,000907
победил 1,279751 0,000576
малкин 2,564949 0,001154
щербакова 2,644992 0,001190
бивол 2,421849 0,001090
было 0,438551 0,000395
энтони 2,038856 0,000918
подробнее 0,723179 0,000325
показатель 2,644992 0,001190
сторон 2,185460 0,000984
милуоки 2,490841 0,001121
пользователей 2,038856 0,000918
расистского 3,338139 0,001502
были 0,799165 0,000360
xg 5,129899 0,002309
плющенко 2,239527 0,001008
теннисисты 2,421849 0,001090
клаттенбург 5,129899 0,002309
дня 1,104547 0,000497
перейра 2,490841 0,001121
гола 1,951845 0,000878
логинов 2,644992 0,001190
бетсити 1,633391 0,000735
петросян 1,441019 0,000649
женском 2,038856 0,000918
пенальти 2,038856 0,000918
из 0,106018 0,000334
сказывается 3,338139 0,001502
юве 3,338139 0,001502
мяч 1,546380 0,002784
им 1,198073 0,000539
роналду 1,911023 0,002580
гонщики 2,564949 0,001154
ит 2,564949 0,001154
нба 1,546380 0,002088
их 0,799165 0,000360
настоящий 2,490841 0,001121
леау 5,129899 0,002309
поддержит 4,436752 0,001997
компаниипромокоды 2,644992 0,001190
комментарии 2,357310 0,001061
тайсон 2,421849 0,001090
комментарий 3,050457 0,001373
границу 3,183989 0,001433
спартак 0,786093 0,000708
хоккей 0,376309 0,000508
аллегри 3,743604 0,001685
нам 1,797694 0,000809
вgoogle 2,644992 0,001190
бобровский 2,644992 0,001190
нас 1,492313 0,000672
участников 1,159607 0,000522
безоговорочной 4,031286 0,001814
перехватил 4,436752 0,001997
ска 1,279751 0,000576
здоровье 1,664163 0,000749
листочки 4,436752 0,001997
байер 1,994404 0,002693
удален 5,129899 0,002309
своими 2,644992 0,001190
серия 1,052361 0,001894
ски 1,069456 0,000481
цска 0,711058 0,002240
овечкин 1,762603 0,000793
жирный 4,031286 0,001814
травмируется 4,436752 0,001997
даку 3,183989 0,001433
аргентине 3,520461 0,001584
верит 3,520461 0,001584
маркетолог 5,129899 0,002309
серии 1,159607 0,001044
адриано 3,520461 0,001584
считаю 3,520461 0,001584
суперлига 1,574551 0,001417
нулевая 3,520461 0,001584
гривен 4,436752 0,001997
ступак 2,644992 0,001190
клубе 1,951845 0,000878
следующих 2,134166 0,000960
двое 2,564949 0,001154
клуба 1,178655 0,001061
который 0,799165 0,000360
суперлиги 2,644992 0,001190
клубы 1,392229 0,001880
ла 1,762603 0,002380
галатасараем 4,031286 0,001814
артем 3,183989 0,001433
балла 2,564949 0,001154
судействе 3,338139 0,001502
ле 2,038856 0,000918
знаний 2,357310 0,001061
камила 2,357310 0,001061
месяца 2,296685 0,001034
никола 2,085376 0,000939
спад 2,827314 0,001272
ли 1,198073 0,000539
футбольные 2,239527 0,001008
находящихся 2,185460 0,000984
вот 2,134166 0,000960
байером 4,031286 0,001814
попаданиях 4,436752 0,001997
президент 1,416327 0,000637
норрис 2,421849 0,001090
вrustore 2,644992 0,001190
лч 2,185460 0,011803
резцова 2,421849 0,001090
смертин 4,031286 0,001814
альваро 3,520461 0,001584
сити 1,546380 0,000696
тайме 2,732003 0,003689
сбора 2,296685 0,001034
конор 2,421849 0,001090
палец 3,743604 0,001685
мг 2,296685 0,001034
гилджес 2,644992 0,001190
которыми 2,732003 0,001230
красоту 3,520461 0,001584
рафаэль 2,357310 0,001061
пирола 4,031286 0,001814
арена 1,762603 0,000793
ми 2,932674 0,001320
будет 0,825834 0,001115
герой 2,827314 0,001272
собой 1,279751 0,000576
место 0,597299 0,000269
кучаев 4,031286 0,001814
портрет 3,743604 0,001685
шарль 2,421849 0,001090
придумал 3,520461 0,001584
снг 2,490841 0,001121
бостон 2,357310 0,001061
сообщества 3,338139 0,001502
сборной 0,825834 0,000372
дуэ 3,520461 0,001584
мы 0,925206 0,000416
мю 2,296685 0,001034
травмы 1,492313 0,000672
на 0,023953 0,000270
прошел 2,185460 0,000984
махачев 2,134166 0,000960
вингеру 3,743604 0,001685
анна 1,797694 0,000809
товарищеские 2,644992 0,001190
капризов 2,564949 0,001154
не 0,099461 0,000761
левандовски 2,644992 0,001190
ни 1,603538 0,002165
отборы 5,129899 0,002309
феррари 2,490841 0,001121
онлайн 0,773190 0,001044
но 0,402511 0,000543
roblox 4,436752 0,001997
заблокировали 5,129899 0,002309
ну 2,827314 0,001272
легендарной 4,031286 0,001814
пулю 4,031286 0,001814
ирвинг 2,490841 0,001121
рецос 5,129899 0,002309
скотт 3,743604 0,001685
контрольные 2,644992 0,001190
внутренняя 5,129899 0,002309
подписать 3,183989 0,001433
лесом 5,129899 0,002309
гибели 3,520461 0,001584
кучеров 2,357310 0,001061
об 0,217244 0,000391
вулверхэмптон 2,564949 0,002309
нет 0,825834 0,001487
вакансии 2,421849 0,001090
юношеская 2,732003 0,001230
мужчины 1,019025 0,004127
авторов 3,520461 0,001584
вратарская 3,338139 0,001502
месте 1,492313 0,000672
он 0,534779 0,002407
количестве 2,827314 0,001272
даже 1,198073 0,000539
от 0,160085 0,000576
альвареса 4,031286 0,001814
получал 2,732003 0,001230
вappgallery 2,644992 0,001190
статистика 0,652562 0,001175
официальный 1,104547 0,002983
бокс 0,576022 0,000518
валенсия 3,183989 0,001433
официальные 1,574551 0,000709
раздавить 4,031286 0,001814
хочет 2,357310 0,001061
сведений 2,239527 0,001008
все 0,125952 0,000567
алькарас 2,134166 0,000960
комментатор 2,564949 0,001154
артема 3,520461 0,001584
challenger 2,490841 0,001121
уровня 1,994404 0,000898
повышенного 4,436752 0,001997
проиграли 2,421849 0,001090
года 0,239550 0,000108
по 0,073653 0,000066
информации 1,518981 0,000684
клубного 2,932674 0,001320
выдумывает 5,129899 0,002309
конфликтовал 4,436752 0,001997
сведения 0,812411 0,000366
каждые 2,732003 0,001230
рвались 5,129899 0,002309
оберг 2,644992 0,001190
орлов 2,827314 0,001272
палач 5,129899 0,002309
травмой 4,436752 0,001997
скоро 2,827314 0,001272
оренбурга 3,743604 0,001685
втб 1,834062 0,000825
рб 2,357310 0,001061
доволен 3,743604 0,001685
очень 1,140915 0,001027
вничью 1,797694 0,000809
выяснилось 3,743604 0,001685
селтикс 2,421849 0,001090
маккиннон 2,239527 0,001008
какой 1,911023 0,001720
касается 2,421849 0,001090
ордоньес 4,031286 0,001814
леванте 2,932674 0,005279
дембеле 4,436752 0,001997
бомбардир 2,644992 0,001190
