болельщикам 2,296685 0,005508
среда 3,183989 0,015271
близка 3,183989 0,022906
день 0,760451 0,003647
тобол 5,129899 0,012302
новые 0,747872 0,003587
академия 2,085376 0,015003
балтика 1,258698 0,012074
играем 4,436752 0,010640
разработка 3,183989 0,007635
утренней 5,129899 0,012302
ибрагимов 4,031286 0,019335
москва 0,760451 0,003647
именинники 4,436752 0,021279
спартак 0,786093 0,003770
ахмат 1,217876 0,073014
девятый 3,520461 0,008442
центр 0,881403 0,006341
барсом 3,743604 0,008977
ср 3,050457 0,007315
рамзан 5,129899 0,036906
контрольной 5,129899 0,036906
предсезонная 5,129899 0,012302
pass 3,743604 0,017955
первой 1,019025 0,002444
команда 0,663991 0,004777
игроки 0,986764 0,004733
факеле 5,129899 0,012302
лорсанова 5,129899 0,012302
юсупов 3,520461 0,016885
цска 0,711058 0,006821
основной 1,834062 0,004398
в 0,017911 0,000601
зимние 1,159607 0,002781
г 0,925206 0,002219
команды 0,555188 0,003994
фото 0,799165 0,007666
агмк 5,129899 0,012302
зенит 0,895792 0,004296
сайты 1,994404 0,009565
к 0,132686 0,001909
кыргызстанским 5,129899 0,012302
матчи 0,773190 0,005563
молодежная 3,520461 0,008442
с 0,036149 0,000347
подготовка 2,644992 0,025372
совета 2,085376 0,010002
ru 0,285712 0,000685
матч 0,411400 0,006906
даниил 1,834062 0,004398
турции 2,185460 0,026205
администратор 4,031286 0,019335
ш 3,743604 0,008977
сезон 1,368699 0,003282
сборе 3,520461 0,016885
акрон 1,279751 0,009207
клуба 1,178655 0,005653
вс 3,183989 0,007635
сочи 0,853233 0,004092
сайта 1,574551 0,003776
сборы 2,357310 0,005653
мир 1,546380 0,018542
одержал 1,871802 0,004489
понедельник 3,743604 0,008977
динамо 0,663991 0,006369
иса 5,129899 0,024604
ул 2,732003 0,006552
крылья 1,258698 0,006037
дикаев 5,129899 0,024604
сборов 3,183989 0,007635
мар 4,031286 0,029002
узбекистана 3,743604 0,008977
даудов 5,129899 0,024604
e 1,603538 0,003845
premier 4,436752 0,021279
президент 1,416327 0,013586
svk 5,129899 0,012302
турнирные 3,183989 0,007635
третьего 2,357310 0,011306
одержала 2,134166 0,005118
сезону 3,183989 0,015271
новгород 1,217876 0,005841
сбора 2,296685 0,011015
фк 1,951845 0,009361
пари 1,301257 0,006241
арена 1,762603 0,025361
штаб 1,797694 0,004311
видеооператор 4,436752 0,021279
партнеры 2,296685 0,005508
новости 0,301585 0,004339
хожахмедович 5,129899 0,024604
третьем 1,951845 0,009361
грозный 2,564949 0,030755
mail 1,301257 0,003121
таблицы 2,085376 0,005001
перешел 2,490841 0,005973
лига 0,402511 0,004826
уступили 2,421849 0,005808
сайт 0,773190 0,001854
административный 4,031286 0,019335
начале 1,301257 0,003121
мх 1,728701 0,008291
office 4,031286 0,009667
вице 2,134166 0,010236
рашид 4,031286 0,019335
мы 0,925206 0,004437
валидович 5,129899 0,024604
на 0,023953 0,000115
хусейнович 5,129899 0,024604
судейский 4,031286 0,019335
состав 1,238078 0,014845
почетный 4,031286 0,019335
работа 2,564949 0,006151
календарь 0,735450 0,001764
продолжается 2,732003 0,006552
молодежной 3,743604 0,026932
руководящий 3,743604 0,008977
семинар 4,436752 0,021279
футбола 1,762603 0,004227
тодорович 5,129899 0,012302
рфк 5,129899 0,086113
история 0,555188 0,001331
индекс 4,436752 0,010640
таблица 0,925206 0,008875
рфс 2,564949 0,012302
победу 0,910391 0,004366
подробности 2,421849 0,011616
офис 3,338139 0,008005
контрольный 3,338139 0,016010
оренбург 1,323236 0,006346
клуб 0,940244 0,002255
российская 0,799165 0,009582
факс 5,129899 0,012302
медиа 1,834062 0,004398
тренерский 2,185460 0,005241
хабиевич 5,129899 0,024604
бухгалтерия 5,129899 0,012302
для 0,146292 0,000702
akhmat 5,129899 0,012302
дарко 5,129899 0,012302
турнирная 1,441019 0,006911
fc 2,085376 0,005001
карьеру 1,518981 0,003643
самара 2,490841 0,005973
февраля 0,232059 0,003895
ано 4,031286 0,009667
телеграме 5,129899 0,024604
нижний 1,159607 0,005562
магомед 3,338139 0,032021
ближайший 3,743604 0,008977
продолжит 3,183989 0,007635
официальный 1,104547 0,002649
игре 1,198073 0,008619
ростов 1,002764 0,004809
председатель 2,239527 0,010741
видео 0,699082 0,006706
завершил 2,134166 0,005118
краснодар 0,925206 0,004437
все 0,125952 0,002114
марта 0,881403 0,016909
матчей 0,940244 0,002255
провёл 2,134166 0,005118
премьер 1,217876 0,014603
завершенный 5,129899 0,012302
пресса 3,338139 0,008005
локомотив 0,910391 0,006550
digital 3,520461 0,008442
последний 0,773190 0,001854
контакты 1,258698 0,006037
хлусевич 3,183989 0,007635
адам 3,183989 0,015271
матчем 2,085376 0,005001
воскресенье 2,932674 0,014066
завершению 4,436752 0,042559
ржд 3,520461 0,008442
вся 2,564949 0,012302
фев 3,050457 0,014630
балтикой 3,520461 0,008442
академии 2,490841 0,005973
рубин 1,217876 0,005841
грозненцы 5,129899 0,012302
близится 5,129899 0,012302
из 0,106018 0,000254
советов 1,217876 0,005841
карта 2,644992 0,006343
