немцами 4,436752 0,002458
измене 4,436752 0,002458
формула 1,728701 0,002873
день 0,760451 0,000421
единая 1,728701 0,001915
нокаут 3,183989 0,001764
отстраняли 5,129899 0,002842
рпл 1,140915 0,001264
ещё 0,420369 0,000932
медальный 1,911023 0,002117
скандинавии 5,129899 0,002842
стал 0,586604 0,000325
теннис 0,495170 0,000823
норвежцев 3,743604 0,002074
играх 0,699082 0,001162
dota 2,490841 0,001380
формулы 2,564949 0,001421
выиграл 1,178655 0,000653
обзор 2,134166 0,001182
красивее 4,436752 0,002458
удивила 3,743604 0,002074
заявил 1,441019 0,000798
фигурное 0,534779 0,001185
отличная 3,743604 0,004148
успех 2,564949 0,005684
исторического 4,031286 0,002233
милане 2,038856 0,011296
со 0,447767 0,000744
отличается 2,644992 0,004396
центр 0,881403 0,001465
ставки 1,603538 0,000888
громкая 4,436752 0,002458
спрогнозировал 5,129899 0,002842
первой 1,019025 0,000565
биатлонисты 2,296685 0,001272
первом 1,052361 0,000583
транспортом 4,436752 0,002458
а 0,209918 0,000814
клопп 3,743604 0,002074
в 0,017911 0,000695
е 0,867219 0,000961
реклама 0,735450 0,001630
фото 0,799165 0,000443
гайды 2,564949 0,001421
и 0,023953 0,000279
лет 0,475938 0,000264
интер 1,633391 0,000905
политика 0,239550 0,000133
чемпионская 2,490841 0,002760
к 0,132686 0,000074
велоспорт 1,178655 0,000653
то 0,652562 0,001808
альпинизм 1,323236 0,001466
о 0,042302 0,000352
с 0,036149 0,000481
сейчас 1,104547 0,001836
четвертьфинал 1,951845 0,001081
шёл 3,050457 0,001690
перфлюенс 2,564949 0,001421
у 0,342407 0,001138
х 0,986764 0,001093
оказался 2,085376 0,001155
авто 0,925206 0,000513
ты 2,421849 0,001342
норвегии 1,728701 0,001915
главные 1,086847 0,000602
француженка 5,129899 0,002842
я 0,853233 0,000945
пантани 4,031286 0,002233
поп 1,911023 0,001059
сравнялся 4,031286 0,006700
сочи 0,853233 0,000473
футбол 0,285712 0,000475
конфиденциальности 0,317714 0,000176
атлетика 1,052361 0,001166
награждение 3,743604 0,002074
вхл 1,664163 0,000922
регби 0,955511 0,000529
билли 2,296685 0,001272
четвертьфиналы 2,732003 0,001514
ювентус 2,421849 0,001342
большую 2,239527 0,001241
дэвиса 1,633391 0,000905
теперь 0,971016 0,001076
россиянами 4,031286 0,002233
ресурсе 2,296685 0,001272
стурла 4,031286 0,002233
этап 1,392229 0,000771
мячом 1,104547 0,000612
вырвал 3,050457 0,001690
болгарии 3,520461 0,001950
при 0,367725 0,000407
странное 3,743604 0,002074
симон 3,338139 0,007398
возвращать 3,743604 0,002074
эмильена 5,129899 0,002842
кругом 4,031286 0,006700
майе 3,743604 0,006222
призёр 2,185460 0,001211
ооо 1,871802 0,003111
вторые 2,827314 0,003133
дела 2,644992 0,001465
сознание 4,436752 0,002458
okko 2,357310 0,001306
гаджеты 2,421849 0,001342
румынский 3,743604 0,012444
главный 1,035554 0,000574
штрафного 3,050457 0,001690
дрогнул 5,129899 0,002842
rds 1,911023 0,001059
эмильен 4,031286 0,004467
псж 1,518981 0,000842
вырвала 3,183989 0,001764
италия 0,867219 0,000961
футзал 2,085376 0,001155
isu 1,603538 0,000888
суперкары 2,564949 0,001421
мобильное 2,296685 0,001272
снова 1,574551 0,000872
железные 3,743604 0,002074
кремля 2,490841 0,001380
первую 1,518981 0,000842
халили 4,031286 0,002233
сноуборд 1,238078 0,001372
показать 0,825834 0,000915
пляжный 1,728701 0,001915
крутой 3,743604 0,002074
мма 1,069456 0,001777
собираюсь 3,183989 0,001764
олимпийские 0,895792 0,001985
камбэк 2,732003 0,001514
сумасшедшая 5,129899 0,002842
победе 1,951845 0,003244
французами 4,436752 0,002458
боги 5,129899 0,002842
однако 1,069456 0,000592
олимпизм 1,466337 0,000812
олимпийский 0,853233 0,000473
спорта 0,342407 0,001138
победу 0,910391 0,000504
млс 2,296685 0,001272
ждал 4,031286 0,002233
игр 0,367725 0,000611
подъёме 5,129899 0,005684
яркое 3,050457 0,001690
победы 0,971016 0,001076
уверенно 2,490841 0,001380
италии 1,002764 0,001667
дикого 5,129899 0,002842
сенсация 3,338139 0,001849
база 1,871802 0,001037
гонка 1,871802 0,004148
гран 1,518981 0,001683
потерял 2,490841 0,001380
спокоен 5,129899 0,002842
гонке 2,185460 0,003632
всех 0,652562 0,000362
волейбол 1,019025 0,001129
творишь 5,129899 0,002842
этапе 1,633391 0,003620
видео 0,699082 0,002324
отобранные 3,743604 0,002074
норвежка 4,436752 0,004916
гонку 2,564949 0,001421
рекомендательные 1,762603 0,000977
содружества 1,518981 0,003366
биатлон 0,534779 0,010370
плавание 1,198073 0,000664
олимпийских 0,799165 0,001328
чм 1,492313 0,002480
мотогонки 2,564949 0,001421
шлем 1,951845 0,001081
гонки 1,002764 0,002222
эфир 2,085376 0,002311
провёл 2,134166 0,001182
судимостью 5,129899 0,002842
live 1,518981 0,000842
финише 2,732003 0,001514
последними 3,743604 0,002074
стрелок 4,436752 0,002458
наций 1,797694 0,000996
впятером 4,436752 0,009832
случилась 3,520461 0,001950
видеообзор 3,743604 0,004148
мок 1,574551 0,000872
преимуществом 3,520461 0,007802
counter 1,911023 0,001059
летняя 2,085376 0,001155
авангард 2,038856 0,001130
спринта 2,564949 0,001421
своём 1,871802 0,003111
вынесла 4,031286 0,002233
дарья 2,085376 0,001155
хоккею 1,603538 0,001777
последних 1,951845 0,001081
стороне 2,421849 0,001342
сша 0,586604 0,000975
вернули 3,183989 0,001764
лидер 2,296685 0,002545
говорил 3,050457 0,001690
спортивном 2,038856 0,001130
среды 2,827314 0,001566
джин 2,134166 0,001182
спринте 2,357310 0,002612
невероятная 4,436752 0,002458
вывеска 4,436752 0,002458
вторая 1,345709 0,000746
фуркад 3,743604 0,004148
ranym 2,564949 0,001421
мечту 5,129899 0,002842
скидки 2,239527 0,001241
киберспорт 1,762603 0,000977
девушка 3,338139 0,003699
эксклюзив 2,357310 0,009142
самбо 1,994404 0,001105
девушки 2,421849 0,001342
латвии 3,183989 0,001764
штрафным 3,743604 0,006222
бодрее 4,436752 0,002458
brave 2,564949 0,001421
биатлону 2,732003 0,004541
сборные 0,839439 0,000465
моя 2,185460 0,001211
нравится 3,050457 0,003380
официально 1,159607 0,000642
конференций 1,728701 0,000958
wta 2,038856 0,003389
лучшие 1,019025 0,000565
секунд 1,994404 0,004420
проиграл 1,633391 0,000905
команда 0,663991 0,001104
большой 1,069456 0,002962
лучший 1,368699 0,001517
преследования 2,827314 0,003133
поделили 3,743604 0,002074
дания 2,085376 0,001155
ranynuevrg 2,564949 0,001421
результаты 0,910391 0,003026
провели 2,085376 0,001155
pfl 2,421849 0,001342
командная 2,085376 0,002311
болгарская 5,129899 0,005684
золота 2,932674 0,003250
матчи 0,773190 0,000857
мартин 2,085376 0,001155
мадрид 1,834062 0,001016
чем 0,747872 0,000414
реал 1,492313 0,002480
стрельбу 4,436752 0,002458
матче 0,747872 0,000414
жизни 1,122566 0,000622
бене 4,031286 0,006700
мск 2,421849 0,004025
золото 1,217876 0,005398
биатлонистка 4,031286 0,002233
скелетон 1,258698 0,000697
золоту 3,183989 0,003528
стрельбой 4,031286 0,002233
спортсмена 1,834062 0,001016
сложностях 5,129899 0,002842
вчера 1,518981 0,000842
круге 2,185460 0,003632
биатлонистки 3,743604 0,006222
круга 2,134166 0,001182
мартен 4,031286 0,002233
релизы 2,357310 0,001306
это 0,277868 0,002463
француза 3,743604 0,002074
француз 2,827314 0,001566
норвежец 3,338139 0,003699
станет 1,911023 0,001059
перераспределили 4,436752 0,002458
прямом 2,932674 0,001625
допуск 3,743604 0,002074
биатлонной 4,031286 0,004467
жаклене 5,129899 0,002842
strike 2,564949 0,001421
перро 4,436752 0,004916
биатлоне 2,932674 0,008124
кентен 4,031286 0,002233
фтора 5,129899 0,002842
сборных 1,911023 0,001059
светит 5,129899 0,002842
сумел 3,050457 0,001690
шансы 1,951845 0,001081
только 0,447767 0,000248
жизнь 1,728701 0,000958
жаклена 4,436752 0,002458
шорт 1,086847 0,001204
золотых 1,911023 0,001059
новости 0,301585 0,002005
поверили 5,129899 0,002842
com 0,925206 0,000513
юрген 3,338139 0,001849
нхл 0,925206 0,000513
заруба 4,436752 0,002458
турнир 0,699082 0,000387
судьба 2,932674 0,001625
горнолыжный 1,301257 0,001442
аравия 1,951845 0,001081
отмену 4,031286 0,002233
мира 0,367725 0,002241
табло 2,357310 0,001306
легрейд 4,031286 0,002233
дрифт 2,421849 0,001342
неожиданной 4,436752 0,004916
обострилось 5,129899 0,002842
канал 2,038856 0,001130
жанмонно 4,031286 0,002233
почему 1,122566 0,000622
мошенницей 5,129899 0,002842
тренировки 1,546380 0,000857
использования 0,393700 0,000218
тренды 2,239527 0,001241
новое 2,134166 0,001182
германия 1,140915 0,000632
карьере 1,994404 0,001105
медалей 1,238078 0,000686
мужскую 4,031286 0,002233
падел 2,296685 0,001272
рейды 2,564949 0,001421
bellator 2,490841 0,001380
женскую 4,031286 0,013400
уверен 2,644992 0,001465
домрачева 3,743604 0,002074
паралимпиада 2,490841 0,001380
гандбол 1,178655 0,000653
нервы 3,520461 0,001950
ошибку 1,834062 0,001016
шли 3,338139 0,001849
девушек 2,932674 0,001625
финляндии 2,421849 0,001342
дисквалификации 2,732003 0,001514
шахматы 1,871802 0,001037
футболу 1,492313 0,000827
игры 0,376309 0,001042
паралимпиаде 2,490841 0,001380
старты 2,827314 0,001566
февраля 0,232059 0,004500
доминация 5,129899 0,002842
мхл 1,603538 0,000888
индивидуальной 4,031286 0,002233
бьорндален 4,031286 0,006700
дёмин 2,932674 0,001625
практически 1,664163 0,000922
события 0,663991 0,001471
полная 1,834062 0,002032
инн 2,490841 0,004140
евротур 2,357310 0,001306
словакия 1,834062 0,001016
никто 1,871802 0,002074
эрик 3,743604 0,004148
французские 3,183989 0,005292
главной 2,732003 0,001514
против 0,747872 0,000829
другие 0,384967 0,000213
профессиональный 1,834062 0,001016
так 0,597299 0,000662
мощное 5,129899 0,002842
фифа 1,728701 0,000958
лёгкая 1,238078 0,001372
блестяще 3,520461 0,001950
прыжки 1,019025 0,001129
любительский 2,085376 0,001155
интервью 0,971016 0,000538
где 0,675551 0,000374
кто 0,839439 0,000465
активный 2,490841 0,001380
запрета 3,743604 0,002074
раскрыть 2,564949 0,001421
разобрался 4,436752 0,002458
технологии 1,574551 0,000872
англия 1,574551 0,000872
самый 1,416327 0,000785
мотивация 2,490841 0,001380
наполи 2,644992 0,001465
применяются 1,466337 0,000812
трансферы 1,664163 0,000922
недель 2,085376 0,002311
обсуждаемые 2,490841 0,001380
любого 2,932674 0,001625
championat 1,834062 0,001016
соревнований 0,881403 0,002930
быть 0,773190 0,000428
окко 2,490841 0,001380
сериалы 2,421849 0,001342
воскресенья 4,031286 0,002233
мчм 2,490841 0,001380
победой 2,038856 0,002259
дебютной 5,129899 0,002842
атмосфере 4,436752 0,007374
ничем 3,743604 0,006222
повторилось 4,436752 0,002458
страданий 5,129899 0,002842
пасслер 4,436752 0,002458
румынии 3,050457 0,011830
ак 1,695912 0,000940
рома 2,827314 0,001566
объяснила 3,520461 0,001950
неожиданная 5,129899 0,002842
ледовые 2,564949 0,001421
спорт 0,224624 0,000747
таки 2,296685 0,001272
этой 1,052361 0,001166
мобильная 0,608110 0,000337
франция 1,122566 0,002488
шоу 1,441019 0,000798
борьба 1,002764 0,000556
безумие 3,743604 0,004148
францию 3,338139 0,001849
решилась 3,743604 0,002074
приложение 1,994404 0,002210
сборная 0,711058 0,003152
субботы 3,743604 0,002074
сделала 3,050457 0,001690
информационном 2,239527 0,001241
циципас 2,134166 0,001182
швеция 1,345709 0,001491
легенды 1,994404 0,001105
санный 1,301257 0,000721
знаете 2,185460 0,002422
франции 1,035554 0,005737
женский 1,441019 0,000798
сделали 2,134166 0,001182
высказался 1,797694 0,000996
принял 1,664163 0,000922
паратриатлон 2,490841 0,001380
бажин 4,031286 0,002233
фристайл 1,279751 0,001418
историческое 3,743604 0,002074
гимнастика 1,238078 0,000686
бы 1,052361 0,001749
восходящих 3,520461 0,001950
проблемах 4,031286 0,002233
можно 1,002764 0,000556
уефа 1,466337 0,001625
наши 1,323236 0,000733
давление 3,338139 0,005548
кхл 0,760451 0,001264
бё 4,436752 0,012290
космос 4,436752 0,002458
пресс 1,086847 0,000602
россии 0,160085 0,000887
зачёт 1,951845 0,002163
сделал 1,695912 0,001879
кубок 0,524729 0,003198
первая 0,867219 0,000961
российские 1,301257 0,000721
сайта 1,574551 0,000872
уже 0,687247 0,001904
мужской 2,134166 0,007094
rss 2,085376 0,002311
впервые 0,839439 0,000930
мишлон 4,436752 0,002458
женщины 0,881403 0,002442
чемпионат 0,277868 0,001693
вы 0,325878 0,000361
особенная 5,129899 0,002842
символическое 5,129899 0,002842
киберклубы 2,564949 0,001421
спин 4,031286 0,002233
ranymavgga 2,564949 0,001421
свою 1,217876 0,000675
испания 1,466337 0,000812
тех 1,217876 0,000675
чудо 3,520461 0,003901
турниры 0,895792 0,001985
просто 1,492313 0,003307
взяла 3,520461 0,001950
версия 0,485508 0,000807
которую 1,728701 0,000958
россия 0,699082 0,000775
го 1,279751 0,001418
итальянка 3,520461 0,003901
кёрлинг 1,279751 0,000709
смотреть 1,695912 0,000940
лидера 2,421849 0,001342
последниевсе 2,564949 0,001421
европы 0,524729 0,000581
да 1,911023 0,001059
сотворил 4,436752 0,002458
ibu 2,239527 0,004963
здесь 1,911023 0,005294
сражение 5,129899 0,002842
настольный 1,238078 0,000686
сотворила 5,129899 0,002842
шайбой 1,122566 0,000622
еврокубок 2,296685 0,001272
полезные 2,296685 0,001272
между 0,955511 0,001059
до 0,239550 0,000133
трансляции 1,441019 0,000798
штрафном 5,129899 0,008526
соответствии 1,086847 0,000602
начнётся 3,743604 0,006222
трек 1,159607 0,001285
atp 1,994404 0,003315
завтра 1,951845 0,001081
российских 1,323236 0,001466
евро 1,466337 0,000812
реслинг 2,564949 0,001421
кино 2,134166 0,001182
ей 1,834062 0,001016
виды 0,773190 0,001285
лыжное 1,279751 0,000709
erid 2,239527 0,003722
кинг 2,239527 0,001241
итоги 1,834062 0,002032
выскочившая 5,129899 0,002842
питание 2,357310 0,001306
баскетбол 0,773190 0,000857
кубка 0,825834 0,002745
число 1,392229 0,001543
йохан 4,436752 0,004916
mls 2,421849 0,001342
тандреволд 5,129899 0,005684
пробе 4,436752 0,002458
для 0,146292 0,000486
неприемлемо 5,129899 0,002842
числу 1,546380 0,000857
mdvh 2,564949 0,001421
атлетов 2,732003 0,001514
фортуна 2,490841 0,001380
судиться 4,436752 0,009832
отреагировали 3,050457 0,001690
же 0,925206 0,001025
метрах 3,338139 0,001849
дно 4,031286 0,002233
евролига 1,664163 0,000922
шамаев 4,436752 0,019664
android 2,185460 0,001211
чемпионата 0,735450 0,000815
йоханнесе 5,129899 0,005684
биатлонистов 3,338139 0,003699
ростов 1,002764 0,000556
тесты 1,871802 0,001037
горячее 3,743604 0,002074
после 0,317714 0,000528
гениально 5,129899 0,002842
путь 1,834062 0,001016
ботн 4,436752 0,004916
биатлонистом 3,520461 0,001950
самую 2,827314 0,001566
чемп 2,564949 0,001421
что 0,239550 0,001593
фийон 3,743604 0,006222
медали 0,971016 0,002152
южная 1,797694 0,000996
букмекеров 1,198073 0,001991
за 0,125952 0,000419
статьи 0,524729 0,000291
бобслей 1,238078 0,000686
рейтинг 0,565551 0,002507
медаль 1,416327 0,001569
трансляция 2,239527 0,003722
позиции 1,871802 0,001037
трансляцию 3,050457 0,001690
контакты 1,258698 0,000697
было 0,438551 0,000729
зачем 2,421849 0,001342
сид 2,490841 0,001380
лизы 5,129899 0,002842
хайкин 3,050457 0,001690
lifestyle 2,490841 0,001380
были 0,799165 0,000886
трюки 5,129899 0,005684
если 0,675551 0,000374
дня 1,104547 0,004284
правовая 2,296685 0,001272
лыжах 1,178655 0,000653
женской 2,134166 0,007094
канады 1,217876 0,001349
медведев 1,834062 0,001016
дакар 2,490841 0,001380
петросян 1,441019 0,000798
женском 2,038856 0,001130
экспертом 3,743604 0,002074
из 0,106018 0,000587
отправила 5,129899 0,002842
play 1,441019 0,000798
победителей 2,085376 0,001155
забрала 5,129899 0,005684
пропустите 4,031286 0,002233
олимпиадах 2,296685 0,001272
может 0,630089 0,000349
биатлонист 3,183989 0,022932
любит 2,421849 0,001342
лиза 3,743604 0,004148
швед 2,932674 0,001625
нба 1,546380 0,001713
их 0,799165 0,000443
больше 0,812411 0,000450
ови 2,490841 0,001380
биатлонные 3,743604 0,004148
хоккей 0,376309 0,001251
нам 1,797694 0,000996
хоккее 2,038856 0,001130
прочие 1,345709 0,005964
знания 2,357310 0,001306
двоеборье 1,217876 0,000675
разных 1,834062 0,002032
вторника 4,031286 0,002233
здоровье 1,664163 0,000922
ски 1,069456 0,001185
цска 0,711058 0,000394
фанатом 5,129899 0,002842
развязка 5,129899 0,005684
воплотил 4,436752 0,002458
ралли 2,357310 0,002612
россиян 1,762603 0,000977
дегтярёв 4,031286 0,008934
сладкому 4,436752 0,002458
камбэка 5,129899 0,005684
домашней 2,421849 0,001342
признали 3,183989 0,001764
образе 2,421849 0,001342
серии 1,159607 0,001285
министр 2,421849 0,005367
мощно 3,520461 0,001950
норвежцы 4,031286 0,002233
интера 2,732003 0,001514
гонок 2,732003 0,001514
матч 0,411400 0,000912
соперниц 3,520461 0,001950
суперлига 1,574551 0,001745
международные 1,238078 0,000686
лыжные 1,140915 0,001896
абсурд 5,129899 0,005684
младшие 2,564949 0,001421
выиграли 1,518981 0,000842
конькобежный 1,238078 0,000686
звездой 2,932674 0,001625
прочее 1,834062 0,001016
призёров 2,564949 0,002842
недооценила 5,129899 0,008526
прогнозы 2,085376 0,001155
снукер 2,564949 0,001421
знаний 2,357310 0,001306
победа 1,238078 0,001372
признался 2,644992 0,001465
киркеэйде 4,436752 0,002458
допинг 2,185460 0,002422
приз 2,134166 0,001182
снайперов 3,520461 0,001950
паратхэквондо 2,490841 0,001380
йоханнесом 5,129899 0,008526
понсилуома 4,436752 0,002458
вот 2,134166 0,001182
сегодня 0,881403 0,000977
лу 3,183989 0,001764
молодёжные 2,490841 0,001380
сми 1,546380 0,001713
самое 2,085376 0,001155
звёзд 2,357310 0,003918
такой 1,664163 0,000922
поколение 4,436752 0,002458
америка 1,797694 0,001992
выиграла 1,345709 0,005219
битве 3,743604 0,002074
камиль 4,031286 0,006700
норвежцами 5,129899 0,002842
виттоцци 4,436752 0,007374
будем 2,490841 0,005520
олимпийское 2,490841 0,001380
америки 1,695912 0,000940
предела 4,031286 0,002233
лиги 0,895792 0,000496
собой 1,279751 0,000709
олав 4,436752 0,004916
евробаскет 2,490841 0,001380
лиге 1,368699 0,000758
чемпионом 1,122566 0,000622
лига 0,402511 0,002453
рассказал 1,238078 0,001372
сосьедад 3,050457 0,001690
условиях 2,239527 0,002481
разрыдался 5,129899 0,002842
догнать 3,050457 0,001690
отдых 2,421849 0,001342
сборной 0,825834 0,003203
истории 0,630089 0,001047
мы 0,925206 0,004101
христовой 5,129899 0,005684
олимпиаде 0,895792 0,012407
том 0,895792 0,000993
участие 0,597299 0,000331
на 0,023953 0,000929
топ 1,238078 0,004801
состав 1,238078 0,001372
олимпиада 1,104547 0,011015
единой 2,644992 0,001465
не 0,099461 0,000937
барс 1,695912 0,000940
осеан 5,129899 0,002842
попал 1,911023 0,002117
календарь 0,735450 0,000407
экстазе 5,129899 0,002842
организация 1,664163 0,003688
онлайн 0,773190 0,002142
но 0,402511 0,001784
главная 1,323236 0,000733
совершил 4,031286 0,002233
водные 0,867219 0,000480
олимпиады 0,925206 0,002563
эфире 2,564949 0,001421
клубный 1,871802 0,001037
ней 1,762603 0,003906
об 0,217244 0,000361
любители 1,797694 0,000996
трёхцветные 5,129899 0,002842
небольших 4,436752 0,002458
награды 1,728701 0,000958
ои 0,812411 0,009452
бои 1,633391 0,000905
мужчины 1,019025 0,001694
он 0,534779 0,001481
откатилась 5,129899 0,002842
даже 1,198073 0,000664
году 0,630089 0,000349
от 0,160085 0,000355
правилами 1,323236 0,000733
исторический 2,644992 0,001465
бокс 0,576022 0,000957
железо 2,564949 0,001421
лыжи 1,019025 0,001129
катание 0,534779 0,001185
хозяйки 3,338139 0,001849
любовью 5,129899 0,002842
как 0,232059 0,000257
рекламные 2,932674 0,003250
все 0,125952 0,000558
саудовская 1,951845 0,001081
оказалась 2,732003 0,001514
жулии 5,129899 0,002842
года 0,239550 0,000531
заслужил 5,129899 0,002842
по 0,073653 0,000490
эстафету 3,338139 0,014795
отмороженная 5,129899 0,011368
расписание 1,695912 0,004698
жаклен 4,031286 0,004467
информация 1,035554 0,000574
эстафеты 2,932674 0,014623
трамплина 1,159607 0,001285
покажут 3,743604 0,002074
попала 2,732003 0,003027
париже 1,664163 0,000922
круглосуточный 2,564949 0,001421
всё 1,159607 0,001285
жулия 5,129899 0,002842
ufc 1,441019 0,000798
эстафете 2,421849 0,014759
эстафета 2,564949 0,001421
чемпионов 0,652562 0,001808
условия 0,411400 0,000228
