пандемией 4,031286 0,000460
иностранных 3,050457 0,001043
банк 2,932674 0,000334
маклюков 5,129899 0,000585
latina 1,603538 0,000183
шайбы 2,827314 0,000967
девять 2,296685 0,000262
день 0,760451 0,000173
экспорт 0,986764 0,000112
владивостокский 4,436752 0,000506
шайбу 3,520461 0,001204
бэйлен 5,129899 0,000585
петербургского 3,183989 0,001089
адмирал 3,050457 0,004520
ไทย 1,238078 0,000141
них 1,178655 0,000672
tatarça 1,392229 0,000159
персонала 4,436752 0,000506
играл 1,762603 0,000201
составляющую 4,436752 0,000506
некоторых 1,762603 0,000201
играм 2,421849 0,000552
нижнекамск 4,031286 0,000919
коваленко 4,031286 0,001379
арх 5,129899 0,000585
заявление 0,867219 0,000099
создана 1,834062 0,000209
трофеев 3,338139 0,000381
жамнов 5,129899 0,000585
множество 2,038856 0,000232
драфте 4,031286 0,000460
отделов 5,129899 0,000585
принадлежит 2,239527 0,001532
основан 1,871802 0,000427
стабильным 4,436752 0,000506
кагарлицкий 5,129899 0,000585
драфта 3,520461 0,000803
специальными 4,031286 0,000460
пункт 3,050457 0,000695
наилучших 5,129899 0,000585
появилась 2,185460 0,000498
помещении 3,050457 0,000348
čeština 1,035554 0,000118
дубае 2,357310 0,000269
финала 1,104547 0,001889
противодействие 4,436752 0,000506
занимает 2,185460 0,000249
новосибирск 2,564949 0,000292
серебряный 1,994404 0,000227
проекты 1,198073 0,000273
область 2,732003 0,000311
мастерство 3,520461 0,000803
викисклад 1,035554 0,000236
металлург 1,994404 0,003637
стт 5,129899 0,000585
букмекерские 3,520461 0,000401
полуфиналист 3,183989 0,000363
самому 3,183989 0,002178
пройти 2,239527 0,000255
продолжает 2,421849 0,000276
вайцеховская 4,436752 0,000506
спорное 5,129899 0,000585
slovenčina 1,069456 0,000122
главой 3,050457 0,000348
дело 2,038856 0,000232
болгария 2,421849 0,000276
индивидуальных 2,644992 0,000301
проект 1,728701 0,000985
отменено 2,644992 0,000301
новостного 4,031286 0,000460
g 2,490841 0,000284
i 1,762603 0,000603
каждом 1,871802 0,000213
платинум 4,031286 0,000460
дмитрия 2,644992 0,000301
доходов 2,827314 0,000322
волжское 4,436752 0,000506
индивидуальные 2,134166 0,000243
имена 2,564949 0,000292
каждой 1,546380 0,000353
w 0,955511 0,000109
отменена 3,520461 0,000401
x 1,279751 0,000438
проекте 1,546380 0,000176
территории 1,633391 0,000186
критериям 3,183989 0,000363
емельянов 4,436752 0,000506
имени 1,951845 0,002225
шайба 4,436752 0,000506
финале 1,633391 0,000372
туда 3,338139 0,000381
сборную 1,633391 0,000372
проекта 2,564949 0,000877
спорту 2,038856 0,000232
lada 4,436752 0,000506
украина 1,871802 0,000640
дмитрий 1,345709 0,001227
коммерческих 3,183989 0,000363
марченко 5,129899 0,000585
украине 2,490841 0,000284
украину 3,183989 0,000726
перспективой 5,129899 0,000585
окончании 1,911023 0,000436
почтовая 2,421849 0,000276
разное 4,031286 0,000460
украины 1,797694 0,000410
овертайме 2,038856 0,000697
овертайма 4,031286 0,000460
chl 4,436752 0,000506
упразднён 4,031286 0,001379
страховая 4,436752 0,000506
спорта 0,342407 0,000039
следующем 1,951845 0,000667
системе 0,867219 0,000593
радулову 5,129899 0,000585
июня 1,217876 0,000416
система 1,695912 0,001160
хоккейного 2,564949 0,000292
каталогах 1,323236 0,000151
следующей 3,183989 0,000363
могут 0,760451 0,000260
клубов 1,603538 0,005118
евроазиатской 5,129899 0,000585
база 1,871802 0,000213
упоминаются 4,436752 0,000506
возвращались 4,031286 0,000460
надёжная 5,129899 0,000585
судьи 1,574551 0,000359
председатель 2,239527 0,000255
очков 1,198073 0,001229
совет 1,994404 0,000909
дрэгонс 2,932674 0,000669
встретились 2,644992 0,001206
новому 3,338139 0,000381
денис 2,564949 0,000292
примет 2,932674 0,001003
июне 2,827314 0,000322
минуту 2,932674 0,000334
переносится 3,743604 0,000427
минуты 1,871802 0,000213
локомотив 0,910391 0,001660
подобная 4,031286 0,000919
расформирована 4,031286 0,000460
американскими 4,436752 0,000506
последний 0,773190 0,000176
авангарда 3,743604 0,000853
последние 1,178655 0,000134
автопроизводитель 5,129899 0,000585
барсу 4,031286 0,000460
яковлев 4,031286 0,000460
инициативой 3,743604 0,000427
некоторые 1,416327 0,000323
авангард 2,038856 0,002092
проходившая 4,436752 0,000506
pdf 0,940244 0,000107
участием 1,518981 0,000173
сша 0,586604 0,000201
описание 0,986764 0,000112
спортивное 2,134166 0,000243
труда 3,338139 0,000761
спортивной 1,416327 0,000161
игроков 1,238078 0,003669
дальневосточное 5,129899 0,000585
светло 3,520461 0,000401
выигрывала 3,183989 0,000363
энциклопедичности 4,031286 0,000460
противостояния 2,732003 0,000623
вручается 2,827314 0,007090
карлссон 2,564949 0,000292
подряд 1,258698 0,000574
серый 4,031286 0,000919
приглашён 3,183989 0,000363
block 4,436752 0,000506
сборные 0,839439 0,000096
ноябре 3,183989 0,000363
коронавируса 3,338139 0,001903
запланированном 5,129899 0,000585
сроков 4,436752 0,000506
каналы 3,520461 0,000401
конференций 1,728701 0,000591
конференции 2,421849 0,006073
куньлунь 5,129899 0,002339
секунд 1,994404 0,001591
федеральном 4,031286 0,000460
кэшем 2,421849 0,000276
newsru 3,743604 0,000427
трваю 5,129899 0,000585
принадлежал 3,743604 0,000427
worldcat 2,490841 0,000284
реальном 4,436752 0,000506
вклад 0,971016 0,000111
indonesia 1,086847 0,000124
метсола 5,129899 0,001754
конференция 2,644992 0,004522
текст 0,986764 0,000112
провели 2,085376 0,000238
конференцию 5,129899 0,000585
очко 1,911023 0,000436
ноября 0,971016 0,000775
национальному 4,031286 0,000460
канале 2,421849 0,000276
юный 4,436752 0,000506
очки 1,466337 0,001337
тому 1,664163 0,000190
митч 4,031286 0,000460
чемпиона 1,466337 0,000836
состояла 2,732003 0,000311
очка 1,574551 0,000897
перейти 0,867219 0,000198
сезоне 1,466337 0,006686
умные 5,129899 0,001169
изменился 2,827314 0,000322
менеджмента 5,129899 0,001169
счёт 1,603538 0,000183
юха 5,129899 0,001754
григорий 2,827314 0,000322
средств 2,421849 0,000276
боченски 4,436752 0,001011
запускает 4,436752 0,000506
регулярного 3,183989 0,006533
дальнего 4,031286 0,000460
действовала 3,743604 0,000427
умный 5,129899 0,000585
подготовки 1,633391 0,000186
украинский 3,183989 0,000363
сезона 1,052361 0,005998
toy 5,129899 0,000585
длилась 5,129899 0,000585
западной 2,732003 0,002491
предлагает 3,520461 0,000401
синий 2,827314 0,000322
ответственности 0,971016 0,000111
произошедшей 5,129899 0,000585
федерального 2,932674 0,000334
действовали 4,031286 0,000460
имеет 1,492313 0,000170
собственными 3,743604 0,000427
букмекерская 4,031286 0,000460
звание 2,185460 0,000249
только 0,447767 0,000051
сезоны 2,296685 0,000262
противостояние 2,644992 0,001809
php 0,986764 0,000112
майклу 3,743604 0,000427
com 0,925206 0,000738
covid 2,564949 0,000292
нхл 0,925206 0,000211
каждого 1,633391 0,000559
турнир 0,699082 0,000319
спроса 5,129899 0,000585
фонбет 1,466337 0,001170
мире 1,198073 0,000546
правилам 1,664163 0,000190
годом 2,085376 0,000475
екатеринбурга 4,436752 0,000506
кицын 5,129899 0,000585
аверин 4,436752 0,000506
корешков 3,338139 0,000381
финалисту 4,031286 0,000460
йокеритом 4,436752 0,001011
директор 2,085376 0,000238
организована 3,183989 0,000363
войтек 5,129899 0,000585
риге 4,436752 0,001011
микко 4,436752 0,001011
посетили 3,520461 0,000401
когда 0,652562 0,000223
учитываются 2,732003 0,000311
предыдущие 3,338139 0,000381
принципиальными 4,031286 0,001379
вконтакте 1,911023 0,000218
рига 3,743604 0,003840
финалисты 3,520461 0,000401
компонентом 4,436752 0,000506
выделяют 3,183989 0,000363
проводятся 1,574551 0,000359
защитник 1,574551 0,000718
годов 1,301257 0,000148
старков 4,031286 0,000460
предыдущий 3,183989 0,001089
куки 0,971016 0,000111
касутин 5,129899 0,000585
карьеру 1,518981 0,001039
плотников 3,183989 0,000363
трямкин 5,129899 0,000585
предыдущее 4,031286 0,000460
виталий 2,564949 0,000292
слабые 4,031286 0,000460
аналитика 2,421849 0,000276
появляться 2,932674 0,000334
лехтонен 5,129899 0,000585
капитан 1,871802 0,000213
статус 1,871802 0,000213
международной 1,345709 0,000153
коронавирусные 5,129899 0,000585
новичков 2,421849 0,000276
против 0,747872 0,000170
другие 0,384967 0,000132
так 0,597299 0,000136
хоккейная 2,421849 0,007730
федерация 1,002764 0,000114
салават 2,134166 0,003162
нового 1,574551 0,000179
трактора 3,520461 0,001605
türkmençe 2,185460 0,000249
перевести 3,743604 0,000427
столичные 5,129899 0,000585
отказалась 3,050457 0,000348
других 0,853233 0,000486
значимость 4,031286 0,000460
состоянию 1,911023 0,000218
источников 1,518981 0,000866
коммерческой 3,520461 0,001204
челябинского 4,031286 0,001379
шаблона 2,932674 0,000334
championat 1,834062 0,000836
sport 1,122566 0,000128
федераций 2,134166 0,000243
федерации 0,663991 0,000151
завершившегося 4,436752 0,000506
обыграв 2,134166 0,000243
представленные 4,436752 0,000506
национальным 3,183989 0,000363
главы 2,644992 0,000603
mastercard 4,436752 0,000506
служб 4,031286 0,000460
мансийск 4,436752 0,001517
национальных 1,871802 0,000213
исключила 4,031286 0,000460
малозначимую 4,031286 0,000460
люзенков 3,743604 0,000427
пятого 3,520461 0,000401
отделят 5,129899 0,000585
адмирала 4,436752 0,001011
представленных 5,129899 0,001169
спорт 0,224624 0,000077
утверждён 3,338139 0,000381
исключили 3,743604 0,000427
этой 1,052361 0,000240
этом 0,565551 0,000451
обыграл 1,574551 0,000179
этот 0,825834 0,000282
национальные 1,695912 0,000193
хельсинки 3,050457 0,001391
барыс 3,050457 0,002086
значимости 3,520461 0,000401
марка 2,038856 0,000232
главе 2,296685 0,000262
трудности 3,338139 0,000381
телевизионных 3,743604 0,000427
назначила 5,129899 0,000585
хабаровск 2,564949 0,000292
действующий 2,357310 0,000269
попов 3,183989 0,000726
определения 2,421849 0,000276
швеция 1,345709 0,000307
неограниченное 3,520461 0,000401
спенсер 4,436752 0,000506
бронзовый 2,038856 0,000232
соревнуются 2,732003 0,000311
глава 1,546380 0,000176
попрада 5,129899 0,000585
донецк 4,031286 0,001379
новокузнецкий 5,129899 0,001169
сохранилось 4,031286 0,000460
известный 2,239527 0,000255
основное 2,134166 0,000973
маннинен 5,129899 0,000585
français 1,019025 0,000116
хельсинкский 5,129899 0,000585
станислав 2,490841 0,000852
элемент 0,955511 0,000109
спортивные 1,104547 0,000126
выступлений 1,664163 0,000379
спортивный 1,301257 0,000148
игрок 1,258698 0,000861
состоял 3,520461 0,000401
сезонов 2,357310 0,000537
выступление 1,762603 0,000603
челябинск 2,564949 0,000292
проходил 2,185460 0,000498
спортова 5,129899 0,000585
трудностей 4,031286 0,000460
начисления 3,183989 0,000363
женщины 0,881403 0,000100
полном 3,050457 0,000348
спортивных 1,279751 0,000438
провайдером 5,129899 0,000585
пожалуйста 1,633391 0,000186
хельсинкским 5,129899 0,000585
выступления 1,546380 0,000353
клубам 2,732003 0,001557
тех 1,217876 0,000139
шелянин 5,129899 0,000585
указанием 0,986764 0,000112
аренды 2,296685 0,000524
болельщиков 1,574551 0,000538
ниже 1,762603 0,000402
регулярный 2,932674 0,002006
экономическим 4,436752 0,000506
открытия 2,134166 0,000487
расходов 3,183989 0,000363
бирже 5,129899 0,000585
работали 3,520461 0,000401
европы 0,524729 0,000299
сезоном 2,827314 0,001611
тем 1,217876 0,000278
регулярных 3,338139 0,000381
чипы 5,129899 0,001169
логистические 5,129899 0,000585
браташ 5,129899 0,000585
без 0,466460 0,000319
поле 1,217876 0,000139
продолжила 3,338139 0,000381
между 0,955511 0,001960
проводился 2,038856 0,000465
пола 2,490841 0,000284
трансляций 3,183989 0,000363
прекращении 4,031286 0,000460
фетисова 4,436752 0,000506
трансляции 1,441019 0,000164
чемпионскую 4,436752 0,000506
panini 5,129899 0,000585
продолжили 3,183989 0,000363
высочайший 5,129899 0,000585
аутсайдерами 3,743604 0,000427
соответствии 1,086847 0,000496
ограничения 2,239527 0,000255
соответствие 2,827314 0,000322
результативного 4,436752 0,000506
неэффективности 5,129899 0,001169
включала 4,436752 0,000506
фетисову 5,129899 0,000585
доли 4,436752 0,000506
линейному 5,129899 0,000585
первого 1,258698 0,000430
иначе 1,834062 0,000627
сологубова 4,436752 0,000506
пока 1,159607 0,000132
показателей 3,520461 0,000401
период 1,159607 0,000529
ягра 5,129899 0,001169
самого 2,357310 0,000537
заседание 3,338139 0,000381
клуб 0,940244 0,002251
требует 1,951845 0,000222
формировался 5,129899 0,000585
брэндон 5,129899 0,001169
абсолютный 3,338139 0,000381
кроме 1,368699 0,000624
виде 1,368699 0,000468
праги 4,436752 0,000506
чествованию 5,129899 0,000585
cards 4,436752 0,001517
нижний 1,159607 0,000132
вошли 1,994404 0,000455
праге 4,436752 0,000506
каждая 2,134166 0,000973
прагу 5,129899 0,000585
утверждаются 4,436752 0,000506
кодекс 0,971016 0,000111
канаде 2,296685 0,000262
балашиха 5,129899 0,002924
тим 3,520461 0,000803
букмекеров 1,198073 0,000546
прага 3,050457 0,001739
хоккейными 5,129899 0,000585
статьи 0,524729 0,000897
канада 1,301257 0,000148
разделить 4,031286 0,000460
олег 1,951845 0,000222
локомотива 2,185460 0,001246
ягр 5,129899 0,000585
астана 4,031286 0,000919
никита 1,603538 0,000731
статью 1,728701 0,000788
набор 2,644992 0,000301
культуре 2,296685 0,000262
если 0,675551 0,000077
статья 0,986764 0,000900
иные 3,183989 0,000363
соответственно 2,134166 0,000243
wikimedia 0,986764 0,000112
проверенной 2,421849 0,000276
сибирское 5,129899 0,000585
медведев 1,834062 0,000627
звёздная 4,436752 0,000506
канады 1,217876 0,000139
честь 2,085376 0,000238
шаблонами 1,664163 0,000190
позднее 2,421849 0,000276
определяет 2,827314 0,000322
европейского 2,827314 0,000322
мировой 1,392229 0,000159
соответствовали 5,129899 0,000585
ελληνικά 1,086847 0,000124
финансирования 2,932674 0,000669
букмекерской 4,436752 0,000506
беларусь 1,368699 0,000312
татарстан 4,031286 0,000460
twitter 3,743604 0,000853
язык 1,258698 0,000143
разыгрывается 2,827314 0,000322
eriell 5,129899 0,000585
анисимов 4,436752 0,000506
четвертьфиналист 4,031286 0,000460
тестирование 4,436752 0,000506
экономической 4,031286 0,000460
зелёным 4,436752 0,000506
целей 3,183989 0,000363
беларуси 2,644992 0,001206
вручит 5,129899 0,000585
новая 1,546380 0,000353
различные 1,951845 0,000222
зелёный 2,732003 0,000311
андрея 2,732003 0,000934
creative 0,986764 0,000112
право 1,603538 0,000183
nederlands 1,019025 0,000116
наград 2,134166 0,000730
разным 3,338139 0,000381
раза 1,834062 0,000209
различных 1,728701 0,000394
умарк 5,129899 0,000585
максим 1,994404 0,000682
отдал 2,732003 0,000623
эстония 2,490841 0,000284
маркетингу 4,031286 0,000460
определён 3,743604 0,000427
улучшите 2,490841 0,000284
кольцов 5,129899 0,000585
андрей 1,323236 0,001056
башҡортса 1,518981 0,000173
матч 0,411400 0,000750
росло 4,436752 0,000506
международные 1,238078 0,000141
передачам 4,031286 0,000460
крупных 1,871802 0,000213
объединяющий 5,129899 0,000585
динамо 0,663991 0,003406
обязательном 4,031286 0,000919
состоялось 2,564949 0,000292
звёздном 5,129899 0,000585
длительности 4,436752 0,000506
регионах 2,932674 0,000334
tire 5,129899 0,000585
текущие 0,940244 0,000107
ожиганов 5,129899 0,000585
экспресс 1,416327 0,000161
овертайм 3,183989 0,000363
страна 1,633391 0,000372
вместо 1,633391 0,000186
холдингом 4,436752 0,000506
той 1,994404 0,000227
итал 4,031286 0,000460
команд 1,178655 0,002821
создать 0,825834 0,000094
руководитель 2,644992 0,000301
вместе 1,178655 0,000134
страны 1,052361 0,000120
долгов 5,129899 0,000585
международных 1,492313 0,000680
полуфинал 1,633391 0,000186
руководителю 4,436752 0,000506
игрокам 1,951845 0,000890
chan 5,129899 0,000585
распределяются 3,520461 0,000401
запрос 2,732003 0,000311
регион 2,732003 0,000311
финалист 2,421849 0,000552
решение 1,238078 0,000423
клубных 3,338139 0,000381
дивизионе 2,564949 0,000292
печать 0,986764 0,000112
дивизиона 2,564949 0,001462
партнёрами 3,743604 0,000427
премии 3,743604 0,000427
насчитывает 3,743604 0,000427
инвестировал 5,129899 0,000585
íslenska 1,392229 0,000159
летний 1,834062 0,000209
том 0,895792 0,000306
ввиду 2,732003 0,000311
коммерческая 4,031286 0,000460
разделения 3,520461 0,000401
топ 1,238078 0,000282
сергея 2,644992 0,000603
закрепления 5,129899 0,001169
билялову 5,129899 0,000585
тот 1,416327 0,000323
улучшили 5,129899 0,000585
основная 1,323236 0,000905
обсуждение 0,881403 0,000201
барс 1,695912 0,002320
календарь 0,735450 0,000084
драфт 3,520461 0,004815
организации 0,812411 0,000185
почта 2,564949 0,000292
товарный 0,986764 0,000112
организаций 2,421849 0,000276
шанхай 2,644992 0,000904
почти 1,323236 0,000302
три 0,786093 0,000806
вскоре 2,239527 0,000255
начиная 1,492313 0,001021
дивизионы 3,520461 0,001204
решения 1,834062 0,000209
календаре 3,743604 0,000427
яндекс 2,490841 0,000568
норвегия 1,834062 0,000209
боб 3,520461 0,000401
товарных 4,031286 0,000460
расформирован 3,743604 0,000427
разделение 3,183989 0,000363
результативному 5,129899 0,000585
сухого 5,129899 0,000585
трудностями 4,436752 0,000506
всеволода 3,743604 0,001280
печати 0,955511 0,000109
владислав 2,185460 0,000498
крупную 3,183989 0,000363
вертикали 4,436752 0,000506
макаров 3,338139 0,000381
достижения 1,695912 0,000580
последняя 2,644992 0,000301
оставался 3,050457 0,000348
условий 0,881403 0,000100
вместимость 2,827314 0,000322
реальных 3,050457 0,000348
соперниками 2,038856 0,000697
возрасте 2,357310 0,000269
петербургский 2,932674 0,000334
вместимости 3,743604 0,000427
кетов 4,436752 0,000506
как 0,232059 0,000159
участник 2,296685 0,000262
хозяева 3,050457 0,000348
дошло 4,436752 0,000506
участниц 3,338139 0,000381
вступили 3,743604 0,000427
платёжная 4,436752 0,001011
западная 3,338139 0,002664
приостановил 4,031286 0,000460
встреча 2,085376 0,000238
втором 1,695912 0,000580
расписание 1,695912 0,000193
аренах 4,031286 0,000919
достижение 2,038856 0,000232
тарашкевіца 1,198073 0,000137
свисток 4,436752 0,001011
использовавшийся 4,436752 0,000506
макулов 5,129899 0,000585
проводит 2,038856 0,000232
medvescakzg 5,129899 0,000585
перечисленных 4,031286 0,000460
установлен 2,357310 0,000537
третье 1,603538 0,000183
тренеру 2,732003 0,000934
учётом 2,732003 0,000934
отличился 3,183989 0,000363
продукт 3,520461 0,000401
достижений 3,338139 0,000381
условия 0,411400 0,000188
получила 1,728701 0,000197
шайб 2,490841 0,001420
забившим 4,436752 0,001517
специальный 2,827314 0,000322
определяют 2,827314 0,000322
договоры 4,436752 0,000506
играет 1,994404 0,000227
dansk 1,069456 0,000122
единая 1,728701 0,000197
ещё 0,420369 0,000287
высшие 3,183989 0,000363
наибольшим 3,520461 0,000401
ухудшения 4,436752 0,001011
мегаспорт 5,129899 0,000585
хенрик 5,129899 0,000585
приняло 2,732003 0,000311
окр 3,183989 0,000363
получили 1,664163 0,000379
выступавший 3,183989 0,000363
приняли 1,633391 0,000186
петербург 1,633391 0,000559
prime 5,129899 0,002339
умение 3,183989 0,000363
мурыгину 5,129899 0,000585
беларуская 1,069456 0,000244
первой 1,019025 0,000116
чехословакия 2,421849 0,000276
первом 1,052361 0,000480
а 0,209918 0,000455
сухая 3,743604 0,000427
б 1,466337 0,000334
в 0,017911 0,000817
внедрившей 5,129899 0,000585
месяцев 2,296685 0,000262
слован 3,743604 0,003840
мурыгина 5,129899 0,000585
е 0,867219 0,000099
восточную 4,436752 0,000506
чехии 1,911023 0,000218
и 0,023953 0,000582
кошечкин 5,129899 0,001754
й 0,825834 0,000094
к 0,132686 0,000106
принимающая 4,436752 0,000506
индекса 5,129899 0,000585
м 0,534779 0,001524
льду 2,421849 0,000552
о 0,042302 0,000082
санкт 1,279751 0,000729
с 0,036149 0,000420
она 0,825834 0,000377
т 1,368699 0,000156
суммарная 3,520461 0,000401
китае 2,932674 0,000334
течение 1,238078 0,000423
х 0,986764 0,000112
структуру 3,520461 0,000401
текущая 2,421849 0,000552
китай 2,038856 0,000697
скачать 0,895792 0,000204
сезон 1,368699 0,004056
они 0,760451 0,000087
дворец 3,520461 0,001204
звезд 2,185460 0,000498
именные 4,436752 0,000506
вторжения 3,338139 0,000761
принципами 4,031286 0,000460
allhockey 4,031286 0,000460
структура 2,421849 0,001932
исследованию 3,743604 0,000427
португалия 2,296685 0,000262
решающую 5,129899 0,000585
екатеринбург 2,490841 0,000568
организатор 3,183989 0,000363
возросло 4,436752 0,000506
ставит 2,827314 0,000322
китая 2,932674 0,000334
анвар 5,129899 0,000585
вызванных 4,436752 0,000506
избиением 5,129899 0,000585
призам 5,129899 0,000585
существования 2,827314 0,000645
infox 5,129899 0,000585
алфавиту 1,159607 0,000132
перекрыл 5,129899 0,000585
петербурга 2,732003 0,000311
разрыв 3,338139 0,000381
сорокин 4,436752 0,001011
договора 3,520461 0,000401
петербурге 2,296685 0,000262
представились 0,986764 0,000112
сергей 1,392229 0,001587
наставнику 5,129899 0,000585
город 1,871802 0,000427
прежде 2,185460 0,000249
вручать 3,743604 0,000427
восточной 2,564949 0,001462
неэнциклопедическим 2,932674 0,000669
соперником 2,644992 0,000603
конференциях 4,436752 0,003034
вице 2,134166 0,000243
молодому 3,743604 0,000427
коллекционных 5,129899 0,000585
одноклассники 2,564949 0,000292
железный 4,031286 0,000919
скандалов 3,743604 0,000427
первую 1,518981 0,000173
club 2,644992 0,000301
викискладе 1,217876 0,000139
периодичность 5,129899 0,000585
лишка 5,129899 0,000585
телеканалах 4,436752 0,000506
василий 2,490841 0,000852
удалена 2,038856 0,000697
сумме 1,994404 0,000227
впоследствии 1,911023 0,000653
банковские 5,129899 0,000585
принадлежавший 4,031286 0,001379
юлаев 2,185460 0,003238
армейское 4,436752 0,000506
мест 1,951845 0,000445
hatnote 3,520461 0,000401
автоматическом 5,129899 0,000585
подмосковье 3,743604 0,000427
вступить 4,436752 0,000506
возражения 5,129899 0,000585
сумма 2,357310 0,000269
наибольшее 2,085376 0,001189
несвоевременную 5,129899 0,000585
цифровой 5,129899 0,000585
йокерит 4,031286 0,006433
всех 0,652562 0,000372
революция 3,743604 0,000427
представлен 3,183989 0,000363
title 0,986764 0,000112
чехия 1,518981 0,000693
видео 0,699082 0,000080
департамент 5,129899 0,000585
дожал 4,436752 0,000506
михаила 2,732003 0,000311
польша 2,185460 0,000249
пожертвовать 0,986764 0,000112
оформил 2,490841 0,000284
машины 3,338139 0,000381
нижегородского 5,129899 0,001169
сносок 1,951845 0,000667
приняла 2,644992 0,000603
московским 2,644992 0,000904
произвольный 3,743604 0,000427
московский 2,296685 0,000785
ссылка 0,786093 0,000179
московские 3,050457 0,000348
ссылки 0,839439 0,000765
раунд 2,134166 0,000243
своём 1,871802 0,000213
установленное 4,031286 0,000460
хоккею 1,603538 0,001097
получившей 3,520461 0,000401
хоккея 2,239527 0,002553
патрик 3,183989 0,000363
неоптимальных 5,129899 0,000585
технологию 5,129899 0,000585
названы 4,031286 0,000919
финансовой 2,932674 0,001003
вторая 1,345709 0,000153
худшие 4,031286 0,000460
швейцария 1,603538 0,000183
матчу 2,732003 0,000311
московская 3,743604 0,000427
независимой 5,129899 0,001169
офисе 5,129899 0,000585
становится 1,664163 0,000948
москве 1,518981 0,000173
разделами 1,951845 0,000445
москва 0,760451 0,000953
отдельных 0,986764 0,000112
юниоров 1,728701 0,001576
победная 3,338139 0,000381
дания 2,085376 0,000475
эффективности 4,436752 0,001011
офф 1,019025 0,005227
результаты 0,910391 0,000104
выставлял 5,129899 0,000585
выступает 2,421849 0,000552
заполнены 4,436752 0,000506
греция 2,564949 0,000292
крис 3,183989 0,000363
матча 1,002764 0,001143
проводится 1,546380 0,000176
данис 4,436752 0,002023
аэропорту 5,129899 0,000585
престижная 4,031286 0,000460
матчи 0,773190 0,001322
содержанием 2,827314 0,000645
торпедо 1,574551 0,001077
утвердил 3,520461 0,001204
чем 0,747872 0,000085
матче 0,747872 0,000426
status 3,743604 0,000427
партнёрстве 4,436752 0,001011
лидерами 2,564949 0,000292
стабильности 4,031286 0,000460
охк 5,129899 0,000585
бене 4,031286 0,000460
разделе 1,728701 0,000591
стать 1,441019 0,000164
словацкий 4,031286 0,000919
предыдущего 3,050457 0,000348
потенциал 3,338139 0,000381
туношна 5,129899 0,000585
родственные 3,183989 0,000363
связано 2,134166 0,000243
был 0,663991 0,001741
одноимённая 5,129899 0,000585
красная 1,994404 0,000227
код 0,986764 0,004612
витязь 4,031286 0,002298
сирена 4,436752 0,000506
варнаков 5,129899 0,001169
стась 5,129899 0,001169
высшая 2,185460 0,000249
реформированию 5,129899 0,001169
бинанс 5,129899 0,000585
url 0,986764 0,000112
ссылок 1,911023 0,001089
дерби 2,357310 0,003493
михаил 1,392229 0,000476
располагались 3,520461 0,000401
транспорта 4,436752 0,000506
телеканалов 5,129899 0,001169
сентября 1,069456 0,003657
войти 0,735450 0,000084
старт 1,416327 0,000323
экстралига 4,436752 0,000506
достиг 3,338139 0,000381
приостановлено 4,031286 0,000460
еахл 5,129899 0,002924
комплектовались 5,129899 0,000585
нмхл 4,031286 0,000919
динамовского 4,436752 0,000506
формировались 5,129899 0,000585
недели 2,357310 0,000269
снайперу 5,129899 0,000585
вышли 1,797694 0,000615
действия 1,797694 0,000205
доус 5,129899 0,001169
стадион 2,134166 0,000243
считать 2,421849 0,000276
открытого 4,436752 0,000506
никулин 4,031286 0,000460
объявлено 2,490841 0,000284
предстоящего 4,031286 0,000460
снайпера 5,129899 0,000585
медалей 1,238078 0,000141
заброшенная 5,129899 0,000585
крк 4,436752 0,001011
бельгия 2,296685 0,000262
играть 1,368699 0,000468
инструменты 0,986764 0,000225
имиджевой 5,129899 0,000585
программа 1,574551 0,000179
характера 3,050457 0,000348
феврале 2,038856 0,001394
рынка 4,436752 0,000506
кадейкин 4,436752 0,000506
забросившему 5,129899 0,000585
первым 1,238078 0,000564
каналах 4,436752 0,000506
первые 0,971016 0,000443
действии 5,129899 0,000585
действий 2,357310 0,000537
обращения 0,925206 0,008331
великолепный 3,743604 0,000427
tass 3,743604 0,001707
минск 1,834062 0,001672
первый 0,687247 0,000392
модулем 3,520461 0,000401
пост 2,134166 0,000487
февраля 0,232059 0,000344
ковальчук 3,743604 0,000427
техника 2,134166 0,000243
продолжил 2,827314 0,000645
славы 2,085376 0,000475
пять 1,368699 0,000624
главного 1,728701 0,000394
минут 1,258698 0,000861
межнациональная 5,129899 0,000585
мнению 2,732003 0,000623
техники 2,421849 0,000276
советом 3,183989 0,000726
значение 2,490841 0,000284
словакия 1,834062 0,001254
посту 2,827314 0,000645
деятельности 1,871802 0,000213
высшей 2,421849 0,000276
пяти 1,574551 0,000179
кручинин 5,129899 0,000585
авторадио 5,129899 0,000585
шайбами 4,031286 0,000460
титул 1,603538 0,000548
срок 2,085376 0,000238
автомобилиста 4,031286 0,000919
слабо 3,338139 0,000381
составляют 2,732003 0,000623
технологии 1,574551 0,000179
неделю 2,038856 0,000465
назывались 3,183989 0,000363
неделя 3,050457 0,001739
август 3,743604 0,000427
самый 1,416327 0,000484
панонская 5,129899 0,000585
отметки 3,338139 0,000761
материал 0,825834 0,000094
проверяема 2,038856 0,000697
отметке 4,436752 0,000506
самым 1,392229 0,000476
вступлении 4,436752 0,000506
словакии 2,732003 0,000311
минус 3,050457 0,000348
молодёжной 2,827314 0,000645
чешский 3,743604 0,000427
ниживий 5,129899 0,000585
хорватский 3,743604 0,000853
самые 1,633391 0,000372
телематика 5,129899 0,000585
грачёв 4,031286 0,000460
ортио 5,129899 0,000585
входят 1,994404 0,000455
обрела 3,743604 0,000427
хлыстов 5,129899 0,000585
иностранцы 3,338139 0,000381
екатеринбургского 5,129899 0,001169
ак 1,695912 0,002900
выплатила 4,436752 0,000506
добавив 1,911023 0,000653
instagram 1,911023 0,000218
вызова 2,932674 0,000669
навигация 0,986764 0,000225
альпийская 5,129899 0,000585
столичных 4,436752 0,000506
конкуренции 2,644992 0,000301
месяц 2,564949 0,000292
загреб 3,520461 0,001204
казахстана 2,827314 0,001289
разделены 3,743604 0,000427
клементьев 4,436752 0,000506
проверки 2,239527 0,000255
барсом 3,743604 0,000853
найджел 4,436752 0,001011
фонбета 5,129899 0,000585
навигации 0,986764 0,000112
приложение 1,994404 0,000227
сборная 0,711058 0,000162
переехавшего 5,129899 0,000585
коммерческую 5,129899 0,000585
орхл 5,129899 0,000585
установил 2,490841 0,000284
семилетняя 5,129899 0,000585
обозначено 5,129899 0,000585
счётом 1,834062 0,000836
правило 1,633391 0,000186
появились 1,664163 0,000569
можете 1,695912 0,000580
сами 2,644992 0,000603
спартака 1,633391 0,000372
состоится 2,827314 0,000322
бы 1,052361 0,000120
hrvatski 1,052361 0,000120
сама 2,644992 0,000301
перешли 2,827314 0,000322
трик 3,183989 0,000726
кхл 0,760451 0,018463
аудио 1,951845 0,000222
заболеваемостью 5,129899 0,001169
вл 5,129899 0,002339
кубок 0,524729 0,002093
во 0,495170 0,000282
рижского 4,031286 0,000919
пропустив 2,827314 0,000322
рублей 2,038856 0,001394
уже 0,687247 0,000157
снижение 3,338139 0,000761
сайте 1,217876 0,000139
лидеры 2,085376 0,000951
убрала 5,129899 0,000585
разин 5,129899 0,000585
очередь 2,239527 0,000255
цвет 2,357310 0,000269
вы 0,325878 0,000149
представления 3,743604 0,000427
распределённые 2,644992 0,000301
партнёр 2,932674 0,001671
зарплаты 2,239527 0,000255
итогам 1,603538 0,003473
ги 4,031286 0,000460
типспорт 5,129899 0,000585
хартвалл 5,129899 0,000585
словацкая 5,129899 0,000585
го 1,279751 0,000583
энциклопедии 0,986764 0,000225
медвешчак 4,031286 0,004136
лучшему 3,338139 0,004566
государства 2,932674 0,000334
тридцати 4,031286 0,000460
тимуру 5,129899 0,000585
виктор 1,574551 0,000359
зарплате 4,436752 0,000506
associated 0,986764 0,000112
български 1,086847 0,000124
континента 3,050457 0,002086
чтобы 0,773190 0,000088
плей 1,002764 0,005144
пас 2,564949 0,000585
проведение 2,134166 0,000487
балканы 5,129899 0,000585
вынесенные 4,436752 0,000506
шайбой 1,122566 0,000384
перед 0,839439 0,000670
сайт 0,773190 0,000264
до 0,239550 0,000546
пономаренко 5,129899 0,000585
дс 5,129899 0,000585
делится 3,183989 0,000363
зарегистрированный 0,986764 0,000112
чешскую 5,129899 0,000585
выступать 1,633391 0,000372
специальном 3,050457 0,000348
очкам 2,644992 0,001206
уик 3,743604 0,000427
называет 4,436752 0,000506
сюда 0,986764 0,000225
оплату 4,031286 0,000460
призов 5,129899 0,000585
специальной 2,421849 0,000276
участвуют 2,038856 0,000232
вынесенный 5,129899 0,000585
двух 1,002764 0,000229
сохранял 4,436752 0,000506
прозвучала 4,436752 0,000506
оплаты 4,031286 0,000460
раводин 5,129899 0,000585
руководителей 3,743604 0,000853
пар 2,357310 0,000269
цитировать 0,986764 0,000112
бросков 2,644992 0,000603
числа 2,357310 0,000269
ей 1,834062 0,000209
регулярно 1,871802 0,000213
жёсткого 3,743604 0,001280
числе 1,546380 0,000881
проведения 1,258698 0,000861
сухой 4,436752 0,001011
попрад 3,743604 0,002560
азии 2,085376 0,000475
кубка 0,825834 0,001506
число 1,392229 0,000952
вступать 4,031286 0,000460
кёртису 5,129899 0,000585
ido 1,546380 0,000176
пропустил 2,185460 0,000747
маркетплейсе 5,129899 0,001754
её 1,104547 0,000126
вручены 4,436752 0,000506
принимают 2,085376 0,000475
же 0,925206 0,000844
индустрии 4,031286 0,000460
кубки 2,644992 0,000603
тарасова 2,827314 0,001934
кубке 1,441019 0,000329
спонсорские 3,520461 0,000401
южноуральское 5,129899 0,000585
декларацию 4,436752 0,000506
что 0,239550 0,000164
реализацию 3,520461 0,000803
договор 2,564949 0,000585
медали 0,971016 0,000221
править 0,986764 0,009223
планируется 3,743604 0,000427
за 0,125952 0,000818
именной 4,436752 0,000506
домашние 2,357310 0,000269
номинанты 5,129899 0,000585
победил 1,279751 0,000292
среднем 2,239527 0,000511
призёры 2,564949 0,000292
было 0,438551 0,000450
форме 2,085376 0,000238
подробнее 0,723179 0,000082
маркетинговой 4,436752 0,000506
рекордсмены 2,732003 0,000623
мероприятие 3,520461 0,000401
реализации 3,743604 0,000853
мероприятии 4,436752 0,000506
режиме 3,050457 0,000348
несмотря 1,762603 0,000603
были 0,799165 0,000911
вернулась 2,932674 0,000334
советский 2,038856 0,000232
следж 4,031286 0,000460
венгрия 2,564949 0,000292
была 0,652562 0,000967
направлена 4,031286 0,000460
принцип 2,827314 0,000322
криптовалютной 5,129899 0,000585
ханты 4,031286 0,001838
отличаться 2,357310 0,000269
из 0,106018 0,000798
укомплектованы 5,129899 0,000585
espn 2,932674 0,000334
им 1,198073 0,000137
советских 2,827314 0,000322
августа 1,052361 0,007197
компанией 2,827314 0,000322
балтийская 3,743604 0,000427
fair 3,338139 0,000761
их 0,799165 0,000547
попыток 2,932674 0,000669
скрытые 1,122566 0,000128
несвоевременной 5,129899 0,000585
омского 4,436752 0,000506
плат 5,129899 0,000585
восточный 3,338139 0,000381
занимали 3,338139 0,000381
выпуском 5,129899 0,000585
повышение 3,050457 0,000348
регламент 2,296685 0,000785
games 2,038856 0,001162
хоккей 0,376309 0,000214
упорядочены 4,436752 0,000506
хоккее 2,038856 0,000465
партнёры 2,827314 0,000967
прошедшая 4,436752 0,000506
социальная 3,743604 0,000427
параметрами 4,031286 0,000460
исключением 1,994404 0,000682
носят 3,520461 0,000401
экспериментальным 4,436752 0,000506
техническим 2,564949 0,000292
телекоммуникационная 5,129899 0,000585
лигой 2,932674 0,001337
словения 2,490841 0,000284
стадионе 1,994404 0,000227
октябре 2,827314 0,000322
именам 5,129899 0,001169
серия 1,052361 0,000240
игравшему 4,436752 0,000506
первенство 1,664163 0,000569
ежедневно 2,357310 0,000269
srpski 1,035554 0,000118
машина 3,183989 0,000363
серии 1,159607 0,001586
серий 3,183989 0,000363
является 1,086847 0,000372
октября 1,086847 0,004212
iii 2,490841 0,001136
foundation 0,986764 0,000112
клуба 1,178655 0,001881
заполняемости 4,436752 0,000506
находились 2,827314 0,000322
клубы 1,392229 0,003015
признаку 4,031286 0,000460
турция 2,421849 0,000276
сухие 4,031286 0,000460
радулов 4,031286 0,001379
награда 2,932674 0,000669
сухим 4,436752 0,000506
сократился 5,129899 0,000585
судейства 2,732003 0,000311
клубу 2,239527 0,000255
следующий 1,574551 0,000179
лд 4,436752 0,001011
вне 2,038856 0,000232
дальнейшего 3,743604 0,000427
эрсте 5,129899 0,000585
жхл 4,031286 0,001838
панин 3,743604 0,000427
ли 1,198073 0,000137
снайперов 3,520461 0,000803
судейство 2,490841 0,000852
одержало 4,031286 0,000460
спортивная 1,159607 0,000132
тольятти 2,490841 0,001420
отпускали 5,129899 0,000585
побил 2,421849 0,000276
facebook 1,994404 0,000455
президент 1,416327 0,000484
масштаб 5,129899 0,000585
роман 2,085376 0,000475
считают 2,827314 0,000322
лав 3,520461 0,000401
типам 2,732003 0,000311
побит 5,129899 0,000585
классика 3,050457 0,000348
конференциям 5,129899 0,000585
первоначально 1,951845 0,000222
продукции 3,743604 0,000427
한국어 1,035554 0,000118
мг 2,296685 0,001047
создании 2,827314 0,000322
создание 2,564949 0,000292
партнёра 3,183989 0,000363
иван 1,951845 0,000222
изменён 2,732003 0,000311
побив 3,520461 0,000401
собой 1,279751 0,000438
успешные 4,031286 0,000460
развития 1,797694 0,001025
мн 2,490841 0,000852
место 0,597299 0,000204
страхование 4,436752 0,000506
побед 1,301257 0,000297
судей 1,797694 0,000410
миссию 4,436752 0,000506
лучшего 2,421849 0,001104
токена 5,129899 0,000585
сборной 0,825834 0,000094
участие 0,597299 0,000885
действительно 2,644992 0,000301
нефтехим 4,436752 0,000506
на 0,023953 0,000273
отчёт 3,743604 0,000427
носящего 5,129899 0,000585
старая 1,368699 0,000156
молодёжная 2,490841 0,000852
освещающего 5,129899 0,000585
не 0,099461 0,000487
владивосток 2,732003 0,001868
каждый 1,392229 0,000317
ни 1,603538 0,000183
ссылками 1,159607 0,000397
доходы 2,644992 0,000603
каждым 2,564949 0,000292
нк 3,743604 0,000427
продолжительная 3,520461 0,000401
садовников 5,129899 0,000585
проблем 2,490841 0,000568
но 0,402511 0,000413
финансовых 3,338139 0,001142
токены 5,129899 0,001169
победили 1,951845 0,000222
старченко 4,436752 0,000506
шпенглера 4,031286 0,001379
эфире 2,564949 0,000292
обладателем 2,296685 0,000785
капитанами 4,436752 0,000506
уровне 1,695912 0,000193
magyar 1,086847 0,000124
финансовые 3,520461 0,000803
подписать 3,183989 0,000363
спонсорами 3,520461 0,000401
гибели 3,520461 0,000401
нами 0,853233 0,000097
об 0,217244 0,000099
места 1,198073 0,000546
уровень 2,038856 0,000232
владимир 1,546380 0,000176
финансовый 3,050457 0,000348
механизм 4,031286 0,000919
заключении 4,436752 0,000506
награды 1,728701 0,000985
справка 0,986764 0,000112
развитие 1,633391 0,000559
он 0,534779 0,000549
категории 0,986764 0,000225
от 0,160085 0,000401
форум 0,881403 0,000100
татравагонка 5,129899 0,000585
хартли 4,031286 0,000460
получал 2,732003 0,000311
названием 1,871802 0,000213
официальный 1,104547 0,000378
недоступная 2,357310 0,000269
образованная 4,436752 0,000506
принципов 3,050457 0,000348
владивостока 5,129899 0,002339
победам 2,827314 0,000967
хочет 2,357310 0,000269
продолжительности 3,743604 0,000853
все 0,125952 0,000043
принимать 2,134166 0,000243
википедия 0,986764 0,001800
уровня 1,994404 0,000227
сибирью 4,031286 0,000919
по 0,073653 0,001007
официальных 1,664163 0,000379
inc 0,986764 0,000112
клубного 2,932674 0,000334
сведения 0,812411 0,000093
уфе 3,520461 0,000803
титульном 5,129899 0,000585
português 1,035554 0,000118
юбилейного 4,436752 0,000506
telegram 2,357310 0,000269
завершения 2,357310 0,000537
круг 1,951845 0,000222
яшина 2,932674 0,000669
изменениям 3,520461 0,000401
повышения 2,644992 0,000301
финальная 3,520461 0,000401
рыбар 5,129899 0,000585
втб 1,834062 0,000209
защитникам 4,436752 0,000506
касается 2,421849 0,000276
вечере 4,436752 0,000506
сообщество 0,986764 0,000112
титульное 4,031286 0,000460
википедии 0,986764 0,000225
принятие 3,743604 0,000853
закреплёнными 5,129899 0,000585
старовойтова 5,129899 0,001169
участия 1,633391 0,000931
уфа 2,239527 0,000511
начавшегося 5,129899 0,000585
ру 1,994404 0,000455
факты 2,827314 0,000645
декабре 2,490841 0,001136
пекине 2,932674 0,000334
формирования 4,031286 0,000460
голосования 3,338139 0,000381
лев 2,932674 0,004346
ухл 5,129899 0,001169
титулам 4,031286 0,000460
фетисов 3,743604 0,001707
стар 5,129899 0,002339
газета 1,633391 0,000372
стал 0,586604 0,000669
указан 1,301257 0,001335
соперничество 2,732003 0,000311
голам 3,338139 0,001142
лдс 4,436752 0,000506
выиграл 1,178655 0,000134
уфы 4,031286 0,000460
см 0,955511 0,000762
ситуации 1,994404 0,000682
日本語 1,035554 0,000118
со 0,447767 0,000510
правом 3,183989 0,000363
прекращает 3,520461 0,000401
вратаря 1,834062 0,000418
вратарю 3,338139 0,001903
братислава 4,436752 0,001517
декабря 0,881403 0,001507
вратарь 1,728701 0,001182
slovenščina 1,345709 0,000153
под 0,723179 0,000082
скандинавия 5,129899 0,000585
обратно 2,732003 0,000311
утверждениями 2,134166 0,000487
авиакатастрофы 5,129899 0,001169
македония 2,732003 0,000311
тв 1,633391 0,001303
человек 1,178655 0,000269
котом 5,129899 0,000585
частности 1,994404 0,000227
одна 1,392229 0,000159
содержание 0,971016 0,000332
реформировать 4,436752 0,001011
фото 0,799165 0,000091
eesti 1,069456 0,000122
производству 4,436752 0,000506
лет 0,475938 0,000217
مصرى 1,546380 0,000176
то 0,652562 0,000372
встречайте 4,436752 0,000506
сложности 2,134166 0,000243
бытовая 4,031286 0,000460
сейчас 1,104547 0,000126
матчам 3,183989 0,001452
каблуков 4,436752 0,000506
стартует 2,490841 0,000852
матчах 1,574551 0,000897
никитин 4,031286 0,000460
пятом 2,644992 0,000301
посвящённом 5,129899 0,000585
капитаны 2,827314 0,000322
социальных 1,871802 0,000213
автомобилист 2,932674 0,003009
конфиденциальности 0,317714 0,000036
дивизионов 3,183989 0,001452
титульный 2,644992 0,000301
пигановичу 5,129899 0,000585
связи 1,159607 0,000397
запад 2,932674 0,002006
вхл 1,664163 0,001518
своей 1,002764 0,000343
шаг 2,732003 0,000311
wikipedia 0,986764 0,000225
теперь 0,971016 0,000111
прав 2,564949 0,001462
ур 5,129899 0,005847
длинной 3,520461 0,000401
защитнику 3,743604 0,000853
отредактировать 2,038856 0,000697
устойчивости 4,031286 0,000460
лиг 2,732003 0,000311
при 0,367725 0,000168
отмечает 3,338139 0,000381
создавать 3,743604 0,000427
состоялся 1,664163 0,000948
черепанова 5,129899 0,001169
летом 2,185460 0,000249
главным 1,633391 0,000186
часов 2,085376 0,000238
защитника 2,644992 0,000603
викиновости 1,238078 0,000141
новиков 3,183989 0,000726
главный 1,035554 0,000354
второго 1,466337 0,000167
андриевский 4,031286 0,000460
главных 1,994404 0,000455
йони 5,129899 0,000585
также 0,663991 0,001362
исключен 4,436752 0,000506
العربية 1,069456 0,000122
фу 4,436752 0,000506
маркетинг 4,031286 0,000460
блоке 4,436752 0,000506
одном 1,603538 0,000183
ледовом 4,031286 0,000460
италия 0,867219 0,000099
джефф 3,050457 0,000348
зрителей 1,797694 0,000410
библиографических 1,323236 0,000151
разработчики 0,986764 0,000112
командах 2,827314 0,000645
символика 3,338139 0,000381
хиетанен 5,129899 0,000585
снова 1,574551 0,000179
сначала 1,664163 0,000190
зал 2,239527 0,000511
хк 2,827314 0,003867
наконец 2,296685 0,000262
вратарём 2,644992 0,000301
изменение 2,932674 0,000669
изменений 2,296685 0,000262
тренерам 3,338139 0,000381
правки 0,986764 0,000225
серьёзным 4,031286 0,000460
подписала 3,743604 0,001280
правка 2,732003 0,000311
рекордной 5,129899 0,001169
однако 1,069456 0,000610
представляет 1,871802 0,000213
подписали 2,932674 0,000669
себя 0,940244 0,000214
опытными 2,490841 0,000284
одержана 3,743604 0,000427
победу 0,910391 0,000311
динамовское 5,129899 0,000585
намерениях 4,436752 0,000506
отказался 2,296685 0,000785
словнафт 5,129899 0,000585
проектах 0,986764 0,000112
победы 0,971016 0,000332
воскресенск 4,436752 0,001011
яков 4,436752 0,000506
отказ 0,910391 0,000104
сохранением 0,986764 0,000112
очищаемым 2,421849 0,000276
получил 1,002764 0,000343
стороны 1,546380 0,000353
fairplay 5,129899 0,000585
авиакатастрофе 5,129899 0,000585
прошла 1,994404 0,000227
один 0,711058 0,000243
прошло 2,644992 0,000301
количеством 2,085376 0,000238
полностью 1,546380 0,000176
поддержки 2,644992 0,000603
десятков 3,743604 0,000427
провёл 2,134166 0,000487
физической 1,664163 0,000190
часть 1,441019 0,000329
итогов 2,827314 0,000322
авторитетные 2,038856 0,000697
должность 2,564949 0,000292
всеми 2,732003 0,000623
вене 3,520461 0,000401
финансовыми 3,743604 0,000853
принимали 2,134166 0,000487
майкл 2,564949 0,000877
пекин 2,732003 0,000311
даллмэн 5,129899 0,002924
сетях 1,871802 0,000213
невыплатой 5,129899 0,000585
арбитром 4,436752 0,000506
химик 3,338139 0,002283
части 1,664163 0,000379
собраны 4,436752 0,001011
внедрение 4,436752 0,000506
изменения 1,728701 0,000394
учредила 4,031286 0,000460
привлекательный 4,436752 0,000506
специально 2,185460 0,000249
выросла 3,743604 0,000427
рассчитан 3,183989 0,000363
создавало 4,436752 0,000506
выпуска 2,932674 0,000669
исключена 3,520461 0,000401
символические 3,743604 0,000427
bahasa 1,086847 0,000124
пхл 5,129899 0,001169
самая 1,911023 0,001089
гостевых 3,338139 0,000381
определяются 2,932674 0,001003
линейных 4,436752 0,000506
российском 2,732003 0,000311
через 0,971016 0,000221
надежда 3,338139 0,000381
российской 1,178655 0,000403
lietuvių 1,140915 0,000130
амура 3,743604 0,000853
столько 2,564949 0,000292
планировалось 3,743604 0,000853
журналиста 4,031286 0,000460
лучшие 1,019025 0,000581
словари 1,217876 0,000139
команда 0,663991 0,001741
лучший 1,368699 0,000468
завершая 5,129899 0,000585
игроки 0,986764 0,000450
команде 1,258698 0,000717
надежды 3,520461 0,002408
будут 1,392229 0,000317
игрока 1,492313 0,000170
команды 0,555188 0,001709
лучших 1,198073 0,000546
зенит 0,895792 0,000102
получать 3,338139 0,001142
командная 2,085376 0,000238
салаватом 3,743604 0,000853
воздухе 3,520461 0,001204
секунда 5,129899 0,000585
списки 3,050457 0,000695
делятся 2,564949 0,000292
слияние 4,031286 0,000460
внедрён 5,129899 0,000585
портал 1,518981 0,000346
одним 1,416327 0,000484
маркетинговых 4,436752 0,000506
олегу 4,031286 0,000460
українська 1,035554 0,000118
электроники 4,031286 0,000460
ликвидирован 4,436752 0,000506
удачные 5,129899 0,000585
штраф 2,932674 0,000334
арен 3,743604 0,000853
проводила 3,050457 0,000348
привлекательности 4,436752 0,000506
якуб 5,129899 0,002339
проводили 2,827314 0,000322
игроку 2,421849 0,002761
шотландия 2,490841 0,000284
распределяемая 5,129899 0,000585
йокерита 5,129899 0,000585
ребрендинг 4,031286 0,000460
присуждалось 5,129899 0,000585
выбрал 3,338139 0,000381
группы 1,695912 0,000193
cite 1,258698 0,000143
дамир 3,743604 0,000427
сэнфорду 5,129899 0,000585
выходе 2,732003 0,000311
атлант 3,743604 0,001707
связанной 3,520461 0,000401
дзен 2,932674 0,000334
рекордом 2,421849 0,000276
pages 0,986764 0,000112
финальной 2,827314 0,000645
выплатит 4,436752 0,000506
рекордов 2,932674 0,000334
пополнили 2,732003 0,000311
старта 2,134166 0,000243
ежегодно 2,185460 0,001495
быстрый 2,732003 0,000623
защитников 2,732003 0,001868
занятых 3,743604 0,000853
степан 3,520461 0,000401
телеканалы 5,129899 0,000585
эллисон 4,436752 0,001517
красный 2,357310 0,000269
защитником 2,932674 0,001003
угла 3,743604 0,000427
командами 1,911023 0,000871
омск 3,050457 0,000348
всего 0,812411 0,000741
объединении 4,031286 0,000460
нововведение 4,436752 0,000506
председателем 2,932674 0,000334
стратегии 2,644992 0,001507
svenska 1,035554 0,000118
объединения 2,644992 0,000603
пропускал 3,743604 0,001280
назад 1,140915 0,000130
список 1,198073 0,001639
nft 5,129899 0,003508
восточно 4,031286 0,000460
дополнение 3,338139 0,000381
хельсинского 5,129899 0,000585
ссср 0,940244 0,000214
доступен 0,971016 0,000111
мытищах 4,436752 0,000506
определялся 3,050457 0,000348
братиславский 5,129899 0,000585
утверждены 2,932674 0,000334
угмк 4,436752 0,000506
основания 1,834062 0,000209
профессиональных 2,357310 0,000269
ночная 4,031286 0,000460
нововведения 4,436752 0,000506
общее 2,357310 0,000269
стратегия 2,932674 0,000334
московского 2,296685 0,000785
матчей 0,940244 0,001715
общей 1,951845 0,000222
именно 1,492313 0,000170
стратегию 3,338139 0,000381
румыния 2,239527 0,000255
примечания 1,002764 0,000457
где 0,675551 0,000077
основании 2,827314 0,000967
обсуждалась 5,129899 0,000585
правлением 5,129899 0,000585
савицкий 5,129899 0,000585
активным 4,031286 0,000460
бытовой 4,031286 0,000460
гдр 2,038856 0,000232
англия 1,574551 0,000179
предыстория 4,031286 0,000919
буллитов 3,743604 0,001280
курсу 5,129899 0,000585
сообщить 0,799165 0,000091
примечание 3,743604 0,001280
быть 0,773190 0,000529
указаны 3,338139 0,000381
жёлтый 3,183989 0,000363
присуждаемых 5,129899 0,000585
ключевые 3,520461 0,000401
ледовый 3,743604 0,000853
магнитогорск 4,031286 0,000919
подписка 3,743604 0,000427
радиостанция 4,436752 0,000506
грузия 2,644992 0,000301
прошлом 2,239527 0,000255
мобильная 0,608110 0,000069
связан 3,338139 0,000381
english 0,925206 0,000211
франция 1,122566 0,000128
авангардом 4,436752 0,001011
шоу 1,441019 0,000164
безумие 3,743604 0,000427
четыре 1,140915 0,000130
ледовых 4,031286 0,000460
организовывает 4,436752 0,000506
покидали 3,743604 0,000427
протяжении 1,951845 0,000890
suomi 1,052361 0,000120
стало 1,217876 0,000139
плэтт 5,129899 0,000585
слохоккей 5,129899 0,000585
спонсоров 2,644992 0,000603
нецелесообразности 5,129899 0,000585
вадим 2,644992 0,001206
голубой 3,520461 0,000401
viaf 2,490841 0,000568
ориентированной 5,129899 0,000585
сделали 2,134166 0,000487
иржи 4,031286 0,000460
состава 2,085376 0,001664
информационное 2,932674 0,000334
рекордный 3,338139 0,000381
стала 0,881403 0,000402
коронавирусными 5,129899 0,000585
составе 1,546380 0,000353
являются 1,466337 0,000334
стали 0,971016 0,000221
нарушало 4,436752 0,000506
илья 1,911023 0,002178
потолок 4,031286 0,000460
миронов 3,520461 0,000401
полуночное 5,129899 0,000585
воплотились 5,129899 0,000585
составы 2,357310 0,000269
высокое 3,743604 0,000427
шипачёв 4,436752 0,002023
гришин 3,520461 0,000401
причинам 2,564949 0,000292
первая 0,867219 0,000099
млрд 2,564949 0,000877
новокузнецк 4,031286 0,001379
ярмарку 5,129899 0,000585
российские 1,301257 0,000148
требования 2,421849 0,000552
впервые 0,839439 0,000383
oʻzbekcha 1,140915 0,000130
трибуны 2,357310 0,000269
раз 0,504926 0,000173
чемпионат 0,277868 0,000285
ўзбекча 1,140915 0,000130
магазин 2,421849 0,000276
случайная 0,986764 0,000112
latviešu 1,052361 0,000120
кирилл 1,797694 0,000410
памятные 4,436752 0,001011
российский 1,086847 0,000496
выявляют 4,436752 0,000506
испания 1,466337 0,000167
галиновского 5,129899 0,000585
решающей 3,520461 0,000401
постоянная 0,986764 0,000112
хоккеистов 3,183989 0,001089
зарплат 3,743604 0,002560
ярмарка 4,031286 0,000460
командой 1,664163 0,000190
передач 2,490841 0,000284
версия 0,485508 0,000277
канадской 3,183989 0,000363
любительского 2,932674 0,000334
прошёл 1,574551 0,000359
шесть 1,546380 0,000353
назначения 3,183989 0,000363
обычно 1,695912 0,000193
проводящей 5,129899 0,000585
включен 3,338139 0,000381
версии 1,546380 0,000353
израиль 2,490841 0,000284
рбк 1,797694 0,000205
президенты 2,732003 0,000623
вячеслав 2,357310 0,000806
спартаком 2,185460 0,000249
спортивного 1,574551 0,000179
сократилось 3,520461 0,000401
проверьте 2,827314 0,000322
игорь 1,951845 0,000890
имеющему 5,129899 0,000585
знак 0,986764 0,000112
выглядит 3,743604 0,000427
достаются 5,129899 0,000585
работу 2,085376 0,000475
представил 2,932674 0,000334
технологическую 5,129899 0,000585
передачи 2,134166 0,000487
юусо 5,129899 0,000585
обладатель 2,185460 0,000498
обладателю 3,520461 0,000401
амур 2,732003 0,001557
российских 1,323236 0,000302
уменьшив 5,129899 0,000585
главному 3,050457 0,000695
сеть 2,932674 0,000334
евро 1,466337 0,000167
позорит 4,436752 0,000506
итоге 1,797694 0,000820
блог 2,357310 0,000269
итоги 1,834062 0,000418
передачу 2,827314 0,000322
логотип 2,644992 0,000301
юханссон 4,436752 0,000506
медиафайлы 1,217876 0,000139
сибирь 2,134166 0,001216
потолка 3,743604 0,002134
работы 1,797694 0,000205
дивизионах 4,031286 0,000919
жёстком 5,129899 0,000585
архивировано 1,104547 0,008561
galego 1,178655 0,000134
потолке 5,129899 0,000585
короткий 0,971016 0,000111
поровну 3,743604 0,000427
астанинского 5,129899 0,000585
остальные 2,239527 0,000255
полезному 5,129899 0,000585
давосе 4,031286 0,000460
финансового 3,520461 0,000803
чемпионата 0,735450 0,004275
занявшие 2,644992 0,000301
упразднена 3,520461 0,000803
случаях 0,971016 0,000111
поражение 1,546380 0,000353
полмиллиарда 5,129899 0,000585
чемпионате 1,178655 0,000806
после 0,317714 0,000435
ред 1,603538 0,000731
клюшка 4,031286 0,000919
получает 2,038856 0,000697
самую 2,827314 0,000322
эпидемиологической 5,129899 0,000585
полевому 5,129899 0,000585
карнаухов 4,031286 0,000460
вышел 1,574551 0,000359
альпенлига 5,129899 0,000585
морозов 2,732003 0,001868
старше 2,732003 0,000623
проблемами 3,743604 0,000427
эдгарс 5,129899 0,000585
европейская 2,421849 0,000276
заварухин 5,129899 0,000585
отечественного 2,564949 0,000292
вещателями 5,129899 0,000585
восточная 3,050457 0,002434
россией 2,296685 0,000524
брать 3,338139 0,000381
набранных 2,564949 0,000292
чернышёва 4,031286 0,002757
адам 3,183989 0,000363
включая 1,633391 0,000186
пандемии 2,421849 0,001380
двумя 1,664163 0,000569
дистрибьютор 5,129899 0,000585
местис 5,129899 0,000585
процедура 3,520461 0,000401
служебные 0,986764 0,000112
занявший 3,743604 0,000427
профсоюзе 5,129899 0,000585
внедрена 5,129899 0,000585
языках 0,986764 0,000112
повторило 5,129899 0,000585
занявших 3,520461 0,000401
пятым 3,183989 0,000363
серб 3,743604 0,000427
отношении 2,421849 0,000552
профсоюза 3,520461 0,001204
музыка 3,520461 0,000401
play 1,441019 0,000329
удалось 2,085376 0,000238
фактов 2,732003 0,000311
свободной 0,986764 0,000112
неизвестными 3,743604 0,000427
может 0,630089 0,000359
рижское 4,436752 0,001517
озолиньша 5,129899 0,001169
внутри 2,421849 0,000276
больше 0,812411 0,000278
получить 0,747872 0,000085
спортивному 3,050457 0,000348
нидерланды 1,728701 0,000197
продавать 4,436752 0,000506
hankook 5,129899 0,000585
лепистё 5,129899 0,000585
согласились 3,183989 0,000363
гол 1,546380 0,000881
резкого 5,129899 0,000585
связанные 0,881403 0,000201
эмиль 3,183989 0,000363
австрийская 5,129899 0,000585
казань 1,345709 0,000307
отстоял 4,436752 0,000506
босния 2,732003 0,000311
разработала 3,743604 0,000427
военного 2,932674 0,001003
отредактирована 0,986764 0,000112
трёх 1,441019 0,000493
обломки 5,129899 0,000585
ноль 3,050457 0,001043
связанных 1,911023 0,000436
послематчевых 2,644992 0,000301
красной 2,296685 0,000524
казани 2,932674 0,000669
создав 4,031286 0,000460
рейтинга 2,564949 0,001169
времени 1,140915 0,000390
italiano 1,035554 0,000118
год 0,687247 0,000940
совместно 2,732003 0,000311
подписан 2,732003 0,000311
увеличение 3,520461 0,000401
хабаровского 4,031286 0,000460
соображениям 4,031286 0,000460
широков 3,183989 0,001089
совета 2,085376 0,000713
бомбардиры 2,357310 0,000269
аутсайдеров 5,129899 0,000585
выплату 5,129899 0,000585
сербия 2,357310 0,000269
мая 1,104547 0,001763
поэтому 1,392229 0,000317
commons 0,986764 0,000112
мае 2,357310 0,000269
калинина 4,436752 0,000506
названия 1,664163 0,000190
антон 1,728701 0,000197
агентство 2,185460 0,000249
web 1,279751 0,000146
семь 2,038856 0,000465
боброва 3,183989 0,003629
перспективе 4,436752 0,000506
binance 5,129899 0,002924
совете 3,520461 0,000401
приз 2,134166 0,004379
выпускающимися 5,129899 0,000585
учётную 0,986764 0,000112
bokmål 1,069456 0,000122
валентина 3,338139 0,000761
самой 1,574551 0,000179
ограничениями 4,436752 0,000506
президентом 1,834062 0,001045
потенциала 4,436752 0,000506
россияне 2,296685 0,000262
переименован 3,338139 0,000381
агентства 2,490841 0,000284
семилетней 5,129899 0,000585
буше 4,436752 0,000506
мвд 3,743604 0,002987
семи 2,134166 0,000730
объёме 3,520461 0,000401
выплаты 3,520461 0,000401
лигу 2,134166 0,002189
плюс 2,357310 0,000537
зависимости 1,911023 0,000218
стартовали 3,520461 0,000401
лиги 0,895792 0,006433
отдельно 3,050457 0,000348
свяжитесь 0,986764 0,000112
выступила 2,490841 0,000284
лендел 5,129899 0,000585
принципы 2,932674 0,000334
соглашения 2,357310 0,000537
лиге 1,368699 0,001716
чемпионом 1,122566 0,000384
генеральных 4,436752 0,000506
таблицы 2,085376 0,000238
соглашению 3,743604 0,000427
лига 0,402511 0,002340
александра 1,633391 0,000186
генеральный 1,951845 0,000445
накануне 3,183989 0,000363
расширение 2,490841 0,000568
simple 1,140915 0,000130
благодаря 1,441019 0,000164
истории 0,630089 0,000575
расширения 3,050457 0,002782
мытищи 4,436752 0,001517
участниками 1,994404 0,000455
анисимова 4,031286 0,000460
фонд 0,940244 0,000107
фоне 2,932674 0,000669
названной 4,436752 0,000506
состав 1,238078 0,001270
единой 2,644992 0,000301
спонсоры 1,911023 0,000436
соглашений 4,436752 0,000506
александру 3,338139 0,000381
наиболее 1,466337 0,000501
рамках 1,518981 0,000173
которая 1,052361 0,000120
соглашение 1,834062 0,000209
протестированы 5,129899 0,000585
хорватии 3,338139 0,000381
называют 2,185460 0,000249
тихонова 3,050457 0,000348
спонсорство 3,743604 0,000853
директоров 3,050457 0,003477
историю 1,603538 0,000183
бомбардира 4,031286 0,000919
алексея 2,490841 0,000852
состоявшегося 5,129899 0,000585
распущен 5,129899 0,000585
история 0,555188 0,000190
алексею 4,436752 0,000506
полезного 5,129899 0,000585
продажу 5,129899 0,000585
чернышенко 5,129899 0,002339
внесены 3,743604 0,000427
евгений 1,258698 0,000717
непосредственно 2,134166 0,000243
солвекс 5,129899 0,000585
таблице 2,296685 0,001047
недостатков 1,633391 0,000186
российская 0,799165 0,000091
избран 3,050457 0,000695
источники 1,633391 0,001489
розыгрыша 2,239527 0,000255
еремеев 5,129899 0,000585
избрал 5,129899 0,000585
хорватия 2,357310 0,000806
спонсорства 4,031286 0,000460
розыгрыше 2,239527 0,000255
согласно 1,574551 0,000538
военных 3,050457 0,000348
бомбардиру 4,436752 0,000506
разошлись 4,031286 0,000460
название 1,178655 0,000403
более 0,853233 0,000681
валльмарк 4,436752 0,000506
поиск 0,735450 0,000084
чемпион 0,867219 0,000297
челябинске 3,050457 0,001043
принята 3,050457 0,000348
украиной 5,129899 0,001169
длинные 2,732003 0,000311
oldid 0,986764 0,000112
азиатской 3,743604 0,000427
фхр 4,031286 0,003217
отличием 4,031286 0,000460
первое 1,279751 0,000146
алексей 1,238078 0,001835
рижским 5,129899 0,000585
стадии 2,085376 0,000238
рекорды 1,762603 0,001005
титулов 2,357310 0,000269
созданием 3,743604 0,000427
sap 5,129899 0,004678
стадий 4,031286 0,000460
герцеговина 2,732003 0,000311
хоккеист 2,644992 0,000603
сёмин 3,050457 0,000348
существовало 2,932674 0,000334
ежов 3,743604 0,000427
этого 0,881403 0,000502
факта 4,031286 0,000460
своих 1,345709 0,000767
занимал 2,732003 0,000311
жёсткие 3,743604 0,000427
плющев 4,031286 0,000460
прибылью 5,129899 0,000585
спонсора 2,827314 0,000967
авторства 0,986764 0,000112
покинули 2,827314 0,000967
встречались 3,183989 0,000363
чемпионов 0,652562 0,000372
принято 1,871802 0,000427
заменил 3,338139 0,000381
коронавирусом 4,031286 0,000919
принципу 2,564949 0,000877
своим 1,728701 0,000197
покинуло 3,743604 0,000427
финал 1,258698 0,000287
евразия 3,743604 0,000853
новый 0,940244 0,000643
журналистов 3,338139 0,000381
новые 0,747872 0,000256
перенаправляется 2,732003 0,000311
чемпионатах 1,574551 0,000538
кевин 2,085376 0,000951
гагарина 2,085376 0,005229
обзор 2,134166 0,000243
запуске 5,129899 0,001169
чемпионатам 4,436752 0,000506
рязанцев 3,743604 0,001280
литва 2,644992 0,000301
являлось 3,520461 0,000401
финский 1,633391 0,000559
просмотры 0,986764 0,000112
проведён 2,038856 0,000232
играющему 5,129899 0,001169
проведёт 3,338139 0,000381
турнирах 1,871802 0,000640
забил 1,834062 0,000418
полный 2,134166 0,000243
визуализированную 5,129899 0,000585
карпатская 5,129899 0,000585
александр 0,925206 0,002004
гарнетт 4,436752 0,001517
яромира 5,129899 0,000585
должны 1,178655 0,000269
набравшему 5,129899 0,001169
футбольного 2,296685 0,000262
оригинала 1,518981 0,000693
викимедиа 0,986764 0,000112
заслуженный 2,827314 0,000322
вектор 4,436752 0,000506
интер 1,633391 0,000186
политика 0,239550 0,000027
определяется 2,038856 0,000465
золотая 2,827314 0,000645
drive 4,436752 0,000506
дружба 4,436752 0,000506
составах 3,520461 0,000401
сотрудничестве 2,932674 0,000334
дополнительные 0,986764 0,000112
сотрудничества 4,031286 0,000919
победители 1,797694 0,001229
заглавная 0,986764 0,000112
кравец 4,031286 0,000460
штрафы 3,338139 0,000381
сочи 0,853233 0,000973
мин 2,932674 0,002674
мир 1,546380 0,000529
by 0,971016 0,000111
назначен 2,490841 0,000284
ресурса 5,129899 0,000585
должна 1,238078 0,000564
статистические 4,436752 0,001011
русский 0,839439 0,000096
cc 0,986764 0,000112
джентльмен 3,743604 0,000427
востока 3,520461 0,000401
линейного 5,129899 0,000585
время 0,384967 0,000439
допускалось 4,436752 0,000506
востоке 3,338139 0,000381
статистических 4,031286 0,000460
исландия 2,644992 0,000301
поведения 0,895792 0,000102
новгород 1,217876 0,000139
победителю 2,357310 0,002150
победителя 1,911023 0,000653
ресурсы 1,104547 0,000126
новым 1,664163 0,000379
ранее 1,104547 0,000504
выигрышу 4,436752 0,000506
победитель 1,258698 0,000717
континентальная 3,338139 0,005327
бывшие 2,134166 0,000243
новых 1,633391 0,000186
реализовать 3,520461 0,000401
профсоюз 4,031286 0,003217
петербургское 4,031286 0,000460
викиданных 0,986764 0,000112
млн 1,728701 0,000591
рус 1,368699 0,007645
полезности 5,129899 0,000585
привлёк 5,129899 0,000585
проходили 2,085376 0,000238
каталог 4,031286 0,000460
покинул 2,296685 0,000524
своего 1,368699 0,000312
яшин 3,520461 0,000401
отсутствия 2,421849 0,001104
параметров 3,520461 0,000401
рылов 4,436752 0,000506
латвийская 5,129899 0,000585
хотя 1,546380 0,000176
отличались 3,338139 0,000381
олимпийским 1,492313 0,000170
порядок 2,421849 0,000828
читать 0,586604 0,000067
игр 0,367725 0,000335
возрождения 3,338139 0,000381
двадцати 5,129899 0,000585
англ 1,159607 0,001322
командные 1,797694 0,000205
символикой 3,743604 0,000427
рхл 4,436752 0,001011
металлургов 5,129899 0,000585
оценке 3,183989 0,000363
этапе 1,633391 0,000745
реализует 4,436752 0,001011
высокая 3,183989 0,000363
предложил 2,038856 0,000465
этапа 1,664163 0,000759
поиску 0,971016 0,000443
шлем 1,951845 0,000445
странам 3,183989 0,000363
завершён 2,932674 0,001003
коробатов 5,129899 0,000585
нескольких 1,834062 0,000209
лишь 1,159607 0,000132
забит 3,338139 0,000381
кузнецких 5,129899 0,000585
инструкцию 4,031286 0,000460
странах 1,574551 0,000179
заключительные 5,129899 0,000585
одного 1,140915 0,000260
мол 3,050457 0,000695
момент 1,301257 0,000148
набравшая 3,743604 0,000853
произведён 3,520461 0,000401
вольский 5,129899 0,000585
поменялась 4,436752 0,000506
шанхайские 2,827314 0,001289
обновлённые 5,129899 0,001169
中文 1,035554 0,000118
канадская 2,490841 0,000284
организаторы 2,564949 0,000292
помимо 1,911023 0,000218
расширением 5,129899 0,000585
константин 2,357310 0,001075
закончившая 5,129899 0,000585
букмекер 4,031286 0,000460
основе 1,466337 0,000334
ларионов 3,050457 0,000348
карте 3,338139 0,000381
hd 5,129899 0,000585
неприкосновенности 4,436752 0,000506
страховщик 5,129899 0,000585
бирюков 4,436752 0,000506
big 3,743604 0,000427
среди 0,597299 0,000953
козырев 3,338139 0,000381
гарипов 5,129899 0,000585
хоккейные 3,050457 0,002086
татарстане 4,436752 0,000506
латвия 1,834062 0,000627
хоккейный 2,185460 0,000249
масштабный 4,436752 0,000506
латвии 3,183989 0,001089
трёхлетней 5,129899 0,000585
хоккейных 3,050457 0,001391
https 0,699082 0,000159
исаков 4,031286 0,000460
написания 2,644992 0,000301
ii 2,239527 0,000511
названные 4,031286 0,000460
позже 1,518981 0,000346
результат 1,416327 0,000484
татарча 1,392229 0,000159
конфликта 2,732003 0,000623
עברית 1,052361 0,000120
index 0,986764 0,000112
павел 1,871802 0,000640
большой 1,069456 0,000244
ростелеком 5,129899 0,001169
эта 0,867219 0,000198
it 2,732003 0,000311
последующих 3,050457 0,000348
далее 2,185460 0,000249
татнефть 4,436752 0,000506
iv 2,644992 0,000301
шарипзянов 4,436752 0,000506
изначально 2,038856 0,000697
зимняя 2,932674 0,000334
тасс 1,695912 0,000387
возвращение 1,762603 0,000201
избранные 0,971016 0,000221
которое 1,871802 0,000213
показывала 4,436752 0,000506
масальскис 5,129899 0,000585
включённым 4,436752 0,000506
северное 4,436752 0,000506
отвечает 3,338139 0,000381
ярославского 4,436752 0,001517
приведены 3,520461 0,000803
гарнетту 5,129899 0,000585
посещаемым 4,436752 0,001011
котором 1,217876 0,000278
елесин 5,129899 0,001169
расчёт 3,520461 0,000401
михайлов 3,183989 0,000363
ниеми 5,129899 0,000585
мск 2,421849 0,000552
линус 5,129899 0,000585
участникам 2,827314 0,000322
мансийска 5,129899 0,000585
редакции 1,951845 0,000222
лады 3,520461 0,000401
имел 2,357310 0,000269
world 1,416327 0,000807
моменту 2,932674 0,000334
верность 3,743604 0,001707
ладу 4,436752 0,000506
которого 1,345709 0,000153
это 0,277868 0,000190
объединённый 4,031286 0,000460
этим 1,834062 0,000209
эту 1,492313 0,000170
прямом 2,932674 0,000334
два 0,760451 0,000953
медведева 2,564949 0,000292
донбасс 4,031286 0,003676
выходили 2,732003 0,000311
категориях 3,183989 0,000363
этих 1,301257 0,000297
две 1,019025 0,000581
момента 1,994404 0,000227
воспитанниками 4,436752 0,000506
лада 2,185460 0,004235
осталась 2,732003 0,000311
прежней 3,743604 0,000427
хватило 2,932674 0,000334
сакари 5,129899 0,000585
тренер 0,895792 0,000204
определила 5,129899 0,001169
всероссийская 3,183989 0,000726
бурно 5,129899 0,000585
карточек 4,436752 0,000506
региона 3,743604 0,000427
белов 3,338139 0,000381
или 0,576022 0,000394
финляндия 1,492313 0,000680
четырьмя 3,338139 0,000381
қазақша 1,178655 0,000134
географическому 4,031286 0,000460
арбитр 3,050457 0,000695
арбитру 3,520461 0,000803
открытой 2,421849 0,000276
восток 4,031286 0,001838
северсталь 2,134166 0,000973
www 1,392229 0,006665
открытом 3,520461 0,001204
новом 1,994404 0,000227
галимов 4,436752 0,001517
использования 0,393700 0,000045
новой 1,574551 0,000359
югославия 2,421849 0,000276
государственного 3,338139 0,000761
вернулся 1,911023 0,000436
германия 1,140915 0,000130
распределять 4,436752 0,000506
хет 2,296685 0,001047
инструментами 5,129899 0,000585
ими 2,932674 0,000334
транслируются 4,436752 0,000506
присуждается 3,050457 0,000695
партнёром 3,338139 0,000761
затем 1,301257 0,000297
сезонах 2,421849 0,001104
партнёров 2,932674 0,001003
заработных 5,129899 0,000585
телевизионного 5,129899 0,000585
побить 3,520461 0,000401
забросившей 5,129899 0,000585
критериев 4,436752 0,000506
сезонам 4,031286 0,001379
финляндии 2,421849 0,000552
выпускников 3,743604 0,000427
игры 0,376309 0,000300
ошибке 0,955511 0,000109
мхл 1,603538 0,001645
четырёх 1,603538 0,000548
представляющих 3,520461 0,000401
австрийской 4,436752 0,000506
спорткомплексе 4,436752 0,000506
практически 1,664163 0,000190
события 0,663991 0,000151
рекомендации 1,911023 0,000653
телекоммуникации 4,436752 0,000506
харламова 3,520461 0,002408
вячеславу 4,436752 0,000506
игра 1,301257 0,000148
поскольку 1,728701 0,000197
компания 1,279751 0,000875
согаз 3,743604 0,000853
забросившим 5,129899 0,000585
записана 5,129899 0,000585
соревнования 0,663991 0,000076
deutsch 1,052361 0,000120
регулярном 3,520461 0,002408
континентальном 3,338139 0,000381
марта 0,881403 0,001105
продолжался 3,183989 0,000363
имя 1,603538 0,000183
контора 5,129899 0,000585
континентальной 3,183989 0,003629
марте 2,085376 0,000475
регулярной 4,436752 0,000506
берутся 3,520461 0,000401
коммуникациям 4,436752 0,000506
больший 3,743604 0,000427
coca 4,436752 0,001011
sports 1,301257 0,000445
нагорный 4,436752 0,000506
компаний 2,827314 0,000322
компании 1,301257 0,000148
показали 2,296685 0,000262
гатиятулин 5,129899 0,000585
включает 2,038856 0,000232
чемпионатов 1,416327 0,000646
увольнение 3,338139 0,000381
рекомендаций 1,871802 0,000213
одному 2,296685 0,000785
вратарей 2,296685 0,002356
мозякин 4,436752 0,002023
раунды 4,031286 0,000460
соревнований 0,881403 0,000100
технологическим 4,031286 0,000460
крупная 2,932674 0,000669
сивов 5,129899 0,000585
тоже 1,911023 0,000218
объединила 4,436752 0,000506
лента 1,633391 0,000186
внешнем 5,129899 0,001169
посещаемости 2,827314 0,000967
западную 4,031286 0,000919
отечественных 4,436752 0,000506
выбрали 3,743604 0,000427
титулован 3,183989 0,000363
ряд 1,797694 0,000410
энде 4,436752 0,000506
страница 0,940244 0,000214
лицензии 0,986764 0,000112
нападающих 2,644992 0,000301
карточки 3,520461 0,000401
странице 0,971016 0,000111
запись 0,955511 0,000109
qr 0,986764 0,000112
посещаемость 3,050457 0,001739
комментатора 4,436752 0,000506
вручён 4,031286 0,000460
проигравший 3,338139 0,000381
страницу 0,971016 0,000111
пятая 3,050457 0,000348
portable 4,436752 0,000506
оленин 4,436752 0,000506
stm 5,129899 0,001169
школ 2,564949 0,000585
цюрихе 3,520461 0,000401
нападающий 1,797694 0,000205
ссылкой 2,732003 0,000311
страницы 0,971016 0,000664
принял 1,664163 0,000190
яндекса 4,436752 0,000506
букмекера 5,129899 0,000585
юрий 2,185460 0,000249
цветом 3,050457 0,000348
подведению 5,129899 0,000585
сделав 4,031286 0,000460
принят 3,050457 0,000695
ценному 4,436752 0,001517
пресс 1,086847 0,000124
россии 0,160085 0,000620
ru 0,285712 0,001693
действовать 0,955511 0,000109
результатам 1,911023 0,000653
сделал 1,695912 0,000193
стартовая 4,436752 0,000506
нерабочими 2,644992 0,000301
sa 0,986764 0,000112
мика 5,129899 0,000585
югра 3,183989 0,002903
известно 1,871802 0,000213
церемония 2,732003 0,000623
дата 0,881403 0,007937
эксклюзивные 2,932674 0,000669
общая 2,296685 0,001047
западе 2,827314 0,000322
внешние 1,122566 0,000128
того 0,955511 0,000436
проверялась 2,490841 0,000284
существует 1,762603 0,000201
драконы 2,644992 0,001206
букмекеры 1,664163 0,000190
проводить 1,797694 0,000615
китайский 3,050457 0,000695
трактор 2,134166 0,001946
español 1,019025 0,000116
пункты 3,338139 0,000381
конце 1,518981 0,000346
металлурга 3,743604 0,000853
игрового 2,732003 0,000311
россия 0,699082 0,000478
подобную 4,436752 0,000506
проскуряков 4,436752 0,001011
выполнил 3,183989 0,000363
мэтт 4,031286 0,001379
распределены 4,436752 0,000506
рекорд 1,198073 0,002185
свои 1,238078 0,000141
коскинен 4,436752 0,000506
января 0,825834 0,000847
январь 2,827314 0,000322
персональные 0,971016 0,000111
созданный 3,520461 0,000401
tv 2,564949 0,000292
ворота 1,797694 0,000820
причине 2,490841 0,000284
лидером 2,732003 0,000311
казахстан 1,301257 0,000445
владеет 3,183989 0,000363
большая 1,069456 0,000122
основополагающие 5,129899 0,000585
слована 5,129899 0,000585
турнира 0,839439 0,000478
express 2,644992 0,000301
сроки 2,827314 0,000322
сервисы 2,644992 0,000301
услуги 3,743604 0,000853
турнире 1,198073 0,000137
рождения 1,664163 0,000379
выставочные 4,031286 0,000460
триков 3,520461 0,000803
символическую 3,743604 0,000853
квартальнов 3,050457 0,000348
австрийскую 5,129899 0,000585
увеличивает 3,743604 0,000427
введение 2,932674 0,001003
люксембург 2,732003 0,000311
интересов 3,520461 0,000401
чипами 4,436752 0,000506
бомбардиров 3,050457 0,000695
norsk 1,052361 0,000120
khl 3,743604 0,024323
ярославль 2,490841 0,001136
отрасль 4,031286 0,000460
которому 2,134166 0,000487
vk 1,441019 0,000164
заключила 3,743604 0,000427
для 0,146292 0,000367
магнитогорского 5,129899 0,000585
нефтехимик 2,827314 0,001611
локального 5,129899 0,000585
покинувшие 5,129899 0,001754
объявила 2,564949 0,001169
новокузнецкого 4,436752 0,000506
сандиса 5,129899 0,000585
козлов 2,644992 0,000603
ветерану 5,129899 0,000585
секунде 5,129899 0,000585
дно 4,031286 0,000460
тренеров 1,728701 0,001576
мастер 1,911023 0,000218
национальная 1,574551 0,000538
комсомольская 4,031286 0,000460
polski 1,035554 0,000118
секунду 3,743604 0,000427
cola 4,436752 0,001011
клубами 2,644992 0,002713
отрезки 5,129899 0,000585
livvinkarjala 3,050457 0,000348
шинкарь 5,129899 0,000585
ташкенте 4,031286 0,000919
haier 4,436752 0,001011
минское 2,564949 0,001169
держался 4,031286 0,000460
рейтинг 0,565551 0,000258
тольяттинская 5,129899 0,001169
переезд 5,129899 0,000585
голы 2,134166 0,001216
дом 2,239527 0,000255
минского 2,827314 0,000645
atributika 5,129899 0,000585
куляш 5,129899 0,000585
ледовая 5,129899 0,000585
org 0,986764 0,000112
показатель 2,644992 0,000301
сыграть 2,421849 0,000552
потратят 4,436752 0,000506
уральское 5,129899 0,000585
ерёменко 3,520461 0,001204
упразднённые 3,183989 0,000363
объявило 3,520461 0,000401
барулин 5,129899 0,001754
великобритания 2,185460 0,000249
дня 1,104547 0,000126
дивизион 2,185460 0,003238
гола 1,951845 0,000222
темы 3,183989 0,000363
лукас 3,183989 0,000363
добавились 3,338139 0,000381
утверждается 5,129899 0,000585
победителей 2,085376 0,000238
гусев 3,050457 0,000695
закончился 2,644992 0,000301
победителем 1,574551 0,000359
буллитам 2,732003 0,000623
распределения 3,338139 0,000381
ярославский 4,031286 0,001379
членстве 5,129899 0,000585
српски 1,035554 0,000118
посредством 3,520461 0,000401
над 0,986764 0,000337
предлагаемые 5,129899 0,000585
дней 1,416327 0,001130
достигнутые 4,436752 0,000506
спартак 0,786093 0,001075
егор 2,085376 0,000475
холдинг 3,743604 0,000427
обстановки 5,129899 0,000585
участников 1,159607 0,003040
платежная 5,129899 0,000585
ска 1,279751 0,003647
цска 0,711058 0,001621
полуфиналы 2,644992 0,000301
предложения 3,520461 0,000803
хсу 5,129899 0,000585
капитанов 4,031286 0,000919
фёдорова 4,436752 0,001011
вынуждена 4,031286 0,000460
суперлиге 3,338139 0,000381
омским 5,129899 0,001169
суперлига 1,574551 0,000179
которые 0,760451 0,000173
континентальный 3,183989 0,001089
ирландия 2,421849 0,000276
который 0,799165 0,000911
суперлиги 2,644992 0,001206
идея 2,296685 0,000262
николай 2,134166 0,000243
забрасывал 5,129899 0,000585
юниор 3,050457 0,000348
юлаевым 3,743604 0,000853
которым 1,518981 0,000519
суперлигу 4,436752 0,000506
николая 3,183989 0,000363
например 1,603538 0,000183
панченко 4,031286 0,000460
которых 1,052361 0,000480
türkçe 1,052361 0,000120
проведено 2,564949 0,000292
победа 1,238078 0,000564
дедунов 5,129899 0,000585
женская 2,239527 0,000255
олимпийском 2,490841 0,000284
выбрать 3,050457 0,000695
идеи 3,520461 0,000401
доигран 4,031286 0,000919
присуждаются 3,183989 0,000363
елена 1,911023 0,000218
проведена 3,050457 0,000348
звёзд 2,357310 0,004031
соколов 3,338139 0,000381
менеджеров 3,743604 0,000427
америка 1,797694 0,000205
арена 1,762603 0,005425
арене 1,797694 0,000205
стран 1,546380 0,000353
инфраструктуре 4,436752 0,000506
будет 0,825834 0,000659
начало 1,633391 0,000559
апреле 2,239527 0,000511
data 4,436752 0,000506
снг 2,490841 0,000568
начали 1,546380 0,000705
высокоточную 5,129899 0,000585
начале 1,301257 0,000148
появилось 2,239527 0,000255
свежие 0,910391 0,000104
предоставляет 3,520461 0,000401
стартом 2,732003 0,000623
сыча 5,129899 0,001169
зарипов 4,436752 0,002023
количеству 1,574551 0,000538
начала 1,238078 0,000141
арены 2,357310 0,000537
статей 2,134166 0,000243
забросили 3,743604 0,000427
досрочно 2,421849 0,000276
золотой 1,911023 0,000871
неустойчивые 5,129899 0,000585
управляющий 3,743604 0,000427
модели 2,932674 0,000334
апреля 1,052361 0,001559
проводимые 2,357310 0,000269
хватает 1,762603 0,000603
количество 1,217876 0,001111
модель 3,338139 0,000761
международная 1,301257 0,000297
нем 2,085376 0,000238
некоммерческой 0,986764 0,000112
хоккейной 2,644992 0,006331
формат 2,185460 0,000747
нет 0,825834 0,000188
годы 1,258698 0,000574
регламента 3,050457 0,000695
армения 2,827314 0,000322
хоккейном 2,732003 0,000311
youtube 1,797694 0,000820
оценивался 5,129899 0,000585
северная 2,357310 0,000537
забросил 4,031286 0,001379
принципиальные 3,520461 0,000803
трофеи 2,827314 0,001611
году 0,630089 0,001436
правилами 1,323236 0,000151
статистика 0,652562 0,000223
принципиальным 4,031286 0,000460
состоялась 2,134166 0,000487
трофей 2,085376 0,001902
всероссийской 3,183989 0,000363
статистики 3,743604 0,000427
переносе 4,031286 0,000460
регламенту 3,183989 0,000363
прошедшему 5,129899 0,000585
статистику 4,031286 0,000460
трофея 2,490841 0,000284
токенов 5,129899 0,000585
значительно 1,911023 0,000218
года 0,239550 0,003440
новосибирской 4,436752 0,000506
успехи 3,338139 0,000381
правда 2,421849 0,000276
контракту 3,743604 0,000427
уникальные 4,031286 0,000460
коварж 5,129899 0,002339
объединяя 5,129899 0,000585
информация 1,035554 0,000472
информацию 2,134166 0,000243
нид 5,129899 0,001169
череповец 4,031286 0,000460
контракты 2,732003 0,000623
ларс 5,129899 0,000585
коновалов 3,520461 0,000803
ник 3,183989 0,000363
ярослав 3,183989 0,000726
оглашаются 5,129899 0,000585
квалификационный 2,732003 0,000311
единственном 4,436752 0,000506
нзх 5,129899 0,000585
сыграли 2,421849 0,000552
источник 0,853233 0,000875
