называемый 2,421849 0,000521
moderne 5,129899 0,001104
личных 3,050457 0,000656
день 0,760451 0,000164
называемые 3,050457 0,000656
экспорт 0,986764 0,000212
поочерёдно 3,338139 0,000718
играх 0,699082 0,001955
подразумевалась 5,129899 0,002207
ไทย 1,238078 0,000266
них 1,178655 0,000507
tatarça 1,392229 0,000300
некоторых 1,762603 0,000379
защитную 4,436752 0,001909
играм 2,421849 0,000521
диаметром 3,338139 0,001436
частью 1,728701 0,000744
заявление 0,867219 0,000187
создана 1,834062 0,000395
множество 2,038856 0,000439
взятых 4,031286 0,001735
принадлежит 2,239527 0,000482
основал 3,520461 0,000757
реклама 0,735450 0,000316
čeština 1,035554 0,000223
устюгов 2,490841 0,000536
проекты 1,198073 0,000516
викисклад 1,035554 0,000446
рассчитаны 4,031286 0,000867
корфбол 1,762603 0,000379
вторым 1,911023 0,000411
универсиады 2,732003 0,001176
slovenčina 1,069456 0,000230
юношеские 2,357310 0,002029
gnd 1,392229 0,000300
болгария 2,421849 0,000521
окончательно 2,564949 0,000552
национальное 4,031286 0,000867
c 1,546380 0,000333
e 1,603538 0,000345
проект 1,728701 0,000372
македонски 1,258698 0,000271
отменено 2,644992 0,000569
национальном 3,183989 0,000685
i 1,762603 0,000379
каждом 1,871802 0,001208
j 1,466337 0,000315
union 3,183989 0,001370
l 2,490841 0,000536
спринтерская 5,129899 0,001104
каната 1,762603 0,000379
национальной 2,085376 0,000449
ниогре 5,129899 0,001104
индивидуальные 2,134166 0,000459
u 1,345709 0,000579
w 0,955511 0,000206
территории 1,633391 0,000351
иной 2,827314 0,000608
пластины 5,129899 0,002207
коммерческих 3,183989 0,002055
пулевой 4,031286 0,000867
украине 2,490841 0,000536
норвежская 1,603538 0,000690
окончании 1,911023 0,000411
самыми 2,932674 0,000631
почтовая 2,421849 0,000521
ложа 4,436752 0,000955
юношеских 2,644992 0,000569
спорта 0,342407 0,000958
появляются 3,183989 0,000685
следующем 1,951845 0,000420
июня 1,217876 0,000262
системе 0,867219 0,000187
каталогах 1,323236 0,000285
коммерческие 3,338139 0,003591
могут 0,760451 0,000654
шамони 3,183989 0,002055
корея 2,085376 0,000449
закрываются 5,129899 0,001104
альбервиле 4,031286 0,000867
организациями 3,338139 0,001436
гонка 1,871802 0,008860
упоминаются 4,436752 0,000955
коврике 5,129899 0,001104
krombacher 5,129899 0,001104
синхронное 1,664163 0,000358
гонке 2,185460 0,005172
ἆθλον 5,129899 0,001104
иметь 2,239527 0,000482
успехов 2,732003 0,000588
гонку 2,564949 0,004415
значительным 4,031286 0,000867
гонки 1,002764 0,002805
лыжероллерах 5,129899 0,001104
последний 0,773190 0,000166
минуте 2,421849 0,000521
единого 3,050457 0,000656
наций 1,797694 0,000387
последние 1,178655 0,000507
конгрессе 2,644992 0,000569
пластине 5,129899 0,001104
некоторые 1,416327 0,000305
последним 2,134166 0,000459
являлась 3,520461 0,000757
клас 5,129899 0,001104
инвентарь 2,134166 0,000459
июля 1,035554 0,000223
pdf 0,940244 0,000202
различными 3,183989 0,000685
включают 2,732003 0,000588
сша 0,586604 0,000126
описание 0,986764 0,000212
спортивной 1,416327 0,000305
одновременно 1,762603 0,000379
канала 2,564949 0,000552
глобуса 5,129899 0,002207
чужие 4,436752 0,000955
индивидуальную 4,436752 0,001909
известную 4,436752 0,000955
официального 2,421849 0,000521
состязаниях 3,520461 0,000757
международное 2,185460 0,000940
сквош 1,728701 0,000372
вклад 0,971016 0,000209
indonesia 1,086847 0,000234
хохфильцене 5,129899 0,001104
текст 0,986764 0,000212
ноября 0,971016 0,000627
зону 2,421849 0,000521
esperanto 1,198073 0,000258
усилие 4,031286 0,000867
приказом 5,129899 0,001104
состояла 2,732003 0,000588
перейти 0,867219 0,000373
сезоне 1,466337 0,000946
системы 1,951845 0,000420
спортсмена 1,834062 0,001578
организовали 3,183989 0,000685
находится 1,492313 0,000321
лякросс 1,762603 0,000379
сезона 1,052361 0,002491
спортсмен 1,466337 0,000315
ответственности 0,971016 0,000209
имеет 1,492313 0,000963
его 0,447767 0,000289
проходившее 5,129899 0,001104
граммов 4,031286 0,000867
только 0,447767 0,001156
php 0,986764 0,000212
золотых 1,911023 0,000411
заметное 5,129899 0,002207
com 0,925206 0,000199
проходят 1,728701 0,000744
элитный 3,743604 0,000805
каждого 1,633391 0,000351
мире 1,198073 0,000258
проходившие 3,743604 0,000805
правилам 1,664163 0,000358
мира 0,367725 0,004351
классам 5,129899 0,003311
чернышова 5,129899 0,001104
пасьют 4,436752 0,002864
чаще 1,834062 0,000395
west 2,827314 0,000608
включена 3,743604 0,000805
столь 3,183989 0,000685
карьере 1,994404 0,000429
окно 2,490841 0,000536
когда 0,652562 0,000421
белоруссия 3,743604 0,000805
выделяют 3,183989 0,000685
включительно 2,827314 0,000608
проводятся 1,574551 0,002371
включены 2,357310 0,001521
годов 1,301257 0,000560
чего 1,345709 0,000290
куки 0,971016 0,000209
карьеру 1,518981 0,000654
зальфельден 5,129899 0,001104
разрешено 2,490841 0,000536
индивидуальной 4,031286 0,015612
паралимпийский 3,743604 0,001611
стрелковый 5,129899 0,001104
попадания 2,827314 0,001217
коньковый 4,436752 0,000955
слабым 4,436752 0,000955
виталия 3,743604 0,000805
международном 2,732003 0,001176
статус 1,871802 0,000403
недавнего 3,743604 0,000805
перетягивание 1,762603 0,000379
международной 1,345709 0,001158
другие 0,384967 0,000248
так 0,597299 0,001028
иногда 1,951845 0,000420
федерация 1,002764 0,001510
vlams 2,827314 0,000608
других 0,853233 0,000734
попадание 2,564949 0,001104
состоянию 1,911023 0,000411
источников 1,518981 0,000980
тура 1,728701 0,000372
попадании 5,129899 0,002207
пластинки 5,129899 0,001104
престижных 4,031286 0,000867
пятиборье 1,574551 0,000339
выступал 2,421849 0,000521
федераций 2,134166 0,000918
федерации 0,663991 0,001000
чемпионкой 2,564949 0,001656
отопительные 5,129899 0,001104
швеции 1,664163 0,000358
другими 2,421849 0,000521
скалолазание 1,728701 0,000372
лыжероллерный 5,129899 0,001104
национальных 1,871802 0,001208
есть 0,812411 0,000175
мизерски 5,129899 0,001104
выстреле 5,129899 0,001104
спорт 0,224624 0,000338
исключили 3,743604 0,000805
отделении 5,129899 0,001104
этой 1,052361 0,000226
этом 0,565551 0,000365
викисловарь 2,490841 0,000536
национальные 1,695912 0,000365
выстрела 5,129899 0,001104
значимости 3,520461 0,000757
вышеназванной 5,129899 0,001104
марка 2,038856 0,000439
действующие 2,564949 0,000552
викисловаре 2,490841 0,000536
олле 5,129899 0,001104
суперспринте 5,129899 0,001104
швеция 1,345709 0,000290
qaraqalpaqsha 2,038856 0,000439
глава 1,546380 0,000333
художественная 1,633391 0,000351
край 3,183989 0,000685
завоевавшая 3,338139 0,000718
зидек 4,436752 0,000955
известный 2,239527 0,000482
немецкие 2,932674 0,000631
français 1,019025 0,000219
немецкий 2,421849 0,000521
элемент 0,955511 0,000206
спортивные 1,104547 0,000713
выступлений 1,664163 0,000358
спортивный 1,301257 0,000280
цели 2,296685 0,000494
полное 2,296685 0,000494
проходил 2,185460 0,000470
имеют 1,834062 0,001578
кросс 3,338139 0,001436
женщины 0,881403 0,000759
патрулей 4,031286 0,006939
спортивных 1,279751 0,000551
проходит 1,633391 0,000351
выступления 1,546380 0,000665
тех 1,217876 0,001310
условно 3,338139 0,000718
указанием 0,986764 0,000212
регулярный 2,932674 0,000631
мега 5,129899 0,002207
team 2,827314 0,000608
ведутся 4,031286 0,000867
европы 0,524729 0,001806
тем 1,217876 0,000524
поло 1,441019 0,000620
назвать 3,520461 0,000757
крупнейших 2,732003 0,000588
без 0,466460 0,000502
бел 5,129899 0,001104
бен 2,932674 0,000631
проводился 2,038856 0,000439
трансляции 1,441019 0,000310
роста 3,050457 0,000656
ограничения 2,239527 0,001445
крупнейшим 3,743604 0,000805
бег 2,827314 0,000608
включали 4,031286 0,000867
спортсмены 1,140915 0,000982
параолимпийским 5,129899 0,001104
виды 0,773190 0,001996
успешности 5,129899 0,001104
чёрный 2,932674 0,001262
заболотная 5,129899 0,001104
клуб 0,940244 0,001011
вида 1,664163 0,000716
виде 1,368699 0,000883
кроме 1,368699 0,002061
вошли 1,994404 0,000429
всегда 1,258698 0,000271
каждая 2,134166 0,001377
оба 1,911023 0,000411
кодекс 0,971016 0,000209
тип 1,871802 0,000403
статьи 0,524729 0,001016
курирующая 5,129899 0,001104
канада 1,301257 0,000280
бобслей 1,238078 0,000266
раскалывающиеся 5,129899 0,001104
военно 3,338139 0,002873
разделить 4,031286 0,001735
иных 3,183989 0,001370
комитетом 2,827314 0,001825
организует 4,031286 0,000867
datacenter 5,129899 0,001104
позы 5,129899 0,001104
иным 4,031286 0,000867
допускались 3,743604 0,000805
марий 2,827314 0,000608
снимает 4,436752 0,000955
обе 2,085376 0,000449
статья 0,986764 0,001061
если 0,675551 0,000145
иные 3,183989 0,001370
anschütz 5,129899 0,001104
wikimedia 0,986764 0,000212
коринн 5,129899 0,001104
ограничение 2,932674 0,000631
мировой 1,392229 0,000300
карате 1,728701 0,000372
ελληνικά 1,086847 0,000234
коврик 5,129899 0,001104
язык 1,258698 0,000271
возможного 3,050457 0,000656
беларуси 2,644992 0,001138
смотрит 3,520461 0,000757
разных 1,834062 0,000395
различные 1,951845 0,000420
creative 0,986764 0,000212
право 1,603538 0,001035
nederlands 1,019025 0,000219
раза 1,834062 0,000395
стокгольме 3,050457 0,000656
различных 1,728701 0,000744
эстония 2,490841 0,000536
демонстрационных 5,129899 0,001104
международным 1,871802 0,002416
международный 1,258698 0,002166
комитет 1,911023 0,001233
белорусская 3,520461 0,000757
башҡортса 1,518981 0,000327
гонок 2,732003 0,007053
матч 0,411400 0,000089
международные 1,238078 0,001332
снаряжение 4,031286 0,001735
pwn 3,338139 0,000718
вероник 5,129899 0,001104
euskara 1,122566 0,000242
выиграли 1,518981 0,000654
крупных 1,871802 0,000403
демонстрационные 3,743604 0,001611
расстояние 2,644992 0,000569
хрустального 4,436752 0,000955
расстоянии 2,421849 0,000521
крупные 2,357310 0,000507
турине 3,050457 0,000656
текущие 0,940244 0,000202
стране 1,951845 0,000420
немецкая 5,129899 0,002207
сегодня 0,881403 0,000569
масс 2,827314 0,007908
входили 3,050457 0,000656
сразу 1,392229 0,000300
той 1,994404 0,000429
глима 1,762603 0,000379
создать 0,825834 0,000178
вместе 1,178655 0,000761
страны 1,052361 0,000226
международных 1,492313 0,002247
asturianu 1,323236 0,000285
телевидение 4,031286 0,001735
весом 3,520461 0,000757
решение 1,238078 0,001065
печать 0,986764 0,000212
летние 1,238078 0,000266
íslenska 1,392229 0,000300
включать 2,932674 0,000631
пелота 1,728701 0,000372
летний 1,834062 0,001184
олимпиаде 0,895792 0,000385
том 0,895792 0,001349
ввиду 2,732003 0,000588
календаря 3,743604 0,000805
основная 1,323236 0,000854
обсуждение 0,881403 0,000379
календарь 0,735450 0,000316
организация 1,664163 0,000358
венеры 5,129899 0,001104
организации 0,812411 0,001224
товарный 0,986764 0,000212
три 0,786093 0,000677
олимпиады 0,925206 0,000597
зрением 5,129899 0,001104
начиная 1,492313 0,000642
индивидуальная 4,031286 0,005204
дважды 1,574551 0,000339
lrt 5,129899 0,001104
венера 5,129899 0,001104
возрасту 4,436752 0,000955
календаре 3,743604 0,000805
норвегия 1,834062 0,000395
yle 4,436752 0,000955
балкан 5,129899 0,001104
спартакиаде 3,743604 0,000805
печати 0,955511 0,000206
субъектах 5,129899 0,001104
празднике 4,031286 0,000867
условий 0,881403 0,000379
девушками 5,129899 0,001104
лыжи 1,019025 0,000877
катание 0,534779 0,000115
завершила 2,644992 0,000569
как 0,232059 0,000999
светланы 5,129899 0,001104
аналогичным 4,436752 0,000955
втором 1,695912 0,000365
дистанции 1,911023 0,001645
тарашкевіца 1,198073 0,000258
бьёрндален 4,031286 0,002602
ltv 5,129899 0,001104
проводит 2,038856 0,000439
наступают 5,129899 0,001104
исполнился 4,436752 0,000955
событием 2,932674 0,000631
проводились 1,603538 0,001035
второй 0,786093 0,000169
рубрика 4,436752 0,000955
многих 1,546380 0,000665
условия 0,411400 0,000177
термина 1,695912 0,000365
австрии 2,421849 0,000521
специальный 2,827314 0,000608
dansk 1,069456 0,000230
защищает 3,520461 0,000757
наибольших 4,031286 0,000867
ещё 0,420369 0,000543
дисциплинах 2,932674 0,003155
включавшие 4,436752 0,000955
фигурное 0,534779 0,000115
менее 1,258698 0,000271
помощью 2,185460 0,000470
беларуская 1,069456 0,000460
греч 3,338139 0,000718
первой 1,019025 0,000219
первом 1,052361 0,000453
а 0,209918 0,000813
в 0,017911 0,000605
олык 2,932674 0,000631
г 0,925206 0,000398
антидопинговые 4,031286 0,000867
и 0,023953 0,000727
équipe 4,031286 0,000867
к 0,132686 0,000171
велоспорт 1,178655 0,000254
м 0,534779 0,000230
н 0,895792 0,000193
о 0,042302 0,000036
данного 2,644992 0,000569
альпинизм 1,323236 0,000285
п 1,086847 0,000468
с 0,036149 0,000397
она 0,825834 0,000178
скейтбординг 1,762603 0,000379
у 0,342407 0,001400
китае 2,932674 0,000631
скачать 0,895792 0,000385
они 0,760451 0,001145
сезон 1,368699 0,000589
смешанной 3,520461 0,003787
футбол 0,285712 0,000307
атлетика 1,052361 0,000453
подобие 5,129899 0,001104
видах 2,038856 0,000439
классический 3,338139 0,000718
австрия 2,239527 0,000964
staff 4,031286 0,000867
байках 5,129899 0,002207
соответствующих 3,338139 0,000718
каталанская 1,695912 0,000730
алфавиту 1,159607 0,000249
магдалена 4,436752 0,002864
магдалене 5,129899 0,001104
соответствующий 3,050457 0,000656
представились 0,986764 0,000212
вручную 4,031286 0,001735
соответствующие 2,490841 0,000536
региональных 3,183989 0,001370
прежде 2,185460 0,000470
восточной 2,564949 0,001104
粵語 1,178655 0,000254
следующего 2,185460 0,000470
белтелерадиокомпания 4,436752 0,000955
эйнар 3,050457 0,002625
викискладе 1,217876 0,000524
сноуборд 1,238078 0,000266
победить 2,732003 0,000588
автоматическое 4,031286 0,000867
hrt 5,129899 0,001104
internationale 3,183989 0,000685
региональные 2,357310 0,001521
хёрлинг 1,762603 0,000379
соревнованиях 1,159607 0,003742
рассматривать 4,031286 0,000867
гран 1,518981 0,001307
всех 0,652562 0,000702
цвета 1,911023 0,000411
прикрепляет 5,129899 0,001104
представлен 3,183989 0,003425
title 0,986764 0,000212
польша 2,185460 0,000470
биатлон 0,534779 0,005753
мере 2,490841 0,000536
плавание 1,198073 0,000516
пожертвовать 0,986764 0,000212
распоряжении 3,520461 0,000757
отщёлкивает 5,129899 0,002207
ссылка 0,786093 0,000169
штайнернен 5,129899 0,001104
ссылки 0,839439 0,000903
спринта 2,564949 0,000552
шары 4,031286 0,000867
объявляет 3,743604 0,000805
первыми 1,762603 0,001517
кругосвет 1,994404 0,000429
спринте 2,357310 0,004057
всемирные 3,050457 0,002625
спине 2,932674 0,000631
повышая 4,436752 0,000955
сидя 3,520461 0,000757
рукоятки 4,031286 0,000867
мужчинами 4,031286 0,000867
всемирных 3,743604 0,002416
становится 1,664163 0,000358
москве 1,518981 0,000327
отдельных 0,986764 0,000849
девушки 2,421849 0,001563
юниорок 3,338139 0,005746
biathlonworld 5,129899 0,001104
превышать 2,932674 0,001262
квадах 1,762603 0,000379
юниоров 1,728701 0,004091
пристрелка 5,129899 0,001104
достигли 3,050457 0,000656
энергетика 4,436752 0,000955
результаты 0,910391 0,000196
broadcasting 5,129899 0,001104
მარგალური 2,490841 0,000536
хрустальных 5,129899 0,001104
проводится 1,546380 0,002662
хрустальный 4,031286 0,000867
чем 0,747872 0,000161
состязания 2,490841 0,001608
стрельбой 4,031286 0,000867
родственных 2,644992 0,000569
код 0,986764 0,004458
лука 1,198073 0,000773
выступавшая 3,743604 0,000805
url 0,986764 0,000212
разновидностей 3,338139 0,002155
контиолахти 4,436752 0,001909
состязаний 2,932674 0,003786
новости 0,301585 0,000065
состязание 3,520461 0,000757
войти 0,735450 0,000158
старт 1,416327 0,002133
гольф 1,574551 0,000339
первых 1,518981 0,000327
ქართული 1,392229 0,000300
возраст 3,050457 0,000656
действия 1,797694 0,000387
байдарках 1,603538 0,000345
кольцевая 4,436752 0,000955
объявлено 2,490841 0,000536
юниорки 3,743604 0,001611
магдалены 5,129899 0,001104
эстафетную 5,129899 0,001104
international 2,357310 0,000507
обычные 3,520461 0,000757
инструменты 0,986764 0,000425
говорят 2,827314 0,000608
жаргоне 5,129899 0,001104
программа 1,574551 0,000678
прикладе 5,129899 0,001104
равен 4,436752 0,001909
первым 1,238078 0,000799
девушек 2,932674 0,001893
первые 0,971016 0,001045
основанный 3,743604 0,000805
памяти 2,564949 0,000552
тоҷикӣ 1,695912 0,000365
обращения 0,925206 0,000398
программу 1,466337 0,002208
рождественская 4,436752 0,001909
первый 0,687247 0,000591
февраля 0,232059 0,000050
пять 1,368699 0,000294
предусматривать 4,436752 0,000955
советом 3,183989 0,000685
локальных 5,129899 0,002207
тогда 1,466337 0,000315
самых 1,546380 0,000998
деятельность 2,490841 0,000536
эгидой 1,797694 0,000387
значения 1,416327 0,000914
калибр 5,129899 0,001104
пяти 1,574551 0,000339
суперспринт 5,129899 0,002207
хольгер 4,436752 0,000955
титул 1,603538 0,000345
михаэль 4,031286 0,000867
специфики 4,436752 0,000955
прыжки 1,019025 0,000658
мишень 4,436752 0,000955
кто 0,839439 0,000181
напоминают 4,436752 0,000955
крышку 5,129899 0,002207
назывались 3,183989 0,001370
материал 0,825834 0,000178
биатлонного 5,129899 0,001104
самым 1,392229 0,000599
скиджоринг 1,762603 0,000379
минус 3,050457 0,000656
online 3,520461 0,000757
чемпионками 3,520461 0,000757
самые 1,633391 0,000703
мишени 4,031286 0,003469
успешными 3,743604 0,000805
входят 1,994404 0,000429
направляет 4,031286 0,000867
чмю 5,129899 0,001104
ам 4,031286 0,000867
быта 5,129899 0,001104
засчитывается 2,644992 0,001138
кубком 2,490841 0,001072
издавна 5,129899 0,001104
советская 2,296685 0,000494
навигация 0,986764 0,000425
хегле 4,031286 0,000867
борьба 1,002764 0,000431
западногерманский 5,129899 0,001104
навигации 0,986764 0,000212
правила 0,910391 0,001763
включающие 4,436752 0,000955
джереми 3,520461 0,000757
федерацией 2,185460 0,001411
официальную 3,050457 0,000656
правило 1,633391 0,001054
вообще 1,911023 0,000411
сами 2,644992 0,000569
шведско 5,129899 0,001104
гимнастика 1,238078 0,000533
водное 1,492313 0,000321
собачьих 1,762603 0,000379
hrvatski 1,052361 0,000226
сама 2,644992 0,001138
снимая 5,129899 0,001104
оружие 3,338139 0,000718
бергер 4,436752 0,000955
роке 1,762603 0,000379
упряжках 1,762603 0,000379
документами 5,129899 0,001104
кубок 0,524729 0,002822
во 0,495170 0,001172
occitan 1,466337 0,000315
уже 0,687247 0,000148
сайте 1,217876 0,000262
организацией 2,357310 0,001014
вы 0,325878 0,000070
минимальным 3,050457 0,000656
веб 2,644992 0,000569
просто 1,492313 0,000642
энциклопедии 0,986764 0,000425
кёрлинг 1,279751 0,000275
скорость 2,421849 0,000521
плеч 4,031286 0,000867
associated 0,986764 0,000212
български 1,086847 0,000234
ibu 2,239527 0,008673
zdf 5,129899 0,001104
брейкинг 1,762603 0,000379
эствик 4,436752 0,000955
проведение 2,134166 0,003214
де 0,955511 0,000206
проведении 2,732003 0,000588
перед 0,839439 0,000181
шайбой 1,122566 0,000242
сайт 0,773190 0,000333
американский 1,258698 0,000542
до 0,239550 0,000928
др 2,490841 0,001072
изменяемой 5,129899 0,001104
эстафетных 5,129899 0,001104
зарегистрированный 0,986764 0,000212
выступать 1,633391 0,001406
современного 2,564949 0,003863
сюда 0,986764 0,000212
корректирует 4,436752 0,000955
двух 1,002764 0,000216
французском 3,520461 0,003787
трек 1,159607 0,000249
цитировать 0,986764 0,000212
самостоятельной 5,129899 0,001104
числа 2,357310 0,001014
проведения 1,258698 0,001083
числе 1,546380 0,000998
баскетбол 0,773190 0,000166
азии 2,085376 0,001795
кубка 0,825834 0,004087
число 1,392229 0,000300
одиночной 3,743604 0,000805
числу 1,546380 0,000333
гребля 1,518981 0,000654
вручены 4,436752 0,001909
принимают 2,085376 0,000449
её 1,104547 0,001426
вид 1,104547 0,001188
же 0,925206 0,001393
завершившая 5,129899 0,001104
кубке 1,441019 0,000620
уле 3,743604 0,003222
батуте 1,728701 0,000372
что 0,239550 0,000309
медали 0,971016 0,000627
править 0,986764 0,008917
незимних 5,129899 0,001104
за 0,125952 0,000298
жё 1,728701 0,000372
кубку 3,338139 0,000718
софтбол 1,695912 0,000365
медаль 1,416327 0,000305
было 0,438551 0,000472
составляет 2,085376 0,000897
подробнее 0,723179 0,000156
решает 3,338139 0,000718
признана 2,827314 0,000608
мероприятий 3,183989 0,001370
несмотря 1,762603 0,000379
были 0,799165 0,001032
приведённое 5,129899 0,001104
считаются 2,357310 0,000507
была 0,652562 0,000562
ханты 4,031286 0,000867
трассе 3,050457 0,000656
из 0,106018 0,000639
маунтин 5,129899 0,002207
юношами 5,129899 0,001104
им 1,198073 0,000258
каком 3,338139 0,000718
велосипедах 4,436752 0,000955
августа 1,052361 0,000453
ольга 2,827314 0,000608
позволяет 2,239527 0,000482
их 0,799165 0,001032
скрытые 1,122566 0,000242
границе 5,129899 0,001104
составляла 3,050457 0,001969
разве 3,520461 0,000757
пасьюте 5,129899 0,005518
источниках 3,338139 0,000718
оставляют 4,436752 0,000955
повышение 3,050457 0,000656
одиночная 4,436752 0,001909
регламент 2,296685 0,000494
хоккей 0,376309 0,000324
патронов 4,436752 0,000955
отделиться 5,129899 0,001104
исключением 1,994404 0,000858
большого 2,085376 0,000897
носят 3,520461 0,000757
чёрного 3,183989 0,000685
престижности 5,129899 0,001104
словения 2,490841 0,000536
серию 1,466337 0,000315
горных 3,520461 0,000757
srpski 1,035554 0,000223
кг 2,185460 0,000470
юноши 3,050457 0,001969
км 2,038856 0,006580
является 1,086847 0,002338
эльвебакк 4,436752 0,000955
foundation 0,986764 0,000212
следующий 1,574551 0,000339
ле 2,038856 0,000439
следующие 1,834062 0,000789
спортивная 1,159607 0,000499
деление 5,129899 0,004415
вот 2,134166 0,000459
норвежской 4,031286 0,000867
получившая 2,932674 0,000631
резцова 2,421849 0,000521
соревноваться 2,827314 0,001825
первоначально 1,951845 0,000420
сити 1,546380 0,000333
совпадает 4,031286 0,000867
расположенной 3,520461 0,000757
한국어 1,035554 0,000223
создании 2,827314 0,000608
успешные 4,031286 0,001735
мм 2,932674 0,003786
собой 1,279751 0,000826
побед 1,301257 0,001400
ремень 5,129899 0,001104
современная 2,490841 0,001072
участие 0,597299 0,000386
болгарское 5,129899 0,001104
крокет 1,762603 0,000379
на 0,023953 0,000644
старая 1,368699 0,000294
не 0,099461 0,000599
исходя 3,743604 0,001611
каждый 1,392229 0,000300
смогли 2,239527 0,000482
ссылками 1,159607 0,000998
лат 3,338139 0,000718
онлайн 0,773190 0,000166
но 0,402511 0,000087
разделённых 5,129899 0,001104
утв 5,129899 0,001104
выдающейся 5,129899 0,001104
раздел 2,296685 0,000494
uipm 5,129899 0,001104
спонсируются 5,129899 0,001104
водные 0,867219 0,000187
категория 1,546380 0,000333
норвежский 3,183989 0,001370
уровне 1,695912 0,001459
локальном 5,129899 0,001104
magyar 1,086847 0,000234
нами 0,853233 0,000184
об 0,217244 0,000093
ои 0,812411 0,015556
справка 0,986764 0,000212
месте 1,492313 0,000321
он 0,534779 0,001036
развитие 1,633391 0,000703
пули 5,129899 0,002207
тхэквондо 1,633391 0,000351
категории 0,986764 0,000425
от 0,160085 0,000413
собственно 2,932674 0,003155
завершении 2,827314 0,000608
форум 0,881403 0,000190
названием 1,871802 0,000403
официальный 1,104547 0,000238
бокс 0,576022 0,000248
официальные 1,574551 0,001016
всю 1,994404 0,000429
годах 1,492313 0,000963
юниорками 5,129899 0,001104
все 0,125952 0,000108
википедия 0,986764 0,001061
лыжероллеры 5,129899 0,001104
городе 1,994404 0,000429
по 0,073653 0,000555
официальных 1,664163 0,000358
inc 0,986764 0,000212
клубного 2,932674 0,000631
сведения 0,812411 0,000175
уровнях 3,743604 0,001611
português 1,035554 0,000223
круг 1,951845 0,000420
выигравшие 4,031286 0,000867
академическая 1,574551 0,000339
какой 1,911023 0,000411
представительности 5,129899 0,002207
участию 2,732003 0,000588
касается 2,421849 0,000521
сообщество 0,986764 0,000212
видов 1,392229 0,000899
википедии 0,986764 0,000425
курируемые 5,129899 0,001104
севера 4,436752 0,002864
кати 4,436752 0,000955
валлин 5,129899 0,001104
lccn 1,492313 0,000321
стал 0,586604 0,000379
сочетающий 5,129899 0,001104
указан 1,301257 0,001120
ложится 4,031286 0,000867
анфиса 4,436752 0,000955
водно 1,762603 0,000379
ветровые 5,129899 0,001104
стиль 2,038856 0,000439
включение 3,338139 0,000718
см 0,955511 0,001645
日本語 1,035554 0,000223
со 0,447767 0,000674
центр 0,881403 0,000190
декабря 0,881403 0,000759
биатлонистам 4,436752 0,000955
воду 1,492313 0,000321
slovenščina 1,345709 0,000290
под 0,723179 0,000778
парусный 1,574551 0,000339
таким 1,664163 0,000358
юношей 2,932674 0,001893
победительницы 4,031286 0,000867
отделением 4,436752 0,000955
пом 1,695912 0,000365
утверждениями 2,134166 0,000459
таких 1,762603 0,000379
brezhoneg 2,038856 0,000439
тв 1,633391 0,000351
частности 1,994404 0,000429
те 1,834062 0,000789
самих 4,031286 0,000867
одна 1,392229 0,000300
немного 2,038856 0,000439
содержание 0,971016 0,000418
eesti 1,069456 0,000230
охотничий 5,129899 0,002207
лет 0,475938 0,000307
предусмотрено 3,338139 0,000718
производит 4,031286 0,000867
то 0,652562 0,000281
зарождение 4,436752 0,000955
снегоступах 5,129899 0,004415
относятся 2,490841 0,000536
представлены 2,564949 0,000552
стартует 2,490841 0,000536
britannica 1,518981 0,000327
перезаряжая 5,129899 0,001104
пор 1,574551 0,000339
каноэ 1,633391 0,000351
конфиденциальности 0,317714 0,000068
связи 1,159607 0,000249
своей 1,002764 0,000431
wikipedia 0,986764 0,000425
scots 1,695912 0,000365
plattdüütsch 2,357310 0,000507
устойчивости 4,031286 0,000867
при 0,367725 0,001424
охотничьих 5,129899 0,001104
популярен 2,932674 0,001262
ушу 1,728701 0,000372
викиновости 1,238078 0,000266
шведская 3,743604 0,000805
также 0,663991 0,002857
фр 2,421849 0,000521
литовская 2,085376 0,000449
представлена 2,732003 0,000588
العربية 1,069456 0,000230
фризский 1,762603 0,000379
одной 1,238078 0,000799
одном 1,603538 0,000690
зрителей 1,797694 0,000387
библиографических 1,323236 0,000285
разработчики 0,986764 0,000212
летнему 3,050457 0,000656
траве 1,466337 0,000631
сначала 1,664163 0,001074
диоптрический 5,129899 0,001104
фатьянова 4,436752 0,001909
pentathlon 5,129899 0,001104
правки 0,986764 0,000425
лестандер 5,129899 0,001104
международного 1,911023 0,002056
конгресс 2,827314 0,000608
однако 1,069456 0,001150
представляет 1,871802 0,001208
себя 0,940244 0,001821
tolışi 1,871802 0,000403
баскская 1,762603 0,000379
южной 1,797694 0,001547
проектах 0,986764 0,000425
победы 0,971016 0,000209
việt 1,140915 0,000245
отказ 0,910391 0,000196
италии 1,002764 0,000216
азиады 4,436752 0,000955
сохранением 0,986764 0,000212
дзюдо 1,466337 0,000315
получил 1,002764 0,000216
выигранных 2,932674 0,000631
длины 3,743604 0,000805
инсбруке 3,743604 0,000805
патрульная 5,129899 0,001104
прошли 1,762603 0,000379
че 3,520461 0,000757
норвежка 4,436752 0,000955
дисциплины 2,134166 0,002755
длина 2,421849 0,003126
штук 4,436752 0,000955
чм 1,492313 0,000321
ставшие 2,827314 0,000608
парве 5,129899 0,001104
грайс 4,436752 0,000955
шёнтир 5,129899 0,001104
общего 3,183989 0,000685
курировать 5,129899 0,001104
дарья 2,085376 0,000449
французская 3,338139 0,000718
символический 3,743604 0,000805
взаимодействует 5,129899 0,001104
bahasa 1,086847 0,000468
взрослых 3,050457 0,001969
разновидовые 5,129899 0,001104
кайя 5,129899 0,001104
через 0,971016 0,000418
спуске 4,031286 0,000867
короля 3,050457 0,000656
взрослые 4,031286 0,000867
российской 1,178655 0,000507
передвижения 3,338139 0,000718
женщинами 4,436752 0,000955
lietuvių 1,140915 0,000245
разновидовых 5,129899 0,008829
биатлону 2,732003 0,004702
вставляет 5,129899 0,001104
планировалось 3,743604 0,000805
современное 1,574551 0,000339
стрельба 1,492313 0,000963
официально 1,159607 0,000748
словари 1,217876 0,000262
команда 0,663991 0,000143
лучший 1,368699 0,000294
минспорттуризма 4,436752 0,000955
чрезвычайном 5,129899 0,001104
стрельбе 3,520461 0,006817
кубковых 3,520461 0,003787
system 3,183989 0,000685
командная 2,085376 0,001346
проводиться 2,038856 0,000877
делятся 2,564949 0,000552
команду 1,217876 0,000524
стрельбу 4,436752 0,005727
века 1,441019 0,000310
существуют 1,441019 0,000620
кубковые 4,031286 0,004337
транспортируются 5,129899 0,001104
кубковым 5,129899 0,001104
портал 1,518981 0,000980
стрельбы 4,031286 0,004337
нужно 1,492313 0,000321
биатлонистка 4,031286 0,005204
скелетон 1,258698 0,000271
українська 1,035554 0,000223
лёжа 4,436752 0,005727
биатлонистки 3,743604 0,003222
дисциплин 3,050457 0,000656
ограничена 3,338139 0,000718
биатлонистке 5,129899 0,001104
одних 3,520461 0,000757
xviii 2,421849 0,000521
зальфельдене 5,129899 0,002207
любых 2,732003 0,000588
рост 2,421849 0,001042
современном 2,644992 0,000569
television 3,743604 0,000805
рэкетс 1,728701 0,000372
биатлоне 2,932674 0,001893
биатлона 3,050457 0,013126
эффект 3,743604 0,000805
использовалось 3,743604 0,000805
ndl 1,834062 0,000395
используется 1,633391 0,000703
группы 1,695912 0,000365
cite 1,258698 0,000271
настроениями 5,129899 0,001104
шорт 1,086847 0,000234
бадминтон 1,546380 0,000333
европейские 2,038856 0,000877
соревнованием 2,732003 0,000588
центром 3,338139 0,000718
разрешаются 4,031286 0,000867
горнолыжный 1,301257 0,000280
устойчивость 5,129899 0,001104
pages 0,986764 0,000212
канал 2,038856 0,000439
отдалённо 4,031286 0,000867
гэльский 1,762603 0,000379
старте 1,994404 0,002145
свендсен 4,436752 0,000955
etv 5,129899 0,001104
этапов 2,564949 0,000552
любую 3,183989 0,000685
всего 0,812411 0,001049
членами 2,827314 0,001217
ответственной 4,031286 0,003469
гандбол 1,178655 0,000761
принимает 2,644992 0,001138
svenska 1,035554 0,000223
общий 2,038856 0,001316
мишеней 4,436752 0,001909
моторный 1,762603 0,000379
глобус 3,743604 0,000805
масса 2,827314 0,000608
старты 2,827314 0,002433
ссср 0,940244 0,000405
доступен 0,971016 0,000209
будо 1,762603 0,000379
ширина 2,932674 0,000631
современную 3,743604 0,000805
уступает 3,338139 0,001436
основания 1,834062 0,000395
фехтование 1,546380 0,000333
зальцбурге 5,129899 0,001104
общем 3,338139 0,002155
французский 1,392229 0,000300
interlingua 1,603538 0,000345
примечания 1,002764 0,000431
interlingue 2,239527 0,000482
где 0,675551 0,000436
korean 4,436752 0,000955
сочетают 4,031286 0,000867
гдр 2,038856 0,000877
юниоры 2,732003 0,002351
применяются 1,466337 0,000315
участвовать 1,518981 0,000327
сообщить 0,799165 0,000172
кассеты 5,129899 0,001104
быть 0,773190 0,000166
запрещено 2,421849 0,000521
ствола 5,129899 0,003311
указательный 5,129899 0,001104
поверхности 2,644992 0,000569
конный 1,664163 0,000358
limburgs 2,134166 0,000459
калибра 5,129899 0,001104
макарайнен 5,129899 0,001104
мобильная 0,608110 0,000131
english 0,925206 0,000398
франция 1,122566 0,000242
пиво 5,129899 0,001104
четыре 1,140915 0,000491
ишмуратовой 5,129899 0,001104
образования 2,644992 0,000569
протяжении 1,951845 0,000420
suomi 1,052361 0,000226
форсберг 4,031286 0,001735
именуются 5,129899 0,003311
франции 1,035554 0,000223
состава 2,085376 0,000449
стала 0,881403 0,000190
составе 1,546380 0,000333
ныне 2,357310 0,001014
являются 1,466337 0,001893
можно 1,002764 0,001079
универсиадах 4,436752 0,000955
стали 0,971016 0,000836
română 1,122566 0,000242
обладательнице 5,129899 0,001104
зачёт 1,951845 0,002100
nkc 1,574551 0,000339
эстафетная 5,129899 0,001104
фестивали 3,743604 0,001611
рубеж 4,031286 0,000867
стоя 2,932674 0,003786
российские 1,301257 0,000280
ard 5,129899 0,001104
мужской 2,134166 0,000459
впервые 0,839439 0,001084
oʻzbekcha 1,140915 0,000245
раз 0,504926 0,000435
чемпионат 0,277868 0,001136
ўзбекча 1,140915 0,000245
магазин 2,421849 0,000521
случайная 0,986764 0,000212
latviešu 1,052361 0,000226
постоянная 0,986764 0,000212
версия 0,485508 0,000313
смотреть 1,695912 0,000365
прошёл 1,574551 0,000678
шесть 1,546380 0,000333
обычно 1,695912 0,000730
rtv 5,129899 0,001104
штаб 1,797694 0,000774
объединённую 5,129899 0,001104
спортивного 1,574551 0,000339
назывался 3,050457 0,001313
знак 0,986764 0,000212
огневой 5,129899 0,001104
работу 2,085376 0,000449
огневом 5,129899 0,001104
кайса 4,436752 0,000955
австралийский 1,728701 0,000372
суперпреследование 5,129899 0,001104
спринт 2,296685 0,003459
эстафетах 3,520461 0,000757
огневому 5,129899 0,001104
курируются 5,129899 0,001104
клодель 5,129899 0,001104
медиафайлы 1,217876 0,000524
короче 4,031286 0,000867
архивировано 1,104547 0,000238
galego 1,178655 0,000254
короткий 0,971016 0,000209
студенческой 5,129899 0,001104
войны 1,871802 0,000403
чемпионата 0,735450 0,000633
биатлонная 4,031286 0,002602
случаях 0,971016 0,000209
чемпионате 1,178655 0,001014
смешанная 3,743604 0,004027
нойнер 4,436752 0,003818
после 0,317714 0,000205
конституция 4,436752 0,000955
остальных 2,932674 0,000631
чернышовой 5,129899 0,001104
лыж 3,743604 0,002416
южная 1,797694 0,000387
погодных 3,338139 0,000718
старше 2,732003 0,000588
чемпионаты 1,574551 0,003388
дисциплинарные 4,436752 0,000955
шведской 4,031286 0,000867
включая 1,633391 0,000351
современные 2,421849 0,000521
свободный 2,932674 0,000631
привлечение 4,436752 0,000955
служебные 0,986764 0,000212
современный 2,357310 0,000507
языках 0,986764 0,000212
лыжах 1,178655 0,001014
антье 5,129899 0,001104
положения 2,357310 0,002536
азиатские 2,932674 0,000631
лондоне 2,357310 0,000507
ответственные 5,129899 0,001104
зависит 2,564949 0,000552
свободной 0,986764 0,000212
олимпиадах 2,296685 0,000494
мужских 2,357310 0,001014
юниорский 3,050457 0,001969
может 0,630089 0,000136
биатлонист 3,183989 0,004110
боснии 4,436752 0,000955
больше 0,812411 0,000524
получить 0,747872 0,000161
огневых 4,436752 0,000955
улофссон 5,129899 0,001104
мужские 2,644992 0,001707
положенные 5,129899 0,001104
связанные 0,881403 0,000379
вещание 3,743604 0,001611
эмиль 3,183989 0,000685
квартира 3,050457 0,001313
nrk 5,129899 0,001104
босния 2,732003 0,000588
военного 2,932674 0,000631
магазинное 5,129899 0,001104
участники 1,518981 0,000980
минимальная 3,520461 0,000757
отредактирована 0,986764 0,000212
melayu 1,368699 0,000294
трёх 1,441019 0,000620
танковый 5,129899 0,002207
юнеско 5,129899 0,001104
рейтинги 2,490841 0,000536
времени 1,140915 0,000982
italiano 1,035554 0,000223
год 0,687247 0,002809
рубежах 4,436752 0,000955
совместно 2,732003 0,000588
объединены 3,743604 0,000805
айсшток 1,728701 0,000372
проверяя 5,129899 0,001104
հայերեն 1,198073 0,000258
некубковых 5,129899 0,002207
нараставшими 5,129899 0,001104
поэтому 1,392229 0,000300
commons 0,986764 0,000212
српскохрватски 1,416327 0,000305
увеличения 3,183989 0,000685
web 1,279751 0,000275
некубковые 5,129899 0,006622
приз 2,134166 0,000459
учётную 0,986764 0,000212
bokmål 1,069456 0,000230
гру 5,129899 0,001104
некое 4,436752 0,000955
одними 4,031286 0,000867
самое 2,085376 0,000449
гонках 3,183989 0,002055
тесно 3,520461 0,000757
адольф 4,436752 0,000955
зависимости 1,911023 0,000411
чемпионка 1,911023 0,000822
таком 2,827314 0,000608
отдельно 3,050457 0,000656
свяжитесь 0,986764 0,000212
руке 3,520461 0,000757
последующими 5,129899 0,003311
используются 1,994404 0,000429
чемпионом 1,122566 0,000725
лига 0,402511 0,000087
расширение 2,490841 0,000536
simple 1,140915 0,000245
формата 3,050457 0,000656
истории 0,630089 0,000136
обладательницей 4,436752 0,000955
фонд 0,940244 0,000202
винтовку 5,129899 0,004415
приходится 2,296685 0,000494
союза 1,797694 0,001934
наиболее 1,466337 0,001262
рамках 1,518981 0,001961
которая 1,052361 0,000453
называют 2,185460 0,000470
историю 1,603538 0,000345
винтовка 5,129899 0,001104
история 0,555188 0,000597
раннее 3,743604 0,000805
винтовке 5,129899 0,001104
винтовки 4,436752 0,009546
евгений 1,258698 0,000271
регионального 3,743604 0,001611
российская 0,799165 0,000344
либо 1,140915 0,000982
чемпионами 1,664163 0,000358
хорватия 2,357310 0,000507
военных 3,050457 0,005250
название 1,178655 0,000761
более 0,853233 0,000367
поиск 0,735450 0,000158
чемпион 0,867219 0,000187
штрафов 4,436752 0,000955
viessmann 5,129899 0,001104
франк 3,520461 0,000757
oldid 0,986764 0,000212
первое 1,279751 0,000551
герцеговины 4,436752 0,000955
охотничьей 5,129899 0,001104
начался 2,421849 0,000521
местах 3,183989 0,001370
командную 3,743604 0,000805
герцеговина 2,732003 0,000588
трамплина 1,159607 0,000249
начинается 1,994404 0,000429
этого 0,881403 0,000948
признал 3,183989 0,000685
тила 5,129899 0,001104
мер 4,436752 0,000955
стреляют 5,129899 0,001104
авторства 0,986764 0,000212
принято 1,871802 0,000805
чемпионов 0,652562 0,000281
калибраторы 5,129899 0,001104
биатлониста 4,436752 0,000955
català 1,086847 0,000234
результатом 2,644992 0,000569
новые 0,747872 0,000161
чемпионатах 1,574551 0,001694
теннис 0,495170 0,000213
марафон 2,827314 0,000608
литва 2,644992 0,000569
побеждал 3,743604 0,000805
финский 1,633391 0,000351
сбоку 4,436752 0,000955
просмотры 0,986764 0,000212
абсолютной 3,520461 0,000757
فارسی 1,104547 0,000238
центральной 3,050457 0,000656
открытый 2,644992 0,002276
биатлонисты 2,296685 0,001976
должны 1,178655 0,000254
биатлонисту 4,436752 0,000955
викимедиа 0,986764 0,000212
дополнительных 2,564949 0,000552
биатлонную 4,436752 0,001909
политика 0,239550 0,000052
амели 5,129899 0,001104
харви 5,129899 0,001104
azərbaycanca 1,258698 0,000271
выдающихся 3,183989 0,000685
дополнительные 0,986764 0,000212
норвегии 1,728701 0,000744
победители 1,797694 0,000774
заглавная 0,986764 0,000212
стрельбище 5,129899 0,002207
землю 3,743604 0,000805
олимпийскими 2,490841 0,001072
сочи 0,853233 0,000184
возможен 3,743604 0,000805
by 0,971016 0,000209
регби 0,955511 0,000411
должна 1,238078 0,000533
пылева 5,129899 0,001104
русский 0,839439 0,000181
этап 1,392229 0,000300
cc 0,986764 0,000212
мячом 1,104547 0,000238
самозарядное 5,129899 0,001104
метров 1,762603 0,000758
вещатели 5,129899 0,001104
время 0,384967 0,000083
арктические 4,436752 0,001909
поведения 0,895792 0,000193
ресурсы 1,104547 0,000238
ачери 5,129899 0,001104
новым 1,664163 0,000358
ранее 1,104547 0,000238
арктических 5,129899 0,001104
ульрих 3,520461 0,000757
народов 3,743604 0,001611
de 1,871802 0,000403
неофициальный 4,031286 0,001735
неофициальные 3,183989 0,000685
восемь 2,038856 0,000439
викиданных 0,986764 0,000212
рус 1,368699 0,000589
проходили 2,085376 0,000897
нулевым 4,436752 0,000955
изменены 4,436752 0,000955
увидеть 3,520461 0,000757
северных 5,129899 0,001104
статусе 2,490841 0,000536
олимпийские 0,895792 0,002120
счету 2,357310 0,000507
хотя 1,546380 0,000665
олимпийским 1,492313 0,001605
олимпийский 0,853233 0,000918
читать 0,586604 0,000252
комплексные 4,031286 0,000867
игр 0,367725 0,000475
объективным 4,031286 0,000867
среза 5,129899 0,001104
рикошет 5,129899 0,001104
англ 1,159607 0,000748
командные 1,797694 0,000387
улучшением 5,129899 0,001104
датская 1,518981 0,000327
вильхельм 4,436752 0,000955
командный 1,994404 0,000429
волейбол 1,019025 0,000219
этапе 1,633391 0,000351
исполнилось 3,743604 0,001611
олимпийских 0,799165 0,002235
включается 4,031286 0,000867
этапа 1,664163 0,000358
поиску 0,971016 0,000209
странам 3,183989 0,000685
лишь 1,159607 0,000748
союзом 3,183989 0,000685
странах 1,574551 0,001694
мишеням 5,129899 0,002207
сочетает 4,031286 0,000867
используемым 4,436752 0,000955
спортсменка 2,085376 0,000449
крупное 3,338139 0,001436
рубежу 4,436752 0,000955
используемые 3,743604 0,000805
srpskohrvatski 1,416327 0,000305
уипм 5,129899 0,002207
командных 2,932674 0,000631
中文 1,035554 0,000223
организаторы 2,564949 0,000552
помимо 1,911023 0,001233
разделён 4,436752 0,000955
рубеже 3,743604 0,001611
учитывается 3,743604 0,000805
этапы 2,421849 0,001042
указанных 3,743604 0,000805
выше 1,664163 0,001074
курируемого 5,129899 0,001104
канадских 4,031286 0,000867
среди 0,597299 0,002956
bis 4,031286 0,000867
латвия 1,834062 0,000395
корректироваться 5,129899 0,001104
https 0,699082 0,000150
позже 1,518981 0,000980
результат 1,416327 0,000609
biathlon 4,436752 0,001909
tiếng 1,140915 0,000245
татарча 1,392229 0,000300
выстрелов 5,129899 0,001104
עברית 1,052361 0,000226
index 0,986764 0,000212
преследования 2,827314 0,003041
большой 1,069456 0,000230
эта 0,867219 0,000187
вынимает 5,129899 0,001104
гонкой 4,031286 0,007806
большое 1,951845 0,000420
должен 1,122566 0,000242
ix 2,564949 0,000552
ruhrgas 5,129899 0,001104
тасс 1,695912 0,000365
углублении 5,129899 0,001104
мушки 5,129899 0,001104
избранные 0,971016 0,000209
устанавливают 4,031286 0,000867
которой 1,238078 0,000266
мушка 5,129899 0,001104
лица 2,827314 0,001217
северной 2,185460 0,002821
котором 1,217876 0,000524
разновидности 3,050457 0,000656
начинают 3,338139 0,000718
участникам 2,827314 0,001217
критерием 3,743604 0,000805
редакции 1,951845 0,000420
крикет 1,762603 0,000379
сильного 3,183989 0,001370
world 1,416327 0,000609
прицел 5,129899 0,001104
массовым 4,031286 0,000867
клапаном 5,129899 0,001104
категориям 4,031286 0,000867
которого 1,345709 0,000579
это 0,277868 0,000299
мсб 5,129899 0,011037
эту 1,492313 0,000321
aragonés 1,762603 0,000379
триатлон 1,633391 0,000351
подкатывая 5,129899 0,001104
биатлонное 5,129899 0,001104
два 0,760451 0,000654
номеру 5,129899 0,001104
спортсменов 0,786093 0,000338
тяжёлая 1,633391 0,000351
биатлонной 4,031286 0,000867
этих 1,301257 0,000280
две 1,019025 0,001096
биатлонном 5,129899 0,001104
утверждение 3,050457 0,000656
или 0,576022 0,001611
финляндия 1,492313 0,000321
изменениями 3,338139 0,002155
қазақша 1,178655 0,000254
носила 3,743604 0,000805
габарит 5,129899 0,001104
радио 2,421849 0,000521
включить 3,183989 0,000685
минимум 2,239527 0,000482
белой 2,732003 0,000588
использования 0,393700 0,000085
новой 1,574551 0,000339
совместить 5,129899 0,001104
германия 1,140915 0,000245
много 1,603538 0,000345
скользящей 4,031286 0,000867
затем 1,301257 0,000560
домрачева 3,743604 0,000805
максимальная 3,183989 0,000685
мансийске 5,129899 0,001104
далин 5,129899 0,001104
флажки 4,031286 0,000867
солт 2,644992 0,000569
игры 0,376309 0,001133
экхофф 4,436752 0,000955
ошибке 0,955511 0,000206
австрийском 4,031286 0,002602
олимпийская 1,911023 0,001233
кратный 2,644992 0,000569
людмила 4,031286 0,000867
практически 1,664163 0,000716
события 0,663991 0,000143
карин 4,031286 0,000867
германии 1,323236 0,000569
поскольку 1,728701 0,000744
соревнования 0,663991 0,004714
deutsch 1,052361 0,000226
континентальном 3,338139 0,000718
марта 0,881403 0,000190
исключённые 1,762603 0,000379
инд 5,129899 0,001104
финском 4,031286 0,000867
on 2,239527 0,000482
лёгкая 1,238078 0,000266
напоминавшие 5,129899 0,002207
носящий 5,129899 0,001104
распространение 2,644992 0,001707
компании 1,301257 0,000280
включает 2,038856 0,002193
допустимый 4,436752 0,000955
чемпионатов 1,416327 0,000914
распространения 3,520461 0,000757
скиинг 1,762603 0,000379
соревнование 1,664163 0,001074
больших 3,183989 0,000685
ph 1,762603 0,000379
соревнований 0,881403 0,004551
результатов 1,951845 0,000420
соревновании 2,827314 0,000608
крупная 2,932674 0,000631
зимних 1,633391 0,005974
планёрный 1,762603 0,000379
тоже 1,911023 0,001233
лейк 2,357310 0,000507
палок 4,031286 0,000867
зимним 3,050457 0,000656
охота 4,031286 0,000867
зимний 2,296685 0,000988
усиливающие 5,129899 0,001104
страница 0,940244 0,000405
лицензии 0,986764 0,000212
странице 0,971016 0,000209
пятиборья 4,436752 0,006682
указанной 5,129899 0,001104
сбр 4,436752 0,001909
запись 0,955511 0,000206
компаниями 3,743604 0,000805
qr 0,986764 0,000212
пограничники 5,129899 0,001104
кладёт 5,129899 0,001104
страницу 0,971016 0,000209
санный 1,301257 0,000280
женский 1,441019 0,000930
юниорами 5,129899 0,001104
страницы 0,971016 0,000418
зимние 1,159607 0,004990
吴语 1,238078 0,000266
олимпийскую 2,185460 0,000470
фристайл 1,279751 0,000275
упоминалась 5,129899 0,001104
даты 2,644992 0,000569
женские 2,490841 0,001608
женщин 1,368699 0,005300
юниорского 4,031286 0,000867
россии 0,160085 0,000241
ru 0,285712 0,000061
действовать 0,955511 0,000206
результатам 1,911023 0,000822
преодолевать 4,031286 0,001735
петле 5,129899 0,001104
третий 1,416327 0,000305
женских 2,134166 0,000918
золотую 2,827314 0,000608
sa 0,986764 0,000212
мужчин 1,492313 0,003853
дата 0,881403 0,000379
nynorsk 1,546380 0,000333
sh 1,797694 0,000387
внешние 1,122566 0,000242
того 0,955511 0,001439
снега 3,520461 0,000757
существует 1,762603 0,000758
свою 1,217876 0,000786
показывает 3,520461 0,000757
español 1,019025 0,000219
спид 1,762603 0,000379
россия 0,699082 0,000150
лыжную 4,031286 0,000867
существенно 2,932674 0,000631
мастеров 2,564949 0,002207
bosanski 1,345709 0,000290
свои 1,238078 0,000533
января 0,825834 0,000178
персональные 0,971016 0,000209
настольный 1,238078 0,000266
курирует 5,129899 0,001104
международными 3,183989 0,001370
третьем 1,951845 0,000420
палки 4,436752 0,003818
медведцева 5,129899 0,001104
большая 1,069456 0,000920
четвёртом 3,338139 0,000718
иными 4,436752 0,000955
началось 2,490841 0,000536
прицела 5,129899 0,002207
популярность 2,239527 0,000964
мемориал 3,183989 0,000685
представительным 5,129899 0,002207
зеро 5,129899 0,004415
лыжное 1,279751 0,000275
ход 2,732003 0,000588
norsk 1,052361 0,000453
надувные 5,129899 0,001104
представительных 5,129899 0,001104
праздник 3,338139 0,001436
достигшие 4,031286 0,000867
зачёта 3,520461 0,000757
крючка 5,129899 0,001104
штрафной 2,644992 0,001138
сей 3,050457 0,000656
зачёте 2,644992 0,002845
для 0,146292 0,000283
бриан 4,436752 0,000955
флаг 1,279751 0,000275
прародителем 4,436752 0,001909
бумажным 5,129899 0,001104
соревновались 2,827314 0,001217
национальная 1,574551 0,000678
polski 1,035554 0,000223
биатлонистов 3,338139 0,012209
метрам 5,129899 0,001104
биатлонисток 4,436752 0,000955
livvinkarjala 3,050457 0,000656
наибольшего 4,031286 0,000867
дни 2,490841 0,000536
рейтинг 0,565551 0,000365
orf 5,129899 0,001104
возрастов 5,129899 0,001104
org 0,986764 0,000212
зимней 2,239527 0,000482
прицелу 5,129899 0,001104
стреляет 4,436752 0,000955
некоммерческие 4,031286 0,000867
кратная 3,520461 0,001515
промахи 5,129899 0,001104
популярности 2,357310 0,000507
традиционно 2,296685 0,000494
женском 2,038856 0,000439
патрона 4,436752 0,000955
тему 1,664163 0,000358
соревнованиями 2,357310 0,000507
биатлонных 4,436752 0,017182
показательные 1,466337 0,000315
кружком 5,129899 0,001104
приложениями 4,031286 0,000867
швед 2,932674 0,001262
промаха 4,436752 0,000955
српски 1,035554 0,000223
дней 1,416327 0,001219
polsat 5,129899 0,001104
биатлонные 3,743604 0,018525
распространены 3,338139 0,000718
биатлонный 5,129899 0,001104
биатлонным 5,129899 0,002207
сих 2,421849 0,000521
участников 1,159607 0,001247
белым 3,338139 0,000718
двоеборье 1,217876 0,000262
наблюдается 5,129899 0,001104
ведётся 2,827314 0,003650
ски 1,069456 0,000230
кружка 3,520461 0,001515
пацифистскими 5,129899 0,001104
заряжаемых 5,129899 0,001104
входящий 4,436752 0,000955
континентальных 3,338139 0,001436
включаются 4,436752 0,000955
лыжные 1,140915 0,001227
которые 0,760451 0,000982
который 0,799165 0,000516
конькобежный 1,238078 0,000266
класса 2,357310 0,000507
кратной 4,436752 0,001909
которым 1,518981 0,000980
победителями 2,357310 0,001014
например 1,603538 0,002415
классе 2,932674 0,000631
проведены 2,357310 0,000507
лыжных 3,520461 0,002272
правил 1,323236 0,000285
которых 1,052361 0,000679
türkçe 1,052361 0,000226
возят 5,129899 0,001104
олимпийской 1,911023 0,000411
случае 1,441019 0,000620
звёзд 2,357310 0,000507
иного 4,031286 0,000867
палец 3,743604 0,000805
союз 1,762603 0,003034
америки 1,695912 0,003284
несколько 1,069456 0,000460
стран 1,546380 0,000998
стартов 3,050457 0,000656
начало 1,633391 0,000351
начали 1,546380 0,001663
начале 1,301257 0,000280
свежие 0,910391 0,000196
sveriges 5,129899 0,001104
начала 1,238078 0,000533
универсальная 2,085376 0,000449
анне 4,031286 0,000867
общественной 4,436752 0,000955
ветра 4,436752 0,001909
анна 1,797694 0,000387
использовать 1,603538 0,000345
эстафет 4,031286 0,000867
толчок 3,050457 0,000656
неё 1,797694 0,000387
кружок 3,338139 0,002155
количество 1,217876 0,000262
бейсбол 1,466337 0,000631
международная 1,301257 0,001960
нем 2,085376 0,000449
некоммерческой 0,986764 0,000212
нет 0,825834 0,000355
формат 2,185460 0,000470
годы 1,258698 0,001354
мужчины 1,019025 0,000877
количестве 2,827314 0,000608
анн 4,031286 0,000867
диоптрического 5,129899 0,001104
году 0,630089 0,002440
eurosport 3,338139 0,000718
этапах 2,827314 0,002433
статистика 0,652562 0,000140
виклунд 5,129899 0,001104
палальда 5,129899 0,001104
года 0,239550 0,002216
интересы 3,520461 0,000757
монгол 1,518981 0,000327
сюжет 3,520461 0,000757
маунтинбайк 5,129899 0,001104
эстафеты 2,932674 0,001262
тириль 4,436752 0,000955
эстафете 2,421849 0,004689
эстафета 2,564949 0,004967
курировали 5,129899 0,001104
биатло 4,436752 0,000955
кыргызча 2,085376 0,000449
challenge 4,031286 0,000867
основными 2,644992 0,000569
сёрфинг 1,762603 0,000379
источник 0,853233 0,000734
