формула 1,728701 0,003102
хамзатом 5,129899 0,003068
день 0,760451 0,000455
пакьяо 4,031286 0,002411
пимблетт 5,129899 0,003068
стал 0,586604 0,001053
абсурдной 5,129899 0,003068
заявил 1,441019 0,003447
вокруг 2,296685 0,002747
ситуации 1,994404 0,002386
согласие 2,564949 0,006136
центр 0,881403 0,001581
частью 1,728701 0,001034
мало 2,732003 0,001634
проиграть 3,183989 0,007617
пол 2,357310 0,002820
грэпплинг 4,031286 0,004822
ногу 3,520461 0,002106
фёдором 4,436752 0,005307
возможном 3,183989 0,003809
реклама 0,735450 0,001759
фото 0,799165 0,000478
лет 0,475938 0,000285
чемпионская 2,490841 0,002979
вероятность 3,743604 0,004478
сейчас 1,104547 0,000661
роузи 4,031286 0,007233
главные 1,086847 0,001300
назван 3,050457 0,001824
назвал 1,323236 0,002374
поп 1,911023 0,001143
суперзвезды 4,031286 0,002411
конфиденциальности 0,317714 0,000190
боксировать 4,436752 0,002654
вхл 1,664163 0,000995
продолжает 2,421849 0,001448
билли 2,296685 0,001374
шаг 2,732003 0,001634
теперь 0,971016 0,002904
проблему 2,732003 0,001634
выиграю 5,129899 0,009204
при 0,367725 0,000440
ромеро 4,436752 0,005307
проблемы 1,871802 0,001119
догонялок 5,129899 0,003068
веса 2,932674 0,007016
zuffa 4,031286 0,002411
про 1,301257 0,000778
весе 3,050457 0,005473
джонни 4,031286 0,002411
ринг 3,520461 0,002106
мутная 5,129899 0,003068
лечится 5,129899 0,003068
rds 1,911023 0,001143
италия 0,867219 0,000519
футзал 2,085376 0,001247
рехабе 5,129899 0,003068
джефф 3,050457 0,001824
isu 1,603538 0,000959
нурмагомедова 5,129899 0,003068
украине 2,490841 0,001490
снова 1,574551 0,004709
россиянин 2,185460 0,001307
режет 5,129899 0,003068
кремля 2,490841 0,001490
чимаев 2,357310 0,005639
украины 1,797694 0,002150
промоушене 5,129899 0,003068
неактивный 5,129899 0,003068
однако 1,069456 0,000640
биволом 4,031286 0,004822
олимпизм 1,466337 0,000877
спорта 0,342407 0,000410
следующем 1,951845 0,001167
силягиным 5,129899 0,003068
могут 0,760451 0,000455
махачева 4,031286 0,012055
база 1,871802 0,001119
получил 1,002764 0,000600
гонка 1,871802 0,002239
усмана 5,129899 0,003068
выступил 2,490841 0,001490
один 0,711058 0,000425
себе 1,546380 0,002775
женой 4,436752 0,002654
пятки 4,436752 0,002654
представляем 4,436752 0,005307
причёску 5,129899 0,003068
рекомендательные 1,762603 0,001054
содружества 1,518981 0,000908
чм 1,492313 0,002678
мотогонки 2,564949 0,001534
гонки 1,002764 0,000600
провёл 2,134166 0,001276
knuckle 4,031286 0,004822
live 1,518981 0,000908
россиянка 2,421849 0,002897
забрал 3,520461 0,002106
наций 1,797694 0,001075
ислама 4,031286 0,009644
церкви 3,743604 0,002239
арсенал 1,466337 0,000877
говорим 5,129899 0,003068
спортивном 2,038856 0,001219
спортивной 1,416327 0,000847
примут 2,564949 0,003068
шона 3,520461 0,006317
уйти 2,827314 0,006764
киберспорт 1,762603 0,001054
артур 1,664163 0,001991
вальтер 3,743604 0,002239
самбо 1,994404 0,007157
смитом 5,129899 0,003068
остаётся 1,994404 0,001193
brave 2,564949 0,007670
сборные 0,839439 0,000502
официально 1,159607 0,002774
нравится 3,050457 0,001824
бивола 5,129899 0,006136
конференций 1,728701 0,001034
лучшие 1,019025 0,000609
ranynuevrg 2,564949 0,001534
будут 1,392229 0,000833
сигнал 4,031286 0,002411
чувствует 3,743604 0,002239
pfl 2,421849 0,010139
раскритиковал 3,520461 0,002106
шавката 5,129899 0,006136
чемпиона 1,466337 0,000877
систему 2,732003 0,001634
боям 3,743604 0,002239
жизни 1,122566 0,001343
показал 2,085376 0,001247
побьёт 5,129899 0,009204
скелетон 1,258698 0,000753
райана 4,436752 0,002654
тома 4,031286 0,002411
размазал 4,031286 0,002411
пранкерами 4,031286 0,002411
слово 2,239527 0,001339
поясами 4,436752 0,002654
джейк 4,436752 0,002654
непобеждённый 4,031286 0,007233
грёбаный 5,129899 0,003068
непобеждённым 4,031286 0,002411
его 0,447767 0,002142
бокса 2,827314 0,001691
трудного 5,129899 0,003068
шорт 1,086847 0,000650
вартан 4,031286 0,002411
com 0,925206 0,000553
нхл 0,925206 0,000553
турнир 0,699082 0,000836
пояса 2,827314 0,001691
мире 1,198073 0,000717
горнолыжный 1,301257 0,001557
аравия 1,951845 0,001167
мира 0,367725 0,001759
табло 2,357310 0,001410
выходцев 4,436752 0,002654
дрифт 2,421849 0,001448
канал 2,038856 0,001219
почему 1,122566 0,002686
тренировки 1,546380 0,000925
невероятно 3,743604 0,002239
бразилец 2,932674 0,001754
гарри 3,050457 0,005473
когда 0,652562 0,001951
карьера 2,038856 0,001219
поясе 4,436752 0,002654
заявлением 4,031286 0,002411
паралимпиада 2,490841 0,001490
гандбол 1,178655 0,000705
шахматы 1,871802 0,001119
футболу 1,492313 0,000893
паралимпиаде 2,490841 0,001490
карьеру 1,518981 0,000908
пошёл 3,743604 0,002239
полная 1,834062 0,002194
звёздным 5,129899 0,006136
святого 5,129899 0,003068
уроком 5,129899 0,003068
против 0,747872 0,002236
другие 0,384967 0,000460
профессиональный 1,834062 0,012066
так 0,597299 0,000357
там 1,603538 0,002877
фифа 1,728701 0,001034
любительский 2,085376 0,001247
интервью 0,971016 0,000581
активный 2,490841 0,001490
собирается 3,050457 0,001824
раскрыть 2,564949 0,001534
опале 5,129899 0,003068
англия 1,574551 0,000942
применяются 1,466337 0,000877
масвидаль 5,129899 0,003068
трансферы 1,664163 0,000995
championat 1,834062 0,001097
быть 0,773190 0,000462
беседа 5,129899 0,003068
окко 2,490841 0,001490
него 1,368699 0,005730
сериалы 2,421849 0,001448
нигерийский 4,436752 0,002654
создают 3,743604 0,002239
жёстким 4,436752 0,002654
есть 0,812411 0,000486
ледовые 2,564949 0,001534
спорт 0,224624 0,000672
емельяненко 2,421849 0,002897
мобильная 0,608110 0,000364
франция 1,122566 0,000671
этот 0,825834 0,001482
шоу 1,441019 0,000862
информационном 2,239527 0,001339
легенды 1,994404 0,001193
знаете 2,185460 0,002614
высказался 1,797694 0,004301
стала 0,881403 0,000527
можно 1,002764 0,000600
карда 5,129899 0,003068
британца 3,743604 0,002239
зачёт 1,951845 0,002335
йоэль 5,129899 0,006136
легенда 2,134166 0,001276
первая 0,867219 0,000519
цели 2,296685 0,001374
российские 1,301257 0,000778
чимаева 3,520461 0,010528
rss 2,085376 0,002494
женщины 0,881403 0,000527
раз 0,504926 0,000302
чемпионат 0,277868 0,001828
насыщенная 5,129899 0,003068
российским 1,994404 0,001193
киберклубы 2,564949 0,001534
дюбуа 3,183989 0,001904
испания 1,466337 0,000877
исход 2,644992 0,001582
тех 1,217876 0,000728
версия 0,485508 0,000871
джошуа 2,357310 0,002820
нашёл 3,338139 0,001996
диаз 5,129899 0,003068
последниевсе 2,564949 0,001534
европы 0,524729 0,000628
полу 3,050457 0,001824
доме 2,827314 0,006764
бетербиевым 5,129899 0,003068
алмейды 5,129899 0,003068
без 0,466460 0,000558
между 0,955511 0,002857
бен 2,932674 0,001754
трансляции 1,441019 0,000862
соответствии 1,086847 0,000650
отношению 3,050457 0,001824
atp 1,994404 0,003578
завтра 1,951845 0,001167
евро 1,466337 0,000877
виды 0,773190 0,001387
erid 2,239527 0,004018
пока 1,159607 0,000694
ислам 2,085376 0,011225
разбираемся 4,031286 0,002411
беременности 5,129899 0,003068
сульянова 4,436752 0,002654
mdvh 2,564949 0,001534
пожалел 4,436752 0,002654
фортуна 2,490841 0,001490
брата 3,338139 0,003993
образа 3,743604 0,002239
евролига 1,664163 0,000995
аскрен 5,129899 0,003068
затащили 5,129899 0,003068
android 2,185460 0,001307
чемпионата 0,735450 0,000880
поражение 1,546380 0,000925
объяснил 1,797694 0,001075
пэдди 4,436752 0,002654
блогер 5,129899 0,003068
южная 1,797694 0,001075
букмекеров 1,198073 0,002150
вышел 1,574551 0,000942
статьи 0,524729 0,000314
жёстко 4,031286 0,002411
бобслей 1,238078 0,000740
вернётся 3,520461 0,002106
потенциальном 5,129899 0,012272
контакты 1,258698 0,000753
bkfc 5,129899 0,003068
промоутеры 4,436752 0,002654
lifestyle 2,490841 0,001490
ничейный 4,031286 0,002411
wba 4,031286 0,002411
правовая 2,296685 0,001374
стрикленда 4,436752 0,007961
лыжах 1,178655 0,000705
пропасти 4,436752 0,002654
странный 4,436752 0,002654
рахмонова 5,129899 0,003068
play 1,441019 0,000862
может 0,630089 0,000377
больше 0,812411 0,000486
орловский 5,129899 0,003068
искусственно 4,031286 0,002411
ови 2,490841 0,001490
прочие 1,345709 0,009658
заложником 5,129899 0,003068
умаре 5,129899 0,003068
хабибом 4,031286 0,004822
исламом 5,129899 0,009204
дерётся 4,436752 0,002654
ронды 5,129899 0,003068
сосулиным 5,129899 0,003068
год 0,687247 0,001233
имавова 5,129899 0,009204
образе 2,421849 0,001448
матч 0,411400 0,000738
подраться 4,436752 0,002654
боссов 5,129899 0,003068
перспективы 3,743604 0,002239
резкие 4,031286 0,007233
прочее 1,834062 0,001097
сербии 3,338139 0,001996
жаилтона 4,436752 0,002654
прогнозы 2,085376 0,001247
самой 1,574551 0,000942
валентина 3,338139 0,001996
неожиданные 3,743604 0,002239
президентом 1,834062 0,002194
сегодня 0,881403 0,000527
хорошо 1,951845 0,001167
молодёжные 2,490841 0,001490
кошмар 3,050457 0,001824
джейком 5,129899 0,003068
монсон 3,743604 0,002239
дагестанский 5,129899 0,003068
лиге 1,368699 0,000819
решение 1,238078 0,000740
лига 0,402511 0,002407
рассказал 1,238078 0,001481
арутюнян 3,743604 0,002239
спортсменам 1,871802 0,001119
бойцов 3,050457 0,001824
топ 1,238078 0,003702
покорять 4,031286 0,002411
олимпиада 1,104547 0,001982
джонс 2,134166 0,002553
логики 5,129899 0,003068
тренера 1,546380 0,001850
календарь 0,735450 0,000440
делла 5,129899 0,006136
макгрегор 2,421849 0,005794
волкановски 4,436752 0,005307
главная 1,323236 0,000791
история 0,555188 0,000332
ианом 5,129899 0,009204
три 0,786093 0,000470
вскоре 2,239527 0,005358
клубный 1,871802 0,001119
бое 4,436752 0,013268
бои 1,633391 0,007815
бой 2,134166 0,026805
чемпион 0,867219 0,004149
допустил 2,932674 0,001754
предстоящем 3,338139 0,001996
недолюбливают 5,129899 0,003068
железо 2,564949 0,001534
лыжи 1,019025 0,000609
катание 0,534779 0,000640
мейвезер 4,031286 0,002411
бою 2,827314 0,001691
боя 2,296685 0,002747
как 0,232059 0,000555
саудовская 1,951845 0,001167
титулом 4,031286 0,002411
топурией 5,129899 0,009204
трамплина 1,159607 0,001387
принять 2,134166 0,003829
париже 1,664163 0,000995
этого 0,881403 0,000527
заявила 2,732003 0,001634
проводит 2,038856 0,001219
ufc 1,441019 0,029303
идёт 2,296685 0,001374
хамзат 2,357310 0,008459
чемпионов 0,652562 0,001171
семье 3,520461 0,002106
условия 0,411400 0,000246
болельщикам 2,296685 0,001374
готов 2,038856 0,001219
чимаевым 5,129899 0,006136
новый 0,940244 0,000562
титульником 5,129899 0,003068
единая 1,728701 0,001034
рпл 1,140915 0,001365
ещё 0,420369 0,000503
ожидает 4,436752 0,002654
пояс 3,183989 0,003809
медальный 1,911023 0,002286
вызов 3,050457 0,001824
юновидову 5,129899 0,003068
оценил 2,185460 0,005228
теннис 0,495170 0,000592
dota 2,490841 0,001490
ганом 4,436752 0,002654
фигурное 0,534779 0,000640
пришлось 2,296685 0,001374
ставки 1,603538 0,000959
проведёт 3,338139 0,001996
уокер 5,129899 0,006136
полный 2,134166 0,001276
александр 0,925206 0,002213
а 0,209918 0,000377
в 0,017911 0,000471
е 0,867219 0,000519
гайды 2,564949 0,001534
и 0,023953 0,000501
джон 1,728701 0,002068
политика 0,239550 0,000143
к 0,132686 0,000079
велоспорт 1,178655 0,000705
альпинизм 1,323236 0,001583
о 0,042302 0,000228
санкт 1,279751 0,001531
с 0,036149 0,000713
ветеранам 4,031286 0,002411
перфлюенс 2,564949 0,001534
у 0,342407 0,000819
х 0,986764 0,001180
договориться 3,743604 0,002239
любви 3,743604 0,002239
авто 0,925206 0,000553
танком 5,129899 0,003068
я 0,853233 0,002041
каким 2,490841 0,002979
вариант 1,994404 0,001193
футбол 0,285712 0,000513
атлетика 1,052361 0,001259
забудут 5,129899 0,003068
бросил 4,031286 0,002411
регби 0,955511 0,000571
большую 2,239527 0,001339
дэвиса 1,633391 0,000977
русский 0,839439 0,000502
ресурсе 2,296685 0,001374
мартовском 4,436752 0,005307
живому 5,129899 0,003068
мячом 1,104547 0,000661
боец 2,827314 0,010146
время 0,384967 0,000230
поединке 2,827314 0,005073
ставит 2,827314 0,001691
боем 3,338139 0,001996
ооо 1,871802 0,003358
okko 2,357310 0,001410
гаджеты 2,421849 0,001448
хотят 3,050457 0,001824
мощный 3,743604 0,002239
победитель 1,258698 0,000753
петербурге 2,296685 0,002747
аспиналл 5,129899 0,003068
призвал 2,732003 0,011438
хамзату 5,129899 0,012272
девятом 4,031286 0,002411
восемь 2,038856 0,001219
суперкары 2,564949 0,001534
мобильное 2,296685 0,001374
своего 1,368699 0,000819
карано 3,520461 0,004211
сноуборд 1,238078 0,001481
показать 0,825834 0,000988
пляжный 1,728701 0,002068
мма 1,069456 0,004477
нокаутёр 4,436752 0,002654
олимпийский 0,853233 0,000510
млс 2,296685 0,001374
непобеждённая 5,129899 0,006136
уайта 4,031286 0,002411
промоушен 5,129899 0,003068
гран 1,518981 0,001817
мне 1,871802 0,001119
волейбол 1,019025 0,001219
видео 0,699082 0,000836
проехался 4,436752 0,002654
биатлон 0,534779 0,000640
плавание 1,198073 0,000717
предложил 2,038856 0,001219
шлем 1,951845 0,001167
забита 5,129899 0,003068
эфир 2,085376 0,002494
волкова 5,129899 0,003068
мог 1,762603 0,001054
провал 2,932674 0,001754
решил 2,490841 0,001490
сюрреалистичным 5,129899 0,003068
counter 1,911023 0,001143
назначил 3,183989 0,001904
поступках 5,129899 0,003068
проводниковым 4,031286 0,002411
хоккею 1,603538 0,001918
удалил 4,436752 0,010614
любимых 5,129899 0,003068
джин 2,134166 0,001276
вторая 1,345709 0,000805
бадаева 4,436752 0,002654
ranym 2,564949 0,001534
среди 0,597299 0,000357
скидки 2,239527 0,001339
поживает 5,129899 0,003068
эксклюзив 2,357310 0,009869
мечты 3,050457 0,001824
сломать 4,436752 0,002654
меня 1,518981 0,000908
послом 3,520461 0,002106
wta 2,038856 0,003658
поединками 5,129899 0,003068
проанализировал 5,129899 0,009204
полом 4,031286 0,002411
большой 1,069456 0,000640
павел 1,871802 0,002239
царукян 5,129899 0,003068
дал 2,239527 0,005358
зато 3,183989 0,001904
должен 1,122566 0,001343
возвращение 1,762603 0,002108
матчи 0,773190 0,000925
пенсионер 5,129899 0,003068
стать 1,441019 0,001724
работать 2,296685 0,001374
потенциал 3,338139 0,001996
безногого 5,129899 0,003068
вчера 1,518981 0,000908
раскрыл 3,338139 0,007986
обозначил 4,031286 0,002411
бетербиев 2,421849 0,007242
устоявшуюся 5,129899 0,003068
жду 3,338139 0,007986
провести 1,951845 0,001167
релизы 2,357310 0,001410
это 0,277868 0,000166
француза 3,743604 0,002239
ждали 3,743604 0,002239
два 0,760451 0,000455
кинуть 5,129899 0,003068
разговоре 3,743604 0,002239
strike 2,564949 0,001534
русланом 4,031286 0,002411
сразиться 4,436752 0,002654
тренер 0,895792 0,002143
сумел 3,050457 0,001824
ломать 5,129899 0,003068
брат 3,183989 0,001904
новости 0,301585 0,002164
кремлёве 5,129899 0,003068
потому 2,085376 0,001247
недели 2,357310 0,001410
боксёром 3,743604 0,004478
критику 2,827314 0,003382
ответил 2,185460 0,003921
использования 0,393700 0,000235
тренды 2,239527 0,001339
вернулся 1,911023 0,001143
белом 3,183989 0,007617
германия 1,140915 0,000682
падел 2,296685 0,001374
стрикленд 4,031286 0,007233
рейды 2,564949 0,001534
bellator 2,490841 0,001490
программа 1,574551 0,000942
уверен 2,644992 0,001582
ван 2,296685 0,001374
игры 0,376309 0,000225
первый 0,687247 0,000411
пост 2,134166 0,005106
выбраться 4,436752 0,002654
февраля 0,232059 0,003331
мхл 1,603538 0,000959
маддалены 5,129899 0,006136
главного 1,728701 0,001034
минут 1,258698 0,000753
инн 2,490841 0,004469
евротур 2,357310 0,001410
зрители 2,932674 0,001754
зрелища 4,436752 0,002654
песня 3,338139 0,001996
возвращения 2,644992 0,001582
титул 1,603538 0,000959
лёгкая 1,238078 0,001481
усик 2,296685 0,006868
прыжки 1,019025 0,001219
кто 0,839439 0,001004
большие 2,644992 0,001582
поединок 2,564949 0,007670
боксёрской 4,031286 0,002411
встретился 2,827314 0,001691
технологии 1,574551 0,000942
самый 1,416327 0,000847
мотивация 2,490841 0,001490
увольнение 3,338139 0,001996
гарсии 3,743604 0,002239
временный 4,436752 0,005307
недель 2,085376 0,002494
обсуждаемые 2,490841 0,001490
камару 4,436752 0,002654
ниндзя 5,129899 0,003068
мчм 2,490841 0,001490
лебединая 4,436752 0,002654
отпраздновал 3,743604 0,002239
нейту 5,129899 0,003068
звёзды 3,183989 0,001904
борьба 1,002764 0,000600
приложение 1,994404 0,002386
сборная 0,711058 0,000851
санный 1,301257 0,000778
женский 1,441019 0,000862
паратриатлон 2,490841 0,001490
усманом 5,129899 0,006136
фристайл 1,279751 0,001531
состоится 2,827314 0,006764
гимнастика 1,238078 0,000740
бы 1,052361 0,001888
уефа 1,466337 0,001754
наши 1,323236 0,000791
гангстера 5,129899 0,003068
кхл 0,760451 0,000910
пресс 1,086847 0,000650
россии 0,160085 0,001149
нужен 2,827314 0,001691
возможный 4,031286 0,007233
зарабатывать 3,520461 0,002106
известны 2,932674 0,001754
кубок 0,524729 0,002824
третий 1,416327 0,000847
парень 4,031286 0,007233
драться 3,520461 0,006317
сайта 1,574551 0,000942
уже 0,687247 0,000411
дата 0,881403 0,000527
того 0,955511 0,000571
вы 0,325878 0,000390
ranymavgga 2,564949 0,001534
усика 4,436752 0,002654
турниры 0,895792 0,002143
просто 1,492313 0,000893
душить 5,129899 0,003068
iba 3,520461 0,004211
россия 0,699082 0,001254
кёрлинг 1,279751 0,000765
мохаммеда 5,129899 0,003068
ребёнка 4,031286 0,002411
чтобы 0,773190 0,001850
настольный 1,238078 0,000740
увести 5,129899 0,003068
непросто 3,520461 0,006317
шайбой 1,122566 0,000671
еврокубок 2,296685 0,001374
перед 0,839439 0,000502
полезные 2,296685 0,001374
до 0,239550 0,000143
турнире 1,198073 0,004299
перейру 5,129899 0,012272
трек 1,159607 0,000694
bare 4,031286 0,004822
тяжело 3,520461 0,002106
поводу 2,732003 0,001634
титульник 5,129899 0,006136
реслинг 2,564949 0,001534
кино 2,134166 0,001276
морреллем 5,129899 0,003068
лыжное 1,279751 0,000765
кинг 2,239527 0,001339
продался 5,129899 0,003068
проведения 1,258698 0,000753
питание 2,357310 0,001410
отреагировал 2,644992 0,004746
баскетбол 0,773190 0,000462
кубка 0,825834 0,000494
люблю 4,436752 0,005307
mls 2,421849 0,001448
для 0,146292 0,000525
её 1,104547 0,000661
mma 2,038856 0,002439
дебютирует 3,338139 0,003993
чемп 2,564949 0,001534
что 0,239550 0,002149
составляющей 3,743604 0,002239
мэнни 4,031286 0,002411
за 0,125952 0,000452
победил 1,279751 0,000765
среднем 2,239527 0,004018
соперника 1,279751 0,000765
рейтинг 0,565551 0,002706
бивол 2,421849 0,001448
было 0,438551 0,000262
энтони 2,038856 0,002439
сид 2,490841 0,001490
махачевым 4,436752 0,010614
перейра 2,490841 0,001490
позицию 2,827314 0,001691
дакар 2,490841 0,001490
из 0,106018 0,000507
дамм 5,129899 0,003068
наш 2,357310 0,001410
домом 4,031286 0,002411
любит 2,421849 0,001448
октагон 4,031286 0,002411
нба 1,546380 0,000925
комментарии 2,357310 0,004230
магомедшарипова 5,129899 0,003068
тайсон 2,421849 0,001448
удовольствием 2,932674 0,001754
хоккей 0,376309 0,000675
борз 5,129899 0,003068
нас 1,492313 0,000893
знания 2,357310 0,001410
двоеборье 1,217876 0,000728
уйдёт 5,129899 0,009204
здоровье 1,664163 0,000995
сидит 4,436752 0,002654
диазу 5,129899 0,003068
ски 1,069456 0,001279
ралли 2,357310 0,002820
тяжеловесов 5,129899 0,003068
верит 3,520461 0,002106
серии 1,159607 0,000694
бадаев 4,436752 0,002654
реальность 4,031286 0,002411
суперлига 1,574551 0,001883
лыжные 1,140915 0,000682
младший 2,932674 0,001754
младшие 2,564949 0,001534
конькобежный 1,238078 0,000740
неинтересен 4,436752 0,002654
спасут 5,129899 0,003068
следующий 1,574551 0,003767
правил 1,323236 0,000791
снукер 2,564949 0,001534
знаний 2,357310 0,001410
месяце 3,338139 0,001996
ли 1,198073 0,000717
закрыв 4,031286 0,002411
паратхэквондо 2,490841 0,001490
мешайте 5,129899 0,003068
ненависти 4,436752 0,002654
америка 1,797694 0,002150
америки 1,695912 0,001014
будет 0,825834 0,000988
место 0,597299 0,000357
апреле 2,239527 0,001339
евробаскет 2,490841 0,001490
кулачном 5,129899 0,003068
появилось 2,239527 0,001339
эрнандес 3,743604 0,002239
отдых 2,421849 0,001448
контракта 2,296685 0,005494
мы 0,925206 0,001107
участие 0,597299 0,000714
на 0,023953 0,000372
махачев 2,134166 0,021699
не 0,099461 0,001130
полутяжёлого 5,129899 0,012272
онлайн 0,773190 0,000462
али 2,827314 0,001691
но 0,402511 0,001685
пятнашек 5,129899 0,003068
водные 0,867219 0,000519
об 0,217244 0,000130
места 1,198073 0,000717
любители 1,797694 0,001075
boxing 3,338139 0,001996
ои 0,812411 0,000972
мужчины 1,019025 0,000609
он 0,534779 0,000960
даже 1,198073 0,002150
схватке 3,520461 0,002106
от 0,160085 0,000383
правилами 1,323236 0,000791
бокс 0,576022 0,005512
схватка 3,338139 0,001996
ufс 5,129899 0,003068
хочет 2,357310 0,002820
все 0,125952 0,000377
раздражаются 5,129899 0,003068
шикарно 3,743604 0,002239
года 0,239550 0,000573
по 0,073653 0,000352
прибил 5,129899 0,003068
правда 2,421849 0,001448
mvp 3,743604 0,002239
информация 1,035554 0,000619
отпуск 5,129899 0,003068
амбициозные 3,743604 0,002239
анонсирован 5,129899 0,003068
держат 4,031286 0,002411
ник 3,183989 0,001904
круглосуточный 2,564949 0,001534
всё 1,159607 0,003468
сорвался 4,031286 0,004822
соннен 4,436752 0,002654
титульное 4,031286 0,002411
