ямаль 2,421849 0,002449
терентьев 2,490841 0,002519
единая 1,728701 0,001748
рпл 1,140915 0,001154
прокаты 2,644992 0,002674
тур 1,546380 0,001564
еще 0,955511 0,002898
стал 0,586604 0,000593
теннис 0,495170 0,000501
кевин 2,085376 0,002109
гагарина 2,085376 0,002109
йоханнес 2,185460 0,004420
апл 1,871802 0,001893
фигурное 0,534779 0,000541
милане 2,038856 0,008246
выбежала 3,520461 0,003560
обошел 3,520461 0,003560
дончич 2,564949 0,002593
одну 1,762603 0,001782
ставки 1,603538 0,001621
должно 1,762603 0,001782
скиатлоне 4,031286 0,004076
нетс 2,564949 0,002593
биатлонисты 2,296685 0,002322
систематизации 2,564949 0,002593
александр 0,925206 0,006548
стефанос 2,564949 0,002593
а 0,209918 0,000637
в 0,017911 0,000380
реклама 0,735450 0,003718
е 0,867219 0,001754
джон 1,728701 0,001748
и 0,023953 0,000339
к 0,132686 0,000134
показывать 2,644992 0,002674
устюгов 2,490841 0,002519
баскетболисты 2,296685 0,002322
о 0,042302 0,000043
пеллегрино 4,031286 0,004076
с 0,036149 0,000037
ф 1,728701 0,001748
макс 2,185460 0,002210
видеоспортсе 4,436752 0,004486
управленческого 3,520461 0,003560
авто 0,925206 0,000935
металлург 1,994404 0,002017
серхио 2,296685 0,002322
норвегии 1,728701 0,006992
забег 3,183989 0,003219
относящихся 2,421849 0,002449
хэмилтон 2,490841 0,002519
я 0,853233 0,000863
поп 1,911023 0,001932
футбол 0,285712 0,000289
лейкерс 2,239527 0,002264
трибунепрожектор 2,644992 0,002674
вхл 1,664163 0,001683
регби 0,955511 0,000966
месси 2,239527 0,002264
бруклин 2,421849 0,002449
дэвиса 1,633391 0,001652
теперь 0,971016 0,001964
информационные 2,490841 0,002519
бакс 2,564949 0,002593
хабиб 2,421849 0,002449
латыпов 2,564949 0,002593
миннесота 2,421849 0,002449
классическим 3,338139 0,003375
при 0,367725 0,000372
про 1,301257 0,001316
письма 2,134166 0,002158
насредакцияконтакты 2,644992 0,002674
фе 2,644992 0,002674
винисиус 2,296685 0,002322
филадельфия 2,357310 0,002384
series 2,085376 0,002109
адетокумбо 2,564949 0,002593
шавкат 2,644992 0,002674
территории 1,633391 0,001652
роберт 2,185460 0,002210
новых 1,633391 0,001652
бабиков 2,644992 0,002674
сергей 1,392229 0,002815
бойцы 2,296685 0,002322
rds 1,911023 0,003865
голден 2,357310 0,002384
василевский 2,564949 0,002593
одной 1,238078 0,001252
нашли 1,994404 0,002017
псж 1,518981 0,001536
ига 2,644992 0,002674
коннор 2,357310 0,002384
дмитрий 1,345709 0,001361
льюиса 4,436752 0,004486
isu 1,603538 0,001621
шарапова 2,564949 0,002593
мобильное 2,296685 0,002322
тройке 3,338139 0,003375
эйнар 3,050457 0,003084
чимаев 2,357310 0,002384
часа 1,911023 0,001932
показать 0,825834 0,000835
мма 1,069456 0,001081
надо 2,038856 0,002062
васильев 2,932674 0,002965
вакансиирекламаподдержка 2,644992 0,002674
отсутствие 2,038856 0,002062
фрида 2,644992 0,002674
шумахер 3,520461 0,003560
олимпийским 1,492313 0,001509
алекс 2,239527 0,002264
спорта 0,342407 0,000346
олимпийский 0,853233 0,000863
игр 0,367725 0,000744
арина 2,357310 0,002384
италии 1,002764 0,002028
статусы 4,436752 0,004486
fc 2,085376 0,002109
дзюба 2,134166 0,002158
александер 2,357310 0,002384
макдэвид 2,421849 0,002449
гран 1,518981 0,001536
стилем 3,338139 0,003375
карри 2,421849 0,002449
командный 1,994404 0,002017
гонке 2,185460 0,002210
салах 2,564949 0,002593
японии 1,664163 0,001683
дюрэнт 2,564949 0,002593
гаррос 2,421849 0,002449
рекомендательные 1,762603 0,001782
содружества 1,518981 0,001536
олимпийских 0,799165 0,000808
биатлон 0,534779 0,000541
сундлинг 2,421849 0,004898
гонки 1,002764 0,002028
стэнли 2,185460 0,002210
уимблдон 2,421849 0,002449
локомотив 0,910391 0,000921
оскар 2,357310 0,002384
gp 2,490841 0,002519
wrc 2,564949 0,002593
булл 2,357310 0,002384
семененко 2,644992 0,002674
авангард 2,038856 0,002062
сахалинске 4,031286 0,004076
даллас 2,490841 0,002519
спринта 2,564949 0,002593
рейнджерс 2,038856 0,002062
дарья 2,085376 0,004217
арсенал 1,466337 0,001483
принципиальная 4,031286 0,004076
соглашениеполитика 2,644992 0,002674
сша 0,586604 0,001186
ферстаппен 2,490841 0,002519
основе 1,466337 0,001483
спринте 2,357310 0,009534
китайская 1,258698 0,001273
андреева 2,296685 0,002322
среди 0,597299 0,001812
лыжниц 4,031286 0,004076
киберспорт 1,762603 0,001782
артур 1,664163 0,001683
motogp 2,644992 0,002674
москва 0,760451 0,000769
карлссон 2,564949 0,002593
российской 1,178655 0,001192
куклина 2,644992 0,002674
остон 2,564949 0,002593
эмбиид 2,644992 0,002674
action 3,183989 0,003219
нормальная 5,129899 0,005187
индикар 2,564949 0,002593
моя 2,185460 0,004420
сборные 0,839439 0,002546
фьюри 2,357310 0,002384
юниоров 1,728701 0,001748
ливерпуль 1,994404 0,002017
джейсон 2,490841 0,002519
видеоспортс 2,644992 0,002674
екатерина 2,185460 0,002210
игроки 0,986764 0,000998
результаты 0,910391 0,001841
лос 1,518981 0,001536
офф 1,019025 0,001030
блогах 3,743604 0,007570
панарин 2,357310 0,002384
команды 0,555188 0,002245
виктория 2,185460 0,002210
выступят 2,732003 0,005525
зенит 0,895792 0,001812
фрэнсис 2,564949 0,002593
боттас 2,490841 0,002519
предоставления 2,490841 0,002519
касаткина 2,421849 0,002449
мадрид 1,834062 0,001854
dog 2,564949 0,002593
мартин 2,085376 0,002109
реал 1,492313 0,001509
сливко 2,564949 0,002593
чем 0,747872 0,000756
даниил 1,834062 0,003709
пройдут 2,644992 0,002674
вapp 2,644992 0,002674
олимпиад 2,564949 0,002593
золоту 3,183989 0,003219
повторил 2,490841 0,002519
побрякушки 4,436752 0,004486
южно 3,743604 0,003785
кросби 1,994404 0,002017
мерседес 2,490841 0,002519
бетербиев 2,421849 0,002449
леклер 2,490841 0,002519
эти 1,323236 0,001338
top 1,728701 0,001748
stream 5,129899 0,005187
ламин 2,490841 0,002519
это 0,277868 0,000562
сильнейших 2,239527 0,002264
помог 2,421849 0,002449
лука 1,198073 0,001211
спортсменов 0,786093 0,000795
шиффрин 2,932674 0,002965
вашингтон 2,296685 0,002322
биатлоне 2,932674 0,002965
бэй 2,490841 0,002519
загитова 2,357310 0,002384
лыжники 2,421849 0,007346
его 0,447767 0,000453
биатлона 3,050457 0,003084
михаил 1,392229 0,002815
надаль 2,564949 0,002593
хвича 2,490841 0,002519
только 0,447767 0,000453
морэнт 2,644992 0,002674
головин 2,085376 0,002109
новости 0,301585 0,001220
стефен 2,564949 0,002593
симен 2,644992 0,002674
нхл 0,925206 0,000935
анджелес 1,834062 0,001854
стэйт 2,421849 0,002449
ландо 2,564949 0,002593
приходили 3,520461 0,003560
питтсбург 2,421849 0,002449
мира 0,367725 0,002231
пользовательское 2,185460 0,002210
шварцман 2,644992 0,002674
нэтан 2,564949 0,002593
старте 1,994404 0,002017
медалей 1,238078 0,003756
анализа 2,421849 0,002449
карьера 2,038856 0,002062
фигуристы 2,490841 0,002519
артемий 2,421849 0,002449
миранчук 2,357310 0,002384
ошибку 1,834062 0,001854
трибуна 2,490841 0,017630
блоги 2,296685 0,002322
большунова 3,183989 0,003219
назад 1,140915 0,001154
самоделкина 2,564949 0,002593
игры 0,376309 0,000380
джоэл 2,644992 0,002674
соболенко 2,357310 0,002384
февраля 0,232059 0,002816
мхл 1,603538 0,001621
кратный 2,644992 0,002674
непряева 2,932674 0,005931
сообщите 2,644992 0,002674
кратным 3,338139 0,003375
германии 1,323236 0,005352
лаборатория 2,644992 0,002674
яннис 2,564949 0,002593
ян 2,038856 0,002062
уступает 3,338139 0,003375
деятельности 1,871802 0,001893
клэбо 2,644992 0,026744
соревнования 0,663991 0,000671
мбаппе 2,239527 0,002264
of 1,695912 0,001715
леброн 2,564949 0,002593
туктамышева 2,490841 0,002519
против 0,747872 0,000756
главное 1,574551 0,001592
хаас 2,564949 0,002593
усик 2,296685 0,002322
фернандо 2,239527 0,002264
sports 1,301257 0,011842
cross 4,436752 0,004486
бундеслига 2,134166 0,002158
технологии 1,574551 0,003184
валиева 2,239527 0,002264
самый 1,416327 0,001432
применяются 1,466337 0,001483
маверикс 2,564949 0,002593
быть 0,773190 0,000782
расселл 2,296685 0,002322
джа 2,644992 0,002674
федераций 2,134166 0,002158
тутберидзе 2,085376 0,002109
федерации 0,663991 0,000671
назовете 3,520461 0,003560
зимних 1,633391 0,003303
швеции 1,664163 0,003365
слаломе 2,644992 0,002674
тоже 1,911023 0,001932
гиммлер 4,436752 0,004486
кулачные 2,564949 0,002593
лента 1,633391 0,003303
ханна 2,564949 0,002593
прожектор 3,183989 0,003219
ак 1,695912 0,001715
уильямс 2,357310 0,002384
есть 0,812411 0,000821
емельяненко 2,421849 0,004898
коляда 2,644992 0,002674
мобильная 0,608110 0,001230
этом 0,565551 0,000572
фотофиниш 3,743604 0,003785
франция 1,122566 0,001135
шоу 1,441019 0,001457
приложение 1,994404 0,002017
сборная 0,711058 0,018693
главе 2,296685 0,002322
consciousness 5,129899 0,005187
циципас 2,134166 0,002158
джокович 2,421849 0,002449
бо 2,185460 0,002210
франции 1,035554 0,003141
вообще 1,911023 0,001932
йонна 2,421849 0,002449
записи 3,183989 0,006439
джордж 2,134166 0,002158
нурмагомедов 2,357310 0,002384
миронова 2,644992 0,002674
приложения 2,185460 0,004420
наши 1,323236 0,004014
аделия 1,911023 0,001932
квалификации 1,951845 0,001974
кхл 0,760451 0,000769
россии 0,160085 0,002104
алонсо 2,421849 0,002449
ru 0,285712 0,002600
кубок 0,524729 0,005306
первая 0,867219 0,000877
во 0,495170 0,000501
уорриорз 2,490841 0,002519
рублев 2,296685 0,002322
беллингем 2,644992 0,002674
женщины 0,881403 0,008021
раз 0,504926 0,000511
чемпионат 0,277868 0,001405
пиастри 2,564949 0,002593
вы 0,325878 0,000330
барселона 1,834062 0,001854
кирилл 1,797694 0,001818
тихонов 3,050457 0,003084
зарплаты 2,239527 0,002264
далквист 5,129899 0,005187
мэттьюс 2,644992 0,002674
турниры 0,895792 0,007246
денвер 2,421849 0,002449
ридзек 4,436752 0,004486
версия 0,485508 0,000982
карлос 2,185460 0,004420
россия 0,699082 0,000707
джошуа 2,357310 0,002384
интернет 1,695912 0,001715
store 2,490841 0,002519
макларен 2,490841 0,002519
тег 4,031286 0,008152
рекорд 1,198073 0,001211
виктор 1,574551 0,001592
серохвостов 2,644992 0,002674
карен 2,357310 0,002384
ледниковый 2,564949 0,002593
европы 0,524729 0,000531
болельщики 1,834062 0,001854
медиафутбол 2,564949 0,002593
софья 2,564949 0,002593
чтобы 0,773190 0,000782
ibu 2,239527 0,002264
плей 1,002764 0,001014
open 1,871802 0,005678
де 0,955511 0,000966
country 4,031286 0,004076
без 0,466460 0,000472
харден 2,644992 0,002674
коростелев 3,183989 0,003219
бесплатное 4,436752 0,004486
ледеки 4,436752 0,004486
трансляции 1,441019 0,001457
трусова 2,644992 0,002674
кристина 2,421849 0,002449
утра 3,050457 0,003084
другое 1,834062 0,001854
мирра 2,357310 0,002384
выступать 1,633391 0,001652
медалях 3,743604 0,003785
прямую 3,743604 0,003785
рекордсменов 4,031286 0,004076
перес 2,357310 0,002384
спринт 2,296685 0,002322
загрузите 2,185460 0,008839
us 2,038856 0,002062
российских 1,323236 0,001338
правообладателей 2,644992 0,002674
виды 0,773190 0,000782
пьер 2,134166 0,002158
блог 2,357310 0,021452
ислам 2,085376 0,002109
манчестер 2,134166 0,002158
выдворили 4,436752 0,004486
баскетбол 0,773190 0,000782
альпин 2,490841 0,002519
период 1,159607 0,001173
становятся 2,827314 0,002859
бижутерией 4,436752 0,004486
тейтум 2,564949 0,002593
сидни 2,296685 0,002322
сети 1,951845 0,001974
для 0,146292 0,000148
support 2,490841 0,002519
кондратюк 2,644992 0,002674
мария 1,834062 0,001854
mma 2,038856 0,002062
комплектов 2,644992 0,002674
бавария 2,038856 0,002062
гасли 2,490841 0,002519
евролига 1,664163 0,001683
фелпсу 4,031286 0,004076
сайнс 2,564949 0,002593
android 2,185460 0,002210
тесты 1,871802 0,001893
материалы 1,762603 0,003564
комментариев 3,338139 0,010126
чемпионате 1,178655 0,001192
ред 1,603538 0,001621
астон 2,185460 0,002210
медали 0,971016 0,001964
краснодар 0,925206 0,000935
малкин 2,564949 0,002593
щербакова 2,644992 0,002674
рейтинг 0,565551 0,002859
бивол 2,421849 0,002449
энтони 2,038856 0,002062
подробнее 0,723179 0,000731
милуоки 2,490841 0,002519
пользователей 2,038856 0,002062
келин 4,031286 0,004076
хоккеисты 2,134166 0,002158
никита 1,603538 0,001621
плющенко 2,239527 0,002264
теннисисты 2,421849 0,002449
процедура 3,520461 0,003560
монетизация 2,644992 0,002674
федор 2,357310 0,002384
если 0,675551 0,000683
дня 1,104547 0,002234
перейра 2,490841 0,002519
позиция 2,421849 0,002449
логинов 2,644992 0,002674
лыжах 1,178655 0,001192
канады 1,217876 0,001231
йокич 2,644992 0,002674
медведев 1,834062 0,001854
женской 2,134166 0,002158
петросян 1,441019 0,001457
из 0,106018 0,000107
play 1,441019 0,001457
казахстанская 2,644992 0,002674
роналду 1,911023 0,001932
тестировали 5,129899 0,005187
гонщики 2,564949 0,002593
эдуард 2,134166 0,002158
ит 2,564949 0,002593
нба 1,546380 0,004691
комментария 4,436752 0,004486
компаниипромокоды 2,644992 0,002674
крюгер 2,644992 0,002674
финишную 3,520461 0,003560
тайсон 2,421849 0,002449
комментарий 3,050457 0,003084
наггетс 2,490841 0,002519
спартак 0,786093 0,001590
хоккей 0,376309 0,000380
хачанов 2,296685 0,002322
нам 1,797694 0,001818
вgoogle 2,644992 0,002674
бобровский 2,644992 0,002674
фендрих 4,031286 0,004076
нас 1,492313 0,001509
алина 2,296685 0,002322
разделка 4,436752 0,004486
прочие 1,345709 0,001361
ска 1,279751 0,001294
разборки 5,129899 0,005187
здоровье 1,664163 0,001683
ролан 2,239527 0,002264
iphone 4,031286 0,004076
подписаться 2,932674 0,017792
серия 1,052361 0,001064
ски 1,069456 0,001081
цска 0,711058 0,001438
овечкин 1,762603 0,001782
вембаньяма 2,644992 0,002674
год 0,687247 0,000695
подписан 2,732003 0,002762
собака 3,050457 0,006169
лыжным 3,520461 0,003560
км 2,038856 0,002062
андрей 1,323236 0,004014
разыграют 3,050457 0,003084
гонок 2,732003 0,002762
суперлига 1,574551 0,001592
лыжные 1,140915 0,002307
australian 2,185460 0,002210
ступак 2,644992 0,002674
выиграли 1,518981 0,001536
большунов 2,357310 0,002384
антон 1,728701 0,001748
ла 1,762603 0,001782
динамо 0,663991 0,000671
командном 2,296685 0,006967
лыжных 3,520461 0,003560
ле 2,038856 0,002062
рахмонов 2,564949 0,002593
камила 2,357310 0,002384
никола 2,085376 0,002109
допинг 2,185460 0,002210
уведомлений 2,564949 0,002593
олимпийском 2,490841 0,002519
командного 3,183989 0,003219
skiing 3,743604 0,003785
находящихся 2,185460 0,002210
льюис 2,296685 0,002322
масс 2,827314 0,002859
предпочтениям 2,564949 0,002593
петр 2,239527 0,002264
норрис 2,421849 0,002449
вrustore 2,644992 0,002674
резцова 2,421849 0,002449
сити 1,546380 0,001564
сбора 2,296685 0,002322
конор 2,421849 0,002449
мг 2,296685 0,002322
гилджес 2,644992 0,002674
рафаэль 2,357310 0,002384
спортсе 2,644992 0,002674
гонкам 3,520461 0,003560
кайри 2,490841 0,002519
несколько 1,069456 0,001081
распаковка 5,129899 0,005187
спортса 2,644992 0,005349
неожиданный 4,031286 0,004076
зимников 5,129899 0,005187
юлия 2,085376 0,002109
побед 1,301257 0,001316
чемпионом 1,122566 0,001135
шарль 2,421849 0,002449
лига 0,402511 0,002849
александра 1,633391 0,001652
ultras 3,338139 0,003375
бостон 2,357310 0,002384
догнать 3,050457 0,003084
количеству 1,574551 0,004776
истории 0,630089 0,000637
олимпиаде 0,895792 0,005435
мю 2,296685 0,002322
на 0,023953 0,000557
марк 2,085376 0,002109
победила 1,762603 0,001782
олимпиада 1,104547 0,004467
махачев 2,134166 0,002158
джонс 2,134166 0,002158
анна 1,797694 0,001818
нганну 2,644992 0,002674
барс 1,695912 0,001715
капризов 2,564949 0,002593
не 0,099461 0,000402
тренера 1,546380 0,001564
календарь 0,735450 0,001487
левандовски 2,644992 0,002674
рамках 1,518981 0,001536
макгрегор 2,421849 0,002449
феррари 2,490841 0,002519
опыта 2,827314 0,002859
тихонова 3,050457 0,003084
но 0,402511 0,000407
этери 2,564949 0,002593
олимпиаду 1,664163 0,001683
главная 1,323236 0,001338
носкова 2,644992 0,002674
барп 4,436752 0,004486
уведомления 2,564949 0,002593
дегтярев 2,564949 0,002593
ирвинг 2,490841 0,002519
олимпиады 0,925206 0,001871
победили 1,951845 0,001974
евгений 1,258698 0,003818
контрольные 2,644992 0,002674
светлана 2,038856 0,002062
спартакиада 3,050457 0,003084
кучеров 2,357310 0,002384
об 0,217244 0,000439
доротея 2,490841 0,002519
нет 0,825834 0,000835
бои 1,633391 0,001652
швентек 2,644992 0,002674
мужчины 1,019025 0,009273
фэнтези 2,644992 0,002674
он 0,534779 0,001081
даже 1,198073 0,001211
чемпион 0,867219 0,000877
джеймс 1,994404 0,004033
от 0,160085 0,000162
валттери 2,490841 0,002519
огден 4,031286 0,004076
вappgallery 2,644992 0,002674
новак 2,564949 0,002593
бокс 0,576022 0,000582
лариса 2,490841 0,002519
лыжи 1,019025 0,004121
катание 0,534779 0,000541
сведений 2,239527 0,002264
все 0,125952 0,000509
алексей 1,238078 0,001252
алькарас 2,134166 0,002158
конфиденциальностиинформация 2,644992 0,002674
challenger 2,490841 0,002519
лыжников 3,338139 0,010126
елизавета 2,185460 0,002210
по 0,073653 0,000521
информации 1,518981 0,001536
расписание 1,695912 0,001715
сведения 0,812411 0,000821
тампа 2,490841 0,002519
оберг 2,644992 0,002674
хедегарт 3,050457 0,009253
заубер 2,644992 0,002674
латынину 3,743604 0,003785
свечников 2,644992 0,002674
втб 1,834062 0,001854
рб 2,357310 0,002384
хегстад 2,644992 0,002674
ufc 1,441019 0,004371
эстафете 2,421849 0,004898
nascar 2,644992 0,002674
селтикс 2,421849 0,002449
маккиннон 2,239527 0,002264
хамзат 2,357310 0,002384
чемпионов 0,652562 0,000660
мана 2,490841 0,002519
второй 0,786093 0,000795
вирер 2,564949 0,002593
