англии 2,038856 0,001180
день 0,760451 0,000880
ассирии 5,129899 0,001485
экспорт 0,986764 0,000286
искусственными 5,129899 0,001485
равными 4,031286 0,001167
мировыми 4,436752 0,001284
стал 0,586604 0,000170
водно 1,762603 0,000510
играх 0,699082 0,001214
ไทย 1,238078 0,000358
стиль 2,038856 0,007672
них 1,178655 0,000682
см 0,955511 0,001106
воды 3,183989 0,008294
tatarça 1,392229 0,000403
日本語 1,035554 0,000300
некоторых 1,762603 0,000510
со 0,447767 0,000130
вероятно 3,520461 0,001019
частью 1,728701 0,001001
декабря 0,881403 0,000255
الدارجة 2,357310 0,000682
воду 1,492313 0,003455
чуть 2,357310 0,000682
стили 3,338139 0,002899
народный 3,183989 0,000922
под 0,723179 0,001465
парусный 1,574551 0,000456
заявление 0,867219 0,000251
создана 1,834062 0,001062
унифицировавшей 5,129899 0,001485
неоднократно 2,421849 0,000701
одно 1,664163 0,000963
lectu 5,129899 0,001485
обратно 2,732003 0,000791
суслов 5,129899 0,001485
пом 1,695912 0,000491
погружён 5,129899 0,001485
лен 4,436752 0,001284
одна 1,392229 0,000403
воде 2,932674 0,009337
купальник 4,436752 0,002568
содержание 0,971016 0,000562
eesti 1,069456 0,000310
следующая 3,743604 0,001084
использованием 2,564949 0,000742
появилась 2,185460 0,000633
ноги 2,296685 0,000665
čeština 1,035554 0,000300
то 0,652562 0,000189
арм 5,129899 0,002970
водой 3,338139 0,003865
финала 1,104547 0,000639
относятся 2,490841 0,001442
minangkabau 2,564949 0,000742
викисклад 1,035554 0,000599
britannica 1,518981 0,000440
брассе 5,129899 0,001485
корфбол 1,762603 0,000510
пор 1,574551 0,000456
николасом 5,129899 0,001485
swimming 4,031286 0,001167
каноэ 1,633391 0,000473
конфиденциальности 0,317714 0,000092
брасса 5,129899 0,004454
lëtzebuergesch 1,762603 0,000510
вытесняться 5,129899 0,001485
wikipedia 0,986764 0,000571
gnd 1,392229 0,000403
длинной 3,520461 0,001019
окончательно 2,564949 0,000742
plattdüütsch 2,357310 0,000682
a 1,392229 0,002821
деле 2,421849 0,000701
b 2,564949 0,000742
македонски 1,258698 0,000364
при 0,367725 0,000851
быстро 2,038856 0,000590
fédération 3,743604 0,001084
данных 1,871802 0,000542
каждом 1,871802 0,001084
финалы 2,185460 0,001265
каната 1,762603 0,000510
регистрироваться 4,436752 0,001284
ушу 1,728701 0,000500
the 1,546380 0,000448
p 1,951845 0,000565
индивидуальные 2,134166 0,000618
w 0,955511 0,000277
හල 1,834062 0,000531
второго 1,466337 0,000424
свидетельствуют 4,031286 0,001167
также 0,663991 0,001153
фр 2,421849 0,001402
создали 3,183989 0,000922
финале 1,633391 0,000473
сверхдальние 5,129899 0,001485
литовская 2,085376 0,000604
العربية 1,069456 0,000310
универсиада 4,031286 0,001167
спорту 2,038856 0,000590
водоплавающей 5,129899 0,001485
ногами 2,827314 0,008183
фризский 1,762603 0,000510
одной 1,238078 0,000717
isl 5,129899 0,001485
одном 1,603538 0,000464
библиографических 1,323236 0,000383
разработчики 0,986764 0,000286
переименовать 3,743604 0,002167
траве 1,466337 0,000849
тысячелетий 4,436752 0,001284
финального 2,932674 0,001698
сначала 1,664163 0,000482
находиться 2,185460 0,001265
плавучесть 5,129899 0,001485
сальникова 4,436752 0,001284
использующие 1,633391 0,000473
правки 0,986764 0,000571
устанавливаться 5,129899 0,001485
овер 5,129899 0,002970
ног 2,644992 0,003062
конгресс 2,827314 0,000818
однако 1,069456 0,000310
себя 0,940244 0,000272
продемонстрирован 4,436752 0,001284
спорта 0,342407 0,001090
продемонстрировал 4,436752 0,001284
баскская 1,762603 0,000510
июня 1,217876 0,000705
мэттью 4,031286 0,001167
джаммеры 5,129899 0,001485
системе 0,867219 0,000251
система 1,695912 0,001473
начата 5,129899 0,001485
каталогах 1,323236 0,000383
проектах 0,986764 0,000286
ligue 5,129899 0,001485
победы 0,971016 0,000281
могут 0,760451 0,000880
материалов 1,217876 0,000705
việt 1,140915 0,000330
отказ 0,910391 0,000263
италии 1,002764 0,000290
сохранением 0,986764 0,000286
дзюдо 1,466337 0,000424
постепенно 2,296685 0,000665
стороны 1,546380 0,000895
olympic 2,296685 0,000665
стилем 3,338139 0,009662
один 0,711058 0,001029
синхронное 1,664163 0,000963
дисциплина 2,932674 0,002546
любителей 1,762603 0,000510
прошли 1,762603 0,001020
полностью 1,546380 0,003133
входит 1,871802 0,001625
всему 2,357310 0,000682
jaku 4,031286 0,001167
дисциплины 2,134166 0,000618
длина 2,421849 0,001402
вперед 2,932674 0,000849
самостоятельным 3,743604 0,001084
ступни 5,129899 0,001485
самостоятельный 4,031286 0,001167
удаляйте 3,520461 0,001019
дисциплину 4,031286 0,001167
гонки 1,002764 0,000580
часть 1,441019 0,000834
переименования 3,338139 0,000966
итогов 2,827314 0,000818
переименованию 3,743604 0,002167
финише 2,732003 0,003163
американскими 4,436752 0,001284
столетий 5,129899 0,001485
последний 0,773190 0,000224
вене 3,520461 0,002038
финиша 3,183989 0,000922
конгрессе 2,644992 0,000766
последним 2,134166 0,000618
природных 5,129899 0,001485
владимира 2,490841 0,000721
архив 1,258698 0,000364
инвентарь 2,134166 0,000618
части 1,664163 0,001445
июля 1,035554 0,001499
давал 4,031286 0,001167
pdf 0,940244 0,000272
участием 1,518981 0,000440
различными 3,183989 0,000922
действовавшие 5,129899 0,001485
лопатки 5,129899 0,001485
изменения 1,728701 0,000500
дэниэльс 5,129899 0,001485
сша 0,586604 0,000340
описание 0,986764 0,000286
спортивное 2,134166 0,000618
протяжкой 5,129899 0,001485
спортивной 1,416327 0,000410
заменить 1,951845 0,000565
китайская 1,258698 0,000364
одновременно 1,762603 0,002041
bahasa 1,086847 0,000315
определяются 2,932674 0,000849
фина 4,436752 0,015410
качестве 1,574551 0,000456
вибрирующие 5,129899 0,001485
артур 1,664163 0,000482
через 0,971016 0,000281
क 2,421849 0,000701
руками 2,357310 0,009552
стопы 3,183989 0,000922
словарь 2,296685 0,000665
включалось 5,129899 0,001485
погружаться 5,129899 0,001485
современное 1,574551 0,000456
стрельба 1,492313 0,000864
меняться 4,031286 0,001167
лучшие 1,019025 0,000295
предшествующего 5,129899 0,001485
словари 1,217876 0,000352
न 1,518981 0,000440
xvi 2,490841 0,000721
пловцы 4,031286 0,002334
newsru 3,743604 0,001084
प 1,911023 0,000553
сквош 1,728701 0,000500
вклад 0,971016 0,000281
indonesia 1,086847 0,000315
цикла 3,520461 0,003057
пловцу 5,129899 0,004454
ल 1,911023 0,000553
текст 0,986764 0,000286
одновременны 5,129899 0,001485
новостей 1,574551 0,000456
ноября 0,971016 0,000562
проводиться 2,038856 0,002360
स 2,644992 0,001531
архивная 1,633391 0,003309
очки 1,466337 0,000424
esperanto 1,198073 0,000347
открыто 4,436752 0,001284
ласты 5,129899 0,001485
века 1,441019 0,001251
перейти 0,867219 0,000502
существуют 1,441019 0,000417
пловца 3,743604 0,004334
возникла 2,932674 0,000849
webcitation 2,038856 0,000590
школах 3,520461 0,001019
зафиксированы 3,743604 0,003251
скелетон 1,258698 0,000364
спортсмена 1,834062 0,001062
українська 1,035554 0,000300
груди 3,050457 0,002649
умели 5,129899 0,001485
позволили 3,520461 0,001019
веков 2,932674 0,000849
шёлка 5,129899 0,001485
доска 3,520461 0,001019
лякросс 1,762603 0,000510
шапочка 4,436752 0,001284
сезона 1,052361 0,000305
рост 2,421849 0,000701
меняя 4,436752 0,001284
американец 3,050457 0,001766
длиннее 3,520461 0,001019
triathlonmasters 5,129899 0,001485
lenta 2,239527 0,000648
спортсмен 1,466337 0,001698
штейнбах 3,743604 0,002167
популярны 4,031286 0,001167
рэкетс 1,728701 0,000500
основывайте 3,743604 0,001084
ответственности 0,971016 0,000281
его 0,447767 0,000130
цикл 2,932674 0,000849
триатлона 4,436752 0,001284
причин 2,490841 0,000721
только 0,447767 0,001037
выноситься 5,129899 0,001485
микст 3,520461 0,001019
php 0,986764 0,000286
cite 1,258698 0,000364
шорт 1,086847 0,000315
водоёмах 4,031286 0,001167
бадминтон 1,546380 0,000448
кэвиллом 5,129899 0,001485
выделила 4,436752 0,001284
претендентами 3,743604 0,001084
составной 4,436752 0,001284
com 0,925206 0,000268
плоскости 4,436752 0,003852
правилах 2,357310 0,001365
каждого 1,633391 0,003782
разрешаются 4,031286 0,001167
нарушения 2,296685 0,000665
маркус 3,183989 0,000922
nostrum 5,129899 0,001485
правилам 1,664163 0,001927
мире 1,198073 0,000347
горнолыжный 1,301257 0,000377
мира 0,367725 0,000958
рекордами 4,436752 0,001284
colymbetes 5,129899 0,001485
pages 0,986764 0,000286
рекордов 2,932674 0,003395
старта 2,134166 0,006177
гэльский 1,762603 0,000510
гарри 3,050457 0,000883
старте 1,994404 0,000577
относительно 2,564949 0,000742
многоборий 5,129899 0,001485
когда 0,652562 0,000189
могли 1,664163 0,001445
включено 3,338139 0,002899
растут 5,129899 0,001485
всего 0,812411 0,000235
ব 1,416327 0,000410
вверх 2,421849 0,000701
полуфиналистов 4,436752 0,001284
тематические 2,185460 0,000633
развёрнуты 5,129899 0,001485
нарушение 1,797694 0,000520
дельфинообразный 5,129899 0,002970
включительно 2,827314 0,000818
гандбол 1,178655 0,001023
ল 1,416327 0,000410
проводятся 1,574551 0,000911
дельфинообразные 5,129899 0,001485
вращательное 5,129899 0,001485
начнут 3,520461 0,001019
svenska 1,035554 0,000300
годов 1,301257 0,002636
меняющейся 5,129899 0,001485
назад 1,140915 0,000330
регламентируется 3,743604 0,001084
моторный 1,762603 0,000510
куки 0,971016 0,000281
скобках 4,031286 0,001167
ссср 0,940244 0,001089
ярдов 3,338139 0,015459
доступен 0,971016 0,000281
будо 1,762603 0,000510
башкирская 3,743604 0,001084
нашей 1,994404 0,000577
нестандартные 4,031286 0,001167
головы 2,357310 0,001365
современную 3,743604 0,001084
появляться 2,932674 0,000849
индивидуальном 4,031286 0,001167
объяснение 4,031286 0,001167
фехтование 1,546380 0,000448
повороте 4,436752 0,002568
and 1,762603 0,001020
перетягивание 1,762603 0,000510
другие 0,384967 0,000557
так 0,597299 0,000346
разрешены 2,732003 0,001581
поворота 4,031286 0,017502
французский 1,392229 0,000403
interlingua 1,603538 0,000464
федерация 1,002764 0,000871
стопами 4,436752 0,001284
голова 3,183989 0,002765
примечания 1,002764 0,000580
мировых 2,421849 0,001402
где 0,675551 0,000196
türkmençe 2,185460 0,000633
выполняется 3,050457 0,000883
повысить 3,743604 0,001084
преодолевает 4,436752 0,001284
перевёрнутым 5,129899 0,001485
других 0,853233 0,000988
чётным 3,743604 0,001084
наиширочайшей 5,129899 0,001485
европейских 2,038856 0,000590
источников 1,518981 0,000440
мировые 2,827314 0,006547
исключая 3,520461 0,003057
точке 3,743604 0,002167
сообщить 0,799165 0,000231
пятиборье 1,574551 0,000456
проводящая 4,031286 0,002334
быть 0,773190 0,002238
физкультура 2,421849 0,001402
федерации 0,663991 0,000192
человеческой 5,129899 0,001485
швеции 1,664163 0,000482
баттерфляя 5,129899 0,001485
указаны 3,338139 0,000966
другими 2,421849 0,000701
препятствиями 3,743604 0,001084
скалолазание 1,728701 0,000500
диалог 4,436752 0,001284
линию 2,564949 0,000742
произвольно 3,743604 0,001084
поверхности 2,644992 0,006124
спорт 0,224624 0,000715
воспитания 3,050457 0,000883
конный 1,664163 0,000482
len 4,436752 0,002568
халмаи 5,129899 0,002970
классификации 3,338139 0,000966
этой 1,052361 0,000305
этом 0,565551 0,000491
мобильная 0,608110 0,000176
связан 3,338139 0,000966
english 0,925206 0,000268
выполнять 2,932674 0,000849
кожей 4,031286 0,001167
этот 0,825834 0,000478
press 2,185460 0,001265
военном 5,129899 0,001485
справочник 2,564949 0,005939
протяжении 1,951845 0,001130
suomi 1,052361 0,000305
стало 1,217876 0,001057
допускаются 3,183989 0,000922
комплектования 4,436752 0,001284
друг 1,834062 0,000531
действующим 3,050457 0,000883
qaraqalpaqsha 2,038856 0,000590
баттерфляй 5,129899 0,010393
франции 1,035554 0,000300
экипировка 2,564949 0,000742
художественная 1,633391 0,000473
джордж 2,134166 0,000618
стала 0,881403 0,000255
известные 2,185460 0,001265
локти 4,436752 0,001284
каталоге 4,436752 0,001284
длинных 3,520461 0,002038
экипировки 2,932674 0,000849
ныне 2,357310 0,001365
заново 2,932674 0,000849
стали 0,971016 0,001967
română 1,122566 0,000325
графе 4,436752 0,001284
принятым 4,031286 0,001167
коротких 3,520461 0,002038
устанавливались 5,129899 0,001485
преодолении 5,129899 0,001485
заплыв 4,436752 0,002568
français 1,019025 0,000295
элемент 0,955511 0,000277
использоваться 3,050457 0,000883
первая 0,867219 0,000502
важное 2,644992 0,000766
женщина 3,338139 0,000966
дельфином 5,129899 0,001485
arte 5,129899 0,001485
полное 2,296685 0,000665
следом 4,436752 0,001284
впервые 0,839439 0,000972
oʻzbekcha 1,140915 0,000330
женщины 0,881403 0,000765
полном 3,050457 0,000883
раз 0,504926 0,000146
поворот 4,031286 0,002334
чемпионат 0,277868 0,000402
спортивных 1,279751 0,000370
ўзбекча 1,140915 0,000330
случайная 0,986764 0,000286
latviešu 1,052361 0,000305
пожалуйста 1,633391 0,000473
тех 1,217876 0,000705
постоянная 0,986764 0,000286
человека 3,050457 0,001766
указанием 0,986764 0,000286
версия 0,485508 0,000562
ниже 1,762603 0,001530
прошёл 1,574551 0,000456
прорыва 4,436752 0,001284
европы 0,524729 0,000911
тем 1,217876 0,000352
бассейнах 4,031286 0,007001
поло 1,441019 0,001251
рыбной 5,129899 0,001485
одновременными 5,129899 0,001485
спортивного 1,574551 0,000911
крупнейших 2,732003 0,000791
اردو 1,574551 0,000456
европе 1,492313 0,000432
без 0,466460 0,000405
первенствах 3,050457 0,000883
бёдер 4,031286 0,002334
между 0,955511 0,000277
знак 0,986764 0,000286
bomb 3,743604 0,001084
tyr 5,129899 0,001485
зарегистрированы 4,436752 0,001284
рекордсменом 2,932674 0,000849
соответствии 1,086847 0,000315
австралийский 1,728701 0,000500
называемого 4,031286 0,001167
оставаться 3,520461 0,001019
эстафетах 3,520461 0,002038
спортсмены 1,140915 0,000330
итога 3,520461 0,001019
кроля 5,129899 0,001485
первого 1,258698 0,001093
виды 0,773190 0,002685
кроль 4,436752 0,008989
сформулировано 5,129899 0,001485
пока 1,159607 0,001007
pro 3,050457 0,000883
сопротивление 2,827314 0,000818
медиафайлы 1,217876 0,000352
ಕನ 2,038856 0,000590
употребляется 3,743604 0,001084
архивировано 1,104547 0,000639
ассоциация 2,038856 0,000590
автор 2,421849 0,001402
нидерландах 3,743604 0,001084
вплавь 4,436752 0,001284
короткий 0,971016 0,000281
swim 3,743604 0,001084
виде 1,368699 0,000396
возвращаться 3,743604 0,002167
кроме 1,368699 0,000396
внесённым 5,129899 0,001485
вошло 3,520461 0,001019
вольным 5,129899 0,014848
разрешен 5,129899 0,001485
обеспечивал 4,436752 0,001284
чемпионата 0,735450 0,000213
случаях 0,971016 0,000281
чемпионате 1,178655 0,000341
материалы 1,762603 0,000510
брасс 4,436752 0,014126
после 0,317714 0,001563
положении 2,732003 0,000791
кодекс 0,971016 0,000281
остальных 2,932674 0,000849
снять 3,183989 0,000922
положение 1,797694 0,001561
статьи 0,524729 0,000608
вольный 4,436752 0,008989
европейская 2,421849 0,000701
покорила 4,436752 0,001284
бобслей 1,238078 0,000358
скоростные 3,743604 0,001084
чемпионаты 1,574551 0,001367
поверхность 2,932674 0,003395
плавки 5,129899 0,004454
сшитые 5,129899 0,001485
yes 3,520461 0,001019
современные 2,421849 0,002103
дистанциях 3,520461 0,005095
материала 2,490841 0,000721
скоростным 4,031286 0,001167
обе 2,085376 0,000604
служебные 0,986764 0,000286
статья 0,986764 0,001142
если 0,675551 0,000196
языках 0,986764 0,000286
wikimedia 0,986764 0,000286
бортик 5,129899 0,001485
лыжах 1,178655 0,000341
ограничение 2,932674 0,001698
необходимостью 4,031286 0,001167
позднее 2,421849 0,000701
свободной 0,986764 0,000286
карате 1,728701 0,000500
явный 5,129899 0,001485
может 0,630089 0,000912
ранним 5,129899 0,001485
последовательности 3,520461 0,001019
предложенное 3,743604 0,001084
заходить 5,129899 0,001485
полиуретановый 5,129899 0,001485
многие 1,728701 0,000500
получить 0,747872 0,000216
выполняться 5,129899 0,005939
ранние 3,050457 0,000883
зимой 2,827314 0,000818
внутрь 3,520461 0,001019
аргументы 3,050457 0,000883
связанные 0,881403 0,000510
сделать 1,695912 0,000982
бассейне 4,031286 0,003500
double 4,031286 0,001167
новая 1,546380 0,000448
бассейна 3,183989 0,002765
разработала 3,743604 0,001084
различные 1,951845 0,000565
участники 1,518981 0,000879
отредактирована 0,986764 0,000286
русскоязычной 5,129899 0,001485
creative 0,986764 0,000286
nederlands 1,019025 0,000295
wayback 1,633391 0,003309
комплексного 5,129899 0,005939
времени 1,140915 0,000330
различных 1,728701 0,000500
год 0,687247 0,000199
разрешается 2,932674 0,006791
айсшток 1,728701 0,000500
հայերեն 1,198073 0,000347
нейлоном 5,129899 0,001485
башҡортса 1,518981 0,000440
международные 1,238078 0,000717
несколькими 2,644992 0,000766
исходными 5,129899 0,001485
победивший 3,743604 0,002167
мая 1,104547 0,001279
euskara 1,122566 0,000325
поэтому 1,392229 0,000403
commons 0,986764 0,000286
началом 1,834062 0,001062
реестру 5,129899 0,001485
web 1,279751 0,000370
кролем 5,129899 0,001485
расстоянии 2,421849 0,001402
крупные 2,357310 0,001365
венгр 4,436752 0,001284
учётную 0,986764 0,000286
текущие 0,940244 0,000272
входила 3,743604 0,001084
чарльз 3,338139 0,000966
винманом 5,129899 0,001485
входили 3,050457 0,001766
шаблон 2,932674 0,001698
несуществующие 3,743604 0,001084
сразу 1,392229 0,000403
глима 1,762603 0,000510
создать 0,825834 0,000239
такой 1,664163 0,000482
nasa 5,129899 0,001485
вместе 1,178655 0,000341
samoa 3,050457 0,000883
входило 3,050457 0,000883
международных 1,492313 0,000432
руки 2,038856 0,002951
свяжитесь 0,986764 0,000286
заплывов 5,129899 0,008909
کوردی 1,762603 0,000510
запрос 2,732003 0,000791
чемпионом 1,122566 0,000325
решение 1,238078 0,000717
лига 0,402511 0,000117
печать 0,986764 0,000286
костюма 4,436752 0,001284
летние 1,238078 0,000717
благодаря 1,441019 0,000834
ныряние 5,129899 0,005939
включать 2,932674 0,000849
пелота 1,728701 0,000500
фонд 0,940244 0,000272
весны 4,436752 0,001284
обсуждение 0,881403 0,000765
тот 1,416327 0,000820
основная 1,323236 0,000383
любыми 5,129899 0,001485
организация 1,664163 0,000482
держится 4,436752 0,001284
закрывал 5,129899 0,001485
group 2,357310 0,000682
speedo 5,129899 0,001485
организации 0,812411 0,000470
товарный 0,986764 0,000286
ведущее 4,436752 0,001284
история 0,555188 0,000643
почти 1,323236 0,001149
совершенный 5,129899 0,001485
начиная 1,492313 0,000432
yle 4,436752 0,002568
российская 0,799165 0,000231
ழ 1,492313 0,000432
либо 1,140915 0,000660
приблизительно 3,743604 0,001084
согласно 1,574551 0,003190
разделение 3,183989 0,000922
печати 0,955511 0,000277
подводного 5,129899 0,004454
название 1,178655 0,001023
редко 2,490841 0,000721
австралийцем 5,129899 0,001485
более 0,853233 0,001976
поиск 0,735450 0,000213
условий 0,881403 0,000255
условии 2,827314 0,000818
oldid 0,986764 0,000286
усовершенствованиям 5,129899 0,001485
лыжи 1,019025 0,000295
уменьшали 5,129899 0,001485
катание 0,534779 0,000155
строительства 2,827314 0,000818
как 0,232059 0,000403
важная 4,031286 0,001167
дистанция 2,644992 0,001531
trudgen 5,129899 0,002970
датчанином 5,129899 0,001485
ластах 5,129899 0,001485
касанием 4,031286 0,001167
словосочетание 5,129899 0,001485
преодолел 3,743604 0,001084
попадал 3,520461 0,001019
стадии 2,085376 0,000604
рекорды 1,762603 0,008673
манш 5,129899 0,004454
египте 4,436752 0,001284
следует 2,038856 0,000590
закрывали 5,129899 0,001485
дистанции 1,911023 0,007191
дистанций 3,338139 0,003865
dialogus 5,129899 0,001485
трамплина 1,159607 0,000336
упираясь 5,129899 0,001485
канадец 3,338139 0,000966
оборудование 3,183989 0,000922
этого 0,881403 0,000765
костюмы 4,031286 0,004667
занимал 2,732003 0,000791
короткой 2,085376 0,001811
первоначальное 4,436752 0,001284
способ 2,827314 0,000818
костюме 5,129899 0,001485
авторства 0,986764 0,000286
принципу 2,564949 0,000742
принято 1,871802 0,001084
проводились 1,603538 0,000464
обсуждения 2,490841 0,000721
использовались 2,827314 0,000818
overarm 5,129899 0,002970
сделано 2,827314 0,000818
установления 4,436752 0,001284
стадию 3,050457 0,000883
многих 1,546380 0,000448
рекорда 2,932674 0,000849
условия 0,411400 0,000238
термина 1,695912 0,000491
австрии 2,421849 0,000701
финал 1,258698 0,000364
català 1,086847 0,000315
определяют 2,827314 0,000818
нижнюю 4,436752 0,001284
хебнер 5,129899 0,001485
прикладные 4,031286 0,001167
новые 0,747872 0,000216
ещё 0,420369 0,000243
перенаправляется 2,732003 0,000791
вынести 4,436752 0,001284
чемпионатах 1,574551 0,000456
проверенная 2,644992 0,000766
толковый 5,129899 0,001485
теннис 0,495170 0,000287
గ 2,038856 0,000590
толчка 4,436752 0,001284
специальные 2,421849 0,000701
делят 3,743604 0,001084
giant 3,743604 0,001084
золтан 5,129899 0,001485
dmoz 4,436752 0,001284
прикладных 5,129899 0,001485
включавшие 4,436752 0,001284
фигурное 0,534779 0,000155
финский 1,633391 0,000473
видами 3,338139 0,000966
просмотры 0,986764 0,000286
физического 3,050457 0,000883
فارسی 1,104547 0,000320
удар 2,185460 0,001898
менее 1,258698 0,000729
видам 2,038856 0,001180
должно 1,762603 0,002041
త 2,038856 0,000590
использовался 3,520461 0,001019
полный 2,134166 0,001235
герметик 5,129899 0,001485
первом 1,052361 0,000305
а 0,209918 0,000425
должны 1,178655 0,003411
в 0,017911 0,000736
оригинала 1,518981 0,000440
ల 2,038856 0,000590
добился 2,827314 0,000818
открытых 3,338139 0,000966
викимедиа 0,986764 0,000286
е 0,867219 0,000251
з 3,050457 0,000883
и 0,023953 0,000562
джон 1,728701 0,000500
силы 2,296685 0,000665
политика 0,239550 0,000069
к 0,132686 0,000384
добиться 3,338139 0,000966
л 2,038856 0,001180
велоспорт 1,178655 0,000341
м 0,534779 0,009906
azərbaycanca 1,258698 0,000364
о 0,042302 0,000037
альпинизм 1,323236 0,000383
п 1,086847 0,001258
с 0,036149 0,000534
скейтбординг 1,762603 0,000510
средство 4,436752 0,001284
у 0,342407 0,000297
ф 1,728701 0,000500
х 0,986764 0,002570
течение 1,238078 0,000358
определить 2,732003 0,000791
дополнительные 0,986764 0,000286
разыгрывались 3,743604 0,001084
скачать 0,895792 0,000519
они 0,760451 0,000440
заглавная 0,986764 0,000286
удары 2,564949 0,001485
футбол 0,285712 0,000413
атлетика 1,052361 0,000609
полного 3,743604 0,005418
by 0,971016 0,000281
регби 0,955511 0,000553
ходжсон 5,129899 0,001485
должна 1,238078 0,001075
видах 2,038856 0,000590
deadlink 2,038856 0,000590
означает 2,490841 0,000721
русский 0,839439 0,000243
касание 3,520461 0,002038
копия 1,574551 0,003190
cc 0,986764 0,000286
мячом 1,104547 0,000320
касанию 4,436752 0,001284
классический 3,338139 0,000966
shqip 1,466337 0,000424
время 0,384967 0,001448
конец 2,421849 0,000701
поведения 0,895792 0,000259
использовавшим 5,129899 0,001485
синтетического 4,031286 0,001167
ресурсы 1,104547 0,000320
ранее 1,104547 0,000320
указывают 4,436752 0,001284
series 2,085376 0,000604
представились 0,986764 0,000286
de 1,871802 0,002167
рисунки 4,436752 0,001284
прежде 2,185460 0,000633
پنجابی 2,239527 0,000648
многоэтапный 4,436752 0,001284
粵語 1,178655 0,000341
проплыть 5,129899 0,001485
рук 2,644992 0,000766
час 3,050457 0,000883
следующего 2,185460 0,000633
наряду 2,490841 0,000721
викиданных 0,986764 0,000286
तम 2,644992 0,000766
தம 1,492313 0,000432
пловцов 4,031286 0,003500
попадают 3,338139 0,000966
рус 1,368699 0,000396
последнего 2,038856 0,001770
crego 5,129899 0,001485
викискладе 1,217876 0,000352
подводному 4,436752 0,001284
своего 1,368699 0,000396
сноуборд 1,238078 0,000358
впоследствии 1,911023 0,000553
олимпийские 0,895792 0,001037
трубка 5,129899 0,001485
олимпийским 1,492313 0,000432
internationale 3,183989 0,000922
порядок 2,421849 0,001402
хёрлинг 1,762603 0,000510
соревнованиях 1,159607 0,000671
читать 0,586604 0,000170
игр 0,367725 0,000426
чередующихся 5,129899 0,002970
другому 2,827314 0,000818
плавания 3,050457 0,024722
плаванию 2,932674 0,005093
именования 3,520461 0,001019
англ 1,159607 0,004028
fi 5,129899 0,001485
толчком 3,520461 0,002038
всех 0,652562 0,000378
волейбол 1,019025 0,000295
люди 2,421849 0,000701
этапе 1,633391 0,000473
title 0,986764 0,000286
всем 1,762603 0,000510
плавании 3,520461 0,014265
отобранные 3,743604 0,001084
находках 5,129899 0,001485
плавание 1,198073 0,013177
олимпийских 0,799165 0,001850
биатлон 0,534779 0,000155
пожертвовать 0,986764 0,000286
поиску 0,971016 0,000281
невозможности 3,520461 0,001019
бассейнов 4,436752 0,001284
нескольких 1,834062 0,001062
умении 4,031286 0,001167
погружен 5,129899 0,001485
лишь 1,159607 0,000336
преодолевают 4,436752 0,001284
sidestroke 5,129899 0,001485
прекращена 5,129899 0,001485
эстафетное 5,129899 0,001485
странах 1,574551 0,000456
возникать 4,436752 0,001284
ссылка 0,786093 0,000228
мок 1,574551 0,000456
середины 2,421849 0,001402
рубежу 4,436752 0,001284
момент 1,301257 0,001130
ссылки 0,839439 0,001458
stroke 5,129899 0,002970
зрелищность 3,743604 0,001084
фаворит 3,338139 0,000966
показанный 5,129899 0,001485
спину 2,932674 0,001698
中文 1,035554 0,000300
помимо 1,911023 0,001106
середине 1,994404 0,001732
допуская 4,436752 0,001284
ನಡ 2,038856 0,000590
этапы 2,421849 0,000701
кругосвет 1,994404 0,000577
выше 1,664163 0,001927
сост 3,050457 0,000883
спине 2,932674 0,015279
среде 3,338139 0,000966
эры 2,644992 0,000766
финиш 3,743604 0,001084
латвия 1,834062 0,000531
natandi 5,129899 0,001485
перезаплыв 5,129899 0,001485
москва 0,760451 0,000440
отдельных 0,986764 0,000286
греции 2,732003 0,000791
составитель 3,183989 0,002765
https 0,699082 0,000202
заплывах 5,129899 0,002970
квадах 1,762603 0,000510
сравнению 2,732003 0,000791
роган 5,129899 0,001485
результат 1,416327 0,000410
позже 1,518981 0,000440
пловцам 5,129899 0,001485
дополнительную 4,031286 0,001167
татарча 1,392229 0,000403
tiếng 1,140915 0,000330
находясь 2,932674 0,000849
отдельные 2,239527 0,000648
עברית 1,052361 0,000305
index 0,986764 0,000286
прочему 4,436752 0,001284
тренировочный 2,827314 0,000818
эта 0,867219 0,000502
далее 2,185460 0,000633
результаты 0,910391 0,000527
должен 1,122566 0,001300
зато 3,183989 0,000922
длиной 3,338139 0,002899
избранные 0,971016 0,000281
ള 1,695912 0,000491
подобные 3,338139 0,000966
მარგალური 2,490841 0,000721
проводится 1,546380 0,001343
фирсов 4,436752 0,001284
پښتو 2,732003 0,000791
которой 1,238078 0,001075
ричмондом 5,129899 0,001485
john 2,732003 0,000791
вставки 4,031286 0,001167
européenne 4,436752 0,001284
утреннюю 4,436752 0,001284
котором 1,217876 0,000352
подводном 5,129899 0,002970
чем 0,747872 0,000216
установлены 3,338139 0,000966
состязания 2,490841 0,000721
разновидность 3,183989 0,000922
поворотах 4,031286 0,001167
установленные 4,031286 0,001167
крикет 1,762603 0,000510
древнем 3,520461 0,001019
крупного 4,436752 0,001284
robert 3,050457 0,000883
был 0,663991 0,000384
ловле 4,436752 0,001284
древней 3,183989 0,000922
запретила 3,743604 0,001084
文言 3,338139 0,000966
равные 3,743604 0,001084
вечернюю 5,129899 0,001485
золтана 5,129899 0,001485
этим 1,834062 0,000531
эту 1,492313 0,000432
триатлон 1,633391 0,000473
код 0,986764 0,005141
лука 1,198073 0,000347
стартовые 3,743604 0,001084
какая 3,183989 0,000922
спортсменов 0,786093 0,000228
тяжёлая 1,633391 0,000473
этих 1,301257 0,000753
момента 1,994404 0,000577
дальность 4,436752 0,001284
url 0,986764 0,000286
проанализирована 5,129899 0,001485
выполнения 2,644992 0,003828
ссылок 1,911023 0,000553
половину 2,421849 0,000701
festiuus 5,129899 0,001485
machine 1,633391 0,003309
промысле 5,129899 0,001485
сравнительно 4,031286 0,001167
стабильная 2,564949 0,000742
войти 0,735450 0,000213
старт 1,416327 0,000410
производится 2,357310 0,000682
гольф 1,574551 0,000456
усовершенствованный 5,129899 0,001485
модой 5,129899 0,001485
или 0,576022 0,002668
англичанин 3,520461 0,002038
кпм 3,743604 0,001084
первых 1,518981 0,000440
ქართული 1,392229 0,000403
баттерфляем 5,129899 0,010393
скобок 4,436752 0,001284
открытой 2,421849 0,004206
носили 3,183989 0,000922
байдарках 1,603538 0,000464
регистрация 2,185460 0,001265
fina 4,436752 0,006421
носило 3,743604 0,001084
использования 0,393700 0,000114
заключающаяся 4,436752 0,001284
новой 1,574551 0,000456
смешанные 2,644992 0,000766
malagasy 3,183989 0,000922
брассом 4,436752 0,017978
инструменты 0,986764 0,000571
программе 1,834062 0,000531
плыть 4,436752 0,002568
обеими 4,031286 0,003500
затем 1,301257 0,000753
зеландии 3,183989 0,000922
первым 1,238078 0,000717
первые 0,971016 0,001124
предлагается 3,520461 0,001019
обращения 0,925206 0,001339
программу 1,466337 0,005517
первый 0,687247 0,000199
игры 0,376309 0,000109
занимается 2,732003 0,000791
техника 2,134166 0,000618
февраля 0,232059 0,000201
ошибке 0,955511 0,000277
искусственных 3,520461 0,001019
олимпийская 1,911023 0,001106
программы 1,633391 0,000473
ස 1,834062 0,000531
минут 1,258698 0,000364
события 0,663991 0,000192
германии 1,323236 0,000383
неполного 5,129899 0,001485
значении 5,129899 0,001485
тогда 1,466337 0,000424
археологических 4,436752 0,001284
эгидой 1,797694 0,002081
значения 1,416327 0,001230
запрещён 3,183989 0,000922
соревнования 0,663991 0,001922
of 1,695912 0,000491
deutsch 1,052361 0,000305
марта 0,881403 0,000255
исключённые 1,762603 0,000510
пояснение 3,520461 0,001019
лёгкая 1,238078 0,000358
прыжки 1,019025 0,001475
wynman 5,129899 0,002970
разорвать 4,031286 0,003500
sports 1,301257 0,000377
вание 5,129899 0,001485
финикии 5,129899 0,001485
метровых 4,436752 0,002568
включает 2,038856 0,000590
чемпионатов 1,416327 0,001640
материал 0,825834 0,000239
прибавку 5,129899 0,001485
самым 1,392229 0,000403
скиджоринг 1,762603 0,000510
скиинг 1,762603 0,000510
технологический 4,436752 0,001284
тумбочке 5,129899 0,001485
соревнований 0,881403 0,003316
результатов 1,951845 0,000565
полуфинальных 4,436752 0,001284
самые 1,633391 0,000473
входят 1,994404 0,000577
охоте 5,129899 0,001485
продолжение 3,050457 0,000883
планёрный 1,762603 0,000510
напоминали 5,129899 0,001485
уэбб 4,436752 0,001284
случаями 5,129899 0,001485
пользовались 3,743604 0,001084
миля 4,031286 0,001167
ряд 1,797694 0,000520
навигация 0,986764 0,000571
страница 0,940244 0,000544
лицензии 0,986764 0,000286
странице 0,971016 0,000562
пятиборья 4,436752 0,001284
пролив 5,129899 0,001485
publishing 3,183989 0,000922
борьба 1,002764 0,000290
плавательном 5,129899 0,001485
запись 0,955511 0,000277
навигации 0,986764 0,000286
qr 0,986764 0,000286
сайту 3,743604 0,001084
правила 0,910391 0,000790
richmond 5,129899 0,001485
тренировок 2,421849 0,000701
страницу 0,971016 0,000562
дельфинообразное 5,129899 0,002970
санный 1,301257 0,000377
страницы 0,971016 0,001124
вытеснил 4,031286 0,004667
зимние 1,159607 0,000336
дичью 5,129899 0,001485
появились 1,664163 0,000963
олимпийскую 2,185460 0,000633
сэкономить 5,129899 0,001485
фристайл 1,279751 0,000370
подведения 3,520461 0,002038
гимнастика 1,238078 0,000717
водное 1,492313 0,000864
характер 2,732003 0,000791
сайты 1,994404 0,000577
собачьих 1,762603 0,000510
hrvatski 1,052361 0,000305
погружение 5,129899 0,001485
россии 0,160085 0,000185
текстиля 5,129899 0,001485
ru 0,285712 0,000248
действовать 0,955511 0,000277
результатам 1,911023 0,001659
олимпия 3,338139 0,001932
роке 1,762603 0,000510
упряжках 1,762603 0,000510
кубок 0,524729 0,000304
во 0,495170 0,001290
sa 0,986764 0,000286
перечень 3,743604 0,001084
мужчин 1,492313 0,000864
дата 0,881403 0,001276
лучшую 3,338139 0,000966
внешние 1,122566 0,000325
вы 0,325878 0,000094
iucundus 5,129899 0,001485
распределённые 2,644992 0,000766
действует 2,421849 0,000701
результатах 3,743604 0,001084
проводить 1,797694 0,000520
español 1,019025 0,000295
наименьшее 3,520461 0,001019
конце 1,518981 0,000879
спид 1,762603 0,000510
приобрели 3,743604 0,001084
литература 1,695912 0,000982
поручни 5,129899 0,001485
разрешён 3,183989 0,000922
энциклопедии 0,986764 0,000571
кёрлинг 1,279751 0,000370
литературе 3,520461 0,001019
используют 2,239527 0,000648
стилями 3,743604 0,001084
свои 1,238078 0,000717
энциклопедия 2,239527 0,001296
th 2,185460 0,001265
вслед 2,564949 0,000742
активной 3,338139 0,000966
associated 0,986764 0,000286
января 0,825834 0,000956
български 1,086847 0,000315
концу 2,932674 0,000849
плавать 4,436752 0,002568
персональные 0,971016 0,000281
брейкинг 1,762603 0,000510
настольный 1,238078 0,000358
регистрации 2,421849 0,001402
произошло 2,085376 0,000604
де 0,955511 0,000277
перед 0,839439 0,001215
большая 1,069456 0,001238
шайбой 1,122566 0,000325
сайт 0,773190 0,000448
американский 1,258698 0,000364
до 0,239550 0,000693
rules 2,490841 0,000721
утвердила 3,183989 0,000922
книзу 5,129899 0,002970
большему 4,436752 0,001284
зарегистрированный 0,986764 0,000286
agostini 3,183989 0,000922
современного 2,564949 0,000742
сюда 0,986764 0,000571
двух 1,002764 0,000290
популярность 2,239527 0,000648
трек 1,159607 0,000336
результатами 3,050457 0,000883
цитировать 0,986764 0,000286
регулярно 1,871802 0,000542
подобное 2,827314 0,001637
лыжное 1,279751 0,000370
плавательную 5,129899 0,001485
проведения 1,258698 0,000729
cavill 5,129899 0,001485
gagana 3,050457 0,000883
баскетбол 0,773190 0,000224
заплыва 4,436752 0,003852
которому 2,134166 0,000618
для 0,146292 0,000296
ею 3,743604 0,001084
числу 1,546380 0,000448
гребля 1,518981 0,000879
флаг 1,279751 0,000370
равенства 3,743604 0,001084
вид 1,104547 0,001279
полуфиналах 4,031286 0,001167
же 0,925206 0,001071
волшебные 1,695912 0,000491
треджен 5,129899 0,007424
неизменно 3,338139 0,000966
isbn 1,633391 0,000946
финалистов 3,338139 0,000966
национальная 1,574551 0,000456
polski 1,035554 0,000300
вызваны 3,743604 0,001084
заплывы 5,129899 0,005939
батуте 1,728701 0,000500
что 0,239550 0,000347
всероссийскому 5,129899 0,001485
править 0,986764 0,010282
отрезке 3,743604 0,001084
за 0,125952 0,000401
ходе 2,085376 0,001207
жё 1,728701 0,000500
софтбол 1,695912 0,000491
изданной 4,436752 0,001284
способу 4,031286 0,001167
было 0,438551 0,000762
org 0,986764 0,000571
подробнее 0,723179 0,000209
ходу 1,834062 0,001593
настоящее 1,797694 0,001041
венгрии 3,050457 0,000883
друга 2,296685 0,000665
следующую 3,743604 0,001084
были 0,799165 0,000925
костюм 4,031286 0,007001
mare 5,129899 0,001485
просроченные 3,520461 0,001019
считаются 2,357310 0,000682
популярности 2,357310 0,000682
была 0,652562 0,000755
любое 2,644992 0,001531
гребка 5,129899 0,014848
способы 2,644992 0,000766
любой 2,038856 0,001180
xv 2,732003 0,000791
любом 2,357310 0,000682
из 0,106018 0,000491
терминов 2,827314 0,000818
бассейн 4,031286 0,001167
гребок 5,129899 0,007424
им 1,198073 0,000347
дискуссии 2,827314 0,000818
рода 2,932674 0,000849
специалистов 2,644992 0,000766
показательные 1,466337 0,000424
natation 5,129899 0,002970
очками 2,490841 0,000721
ножницеобразные 5,129899 0,001485
нормативами 5,129899 0,001485
их 0,799165 0,000694
скрытые 1,122566 0,000325
српски 1,035554 0,000300
над 0,986764 0,000286
колобашка 5,129899 0,001485
nicolas 5,129899 0,002970
games 2,038856 0,000590
хоккей 0,376309 0,000436
естественные 5,129899 0,001485
участников 1,159607 0,001007
исключением 1,994404 0,000577
движения 2,239527 0,002593
составная 5,129899 0,001485
двоеборье 1,217876 0,000352
комплексное 5,129899 0,008909
служба 2,134166 0,000618
тело 3,183989 0,005529
синонима 5,129899 0,001485
ски 1,069456 0,000310
первенство 1,664163 0,000482
полуфиналы 2,644992 0,000766
вайцеховский 5,129899 0,001485
тела 2,134166 0,001235
iban 4,031286 0,001167
srpski 1,035554 0,000300
движение 2,185460 0,002530
комбинированная 4,436752 0,011557
движений 3,338139 0,003865
континентальных 3,338139 0,000966
пловец 3,743604 0,006501
вперёд 2,085376 0,000604
искусстве 3,338139 0,000966
добавлен 3,743604 0,002167
горизонтальной 4,031286 0,003500
км 2,038856 0,002360
является 1,086847 0,000629
ко 2,421849 0,000701
англичанами 5,129899 0,001485
октября 1,086847 0,000315
лыжные 1,140915 0,000330
которые 0,760451 0,000440
foundation 0,986764 0,000286
который 0,799165 0,000694
конькобежный 1,238078 0,000358
ла 1,762603 0,001530
разными 3,183989 0,000922
следующий 1,574551 0,000911
которых 1,052361 0,000305
türkçe 1,052361 0,000305
следующие 1,834062 0,000531
допинг 2,185460 0,000633
пловцами 5,129899 0,001485
создания 2,038856 0,000590
спортивная 1,159607 0,001007
олимпийской 1,911023 0,000553
текстильных 5,129899 0,001485
одержали 2,421849 0,000701
погружено 5,129899 0,002970
типам 2,732003 0,000791
нормальное 5,129899 0,001485
вниз 2,932674 0,001698
greenwood 4,031286 0,001167
한국어 1,035554 0,000300
водную 5,129899 0,001485
несколько 1,069456 0,000619
стран 1,546380 0,000448
костюмов 4,031286 0,001167
финская 5,129899 0,001485
развития 1,797694 0,001041
место 0,597299 0,000346
начале 1,301257 0,000377
ногам 4,436752 0,001284
свежие 0,910391 0,000263
пытаясь 3,743604 0,001084
плавательные 5,129899 0,002970
чисто 3,338139 0,000966
лежать 4,436752 0,001284
предварительных 4,436752 0,005137
плавательный 4,031286 0,007001
начала 1,238078 0,001792
универсальная 2,085376 0,000604
водным 3,743604 0,001084
участие 0,597299 0,000173
статей 2,134166 0,000618
крокет 1,762603 0,000510
на 0,023953 0,000742
старая 1,368699 0,000396
не 0,099461 0,000691
успеха 2,421849 0,000701
водных 3,338139 0,000966
ссылками 1,159607 0,000336
лат 3,338139 0,001932
предварительные 3,743604 0,002167
высокотехнологичные 5,129899 0,001485
онлайн 0,773190 0,000224
лицом 2,932674 0,000849
венеции 5,129899 0,001485
но 0,402511 0,000117
centuries 5,129899 0,001485
толчок 3,050457 0,000883
подводные 4,436752 0,001284
проноситься 5,129899 0,001485
xix 1,834062 0,001593
апреля 1,052361 0,000609
водные 0,867219 0,000753
получают 2,185460 0,000633
проводимые 2,357310 0,000682
способами 3,338139 0,000966
уровне 1,695912 0,000491
sive 5,129899 0,001485
бейсбол 1,466337 0,000849
нами 0,853233 0,000247
об 0,217244 0,000189
международная 1,301257 0,000753
места 1,198073 0,000347
некоммерческой 0,986764 0,000286
скоростная 4,436752 0,001284
награды 1,728701 0,000500
ои 0,812411 0,021398
годы 1,258698 0,001822
справка 0,986764 0,000286
мужчины 1,019025 0,000885
arthur 5,129899 0,001485
единственное 3,050457 0,000883
лайкрой 5,129899 0,001485
тхэквондо 1,633391 0,000473
году 0,630089 0,002736
категории 0,986764 0,000571
пла 5,129899 0,001485
от 0,160085 0,000463
собственно 2,932674 0,000849
форум 0,881403 0,000255
статистика 0,652562 0,000189
официальный 1,104547 0,000639
бокс 0,576022 0,000333
боку 4,436752 0,003852
официальные 1,574551 0,000456
всероссийской 3,183989 0,000922
координацией 5,129899 0,001485
zazaki 2,239527 0,000648
годах 1,492313 0,001296
все 0,125952 0,000182
википедия 0,986764 0,001714
മലയ 1,695912 0,000491
страниц 3,183989 0,000922
curlie 4,436752 0,001284
года 0,239550 0,002080
по 0,073653 0,000618
официальных 1,664163 0,000963
годам 3,338139 0,000966
inc 0,986764 0,000286
сведения 0,812411 0,000235
português 1,035554 0,000300
поворотов 4,436752 0,001284
эстафеты 2,932674 0,000849
выигравшие 4,031286 0,001167
самостоятельную 4,436752 0,001284
поворотом 5,129899 0,001485
всё 1,159607 0,000336
академическая 1,574551 0,000456
эстафета 2,564949 0,006681
видом 1,871802 0,000542
какой 1,911023 0,000553
сообщество 0,986764 0,000286
видов 1,392229 0,000806
прикладной 5,129899 0,001485
книге 2,827314 0,000818
одежде 4,031286 0,001167
сёрфинг 1,762603 0,000510
википедии 0,986764 0,000571
натуральных 4,436752 0,001284
источник 0,853233 0,000247
