состояться 3,743604 0,000797
latina 1,603538 0,000341
размером 2,732003 0,001745
передавая 4,436752 0,000944
размеров 3,743604 0,000797
экспорт 0,986764 0,000210
ним 1,695912 0,000722
играх 0,699082 0,001042
направленные 3,743604 0,000797
вынесение 5,129899 0,001092
ไทย 1,238078 0,000264
вокруг 2,296685 0,000489
них 1,178655 0,000251
совещании 5,129899 0,001092
играм 2,421849 0,001031
старинных 4,031286 0,000858
nova 2,932674 0,000624
частью 1,728701 0,001104
карибского 5,129899 0,001092
الدارجة 2,357310 0,000502
народный 3,183989 0,000678
заявление 0,867219 0,000185
создана 1,834062 0,000390
следят 3,743604 0,000797
помещении 3,050457 0,002597
čeština 1,035554 0,000220
влечёт 3,743604 0,000797
проекты 1,198073 0,000255
область 2,732003 0,000582
викисклад 1,035554 0,000441
проекту 3,520461 0,000749
имеются 3,520461 0,000749
kaszëbsczi 3,183989 0,000678
корфбол 1,762603 0,000375
училища 4,436752 0,000944
кратковременных 5,129899 0,001092
пройти 2,239527 0,000477
свистка 3,743604 0,002391
slovenčina 1,069456 0,000228
сигнала 4,436752 0,000944
юношеские 2,357310 0,000502
hand 5,129899 0,004368
македонски 1,258698 0,000268
f 2,564949 0,000546
быстро 2,038856 0,000434
каната 1,762603 0,000375
свистки 5,129899 0,001092
the 1,546380 0,000658
p 1,951845 0,000415
сильным 3,520461 0,000749
t 2,732003 0,000582
каждой 1,546380 0,001975
w 0,955511 0,000203
свистку 4,436752 0,000944
туда 3,338139 0,000711
сильные 2,827314 0,000602
находиться 2,185460 0,006978
максимального 4,436752 0,000944
почтовая 2,421849 0,000516
касаясь 5,129899 0,001092
аут 3,050457 0,001948
ног 2,644992 0,000563
посторонних 5,129899 0,001092
судью 3,520461 0,000749
судья 1,834062 0,000781
юношеских 2,644992 0,000563
спорта 0,342407 0,000510
июня 1,217876 0,000259
системе 0,867219 0,000185
могут 0,760451 0,002590
корея 2,085376 0,001332
olympic 2,296685 0,000489
здоровья 2,421849 0,000516
принявший 4,436752 0,000944
синхронное 1,664163 0,000354
выполненным 5,129899 0,002184
дают 2,421849 0,000516
иметь 2,239527 0,000477
судьи 1,574551 0,005027
соответствуют 4,436752 0,000944
углов 4,436752 0,000944
контролировать 2,932674 0,000624
гонки 1,002764 0,000427
монреале 2,827314 0,001204
минуты 1,871802 0,003187
выход 1,574551 0,001341
последний 0,773190 0,000329
последние 1,178655 0,000251
совещания 5,129899 0,001092
последним 2,134166 0,001363
углом 3,050457 0,000649
инвентарь 2,134166 0,000454
монреаль 2,932674 0,000624
июля 1,035554 0,000441
pdf 0,940244 0,000200
участием 1,518981 0,000647
ошибках 2,932674 0,000624
последних 1,951845 0,000831
обороне 3,338139 0,000711
ограниченной 3,743604 0,000797
другая 2,357310 0,000502
описание 0,986764 0,000210
групп 2,296685 0,000489
спортивной 1,416327 0,000904
игроков 1,238078 0,002899
обозначились 5,129899 0,001092
видимых 5,129899 0,002184
ладонью 3,338139 0,000711
средние 3,183989 0,000678
одновременно 1,762603 0,000375
игроком 1,762603 0,000375
океании 3,050457 0,000649
стопу 4,031286 0,000858
зоной 4,436752 0,000944
океания 2,490841 0,000530
стопы 3,183989 0,000678
официального 2,421849 0,000516
средиземноморские 4,436752 0,000944
размеры 3,050457 0,000649
закреплены 4,436752 0,000944
секунд 1,994404 0,001698
признание 3,338139 0,000711
сквош 1,728701 0,000368
вклад 0,971016 0,000207
indonesia 1,086847 0,000231
зоны 2,185460 0,000930
поставить 3,743604 0,000797
текст 0,986764 0,000210
дебютировал 2,827314 0,000602
провели 2,085376 0,000444
возобновления 3,338139 0,002132
прямоугольной 3,338139 0,001421
параллельно 2,357310 0,001505
ноября 0,971016 0,000207
зону 2,421849 0,000516
esperanto 1,198073 0,000255
состояла 2,732003 0,000582
стопа 4,031286 0,000858
зона 2,134166 0,000454
перейти 0,867219 0,000369
возобновлении 4,031286 0,000858
зоне 2,421849 0,000516
уточнения 3,183989 0,000678
boarisch 2,357310 0,000502
бразилии 2,357310 0,001004
ограниченная 4,436752 0,000944
выносится 5,129899 0,002184
находится 1,492313 0,001588
лякросс 1,762603 0,000375
площадкой 3,743604 0,000797
спортсмен 1,466337 0,000624
ответственности 0,971016 0,000207
запасными 4,031286 0,000858
взять 2,239527 0,000477
сборных 1,911023 0,000814
имеет 1,492313 0,000635
его 0,447767 0,001048
иметься 5,129899 0,001092
предъявлением 5,129899 0,003276
только 0,447767 0,000667
xxv 2,827314 0,000602
начинающих 4,436752 0,000944
разыгрывающего 5,129899 0,001092
php 0,986764 0,000210
золотых 1,911023 0,000407
окончания 2,085376 0,000444
культивирующие 5,129899 0,001092
com 0,925206 0,000197
корпусом 4,031286 0,000858
мире 1,198073 0,000255
правилам 1,664163 0,000708
мира 0,367725 0,000861
раннему 5,129899 0,001092
frysk 1,762603 0,000375
чаще 1,834062 0,000390
вмешательство 4,031286 0,001716
футбола 1,762603 0,000750
coins 5,129899 0,001092
дисквалификация 2,732003 0,005234
когда 0,652562 0,001111
дисквалификацию 3,520461 0,000749
вмешательства 4,436752 0,001889
футболе 2,239527 0,000477
колена 3,183989 0,000678
ввёл 3,338139 0,000711
дисквалификации 2,732003 0,000582
регламентируется 3,743604 0,000797
чего 1,345709 0,000286
куки 0,971016 0,000207
седьмой 2,732003 0,000582
выигрывает 2,732003 0,000582
разрешено 2,490841 0,001591
детских 3,743604 0,000797
выполняющего 5,129899 0,002184
головы 2,357310 0,001004
сильнейшей 2,932674 0,000624
судьям 3,183989 0,001355
дисквалифицированный 4,031286 0,000858
перетягивание 1,762603 0,000375
международной 1,345709 0,001432
гандбольный 4,436752 0,002833
против 0,747872 0,000796
другие 0,384967 0,000246
действовавшая 5,129899 0,001092
гандбольные 5,129899 0,001092
так 0,597299 0,000254
целью 1,797694 0,000383
линией 2,932674 0,005618
назначили 4,031286 0,000858
федерация 1,002764 0,000854
развиваться 2,932674 0,000624
стороной 3,050457 0,000649
выполняется 3,050457 0,005194
других 0,853233 0,000545
состоянию 1,911023 0,000407
источников 1,518981 0,000323
голову 3,338139 0,001421
encyclopedia 2,932674 0,000624
образом 1,546380 0,000329
пятиборье 1,574551 0,000335
федераций 2,134166 0,000454
федерации 0,663991 0,000424
кромкой 5,129899 0,001092
швеции 1,664163 0,000708
культуры 1,834062 0,000390
ручного 4,031286 0,000858
исключение 3,050457 0,001948
скалолазание 1,728701 0,000368
линию 2,564949 0,005460
линия 2,296685 0,003911
преподаватель 3,520461 0,000749
спорт 0,224624 0,000383
классификации 3,338139 0,000711
этой 1,052361 0,000896
этом 0,565551 0,000843
линии 1,951845 0,010387
линий 3,338139 0,004974
этот 0,825834 0,000352
марка 2,038856 0,000434
неограниченное 3,520461 0,000749
гандбольных 5,129899 0,001092
художественная 1,633391 0,000348
основное 2,134166 0,000454
вносимых 5,129899 0,001092
немецкие 2,932674 0,000624
français 1,019025 0,000217
немецкий 2,421849 0,000516
māori 3,743604 0,000797
таймов 3,743604 0,002391
элемент 0,955511 0,000203
спортивные 1,104547 0,000235
alemannisch 2,357310 0,000502
игрок 1,258698 0,005358
цели 2,296685 0,000489
выступление 1,762603 0,000375
важно 2,827314 0,000602
увенчавшиеся 5,129899 0,001092
состоят 2,827314 0,001204
афины 3,050457 0,000649
paralympic 3,743604 0,000797
конструкций 4,031286 0,000858
имеют 1,834062 0,000390
женщины 0,881403 0,003377
проходит 1,633391 0,000348
фогельвейде 5,129899 0,001092
cuddon 5,129899 0,001092
цель 2,296685 0,000489
параллельная 5,129899 0,001092
тех 1,217876 0,000778
заступил 4,031286 0,000858
выпущенная 4,436752 0,000944
указанием 0,986764 0,000210
ниже 1,762603 0,000375
нахождение 4,436752 0,000944
team 2,827314 0,000602
площадей 4,436752 0,000944
ему 1,323236 0,000282
поля 1,603538 0,001024
европы 0,524729 0,000670
тем 1,217876 0,000259
полу 3,050457 0,000649
поло 1,441019 0,000613
нильсен 5,129899 0,001092
без 0,466460 0,000596
поле 1,217876 0,000778
бёдер 4,031286 0,000858
между 0,955511 0,001424
синяя 4,031286 0,000858
датского 4,436752 0,000944
ограничения 2,239527 0,000953
things 4,436752 0,000944
европа 2,134166 0,000454
помогают 2,732003 0,001163
спортсмены 1,140915 0,000243
первого 1,258698 0,000268
направлении 2,357310 0,001004
виды 0,773190 0,000658
пока 1,159607 0,000740
завершилось 3,743604 0,000797
воротам 2,932674 0,001248
требует 1,951845 0,000415
миллионов 1,911023 0,000407
центральный 2,185460 0,000465
воротах 3,338139 0,000711
вида 1,664163 0,000354
архаического 5,129899 0,001092
виде 1,368699 0,000874
бороться 2,185460 0,000465
кроме 1,368699 0,000874
всегда 1,258698 0,000268
каждая 2,134166 0,000909
оба 1,911023 0,000407
кодекс 0,971016 0,000207
заброшенный 4,436752 0,000944
статьи 0,524729 0,001005
боковыми 3,743604 0,000797
бобслей 1,238078 0,000264
ограничений 2,827314 0,000602
толкать 4,031286 0,000858
обе 2,085376 0,000444
если 0,675551 0,001582
статья 0,986764 0,000630
врача 4,436752 0,000944
wikimedia 0,986764 0,000210
проверенной 2,421849 0,000516
честь 2,085376 0,000444
обновив 3,338139 0,000711
шаблонами 1,664163 0,000354
dominion 5,129899 0,001092
карате 1,728701 0,000368
ελληνικά 1,086847 0,000231
занимающихся 3,183989 0,000678
язык 1,258698 0,000268
выявления 4,031286 0,000858
откидка 5,129899 0,001092
уменьшение 3,743604 0,000797
окружены 5,129899 0,001092
অসম 2,644992 0,000563
заменяемый 5,129899 0,001092
различные 1,951845 0,000415
взял 2,185460 0,000465
creative 0,986764 0,000210
право 1,603538 0,001707
nederlands 1,019025 0,000217
проведённые 5,129899 0,001092
различных 1,728701 0,000368
права 1,518981 0,000323
отмечаются 4,031286 0,000858
закрытых 3,520461 0,000749
чёрной 4,031286 0,000858
международным 1,871802 0,000398
международный 1,258698 0,000268
башҡортса 1,518981 0,000323
матч 0,411400 0,000613
громкими 5,129899 0,001092
международные 1,238078 0,000264
выпрямленными 5,129899 0,001092
передвигаться 4,031286 0,000858
euskara 1,122566 0,000239
выиграли 1,518981 0,000323
расстояние 2,644992 0,001689
расстоянии 2,421849 0,003609
текущие 0,940244 0,000200
banjar 2,932674 0,000624
той 1,994404 0,000425
глима 1,762603 0,000375
предусматривают 4,031286 0,000858
команд 1,178655 0,003763
создать 0,825834 0,000176
находящиеся 4,031286 0,000858
расстояния 3,520461 0,000749
входило 3,050457 0,000649
шаблоном 3,338139 0,000711
игрокам 1,951845 0,000415
asturianu 1,323236 0,000282
ограничивается 4,031286 0,000858
неактуальным 5,129899 0,001092
کوردی 1,762603 0,000375
решение 1,238078 0,000527
решении 2,732003 0,000582
печать 0,986764 0,000210
летние 1,238078 0,000791
íslenska 1,392229 0,000296
пелота 1,728701 0,000368
том 0,895792 0,000191
олимпиаде 0,895792 0,000381
считается 1,664163 0,000708
основная 1,323236 0,000282
обсуждение 0,881403 0,000375
столом 4,436752 0,000944
протокол 2,732003 0,000582
попал 1,911023 0,000407
организации 0,812411 0,000173
блокировка 4,436752 0,001889
товарный 0,986764 0,000210
три 0,786093 0,000167
archive 4,031286 0,000858
history 1,762603 0,000375
требующие 2,421849 0,001031
школы 2,239527 0,000477
сечение 5,129899 0,001092
решения 1,834062 0,000781
площадь 2,827314 0,001805
норвегия 1,834062 0,001171
вдоль 3,338139 0,001421
радиусом 3,520461 0,000749
летних 1,911023 0,000814
печати 0,955511 0,000203
перерыва 2,134166 0,000454
площадка 2,421849 0,001547
площадке 2,085376 0,002219
условий 0,881403 0,000188
площадки 2,296685 0,006355
противоборствующих 4,436752 0,000944
соперниками 2,038856 0,000434
лыжи 1,019025 0,000217
катание 0,534779 0,000114
как 0,232059 0,000593
площадку 2,564949 0,003276
аналогичным 4,436752 0,000944
площади 3,050457 0,014285
наказываются 4,436752 0,000944
встреча 2,085376 0,000444
тарашкевіца 1,198073 0,000255
cymraeg 1,574551 0,000335
третье 1,603538 0,000683
предоставленного 5,129899 0,001092
способ 2,827314 0,001204
направленную 5,129899 0,001092
второе 1,603538 0,001024
ручному 5,129899 0,001092
проводились 1,603538 0,000683
активно 2,239527 0,000477
sicilianu 2,038856 0,000434
второй 0,786093 0,000167
условия 0,411400 0,000175
термина 1,695912 0,000361
австрии 2,421849 0,000516
играет 1,994404 0,001274
dansk 1,069456 0,000228
броска 3,050457 0,005194
ещё 0,420369 0,000089
броске 4,436752 0,003778
броски 3,183989 0,001355
получили 1,664163 0,000354
зарегистрированной 4,436752 0,000944
фигурное 0,534779 0,000114
you 3,338139 0,000711
физического 3,050457 0,000649
менее 1,258698 0,002411
умение 3,183989 0,000678
касаться 4,031286 0,006007
берлин 3,050457 0,000649
беларуская 1,069456 0,000455
боковой 3,183989 0,004066
а 0,209918 0,000804
контрастных 5,129899 0,001092
nachc 5,129899 0,001092
в 0,017911 0,000648
г 0,925206 0,000985
чехии 1,911023 0,000407
и 0,023953 0,000393
к 0,132686 0,000424
велоспорт 1,178655 0,000251
м 0,534779 0,002618
о 0,042302 0,000036
альпинизм 1,323236 0,000282
п 1,086847 0,001388
грубое 4,031286 0,000858
чехословакии 2,932674 0,000624
с 0,036149 0,000408
скейтбординг 1,762603 0,000375
т 1,368699 0,001748
у 0,342407 0,000656
левой 3,050457 0,000649
течение 1,238078 0,001318
какие 2,134166 0,000454
текущая 2,421849 0,001031
скачать 0,895792 0,000381
они 0,760451 0,000809
вазы 5,129899 0,001092
удары 2,564949 0,000546
оно 2,038856 0,000434
вариант 1,994404 0,000425
блестящим 5,129899 0,001092
футбол 0,285712 0,000304
анголы 5,129899 0,001092
атлетика 1,052361 0,000448
исследования 2,732003 0,000582
гандболу 3,338139 0,009237
достоинством 5,129899 0,001092
течения 5,129899 0,001092
алфавиту 1,159607 0,000494
существование 2,644992 0,000563
аута 3,743604 0,002391
series 2,085376 0,000444
причём 1,951845 0,000831
представились 0,986764 0,000210
пальцами 3,743604 0,000797
соответствующие 2,490841 0,000530
структуры 2,644992 0,000563
люксембурге 5,129899 0,001092
прежде 2,185460 0,000465
london 2,932674 0,000624
粵語 1,178655 0,000251
выполняет 2,827314 0,001805
выкриками 5,129899 0,001092
соперником 2,644992 0,000563
तम 2,644992 0,000563
தம 1,492313 0,000318
викискладе 1,217876 0,000518
жанейро 2,421849 0,000516
сноуборд 1,238078 0,000264
соперников 1,664163 0,000708
signal 5,129899 0,001092
info 1,951845 0,000415
австралия 2,239527 0,000477
хёрлинг 1,762603 0,000375
профессионалов 2,644992 0,000563
отличающихся 5,129899 0,001092
всех 0,652562 0,000139
цвета 1,911023 0,000407
верной 5,129899 0,001092
title 0,986764 0,000210
плавание 1,198073 0,000510
биатлон 0,534779 0,000114
полусредние 5,129899 0,001092
пожертвовать 0,986764 0,000210
играли 1,762603 0,000375
меньше 2,038856 0,000434
federations 5,129899 0,001092
чешская 4,436752 0,000944
назначено 4,031286 0,001716
берлине 3,338139 0,002132
ссылка 0,786093 0,000167
возобновить 4,436752 0,000944
удерживать 4,031286 0,000858
kiswahili 2,185460 0,000465
середины 2,421849 0,000516
ссылки 0,839439 0,000715
помочь 2,296685 0,000489
представителем 2,827314 0,000602
продолжительной 4,436752 0,000944
вторая 1,345709 0,000286
истечении 3,183989 0,000678
беспрепятственно 5,129899 0,001092
руках 2,932674 0,000624
внешними 5,129899 0,002184
продолжающимися 4,436752 0,000944
совпадать 4,031286 0,000858
москве 1,518981 0,000323
становится 1,664163 0,000354
москва 0,760451 0,000162
девушки 2,421849 0,003609
отдельных 0,986764 0,000210
автоматическую 5,129899 0,001092
атаки 2,357310 0,000502
швейцарии 2,296685 0,000489
постороннего 5,129899 0,002184
macmillan 4,436752 0,001889
квадах 1,762603 0,000375
атаку 3,050457 0,001299
находясь 2,932674 0,000624
дания 2,085376 0,002219
длиной 3,338139 0,002132
дисквалификацией 3,743604 0,000797
дании 2,932674 0,000624
матча 1,002764 0,000427
მარგალური 2,490841 0,000530
проводится 1,546380 0,001317
матчи 0,773190 0,000329
чем 0,747872 0,000955
разделе 1,728701 0,000368
действиями 3,520461 0,001499
был 0,663991 0,000707
немедленно 3,183989 0,000678
результате 1,728701 0,001104
красная 1,994404 0,000425
броском 3,338139 0,001421
member 4,436752 0,000944
угловые 4,436752 0,000944
код 0,986764 0,005671
провокационными 5,129899 0,001092
остановке 4,436752 0,000944
лука 1,198073 0,000255
остановки 2,827314 0,002407
связаны 3,183989 0,000678
url 0,986764 0,000210
остановка 3,338139 0,000711
сентября 1,069456 0,001366
половине 1,911023 0,001220
войти 0,735450 0,000157
гольф 1,574551 0,000335
секундометристу 5,129899 0,001092
анджелес 1,834062 0,000781
ქართული 1,392229 0,000296
бросок 2,932674 0,029963
действия 1,797694 0,000765
исполняется 3,743604 0,001594
байдарках 1,603538 0,000341
считать 2,421849 0,000516
защите 2,932674 0,000624
боливарианские 4,436752 0,000944
гандбола 3,743604 0,015937
медалей 1,238078 0,000264
разыгрывающий 4,436752 0,000944
malagasy 3,183989 0,000678
инструменты 0,986764 0,000420
ними 3,183989 0,000678
обычный 4,436752 0,000944
гандболе 4,436752 0,000944
смешанных 2,490841 0,000530
лежит 3,520461 0,001499
первые 0,971016 0,000413
тоҷикӣ 1,695912 0,000361
действий 2,357310 0,001505
обращения 0,925206 0,001379
пределов 3,743604 0,001594
программу 1,466337 0,001248
первый 0,687247 0,000146
рослые 5,129899 0,001092
февраля 0,232059 0,000099
корпус 3,520461 0,000749
मर 1,574551 0,000335
предусматривать 4,436752 0,000944
пять 1,368699 0,000291
еюоф 5,129899 0,001092
минут 1,258698 0,002143
соответствующем 3,743604 0,000797
техники 2,421849 0,000516
согнутыми 5,129899 0,002184
движущегося 5,129899 0,001092
nupe 4,031286 0,000858
ball 2,827314 0,001805
британская 3,183989 0,000678
значения 1,416327 0,000603
происходит 1,695912 0,000361
закрытом 4,031286 0,002574
соответствующей 3,050457 0,000649
хольгер 4,436752 0,000944
ochf 5,129899 0,001092
прыжки 1,019025 0,000651
греческого 4,436752 0,000944
срок 2,085376 0,000444
прыжке 3,183989 0,000678
составляют 2,732003 0,000582
материал 0,825834 0,000176
самым 1,392229 0,000296
скиджоринг 1,762603 0,000375
отбитые 5,129899 0,001092
входят 1,994404 0,000425
направляет 4,031286 0,000858
about 2,827314 0,000602
føroyskt 2,085376 0,000444
жестом 4,436752 0,001889
засчитывается 2,644992 0,001126
навигация 0,986764 0,000420
протесты 4,436752 0,000944
демонстративная 5,129899 0,001092
санв 5,129899 0,001092
проверки 2,239527 0,000477
борьба 1,002764 0,000213
остановить 2,827314 0,000602
навигации 0,986764 0,000210
правила 0,910391 0,002325
коснётся 3,743604 0,000797
athens 4,436752 0,000944
счётом 1,834062 0,000390
шведы 3,183989 0,000678
возможности 1,994404 0,000425
правило 1,633391 0,001043
появились 1,664163 0,000354
можете 1,695912 0,000361
гимнастика 1,238078 0,000527
гомера 4,436752 0,000944
водное 1,492313 0,000318
собачьих 1,762603 0,000375
hrvatski 1,052361 0,000224
секундометрист 5,129899 0,003276
лишается 4,436752 0,000944
обжалованы 5,129899 0,001092
роке 1,762603 0,000375
упряжках 1,762603 0,000375
грубые 5,129899 0,001092
кубок 0,524729 0,000112
во 0,495170 0,000316
occitan 1,466337 0,000312
запасной 3,520461 0,000749
уже 0,687247 0,000439
мячу 3,338139 0,001421
стоек 3,338139 0,001421
проходящими 5,129899 0,001092
сайте 1,217876 0,000259
очередь 2,239527 0,000477
грубых 4,436752 0,000944
вы 0,325878 0,000139
мячи 2,490841 0,001591
мяча 1,834062 0,007027
доброй 3,743604 0,000797
энциклопедии 0,986764 0,000210
кёрлинг 1,279751 0,000272
представление 3,743604 0,000797
associated 0,986764 0,000210
български 1,086847 0,000231
чтобы 0,773190 0,000494
брейкинг 1,762603 0,000375
проведение 2,134166 0,000454
де 0,955511 0,000407
многочисленных 2,827314 0,000602
трудах 5,129899 0,001092
выражающиеся 5,129899 0,001092
проведении 2,732003 0,000582
перед 0,839439 0,000179
шайбой 1,122566 0,000239
сайт 0,773190 0,000329
американский 1,258698 0,000268
до 0,239550 0,000459
зарегистрированный 0,986764 0,000210
соединяются 5,129899 0,002184
фактами 5,129899 0,001092
сюда 0,986764 0,000210
двух 1,002764 0,001067
осуществить 4,436752 0,000944
трек 1,159607 0,000247
цитировать 0,986764 0,000210
собственные 2,732003 0,000582
бросков 2,644992 0,003378
перекладина 4,031286 0,000858
ей 1,834062 0,001562
какую 3,338139 0,000711
завоеванием 5,129899 0,001092
азия 2,564949 0,000546
необходимости 2,644992 0,001689
неоставление 5,129899 0,001092
проведения 1,258698 0,000268
лондон 2,490841 0,000530
баскетбол 0,773190 0,000165
азии 2,085376 0,000444
число 1,392229 0,000889
датой 3,050457 0,000649
ситуациях 3,520461 0,000749
ido 1,546380 0,000329
контроль 2,421849 0,001031
запрещённых 2,932674 0,000624
гребля 1,518981 0,000647
её 1,104547 0,002116
вид 1,104547 0,000235
же 0,925206 0,000394
регламентируются 3,743604 0,000797
isbn 1,633391 0,000348
данной 2,732003 0,000582
rule 3,338139 0,000711
батуте 1,728701 0,000368
что 0,239550 0,000204
править 0,986764 0,011342
тренировочные 3,183989 0,000678
отдавать 3,520461 0,000749
за 0,125952 0,000724
размера 3,183989 0,000678
жё 1,728701 0,000368
софтбол 1,695912 0,000361
позиции 1,871802 0,000797
было 0,438551 0,000187
составляет 2,085376 0,000888
подробнее 0,723179 0,000154
квадратное 5,129899 0,001092
сторон 2,185460 0,000465
венгрии 3,050457 0,001299
были 0,799165 0,000851
левый 2,564949 0,000546
handball 5,129899 0,004368
блокировать 3,743604 0,000797
была 0,652562 0,000278
пересекать 4,436752 0,000944
отличаться 2,357310 0,000502
пенальти 2,038856 0,000434
из 0,106018 0,000722
бассейн 4,031286 0,000858
играют 1,728701 0,002208
runa 2,732003 0,000582
им 1,198073 0,000510
перерывом 2,932674 0,001248
их 0,799165 0,000170
попыток 2,932674 0,000624
скрытые 1,122566 0,000239
регламент 2,296685 0,000489
кувейт 3,520461 0,000749
границу 3,183989 0,000678
games 2,038856 0,000868
хоккей 0,376309 0,000320
группах 2,932674 0,000624
английском 2,732003 0,000582
сторонами 3,743604 0,000797
свободного 2,932674 0,001248
первенства 1,951845 0,000415
галена 5,129899 0,001092
ловить 4,436752 0,000944
заменяющий 5,129899 0,001092
ihf 4,436752 0,002833
верным 4,436752 0,000944
серию 1,466337 0,000312
ряде 2,421849 0,000516
серия 1,052361 0,000448
estremeñu 2,827314 0,000602
первенство 1,664163 0,000708
замен 3,743604 0,001594
srpski 1,035554 0,000220
юноши 3,050457 0,004545
скамейками 4,436752 0,000944
круглым 4,436752 0,000944
серии 1,159607 0,000247
освещения 4,031286 0,000858
изображения 3,050457 0,000649
является 1,086847 0,000694
lingua 3,050457 0,000649
октября 1,086847 0,000694
соперник 2,239527 0,000477
атланта 2,932674 0,000624
foundation 0,986764 0,000210
следующих 2,134166 0,000454
защищавшейся 4,436752 0,000944
запасного 4,436752 0,000944
клубы 1,392229 0,000296
следующим 2,564949 0,000546
следующий 1,574551 0,000335
гандболист 5,129899 0,001092
следующие 1,834062 0,000390
создания 2,038856 0,000434
нерегламентированному 5,129899 0,001092
крайний 2,932674 0,001248
находящихся 2,185460 0,000465
спортивная 1,159607 0,000247
одержали 2,421849 0,000516
крайние 3,743604 0,000797
шагов 3,338139 0,002132
한국어 1,035554 0,000220
рукой 2,564949 0,000546
строгие 5,129899 0,001092
возможностям 5,129899 0,001092
место 0,597299 0,000127
судей 1,797694 0,001148
развитию 2,134166 0,000454
месту 4,436752 0,000944
чётко 4,436752 0,000944
участие 0,597299 0,000127
крокет 1,762603 0,000375
на 0,023953 0,000479
образцов 4,031286 0,000858
не 0,099461 0,000910
ссылками 1,159607 0,000247
но 0,402511 0,000514
рапорта 5,129899 0,001092
водные 0,867219 0,000185
победили 1,951845 0,000415
категория 1,546380 0,000658
отклонение 4,031286 0,000858
строгое 5,129899 0,001092
magyar 1,086847 0,000231
мажорных 5,129899 0,001092
нами 0,853233 0,000182
завоевала 1,695912 0,000361
об 0,217244 0,000231
места 1,198073 0,001020
продолжительность 2,490841 0,001060
развитии 3,183989 0,000678
советской 2,827314 0,000602
ои 0,812411 0,015390
справка 0,986764 0,000210
месте 1,492313 0,000318
он 0,534779 0,000569
тхэквондо 1,633391 0,000348
монета 3,520461 0,001499
категории 0,986764 0,000420
от 0,160085 0,000647
форум 0,881403 0,000188
запасным 4,031286 0,000858
монете 4,436752 0,000944
панамериканские 3,743604 0,000797
названием 1,871802 0,000797
официальный 1,104547 0,000235
панамериканский 3,743604 0,000797
бокс 0,576022 0,000245
официальные 1,574551 0,001005
используя 3,050457 0,000649
остается 3,050457 0,000649
zazaki 2,239527 0,000477
официальным 2,644992 0,001126
города 2,239527 0,000477
все 0,125952 0,000107
принимать 2,134166 0,000454
википедия 0,986764 0,001680
пределах 2,827314 0,001805
возможность 1,728701 0,000368
по 0,073653 0,000549
официальных 1,664163 0,001063
inc 0,986764 0,000210
границы 2,827314 0,001805
сведения 0,812411 0,000173
português 1,035554 0,000220
монеты 4,436752 0,001889
повышению 4,031286 0,000858
линиями 3,520461 0,004496
запасных 2,827314 0,003009
академическая 1,574551 0,000335
видом 1,871802 0,000797
вничью 1,797694 0,000383
сообщество 0,986764 0,000210
театральное 5,129899 0,001092
произойти 4,436752 0,000944
википедии 0,986764 0,000420
ioc 4,031286 0,000858
париж 2,357310 0,000502
севере 4,436752 0,000944
меняются 3,743604 0,000797
нарушила 4,436752 0,000944
объединённая 3,338139 0,000711
стал 0,586604 0,000250
мангейме 5,129899 0,001092
водно 1,762603 0,000375
указан 1,301257 0,000277
ikinyarwanda 3,338139 0,000711
см 0,955511 0,002847
日本語 1,035554 0,000220
со 0,447767 0,000286
ситуаций 3,520461 0,001499
центр 0,881403 0,000188
вратаря 1,834062 0,005075
вратарю 3,338139 0,000711
правой 3,520461 0,000749
одну 1,762603 0,000375
производства 3,338139 0,000711
декабря 0,881403 0,000188
ehf 5,129899 0,001092
вратарь 1,728701 0,006255
воду 1,492313 0,000318
древнеримского 5,129899 0,001092
slovenščina 1,345709 0,000286
под 0,723179 0,000770
парусный 1,574551 0,000335
одно 1,664163 0,000708
окружность 4,031286 0,002574
пол 2,357310 0,001004
пом 1,695912 0,000361
brezhoneg 2,038856 0,000434
человек 1,178655 0,000502
частности 1,994404 0,000849
одна 1,392229 0,000889
содержание 0,971016 0,000413
eesti 1,069456 0,000228
стандартных 3,743604 0,000797
написанием 5,129899 0,001092
лет 0,475938 0,000810
مصرى 1,546380 0,000329
institute 4,436752 0,000944
то 0,652562 0,000556
неспортивное 3,520461 0,002997
относятся 2,490841 0,000530
европейской 2,932674 0,000624
лишнего 5,129899 0,001092
упоминания 3,520461 0,000749
пор 1,574551 0,000335
каноэ 1,633391 0,000348
зарождения 4,436752 0,001889
конфиденциальности 0,317714 0,000068
lëtzebuergesch 1,762603 0,000375
своей 1,002764 0,001921
wikipedia 0,986764 0,000420
scots 1,695912 0,000361
преимущественно 2,490841 0,000530
afrikaans 1,441019 0,000307
plattdüütsch 2,357310 0,000502
защитнику 3,743604 0,000797
владения 3,338139 0,000711
при 0,367725 0,001644
популярен 2,932674 0,000624
ушу 1,728701 0,000368
состоялся 1,664163 0,001063
коренастый 5,129899 0,001092
данный 2,357310 0,000502
викиновости 1,238078 0,000264
республика 2,564949 0,001092
республике 4,436752 0,000944
හල 1,834062 0,000390
второго 1,466337 0,000312
также 0,663991 0,001837
член 2,644992 0,000563
العربية 1,069456 0,000228
фризский 1,762603 0,000375
одной 1,238078 0,001318
реального 5,129899 0,001092
разработчики 0,986764 0,000210
мюнхене 3,338139 0,001421
official 2,932674 0,002497
траве 1,466337 0,000624
сначала 1,664163 0,000354
вратарём 2,644992 0,002252
лиц 3,183989 0,002711
правки 0,986764 0,000420
хх 4,436752 0,000944
сыгран 3,183989 0,000678
конгресс 2,827314 0,000602
ближайшей 4,436752 0,001889
правка 2,732003 0,000582
гандболисты 4,436752 0,000944
однако 1,069456 0,000911
серьёзные 2,644992 0,000563
tolışi 1,871802 0,000398
опытными 2,490841 0,000530
победу 0,910391 0,000194
баскская 1,762603 0,000375
южной 1,797694 0,000383
проектах 0,986764 0,000210
отказ 0,910391 0,000388
việt 1,140915 0,000243
южноамериканские 3,520461 0,000749
крепкий 5,129899 0,001092
сохранением 0,986764 0,000210
нападение 3,520461 0,000749
ограничивают 3,743604 0,000797
дзюдо 1,466337 0,000312
получил 1,002764 0,000213
стороны 1,546380 0,000658
один 0,711058 0,000757
длины 3,743604 0,000797
сторону 2,085376 0,000444
полностью 1,546380 0,001646
стремясь 3,520461 0,000749
физической 1,664163 0,000354
часть 1,441019 0,000307
участвовали 2,421849 0,000516
демонстрация 4,031286 0,000858
пекин 2,732003 0,000582
часто 1,574551 0,000335
единоборства 2,239527 0,000477
части 1,664163 0,000354
угловыми 5,129899 0,001092
разметки 4,031286 0,000858
мотива 5,129899 0,001092
шеи 3,183989 0,000678
замену 2,827314 0,000602
bahasa 1,086847 0,000463
ввели 3,183989 0,000678
линейный 4,436752 0,001889
взрослых 3,050457 0,000649
качестве 1,574551 0,000670
вальтер 3,743604 0,000797
تۆرکجه 1,762603 0,000375
через 0,971016 0,000620
क 2,421849 0,000516
руками 2,357310 0,002509
lietuvių 1,140915 0,000243
допускается 2,564949 0,001638
замена 3,338139 0,000711
остаётся 1,994404 0,000425
ahf 5,129899 0,001092
современное 1,574551 0,000335
стрельба 1,492313 0,000635
ठ 1,574551 0,000335
официально 1,159607 0,000247
заключалось 4,436752 0,000944
द 1,546380 0,000329
olympics 3,743604 0,000797
न 1,518981 0,000323
команда 0,663991 0,002827
таймами 3,743604 0,000797
игроки 0,986764 0,001890
находящимся 5,129899 0,001092
дисквалифицированному 5,129899 0,001092
удалённый 4,031286 0,001716
команде 1,258698 0,000536
останавливается 3,183989 0,000678
лос 1,518981 0,000647
убрав 3,520461 0,000749
игрока 1,492313 0,005400
прерывается 4,031286 0,000858
команды 0,555188 0,003545
матчевые 4,436752 0,000944
поднятием 4,436752 0,000944
командная 2,085376 0,000888
проводиться 2,038856 0,000434
воздухе 3,520461 0,001499
स 2,644992 0,001126
ह 1,546380 0,000329
historica 5,129899 0,001092
карибский 4,436752 0,000944
делятся 2,564949 0,000546
команду 1,217876 0,000259
метровая 5,129899 0,003276
карибские 4,031286 0,000858
века 1,441019 0,000307
существуют 1,441019 0,000920
прекративший 5,129899 0,001092
нужно 1,492313 0,000318
одним 1,416327 0,000301
скелетон 1,258698 0,000268
африканские 3,520461 0,000749
українська 1,035554 0,000220
секундомера 5,129899 0,001092
веков 2,932674 0,000624
одних 3,520461 0,000749
разыгрывать 3,743604 0,000797
конкретизации 2,827314 0,000602
отпустить 4,031286 0,000858
игроку 2,421849 0,001031
выпрямлена 4,436752 0,000944
метрового 3,743604 0,000797
рэкетс 1,728701 0,000368
имеющим 3,743604 0,000797
официальное 2,421849 0,001031
имеющие 3,520461 0,000749
посвятил 4,436752 0,000944
используется 1,633391 0,000348
cite 1,258698 0,000268
шорт 1,086847 0,000231
замены 2,644992 0,002815
бадминтон 1,546380 0,000329
быстрые 4,031286 0,000858
центром 3,338139 0,001421
выходе 2,732003 0,000582
описывают 5,129899 0,001092
нарушения 2,296685 0,004889
выполняют 3,183989 0,000678
горнолыжный 1,301257 0,000277
pages 0,986764 0,000210
гэльский 1,762603 0,000375
атакующей 3,520461 0,001499
нынешнем 3,743604 0,000797
нарушений 2,827314 0,000602
фигурой 4,436752 0,000944
угла 3,743604 0,000797
ордруп 5,129899 0,001092
всего 0,812411 0,000346
ব 1,416327 0,000301
машинного 5,129899 0,001092
нарушение 1,797694 0,001531
য 2,644992 0,000563
гандбол 1,178655 0,007777
будь 3,520461 0,000749
ল 1,416327 0,000301
svenska 1,035554 0,000220
моторный 1,762603 0,000375
масса 2,827314 0,001805
ссср 0,940244 0,001401
доступен 0,971016 0,000207
будо 1,762603 0,000375
судьями 3,050457 0,001299
ширина 2,932674 0,001873
назначаются 3,520461 0,000749
основания 1,834062 0,000390
уточнить 3,743604 0,000797
состоялись 2,564949 0,000546
фехтование 1,546380 0,000329
and 1,762603 0,000750
высота 2,827314 0,000602
поломки 5,129899 0,001092
французский 1,392229 0,000296
interlingua 1,603538 0,000341
примечания 1,002764 0,000427
interlingue 2,239527 0,000477
допускают 3,520461 0,000749
где 0,675551 0,000719
основании 2,827314 0,000602
собирается 3,050457 0,000649
гдр 2,038856 0,000434
противника 2,490841 0,001060
точки 2,421849 0,001031
sardu 2,932674 0,000624
сообщить 0,799165 0,000170
равноправными 4,436752 0,000944
быть 0,773190 0,001646
жеребьёвки 2,932674 0,000624
него 1,368699 0,001748
серьёзное 4,031286 0,000858
изображением 3,520461 0,000749
варианты 2,827314 0,000602
назначении 2,732003 0,001163
неполном 5,129899 0,001092
укрепило 5,129899 0,001092
воспитания 3,050457 0,000649
конный 1,664163 0,000354
limburgs 2,134166 0,000454
мобильная 0,608110 0,000129
помешать 3,520461 0,000749
атакующая 3,743604 0,000797
english 0,925206 0,000394
франция 1,122566 0,000956
перерыв 2,490841 0,000530
ਜ 1,664163 0,000354
четыре 1,140915 0,000243
отражать 4,031286 0,000858
suomi 1,052361 0,000224
допускаются 3,183989 0,000678
друг 1,834062 0,000390
зон 3,743604 0,000797
ਪ 1,664163 0,000354
ਬ 1,664163 0,000354
мирового 2,134166 0,000454
тайм 2,085376 0,003107
аналогично 3,520461 0,000749
франции 1,035554 0,000220
dictionary 3,743604 0,000797
стала 0,881403 0,000375
составе 1,546380 0,000329
являются 1,466337 0,000936
мальчиков 5,129899 0,001092
можно 1,002764 0,000213
română 1,122566 0,000239
названную 4,436752 0,000944
испании 1,834062 0,000781
памятных 5,129899 0,001092
первая 0,867219 0,000185
мужской 2,134166 0,000454
впервые 0,839439 0,000536
oʻzbekcha 1,140915 0,000243
бросать 5,129899 0,002184
раз 0,504926 0,000537
чемпионат 0,277868 0,001005
ўзбекча 1,140915 0,000243
случайная 0,986764 0,000210
latviešu 1,052361 0,000224
памятные 4,436752 0,001889
необходимо 1,994404 0,000425
постоянная 0,986764 0,000210
командой 1,664163 0,000708
передач 2,490841 0,000530
версия 0,485508 0,000413
royalmint 5,129899 0,001092
обычно 1,695912 0,000722
включен 3,338139 0,001421
версии 1,546380 0,000329
убедиться 5,129899 0,001092
اردو 1,574551 0,000335
боковых 3,338139 0,002132
наказания 3,338139 0,004263
сигнализирующий 5,129899 0,001092
выполнение 3,520461 0,000749
знак 0,986764 0,000210
правый 2,732003 0,000582
мюнхен 2,932674 0,000624
ударить 3,338139 0,000711
представитель 2,564949 0,000546
положить 4,031286 0,000858
покидает 3,050457 0,001299
сеул 3,050457 0,000649
австралийский 1,728701 0,000368
передачи 2,134166 0,000454
скамейке 3,050457 0,001948
евро 1,466337 0,000312
наказаний 4,031286 0,000858
пляжному 3,520461 0,001499
передачу 2,827314 0,000602
принимается 4,436752 0,000944
наказании 5,129899 0,001092
короткие 2,644992 0,000563
медиафайлы 1,217876 0,000518
коллекционеров 5,129899 0,001092
потолка 3,743604 0,000797
архивировано 1,104547 0,001646
galego 1,178655 0,000251
задняя 3,338139 0,000711
короткий 0,971016 0,000207
возвращаться 3,743604 0,000797
пролезая 5,129899 0,001092
остальные 2,239527 0,000953
предметом 3,050457 0,000649
случаях 0,971016 0,000207
чемпионате 1,178655 0,000251
после 0,317714 0,001150
получает 2,038856 0,000868
покинуть 2,732003 0,000582
положение 1,797694 0,000383
наметила 5,129899 0,001092
южная 1,797694 0,000383
катится 4,436752 0,000944
жест 3,338139 0,001421
старше 2,732003 0,001163
назначаться 5,129899 0,001092
чемпионаты 1,574551 0,000335
брать 3,338139 0,000711
контакты 1,258698 0,000268
свободных 3,183989 0,002033
включая 1,633391 0,000348
свободный 2,932674 0,003745
материала 2,490841 0,000530
двумя 1,664163 0,000708
находился 3,050457 0,000649
служебные 0,986764 0,000210
fleur 5,129899 0,001092
современный 2,357310 0,001004
языках 0,986764 0,000210
удалявшемуся 5,129899 0,001092
лыжах 1,178655 0,000251
стихи 4,436752 0,000944
контакте 4,031286 0,000858
азиатские 2,932674 0,000624
лондоне 2,357310 0,000502
свободной 0,986764 0,000210
олимпиадах 2,296685 0,001467
мужских 2,357310 0,003011
может 0,630089 0,002682
больше 0,812411 0,000346
получить 0,747872 0,000318
фон 3,520461 0,000749
направить 4,436752 0,000944
мужские 2,644992 0,000563
максимальное 2,644992 0,001126
передать 3,520461 0,000749
гол 1,546380 0,001975
связанные 0,881403 0,000375
прерывистая 5,129899 0,001092
фрг 2,564949 0,000546
интенсивности 4,436752 0,000944
бассейна 3,183989 0,000678
отредактирована 0,986764 0,000210
melayu 1,368699 0,000291
трёх 1,441019 0,000920
бросая 5,129899 0,001092
красной 2,296685 0,000489
времени 1,140915 0,001457
italiano 1,035554 0,000220
год 0,687247 0,000439
совместно 2,732003 0,000582
разрешается 2,932674 0,002497
айсшток 1,728701 0,000368
послематчевым 5,129899 0,001092
одиссее 5,129899 0,001092
հայերեն 1,198073 0,000255
мая 1,104547 0,000235
языке 2,421849 0,000516
умышленный 4,436752 0,000944
commons 0,986764 0,000210
владеющей 4,031286 0,001716
воли 3,183989 0,000678
српскохрватски 1,416327 0,000301
остановках 5,129899 0,001092
увеличения 3,183989 0,000678
пределы 2,564949 0,000546
web 1,279751 0,000272
рио 2,296685 0,000489
сводилась 5,129899 0,001092
нидерландов 2,732003 0,000582
учётную 0,986764 0,000210
bokmål 1,069456 0,000228
попеременно 3,520461 0,000749
покинет 3,520461 0,001499
засчитать 4,031286 0,000858
шаблон 2,932674 0,000624
выполняющий 3,338139 0,002842
руку 2,644992 0,000563
выполняющим 5,129899 0,001092
недовольства 5,129899 0,001092
свободном 4,031286 0,000858
посвященных 5,129899 0,001092
зависимости 1,911023 0,000407
руки 2,038856 0,001302
свяжитесь 0,986764 0,000210
катаре 2,932674 0,000624
рука 3,338139 0,001421
скользким 5,129899 0,001092
формате 3,338139 0,002132
simple 1,140915 0,000243
центру 2,932674 0,002497
дугами 5,129899 0,001092
участниками 1,994404 0,000425
стойки 2,932674 0,001248
фонд 0,940244 0,000200
центре 2,185460 0,000465
выполняющей 4,436752 0,002833
центра 2,932674 0,000624
наиболее 1,466337 0,000624
указать 5,129899 0,001092
исполняющей 5,129899 0,001092
которая 1,052361 0,000224
чешского 5,129899 0,001092
хорватии 3,338139 0,000711
соединения 3,743604 0,000797
обновления 2,644992 0,001126
история 0,555188 0,000355
непосредственно 2,134166 0,002726
полевого 4,436752 0,000944
недостатков 1,633391 0,000348
останавливать 5,129899 0,001092
ழ 1,492313 0,000318
либо 1,140915 0,000243
хорватия 2,357310 0,001004
название 1,178655 0,000251
более 0,853233 0,002361
амплуа 3,520461 0,000749
поиск 0,735450 0,000157
длинные 2,732003 0,000582
кидать 5,129899 0,001092
oldid 0,986764 0,000210
ничьи 2,932674 0,000624
исполнен 5,129899 0,001092
исполняющего 4,031286 0,000858
первое 1,279751 0,000545
ххi 5,129899 0,001092
начался 2,421849 0,000516
опасные 3,743604 0,000797
didn 5,129899 0,001092
повёрнута 5,129899 0,001092
трамплина 1,159607 0,000247
начинается 1,994404 0,000425
этого 0,881403 0,000750
устанавливаются 3,743604 0,000797
своих 1,345709 0,000286
владеющий 4,031286 0,000858
боковую 4,031286 0,002574
окрашены 4,436752 0,000944
авторства 0,986764 0,000210
принято 1,871802 0,000398
форс 4,436752 0,000944
переведено 5,129899 0,001092
затягивать 5,129899 0,001092
català 1,086847 0,000231
брошенным 5,129899 0,001092
дальнейшем 2,357310 0,000502
назначается 2,827314 0,004814
новый 0,940244 0,000200
поведение 2,932674 0,002497
новые 0,747872 0,000318
устарела 3,520461 0,000749
выйти 2,038856 0,001302
теннис 0,495170 0,000211
активная 3,743604 0,000797
лакку 3,743604 0,000797
финский 1,633391 0,000348
используемых 3,743604 0,000797
просмотры 0,986764 0,000210
فارسی 1,104547 0,000235
центральной 3,050457 0,003896
должно 1,762603 0,000750
перебрасыванию 5,129899 0,001092
секретарь 3,338139 0,002132
должны 1,178655 0,002258
секретарю 5,129899 0,001092
оригинала 1,518981 0,000323
викимедиа 0,986764 0,000210
бросает 4,031286 0,000858
политика 0,239550 0,000051
коми 3,050457 0,000649
azərbaycanca 1,258698 0,000268
сидней 3,338139 0,000711
дополнительные 0,986764 0,000210
норвегии 1,728701 0,000368
напротив 3,050457 0,001948
победители 1,797694 0,000383
заглавная 0,986764 0,000210
бросить 4,436752 0,001889
пляжного 3,743604 0,000797
обращаться 4,436752 0,000944
by 0,971016 0,000207
регби 0,955511 0,000407
назначен 2,490841 0,000530
должна 1,238078 0,001054
означает 2,490841 0,000530
русский 0,839439 0,000179
входить 5,129899 0,001092
cc 0,986764 0,000210
мячом 1,104547 0,004467
касания 3,338139 0,000711
метров 1,762603 0,000750
shqip 1,466337 0,000312
время 0,384967 0,001229
востоке 3,338139 0,000711
единственный 2,296685 0,000489
поведения 0,895792 0,000191
синтетического 4,031286 0,000858
выходить 3,520461 0,002248
перпендикулярно 5,129899 0,001092
уроки 5,129899 0,001092
победителя 1,911023 0,001220
секундомер 4,436752 0,001889
небольшом 5,129899 0,001092
внутренних 3,743604 0,000797
de 1,871802 0,000398
پنجابی 2,239527 0,000477
состоит 1,546380 0,000329
взятого 5,129899 0,001092
пределами 2,239527 0,002383
викиданных 0,986764 0,000210
внутренние 4,031286 0,000858
возрождение 3,183989 0,000678
заблуждение 5,129899 0,001092
franca 3,050457 0,000649
рассматривается 4,031286 0,000858
разногласий 3,743604 0,000797
олимпийские 0,895792 0,001144
задача 2,185460 0,000465
олимпийским 1,492313 0,000635
забросить 3,743604 0,003984
надёжно 3,743604 0,000797
ранге 2,932674 0,000624
читать 0,586604 0,000125
игр 0,367725 0,000313
примыкает 5,129899 0,001092
игф 5,129899 0,002184
другому 2,827314 0,000602
древний 4,436752 0,000944
англ 1,159607 0,000494
командные 1,797694 0,000383
командный 1,994404 0,000425
волейбол 1,019025 0,000217
оскорбление 4,031286 0,000858
олимпийских 0,799165 0,001361
выявить 3,520461 0,000749
поиску 0,971016 0,000207
обязательна 3,050457 0,000649
лишь 1,159607 0,000740
странах 1,574551 0,000670
жёлтой 3,183989 0,001355
одного 1,140915 0,000243
выпустить 4,436752 0,000944
мол 3,050457 0,009090
момент 1,301257 0,000554
удаления 3,743604 0,001594
srpskohrvatski 1,416327 0,000301
удалении 4,436752 0,001889
командных 2,932674 0,001248
中文 1,035554 0,000220
удаление 2,421849 0,006702
рубеже 3,743604 0,000797
ловкие 5,129899 0,001092
карте 3,338139 0,000711
кожи 4,031286 0,000858
нарушениях 4,436752 0,000944
выше 1,664163 0,000354
исполняет 4,436752 0,000944
canadian 4,031286 0,000858
мячей 1,871802 0,000797
среди 0,597299 0,000763
полевой 4,031286 0,000858
придумали 4,031286 0,000858
внешнюю 4,436752 0,001889
стойками 4,436752 0,001889
https 0,699082 0,000149
стандартного 4,436752 0,000944
окончательными 5,129899 0,001092
предупреждение 2,932674 0,003745
дав 3,743604 0,000797
лицу 3,520461 0,000749
tiếng 1,140915 0,000243
остановкой 4,031286 0,000858
עברית 1,052361 0,000224
лицо 3,050457 0,001299
index 0,986764 0,000210
большой 1,069456 0,000228
эта 0,867219 0,000185
iv 2,644992 0,000563
нарушены 4,436752 0,000944
предупреждений 4,436752 0,002833
должен 1,122566 0,001673
дал 2,239527 0,000477
избранные 0,971016 0,000207
ള 1,695912 0,000361
будапеште 4,031286 0,000858
покидать 3,183989 0,000678
которой 1,238078 0,000791
отвечает 3,338139 0,000711
john 2,732003 0,000582
мешать 4,031286 0,000858
лица 2,827314 0,003611
последующие 3,050457 0,000649
северной 2,185460 0,000465
обслуживается 5,129899 0,001092
названный 3,520461 0,000749
монет 5,129899 0,003276
kurdî 1,834062 0,000390
возможно 1,664163 0,000354
крикет 1,762603 0,000375
ловле 4,436752 0,000944
эти 1,323236 0,000282
раньше 2,038856 0,000434
отсчёт 3,520461 0,000749
дат 4,436752 0,000944
novial 3,520461 0,000749
видение 4,436752 0,000944
предупреждения 4,436752 0,002833
это 0,277868 0,000237
поддерживать 3,520461 0,000749
футовой 5,129899 0,001092
barbara 5,129899 0,001092
этим 1,834062 0,000390
aragonés 1,762603 0,000375
триатлон 1,633391 0,000348
taqbaylit 3,183989 0,000678
флангах 4,031286 0,000858
два 0,760451 0,000647
спортсменов 0,786093 0,000167
уведомляют 5,129899 0,001092
тяжёлая 1,633391 0,000348
этих 1,301257 0,000554
новую 1,664163 0,000354
выполнения 2,644992 0,000563
длительностью 4,031286 0,000858
выполнении 2,932674 0,000624
установили 3,050457 0,000649
аутов 4,436752 0,000944
ладонь 5,129899 0,001092
или 0,576022 0,004169
отличие 1,834062 0,000390
қазақша 1,178655 0,000251
особо 3,050457 0,000649
открытое 3,743604 0,000797
отбывает 4,436752 0,000944
открытой 2,421849 0,000516
www 1,392229 0,000296
открытом 3,520461 0,001499
доступа 4,031286 0,000858
основного 2,185460 0,001861
использования 0,393700 0,000084
новой 1,574551 0,000335
югославия 2,421849 0,001547
германия 1,140915 0,000729
югославии 2,932674 0,001248
атаковать 3,338139 0,000711
изготавливают 4,436752 0,000944
смело 4,031286 0,000858
пропустившая 5,129899 0,001092
находящегося 5,129899 0,001092
зрителя 4,031286 0,000858
игры 0,376309 0,004566
ошибке 0,955511 0,000203
ස 1,834062 0,000390
игру 1,466337 0,001561
события 0,663991 0,000283
германии 1,323236 0,001408
игре 1,198073 0,000510
выявило 4,031286 0,000858
лицам 4,031286 0,000858
жестами 5,129899 0,001092
дер 4,436752 0,000944
футболисты 2,185460 0,000465
игра 1,301257 0,001939
дополнительное 2,239527 0,002860
соревнования 0,663991 0,000283
of 1,695912 0,000361
deutsch 1,052361 0,000224
марта 0,881403 0,000375
исключённые 1,762603 0,000375
наблюдений 5,129899 0,001092
лёгкая 1,238078 0,000264
sports 1,301257 0,000277
датские 5,129899 0,001092
распространение 2,644992 0,000563
schrodt 5,129899 0,001092
дальнейшие 4,436752 0,001889
rumantsch 2,564949 0,000546
использование 1,104547 0,000235
метровых 4,436752 0,002833
чемпионатов 1,416327 0,000904
форматах 4,031286 0,000858
бёдра 4,436752 0,000944
скиинг 1,762603 0,000375
соревнований 0,881403 0,000563
планёрный 1,762603 0,000375
внешней 4,031286 0,002574
метровым 5,129899 0,001092
метровый 4,436752 0,003778
предупреждающий 5,129899 0,001092
страница 0,940244 0,000400
минутное 5,129899 0,003276
лицензии 0,986764 0,000210
карточки 3,520461 0,002997
странице 0,971016 0,000207
запись 0,955511 0,000203
qr 0,986764 0,000210
цветов 2,932674 0,000624
соперники 2,490841 0,003181
африка 2,644992 0,000563
помещениях 2,732003 0,000582
håndbold 5,129899 0,001092
страницу 0,971016 0,000207
африки 2,932674 0,000624
особыми 5,129899 0,001092
удалённого 5,129899 0,001092
санный 1,301257 0,000277
страницы 0,971016 0,000620
женский 1,441019 0,000307
техничные 5,129899 0,001092
забросившая 5,129899 0,001092
зимние 1,159607 0,000247
официальному 4,436752 0,000944
吴语 1,238078 0,000264
выполнен 3,183989 0,000678
олимпийскую 2,185460 0,000930
фристайл 1,279751 0,000272
применении 3,743604 0,000797
пассивно 5,129899 0,001092
отнести 4,436752 0,000944
женщин 1,368699 0,001165
проводимой 5,129899 0,001092
ænglisc 2,564949 0,000546
россии 0,160085 0,000136
ru 0,285712 0,000061
действовать 0,955511 0,000203
дату 2,932674 0,000624
simi 2,732003 0,000582
корпуса 3,743604 0,000797
персональных 2,185460 0,000465
женских 2,134166 0,002726
обязан 2,490841 0,000530
sa 0,986764 0,000210
scahc 5,129899 0,001092
мужчин 1,492313 0,000953
отбирать 4,436752 0,000944
дата 0,881403 0,001313
nynorsk 1,546380 0,000329
западе 2,827314 0,000602
того 0,955511 0,000610
ногой 2,732003 0,000582
проверялась 2,490841 0,000530
барселона 1,834062 0,000781
своё 1,664163 0,000354
существует 1,762603 0,000375
действует 2,421849 0,000516
свою 1,217876 0,000518
показывает 3,520461 0,000749
паса 3,743604 0,000797
разрешёнными 4,031286 0,000858
español 1,019025 0,000217
турниры 0,895792 0,000191
спид 1,762603 0,000375
игрового 2,732003 0,000582
россия 0,699082 0,000298
функции 4,031286 0,000858
наказываемое 5,129899 0,001092
конца 1,546380 0,001646
используют 2,239527 0,000477
bosanski 1,345709 0,000286
концы 5,129899 0,001092
свои 1,238078 0,000264
персональные 0,971016 0,000207
настольный 1,238078 0,000264
произошло 2,085376 0,000444
вытянута 5,129899 0,001092
развит 3,743604 0,000797
ворота 1,797694 0,003444
введения 2,827314 0,000602
владеет 3,183989 0,000678
коснулся 3,183989 0,003389
rules 2,490841 0,002121
утвердила 3,183989 0,000678
присутствовали 4,031286 0,000858
иагф 5,129899 0,002184
пересёк 4,436752 0,005666
введение 2,932674 0,000624
содействовало 5,129899 0,001092
называются 2,827314 0,001204
располагаются 2,644992 0,000563
перемещение 3,520461 0,000749
лыжное 1,279751 0,000272
полевых 3,050457 0,000649
norsk 1,052361 0,000448
столкновение 3,338139 0,000711
физическими 3,520461 0,000749
для 0,146292 0,000654
know 3,743604 0,000797
флаг 1,279751 0,000272
coin 5,129899 0,001092
соревновались 2,827314 0,000602
выбраны 4,031286 0,000858
попасть 2,185460 0,000465
polski 1,035554 0,000220
любительская 3,520461 0,000749
сопровождается 4,031286 0,005149
защищающейся 3,743604 0,001594
соперника 1,279751 0,003814
другу 2,732003 0,000582
голы 2,134166 0,000454
способу 4,031286 0,000858
org 0,986764 0,000630
зимнее 2,827314 0,000602
упразднённые 3,183989 0,000678
xi 2,932674 0,000624
гола 1,951845 0,000831
токио 2,296685 0,000489
женской 2,134166 0,000454
любой 2,038856 0,002170
женском 2,038856 0,000434
anthony 4,031286 0,000858
любом 2,357310 0,001505
xx 1,546380 0,000329
находившийся 4,031286 0,000858
мяч 1,546380 0,011520
пенсов 5,129899 0,001092
показательные 1,466337 0,000312
керамической 5,129899 0,001092
заброшенного 5,129899 0,003276
победителем 1,574551 0,000335
српски 1,035554 0,000220
над 0,986764 0,000210
распространены 3,338139 0,000711
включён 2,932674 0,000624
удалением 3,743604 0,000797
гандболистов 4,436752 0,000944
около 1,518981 0,000323
обязаны 3,338139 0,001421
проиграла 2,239527 0,000477
пошива 5,129899 0,001092
ворот 2,644992 0,029276
подъём 3,743604 0,000797
двоеборье 1,217876 0,000259
дало 3,338139 0,000711
противник 3,338139 0,000711
ски 1,069456 0,000228
сегментов 5,129899 0,001092
тела 2,134166 0,000909
ручной 4,031286 0,002574
контролем 3,338139 0,000711
аргентине 3,520461 0,000749
решением 2,932674 0,000624
лыжные 1,140915 0,000243
которые 0,760451 0,000324
который 0,799165 0,000510
конькобежный 1,238078 0,000264
идет 2,490841 0,000530
например 1,603538 0,001024
составил 2,239527 0,000477
проведены 2,357310 0,000502
которых 1,052361 0,000224
правил 1,323236 0,001690
türkçe 1,052361 0,000224
проведено 2,564949 0,000546
забивать 3,520461 0,000749
периода 2,085376 0,000444
случае 1,441019 0,002147
америка 1,797694 0,000765
тайме 2,732003 0,000582
периоду 4,436752 0,000944
жёлтая 3,743604 0,000797
союз 1,762603 0,000375
америки 1,695912 0,000722
арене 1,797694 0,000765
центральноамериканские 4,436752 0,001889
стран 1,546380 0,000987
будет 0,825834 0,000176
берлинец 5,129899 0,001092
центральная 2,827314 0,000602
кромка 4,436752 0,000944
тайма 2,644992 0,002815
сетка 3,050457 0,000649
начале 1,301257 0,001385
условиях 2,239527 0,000477
свежие 0,910391 0,000194
количеству 1,574551 0,000335
начала 1,238078 0,000264
метровой 3,338139 0,002132
использовать 1,603538 0,000683
метровом 4,031286 0,000858
другого 2,644992 0,000563
недавних 4,031286 0,000858
толчок 3,050457 0,000649
минутным 4,436752 0,002833
количества 2,421849 0,000516
амстердаме 3,743604 0,000797
xix 1,834062 0,000390
апреля 1,052361 0,000224
неё 1,797694 0,002296
получают 2,185460 0,000465
минутные 4,436752 0,000944
совершить 3,743604 0,000797
способами 3,338139 0,000711
количество 1,217876 0,000518
бейсбол 1,466337 0,000624
ней 1,762603 0,000750
международная 1,301257 0,001108
начальный 3,743604 0,005578
развивавших 5,129899 0,001092
некоммерческой 0,986764 0,000210
пересечёт 4,436752 0,000944
нет 0,825834 0,000176
годы 1,258698 0,000268
регламента 3,050457 0,000649
мужчины 1,019025 0,003687
безопасности 2,644992 0,000563
северная 2,357310 0,000502
даже 1,198073 0,000255
году 0,630089 0,002548
правилами 1,323236 0,000282
статистика 0,652562 0,000139
состоялась 2,134166 0,000454
മലയ 1,695912 0,000361
значительно 1,911023 0,000814
года 0,239550 0,000969
девочек 3,743604 0,000797
хазена 5,129899 0,002184
информация 1,035554 0,000220
владела 3,520461 0,000749
ввести 3,183989 0,000678
прямым 3,050457 0,000649
сёрфинг 1,762603 0,000375
пустые 4,436752 0,000944
источник 0,853233 0,000182
