выиграв 2,296685 0,001719
извиняться 5,129899 0,003840
играет 1,994404 0,001493
взволнован 5,129899 0,003840
чрезвычайно 3,743604 0,002802
результатом 2,644992 0,001980
ещё 0,420369 0,000315
скорректировать 5,129899 0,003840
еще 0,955511 0,004291
спасибо 2,357310 0,001764
ним 1,695912 0,001269
выигрывать 3,338139 0,002499
стал 0,586604 0,000439
теннис 0,495170 0,001112
кевин 2,085376 0,003122
ахмат 1,217876 0,001823
заявил 1,441019 0,003236
баскетбольной 3,743604 0,002802
фигурное 0,534779 0,001201
отличная 3,743604 0,002802
со 0,447767 0,001005
ушиб 4,436752 0,003321
ждем 3,520461 0,002635
дончич 2,564949 0,001920
менее 1,258698 0,000942
каспер 4,436752 0,003321
яннису 5,129899 0,003840
должно 1,762603 0,001319
клипперс 3,743604 0,002802
пол 2,357310 0,001764
сообщил 2,357310 0,001764
первом 1,052361 0,000788
таких 1,762603 0,001319
должны 1,178655 0,000882
в 0,017911 0,000563
реклама 0,735450 0,001101
янг 3,743604 0,005604
вашингтона 3,743604 0,002802
благодарен 3,743604 0,005604
и 0,023953 0,000323
политика 0,239550 0,000538
перенес 4,031286 0,003017
связь 1,392229 0,003126
й 0,825834 0,001854
четверг 2,732003 0,004090
к 0,132686 0,000298
то 0,652562 0,000977
м 0,534779 0,000400
н 0,895792 0,001341
о 0,042302 0,000507
баскетболисты 2,296685 0,003438
такие 1,518981 0,001137
п 1,086847 0,001627
насколько 3,183989 0,002383
карлайл 5,129899 0,007679
с 0,036149 0,000379
сейчас 1,104547 0,001654
левом 4,436752 0,003321
у 0,342407 0,001538
амен 5,129899 0,003840
проекты 1,198073 0,000897
авто 0,925206 0,002078
они 0,760451 0,001138
сезон 1,368699 0,001024
самару 4,436752 0,003321
возможностей 3,050457 0,004567
репортажи 1,797694 0,001346
тебя 3,338139 0,002499
я 0,853233 0,007025
вторым 1,911023 0,001430
сочи 0,853233 0,001277
джонатана 5,129899 0,003840
пор 1,574551 0,001179
футбол 0,285712 0,001069
конфиденциальности 0,317714 0,000713
вероятности 4,436752 0,003321
эван 4,436752 0,006642
лейкерс 2,239527 0,008381
продолжает 2,421849 0,001813
звезду 2,732003 0,002045
бум 1,911023 0,002861
своей 1,002764 0,000751
знают 4,031286 0,003017
теперь 0,971016 0,000727
дело 2,038856 0,001526
брайан 3,743604 0,002802
выведет 5,129899 0,003840
c 1,546380 0,001157
вырвал 3,050457 0,002283
время 0,384967 0,001441
предоставили 4,436752 0,003321
востоке 3,338139 0,002499
столичными 4,436752 0,003321
дела 2,644992 0,001980
состоялся 1,664163 0,001246
новгород 1,217876 0,002735
ресурсы 1,104547 0,001654
финалу 3,338139 0,002499
филадельфия 2,357310 0,001764
мощный 3,743604 0,002802
мелбет 1,762603 0,002639
восстановления 2,564949 0,001920
главный 1,035554 0,004651
леброна 4,436752 0,003321
адетокумбо 2,564949 0,001920
проекте 1,546380 0,002315
партнеры 2,296685 0,001719
макси 5,129899 0,003840
обновленную 5,129899 0,003840
голден 2,357310 0,001764
последнее 2,296685 0,001719
травм 2,296685 0,001719
обсуждать 3,520461 0,005270
отношусь 5,129899 0,003840
достойную 4,436752 0,003321
италия 0,867219 0,000649
соцсетях 1,466337 0,001098
вернется 3,338139 0,009994
обследование 5,129899 0,003840
получивший 2,564949 0,001920
отец 2,932674 0,002195
могу 2,732003 0,004090
тайриз 5,129899 0,003840
зарубежный 1,911023 0,004291
ставок 1,664163 0,002491
василий 2,490841 0,001864
показать 0,825834 0,000618
мма 1,069456 0,002401
овертайме 2,038856 0,003052
собираюсь 3,183989 0,007150
прокомментировал 2,564949 0,001920
кубани 3,183989 0,002383
хотя 1,546380 0,001157
кливленда 5,129899 0,003840
олимпизм 1,466337 0,003293
счет 1,797694 0,002691
себя 0,940244 0,002111
олимпийский 0,853233 0,001916
победу 0,910391 0,002044
take 4,031286 0,003017
нападении 3,520461 0,002635
читать 0,586604 0,000439
игр 0,367725 0,000550
фрэнк 3,520461 0,005270
следующей 3,183989 0,002383
материалов 1,217876 0,001823
медики 4,436752 0,003321
спортс 1,871802 0,028021
оставались 3,520461 0,002635
получил 1,002764 0,001501
куминга 4,031286 0,003017
стороны 1,546380 0,001157
постепенно 2,296685 0,001719
кларк 4,436752 0,003321
детройта 4,436752 0,003321
мне 1,871802 0,001401
карри 2,421849 0,001813
аккаунтах 4,436752 0,003321
куминги 5,129899 0,003840
дюрэнт 2,564949 0,005760
обыграли 2,296685 0,001719
справился 4,436752 0,003321
взгляды 4,031286 0,003017
биатлон 0,534779 0,001201
вперед 2,932674 0,002195
киф 5,129899 0,003840
симмонс 5,129899 0,003840
арестовать 5,129899 0,003840
задавать 5,129899 0,003840
двусторонке 5,129899 0,003840
лишь 1,159607 0,000868
локомотив 0,910391 0,001363
счетом 2,239527 0,001676
последний 0,773190 0,000579
завершить 2,827314 0,004233
мои 3,183989 0,004766
мой 2,421849 0,005438
осознать 5,129899 0,003840
говорил 3,050457 0,002283
медиальной 5,129899 0,003840
игроков 1,238078 0,001853
качества 2,644992 0,001980
сообщалось 3,743604 0,002802
хотел 2,421849 0,007251
примут 2,564949 0,001920
отметив 4,031286 0,003017
игроком 1,762603 0,001319
седоковой 3,520461 0,002635
опцией 4,436752 0,003321
номер 1,994404 0,001493
противостояния 2,732003 0,002045
через 0,971016 0,002180
москва 0,760451 0,000569
меня 1,518981 0,004548
надежда 3,338139 0,002499
понимаю 3,520461 0,002635
джейлену 5,129899 0,003840
олимп 1,762603 0,002639
христом 5,129899 0,003840
сборные 0,839439 0,001885
моя 2,185460 0,001636
джейсон 2,490841 0,001864
джини 5,129899 0,003840
мобли 4,436752 0,006642
команда 0,663991 0,000497
нацелилась 5,129899 0,003840
тиммы 3,520461 0,002635
фейковых 4,436752 0,003321
команде 1,258698 0,000942
офф 1,019025 0,000763
фанат 3,743604 0,002802
бену 5,129899 0,003840
игрока 1,492313 0,001117
возвращение 1,762603 0,001319
крис 3,183989 0,002383
матча 1,002764 0,001501
конечно 2,932674 0,004390
зенит 0,895792 0,002682
хорошей 2,932674 0,002195
проводят 2,421849 0,001813
команду 1,217876 0,000912
нынешними 5,129899 0,003840
чем 0,747872 0,000560
отстранения 3,520461 0,002635
матче 0,747872 0,003918
левого 3,743604 0,002802
очка 1,574551 0,001179
сезоне 1,466337 0,004390
мск 2,421849 0,001813
прямо 2,296685 0,001719
предпочла 5,129899 0,003840
разделе 1,728701 0,001294
действиями 3,520461 0,005270
тейтума 5,129899 0,003840
нужны 3,183989 0,004766
акрон 1,279751 0,001916
слова 1,574551 0,001179
возможно 1,664163 0,001246
был 0,663991 0,001491
регулярного 3,183989 0,002383
раньше 2,038856 0,001526
леброном 4,436752 0,003321
это 0,277868 0,001456
операцию 3,338139 0,002499
ареной 3,183989 0,002383
луки 4,436752 0,003321
ограничено 4,031286 0,003017
эту 1,492313 0,002234
сезона 1,052361 0,001575
луке 4,436752 0,003321
леон 1,797694 0,002691
разница 2,490841 0,001864
обследован 5,129899 0,003840
четырех 3,050457 0,002283
кон 4,031286 0,003017
рядом 2,185460 0,001636
дуэте 4,436752 0,003321
новую 1,664163 0,001246
понимает 5,129899 0,003840
его 0,447767 0,001005
тренер 0,895792 0,002682
отказе 3,520461 0,002635
иисусом 5,129899 0,003840
далласа 4,436752 0,003321
печенья 5,129899 0,003840
позициях 3,743604 0,002802
атакующий 2,564949 0,001920
противостоянии 3,338139 0,002499
новости 0,301585 0,001129
коллатеральной 5,129899 0,003840
томпсон 3,743604 0,002802
справятся 5,129899 0,003840
нхл 0,925206 0,002078
mail 1,301257 0,001948
или 0,576022 0,000431
дальше 1,492313 0,001117
стэйт 2,421849 0,001813
керр 5,129899 0,003840
турнир 0,699082 0,001570
потому 2,085376 0,001561
фонбет 1,466337 0,002195
трое 2,239527 0,003353
недели 2,357310 0,003529
тейтумом 5,129899 0,003840
эй 5,129899 0,015359
совпали 5,129899 0,003840
особо 3,050457 0,004567
точно 1,911023 0,001430
ответил 2,185460 0,001636
кобе 4,436752 0,003321
минимум 2,239527 0,001676
хорошего 3,520461 0,005270
использования 0,393700 0,000295
тренировки 1,546380 0,002315
смит 3,183989 0,009533
восстановление 2,732003 0,002045
вернулся 1,911023 0,001430
подошло 4,031286 0,003017
много 1,603538 0,002401
тренировка 2,732003 0,002045
енисея 4,031286 0,003017
разыгрывающий 4,436752 0,006642
когда 0,652562 0,000488
тренировке 2,827314 0,002116
играть 1,368699 0,002049
колене 4,031286 0,003017
скажу 3,743604 0,002802
результативным 4,436752 0,003321
всего 0,812411 0,002432
программа 1,574551 0,001179
уверен 2,644992 0,003960
колена 3,183989 0,002383
оренбург 1,323236 0,001981
объединению 3,520461 0,002635
игровые 1,603538 0,003601
рекордно 3,338139 0,002499
защитник 1,574551 0,001179
буду 2,296685 0,001719
акабаса 5,129899 0,003840
обращения 0,925206 0,000693
теории 3,743604 0,002802
игры 0,376309 0,000282
уважаю 4,031286 0,003017
карьеру 1,518981 0,002274
февраля 0,232059 0,004169
состояние 2,827314 0,002116
состоянии 2,421849 0,001813
игру 1,466337 0,003293
минут 1,258698 0,001884
мнению 2,732003 0,002045
джексон 4,031286 0,003017
антонио 3,050457 0,002283
строй 3,050457 0,004567
аналитика 2,421849 0,001813
бруклином 4,436752 0,003321
раунде 1,951845 0,001461
компания 1,279751 0,001916
против 0,747872 0,001679
матчей 0,940244 0,000704
именно 1,492313 0,001117
другие 0,384967 0,000864
титул 1,603538 0,001200
никс 4,031286 0,009052
прошлого 2,357310 0,001764
симмонсу 5,129899 0,003840
журналистам 3,743604 0,002802
развиваться 2,932674 0,002195
интервью 0,971016 0,000727
где 0,675551 0,000506
наверное 3,520461 0,005270
связки 3,338139 0,002499
зайти 4,436752 0,003321
моргунов 4,031286 0,003017
компании 1,301257 0,000974
показали 2,296685 0,001719
неделю 2,038856 0,001526
использование 1,104547 0,001654
пора 2,827314 0,002116
проведут 3,338139 0,002499
рекомендаций 1,871802 0,004203
самым 1,392229 0,001042
рубин 1,217876 0,001823
величии 4,436752 0,003321
вершине 3,743604 0,002802
sport 1,122566 0,000840
советов 1,217876 0,001823
ключевых 2,827314 0,004233
фрэнку 4,436752 0,003321
победой 2,038856 0,001526
тоже 1,911023 0,001430
претендентом 3,520461 0,002635
твиттера 4,436752 0,006642
есть 0,812411 0,003040
балтика 1,258698 0,003769
хьюстон 3,743604 0,002802
пистонс 4,436752 0,006642
спорт 0,224624 0,001345
моему 5,129899 0,007679
этом 0,565551 0,002117
обыграл 1,574551 0,001179
лоуренсу 5,129899 0,003840
завершилась 2,732003 0,002045
этот 0,825834 0,000618
сан 2,085376 0,001561
ерунду 4,436752 0,006642
соперники 2,490841 0,001864
расстроены 5,129899 0,003840
джереми 3,520461 0,002635
сохан 4,436752 0,006642
целого 3,338139 0,002499
отлично 3,183989 0,002383
джонатан 3,520461 0,002635
двигать 4,436752 0,003321
принял 1,664163 0,002491
высказался 1,797694 0,001346
сами 2,644992 0,003960
кейтлин 4,436752 0,003321
перехода 2,490841 0,001864
бы 1,052361 0,006302
известный 2,239527 0,001676
опасны 4,031286 0,003017
парням 5,129899 0,003840
сказал 1,762603 0,003958
кхл 0,760451 0,001708
иск 4,031286 0,003017
россии 0,160085 0,000240
составу 4,436752 0,003321
фитнес 1,574551 0,003536
сделал 1,695912 0,001269
кубок 0,524729 0,000786
подбирает 5,129899 0,003840
во 0,495170 0,000371
игрок 1,258698 0,002826
прогноз 3,743604 0,002802
важно 2,827314 0,002116
уорриорз 2,490841 0,001864
уже 0,687247 0,002058
вернуться 1,911023 0,001430
того 0,955511 0,001430
вы 0,325878 0,000488
существует 1,762603 0,001319
букмекеры 1,664163 0,002491
дэнни 4,031286 0,003017
выиграть 1,466337 0,001098
просто 1,492313 0,001117
командой 1,664163 0,002491
разрешения 3,338139 0,002499
смотреть 1,695912 0,001269
нью 2,185460 0,001636
считает 2,134166 0,001597
вопросы 2,644992 0,001980
свои 1,238078 0,000927
пари 1,301257 0,001948
января 0,825834 0,000618
поговорить 5,129899 0,003840
получиться 4,436752 0,003321
чтобы 0,773190 0,001736
плей 1,002764 0,000751
отцу 5,129899 0,003840
работе 2,134166 0,001597
эпизодах 4,031286 0,006035
казахстан 1,301257 0,002922
перед 0,839439 0,000628
дома 1,695912 0,001269
между 0,955511 0,001430
зафиксирован 3,520461 0,002635
бен 2,932674 0,002195
до 0,239550 0,000359
кавальерс 4,436752 0,006642
стивен 3,520461 0,010540
детройт 3,520461 0,002635
знал 4,031286 0,003017
проводящих 4,436752 0,003321
бет 1,834062 0,002746
лучше 1,695912 0,001269
квадрицепса 5,129899 0,003840
другой 1,492313 0,001117
скептически 4,436752 0,003321
поводу 2,732003 0,006135
взяли 2,732003 0,002045
подойдет 4,436752 0,003321
скорее 2,564949 0,001920
итоге 1,797694 0,001346
пока 1,159607 0,001736
баскетбол 0,773190 0,013311
самого 2,357310 0,001764
автодор 4,436752 0,003321
тейтум 2,564949 0,001920
клуб 0,940244 0,002111
vk 1,441019 0,001079
выбили 4,436752 0,003321
для 0,146292 0,000219
турнирная 1,441019 0,002157
прилетать 5,129899 0,003840
мото 1,574551 0,003536
сработает 5,129899 0,003840
нижний 1,159607 0,002604
видели 3,183989 0,002383
чемпионата 0,735450 0,000550
всегда 1,258698 0,000942
тренировались 4,436752 0,003321
ростов 1,002764 0,001501
тренером 1,951845 0,001461
оба 1,911023 0,002861
после 0,317714 0,001189
что 0,239550 0,002869
краснодар 0,925206 0,001385
букмекеров 1,198073 0,004484
за 0,125952 0,000566
среднем 2,239527 0,001676
рейтинг 0,565551 0,002963
позиций 3,050457 0,002283
лева 5,129899 0,003840
было 0,438551 0,001641
показатель 2,644992 0,003960
сыграть 2,421849 0,001813
локомотива 2,185460 0,001636
никита 1,603538 0,001200
баскетболистов 4,031286 0,003017
статью 1,728701 0,001294
технологиях 1,911023 0,004291
если 0,675551 0,000506
кенни 5,129899 0,003840
нетерпением 5,129899 0,003840
была 0,652562 0,000488
бетсити 1,633391 0,002445
винлайн 1,834062 0,002746
звездный 4,436752 0,003321
из 0,106018 0,000317
мной 4,436752 0,003321
здорово 3,183989 0,002383
еврокубки 1,546380 0,003472
тему 1,664163 0,001246
игровое 3,183989 0,002383
карасев 4,436752 0,003321
может 0,630089 0,000472
очками 2,490841 0,001864
нба 1,546380 0,005787
яниса 4,436752 0,003321
их 0,799165 0,001196
беларусь 1,368699 0,003073
над 0,986764 0,000739
уэйр 5,129899 0,003840
шоколадом 5,129899 0,003840
наследие 3,520461 0,002635
возможного 3,050457 0,002283
восстанавливается 4,436752 0,003321
форму 1,797694 0,001346
относился 5,129899 0,003840
хоккей 0,376309 0,001408
спартак 0,786093 0,001177
оказаться 3,183989 0,002383
нас 1,492313 0,001117
сих 2,421849 0,001813
настолько 3,050457 0,002283
обязаны 3,338139 0,002499
баскет 4,031286 0,003017
стив 3,743604 0,002802
казань 1,345709 0,001007
обратная 1,441019 0,003236
риа 1,466337 0,003293
своими 2,644992 0,003960
серию 1,466337 0,001098
цска 0,711058 0,004258
сосредоточены 4,436752 0,003321
актуальные 1,834062 0,001373
имущества 4,436752 0,003321
ряда 2,644992 0,001980
круто 3,743604 0,002802
прислал 5,129899 0,003840
брауне 5,129899 0,003840
матч 0,411400 0,001540
срокам 4,436752 0,003321
мба 3,183989 0,009533
атланта 2,932674 0,002195
лыжный 1,728701 0,003882
разгромили 3,338139 0,002499
клуба 1,178655 0,000882
йорка 4,031286 0,003017
думаю 3,050457 0,006850
которым 1,518981 0,001137
идет 2,490841 0,001864
рик 4,436752 0,006642
маи 3,338139 0,007496
динамо 0,663991 0,002485
джарен 5,129899 0,003840
книппел 4,436752 0,006642
крылья 1,258698 0,001884
обстоят 5,129899 0,003840
калифорнийский 4,436752 0,003321
ли 1,198073 0,002690
привести 3,183989 0,002383
универсальный 4,436752 0,006642
хороши 5,129899 0,003840
порзингиса 5,129899 0,003840
вор 5,129899 0,007679
сегодня 0,881403 0,001319
овертайм 3,183989 0,002383
хорошо 1,951845 0,001461
пробежит 5,129899 0,003840
брауну 5,129899 0,003840
лю 3,338139 0,002499
важен 3,520461 0,002635
будем 2,490841 0,003729
тайрону 5,129899 0,003840
лиги 0,895792 0,002682
first 2,732003 0,002045
будет 0,825834 0,003091
лиге 1,368699 0,001024
решение 1,238078 0,002780
лига 0,402511 0,002109
рассказал 1,238078 0,000927
басс 5,129899 0,003840
связалась 5,129899 0,003840
начале 1,301257 0,000974
мх 1,728701 0,002588
истории 0,630089 0,000943
мы 0,925206 0,003463
начала 1,238078 0,000927
летний 1,834062 0,002746
том 0,895792 0,000671
разрешение 4,031286 0,003017
травмы 1,492313 0,001117
на 0,023953 0,000359
подала 4,436752 0,003321
кряду 3,743604 0,002802
единой 2,644992 0,007919
участии 2,932674 0,002195
не 0,099461 0,001340
форвард 2,421849 0,005438
использовать 1,603538 0,001200
календарь 0,735450 0,001101
травму 1,911023 0,001430
парму 4,436752 0,003321
джейсоном 5,129899 0,003840
bettery 1,871802 0,002802
расти 3,743604 0,002802
которая 1,052361 0,000788
обороняется 5,129899 0,003840
но 0,402511 0,001506
водные 0,867219 0,001947
сервисов 1,834062 0,001373
таблица 0,925206 0,001385
почти 1,323236 0,000990
владивостоке 4,031286 0,003017
выездную 3,520461 0,002635
воинов 4,031286 0,003017
об 0,217244 0,000488
трэй 4,031286 0,006035
отдали 3,338139 0,004997
вернусь 5,129899 0,003840
холл 4,436752 0,003321
посмотрим 4,436752 0,003321
греческую 5,129899 0,003840
месте 1,492313 0,002234
он 0,534779 0,001601
семья 3,050457 0,002283
более 0,853233 0,001277
глубокая 4,436752 0,003321
даже 1,198073 0,001794
году 0,630089 0,000472
от 0,160085 0,000120
площадке 2,085376 0,003122
исторический 2,644992 0,001980
реальных 3,050457 0,004567
телеведущий 4,031286 0,003017
грин 4,031286 0,003017
бокс 0,576022 0,001293
контактные 3,743604 0,005604
набравший 3,520461 0,002635
катание 0,534779 0,001201
всю 1,994404 0,001493
двусторонней 5,129899 0,003840
как 0,232059 0,000347
все 0,125952 0,000848
низкий 3,338139 0,002499
площадку 2,564949 0,003840
продаже 3,050457 0,002283
премьер 1,217876 0,004558
семьей 4,436752 0,003321
pari 1,603538 0,002401
возможность 1,728701 0,001294
по 0,073653 0,000551
информации 1,518981 0,001137
текущем 2,932674 0,002195
новобранца 5,129899 0,003840
встреча 2,085376 0,001561
следует 2,038856 0,001526
лидерские 5,129899 0,003840
информацию 2,134166 0,001597
обидно 4,031286 0,003017
амбициозные 3,743604 0,002802
этого 0,881403 0,001979
втб 1,834062 0,005491
очень 1,140915 0,001708
эткинсон 5,129899 0,003840
селтикс 2,421849 0,003626
бруклина 4,436752 0,003321
активно 2,239527 0,001676
кости 3,183989 0,002383
второй 0,786093 0,000588
условия 0,411400 0,000308
