англии 2,038856 0,000685
день 0,760451 0,000255
найти 2,085376 0,000700
экспорт 0,986764 0,000331
бортика 4,436752 0,001490
сторонах 4,031286 0,002707
фотофиниша 4,436752 0,001490
lccn 1,492313 0,000501
наколенники 4,436752 0,001490
пробежал 3,743604 0,001257
стал 0,586604 0,001182
водно 1,762603 0,000592
указан 1,301257 0,000437
играх 0,699082 0,000469
нис 5,129899 0,001723
vii 3,183989 0,001069
выиграл 1,178655 0,000396
см 0,955511 0,000963
ситуации 1,994404 0,000670
日本語 1,035554 0,000348
со 0,447767 0,000301
беговая 4,031286 0,005415
центр 0,881403 0,000296
частью 1,728701 0,001161
одну 1,762603 0,001184
лезвии 4,436752 0,001490
декабря 0,881403 0,000592
воду 1,492313 0,000501
slovenščina 1,345709 0,000452
под 0,723179 0,000729
парусный 1,574551 0,000529
заявление 0,867219 0,000291
лезвие 5,129899 0,003445
муратов 5,129899 0,001723
обратно 2,732003 0,000917
ногу 3,520461 0,001182
пом 1,695912 0,000569
основан 1,871802 0,000629
бруском 5,129899 0,003445
стр 2,564949 0,000861
дополнительно 2,932674 0,001970
иностранные 4,031286 0,001354
одна 1,392229 0,000468
немного 2,038856 0,000685
содержание 0,971016 0,000652
eesti 1,069456 0,000359
лет 0,475938 0,000160
появилась 2,185460 0,000734
čeština 1,035554 0,000348
то 0,652562 0,000219
метра 2,932674 0,000985
такие 1,518981 0,000510
радиус 4,436752 0,002980
викисклад 1,035554 0,000695
конька 4,436752 0,007449
стартует 2,490841 0,000836
britannica 1,518981 0,001020
корфбол 1,762603 0,000592
коньки 2,564949 0,003445
каноэ 1,633391 0,000548
конфиденциальности 0,317714 0,000107
скоростной 3,338139 0,003363
финишах 4,436752 0,001490
лидия 4,436752 0,001490
универсиады 2,732003 0,000917
slovenčina 1,069456 0,000359
wikipedia 0,986764 0,000663
gnd 1,392229 0,000468
scots 1,695912 0,000569
преимущественно 2,490841 0,000836
длинной 3,520461 0,001182
получается 3,520461 0,001182
национальное 4,031286 0,001354
македонски 1,258698 0,000423
при 0,367725 0,000494
каждом 1,871802 0,000629
j 1,466337 0,000492
эден 5,129899 0,001723
финалы 2,185460 0,000734
каната 1,762603 0,000592
призёр 2,185460 0,000734
регистрироваться 4,436752 0,001490
национальной 2,085376 0,000700
размечается 4,436752 0,001490
про 1,301257 0,000437
ушу 1,728701 0,000580
состоялся 1,664163 0,001676
твердом 5,129899 0,001723
индивидуальные 2,134166 0,000717
замкнутому 5,129899 0,001723
u 1,345709 0,000452
каждой 1,546380 0,001039
w 0,955511 0,000321
второго 1,466337 0,000492
также 0,663991 0,002230
введением 4,031286 0,001354
литовская 2,085376 0,000700
العربية 1,069456 0,000359
спорту 2,038856 0,003423
фризский 1,762603 0,000592
одной 1,238078 0,000416
одном 1,603538 0,001077
заменяется 4,031286 0,001354
каждую 2,932674 0,000985
библиографических 1,323236 0,000444
разработчики 0,986764 0,000331
скобликова 4,436752 0,001490
isu 1,603538 0,001077
траве 1,466337 0,000985
обнаруженные 5,129899 0,001723
red 3,520461 0,001182
россиянин 2,185460 0,001468
почтовая 2,421849 0,003253
филадельфии 4,031286 0,001354
украины 1,797694 0,000604
малое 4,436752 0,001490
правки 0,986764 0,000663
детско 2,932674 0,000985
краёв 3,520461 0,001182
представляет 1,871802 0,000629
студентов 2,732003 0,000917
tolışi 1,871802 0,000629
спорта 0,342407 0,002185
клапы 5,129899 0,003445
конькобе 5,129899 0,001723
победу 0,910391 0,000611
баскская 1,762603 0,000592
спорте 2,038856 0,002054
июня 1,217876 0,000409
системе 0,867219 0,000291
allround 5,129899 0,001723
зафиксированные 5,129899 0,001723
каталогах 1,323236 0,000444
проектах 0,986764 0,000331
могут 0,760451 0,000511
победы 0,971016 0,000652
việt 1,140915 0,000383
отказ 0,910391 0,000306
сохранением 0,986764 0,000331
аппаратурой 5,129899 0,001723
длину 2,564949 0,000861
дзюдо 1,466337 0,000492
получил 1,002764 0,000337
гонка 1,871802 0,001257
конькобежному 3,743604 0,006285
один 0,711058 0,001433
синхронное 1,664163 0,000559
гонке 2,185460 0,001468
инсбруке 3,743604 0,001257
вначале 3,183989 0,001069
очков 1,198073 0,002816
количеством 2,085376 0,000700
мистером 5,129899 0,001723
прошли 1,762603 0,001184
полностью 1,546380 0,000519
входит 1,871802 0,000629
конёк 5,129899 0,001723
входил 4,031286 0,001354
гонку 2,564949 0,000861
длина 2,421849 0,001626
вперед 2,932674 0,000985
клапах 5,129899 0,001723
кочевому 5,129899 0,001723
лезвия 4,436752 0,005959
чертой 3,743604 0,001257
провёл 2,134166 0,000717
гонки 1,002764 0,000673
часть 1,441019 0,000484
жестким 4,436752 0,001490
физической 1,664163 0,001118
лезвию 5,129899 0,001723
финише 2,732003 0,001835
последний 0,773190 0,000519
скоростей 4,436752 0,001490
клап 4,436752 0,002980
организовывал 5,129899 0,001723
углом 3,050457 0,001024
архив 1,258698 0,000423
части 1,664163 0,000559
заморозки 5,129899 0,001723
pdf 0,940244 0,000316
описание 0,986764 0,000331
шеи 3,183989 0,001069
специализированная 5,129899 0,001723
дорожкой 4,031286 0,001354
заменить 1,951845 0,000655
разметка 3,338139 0,001121
одновременно 1,762603 0,001776
bahasa 1,086847 0,000730
старейший 3,338139 0,001121
смещают 5,129899 0,001723
выигрывала 3,183989 0,001069
российское 2,932674 0,000985
океании 3,050457 0,001024
надевают 4,436752 0,001490
подряд 1,258698 0,000423
океания 2,490841 0,000836
российской 1,178655 0,000396
lietuvių 1,140915 0,000383
допускается 2,564949 0,000861
заусенец 5,129899 0,001723
современное 1,574551 0,000529
стрельба 1,492313 0,001002
официально 1,159607 0,000389
словаре 4,436752 0,001490
словари 1,217876 0,000409
екатерина 2,185460 0,000734
шлифуется 5,129899 0,003445
сквош 1,728701 0,000580
вклад 0,971016 0,000326
indonesia 1,086847 0,000365
старейших 3,338139 0,001121
текст 0,986764 0,000331
очко 1,911023 0,000642
команды 0,555188 0,000746
параллельно 2,357310 0,000792
ноября 0,971016 0,000326
проводиться 2,038856 0,001369
командная 2,085376 0,001401
очки 1,466337 0,001970
архивная 1,633391 0,001097
esperanto 1,198073 0,000402
промежуточных 4,031286 0,002707
команду 1,217876 0,000409
bull 4,031286 0,001354
чемпиона 1,466337 0,000985
закрепляются 4,436752 0,001490
призовых 3,520461 0,002364
века 1,441019 0,001452
перейти 0,867219 0,000582
сезоне 1,466337 0,000492
овал 5,129899 0,001723
изменился 2,827314 0,000949
webcitation 2,038856 0,000685
системы 1,951845 0,000655
одним 1,416327 0,000476
скелетон 1,258698 0,000423
слова 1,574551 0,000529
спортсмена 1,834062 0,001848
українська 1,035554 0,000348
радиоаппаратура 5,129899 0,001723
разыграно 3,743604 0,001257
перераб 4,031286 0,002707
картина 3,743604 0,001257
англо 4,031286 0,001354
находится 1,492313 0,000501
нумизматике 5,129899 0,003445
организовала 3,520461 0,001182
парами 3,743604 0,003771
лякросс 1,762603 0,000592
азербайджана 3,520461 0,001182
подготовки 1,633391 0,000548
издаёт 5,129899 0,001723
разыграны 3,743604 0,001257
сезона 1,052361 0,000707
пружина 4,436752 0,001490
длиннее 3,520461 0,001182
крытые 4,031286 0,001354
спортсмен 1,466337 0,002462
петров 2,564949 0,001723
огонёк 4,436752 0,001490
штейнбах 3,743604 0,001257
рэкетс 1,728701 0,000580
ответственности 0,971016 0,000326
измерении 5,129899 0,001723
звания 2,827314 0,001899
его 0,447767 0,000301
шансы 1,951845 0,000655
крытых 5,129899 0,001723
только 0,447767 0,000451
проходившем 3,743604 0,001257
используется 1,633391 0,000548
php 0,986764 0,000331
cite 1,258698 0,000845
шорт 1,086847 0,006204
бадминтон 1,546380 0,000519
лобышева 5,129899 0,001723
проходят 1,728701 0,001741
каждого 1,633391 0,000548
железовский 5,129899 0,001723
трое 2,239527 0,001504
подразумеваются 5,129899 0,001723
мире 1,198073 0,000805
горнолыжный 1,301257 0,000437
мира 0,367725 0,003951
pages 0,986764 0,000331
зачета 5,129899 0,001723
организованные 5,129899 0,001723
гэльский 1,762603 0,000592
струнников 5,129899 0,001723
занятых 3,743604 0,001257
старте 1,994404 0,001339
относительно 2,564949 0,000861
создавая 3,743604 0,001257
когда 0,652562 0,000438
могли 1,664163 0,000559
предыдущие 3,338139 0,001121
женскую 4,031286 0,001354
вверх 2,421849 0,000813
разыгрывался 3,520461 0,002364
гандбол 1,178655 0,001187
проводятся 1,574551 0,007931
svenska 1,035554 0,000348
годов 1,301257 0,000874
назад 1,140915 0,000383
чего 1,345709 0,000452
моторный 1,762603 0,000592
куки 0,971016 0,000326
ссср 0,940244 0,004104
разрешено 2,490841 0,000836
доступен 0,971016 0,000326
будо 1,762603 0,000592
финишей 5,129899 0,001723
главном 3,183989 0,001069
определялся 3,050457 0,001024
головы 2,357310 0,000792
строй 3,050457 0,001024
величина 5,129899 0,001723
петрусева 5,129899 0,001723
фехтование 1,546380 0,000519
повороте 4,436752 0,001490
перетягивание 1,762603 0,000592
против 0,747872 0,000753
так 0,597299 0,000201
финишная 5,129899 0,001723
поворота 4,031286 0,004061
изготавливаются 4,031286 0,001354
французский 1,392229 0,000468
interlingua 1,603538 0,000538
федерация 1,002764 0,000337
запрещены 2,421849 0,001626
другим 1,762603 0,000592
примечания 1,002764 0,000673
где 0,675551 0,000227
других 0,853233 0,000860
состояния 3,520461 0,001182
англия 1,574551 0,000529
чётные 5,129899 0,001723
херенвене 5,129899 0,001723
мировые 2,827314 0,001899
причерноморье 5,129899 0,001723
сообщить 0,799165 0,000268
повороты 3,338139 0,001121
пятиборье 1,574551 0,000529
приводит 2,357310 0,000792
запрещено 2,421849 0,000813
физкультура 2,421849 0,001626
федераций 2,134166 0,000717
чемпионкой 2,564949 0,001723
культуры 1,834062 0,001232
исключение 3,050457 0,001024
скалолазание 1,728701 0,000580
национальных 1,871802 0,000629
есть 0,812411 0,000273
чистом 4,436752 0,001490
линию 2,564949 0,000861
спорт 0,224624 0,001659
конный 1,664163 0,000559
limburgs 2,134166 0,000717
этом 0,565551 0,000570
мобильная 0,608110 0,000204
линии 1,951845 0,000655
english 0,925206 0,000621
набрать 3,338139 0,001121
национальные 1,695912 0,001708
press 2,185460 0,000734
переходной 4,436752 0,004470
четыре 1,140915 0,000383
рсфср 2,732003 0,000917
марка 2,038856 0,006846
suomi 1,052361 0,000353
марке 4,031286 0,002707
друг 1,834062 0,000616
бронзовый 2,038856 0,000685
соревнуются 2,732003 0,002752
экипировка 2,564949 0,002584
художественная 1,633391 0,000548
стала 0,881403 0,000296
схема 2,732003 0,000917
длинных 3,520461 0,001182
учреждена 2,932674 0,000985
можно 1,002764 0,001010
стали 0,971016 0,001630
română 1,122566 0,000377
коротких 3,520461 0,001182
français 1,019025 0,000342
финишной 5,129899 0,001723
бонни 5,129899 0,001723
элемент 0,955511 0,000321
nkc 1,574551 0,000529
появился 2,296685 0,001542
первая 0,867219 0,000291
впервые 0,839439 0,000846
oʻzbekcha 1,140915 0,000383
женщины 0,881403 0,000592
раз 0,504926 0,000170
чемпионат 0,277868 0,001586
ўзбекча 1,140915 0,000383
случайная 0,986764 0,000331
latviešu 1,052361 0,000353
медео 5,129899 0,005168
необходимо 1,994404 0,002009
выставить 4,031286 0,001354
выиграть 1,466337 0,000492
постоянная 0,986764 0,000331
шести 1,911023 0,000642
указанием 0,986764 0,000331
ездят 5,129899 0,001723
версия 0,485508 0,000489
распада 2,564949 0,000861
бегу 4,031286 0,001354
нью 2,185460 0,000734
прошёл 1,574551 0,000529
шесть 1,546380 0,000519
обычно 1,695912 0,000569
clap 5,129899 0,001723
европы 0,524729 0,002643
бега 3,338139 0,001121
тем 1,217876 0,000409
популярный 2,932674 0,000985
поло 1,441019 0,000968
беге 3,520461 0,002364
варианте 3,338139 0,001121
разыгрывалась 4,436752 0,001490
первенствах 3,050457 0,001024
игорь 1,951845 0,000655
фишки 5,129899 0,001723
между 0,955511 0,000321
проводился 2,038856 0,000685
знак 0,986764 0,000331
увеличить 3,520461 0,001182
лезвиями 5,129899 0,001723
особенность 4,031286 0,001354
соответствии 1,086847 0,000365
австралийский 1,728701 0,000580
спринт 2,296685 0,002314
бег 2,827314 0,004747
эстафетах 3,520461 0,001182
спортсмены 1,140915 0,003448
случаются 3,743604 0,001257
первого 1,258698 0,000423
виды 0,773190 0,001039
москвичка 5,129899 0,001723
позволило 2,932674 0,000985
сопротивления 3,743604 0,001257
велли 4,031286 0,001354
короткие 2,644992 0,000888
медиафайлы 1,217876 0,000818
самого 2,357310 0,000792
клуб 0,940244 0,000316
противоположных 4,031286 0,004061
архивировано 1,104547 0,000742
автор 2,421849 0,000813
вида 1,664163 0,000559
задняя 3,338139 0,001121
короткий 0,971016 0,000326
зеркального 5,129899 0,001723
мария 1,834062 0,000616
комплектов 2,644992 0,000888
олимпийского 1,603538 0,000538
племени 5,129899 0,001723
чемпионата 0,735450 0,000494
возвращает 5,129899 0,001723
случаях 0,971016 0,000326
лэмбом 5,129899 0,001723
чемпионате 1,178655 0,000792
оба 1,911023 0,000642
после 0,317714 0,000533
кодекс 0,971016 0,000326
набранным 3,520461 0,001182
техникумов 5,129899 0,003445
тип 1,871802 0,000629
статьи 0,524729 0,000529
тоньше 4,436752 0,001490
бобслей 1,238078 0,000416
чемпионаты 1,574551 0,011103
поверхность 2,932674 0,000985
ограничивающие 3,743604 0,001257
дистанциях 3,520461 0,027190
включая 1,633391 0,000548
посвящённая 3,743604 0,001257
применяться 3,743604 0,001257
служебные 0,986764 0,000331
статья 0,986764 0,000663
пробежала 4,436752 0,001490
языках 0,986764 0,000331
wikimedia 0,986764 0,000331
современных 2,932674 0,000985
лыжах 1,178655 0,000396
чемпионату 2,732003 0,004587
сбивать 5,129899 0,001723
лондоне 2,357310 0,000792
свободной 0,986764 0,000331
часовой 3,743604 0,003771
учебник 3,050457 0,002049
карате 1,728701 0,000580
бегущий 5,129899 0,001723
стенин 5,129899 0,001723
ελληνικά 1,086847 0,000365
получить 0,747872 0,000251
язык 1,258698 0,000423
нидерланды 1,728701 0,000580
эгиду 4,436752 0,001490
исключительно 2,357310 0,000792
оторвав 5,129899 0,001723
разыгрывается 2,827314 0,000949
сформировать 5,129899 0,001723
связанные 0,881403 0,000296
прочие 1,345709 0,000452
определённую 3,743604 0,001257
участники 1,518981 0,000510
отредактирована 0,986764 0,000331
melayu 1,368699 0,000460
трёх 1,441019 0,000968
куликов 3,743604 0,001257
creative 0,986764 0,000331
nederlands 1,019025 0,000342
наград 2,134166 0,000717
суммируются 4,436752 0,001490
wayback 1,633391 0,001097
раза 1,834062 0,000616
времени 1,140915 0,000766
italiano 1,035554 0,000348
стокгольме 3,050457 0,001024
год 0,687247 0,000923
айсшток 1,728701 0,000580
характерный 4,436752 0,001490
международный 1,258698 0,000423
հայերեն 1,198073 0,000402
башҡортса 1,518981 0,000510
завоевания 3,338139 0,001121
задумывался 4,031286 0,001354
создан 2,357310 0,000792
йорке 3,338139 0,001121
кремнечевская 5,129899 0,001723
мая 1,104547 0,000742
euskara 1,122566 0,000377
запрещается 3,183989 0,001069
выиграли 1,518981 0,000510
commons 0,986764 0,000331
иркутске 5,129899 0,001723
форматов 5,129899 0,001723
командной 3,743604 0,002514
расстояние 2,644992 0,001776
увеличению 4,031286 0,001354
web 1,279751 0,000859
командном 2,296685 0,000771
даётся 3,183989 0,001069
эрикссон 4,436752 0,001490
крупные 2,357310 0,000792
учётную 0,986764 0,000331
самой 1,574551 0,000529
советского 2,421849 0,000813
текущие 0,940244 0,000316
масс 2,827314 0,004747
пропустить 3,520461 0,001182
быстрее 2,732003 0,000917
самое 2,085376 0,000700
глима 1,762603 0,000592
создать 0,825834 0,000277
стартуют 3,520461 0,004729
страны 1,052361 0,000353
вместе 1,178655 0,000396
международных 1,492313 0,000501
asturianu 1,323236 0,000444
чемпионка 1,911023 0,000642
прохождения 3,050457 0,001024
свяжитесь 0,986764 0,000331
чемпионом 1,122566 0,001885
печать 0,986764 0,000331
simple 1,140915 0,000383
летние 1,238078 0,000416
спортсменам 1,871802 0,000629
истории 0,630089 0,000212
пелота 1,728701 0,000580
олимпиаде 0,895792 0,000301
фонд 0,940244 0,000316
обсуждение 0,881403 0,000592
союза 1,797694 0,000604
которая 1,052361 0,000353
нидерландском 5,129899 0,001723
выиграны 4,436752 0,001490
искусственной 4,436752 0,002980
организации 0,812411 0,000273
товарный 0,986764 0,000331
история 0,555188 0,001305
раннее 3,743604 0,001257
олимпиады 0,925206 0,001243
три 0,786093 0,001848
калгари 2,932674 0,002954
начиная 1,492313 0,001503
жный 5,129899 0,001723
полученных 2,932674 0,000985
школа 2,185460 0,000734
спартакиада 3,050457 0,001024
российская 0,799165 0,000268
ழ 1,492313 0,000501
конькобежца 5,129899 0,005168
clapskate 5,129899 0,001723
либо 1,140915 0,000766
чемпионами 1,664163 0,000559
спартакиаде 3,743604 0,001257
отталкивания 4,436752 0,001490
радиусом 3,520461 0,001182
печати 0,955511 0,000321
названии 3,338139 0,001121
искусственном 5,129899 0,001723
итоговое 3,338139 0,001121
название 1,178655 0,000396
более 0,853233 0,000573
поиск 0,735450 0,000247
чемпион 0,867219 0,000291
челябинске 3,050457 0,001024
условий 0,881403 0,000296
франц 3,338139 0,001121
условии 2,827314 0,000949
набравшие 4,436752 0,001490
oldid 0,986764 0,000331
набравший 3,520461 0,001182
лыжи 1,019025 0,000342
катание 0,534779 0,000359
конькобежцы 4,031286 0,006768
как 0,232059 0,000545
забеги 3,743604 0,008800
дистанцию 2,564949 0,003445
дистанция 2,644992 0,002665
забегу 4,436752 0,001490
помогать 4,436752 0,001490
распределялись 5,129899 0,001723
рекорды 1,762603 0,001776
командную 3,743604 0,001257
втором 1,695912 0,000569
дистанции 1,911023 0,008984
забеге 3,050457 0,003073
памятной 5,129899 0,001723
дистанций 3,338139 0,002242
прохождение 3,520461 0,001182
трамплина 1,159607 0,000389
тарашкевіца 1,198073 0,000402
забега 3,743604 0,002514
костюмы 4,031286 0,001354
этого 0,881403 0,000296
забегов 3,743604 0,002514
авторства 0,986764 0,000331
чемпионов 0,652562 0,000219
проводились 1,603538 0,002154
тренеры 1,911023 0,000642
второй 0,786093 0,000528
условия 0,411400 0,000276
финал 1,258698 0,000423
català 1,086847 0,000365
увеличивая 4,031286 0,001354
биографии 4,436752 0,001490
dansk 1,069456 0,000359
новый 0,940244 0,000316
специальных 2,932674 0,000985
новые 0,747872 0,000502
ещё 0,420369 0,000141
высшие 3,183989 0,001069
знаменитом 3,743604 0,001257
теннис 0,495170 0,000333
получили 1,664163 0,000559
толчка 4,436752 0,001490
наименьшую 5,129899 0,003445
фигурное 0,534779 0,000180
финский 1,633391 0,000548
начисляются 3,338139 0,001121
просмотры 0,986764 0,000331
проведён 2,038856 0,002054
فارسی 1,104547 0,000371
конькобежка 3,183989 0,001069
видам 2,038856 0,000685
абсолютное 4,031286 0,001354
разделяющую 5,129899 0,001723
беларуская 1,069456 0,000718
перчатки 2,827314 0,000949
первой 1,019025 0,000342
александр 0,925206 0,000311
а 0,209918 0,000493
б 1,466337 0,000492
в 0,017911 0,000818
оригинала 1,518981 0,000510
г 0,925206 0,000621
викимедиа 0,986764 0,000331
е 0,867219 0,000874
передней 3,183989 0,001069
и 0,023953 0,000539
политика 0,239550 0,000080
й 0,825834 0,000277
определяется 2,038856 0,000685
к 0,132686 0,000267
л 2,038856 0,000685
велоспорт 1,178655 0,000396
льду 2,421849 0,004879
м 0,534779 0,007363
обычном 4,031286 0,001354
н 0,895792 0,000902
о 0,042302 0,000043
альпинизм 1,323236 0,000444
бровки 5,129899 0,003445
с 0,036149 0,000510
она 0,825834 0,000555
скейтбординг 1,762603 0,000592
аэродинамические 4,031286 0,001354
т 1,368699 0,000460
у 0,342407 0,001495
х 0,986764 0,000663
дополнительные 0,986764 0,000331
разыгрывались 3,743604 0,001257
скачать 0,895792 0,000602
они 0,760451 0,000511
забег 3,183989 0,001069
заглавная 0,986764 0,000331
оно 2,038856 0,000685
сочи 0,853233 0,000287
льда 3,743604 0,001257
футбол 0,285712 0,000480
изменилась 2,732003 0,000917
конек 4,436752 0,001490
объединяет 2,827314 0,000949
атлетика 1,052361 0,000707
by 0,971016 0,000326
регби 0,955511 0,000642
тонким 5,129899 0,001723
экз 2,732003 0,001835
deadlink 2,038856 0,000685
русский 0,839439 0,000282
копия 1,574551 0,001057
cc 0,986764 0,000331
стрелки 3,743604 0,003771
мячом 1,104547 0,000371
метров 1,762603 0,009470
классический 3,338139 0,001121
время 0,384967 0,000388
классических 3,743604 0,001257
аверина 4,436752 0,001490
поведения 0,895792 0,000301
трекисты 4,436752 0,001490
аналог 4,031286 0,001354
алфавиту 1,159607 0,000389
ресурсы 1,104547 0,000371
внутренним 4,436752 0,001490
тремя 2,932674 0,000985
кругов 3,520461 0,001182
победитель 1,258698 0,000423
петербурге 2,296685 0,000771
представились 0,986764 0,000331
классические 3,743604 0,001257
повторяющий 5,129899 0,001723
粵語 1,178655 0,000396
восемь 2,038856 0,000685
викиданных 0,986764 0,000331
தம 1,492313 0,000501
сумму 2,932674 0,001970
викискладе 1,217876 0,000818
получения 2,421849 0,000813
сноуборд 1,238078 0,000416
победить 2,732003 0,001835
надо 2,038856 0,000685
сумме 1,994404 0,003349
олимпийские 0,895792 0,002406
паншин 5,129899 0,001723
xvii 2,490841 0,000836
мест 1,951845 0,001966
хотя 1,546380 0,000519
делают 2,564949 0,000861
олимпийским 1,492313 0,000501
олимпийский 0,853233 0,000287
нарушивший 4,031286 0,001354
хёрлинг 1,762603 0,000592
соревнованиях 1,159607 0,000389
читать 0,586604 0,000197
игр 0,367725 0,000617
древние 3,743604 0,001257
банка 3,338139 0,001121
закруглениями 5,129899 0,001723
треку 3,520461 0,003546
англ 1,159607 0,001168
командные 1,797694 0,000604
спринтерскому 5,129899 0,003445
блэр 5,129899 0,001723
командный 1,994404 0,002009
всех 0,652562 0,000219
профессиональными 4,031286 0,001354
волейбол 1,019025 0,000342
треке 3,183989 0,005346
title 0,986764 0,000331
обеих 2,296685 0,000771
состоявшееся 5,129899 0,001723
олимпийских 0,799165 0,002415
внутренней 3,183989 0,009623
трека 5,129899 0,005168
плавание 1,198073 0,000805
биатлон 0,534779 0,000180
пожертвовать 0,986764 0,000331
заканчивает 4,436752 0,001490
поиску 0,971016 0,000326
шлем 1,951845 0,001311
раздельным 3,743604 0,001257
спортсменки 2,357310 0,000792
скороход 5,129899 0,001723
беговых 3,520461 0,001182
берлине 3,338139 0,001121
ссылка 0,786093 0,000264
середины 2,421849 0,001626
ото 4,031286 0,001354
стартовой 3,520461 0,001182
ссылки 0,839439 0,001409
中文 1,035554 0,000348
канадская 2,490841 0,000836
помимо 1,911023 0,000642
неподвижна 5,129899 0,001723
этапы 2,421849 0,000813
коньках 2,932674 0,008863
спринте 2,357310 0,000792
эру 4,031286 0,001354
названы 4,031286 0,001354
среди 0,597299 0,002407
циклическим 5,129899 0,001723
каток 4,031286 0,001354
осуществлялись 4,436752 0,001490
становится 1,664163 0,000559
москве 1,518981 0,001020
выносить 4,436752 0,001490
внешнюю 4,436752 0,001490
канавки 4,436752 0,001490
москва 0,760451 0,000255
отдельных 0,986764 0,003314
нечётные 4,436752 0,001490
голландская 5,129899 0,001723
хоккейных 3,050457 0,001024
составитель 3,183989 0,001069
https 0,699082 0,000235
филателии 3,183989 0,002138
континентов 3,183989 0,002138
квадах 1,762603 0,000592
северном 4,031286 0,001354
юниоров 1,728701 0,001741
позже 1,518981 0,000510
дополнительную 4,031286 0,001354
tiếng 1,140915 0,000383
отдельные 2,239527 0,000752
עברית 1,052361 0,000353
index 0,986764 0,000331
преследования 2,827314 0,004747
павел 1,871802 0,000629
эта 0,867219 0,000291
большое 1,951845 0,000655
должен 1,122566 0,000377
длиной 3,338139 0,002242
версты 5,129899 0,001723
избранные 0,971016 0,000326
которое 1,871802 0,000629
проводится 1,546380 0,001039
мешать 4,031286 0,001354
последующие 3,050457 0,001024
северной 2,185460 0,000734
котором 1,217876 0,000818
чем 0,747872 0,000251
крышей 3,338139 0,001121
участникам 2,827314 0,000949
kurdî 1,834062 0,000616
занимают 2,932674 0,001970
жен 2,564949 0,000861
крикет 1,762603 0,000592
был 0,663991 0,001338
круге 2,185460 0,000734
круга 2,134166 0,001433
археологами 5,129899 0,001723
объявил 2,185460 0,000734
это 0,277868 0,000373
триатлон 1,633391 0,000548
код 0,986764 0,004308
два 0,760451 0,000511
смена 2,357310 0,000792
лука 1,198073 0,000402
кругу 3,338139 0,001121
прямой 2,239527 0,005264
спортсменов 0,786093 0,001056
тяжёлая 1,633391 0,000548
две 1,019025 0,001369
рядом 2,185460 0,000734
новую 1,664163 0,000559
url 0,986764 0,000331
детей 2,038856 0,000685
machine 1,633391 0,001097
половине 1,911023 0,000642
смене 3,050457 0,001024
заточки 5,129899 0,003445
новости 0,301585 0,000101
катков 5,129899 0,001723
войти 0,735450 0,000247
старт 1,416327 0,002854
катке 4,436752 0,002980
гольф 1,574551 0,000529
или 0,576022 0,000580
катка 4,031286 0,002707
свердловске 5,129899 0,003445
финляндия 1,492313 0,000501
звук 4,031286 0,001354
қазақша 1,178655 0,000396
катки 4,436752 0,001490
вышли 1,797694 0,000604
байдарках 1,603538 0,000538
свободная 3,743604 0,001257
использования 0,393700 0,000132
муж 3,520461 0,001182
медалей 1,238078 0,000416
мужскую 4,031286 0,001354
резерва 3,743604 0,001257
инструменты 0,986764 0,000663
защиту 2,827314 0,000949
программа 1,574551 0,000529
повторно 3,743604 0,001257
феврале 2,038856 0,000685
классическое 3,743604 0,001257
первым 1,238078 0,001663
девушек 2,932674 0,000985
первые 0,971016 0,001956
финляндии 2,421849 0,000813
классическом 4,031286 0,012183
тоҷикӣ 1,695912 0,000569
боковая 4,031286 0,001354
обращения 0,925206 0,000621
программу 1,466337 0,001477
конькобежец 4,436752 0,007449
первый 0,687247 0,001615
игры 0,376309 0,000758
гётеборге 5,129899 0,001723
фигурных 5,129899 0,001723
игровым 3,743604 0,001257
февраля 0,232059 0,000078
ошибке 0,955511 0,000321
олимпийская 1,911023 0,001283
no 1,911023 0,000642
четырёх 1,603538 0,003769
гётеборга 5,129899 0,001723
минут 1,258698 0,000423
события 0,663991 0,000223
коньками 5,129899 0,001723
полученное 4,436752 0,001490
происходит 1,695912 0,000569
бегущего 5,129899 0,001723
соревнования 0,663991 0,004459
марта 0,881403 0,000296
исключённые 1,762603 0,000592
скво 3,183989 0,001069
исакова 4,031286 0,001354
лёгкая 1,238078 0,000416
прыжки 1,019025 0,001027
чемпионатом 2,732003 0,001835
альбервилля 5,129899 0,001723
составляют 2,732003 0,000917
включает 2,038856 0,000685
форматах 4,031286 0,001354
материал 0,825834 0,000277
самым 1,392229 0,000468
скиджоринг 1,762603 0,000592
скиинг 1,762603 0,000592
ph 1,762603 0,000592
империи 2,296685 0,000771
соревнований 0,881403 0,000592
самые 1,633391 0,000548
фальстарта 5,129899 0,003445
зимних 1,633391 0,001097
малков 5,129899 0,001723
планёрный 1,762603 0,000592
приглашались 5,129899 0,001723
внешней 4,031286 0,005415
миль 3,183989 0,001069
установив 2,827314 0,001899
милю 4,436752 0,001490
навигация 0,986764 0,000663
страница 0,940244 0,000631
ботинка 5,129899 0,001723
спринтерскую 5,129899 0,001723
лицензии 0,986764 0,000331
совершивший 4,436752 0,001490
странице 0,971016 0,000326
многоборье 3,743604 0,021370
иматре 5,129899 0,001723
борьба 1,002764 0,000337
запись 0,955511 0,000321
навигации 0,986764 0,000331
qr 0,986764 0,000331
правила 0,910391 0,001223
африка 2,644992 0,000888
многоборья 3,520461 0,002364
бегут 4,436752 0,011919
дорожка 4,031286 0,005415
делается 3,183989 0,001069
многоборью 4,031286 0,002707
тронхейме 5,129899 0,001723
дорожке 3,743604 0,007543
страницу 0,971016 0,000326
сараево 3,050457 0,001024
дорожки 3,338139 0,004484
коломне 5,129899 0,001723
санный 1,301257 0,000437
принял 1,664163 0,000559
правило 1,633391 0,000548
страницы 0,971016 0,000652
зимние 1,159607 0,003115
появились 1,664163 0,001118
吴语 1,238078 0,000416
подразделяется 4,031286 0,001354
посвященная 4,436752 0,007449
дорожку 4,436752 0,001490
конькобежцев 3,520461 0,004729
фристайл 1,279751 0,000430
гимнастика 1,238078 0,000831
водное 1,492313 0,000501
собачьих 1,762603 0,000592
hrvatski 1,052361 0,000353
женщин 1,368699 0,004136
россии 0,160085 0,000538
ru 0,285712 0,000096
действовать 0,955511 0,000321
результатам 1,911023 0,000642
олимпия 3,338139 0,001121
роке 1,762603 0,000592
упряжках 1,762603 0,000592
преодолевать 4,031286 0,001354
ису 4,436752 0,004470
кубок 0,524729 0,000705
во 0,495170 0,000333
добавляется 4,031286 0,001354
обязан 2,490841 0,000836
sa 0,986764 0,000331
возможных 2,644992 0,000888
occitan 1,466337 0,000492
скейты 4,436752 0,001490
мужчин 1,492313 0,003007
скорости 2,421849 0,000813
дата 0,881403 0,000592
сайте 1,217876 0,000409
nynorsk 1,546380 0,000519
sh 1,797694 0,000604
внешние 1,122566 0,000377
того 0,955511 0,000321
вы 0,325878 0,000109
существует 1,762603 0,000592
своё 1,664163 0,000559
свою 1,217876 0,000409
пегов 5,129899 0,001723
январе 2,421849 0,000813
español 1,019025 0,000342
спид 1,762603 0,000592
литература 1,695912 0,001139
россия 0,699082 0,000235
ботинку 4,436752 0,001490
энциклопедии 0,986764 0,000663
кёрлинг 1,279751 0,000430
станок 5,129899 0,003445
скорость 2,421849 0,000813
хлопок 5,129899 0,001723
рекорд 1,198073 0,000402
bosanski 1,345709 0,000452
завоёванные 5,129899 0,001723
энциклопедия 2,239527 0,000752
associated 0,986764 0,000331
января 0,825834 0,000277
ватен 5,129899 0,001723
континента 3,050457 0,001024
чтобы 0,773190 0,000779
комбинезонах 5,129899 0,001723
персональные 0,971016 0,000326
брейкинг 1,762603 0,000592
настольный 1,238078 0,000416
произошло 2,085376 0,000700
журнал 2,185460 0,000734
де 0,955511 0,000321
большая 1,069456 0,000718
шайбой 1,122566 0,000377
высококачественной 5,129899 0,001723
американский 1,258698 0,000423
до 0,239550 0,000563
ice 3,183989 0,001069
принадлежали 3,743604 0,001257
делится 3,183989 0,002138
зарегистрированный 0,986764 0,000331
овала 5,129899 0,001723
выступать 1,633391 0,001097
дорожек 3,520461 0,001182
противном 3,338139 0,001121
другой 1,492313 0,001002
овале 5,129899 0,001723
сюда 0,986764 0,000331
коньков 4,031286 0,009476
участвуют 2,038856 0,001369
двух 1,002764 0,000673
дорожках 4,436752 0,001490
трек 1,159607 0,002336
уравнять 4,436752 0,001490
имеется 3,338139 0,001121
цитировать 0,986764 0,000331
черта 5,129899 0,001723
дорожкам 5,129899 0,001723
лыжное 1,279751 0,000430
азия 2,564949 0,000861
norsk 1,052361 0,000353
ровную 5,129899 0,001723
баскетбол 0,773190 0,000260
азии 2,085376 0,000700
кубка 0,825834 0,000555
число 1,392229 0,000935
классическому 3,520461 0,002364
сек 3,183989 0,003208
великих 2,932674 0,000985
для 0,146292 0,000737
гребля 1,518981 0,001020
флаг 1,279751 0,000430
принимают 2,085376 0,000700
вид 1,104547 0,000742
же 0,925206 0,000621
разыгрывалось 4,436752 0,001490
спринтерское 5,129899 0,003445
соревновались 2,827314 0,000949
национальная 1,574551 0,000529
двигаться 3,183989 0,001069
rule 3,338139 0,001121
polski 1,035554 0,000348
секунду 3,743604 0,001257
кубке 1,441019 0,000484
спринтерском 5,129899 0,010336
батуте 1,728701 0,000580
марчук 5,129899 0,001723
править 0,986764 0,008615
марафоне 3,338139 0,001121
спринтер 4,031286 0,001354
за 0,125952 0,000296
победил 1,279751 0,000430
неевропейских 5,129899 0,001723
жё 1,728701 0,000580
конькобежном 4,436752 0,005959
другу 2,732003 0,000917
софтбол 1,695912 0,000569
шлемы 3,520461 0,001182
глазго 3,520461 0,001182
термином 3,743604 0,001257
было 0,438551 0,000589
доп 3,050457 0,002049
org 0,986764 0,000663
составляет 2,085376 0,001401
подробнее 0,723179 0,000243
внутреннего 3,743604 0,001257
ходу 1,834062 0,000616
американка 2,932674 0,000985
зимней 2,239527 0,000752
настоящее 1,797694 0,000604
были 0,799165 0,001073
трассу 2,932674 0,000985
советским 3,743604 0,001257
была 0,652562 0,000438
советские 2,732003 0,001835
пересекать 4,436752 0,001490
xv 2,732003 0,000917
из 0,106018 0,000392
xx 1,546380 0,000519
показательные 1,466337 0,000492
физически 3,338139 0,001121
позволяет 2,239527 0,000752
швед 2,932674 0,000985
победителем 1,574551 0,001057
скрытые 1,122566 0,000377
показательным 4,436752 0,001490
углеродистой 5,129899 0,001723
српски 1,035554 0,000348
интервалом 3,743604 0,001257
форму 1,797694 0,000604
хоккей 0,376309 0,000505
великобритании 2,134166 0,000717
появившихся 5,129899 0,001723
около 1,518981 0,001530
данная 2,732003 0,000917
двоеборье 1,217876 0,000409
киммерийцам 5,129899 0,001723
лигой 2,932674 0,000985
голландец 3,743604 0,001257
стадионе 1,994404 0,000670
серия 1,052361 0,000353
ски 1,069456 0,000359
подпружиненной 5,129899 0,001723
неровных 4,436752 0,001490
первенство 1,664163 0,002794
клапов 5,129899 0,003445
поворачивали 5,129899 0,001723
srpski 1,035554 0,000348
первенстве 1,994404 0,001339
движении 3,520461 0,001182
конькобежных 4,436752 0,002980
является 1,086847 0,001095
шарниром 5,129899 0,001723
лыжные 1,140915 0,000383
foundation 0,986764 0,000331
следующих 2,134166 0,000717
который 0,799165 0,001610
николай 2,134166 0,001433
континентальные 3,520461 0,001182
конькобежный 1,238078 0,005820
клубы 1,392229 0,000468
оказываются 4,436752 0,001490
кратной 4,436752 0,001490
конькобежные 5,129899 0,005168
никаких 2,644992 0,000888
проведены 2,357310 0,000792
которых 1,052361 0,000707
türkçe 1,052361 0,000353
следующие 1,834062 0,000616
спортивная 1,159607 0,001168
олимпийской 1,911023 0,000642
елена 1,911023 0,000642
случае 1,441019 0,001452
одержала 2,134166 0,000717
америка 1,797694 0,000604
эдинбурге 3,743604 0,001257
жившему 5,129899 0,001723
한국어 1,035554 0,000348
союз 1,762603 0,000592
америки 1,695912 0,000569
несколько 1,069456 0,000718
стран 1,546380 0,000519
задней 3,338139 0,001121
собой 1,279751 0,000430
мм 2,932674 0,000985
место 0,597299 0,000201
прямых 3,520461 0,002364
начали 1,546380 0,000519
современная 2,490841 0,000836
свежие 0,910391 0,000306
стартом 2,732003 0,000917
начала 1,238078 0,000831
универсальная 2,085376 0,000700
участие 0,597299 0,000401
кривизны 4,436752 0,001490
крокет 1,762603 0,000592
на 0,023953 0,000861
метровой 3,338139 0,001121
победила 1,762603 0,000592
старая 1,368699 0,000460
не 0,099461 0,000267
использовать 1,603538 0,000538
crashed 5,129899 0,001723
государств 2,827314 0,000949
вошёл 2,239527 0,000752
каждый 1,392229 0,001870
ссылками 1,159607 0,000389
метровом 4,031286 0,001354
онлайн 0,773190 0,000519
viking 5,129899 0,001723
столице 2,827314 0,000949
амстердаме 3,743604 0,002514
xix 1,834062 0,000616
получают 2,185460 0,001468
водные 0,867219 0,000291
кривизна 4,436752 0,001490
дисквалифицируется 3,743604 0,003771
московской 2,827314 0,000949
уровне 1,695912 0,000569
бейсбол 1,466337 0,000985
magyar 1,086847 0,000365
нами 0,853233 0,000287
места 1,198073 0,000805
завоевала 1,695912 0,000569
об 0,217244 0,000073
некоммерческой 0,986764 0,000331
награды 1,728701 0,001741
советской 2,827314 0,000949
формат 2,185460 0,000734
ои 0,812411 0,024280
упоминание 3,743604 0,001257
годы 1,258698 0,001268
завоевали 2,038856 0,000685
справка 0,986764 0,000331
юношеская 2,732003 0,000917
мужчины 1,019025 0,000342
развитие 1,633391 0,001097
хоккейном 2,732003 0,000917
тхэквондо 1,633391 0,000548
году 0,630089 0,004866
категории 0,986764 0,000663
от 0,160085 0,000484
форум 0,881403 0,000296
этапах 2,827314 0,000949
монете 4,436752 0,001490
годами 3,050457 0,001024
статистика 0,652562 0,000438
официальный 1,104547 0,000742
поменять 3,743604 0,001257
бокс 0,576022 0,000387
гемаха 5,129899 0,001723
внутреннюю 4,436752 0,001490
всю 1,994404 0,000670
официальным 2,644992 0,000888
годах 1,492313 0,001503
все 0,125952 0,000169
википедия 0,986764 0,000994
видна 4,436752 0,001490
крытом 5,129899 0,001723
участка 4,436752 0,001490
года 0,239550 0,002574
катках 5,129899 0,001723
по 0,073653 0,000890
монгол 1,518981 0,000510
inc 0,986764 0,000331
защитный 3,520461 0,001182
сведения 0,812411 0,000273
скоростно 5,129899 0,001723
информация 1,035554 0,000348
конькобежного 4,436752 0,014898
português 1,035554 0,000348
круг 1,951845 0,001311
кромку 5,129899 0,001723
открыл 2,932674 0,000985
академическая 1,574551 0,000529
видом 1,871802 0,000629
гуляев 4,031286 0,001354
сообщество 0,986764 0,000331
видов 1,392229 0,000468
сёрфинг 1,762603 0,000592
википедии 0,986764 0,000663
единственной 2,421849 0,000813
защитные 3,743604 0,001257
источник 0,853233 0,000287
