называемый 2,421849 0,000830
тестовых 4,436752 0,001520
севере 4,436752 0,001520
иностранных 3,050457 0,001045
latina 1,603538 0,000550
данблейне 5,129899 0,001758
провинции 4,436752 0,001520
branch 4,436752 0,001520
экспорт 0,986764 0,000338
поочерёдно 3,338139 0,001144
lccn 1,492313 0,000511
наколенники 4,436752 0,001520
указан 1,301257 0,000892
водно 1,762603 0,000604
играх 0,699082 0,000958
начинавшая 5,129899 0,001758
ไทย 1,238078 0,000424
flemish 5,129899 0,003516
них 1,178655 0,000404
вокруг 2,296685 0,000787
см 0,955511 0,002292
снарядах 4,031286 0,001382
日本語 1,035554 0,000355
некоторых 1,762603 0,000604
со 0,447767 0,000307
искусственная 4,031286 0,001382
центр 0,881403 0,000302
прекращает 3,520461 0,001206
аббатстве 5,129899 0,001758
декабря 0,881403 0,000604
воду 1,492313 0,000511
slovenščina 1,345709 0,000461
под 0,723179 0,000496
парусный 1,574551 0,000540
заявление 0,867219 0,000297
старинным 5,129899 0,001758
таким 1,664163 0,001141
множество 2,038856 0,000699
одно 1,664163 0,000570
монархов 5,129899 0,001758
пом 1,695912 0,000581
утверждениями 2,134166 0,000731
стр 2,564949 0,000879
обеспечивающий 5,129899 0,001758
дополнительно 2,932674 0,001005
те 1,834062 0,000629
ткачи 5,129899 0,001758
содержание 0,971016 0,000666
eesti 1,069456 0,000367
предусмотрено 3,338139 0,002288
čeština 1,035554 0,000355
то 0,652562 0,001118
культурные 5,129899 0,001758
такие 1,518981 0,000521
ту 3,050457 0,001045
оказалось 2,564949 0,000879
относятся 2,490841 0,000854
проекты 1,198073 0,000411
оказался 2,085376 0,000715
мастерство 3,520461 0,001206
викисклад 1,035554 0,000710
пододвигать 5,129899 0,001758
капитаны 2,827314 0,000969
britannica 1,518981 0,001041
корфбол 1,762603 0,000604
упоминания 3,520461 0,002413
пор 1,574551 0,000540
каноэ 1,633391 0,000560
процессе 2,732003 0,000936
конфиденциальности 0,317714 0,000109
связи 1,159607 0,000397
всемирная 3,050457 0,003136
центрами 5,129899 0,001758
размерами 5,129899 0,001758
универсиады 2,732003 0,000936
slovenčina 1,069456 0,000367
встречаются 3,338139 0,001144
wikipedia 0,986764 0,000676
gnd 1,392229 0,000477
scots 1,695912 0,000581
весьма 2,644992 0,000906
размещению 5,129899 0,001758
мужского 2,357310 0,000808
sweep 4,031286 0,001382
federation 3,050457 0,001045
a 1,392229 0,000477
отредактировать 2,038856 0,000699
c 1,546380 0,000530
македонски 1,258698 0,000431
f 2,564949 0,000879
при 0,367725 0,000630
боролись 2,827314 0,000969
j 1,466337 0,001005
каната 1,762603 0,000604
ушу 1,728701 0,000592
состоялся 1,664163 0,001141
the 1,546380 0,002650
s 1,664163 0,000570
викиновости 1,238078 0,000424
u 1,345709 0,000461
каждой 1,546380 0,001590
w 0,955511 0,000327
හල 1,834062 0,000629
z 3,743604 0,001283
иной 2,827314 0,000969
также 0,663991 0,001365
литовская 2,085376 0,000715
العربية 1,069456 0,000367
фризский 1,762603 0,000604
тактической 3,743604 0,001283
травм 2,296685 0,000787
одной 1,238078 0,000424
одном 1,603538 0,000550
крейг 4,436752 0,001520
библиографических 1,323236 0,000453
разработчики 0,986764 0,000338
колясках 2,932674 0,002010
historical 3,520461 0,001206
сильные 2,827314 0,000969
футов 3,520461 0,006032
иннингами 5,129899 0,001758
траве 1,466337 0,001005
норвежская 1,603538 0,000550
curlers 5,129899 0,001758
post 3,520461 0,001206
пересмотрел 5,129899 0,001758
света 2,827314 0,000969
использующие 1,633391 0,000560
правки 0,986764 0,000676
аут 3,050457 0,001045
близкую 5,129899 0,001758
нагано 2,827314 0,000969
гольфа 4,031286 0,001382
выводится 4,436752 0,001520
отбор 2,564949 0,000879
однако 1,069456 0,000733
представляет 1,871802 0,000641
tolışi 1,871802 0,000641
спорта 0,342407 0,000939
слов 2,421849 0,000830
баскская 1,762603 0,000604
июня 1,217876 0,001252
системе 0,867219 0,000297
клубом 1,994404 0,000683
canada 3,520461 0,001206
каталогах 1,323236 0,000453
проектах 0,986764 0,000338
могут 0,760451 0,000521
пробросить 5,129899 0,001758
việt 1,140915 0,000391
отказ 0,910391 0,000312
сохранением 0,986764 0,000338
климатических 4,436752 0,001520
дзюдо 1,466337 0,000503
получил 1,002764 0,000344
olympic 2,296685 0,000787
именем 2,932674 0,001005
ближайшим 4,031286 0,001382
ближайший 3,743604 0,001283
один 0,711058 0,001218
синхронное 1,664163 0,000570
сторону 2,085376 0,000715
очков 1,198073 0,001232
society 5,129899 0,001758
длина 2,421849 0,000830
допустимо 4,031286 0,001382
end 5,129899 0,003516
гонки 1,002764 0,000687
произошедших 4,436752 0,001520
авторитетные 2,038856 0,000699
последний 0,773190 0,000795
вовсе 3,743604 0,001283
некоторым 3,520461 0,001206
играя 3,183989 0,001091
часто 1,574551 0,001079
некоторые 1,416327 0,000485
инвентарь 2,134166 0,002194
июля 1,035554 0,000355
pdf 0,940244 0,000967
обувь 3,743604 0,001283
позволяли 4,436752 0,001520
сша 0,586604 0,000201
описание 0,986764 0,000338
спортивное 2,134166 0,001463
спортивной 1,416327 0,000485
игроков 1,238078 0,001697
китайская 1,258698 0,000431
bahasa 1,086847 0,000745
старейшим 3,338139 0,001144
качестве 1,574551 0,000540
worldcurling 5,129899 0,001758
mccormick 4,436752 0,001520
букв 3,743604 0,001283
перте 5,129899 0,001758
через 0,971016 0,000333
вып 3,743604 0,001283
океания 2,490841 0,000854
океанию 4,436752 0,001520
lietuvių 1,140915 0,000391
остаётся 1,994404 0,000683
thiessen 5,129899 0,003516
словарь 2,296685 0,002361
оставлял 4,436752 0,001520
керлинге 4,436752 0,001520
curling 4,436752 0,016725
современное 1,574551 0,000540
содержится 4,436752 0,001520
удачно 3,183989 0,001091
стрельба 1,492313 0,001023
ठ 1,574551 0,000540
официально 1,159607 0,000397
меняться 4,031286 0,001382
климат 5,129899 0,001758
шестнадцать 4,031286 0,001382
саха 2,644992 0,000906
шотландии 3,338139 0,006864
поэта 4,031286 0,001382
словари 1,217876 0,000417
команда 0,663991 0,002048
парах 3,183989 0,001091
xvi 2,490841 0,001707
игроки 0,986764 0,000676
очку 4,031286 0,001382
сквош 1,728701 0,000592
вклад 0,971016 0,000333
indonesia 1,086847 0,000372
команде 1,258698 0,001725
зоны 2,185460 0,002247
игрока 1,492313 0,001023
текст 0,986764 0,000338
фолкерке 5,129899 0,001758
очко 1,911023 0,000655
команды 0,555188 0,002854
issn 3,338139 0,001144
ноября 0,971016 0,000333
lâm 1,762603 0,000604
командная 2,085376 0,001429
зону 2,421849 0,000830
прямоугольное 5,129899 0,001758
запечатлены 4,436752 0,001520
esperanto 1,198073 0,000411
тому 1,664163 0,000570
делятся 2,564949 0,000879
хорошее 3,520461 0,001206
aif 4,031286 0,001382
зона 2,134166 0,000731
века 1,441019 0,001482
перейти 0,867219 0,000594
зоне 2,421849 0,001660
веке 1,994404 0,001367
портал 1,518981 0,000521
золото 1,217876 0,000835
любые 3,183989 0,001091
скелетон 1,258698 0,000431
українська 1,035554 0,000355
крестьяне 5,129899 0,001758
озера 5,129899 0,001758
демократичные 5,129899 0,001758
панконтинентальный 5,129899 0,001758
находится 1,492313 0,000511
отпустить 4,031286 0,001382
осушенного 5,129899 0,001758
лякросс 1,762603 0,000604
xviii 2,421849 0,000830
ривош 5,129899 0,001758
разыграны 3,743604 0,002566
слово 2,239527 0,000767
шотландия 2,490841 0,000854
сезона 1,052361 0,000361
universalis 1,951845 0,000669
кёрлингистов 5,129899 0,001758
рэкетс 1,728701 0,000592
ответственности 0,971016 0,000333
картины 3,338139 0,001144
расквартированные 5,129899 0,001758
золотые 1,728701 0,001185
сборных 1,911023 0,001310
бита 5,129899 0,001758
имеет 1,492313 0,001534
его 0,447767 0,000614
дюймов 3,183989 0,003273
только 0,447767 0,000767
причин 2,490841 0,000854
жизнь 1,728701 0,000592
ndl 1,834062 0,000629
группы 1,695912 0,000581
микст 3,520461 0,007239
php 0,986764 0,000338
cite 1,258698 0,000431
шорт 1,086847 0,000372
мужа 3,520461 0,001206
бадминтон 1,546380 0,000530
рычание 5,129899 0,001758
нельзя 2,296685 0,000787
крутить 5,129899 0,001758
европейские 2,038856 0,000699
каждого 1,633391 0,000560
турнир 0,699082 0,000479
мире 1,198073 0,000821
годом 2,085376 0,000715
случаев 2,185460 0,000749
горнолыжный 1,301257 0,000446
мира 0,367725 0,002772
подсчёт 3,520461 0,001206
поэме 5,129899 0,001758
pages 0,986764 0,000338
финальной 2,827314 0,000969
причем 4,031286 0,001382
frysk 1,762603 0,000604
называемое 3,743604 0,001283
власти 2,644992 0,000906
выхода 2,239527 0,000767
гэльский 1,762603 0,000604
защитников 2,732003 0,004681
известна 2,732003 0,000936
сохранившихся 5,129899 0,001758
new 2,038856 0,001397
учитываются 2,732003 0,000936
когда 0,652562 0,000447
всего 0,812411 0,000557
тематические 2,185460 0,000749
гандбол 1,178655 0,001212
проводятся 1,574551 0,001619
окажется 4,031286 0,001382
ускорения 5,129899 0,001758
принимает 2,644992 0,002719
svenska 1,035554 0,000355
предыдущим 3,743604 0,001283
мишеней 4,436752 0,001520
предыдущий 3,183989 0,002182
моторный 1,762603 0,000604
куки 0,971016 0,000333
имели 2,357310 0,001616
грузы 5,129899 0,001758
состояние 2,827314 0,000969
доступен 0,971016 0,000333
будо 1,762603 0,000604
свидетельством 4,031286 0,001382
тяжёлыми 4,031286 0,001382
university 2,644992 0,000906
пытается 3,183989 0,001091
шаффлборд 5,129899 0,001758
ширина 2,932674 0,001005
утверждены 2,932674 0,001005
основания 1,834062 0,000629
times 2,732003 0,000936
дюйма 4,031286 0,001382
фехтование 1,546380 0,000530
уэллинг 5,129899 0,001758
свиповать 5,129899 0,003516
and 1,762603 0,001208
перетягивание 1,762603 0,000604
высота 2,827314 0,000969
extra 5,129899 0,001758
стратегию 3,338139 0,001144
другие 0,384967 0,000132
так 0,597299 0,001023
щёткой 5,129899 0,003516
средневековых 4,436752 0,001520
линией 2,932674 0,002010
там 1,603538 0,000550
французский 1,392229 0,000477
interlingua 1,603538 0,000550
федерация 1,002764 0,003436
женского 2,490841 0,000854
штрафную 3,743604 0,001283
примечания 1,002764 0,000687
нарушается 5,129899 0,001758
других 0,853233 0,000585
источников 1,518981 0,001562
противника 2,490841 0,001707
образом 1,546380 0,001060
сообщить 0,799165 0,000274
пятиборье 1,574551 0,000540
быть 0,773190 0,000795
запрещено 2,421849 0,000830
него 1,368699 0,000469
федерации 0,663991 0,000228
диаметр 3,338139 0,002288
создают 3,743604 0,001283
тяжёлые 3,743604 0,001283
скалолазание 1,728701 0,000592
пруд 5,129899 0,001758
есть 0,812411 0,000835
scottish 3,743604 0,001283
линию 2,564949 0,002637
снаряд 3,520461 0,001206
поверхности 2,644992 0,000906
конный 1,664163 0,000570
спорт 0,224624 0,000616
монастырских 5,129899 0,001758
этой 1,052361 0,000721
этом 0,565551 0,000581
мобильная 0,608110 0,000208
краю 3,338139 0,001144
english 0,925206 0,000634
франция 1,122566 0,000385
выполнять 2,932674 0,001005
викисловарь 2,490841 0,000854
этот 0,825834 0,000283
глагола 5,129899 0,001758
четыре 1,140915 0,000782
значимости 3,520461 0,001206
главе 2,296685 0,000787
suomi 1,052361 0,000361
стало 1,217876 0,000417
трудности 3,338139 0,001144
викисловаре 2,490841 0,000854
швеция 1,345709 0,000461
определённого 3,338139 0,001144
мирового 2,134166 0,000731
аналогично 3,520461 0,001206
глава 1,546380 0,000530
франции 1,035554 0,000355
сделали 2,134166 0,000731
выбивать 5,129899 0,003516
художественная 1,633391 0,000560
жёны 5,129899 0,001758
стала 0,881403 0,000302
тихоокеанско 5,129899 0,007032
являются 1,466337 0,000503
можно 1,002764 0,000687
română 1,122566 0,000385
cup 2,134166 0,000731
français 1,019025 0,000349
камень 3,338139 0,019448
элемент 0,955511 0,000327
nkc 1,574551 0,000540
подтверждением 5,129899 0,001758
следов 5,129899 0,001758
спортивный 1,301257 0,000446
отчего 5,129899 0,001758
игрок 1,258698 0,003019
цели 2,296685 0,000787
фунта 4,436752 0,003041
состоят 2,827314 0,001938
требования 2,421849 0,000830
впервые 0,839439 0,000288
oʻzbekcha 1,140915 0,000391
are 3,743604 0,001283
мужском 2,644992 0,000906
женщины 0,881403 0,000604
раз 0,504926 0,000346
чемпионат 0,277868 0,003142
проходит 1,633391 0,000560
ўзбекча 1,140915 0,000391
случайная 0,986764 0,000338
latviešu 1,052361 0,000361
изменились 3,743604 0,001283
варьироваться 4,031286 0,001382
заднюю 3,520461 0,001206
российский 1,086847 0,000372
исход 2,644992 0,000906
скольжение 4,031286 0,001382
цель 2,296685 0,000787
тех 1,217876 0,000417
постоянная 0,986764 0,000338
человека 3,050457 0,001045
каковыми 5,129899 0,001758
указанием 0,986764 0,000338
версия 0,485508 0,000666
эрни 4,436752 0,001520
надевает 4,436752 0,001520
ему 1,323236 0,000453
поля 1,603538 0,001099
прошёл 1,574551 0,000540
jawa 1,911023 0,000655
генри 3,743604 0,001283
европы 0,524729 0,001978
тем 1,217876 0,000417
доме 2,827314 0,003876
поло 1,441019 0,000988
اردو 1,574551 0,000540
европе 1,492313 0,000511
без 0,466460 0,000639
периодов 3,520461 0,001206
дома 1,695912 0,002325
поле 1,217876 0,002087
экстра 4,436752 0,006082
между 0,955511 0,000655
выполнение 3,520461 0,001206
знак 0,986764 0,000338
bomb 3,743604 0,001283
европу 2,564949 0,000879
принесли 3,050457 0,001045
предназначенное 4,436752 0,001520
соответствии 1,086847 0,000372
австралийский 1,728701 0,000592
руденко 3,520461 0,001206
районах 5,129899 0,001758
крупнейший 3,520461 0,001206
европа 2,134166 0,000731
спортсмены 1,140915 0,000782
солдаты 4,031286 0,001382
last 4,031286 0,001382
виды 0,773190 0,001060
иначе 1,834062 0,001886
тефлоновый 5,129899 0,001758
доводя 5,129899 0,001758
период 1,159607 0,000397
медиафайлы 1,217876 0,000835
клуб 0,940244 0,000322
работы 1,797694 0,000616
архивировано 1,104547 0,003785
galego 1,178655 0,000404
ассоциация 2,038856 0,000699
вида 1,664163 0,001141
выбывает 4,436752 0,001520
короткий 0,971016 0,000333
gàidhlig 2,644992 0,000906
scotch 5,129899 0,001758
виде 1,368699 0,000469
остальные 2,239527 0,000767
возник 4,031286 0,001382
играющие 3,520461 0,001206
подправляя 5,129899 0,001758
стандартизироваться 5,129899 0,001758
натирают 5,129899 0,001758
случаях 0,971016 0,000333
поражение 1,546380 0,000530
каждая 2,134166 0,000731
выбивающие 5,129899 0,001758
после 0,317714 0,000436
ред 1,603538 0,000550
квебеке 4,436752 0,001520
получает 2,038856 0,001397
положении 2,732003 0,001873
кодекс 0,971016 0,000333
канаде 2,296685 0,000787
положение 1,797694 0,001232
тип 1,871802 0,000641
статьи 0,524729 0,001259
европейская 2,421849 0,001660
нидерландские 4,436752 0,001520
бобслей 1,238078 0,000424
wisconsin 5,129899 0,001758
чемпионаты 1,574551 0,001079
поверхность 2,932674 0,002010
свободных 3,183989 0,004365
эйлса 5,129899 0,001758
включая 1,633391 0,000560
статью 1,728701 0,000592
сложных 3,743604 0,001283
служебные 0,986764 0,000338
статья 0,986764 0,001691
если 0,675551 0,001389
современный 2,357310 0,000808
языках 0,986764 0,000338
wikimedia 0,986764 0,000338
размеченной 5,129899 0,001758
лыжах 1,178655 0,000404
канады 1,217876 0,000417
шотландские 4,031286 0,001382
выигрышную 4,436752 0,001520
азиатские 2,932674 0,001005
азиатский 3,520461 0,002413
свободной 0,986764 0,000338
мировой 1,392229 0,000954
мужских 2,357310 0,001616
карате 1,728701 0,000592
может 0,630089 0,001296
ελληνικά 1,086847 0,000372
опираясь 5,129899 0,001758
внутри 2,421849 0,000830
when 4,436752 0,001520
многие 1,728701 0,000592
получить 0,747872 0,000256
переходом 2,932674 0,001005
язык 1,258698 0,000863
offence 5,129899 0,001758
нидерланды 1,728701 0,000592
нём 1,911023 0,000655
мировое 4,436752 0,001520
способов 3,743604 0,001283
низкое 3,743604 0,001283
связанные 0,881403 0,000604
кёрлерам 5,129899 0,001758
сделать 1,695912 0,000581
участники 1,518981 0,000521
отредактирована 0,986764 0,000338
melayu 1,368699 0,000469
расположенного 4,031286 0,001382
слайдер 5,129899 0,001758
creative 0,986764 0,000338
право 1,603538 0,003297
nederlands 1,019025 0,000349
времени 1,140915 0,000391
italiano 1,035554 0,000355
год 0,687247 0,002120
айсшток 1,728701 0,001777
десятый 4,031286 0,001382
шотландском 4,436752 0,003041
эквивалентом 5,129899 0,001758
характерный 4,436752 0,001520
определён 3,743604 0,001283
широкое 3,520461 0,002413
международный 1,258698 0,000863
հայերեն 1,198073 0,000411
комитет 1,911023 0,000655
башҡортса 1,518981 0,000521
матч 0,411400 0,000141
станках 4,436752 0,001520
скипом 5,129899 0,001758
guard 4,436752 0,003041
euskara 1,122566 0,000385
языке 2,421849 0,000830
поэтому 1,392229 0,000477
commons 0,986764 0,000338
началом 1,834062 0,000629
демонстрационные 3,743604 0,001283
српскохрватски 1,416327 0,000485
названия 1,664163 0,000570
расстояние 2,644992 0,000906
переселенцами 5,129899 0,001758
серебро 1,871802 0,000641
пределы 2,564949 0,000879
web 1,279751 0,000439
молодёжных 2,827314 0,000969
тыла 2,644992 0,000906
учётную 0,986764 0,000338
bokmål 1,069456 0,000367
командного 3,183989 0,001091
гранитные 5,129899 0,001758
текущие 0,940244 0,000322
гранитный 5,129899 0,001758
вместо 1,633391 0,001120
той 1,994404 0,001367
глима 1,762603 0,000604
лёд 3,743604 0,003849
команд 1,178655 0,005655
температура 3,338139 0,001144
создать 0,825834 0,000283
находящиеся 4,031286 0,002763
выполняющий 3,338139 0,001144
вместе 1,178655 0,000404
полноценным 3,743604 0,001283
такое 2,185460 0,000749
выиграла 1,345709 0,000461
kilsythcurling 5,129899 0,001758
asturianu 1,323236 0,000453
зависимости 1,911023 0,001310
ближе 2,490841 0,002561
свяжитесь 0,986764 0,000338
участвует 2,932674 0,001005
десяти 2,564949 0,000879
используются 1,994404 0,000683
весом 3,520461 0,001206
решение 1,238078 0,001273
разгоняет 5,129899 0,001758
печать 0,986764 0,000338
simple 1,140915 0,000391
центру 2,932674 0,005025
летние 1,238078 0,000424
íslenska 1,392229 0,000477
сложна 4,436752 0,001520
пелота 1,728701 0,000592
бежавшими 5,129899 0,001758
считается 1,664163 0,000570
фонд 0,940244 0,000322
тор 4,436752 0,001520
определённом 4,031286 0,001382
заработать 3,743604 0,001283
zone 5,129899 0,003516
основная 1,323236 0,000907
обсуждение 0,881403 0,000604
определённой 3,183989 0,001091
скользящую 5,129899 0,001758
центра 2,932674 0,001005
цилиндрическую 5,129899 0,001758
огораживающая 5,129899 0,001758
которая 1,052361 0,000361
называют 2,185460 0,000749
манипуляции 5,129899 0,001758
организации 0,812411 0,000835
товарный 0,986764 0,000338
историю 1,603538 0,001099
снаряды 3,520461 0,001206
история 0,555188 0,000571
парни 4,436752 0,001520
пруда 4,436752 0,001520
почти 1,323236 0,000453
три 0,786093 0,000539
употребляться 5,129899 0,001758
history 1,762603 0,000604
閩南語 1,762603 0,000604
начиная 1,492313 0,001023
bân 1,762603 0,000604
российская 0,799165 0,000274
источники 1,633391 0,001679
ழ 1,492313 0,000511
розыгрыша 2,239527 0,000767
холодный 4,436752 0,001520
либо 1,140915 0,001955
розыгрыше 2,239527 0,000767
согласно 1,574551 0,000540
печати 0,955511 0,000327
lsd 5,129899 0,001758
выгодно 4,031286 0,001382
название 1,178655 0,000404
изготовления 3,743604 0,001283
более 0,853233 0,000585
поиск 0,735450 0,000252
площадка 2,421849 0,001660
game 2,827314 0,001938
джентльменов 5,129899 0,001758
площадке 2,085376 0,000715
движущимся 5,129899 0,001758
условий 0,881403 0,000302
their 3,743604 0,001283
площадки 2,296685 0,002361
иную 4,031286 0,001382
oldid 0,986764 0,000338
соперниками 2,038856 0,000699
лыжи 1,019025 0,000349
катание 0,534779 0,000183
как 0,232059 0,000477
объявляется 4,031286 0,001382
площадку 2,564949 0,000879
fgz 5,129899 0,001758
текущей 5,129899 0,001758
designed 5,129899 0,001758
следует 2,038856 0,000699
шестого 3,743604 0,001283
трамплина 1,159607 0,000397
тарашкевіца 1,198073 0,000411
cymraeg 1,574551 0,000540
проводит 2,038856 0,000699
признан 2,421849 0,000830
авторства 0,986764 0,000338
событием 2,932674 0,001005
проводились 1,603538 0,000550
называемых 3,743604 0,002566
sicilianu 2,038856 0,000699
второй 0,786093 0,000539
условия 0,411400 0,000282
получила 1,728701 0,001185
скользящий 4,436752 0,001520
книгах 4,031286 0,001382
català 1,086847 0,000372
назначается 2,827314 0,000969
dansk 1,069456 0,000367
новый 0,940244 0,000322
специальных 2,932674 0,001005
шотландского 4,031286 0,004145
броска 3,050457 0,011499
новые 0,747872 0,000256
ещё 0,420369 0,000144
чемпионатах 1,574551 0,000540
проверенная 2,644992 0,000906
теннис 0,495170 0,000339
специальные 2,421849 0,000830
приняли 1,633391 0,000560
giant 3,743604 0,001283
фигурное 0,534779 0,000183
финский 1,633391 0,000560
просмотры 0,986764 0,000338
проведён 2,038856 0,000699
فارسی 1,104547 0,000379
натирать 5,129899 0,001758
помощью 2,185460 0,000749
мётлами 5,129899 0,001758
беларуская 1,069456 0,000733
первой 1,019025 0,000349
первом 1,052361 0,000361
периодам 5,129899 0,001758
а 0,209918 0,000504
должны 1,178655 0,000404
б 1,466337 0,000503
в 0,017911 0,000638
оригинала 1,518981 0,002082
ледяной 3,338139 0,001144
викимедиа 0,986764 0,000338
е 0,867219 0,000297
и 0,023953 0,000394
политика 0,239550 0,000082
определяется 2,038856 0,001397
к 0,132686 0,000455
добиться 3,338139 0,002288
велоспорт 1,178655 0,000404
льду 2,421849 0,005810
м 0,534779 0,001466
azərbaycanca 1,258698 0,000431
о 0,042302 0,000116
альпинизм 1,323236 0,000453
силу 2,296685 0,000787
с 0,036149 0,000347
она 0,825834 0,000849
hog 5,129899 0,001758
скейтбординг 1,762603 0,000604
т 1,368699 0,000469
у 0,342407 0,000704
течение 1,238078 0,000849
дополнительные 0,986764 0,000338
comes 5,129899 0,001758
скачать 0,895792 0,000614
они 0,760451 0,000261
дополнительный 3,338139 0,001144
обозначенное 5,129899 0,001758
заглавная 0,986764 0,000338
заканчивается 2,827314 0,000969
льда 3,743604 0,003849
футбол 0,285712 0,000490
хаммера 5,129899 0,001758
атлетика 1,052361 0,000721
игровыми 5,129899 0,001758
by 0,971016 0,000333
регби 0,955511 0,000655
national 2,827314 0,000969
должна 1,238078 0,000424
кольцеобразную 5,129899 0,001758
исходное 5,129899 0,001758
русский 0,839439 0,000575
дабл 3,743604 0,003849
cc 0,986764 0,000338
азиатская 4,031286 0,002763
пустить 4,436752 0,001520
мячом 1,104547 0,000379
пересекает 3,743604 0,001283
метров 1,762603 0,000604
камни 3,743604 0,016678
teeline 5,129899 0,001758
shqip 1,466337 0,000503
время 0,384967 0,000132
изготавливается 3,743604 0,001283
поведения 0,895792 0,000307
каталанская 1,695912 0,000581
существования 2,827314 0,000969
камню 5,129899 0,003516
алфавиту 1,159607 0,000397
высший 2,564949 0,000879
ресурсы 1,104547 0,000379
победитель 1,258698 0,001294
причём 1,951845 0,000669
представились 0,986764 0,000338
брейгеля 4,436752 0,001520
камня 3,743604 0,007698
de 1,871802 0,000641
murray 4,436752 0,001520
粵語 1,178655 0,000404
выполняет 2,827314 0,000969
состоит 1,546380 0,001060
восемь 2,038856 0,000699
колодки 5,129899 0,001758
ничьей 2,732003 0,000936
викиданных 0,986764 0,000338
தம 1,492313 0,000511
вице 2,134166 0,000731
кинокомедия 4,436752 0,001520
рус 1,368699 0,001407
scotland 5,129899 0,001758
вбросить 5,129899 0,001758
хаммером 5,129899 0,001758
нулевым 4,436752 0,001520
последнего 2,038856 0,002795
описывает 4,436752 0,001520
популярной 2,827314 0,000969
викискладе 1,217876 0,000835
своего 1,368699 0,000469
сноуборд 1,238078 0,000424
задачи 2,827314 0,000969
удалена 2,038856 0,000699
сумме 1,994404 0,000683
олимпийские 0,895792 0,002149
xvii 2,490841 0,000854
олимпийским 1,492313 0,001534
объективных 5,129899 0,001758
порядок 2,421849 0,000830
прохоров 3,183989 0,001091
олимпийский 0,853233 0,000292
хёрлинг 1,762603 0,000604
соревнованиях 1,159607 0,000795
зачётной 4,436752 0,003041
энд 3,520461 0,008445
читать 0,586604 0,000201
игр 0,367725 0,000126
проходящую 5,129899 0,001758
англ 1,159607 0,003179
командные 1,797694 0,000616
датская 1,518981 0,000521
всех 0,652562 0,000447
for 2,239527 0,000767
волейбол 1,019025 0,000349
title 0,986764 0,000338
олимпийских 0,799165 0,000822
плавание 1,198073 0,000821
биатлон 0,534779 0,000183
пожертвовать 0,986764 0,000338
нарабатывать 5,129899 0,001758
поиску 0,971016 0,000666
помощи 2,296685 0,000787
меньше 2,038856 0,000699
острове 3,338139 0,001144
сносок 1,951845 0,000669
счетом 2,239527 0,000767
piemontèis 2,564949 0,000879
бросающий 5,129899 0,001758
одного 1,140915 0,000782
ссылка 0,786093 0,000269
впрочем 2,732003 0,000936
авторитет 4,031286 0,001382
стартовой 3,520461 0,001206
ссылки 0,839439 0,002301
стартовом 2,732003 0,000936
srpskohrvatski 1,416327 0,000485
中文 1,035554 0,000355
канадская 2,490841 0,000854
тереть 5,129899 0,001758
пускают 4,436752 0,001520
всемирные 3,050457 0,001045
изд 2,564949 0,000879
среди 0,597299 0,002252
использующимися 5,129899 0,001758
петанк 5,129899 0,001758
удача 4,436752 0,001520
становится 1,664163 0,000570
разделами 1,951845 0,000669
кёрлинге 4,436752 0,004561
отдельных 0,986764 0,000338
кёрлинга 4,436752 0,027369
поставленной 5,129899 0,001758
https 0,699082 0,000240
выбивания 4,031286 0,001382
завитков 5,129899 0,001758
скип 5,129899 0,005274
швейцарии 2,296685 0,001574
отдыхали 5,129899 0,001758
квадах 1,762603 0,000604
tiếng 1,140915 0,000391
особенно 2,038856 0,000699
עברית 1,052361 0,000361
index 0,986764 0,000338
it 2,732003 0,000936
эта 0,867219 0,000297
последующих 3,050457 0,001045
выступает 2,421849 0,000830
несовершенная 5,129899 0,001758
избранные 0,971016 0,000333
матча 1,002764 0,000344
проводится 1,546380 0,000530
которой 1,238078 0,000424
чей 3,743604 0,002566
чем 0,747872 0,000256
камней 4,031286 0,011052
камнем 4,031286 0,004145
выбита 5,129899 0,001758
разделе 1,728701 0,000592
kurdî 1,834062 0,000629
обилие 4,436752 0,001520
установленные 4,031286 0,001382
выпускают 4,436752 0,003041
крикет 1,762603 0,000604
был 0,663991 0,000455
эти 1,323236 0,000907
кого 2,085376 0,000715
world 1,416327 0,000485
большинстве 2,239527 0,000767
написано 4,031286 0,001382
которого 1,345709 0,000922
это 0,277868 0,000190
триатлон 1,633391 0,000560
код 0,986764 0,005411
два 0,760451 0,000261
лука 1,198073 0,000411
тяжёлая 1,633391 0,000560
gí 1,762603 0,000604
две 1,019025 0,001048
остановки 2,827314 0,000969
change 3,743604 0,001283
кёрлингу 4,031286 0,034538
draw 3,743604 0,001283
positive 4,436752 0,001520
древнейшее 5,129899 0,001758
url 0,986764 0,000338
ссылок 1,911023 0,001310
пустой 4,031286 0,001382
пейсли 5,129899 0,001758
исследователи 4,436752 0,001520
wooden 5,129899 0,001758
бронзу 2,085376 0,000715
стабильная 2,564949 0,000879
половине 1,911023 0,000655
остальном 4,436752 0,001520
новости 0,301585 0,000103
войти 0,735450 0,000252
производится 2,357310 0,000808
гольф 1,574551 0,000540
или 0,576022 0,001579
звук 4,031286 0,001382
первых 1,518981 0,000521
отличие 1,834062 0,000629
ქართული 1,392229 0,000477
қазақша 1,178655 0,000404
бросок 2,932674 0,005025
северную 4,436752 0,001520
касался 5,129899 0,001758
действия 1,797694 0,000616
неподготовленность 5,129899 0,001758
байдарках 1,603538 0,000550
отталкивается 4,436752 0,001520
обычных 4,436752 0,001520
нарушителя 4,436752 0,001520
использования 0,393700 0,000135
bnf 1,834062 0,000629
international 2,357310 0,000808
смешанные 2,644992 0,000906
выбить 3,743604 0,001283
играть 1,368699 0,000469
инструменты 0,986764 0,000676
затем 1,301257 0,000446
разместить 4,031286 0,001382
феврале 2,038856 0,000699
смешанных 2,490841 0,011951
свипа 5,129899 0,001758
кисти 3,338139 0,001144
первые 0,971016 0,001664
тоҷикӣ 1,695912 0,000581
обращения 0,925206 0,003171
классической 3,520461 0,001206
игры 0,376309 0,002708
первый 0,687247 0,001649
февраля 0,232059 0,000954
эндов 4,436752 0,004561
техника 2,134166 0,000731
ошибке 0,955511 0,000327
противников 3,520461 0,001206
четырёх 1,603538 0,001099
मर 1,574551 0,000540
ස 1,834062 0,000629
пять 1,368699 0,000469
игру 1,466337 0,001508
события 0,663991 0,000228
рекомендации 1,911023 0,000655
игре 1,198073 0,000411
тогда 1,466337 0,000503
игра 1,301257 0,003568
происходил 4,031286 0,001382
соревнования 0,663991 0,001820
of 1,695912 0,001744
deutsch 1,052361 0,000361
пяти 1,574551 0,000540
марта 0,881403 0,001208
исключённые 1,762603 0,000604
имя 1,603538 0,000550
существовавшая 4,436752 0,001520
континентальной 3,183989 0,001091
выбивая 4,436752 0,001520
лёгкая 1,238078 0,000424
прыжки 1,019025 0,001048
мишень 4,436752 0,001520
расположенные 4,031286 0,001382
грузами 5,129899 0,001758
находятся 2,357310 0,001616
считаться 2,932674 0,001005
распространение 2,644992 0,001813
rumantsch 2,564949 0,000879
чемпионатов 1,416327 0,000485
материал 0,825834 0,000283
проверяема 2,038856 0,000699
самым 1,392229 0,000477
скиджоринг 1,762603 0,000604
скиинг 1,762603 0,000604
соревнование 1,664163 0,002852
ph 1,762603 0,000604
одному 2,296685 0,002361
эндом 5,129899 0,001758
мишени 4,031286 0,001382
важнейшие 4,031286 0,002763
распределились 4,031286 0,001382
curl 4,436752 0,001520
победой 2,038856 0,000699
зимних 1,633391 0,000560
планёрный 1,762603 0,000604
энда 3,338139 0,006864
летописные 5,129899 0,001758
оказавшийся 3,743604 0,001283
добавив 1,911023 0,000655
andrews 4,031286 0,001382
засчитывается 2,644992 0,001813
адамсона 5,129899 0,001758
энде 4,436752 0,009123
советская 2,296685 0,001574
навигация 0,986764 0,000676
страница 0,940244 0,000644
вытолкнуть 5,129899 0,001758
лицензии 0,986764 0,000338
стационарные 5,129899 0,001758
энду 5,129899 0,001758
странице 0,971016 0,000333
curr 5,129899 0,001758
ткацких 5,129899 0,001758
борьба 1,002764 0,000344
завершился 2,421849 0,000830
запись 0,955511 0,000327
навигации 0,986764 0,000338
qr 0,986764 0,000338
правила 0,910391 0,002184
энды 5,129899 0,001758
роли 2,296685 0,001574
страницу 0,971016 0,000333
стационарных 5,129899 0,005274
путать 3,520461 0,001206
бо 2,185460 0,000749
само 3,050457 0,001045
санный 1,301257 0,000446
женский 1,441019 0,000494
правило 1,633391 0,002239
страницы 0,971016 0,000998
зимние 1,159607 0,001590
можете 1,695912 0,000581
吴语 1,238078 0,000424
фристайл 1,279751 0,000439
гимнастика 1,238078 0,000849
водное 1,492313 0,000511
собачьих 1,762603 0,000604
сайты 1,994404 0,000683
hrvatski 1,052361 0,000361
женщин 1,368699 0,001407
россии 0,160085 0,000110
действовать 0,955511 0,000655
ru 0,285712 0,000098
результатам 1,911023 0,000655
очереди 3,183989 0,001091
роке 1,762603 0,000604
упряжках 1,762603 0,000604
датированных 5,129899 0,001758
кубок 0,524729 0,000539
во 0,495170 0,000679
женских 2,134166 0,001463
обязан 2,490841 0,000854
вес 2,357310 0,000808
английских 4,436752 0,001520
sa 0,986764 0,000338
occitan 1,466337 0,000503
рёв 5,129899 0,001758
решала 4,436752 0,001520
уже 0,687247 0,000236
дата 0,881403 0,003323
мужчин 1,492313 0,002046
nynorsk 1,546380 0,000530
sh 1,797694 0,000616
внешние 1,122566 0,000385
того 0,955511 0,000982
вы 0,325878 0,000223
своё 1,664163 0,000570
существует 1,762603 0,000604
free 3,520461 0,002413
действует 2,421849 0,000830
веб 2,644992 0,000906
st 3,183989 0,001091
пары 2,296685 0,000787
español 1,019025 0,000349
спид 1,762603 0,000604
щётками 5,129899 0,001758
литература 1,695912 0,001162
пауэр 5,129899 0,003516
гл 3,050457 0,001045
поддерживали 4,031286 0,001382
игрового 2,732003 0,000936
энциклопедии 0,986764 0,000676
дамба 5,129899 0,001758
people 4,436752 0,001520
кёрлинг 1,279751 0,010087
приобрела 3,338139 0,001144
bosanski 1,345709 0,000461
свой 1,217876 0,000417
проигравшей 4,436752 0,003041
свои 1,238078 0,000424
техническое 3,183989 0,001091
энциклопедия 2,239527 0,001535
th 2,185460 0,000749
associated 0,986764 0,000338
января 0,825834 0,000283
български 1,086847 0,000372
nolan 5,129899 0,001758
to 2,038856 0,002096
чтобы 0,773190 0,000530
персональные 0,971016 0,000333
плей 1,002764 0,000687
брейкинг 1,762603 0,000604
настольный 1,238078 0,000424
журнал 2,185460 0,000749
де 0,955511 0,000327
причине 2,490841 0,000854
перед 0,839439 0,001151
большая 1,069456 0,001833
шайбой 1,122566 0,000385
сайт 0,773190 0,000265
американский 1,258698 0,000863
до 0,239550 0,000657
слегка 4,031286 0,001382
rules 2,490841 0,000854
ice 3,183989 0,001091
гранита 5,129899 0,001758
зарегистрированный 0,986764 0,000338
agostini 3,183989 0,001091
другой 1,492313 0,000511
сюда 0,986764 0,000338
файф 4,436752 0,001520
специальной 2,421849 0,000830
участвуют 2,038856 0,000699
двух 1,002764 0,001375
трек 1,159607 0,000397
five 3,520461 0,002413
generate 5,129899 0,001758
торговые 5,129899 0,001758
имеется 3,338139 0,001144
пар 2,357310 0,004847
цитировать 0,986764 0,000338
называются 2,827314 0,000969
бросков 2,644992 0,004532
проник 4,436752 0,001520
лыжное 1,279751 0,000439
специалисты 3,338139 0,001144
нерезультативный 5,129899 0,001758
азия 2,564949 0,000879
азию 4,436752 0,001520
norsk 1,052361 0,000721
баскетбол 0,773190 0,000265
дебют 2,421849 0,000830
число 1,392229 0,000477
для 0,146292 0,000501
снарядов 3,743604 0,001283
щётка 5,129899 0,003516
гребля 1,518981 0,001041
флаг 1,279751 0,000439
её 1,104547 0,000757
равенства 3,743604 0,001283
вид 1,104547 0,000757
скипа 5,129899 0,001758
же 0,925206 0,001585
волшебные 1,695912 0,000581
basics 4,436752 0,001520
isbn 1,633391 0,001120
основанная 4,031286 0,001382
rule 3,338139 0,001144
polski 1,035554 0,000355
проигравшая 4,031286 0,001382
игровую 3,183989 0,001091
российского 1,603538 0,000550
батуте 1,728701 0,000592
что 0,239550 0,000328
медали 0,971016 0,000998
править 0,986764 0,010821
чему 2,827314 0,000969
выбрано 4,031286 0,001382
за 0,125952 0,000302
жё 1,728701 0,000592
дне 4,436752 0,001520
соперника 1,279751 0,000877
софтбол 1,695912 0,000581
форма 1,695912 0,001162
рейтинг 0,565551 0,000194
дом 2,239527 0,002302
позиции 1,871802 0,000641
расположения 3,338139 0,001144
org 0,986764 0,000676
килсит 5,129899 0,001758
подробнее 0,723179 0,000248
подметать 5,129899 0,001758
питера 4,031286 0,001382
были 0,799165 0,000822
stone 3,520461 0,002413
гнетах 5,129899 0,001758
совершенства 4,436752 0,001520
великобритания 2,185460 0,000749
была 0,652562 0,000224
позиция 2,421849 0,000830
нулевой 3,520461 0,001206
женском 2,038856 0,000699
задающая 5,129899 0,001758
из 0,106018 0,000763
дарвелл 5,129899 0,001758
терминов 2,827314 0,001938
игровой 2,357310 0,000808
кёрлинговый 5,129899 0,001758
игровое 3,183989 0,003273
сознательно 4,031286 0,001382
закончился 2,644992 0,000906
августа 1,052361 0,000361
показательные 1,466337 0,000503
домом 4,031286 0,001382
ручку 5,129899 0,005274
победителем 1,574551 0,001619
их 0,799165 0,000822
скрытые 1,122566 0,000385
каменными 5,129899 0,001758
српски 1,035554 0,000355
рукотворно 5,129899 0,001758
летописях 5,129899 0,001758
дней 1,416327 0,000971
восстанавливается 4,436752 0,003041
форму 1,797694 0,001232
хоккей 0,376309 0,000516
представляли 3,050457 0,001045
английском 2,732003 0,000936
около 1,518981 0,000521
удаляется 3,338139 0,002288
эндах 5,129899 0,001758
движения 2,239527 0,000767
добываемого 5,129899 0,001758
двоеборье 1,217876 0,000417
ревущие 5,129899 0,001758
съёмную 5,129899 0,001758
ски 1,069456 0,000367
purr 5,129899 0,001758
называемая 3,520461 0,001206
прибегают 5,129899 0,001758
обозначенного 5,129899 0,001758
srpski 1,035554 0,000355
кг 2,185460 0,001498
движение 2,185460 0,000749
ручка 5,129899 0,001758
щёток 5,129899 0,001758
является 1,086847 0,001862
октября 1,086847 0,002607
лыжные 1,140915 0,000391
которые 0,760451 0,001564
континентальный 3,183989 0,001091
foundation 0,986764 0,000338
который 0,799165 0,000274
конькобежный 1,238078 0,000424
америку 3,743604 0,002566
восьми 2,185460 0,000749
rock 4,436752 0,003041
например 1,603538 0,000550
проведены 2,357310 0,000808
использованный 5,129899 0,001758
которых 1,052361 0,000361
türkçe 1,052361 0,000361
замёрзшего 4,436752 0,001520
napulitano 2,932674 0,001005
спортивная 1,159607 0,001192
случае 1,441019 0,000494
независимых 4,031286 0,001382
считают 2,827314 0,000969
америка 1,797694 0,000616
эдинбурге 3,743604 0,001283
한국어 1,035554 0,000355
сверху 2,932674 0,001005
фактическим 5,129899 0,001758
собой 1,279751 0,001316
примерно 2,085376 0,001429
свет 3,743604 0,001283
предоставляется 3,743604 0,002566
начале 1,301257 0,000446
свипованием 5,129899 0,001758
свежие 0,910391 0,000312
blog 5,129899 0,001758
путёвки 3,743604 0,001283
начала 1,238078 0,000424
универсальная 2,085376 0,000715
участие 0,597299 0,000409
направляется 4,031286 0,001382
травмы 1,492313 0,000511
крокет 1,762603 0,000604
на 0,023953 0,000337
старая 1,368699 0,000469
не 0,099461 0,000614
вошёл 2,239527 0,000767
каждый 1,392229 0,002386
ни 1,603538 0,000550
ссылками 1,159607 0,000795
онлайн 0,773190 0,000265
но 0,402511 0,000414
xix 1,834062 0,000629
получают 2,185460 0,001498
водные 0,867219 0,000297
ветеранов 2,490841 0,000854
скотс 5,129899 0,001758
прикрывают 5,129899 0,001758
категория 1,546380 0,001060
выставляет 4,031286 0,001382
хватает 1,762603 0,000604
бейсбол 1,466337 0,001005
magyar 1,086847 0,000372
нами 0,853233 0,000292
международная 1,301257 0,000892
завоевала 1,695912 0,000581
нанесённых 4,436752 0,001520
об 0,217244 0,000074
finicky 5,129899 0,001758
нем 2,085376 0,000715
стационарному 5,129899 0,001758
некоммерческой 0,986764 0,000338
пересечёт 4,436752 0,001520
ои 0,812411 0,024779
нет 0,825834 0,000283
мести 4,031286 0,001382
справка 0,986764 0,000338
мужчины 1,019025 0,000698
месте 1,492313 0,000511
он 0,534779 0,000550
тхэквондо 1,633391 0,000560
году 0,630089 0,001727
категории 0,986764 0,000676
от 0,160085 0,000823
форум 0,881403 0,000302
line 3,743604 0,001283
правилами 1,323236 0,000453
открыт 2,644992 0,000906
названием 1,871802 0,000641
статистика 0,652562 0,000224
зазубринок 5,129899 0,001758
бокс 0,576022 0,000395
ричардсоном 5,129899 0,001758
zazaki 2,239527 0,000767
города 2,239527 0,001535
постановил 5,129899 0,001758
все 0,125952 0,000086
википедия 0,986764 0,002029
созданное 4,031286 0,001382
хёрлингом 5,129899 0,001758
предотвращения 4,031286 0,001382
городе 1,994404 0,001367
вооружён 5,129899 0,001758
года 0,239550 0,001314
по 0,073653 0,001136
монгол 1,518981 0,000521
inc 0,986764 0,000338
правда 2,421849 0,000830
сведения 0,812411 0,000278
информация 1,035554 0,000710
português 1,035554 0,000355
полируя 5,129899 0,001758
постановке 5,129899 0,001758
отличаются 2,932674 0,001005
запасных 2,827314 0,000969
очень 1,140915 0,000782
академическая 1,574551 0,000540
видом 1,871802 0,001283
york 2,564949 0,000879
наука 3,050457 0,001045
какой 1,911023 0,000655
кыргызча 2,085376 0,000715
наличие 2,932674 0,001005
сообщество 0,986764 0,000338
сёрфинг 1,762603 0,000604
википедии 0,986764 0,000676
найденный 5,129899 0,001758
источник 0,853233 0,000585
