обыграв 2,134166 0,001643
волейболистки 5,129899 0,055288
победой 2,038856 0,006278
укрепив 4,436752 0,003416
атмосфере 4,436752 0,003416
мгту 4,031286 0,009310
ленинградка 3,338139 0,010279
день 0,760451 0,000585
калининградский 4,436752 0,003416
ещё 0,420369 0,000324
балтика 1,258698 0,003876
тур 1,546380 0,016666
преподаватель 3,520461 0,002710
ленинградки 5,129899 0,003949
еще 0,955511 0,001471
спорт 0,224624 0,003804
ярославич 4,031286 0,006207
петербургского 3,183989 0,004902
теннис 0,495170 0,001144
обыграл 1,574551 0,001212
турнирной 2,490841 0,003835
завершилась 2,732003 0,021032
домашнюю 3,743604 0,002882
ахмат 1,217876 0,001875
борьбе 1,603538 0,001234
фигурное 0,534779 0,001235
метар 3,743604 0,008646
со 0,447767 0,003792
нтмк 4,436752 0,006831
споря 5,129899 0,003949
удар 2,185460 0,001682
менее 1,258698 0,000969
ленинградку 5,129899 0,011847
сэ 2,932674 0,002258
травматичную 5,129899 0,003949
в 0,017911 0,000924
казанскому 4,436752 0,006831
реклама 0,735450 0,001132
и 0,023953 0,000295
политика 0,239550 0,000553
новосибирске 4,436752 0,006831
связь 1,392229 0,003215
й 0,825834 0,008900
тульскую 5,129899 0,003949
екатеринбургской 5,129899 0,003949
м 0,534779 0,000412
н 0,895792 0,001379
о 0,042302 0,000391
п 1,086847 0,001673
кхл 0,760451 0,001756
россии 0,160085 0,004806
с 0,036149 0,000167
четвертьфинал 1,951845 0,001503
занимает 2,185460 0,003365
фитнес 1,574551 0,003636
проекты 1,198073 0,000922
станислав 2,490841 0,001918
область 2,732003 0,002103
авто 0,925206 0,002137
они 0,760451 0,000585
морган 4,031286 0,006207
белогорье 4,031286 0,009310
ymca 4,436752 0,003416
репортажи 1,797694 0,001384
женских 2,134166 0,003286
ю 1,834062 0,001412
югра 3,183989 0,004902
сочи 0,853233 0,001314
футбол 0,285712 0,001100
конфиденциальности 0,317714 0,000734
мужской 2,134166 0,001643
волейбольной 3,743604 0,002882
мужчин 1,492313 0,001149
одержал 1,871802 0,004323
женщины 0,881403 0,002036
чемпионат 0,277868 0,002995
бум 1,911023 0,002942
своей 1,002764 0,001544
свою 1,217876 0,000938
своем 2,932674 0,002258
букмекеры 1,664163 0,002562
мужского 2,357310 0,003629
поделился 3,520461 0,002710
нова 4,031286 0,006207
зенита 1,797694 0,005536
время 0,384967 0,000593
факел 2,357310 0,001815
которую 1,728701 0,001331
го 1,279751 0,019704
коллективе 3,743604 0,002882
целях 2,732003 0,002103
новгород 1,217876 0,001875
шесть 1,546380 0,001190
ленинградская 2,827314 0,002177
мелбет 1,762603 0,002714
пари 1,301257 0,002003
красноярским 5,129899 0,003949
января 0,825834 0,006357
зениту 2,827314 0,004353
проекте 1,546380 0,002381
тулице 5,129899 0,003949
казахстан 1,301257 0,003005
италия 0,867219 0,000668
тулица 4,436752 0,003416
перед 0,839439 0,000646
уступили 2,421849 0,001864
дома 1,695912 0,002611
нанес 4,031286 0,003103
соцсетях 1,466337 0,001129
сыграет 1,603538 0,001234
бет 1,834062 0,002824
саратовский 3,743604 0,005764
представил 2,932674 0,002258
тулицу 5,129899 0,011847
зарубежный 1,911023 0,004413
джеймса 3,743604 0,002882
промежуточное 4,031286 0,003103
ставок 1,664163 0,002562
показать 0,825834 0,000636
уступила 2,085376 0,003211
мма 1,069456 0,002470
газпром 2,732003 0,004206
равное 3,338139 0,002570
задача 2,185460 0,001682
победе 1,951845 0,001503
перенесенном 3,520461 0,002710
олимпизм 1,466337 0,003386
счет 1,797694 0,002768
себя 0,940244 0,000724
саратове 4,031286 0,003103
тулицы 4,031286 0,003103
олимпийский 0,853233 0,001971
победу 0,910391 0,002803
клуб 0,940244 0,000724
читать 0,586604 0,000452
vk 1,441019 0,001109
лидеров 2,421849 0,001864
игр 0,367725 0,000566
волейболу 2,932674 0,063214
центральный 2,185460 0,001682
победы 0,971016 0,000748
материалов 1,217876 0,001875
турнирная 1,441019 0,002219
спортс 1,871802 0,010087
коллегам 4,436752 0,003416
краснодарского 3,520461 0,002710
мото 1,574551 0,003636
нижний 1,159607 0,001785
обыграла 1,911023 0,005885
московскому 2,732003 0,002103
прошла 1,994404 0,007677
чемпионата 0,735450 0,014154
волейбол 1,019025 0,019612
обыграло 3,743604 0,014410
регулярки 4,031286 0,003103
поражение 1,546380 0,001190
обыграли 2,296685 0,033593
ростов 1,002764 0,001544
очков 1,198073 0,000922
прошли 1,762603 0,008141
чемпионате 1,178655 0,000907
после 0,317714 0,000245
подмосковную 4,436752 0,006831
биатлон 0,534779 0,001235
пользу 1,911023 0,007356
краснодар 0,925206 0,002849
букмекеров 1,198073 0,004612
поражений 2,490841 0,001918
за 0,125952 0,000194
чр 3,050457 0,004697
победил 1,279751 0,000985
локомотив 0,910391 0,004205
счетом 2,239527 0,018964
баскетболу 3,050457 0,002348
рейтинг 0,565551 0,003048
выход 1,574551 0,001212
позиции 1,871802 0,001441
одного 1,140915 0,000878
альтернативу 5,129899 0,003949
локомотива 2,185460 0,008412
подмосковного 4,031286 0,003103
технологиях 1,911023 0,004413
чемпионство 2,357310 0,001815
графике 4,436752 0,003416
казанский 3,338139 0,007709
сша 0,586604 0,000452
бетсити 1,633391 0,002515
винлайн 1,834062 0,002824
из 0,106018 0,000326
еврокубки 1,546380 0,003571
мяч 1,546380 0,001190
тему 1,664163 0,001281
мужских 2,357310 0,001815
бору 5,129899 0,007898
челябинское 5,129899 0,003949
среди 0,597299 0,001839
беларусь 1,368699 0,003161
над 0,986764 0,003039
москве 1,518981 0,001169
подряд 1,258698 0,000969
хоккей 0,376309 0,001448
спартак 0,786093 0,001210
краснодарское 4,031286 0,006207
олимп 1,762603 0,002714
подмосковное 5,129899 0,003949
сборные 0,839439 0,001939
сложном 4,436752 0,003416
девятым 5,129899 0,003949
протон 4,436752 0,017078
одинцово 3,743604 0,034583
бора 5,129899 0,003949
казань 1,345709 0,003108
корабелку 4,436752 0,010247
проиграл 1,633391 0,002515
обратная 1,441019 0,003328
риа 1,466337 0,016932
урал 2,134166 0,001643
чемпионских 3,050457 0,002348
одинцове 5,129899 0,007898
заречье 4,031286 0,034137
результаты 0,910391 0,003504
казанского 3,520461 0,002710
цска 0,711058 0,001095
заречья 5,129899 0,003949
актуальные 1,834062 0,001412
казани 2,932674 0,002258
колледжа 3,520461 0,002710
команды 0,555188 0,001282
зенит 0,895792 0,006896
командная 2,085376 0,001605
заречью 5,129899 0,003949
матчи 0,773190 0,004167
команду 1,217876 0,001875
домашней 2,421849 0,003729
матче 0,747872 0,018423
суперлиге 3,338139 0,005140
минчанку 4,436752 0,006831
гостей 3,338139 0,010279
считаю 3,520461 0,002710
холиоке 4,436752 0,003416
матч 0,411400 0,000950
суперлига 1,574551 0,008485
петербургскую 5,129899 0,003949
калининграде 5,129899 0,003949
акрон 1,279751 0,001970
лыжный 1,728701 0,003992
суперлиги 2,644992 0,026470
хозяев 2,644992 0,002036
клуба 1,178655 0,000907
жен 2,564949 0,005924
идет 2,490841 0,005753
перформансе 5,129899 0,003949
брейке 5,129899 0,007898
хозяек 4,436752 0,003416
понедельник 3,743604 0,005764
минчанка 4,436752 0,003416
динамо 0,663991 0,015846
единственная 3,050457 0,002348
это 0,277868 0,000428
эмоциями 3,338139 0,002570
крылья 1,258698 0,001938
туле 4,436752 0,006831
одержало 4,031286 0,006207
ло 3,743604 0,023055
прямой 2,239527 0,001724
леон 1,797694 0,002768
экспресс 1,416327 0,002181
соснового 5,129899 0,003949
калининградского 5,129899 0,003949
новую 1,664163 0,001281
команд 1,178655 0,002722
плотном 4,436752 0,003416
динейкин 5,129899 0,007898
четвертое 3,743604 0,002882
новости 0,301585 0,003947
сосновом 5,129899 0,007898
уступил 1,994404 0,001535
место 0,597299 0,001379
побед 1,301257 0,003005
нхл 0,925206 0,002137
mail 1,301257 0,002003
лига 0,402511 0,002169
рассказал 1,238078 0,000953
дальше 1,492313 0,001149
семышев 5,129899 0,003949
придумал 3,520461 0,005420
турнир 0,699082 0,001615
мх 1,728701 0,002662
фонбет 1,466337 0,002258
стартом 2,732003 0,002103
казанское 3,743604 0,002882
истории 0,630089 0,000485
мы 0,925206 0,000712
летний 1,834062 0,001412
московское 2,564949 0,007898
на 0,023953 0,000111
прошел 2,185460 0,001682
омичка 4,436752 0,003416
не 0,099461 0,000077
календарь 0,735450 0,001132
использования 0,393700 0,000303
физкультуры 2,932674 0,002258
новой 1,574551 0,001212
которая 1,052361 0,000810
bettery 1,871802 0,002882
енисей 2,421849 0,005593
победило 3,520461 0,002710
волейболисты 4,436752 0,023909
кузбасс 4,436752 0,010247
водные 0,867219 0,002003
сервисов 1,834062 0,001412
таблица 0,925206 0,001424
области 1,951845 0,001503
победили 1,951845 0,001503
таблице 2,296685 0,007072
количество 1,217876 0,000938
оренбург 1,323236 0,002037
победами 3,338139 0,002570
игровые 1,603538 0,006172
белгородским 5,129899 0,003949
мужчины 1,019025 0,003138
месте 1,492313 0,001149
имели 2,357310 0,001815
февраля 0,232059 0,005717
от 0,160085 0,000123
полете 5,129899 0,003949
площадке 2,085376 0,003211
игру 1,466337 0,001129
volley 4,031286 0,003103
енисеем 5,129899 0,003949
площадки 2,296685 0,001768
доигровщик 4,436752 0,010247
бокс 0,576022 0,001330
ленинградской 4,436752 0,003416
катание 0,534779 0,001235
заслуга 4,031286 0,003103
петербургский 2,932674 0,002258
ball 2,827314 0,002177
компания 1,279751 0,001970
подмосковному 5,129899 0,003949
как 0,232059 0,000179
все 0,125952 0,000388
белогорьем 4,436752 0,010247
московского 2,296685 0,003536
матчей 0,940244 0,000724
против 0,747872 0,000576
премьер 1,217876 0,004688
другие 0,384967 0,002667
тай 2,827314 0,004353
pari 1,603538 0,002469
года 0,239550 0,000369
по 0,073653 0,001814
женского 2,490841 0,011505
встреча 2,085376 0,016054
краснодаре 2,732003 0,002103
нейсмита 4,031286 0,003103
втором 1,695912 0,001306
уралочка 3,743604 0,005764
интервью 0,971016 0,000748
где 0,675551 0,001040
уралочки 4,031286 0,006207
столичный 4,031286 0,003103
компании 1,301257 0,001002
использование 1,104547 0,001701
тура 1,728701 0,026616
третье 1,603538 0,002469
уильям 3,050457 0,004697
принимал 3,050457 0,002348
рекомендаций 1,871802 0,004323
рубин 1,217876 0,001875
амбициях 4,031286 0,003103
мvp 5,129899 0,003949
условия 0,411400 0,000317
советов 1,217876 0,001875
