день 0,760451 0,005616
зимний 2,296685 0,006785
спорт 0,224624 0,001327
всероссийские 3,743604 0,110594
легкоатлетический 4,031286 0,005955
центр 0,881403 0,005208
фотоотчет 5,129899 0,007577
петербург 1,633391 0,002413
запись 0,955511 0,001411
сборная 0,711058 0,004201
декабря 0,881403 0,001302
корпоративная 5,129899 0,030310
допинге 3,050457 0,009012
яламова 5,129899 0,007577
стр 2,564949 0,007577
длинным 4,031286 0,023819
а 0,209918 0,000620
в 0,017911 0,000423
г 0,925206 0,001367
д 0,895792 0,003970
анонс 3,338139 0,014792
фото 0,799165 0,004722
волгоград 2,732003 0,004035
ходьбе 4,436752 0,039321
и 0,023953 0,000708
политика 0,239550 0,000354
помещении 3,050457 0,049564
о 0,042302 0,000375
мсмк 5,129899 0,007577
санкт 1,279751 0,001890
пресс 1,086847 0,006422
россии 0,160085 0,004020
с 0,036149 0,000107
т 1,368699 0,002022
лекарство 4,031286 0,011909
переключиться 5,129899 0,007577
сезон 1,368699 0,002022
ленивец 5,129899 0,015155
кубок 0,524729 0,009301
персональных 2,185460 0,003228
э 2,296685 0,003392
атлетике 2,932674 0,012996
сайта 1,574551 0,004652
сочи 0,853233 0,002521
конфиденциальности 0,317714 0,000469
атлетика 1,052361 0,001554
общая 2,296685 0,013570
структура 2,421849 0,014309
чемпионат 0,277868 0,000410
вы 0,325878 0,000481
юношеский 3,520461 0,020800
студенческая 3,743604 0,022119
социальные 3,338139 0,009862
регионы 4,031286 0,023819
данных 1,871802 0,002765
регулярные 2,932674 0,017327
атлетики 3,338139 0,019723
смотреть 1,695912 0,005010
скорость 2,421849 0,003577
видеотрансляции 4,436752 0,026214
легкая 2,564949 0,003789
соглашаетесь 2,932674 0,004332
u 1,345709 0,079510
прошедшие 3,183989 0,004703
января 0,825834 0,002440
киров 4,031286 0,005955
партнеры 2,296685 0,003392
сайтом 3,520461 0,005200
призы 2,827314 0,008352
журнал 2,185460 0,003228
турнира 0,839439 0,001240
трансляций 3,183989 0,004703
трансляции 1,441019 0,021285
сервисы 2,644992 0,003907
лучшей 2,296685 0,003392
рождественские 5,129899 0,007577
сертификат 3,743604 0,005530
света 2,827314 0,004176
рождественский 4,436752 0,006554
олимпийцев 3,183989 0,004703
псб 5,129899 0,007577
info 1,951845 0,005766
детско 2,932674 0,017327
мемориал 3,183989 0,018812
виды 0,773190 0,004568
кекина 5,129899 0,007577
региональные 2,357310 0,017410
читать 0,586604 0,000866
сети 1,951845 0,005766
vk 1,441019 0,002129
работы 1,797694 0,002655
для 0,146292 0,000216
старый 3,520461 0,005200
регионов 2,421849 0,014309
мастер 1,911023 0,002823
rusaf 5,129899 0,015155
судьи 1,574551 0,009303
rusathletics 4,436752 0,013107
видео 0,699082 0,004130
дисциплины 2,134166 0,012610
будущие 3,183989 0,004703
пользоваться 3,183989 0,004703
вфла 4,031286 0,023819
лужнецкая 3,520461 0,010400
рейтинг 0,565551 0,003342
трансляция 2,239527 0,006616
комитеты 3,338139 0,019723
контакты 1,258698 0,007437
подробнее 0,723179 0,001068
трейл 4,436752 0,006554
документы 2,564949 0,030310
зт 5,129899 0,022732
мероприятий 3,183989 0,023515
ссылки 0,839439 0,001240
наб 4,436752 0,013107
защищены 2,490841 0,011038
дня 1,104547 0,001632
легкоатлетическая 5,129899 0,037887
антидопинг 3,183989 0,023515
зеленцовой 5,129899 0,007577
получить 0,747872 0,001105
мероприятия 2,357310 0,038302
москва 0,760451 0,002247
этика 4,436752 0,026214
cookie 3,050457 0,004506
продолжая 2,732003 0,004035
фотоотчеты 5,129899 0,007577
результаты 0,910391 0,001345
цска 0,711058 0,002101
первенство 1,664163 0,014749
ижевск 4,436752 0,006554
права 1,518981 0,006731
adams 4,436752 0,026214
обработки 2,296685 0,003392
международные 1,238078 0,001829
нужно 1,492313 0,002204
аккредитация 3,338139 0,004931
альминовой 5,129899 0,007577
обучение 2,827314 0,016705
клубы 1,392229 0,008226
класса 2,357310 0,003482
адлер 5,129899 0,007577
это 0,277868 0,000410
никола 2,085376 0,006161
этим 1,834062 0,002709
сми 1,546380 0,002284
файлы 3,338139 0,004931
всероссийская 3,183989 0,018812
понятно 3,743604 0,005530
используем 4,031286 0,005955
новости 0,301585 0,004455
лиги 0,895792 0,006616
лига 0,402511 0,004756
мы 0,925206 0,001367
на 0,023953 0,000177
спонсоры 1,911023 0,002823
календарь 0,735450 0,006518
метаниям 5,129899 0,030310
закупки 4,031286 0,023819
дисквалификация 2,732003 0,016142
алексеева 5,129899 0,022732
омск 3,050457 0,004506
программа 1,574551 0,002326
riverstart 5,129899 0,007577
русская 2,732003 0,004035
медиа 1,834062 0,013546
внутрение 5,129899 0,007577
назад 1,140915 0,013482
памяти 2,564949 0,003789
старты 2,827314 0,004176
семья 3,050457 0,022529
ссср 0,940244 0,004167
февраля 0,232059 0,005827
фотобанк 5,129899 0,007577
мотивационная 5,129899 0,007577
дизайн 2,932674 0,004332
кадры 3,338139 0,004931
все 0,125952 0,001302
соревнования 0,663991 0,021577
по 0,073653 0,001414
федерация 1,002764 0,013331
рекорды 1,762603 0,010414
ульяновск 4,031286 0,005955
расписание 1,695912 0,002505
информация 1,035554 0,006118
русада 3,520461 0,020800
межрегиональные 4,436752 0,006554
telegram 2,357310 0,003482
змс 5,129899 0,007577
ходыкина 5,129899 0,007577
легкой 3,520461 0,036401
еис 5,129899 0,015155
зима 2,932674 0,004332
яркие 2,932674 0,004332
фев 3,050457 0,040553
степана 4,436752 0,006554
прямые 3,338139 0,004931
сообщить 0,799165 0,002361
проверить 3,338139 0,009862
тренеры 1,911023 0,011291
сделано 2,827314 0,004176
федерации 0,663991 0,008827
