состоять 3,743604 0,000410
придавая 5,129899 0,000562
занимаются 3,183989 0,000349
древесины 5,129899 0,002248
latina 1,603538 0,000176
шнура 5,129899 0,001124
экспорт 0,986764 0,000108
пластика 3,520461 0,000386
сторонах 4,031286 0,000442
японской 3,338139 0,000366
помещения 3,338139 0,000366
approved 4,436752 0,000972
придавал 4,436752 0,000972
некоторых 1,762603 0,000386
профессионально 3,743604 0,000410
чехословакией 5,129899 0,000562
частью 1,728701 0,000189
множество 2,038856 0,000223
парном 2,932674 0,001285
какими 4,031286 0,000442
парной 4,031286 0,001767
девяти 3,183989 0,000349
left 2,085376 0,000228
выступают 2,932674 0,000321
помещении 3,050457 0,000334
čeština 1,035554 0,000113
держащая 5,129899 0,000562
накладками 4,436752 0,000972
викисклад 1,035554 0,000227
дольше 2,932674 0,000321
превратились 3,520461 0,000386
kaszëbsczi 3,183989 0,000349
корфбол 1,762603 0,000193
вторым 1,911023 0,000209
gold 3,520461 0,001543
китаец 3,520461 0,000386
юношеские 2,357310 0,000517
гцолифк 4,436752 0,000972
китаем 5,129899 0,000562
пользуется 4,436752 0,000972
a 1,392229 0,000763
e 1,603538 0,000176
македонски 1,258698 0,000138
f 2,564949 0,000281
употребление 3,520461 0,000386
j 1,466337 0,000482
каната 1,762603 0,000193
p 1,951845 0,000428
the 1,546380 0,002711
r 2,085376 0,000228
сильным 3,520461 0,000386
s 1,664163 0,002188
даёт 3,050457 0,000668
t 2,732003 0,000599
u 1,345709 0,000147
v 1,951845 0,000214
каждой 1,546380 0,000339
w 0,955511 0,000105
information 3,743604 0,000410
развивается 3,183989 0,000698
употребления 3,520461 0,000386
шансов 2,564949 0,000281
разной 4,436752 0,000972
дмитрий 1,345709 0,000147
верхнее 4,436752 0,000486
сильные 2,827314 0,000619
последней 2,296685 0,000252
good 4,436752 0,000486
кипарис 5,129899 0,000562
издаваемый 5,129899 0,000562
корее 2,827314 0,000619
кореи 2,644992 0,001159
групповые 3,183989 0,000349
драма 3,183989 0,000349
судья 1,834062 0,000201
студентов 2,732003 0,000299
публиковавшаяся 5,129899 0,000562
системе 0,867219 0,000190
июня 1,217876 0,001468
могут 0,760451 0,000417
корея 2,085376 0,000914
падении 3,338139 0,000366
пластиковым 5,129899 0,000562
olympic 2,296685 0,000755
пластиковый 4,436752 0,000972
синхронное 1,664163 0,000182
дают 2,421849 0,000265
судье 2,827314 0,000310
одиночный 4,031286 0,000883
различим 5,129899 0,000562
чжэньдун 4,436752 0,000486
очков 1,198073 0,001706
судьи 1,574551 0,000172
разрядах 3,743604 0,001230
падению 3,743604 0,000410
национального 2,564949 0,000281
множества 3,743604 0,000410
одиночных 3,743604 0,000410
последний 0,773190 0,000169
mirsporta 5,129899 0,000562
слоем 4,436752 0,000486
надето 5,129899 0,002248
некоторым 3,520461 0,000386
верхний 3,520461 0,000386
некоторые 1,416327 0,000310
последним 2,134166 0,000234
владимира 2,490841 0,000273
cheer 5,129899 0,000562
инвентарь 2,134166 0,001870
верхние 4,436752 0,000486
развлечения 4,031286 0,000442
июля 1,035554 0,001134
шмид 5,129899 0,000562
инвентаря 3,743604 0,000410
различными 3,183989 0,000349
сша 0,586604 0,000321
well 5,129899 0,000562
сотнях 5,129899 0,000562
спортивной 1,416327 0,000310
игроков 1,238078 0,002441
китайская 1,258698 0,000414
шмидт 4,436752 0,000486
выигрывала 3,183989 0,000698
игроком 1,762603 0,000386
осаке 5,129899 0,000562
подряд 1,258698 0,000138
tenergy 5,129899 0,000562
юношеском 4,031286 0,000442
размеры 3,050457 0,001337
нижнее 4,031286 0,000883
равномерной 5,129899 0,000562
ноябрь 3,050457 0,000334
состояло 5,129899 0,000562
сквош 1,728701 0,000189
вклад 0,971016 0,000106
indonesia 1,086847 0,000119
инин 5,129899 0,000562
очко 1,911023 0,001256
ноября 0,971016 0,003510
очки 1,466337 0,000161
стандартизирован 5,129899 0,000562
coach 4,031286 0,000442
women 2,827314 0,000310
очка 1,574551 0,001552
перейти 0,867219 0,000190
sunda 2,564949 0,000281
сын 2,644992 0,000290
японский 3,183989 0,001395
ping 4,436752 0,003402
японские 3,338139 0,000366
счёт 1,603538 0,000351
нападением 4,436752 0,000486
олимпиад 2,564949 0,000281
спортсмена 1,834062 0,000402
слова 1,574551 0,000172
григорий 2,827314 0,000310
пробка 5,129899 0,001124
принимавший 4,031286 0,000442
двукратный 2,239527 0,000245
top 1,728701 0,000568
пробки 4,436752 0,000486
лякросс 1,762603 0,000193
спортсмену 3,183989 0,000349
подготовки 1,633391 0,000179
ударят 5,129899 0,000562
слово 2,239527 0,000245
выигрывал 2,827314 0,000310
траектории 3,743604 0,000410
синий 2,827314 0,000310
рекордсменами 5,129899 0,000562
игровая 3,338139 0,002926
опорных 4,436752 0,000486
имеет 1,492313 0,000817
сильнейшие 3,050457 0,000334
детской 4,031286 0,000442
только 0,447767 0,000245
деревянного 5,129899 0,000562
двухслойной 5,129899 0,000562
микст 3,520461 0,001157
золотых 1,911023 0,000628
перевесом 4,436752 0,000972
средний 2,644992 0,000290
com 0,925206 0,001216
проходят 1,728701 0,000189
миру 2,644992 0,000290
хорошие 2,732003 0,000898
правилах 2,357310 0,000775
далеко 2,564949 0,000281
каждого 1,633391 0,000358
турнир 0,699082 0,000230
мире 1,198073 0,000919
правилам 1,664163 0,001276
преобладают 5,129899 0,000562
компьютерной 5,129899 0,000562
мира 0,367725 0,001611
хороших 4,031286 0,000442
дипломатия 4,436752 0,000486
чаще 1,834062 0,000402
оценкам 3,338139 0,000731
picard 2,827314 0,000310
русскоязычного 3,743604 0,000410
относительно 2,564949 0,000281
сёнэн 5,129899 0,000562
могли 1,664163 0,000365
пером 5,129899 0,002248
客家語 2,564949 0,000281
японская 3,520461 0,000771
сцены 3,520461 0,000386
играйте 4,436752 0,000486
гражданство 2,732003 0,000299
торговая 4,436752 0,000486
сокращение 3,183989 0,000349
were 4,031286 0,000442
куки 0,971016 0,000106
разрешено 2,490841 0,000546
фильме 3,520461 0,002314
фильма 3,743604 0,000820
типов 3,743604 0,000410
парная 4,436752 0,001458
полная 1,834062 0,000402
идти 3,338139 0,000366
манеру 4,436752 0,000486
манеры 4,436752 0,000486
times 2,732003 0,000599
дюйма 4,031286 0,000883
миня 5,129899 0,000562
перетягивание 1,762603 0,000193
международной 1,345709 0,000737
выкрашен 5,129899 0,000562
против 0,747872 0,000082
так 0,597299 0,001243
разрешены 2,732003 0,000299
иногда 1,951845 0,001069
нового 1,574551 0,000690
jaques 5,129899 0,004496
стороной 3,050457 0,000668
фильмы 3,520461 0,000386
туре 2,239527 0,000245
championat 1,834062 0,000603
вытеснили 5,129899 0,000562
sport 1,122566 0,000123
швеции 1,664163 0,000365
japan 4,031286 0,000442
сильной 3,743604 0,000410
культуры 1,834062 0,000402
ошибкой 3,743604 0,001230
скалолазание 1,728701 0,000189
контрнападение 5,129899 0,000562
ударил 3,183989 0,000698
утверждён 3,338139 0,000366
этой 1,052361 0,000346
этом 0,565551 0,000310
резины 4,031286 0,002650
сильное 3,338139 0,000366
let 3,520461 0,000386
недоступные 3,520461 0,000386
набрать 3,338139 0,000366
плоскостью 5,129899 0,000562
этот 0,825834 0,000633
press 2,185460 0,000479
бронзовые 2,239527 0,000245
швинкса 5,129899 0,000562
швеция 1,345709 0,000147
глава 1,546380 0,000169
погоде 4,436752 0,000486
художественная 1,633391 0,000179
изготовляется 5,129899 0,000562
учреждена 2,932674 0,000321
hodges 5,129899 0,000562
cup 2,134166 0,000468
sochi 4,436752 0,000486
немецкий 2,421849 0,000265
элемент 0,955511 0,000105
начисление 4,436752 0,000972
спортивные 1,104547 0,000242
направлению 3,743604 0,000410
выступлений 1,664163 0,000182
спортивный 1,301257 0,000143
нахождения 4,436752 0,000486
paralympic 3,743604 0,000410
имеют 1,834062 0,000201
спортивных 1,279751 0,000140
проходит 1,633391 0,000716
резину 4,436752 0,000486
разговорный 5,129899 0,000562
тех 1,217876 0,000534
указанием 0,986764 0,000108
имитировали 5,129899 0,000562
разговорным 5,129899 0,000562
международную 2,644992 0,000580
болельщиков 1,574551 0,000172
завершающего 5,129899 0,000562
достались 3,743604 0,000410
अवध 3,338139 0,000366
резина 4,031286 0,000883
популярных 2,732003 0,000599
столах 5,129899 0,000562
популярным 2,932674 0,000321
премьера 5,129899 0,000562
отделения 4,031286 0,000442
крупнейших 2,732003 0,000898
отражение 4,436752 0,000486
без 0,466460 0,000409
глаза 3,520461 0,000386
閩東語 2,827314 0,000310
трансляций 3,183989 0,000349
противоположным 5,129899 0,000562
применено 4,436752 0,000486
рекордсменом 2,932674 0,000321
рассчитанный 4,436752 0,000486
liu 5,129899 0,001124
крупнейшим 3,743604 0,000410
спортсмены 1,140915 0,000250
направление 3,338139 0,000366
направлении 2,357310 0,000517
редакция 2,732003 0,000898
сопротивления 3,743604 0,000410
период 1,159607 0,000635
миллионов 1,911023 0,000209
актера 5,129899 0,000562
возврат 4,031286 0,001767
кроме 1,368699 0,000750
full 3,743604 0,000410
олимпийского 1,603538 0,000351
ассоциаций 2,732003 0,000299
конкретной 4,436752 0,000972
всегда 1,258698 0,000138
каждая 2,134166 0,000468
house 3,743604 0,000410
ярко 3,050457 0,000668
кодекс 0,971016 0,000106
длительный 4,436752 0,000486
статьи 0,524729 0,000287
stars 4,031286 0,000883
titles 4,436752 0,000486
культуре 2,296685 0,000503
статья 0,986764 0,000541
соответственно 2,134166 0,000234
честь 2,085376 0,000457
ассамблея 5,129899 0,000562
карате 1,728701 0,000189
ελληνικά 1,086847 0,000119
пластмасса 5,129899 0,000562
занимающихся 3,183989 0,000349
делить 4,436752 0,000972
затрудняет 4,436752 0,000486
язык 1,258698 0,000276
атакой 4,031286 0,000442
принимающий 4,031286 0,000442
golden 3,520461 0,000386
принимающим 5,129899 0,000562
разных 1,834062 0,000201
players 3,520461 0,000386
различные 1,951845 0,000214
организациях 3,743604 0,000410
зелёный 2,732003 0,000898
пластмассы 5,129899 0,001686
creative 0,986764 0,000108
nederlands 1,019025 0,000112
инициативы 4,031286 0,000442
coast 4,436752 0,000486
различных 1,728701 0,000568
права 1,518981 0,000166
ждановых 5,129899 0,000562
маркетингу 4,031286 0,000442
международным 1,871802 0,000615
целлулоидным 5,129899 0,000562
целлулоидный 5,129899 0,000562
международный 1,258698 0,000276
добиваются 5,129899 0,000562
матч 0,411400 0,000270
площадок 4,436752 0,000972
начальная 4,436752 0,000486
международные 1,238078 0,000407
bright 4,436752 0,000486
euskara 1,122566 0,000123
резинового 5,129899 0,001124
целлулоидные 5,129899 0,000562
рамки 3,743604 0,000410
переподача 5,129899 0,001686
текущие 0,940244 0,000103
херном 5,129899 0,000562
игроках 5,129899 0,000562
стране 1,951845 0,000214
текущий 2,357310 0,000517
экспресс 1,416327 0,000155
fury 4,436752 0,000972
сегодня 0,881403 0,000193
вместо 1,633391 0,000716
rustt 5,129899 0,000562
глима 1,762603 0,000193
добавлены 3,743604 0,000410
страны 1,052361 0,000115
вместе 1,178655 0,000129
немногих 5,129899 0,000562
международных 1,492313 0,000817
asturianu 1,323236 0,000145
концепцию 4,436752 0,000486
ударов 2,085376 0,001371
ограничивается 4,031286 0,000883
کوردی 1,762603 0,000193
распространились 4,031286 0,000442
настольно 5,129899 0,000562
проигрывала 3,520461 0,000386
завершающему 5,129899 0,000562
проходить 2,644992 0,000290
летние 1,238078 0,000271
íslenska 1,392229 0,000153
получилось 3,050457 0,000334
maximonline 5,129899 0,001124
том 0,895792 0,000294
считается 1,664163 0,000729
поверхностью 3,743604 0,000820
топ 1,238078 0,000543
тот 1,416327 0,000310
обсуждение 0,881403 0,000193
столом 4,436752 0,000486
столов 5,129899 0,000562
day 3,520461 0,000386
делает 2,357310 0,000258
едины 4,436752 0,000486
три 0,786093 0,000172
заставляла 5,129899 0,000562
летних 1,911023 0,000837
последняя 2,644992 0,000290
площадка 2,421849 0,000531
аналогичные 3,743604 0,000820
маркирован 5,129899 0,001124
джеймс 1,994404 0,000218
sörling 5,129899 0,000562
отскакивает 5,129899 0,000562
площадки 2,296685 0,000503
набравший 3,520461 0,000386
соперниками 2,038856 0,000223
катание 0,534779 0,000059
как 0,232059 0,000788
родом 3,520461 0,000386
као 5,129899 0,000562
правилом 3,743604 0,000410
текущем 2,932674 0,000321
встреча 2,085376 0,000685
фильм 2,644992 0,003187
втором 1,695912 0,000186
толщину 5,129899 0,000562
следует 2,038856 0,000670
изменяться 5,129899 0,000562
обаятельная 5,129899 0,000562
встрече 2,296685 0,000503
встречи 2,490841 0,000819
тарашкевіца 1,198073 0,000131
толщины 4,436752 0,000486
ориентирована 5,129899 0,000562
компьютера 4,436752 0,000486
окраски 5,129899 0,001124
идёт 2,296685 0,000252
учётом 2,732003 0,000599
семье 3,520461 0,000386
присуждением 5,129899 0,000562
белая 3,520461 0,000771
активно 2,239527 0,000245
второй 0,786093 0,000344
многих 1,546380 0,000508
учеб 3,743604 0,000820
овладевают 5,129899 0,000562
uyghurche 2,644992 0,000290
адаптируется 5,129899 0,000562
атакует 4,031286 0,000442
подброс 5,129899 0,000562
record 3,183989 0,000349
сюжету 5,129899 0,000562
фигурное 0,534779 0,000059
организаторов 3,050457 0,000334
пластиковому 5,129899 0,001124
боковое 5,129899 0,000562
видам 2,038856 0,000223
помощью 2,185460 0,000958
а 0,209918 0,000598
б 1,466337 0,000161
в 0,017911 0,000648
креплением 4,436752 0,000486
г 0,925206 0,000912
д 0,895792 0,000196
е 0,867219 0,000380
копии 2,932674 0,000321
пересчитывает 5,129899 0,000562
и 0,023953 0,000451
обычной 3,743604 0,000410
к 0,132686 0,000349
м 0,534779 0,000410
о 0,042302 0,000097
подготовленности 4,436752 0,000486
санкт 1,279751 0,000140
чехословакии 2,932674 0,000321
с 0,036149 0,000432
скейтбординг 1,762603 0,000193
т 1,368699 0,000300
у 0,342407 0,000225
ф 1,728701 0,000189
х 0,986764 0,001081
ч 2,644992 0,001159
разыгрывались 3,743604 0,000410
ъ 4,436752 0,000972
шипами 4,031286 0,000883
заканчивается 2,827314 0,000310
ю 1,834062 0,000201
я 0,853233 0,000187
хрупкости 5,129899 0,000562
сила 2,564949 0,000281
кривочуров 5,129899 0,000562
атлетика 1,052361 0,000231
применяется 2,732003 0,000299
видах 2,038856 0,000223
term 4,436752 0,000486
приёмов 3,183989 0,000349
длинными 4,436752 0,000486
братьям 4,436752 0,000486
конкретных 4,436752 0,000972
азиатская 4,031286 0,001325
выбирают 2,732003 0,000299
снятый 4,436752 0,000486
практиковались 5,129899 0,000562
представились 0,986764 0,000108
методика 3,183989 0,000698
длительное 4,436752 0,000486
бабушкин 5,129899 0,000562
сергей 1,392229 0,000153
прежде 2,185460 0,000239
london 2,932674 0,001606
радивой 5,129899 0,000562
added 4,436752 0,000972
粵語 1,178655 0,000129
bulgaria 4,436752 0,000486
तम 2,644992 0,000290
матовой 5,129899 0,000562
сноуборд 1,238078 0,000136
соперников 1,664163 0,000365
соблюдены 5,129899 0,000562
института 3,338139 0,000366
хёрлинг 1,762603 0,000193
соревнованиях 1,159607 0,001143
шлагер 5,129899 0,001124
известного 3,338139 0,000366
արեւմտահայերէն 2,564949 0,000281
целлулоидных 5,129899 0,000562
colours 4,436752 0,000486
мысли 3,183989 0,000349
переходит 2,644992 0,000290
кгту 5,129899 0,000562
цвета 1,911023 0,001256
японии 1,664163 0,000182
title 0,986764 0,000216
плавание 1,198073 0,000263
биатлон 0,534779 0,000059
сильно 2,134166 0,000234
помощи 2,296685 0,000252
линейная 5,129899 0,000562
возвращённый 5,129899 0,000562
company 4,031286 0,000442
состоящие 3,743604 0,000410
середину 3,338139 0,000366
япония 1,994404 0,000218
удерживать 4,031286 0,000442
наносятся 3,743604 0,000410
середины 2,421849 0,001061
grand 3,183989 0,001395
графики 5,129899 0,000562
комбинация 3,183989 0,000349
установленном 5,129899 0,000562
karau 5,129899 0,000562
вторая 1,345709 0,000147
делать 2,644992 0,000290
пластикового 5,129899 0,000562
всемирный 3,050457 0,001003
скоротечной 5,129899 0,000562
матовыми 5,129899 0,000562
становится 1,664163 0,000729
всемирным 4,031286 0,000442
достигает 3,743604 0,000410
tabletennis 5,129899 0,000562
уэльсом 4,436752 0,000486
превышать 2,932674 0,000321
назначена 3,743604 0,000410
охватить 5,129899 0,000562
матча 1,002764 0,000110
проводится 1,546380 0,000678
планете 3,520461 0,000771
матчи 0,773190 0,000339
матче 0,747872 0,000082
status 3,743604 0,000410
кнр 3,743604 0,000410
девятью 4,031286 0,000442
румынская 5,129899 0,000562
был 0,663991 0,001309
установленным 4,031286 0,000442
досугом 5,129899 0,000562
установленных 4,031286 0,000442
код 0,986764 0,004757
половины 2,564949 0,002810
кор 3,338139 0,000366
url 0,986764 0,000108
половину 2,421849 0,000796
louise 5,129899 0,000562
раздела 2,644992 0,000290
половине 1,911023 0,000837
usa 3,050457 0,000668
mail 1,301257 0,000143
звук 4,031286 0,000442
действия 1,797694 0,000591
справочно 5,129899 0,000562
байдарках 1,603538 0,000176
васильевна 5,129899 0,000562
государственное 2,732003 0,000299
игровых 2,827314 0,000619
инструменты 0,986764 0,000216
ван 2,296685 0,000252
ئۇيغۇرچە 2,644992 0,000290
игровые 1,603538 0,000527
тайваня 4,436752 0,000486
действие 2,644992 0,000290
основанный 3,743604 0,000410
действий 2,357310 0,000517
великолепный 3,743604 0,000820
пределов 3,743604 0,000410
техника 2,134166 0,001169
обязательным 3,520461 0,000771
betawi 2,732003 0,000299
मर 1,574551 0,000172
хардбат 5,129899 0,001686
техники 2,421849 0,001327
технике 3,183989 0,000349
самых 1,546380 0,000339
ball 2,827314 0,000929
эгидой 1,797694 0,000197
технико 5,129899 0,000562
проходящих 3,743604 0,000410
происходит 1,695912 0,000186
размер 2,827314 0,000310
ваф 5,129899 0,000562
уве 4,436752 0,001944
учредителями 4,436752 0,000486
men 2,932674 0,000321
ответ 2,644992 0,000290
прыжки 1,019025 0,000335
длительная 5,129899 0,000562
кто 0,839439 0,000184
технологий 2,239527 0,000245
держа 5,129899 0,000562
август 3,743604 0,000410
самый 1,416327 0,000155
сделанные 5,129899 0,000562
материал 0,825834 0,000543
айвора 5,129899 0,000562
входят 1,994404 0,000218
кун 4,436752 0,000486
утверждают 3,520461 0,000386
малая 4,031286 0,000442
føroyskt 2,085376 0,000228
ао 2,564949 0,000281
роль 2,038856 0,000447
пористым 5,129899 0,000562
успешное 3,743604 0,000410
навигация 0,986764 0,000216
убрана 5,129899 0,000562
суммарную 5,129899 0,000562
борьба 1,002764 0,000110
навигации 0,986764 0,000108
правила 0,910391 0,003391
роли 2,296685 0,000252
коснётся 3,743604 0,001230
получившего 3,743604 0,000410
каучука 5,129899 0,001124
правило 1,633391 0,000179
вытеснил 4,031286 0,000442
борьбы 2,134166 0,000234
гимнастика 1,238078 0,000271
бы 1,052361 0,000231
характер 2,732003 0,000299
boost 5,129899 0,000562
hrvatski 1,052361 0,000115
некоторое 2,932674 0,000321
оружие 3,338139 0,000366
минимальные 4,031286 0,000442
очереди 3,183989 0,000349
роке 1,762603 0,000193
государственная 3,743604 0,000410
association 2,827314 0,000310
во 0,495170 0,000542
long 3,743604 0,000820
поделюсь 5,129899 0,000562
уже 0,687247 0,000075
обнаруживает 5,129899 0,000562
butterfly 5,129899 0,000562
очередь 2,239527 0,000736
вы 0,325878 0,000036
ミックス 5,129899 0,000562
ужесточив 5,129899 0,000562
партнёр 2,932674 0,000321
mix 5,129899 0,000562
веб 2,644992 0,000290
английские 3,743604 0,000410
техническими 4,031286 0,000442
шибаева 5,129899 0,000562
отрыва 4,436752 0,000486
star 4,436752 0,000486
скорость 2,421849 0,001061
возьмет 4,436752 0,000486
associated 0,986764 0,000108
отозвалась 5,129899 0,000562
практиковалась 5,129899 0,000562
чтобы 0,773190 0,000678
да 1,911023 0,000209
open 1,871802 0,001025
де 0,955511 0,000105
дж 3,338139 0,000731
объём 3,183989 0,000349
знаменитые 3,743604 0,000820
проведении 2,732003 0,000299
необходимость 3,183989 0,000349
перед 0,839439 0,000092
сайт 0,773190 0,003642
возглавлял 3,183989 0,000349
правильно 3,183989 0,000349
до 0,239550 0,000840
введено 3,338139 0,000366
резиновая 5,129899 0,000562
др 2,490841 0,000273
соревновательного 3,743604 0,000410
парных 3,743604 0,000410
вымышленная 5,129899 0,000562
цветные 4,031286 0,000442
введена 3,183989 0,000349
выступать 1,633391 0,000179
двух 1,002764 0,001099
цитировать 0,986764 0,000108
каучуком 5,129899 0,000562
числа 2,357310 0,000258
secures 5,129899 0,000562
худец 5,129899 0,000562
виф 5,129899 0,000562
баскетбол 0,773190 0,000085
одноименной 5,129899 0,000562
азии 2,085376 0,000457
число 1,392229 0,000458
открывается 4,031286 0,000442
исполнили 5,129899 0,000562
парный 3,743604 0,000820
числу 1,546380 0,000169
одиночном 2,932674 0,003213
равенстве 3,183989 0,000349
гибб 5,129899 0,000562
её 1,104547 0,001210
продолжительного 4,031286 0,000442
вид 1,104547 0,000363
internet 2,932674 0,000321
же 0,925206 0,000912
введены 2,827314 0,000310
сверхбыстрым 5,129899 0,000562
переходила 4,031286 0,000442
резиной 5,129899 0,001124
игровую 3,183989 0,000698
батуте 1,728701 0,000189
упрощает 4,436752 0,000486
править 0,986764 0,009513
за 0,125952 0,000179
размера 3,183989 0,001046
победил 1,279751 0,000140
среднем 2,239527 0,000245
жё 1,728701 0,000189
софтбол 1,695912 0,000186
призёры 2,564949 0,000281
было 0,438551 0,000865
внутреннего 3,743604 0,000410
jike 5,129899 0,000562
решает 3,338139 0,000366
были 0,799165 0,000438
vèneto 2,357310 0,000258
считаются 2,357310 0,000258
ясно 3,520461 0,000386
была 0,652562 0,000429
августе 2,296685 0,000252
step 4,436752 0,000486
потапова 4,436752 0,000486
из 0,106018 0,000894
игровой 2,357310 0,003357
им 1,198073 0,000263
советских 2,827314 0,000310
августа 1,052361 0,005764
компанией 2,827314 0,000619
их 0,799165 0,000350
скрытые 1,122566 0,000123
велюр 5,129899 0,000562
простил 5,129899 0,000562
регламент 2,296685 0,000252
план 2,564949 0,000843
английской 2,932674 0,000643
фань 4,436752 0,000486
партнёры 2,827314 0,000310
элия 5,129899 0,001124
большого 2,085376 0,000685
чёрного 3,183989 0,001046
отбивающий 5,129899 0,000562
технический 2,421849 0,000265
ряде 2,421849 0,000265
ряда 2,644992 0,000290
слева 2,564949 0,000281
повлияло 3,743604 0,000410
srpski 1,035554 0,000113
первенстве 1,994404 0,000218
км 2,038856 0,000223
является 1,086847 0,001072
соперник 2,239527 0,002699
серлинг 5,129899 0,000562
foundation 0,986764 0,000108
следующих 2,134166 0,000468
следующим 2,564949 0,000281
следующий 1,574551 0,000517
вне 2,038856 0,000447
следующие 1,834062 0,000402
europe 3,338139 0,000366
ли 1,198073 0,000263
academy 4,436752 0,000972
спортивная 1,159607 0,000508
основателей 3,743604 0,000410
вот 2,134166 0,000234
продолжением 4,436752 0,000486
вниз 2,932674 0,000321
ломаева 5,129899 0,000562
лю 3,338139 0,000731
ма 4,436752 0,002916
пупырчатой 5,129899 0,000562
рукой 2,564949 0,000281
мм 2,932674 0,003213
место 0,597299 0,000196
развития 1,797694 0,000985
побед 1,301257 0,001140
контрнападением 5,129899 0,000562
современная 2,490841 0,000273
лежать 4,436752 0,000486
мы 0,925206 0,000203
на 0,023953 0,000312
медалисты 3,338139 0,000366
достигнуть 5,129899 0,000562
затягивались 5,129899 0,000562
не 0,099461 0,000523
каждый 1,392229 0,000610
изобретено 4,436752 0,000486
каждым 2,564949 0,000281
онлайн 0,773190 0,000169
но 0,402511 0,000176
ну 2,827314 0,000310
раздел 2,296685 0,003774
жёсткости 4,031286 0,000442
счёте 2,732003 0,000299
осмотра 5,129899 0,000562
категория 1,546380 0,000339
разделяется 3,743604 0,000410
счёта 3,183989 0,000698
уровне 1,695912 0,000186
qualification 5,129899 0,001124
об 0,217244 0,000143
разделённый 5,129899 0,000562
красноярск 2,644992 0,000290
ои 0,812411 0,007921
перенесли 3,743604 0,000410
советское 3,183989 0,000349
месте 1,492313 0,000163
он 0,534779 0,000410
развитие 1,633391 0,000179
категории 0,986764 0,000216
от 0,160085 0,000333
переходить 3,743604 0,000410
собственно 2,932674 0,000321
панамериканские 3,743604 0,000410
названием 1,871802 0,001230
официальный 1,104547 0,005082
официальные 1,574551 0,000345
недоступная 2,357310 0,000258
официальным 2,644992 0,000290
сведений 2,239527 0,000245
все 0,125952 0,000097
свелась 5,129899 0,000562
уровня 1,994404 0,000874
позади 3,338139 0,000366
ngṳ 2,827314 0,000310
ролью 5,129899 0,000562
технических 2,644992 0,000290
по 0,073653 0,000581
официальных 1,664163 0,000912
сведения 0,812411 0,000178
каждые 2,732003 0,000898
равного 3,743604 0,000410
повышению 4,031286 0,000442
особой 3,520461 0,000386
отличаются 2,932674 0,000321
сообщать 5,129899 0,000562
всё 1,159607 0,000381
принятии 5,129899 0,001124
академическая 1,574551 0,000172
видом 1,871802 0,000615
сообщество 0,986764 0,000108
учреждение 4,031286 0,000442
видов 1,392229 0,000610
японскую 4,436752 0,000486
ру 1,994404 0,000218
декабре 2,490841 0,000273
англии 2,038856 0,001117
индией 4,436752 0,000486
сяося 5,129899 0,000562
визиту 5,129899 0,000562
быстрой 3,520461 0,000771
стал 0,586604 0,000450
указан 1,301257 0,000285
водно 1,762603 0,000193
примитивный 5,129899 0,000562
стиль 2,038856 0,000670
см 0,955511 0,002094
ситуации 1,994404 0,000655
vip 3,183989 0,000349
日本語 1,035554 0,000113
со 0,447767 0,000196
ситуаций 3,520461 0,000386
центр 0,881403 0,000097
чжуан 5,129899 0,000562
общую 3,520461 0,000386
производства 3,338139 0,000731
декабря 0,881403 0,001062
воду 1,492313 0,000163
чуть 2,357310 0,000258
неоднократно 2,421849 0,000265
декабрь 3,183989 0,000349
та 3,183989 0,000349
производство 3,743604 0,000410
eesti 1,069456 0,000117
лет 0,475938 0,000104
مصرى 1,546380 0,000169
то 0,652562 0,000572
сейчас 1,104547 0,000242
европейской 2,932674 0,000321
тактические 3,520461 0,000386
бомбее 5,129899 0,000562
ты 2,421849 0,000265
코리아 5,129899 0,000562
britannica 1,518981 0,000333
отражено 5,129899 0,000562
каноэ 1,633391 0,000179
тактических 4,031286 0,000883
весь 1,951845 0,000214
lëtzebuergesch 1,762603 0,000193
wikipedia 0,986764 0,000216
afrikaans 1,441019 0,000158
website 3,520461 0,000386
называть 3,050457 0,000334
часом 5,129899 0,001124
representing 5,129899 0,000562
ушу 1,728701 0,000189
slam 3,743604 0,000820
иванов 2,357310 0,000258
викиновости 1,238078 0,000136
отскок 3,743604 0,000410
фризский 1,762603 0,000193
отразить 4,031286 0,000442
радуга 5,129899 0,000562
official 2,932674 0,000321
прост 4,436752 0,000486
футов 3,520461 0,000771
распространяться 5,129899 0,000562
языков 5,129899 0,000562
корабля 5,129899 0,000562
комедийная 5,129899 0,000562
сначала 1,664163 0,000182
терминологии 4,031286 0,000442
изменение 2,932674 0,001285
изменений 2,296685 0,000503
unopposed 5,129899 0,000562
международного 1,911023 0,000419
являющиеся 4,031286 0,000442
однако 1,069456 0,000469
технического 2,932674 0,000964
canada 3,520461 0,000386
укороченной 4,436752 0,000486
дворы 5,129899 0,000562
проектах 0,986764 0,000108
победы 0,971016 0,000638
http 3,183989 0,000349
việt 1,140915 0,000125
отказ 0,910391 0,000100
посылать 4,031286 0,000442
сохранением 0,986764 0,000108
быструю 5,129899 0,000562
стилей 3,338139 0,000366
длину 2,564949 0,000281
ограничивают 3,743604 0,000410
дзюдо 1,466337 0,000161
перпендикулярная 5,129899 0,000562
стороны 1,546380 0,000847
technical 4,031286 0,000442
полностью 1,546380 0,000339
всему 2,357310 0,000258
длина 2,421849 0,000265
десятков 3,743604 0,000410
medal 4,031286 0,000442
ставший 2,239527 0,000245
пупырчатая 5,129899 0,000562
часть 1,441019 0,000158
принимала 3,183989 0,000349
нему 2,564949 0,000281
сторона 3,338139 0,000731
ненастоящий 5,129899 0,000562
части 1,664163 0,000182
изменению 3,743604 0,001230
xiaoxia 5,129899 0,000562
изменения 1,728701 0,000379
позволяло 3,520461 0,000386
доступна 4,031286 0,000442
специально 2,185460 0,000239
ручкой 5,129899 0,000562
символический 3,743604 0,000410
career 4,031286 0,000442
самая 1,911023 0,000209
release 3,743604 0,000820
повторить 3,743604 0,000410
номер 1,994404 0,000218
через 0,971016 0,000213
क 2,421849 0,000265
lietuvių 1,140915 0,000125
остаётся 1,994404 0,000437
nan 5,129899 0,000562
ठ 1,574551 0,000172
официально 1,159607 0,000254
значимые 3,338139 0,000366
ракеток 3,743604 0,003281
द 1,546380 0,000169
न 1,518981 0,000333
команда 0,663991 0,000218
игроке 4,031286 0,000442
игроки 0,986764 0,000757
प 1,911023 0,000209
немедленного 4,436752 0,000486
физиологических 4,031286 0,000442
команде 1,258698 0,000552
суммарный 4,031286 0,000442
игрока 1,492313 0,001308
ल 1,911023 0,000209
команды 0,555188 0,000122
воздуха 3,520461 0,000386
коснуться 4,031286 0,000442
स 2,644992 0,000580
ह 1,546380 0,000169
ширину 3,183989 0,000349
века 1,441019 0,000947
распространенные 4,031286 0,000442
прямо 2,296685 0,000252
веке 1,994404 0,001748
атакующие 4,031286 0,001325
портал 1,518981 0,000333
against 5,129899 0,000562
шаламе 5,129899 0,001124
скелетон 1,258698 0,000138
ракетку 3,338139 0,003291
подававшего 5,129899 0,000562
натянутыми 4,436752 0,000486
rights 4,031286 0,000442
переносить 3,743604 0,000410
промоутером 5,129899 0,000562
ограничено 4,031286 0,000442
короткая 2,732003 0,000299
игроку 2,421849 0,001327
отбит 4,436752 0,000486
сингапура 4,436752 0,000972
сато 4,031286 0,000883
причин 2,490841 0,000546
атакующих 3,743604 0,000410
отбил 4,436752 0,000486
ndl 1,834062 0,000201
атакующий 2,564949 0,000562
шорт 1,086847 0,000119
европейские 2,038856 0,000223
соревнованием 2,732003 0,000299
моряки 4,436752 0,000486
breaker 5,129899 0,000562
улице 3,338139 0,000366
изменила 3,338139 0,000366
рождением 5,129899 0,000562
рассказывающий 5,129899 0,000562
горнолыжный 1,301257 0,000143
способностей 4,436752 0,000486
pages 0,986764 0,000108
изменили 4,031286 0,000442
атакующее 5,129899 0,000562
быстрый 2,732003 0,000299
атакующей 3,520461 0,000386
new 2,038856 0,000893
значит 2,644992 0,000290
скажу 3,743604 0,000410
всего 0,812411 0,000445
ব 1,416327 0,000155
членами 2,827314 0,000310
гандбол 1,178655 0,000387
ল 1,416327 0,000155
svenska 1,035554 0,000113
общий 2,038856 0,000223
моторный 1,762603 0,000193
глобус 3,743604 0,000410
масса 2,827314 0,000929
перекидка 5,129899 0,000562
профессиональные 2,421849 0,000531
ссср 0,940244 0,000206
доступен 0,971016 0,000106
высоту 3,183989 0,000349
будо 1,762603 0,000193
лун 4,436752 0,002430
ширина 2,932674 0,000321
нерезиновыми 5,129899 0,000562
утверждены 2,932674 0,000321
media 3,050457 0,000334
высоты 3,520461 0,000386
ян 2,038856 0,000893
кадры 3,338139 0,000366
никто 1,871802 0,000205
резиновые 4,436752 0,000486
умышленное 4,031286 0,000442
высота 2,827314 0,000929
профессиональным 3,520461 0,000386
высоте 2,421849 0,000265
вращением 4,031286 0,001325
резиновый 4,436752 0,000486
французский 1,392229 0,000153
interlingua 1,603538 0,000176
риска 3,743604 0,000410
примечания 1,002764 0,000220
ведь 3,050457 0,000334
где 0,675551 0,000296
specific 5,129899 0,000562
европейских 2,038856 0,000223
super 3,520461 0,000386
противника 2,490841 0,000546
англию 3,743604 0,000820
посередине 3,050457 0,000668
быть 0,773190 0,001186
европейский 2,357310 0,000517
дорисован 5,129899 0,000562
позволяют 3,183989 0,000349
диаметр 3,338139 0,001829
поднялся 3,338139 0,000366
пластик 5,129899 0,000562
decided 5,129899 0,000562
публикует 3,743604 0,000410
гладкого 5,129899 0,000562
мобильная 0,608110 0,000067
связан 3,338139 0,000366
кожей 4,031286 0,000442
ਜ 1,664163 0,000182
посольства 5,129899 0,000562
suomi 1,052361 0,000115
стало 1,217876 0,000400
определённого 3,338139 0,000366
ਪ 1,664163 0,000182
ਬ 1,664163 0,000182
сделали 2,134166 0,000234
линя 5,129899 0,000562
алюминий 5,129899 0,000562
стала 0,881403 0,000290
waldner 5,129899 0,000562
комедийном 5,129899 0,000562
стали 0,971016 0,000532
сделало 4,436752 0,000486
nkc 1,574551 0,000172
использоваться 3,050457 0,000334
высокой 2,421849 0,000531
барчукова 4,436752 0,000972
млрд 2,564949 0,000281
требования 2,421849 0,000265
впервые 0,839439 0,001104
ngî 2,564949 0,000281
oʻzbekcha 1,140915 0,000125
свободно 4,436752 0,000486
глоссарий 4,436752 0,000486
latviešu 1,052361 0,000115
дэнни 4,031286 0,000442
стол 4,031286 0,003975
решающей 3,520461 0,000771
tour 2,932674 0,003534
прошёл 1,574551 0,000345
шесть 1,546380 0,000169
jawa 1,911023 0,000209
динамичной 5,129899 0,000562
матовый 5,129899 0,000562
знаю 3,743604 0,000410
знак 0,986764 0,000108
зарегистрировано 1,951845 0,000214
запущен 4,031286 0,000442
лучше 1,695912 0,000372
боковые 3,050457 0,000668
второсортной 5,129899 0,000562
тактика 2,732003 0,001496
обладателю 3,520461 0,000386
азиатскую 5,129899 0,000562
тактике 4,031286 0,000442
обладатели 2,296685 0,000252
запястья 4,031286 0,000442
короткие 2,644992 0,000869
медиафайлы 1,217876 0,000267
жанре 4,436752 0,000486
требуется 2,932674 0,000321
панамерики 5,129899 0,000562
короткий 0,971016 0,000213
остальные 2,239527 0,000245
изменением 4,031286 0,000442
планах 3,183989 0,000349
чемпионата 0,735450 0,000322
победное 5,129899 0,001124
чемпионате 1,178655 0,001291
после 0,317714 0,000522
теннисистом 4,031286 0,000442
central 2,732003 0,000299
закрывать 4,031286 0,000442
now 3,520461 0,000386
trademark 5,129899 0,000562
задеть 4,436752 0,000486
европейская 2,421849 0,000531
призовой 2,732003 0,000299
thoughts 5,129899 0,000562
тактики 3,338139 0,000731
чемпионаты 1,574551 0,000517
находился 3,050457 0,000334
продано 5,129899 0,000562
языках 0,986764 0,000108
лыжах 1,178655 0,000129
разработано 4,436752 0,000486
азиатские 2,932674 0,000321
play 1,441019 0,000158
лондоне 2,357310 0,000775
азиатский 3,520461 0,000386
динамичную 4,436752 0,000486
неизвестными 3,743604 0,000410
руководством 2,134166 0,000234
чередовались 4,436752 0,000486
сорвал 4,031286 0,000442
получить 0,747872 0,000082
fan 3,743604 0,000410
ломаев 5,129899 0,001686
сделать 1,695912 0,000186
отредактирована 0,986764 0,000108
melayu 1,368699 0,000150
вводятся 5,129899 0,000562
italiano 1,035554 0,000113
год 0,687247 0,003313
англией 4,436752 0,000486
контракт 1,518981 0,000166
русско 5,129899 0,000562
differences 5,129899 0,000562
мая 1,104547 0,001452
поэтому 1,392229 0,000153
commons 0,986764 0,000108
началом 1,834062 0,000201
мае 2,357310 0,000258
web 1,279751 0,000280
командном 2,296685 0,000755
гамп 5,129899 0,002248
ettu 5,129899 0,003372
учётную 0,986764 0,000108
поклонников 3,338139 0,000366
самой 1,574551 0,000172
самом 1,994404 0,000218
grip 4,436752 0,000486
быстрее 2,732003 0,000299
отмечают 3,520461 0,000386
staggering 5,129899 0,000562
азиатских 3,743604 0,000820
плюс 2,357310 0,000258
рекреационный 4,436752 0,000486
актёры 3,743604 0,000410
отдельно 3,050457 0,000334
лиге 1,368699 0,000150
одностороннее 5,129899 0,000562
собираться 4,436752 0,000486
посев 4,031286 0,000442
дерева 3,743604 0,000820
thoughtco 5,129899 0,000562
приходится 2,296685 0,000252
союза 1,797694 0,000197
которая 1,052361 0,000346
ударяется 4,436752 0,000486
называют 2,185460 0,000239
сеуле 3,050457 0,001003
комедийный 5,129899 0,001124
таблица 0,925206 0,000101
непосредственно 2,134166 0,000234
переигровка 3,520461 0,000771
bân 1,762603 0,000193
yining 5,129899 0,000562
российская 0,799165 0,000088
ழ 1,492313 0,000163
розыгрыша 2,239527 0,000736
либо 1,140915 0,000625
розыгрыше 2,239527 0,000491
согласно 1,574551 0,000517
перехват 4,436752 0,000486
венгерский 4,031286 0,000442
более 0,853233 0,001402
парки 5,129899 0,000562
мазуновы 5,129899 0,000562
поиск 0,735450 0,000081
game 2,827314 0,000310
handbook 3,520461 0,000386
максимальную 5,129899 0,000562
длинные 2,732003 0,000299
oldid 0,986764 0,000108
снизили 5,129899 0,000562
отличием 4,031286 0,000442
гуд 5,129899 0,000562
попадал 3,520461 0,000386
трамплина 1,159607 0,000127
принять 2,134166 0,000234
ayisyen 2,490841 0,000273
принято 1,871802 0,000410
tournaments 5,129899 0,005058
vladimir 5,129899 0,000562
català 1,086847 0,000119
дальнейшем 2,357310 0,000517
биографии 4,436752 0,000486
новый 0,940244 0,000824
новые 0,747872 0,000164
академия 2,085376 0,000228
происходить 5,129899 0,000562
чемпионатах 1,574551 0,000172
గ 2,038856 0,000223
умышленно 4,436752 0,000486
активная 3,743604 0,000410
покрытием 2,932674 0,001285
просмотры 0,986764 0,000108
проведён 2,038856 0,000447
فارسی 1,104547 0,000121
gang 5,129899 0,000562
త 2,038856 0,000223
александр 0,925206 0,000101
выделенных 4,031286 0,000442
as 2,564949 0,001405
ల 2,038856 0,000223
дополнительных 2,564949 0,000281
определённых 3,050457 0,000334
определяется 2,038856 0,000223
сиднее 2,827314 0,000310
ttsport 5,129899 0,005620
prove 5,129899 0,000562
коммерсантъ 3,520461 0,000386
дополнительные 0,986764 0,000324
коротаев 5,129899 0,000562
напротив 3,050457 0,000334
заглавная 0,986764 0,000108
господства 4,436752 0,000486
мир 1,546380 0,000169
взявшим 5,129899 0,000562
by 0,971016 0,000319
основным 2,421849 0,000265
большую 2,239527 0,000245
взявших 5,129899 0,000562
ленинграде 3,183989 0,000349
cc 0,986764 0,000108
абсолютно 3,183989 0,000349
ch 5,129899 0,001124
единственным 2,239527 0,000245
shqip 1,466337 0,000161
конец 2,421849 0,000265
досталась 3,338139 0,000366
тебе 2,932674 0,000321
единственный 2,296685 0,000252
ресурсы 1,104547 0,000121
губчатым 5,129899 0,001124
новым 1,664163 0,000547
белорусский 4,031286 0,000442
состоит 1,546380 0,001016
викиданных 0,986764 0,000108
проходила 2,827314 0,000310
млн 1,728701 0,000379
japanese 4,436752 0,000486
accomplished 5,129899 0,000562
своего 1,368699 0,000150
джаке 5,129899 0,000562
теннисом 4,031286 0,001325
показать 0,825834 0,000090
ec 5,129899 0,000562
needs 4,436752 0,000486
основные 2,134166 0,000701
параметров 3,520461 0,000771
обеспечивать 3,743604 0,000410
олимпийские 0,895792 0,000589
счету 2,357310 0,000258
кинотеатрах 5,129899 0,000562
хотя 1,546380 0,000169
олимпийским 1,492313 0,000327
олимпийский 0,853233 0,000374
стандартом 3,743604 0,000410
высотой 3,050457 0,000334
другому 2,827314 0,000929
континентах 3,743604 0,000820
сэндвич 5,129899 0,001124
мне 1,871802 0,000410
командным 4,436752 0,000486
командный 1,994404 0,000218
for 2,239527 0,001227
разыгрываются 3,520461 0,000386
этапе 1,633391 0,000179
раскинуть 5,129899 0,000562
длился 3,520461 0,000386
ding 5,129899 0,000562
домашнего 3,050457 0,000334
fx 5,129899 0,000562
олимпийских 0,799165 0,001138
хронология 2,827314 0,000929
поиску 0,971016 0,000106
зацепил 4,031286 0,000442
лишь 1,159607 0,000127
бакстер 5,129899 0,001124
хватку 5,129899 0,002248
странах 1,574551 0,000517
мог 1,762603 0,000193
хватка 4,436752 0,003888
используемый 4,031286 0,000442
непобедимой 5,129899 0,000562
решил 2,490841 0,000273
мок 1,574551 0,000172
хватки 5,129899 0,002248
используемые 3,743604 0,000410
съемок 4,436752 0,000972
разделён 4,436752 0,000486
основе 1,466337 0,000321
этапы 2,421849 0,000265
he 4,436752 0,000486
подобных 3,743604 0,000410
эры 2,644992 0,000290
тканью 4,436752 0,000486
секрет 3,743604 0,000820
four 4,031286 0,000442
https 0,699082 0,000153
братья 2,932674 0,000321
сравнению 2,732003 0,000299
марти 5,129899 0,001124
отводить 4,436752 0,000486
результат 1,416327 0,000310
позже 1,518981 0,000166
in 1,911023 0,001675
index 0,986764 0,000108
большой 1,069456 0,000937
is 2,932674 0,000964
эта 0,867219 0,000475
последующих 3,050457 0,000334
tischtennisregeln 5,129899 0,000562
dĕ 2,827314 0,000310
особенностей 3,520461 0,000386
избранные 0,971016 0,000106
ള 1,695912 0,000186
которое 1,871802 0,000205
которой 1,238078 0,000543
ничего 2,732003 0,000299
северной 2,185460 0,000239
котором 1,217876 0,000267
основную 2,827314 0,000310
смены 2,732003 0,000299
разновидность 3,183989 0,000349
взявшая 5,129899 0,000562
хва 4,436752 0,000486
действуют 3,520461 0,000771
добавился 4,436752 0,000486
это 0,277868 0,000487
которого 1,345709 0,000737
шарики 5,129899 0,000562
искренне 4,436752 0,000486
смена 2,357310 0,000258
два 0,760451 0,000417
категориях 3,183989 0,000349
ko 3,183989 0,000698
gí 1,762603 0,000193
две 1,019025 0,000447
новую 1,664163 0,000182
засчитан 4,031286 0,000883
осталась 2,732003 0,000299
исполнившего 5,129899 0,000562
смене 3,050457 0,000334
li 4,031286 0,000442
intermoda 5,129899 0,001124
ближней 4,031286 0,000442
пособие 4,031286 0,000442
қазақша 1,178655 0,000129
брицына 5,129899 0,001124
особо 3,050457 0,000334
открытой 2,421849 0,000531
ответил 2,185460 0,000239
ma 5,129899 0,001124
mb 5,129899 0,000562
www 1,392229 0,000610
минимум 2,239527 0,000245
придерживались 3,743604 0,000410
обшивали 5,129899 0,000562
новой 1,574551 0,000345
записали 4,436752 0,000486
новое 2,134166 0,000234
присвоением 4,436752 0,000486
baxter 5,129899 0,001124
months 4,436752 0,000486
партнёром 3,338139 0,001097
ng 2,827314 0,000310
вращений 4,436752 0,000486
no 1,911023 0,000209
мягкие 4,436752 0,000486
ස 1,834062 0,000201
практически 1,664163 0,000182
mixed 3,520461 0,000771
студ 4,436752 0,000972
зрители 2,932674 0,000321
поскольку 1,728701 0,000568
соревнования 0,663991 0,000800
of 1,695912 0,003530
puig 5,129899 0,000562
deutsch 1,052361 0,000115
kâ 2,564949 0,000281
марта 0,881403 0,000966
срезка 5,129899 0,000562
вращение 4,436752 0,001458
on 2,239527 0,000491
большим 2,085376 0,000228
or 3,338139 0,000366
sports 1,301257 0,000570
китайцам 4,436752 0,000486
контратакующие 5,129899 0,001124
ماز 2,490841 0,000273
betting 4,436752 0,000486
контратакующий 4,436752 0,000486
чемпионатов 1,416327 0,000776
вращения 4,031286 0,002208
ph 1,762603 0,000193
соревнований 0,881403 0,001159
результатов 1,951845 0,000214
технологическим 4,031286 0,000442
молодёжи 3,050457 0,000334
большей 2,932674 0,000321
тоже 1,911023 0,000209
однородной 5,129899 0,000562
страница 0,940244 0,000206
странице 0,971016 0,000106
qr 0,986764 0,000108
цветов 2,932674 0,001285
дин 4,436752 0,000486
страницу 0,971016 0,000106
африки 2,932674 0,000321
seamaster 5,129899 0,000562
темно 5,129899 0,000562
санный 1,301257 0,000143
сдвигать 5,129899 0,000562
страницы 0,971016 0,000319
зимние 1,159607 0,000127
подразделяется 4,031286 0,000442
ri 5,129899 0,001124
фристайл 1,279751 0,000140
толстый 5,129899 0,000562
учреждениях 4,436752 0,000486
женские 2,490841 0,000273
женщин 1,368699 0,000450
пресс 1,086847 0,000476
ru 0,285712 0,000407
обязан 2,490841 0,000273
женских 2,134166 0,000234
sa 0,986764 0,000108
иному 4,436752 0,000486
nynorsk 1,546380 0,000169
sh 1,797694 0,000197
того 0,955511 0,001361
своё 1,664163 0,000182
действует 2,421849 0,000265
свою 1,217876 0,000534
calendar 5,129899 0,000562
китайский 3,050457 0,000668
su 4,031286 0,000442
español 1,019025 0,000112
пород 5,129899 0,000562
турниры 0,895792 0,000196
китайские 3,338139 0,001097
пункты 3,338139 0,000366
one 3,183989 0,000349
литература 1,695912 0,000372
которую 1,728701 0,000189
конца 1,546380 0,000169
bosanski 1,345709 0,000147
активное 3,743604 0,000410
свои 1,238078 0,000271
th 2,185460 0,000958
китайских 4,031286 0,000442
генеральная 4,436752 0,000486
встретиться 4,031286 0,000442
to 2,038856 0,001340
персональные 0,971016 0,000106
tt 5,129899 0,000562
азияпоиск 5,129899 0,000562
протестировал 5,129899 0,000562
протестирован 5,129899 0,000562
большая 1,069456 0,000703
коснулся 3,183989 0,000698
турнира 0,839439 0,000276
использовали 3,520461 0,000386
турнире 1,198073 0,000131
претерпевал 5,129899 0,000562
велюра 5,129899 0,000562
зайцева 3,183989 0,000698
увеличивает 3,743604 0,000410
ракетки 3,520461 0,008485
падает 4,436752 0,000486
китайской 4,031286 0,002208
специалисты 3,338139 0,002926
topsheet 5,129899 0,001124
norsk 1,052361 0,000231
сафди 5,129899 0,000562
вызвала 4,031286 0,000442
физическими 3,520461 0,000386
sees 5,129899 0,000562
protesting 5,129899 0,000562
для 0,146292 0,000577
меламин 5,129899 0,000562
флаг 1,279751 0,000140
подобной 3,520461 0,000386
ракетка 3,183989 0,002442
satoh 5,129899 0,000562
вызвало 3,183989 0,000349
euro 3,520461 0,000386
флам 5,129899 0,000562
тренеров 1,728701 0,000189
каучуковые 5,129899 0,000562
национальная 1,574551 0,000172
polski 1,035554 0,000113
джакес 5,129899 0,000562
журнале 3,520461 0,000386
уличная 5,129899 0,000562
dimitrij 5,129899 0,000562
org 0,986764 0,000216
держит 4,031286 0,000442
ходу 1,834062 0,000201
фута 3,743604 0,000410
теннисисты 2,421849 0,000531
женской 2,134166 0,000234
walon 2,827314 0,000310
женском 2,038856 0,000670
корейской 2,239527 0,000245
xx 1,546380 0,001016
мяч 1,546380 0,009656
темп 3,183989 0,001395
dragon 5,129899 0,000562
победителем 1,574551 0,000345
над 0,986764 0,000324
дней 1,416327 0,000310
нас 1,492313 0,000327
эпизод 3,743604 0,000410
участников 1,159607 0,000127
продолжают 2,644992 0,000580
распределение 3,743604 0,000410
чередуются 4,436752 0,000486
служба 2,134166 0,000468
заметить 5,129899 0,000562
скрыт 5,129899 0,000562
комплекта 3,338139 0,001097
близко 3,520461 0,000386
ударяет 4,436752 0,001944
indoor 4,031286 0,000442
неизменной 5,129899 0,000562
дсп 5,129899 0,000562
ག 2,564949 0,000281
заметно 3,050457 0,000334
которые 0,760451 0,000333
перемещению 5,129899 0,000562
который 0,799165 0,000525
николай 2,134166 0,000234
конькобежный 1,238078 0,000136
mikkusu 5,129899 0,000562
ད 2,564949 0,000281
которым 1,518981 0,000166
никаких 2,644992 0,000290
арсеналом 2,932674 0,000321
བ 2,564949 0,000281
составил 2,239527 0,000245
разными 3,183989 0,000349
которых 1,052361 0,000576
победа 1,238078 0,000136
составит 3,338139 0,000731
женская 2,239527 0,000491
ove 5,129899 0,000562
отходил 5,129899 0,000562
ཡ 2,564949 0,000281
увеличено 3,050457 0,000334
олимпийской 1,911023 0,000419
случае 1,441019 0,000316
случай 2,644992 0,000580
демонстрируют 4,436752 0,000486
ударился 4,436752 0,000486
самсонова 4,031286 0,000442
подброшен 5,129899 0,000562
обусловлено 3,338139 0,000366
naijá 4,436752 0,000486
разыгранных 4,436752 0,000972
америке 2,564949 0,000281
америки 1,695912 0,000743
несколько 1,069456 0,000351
арене 1,797694 0,000197
стран 1,546380 0,001186
задней 3,338139 0,000366
сетки 2,827314 0,002788
стартов 3,050457 0,000334
свет 3,743604 0,000820
сетке 3,050457 0,000668
сетка 3,050457 0,001671
европейцев 3,338139 0,000366
использовать 1,603538 0,001054
сетку 2,732003 0,001197
расти 3,743604 0,000410
другого 2,644992 0,000580
мешает 4,031286 0,000442
количества 2,421849 0,000531
толчок 3,050457 0,000334
deutscher 5,129899 0,000562
xix 1,834062 0,001206
апреля 1,052361 0,001614
неё 1,797694 0,000394
ветеранов 2,490841 0,000273
количество 1,217876 0,000667
международная 1,301257 0,001853
нем 2,085376 0,000685
орган 4,031286 0,000442
флим 5,129899 0,000562
мужчина 3,743604 0,002461
попадёт 5,129899 0,000562
этапах 2,827314 0,001239
состоялась 2,134166 0,000234
ответный 3,520461 0,000771
китайскую 4,436752 0,000486
страниц 3,183989 0,000349
способствует 4,031286 0,000442
монгол 1,518981 0,000166
единичный 5,129899 0,000562
талант 3,743604 0,000410
loophole 5,129899 0,000562
игроками 1,695912 0,000186
york 2,564949 0,000281
никак 3,338139 0,000366
струнами 4,436752 0,000486
называемый 2,421849 0,000265
день 0,760451 0,000417
процентного 5,129899 0,000562
ним 1,695912 0,000557
нин 5,129899 0,000562
န 2,134166 0,000234
играх 0,699082 0,000689
направленные 3,743604 0,000410
ဘ 2,134166 0,000234
ไทย 1,238078 0,000136
မ 2,134166 0,000468
них 1,178655 0,000387
tatarça 1,392229 0,000153
сценах 5,129899 0,000562
သ 2,134166 0,000234
диаметром 3,338139 0,001463
wins 4,031286 0,000442
обозначением 4,436752 0,000972
терминологический 5,129899 0,000562
заявление 0,867219 0,000095
создана 1,834062 0,000603
следят 3,743604 0,000410
тёмно 3,520461 0,000386
mìng 2,827314 0,000310
посещали 4,436752 0,000486
появилась 2,185460 0,000239
двухцветного 5,129899 0,001124
занимает 2,185460 0,000479
проекты 1,198073 0,000131
назван 3,050457 0,000334
congo 5,129899 0,000562
назвал 1,323236 0,000145
учебное 4,436752 0,000486
материалами 5,129899 0,000562
войной 3,338139 0,000366
процессе 2,732003 0,000299
slovenčina 1,069456 0,000117
барна 5,129899 0,000562
gnd 1,392229 0,000153
дело 2,038856 0,000223
инвалидных 3,520461 0,000771
наклеивают 5,129899 0,000562
индивидуальных 2,644992 0,000290
национальной 2,085376 0,000228
коснувшись 5,129899 0,001124
индивидуальные 2,134166 0,000234
мастерства 3,743604 0,000410
poach 5,129899 0,000562
индии 3,338139 0,000731
колясках 2,932674 0,000643
пролетит 5,129899 0,000562
норвежская 1,603538 0,000176
находиться 2,185460 0,000479
массовости 3,743604 0,000820
использующие 1,633391 0,000179
pan 4,436752 0,000486
никсона 5,129899 0,000562
слой 4,436752 0,000972
спорта 0,342407 0,000788
каучук 5,129899 0,000562
барри 4,436752 0,000486
спорте 2,038856 0,000223
каталогах 1,323236 0,000145
shonen 5,129899 0,000562
материалов 1,217876 0,000801
разряде 3,338139 0,004388
безоговорочно 5,129899 0,000562
превалировал 5,129899 0,000562
обмена 3,743604 0,000410
редакцией 2,490841 0,000273
неоднозначную 4,436752 0,000486
фирмы 3,520461 0,000386
дэн 3,743604 0,000820
значительные 3,050457 0,000334
минуту 2,932674 0,000321
плоские 5,129899 0,000562
контролировать 2,932674 0,000321
гонки 1,002764 0,000220
проживает 5,129899 0,000562
поданный 4,436752 0,000486
studmed 5,129899 0,000562
контратаку 4,436752 0,000972
играя 3,183989 0,000349
издательский 3,520461 0,000386
архив 1,258698 0,000138
with 2,827314 0,000310
полотна 4,436752 0,000486
pdf 0,940244 0,000206
there 4,031286 0,000442
включают 2,732003 0,000599
описание 0,986764 0,000324
другая 2,357310 0,000258
национальность 5,129899 0,000562
комитета 2,085376 0,000228
хён 3,743604 0,000410
одновременно 1,762603 0,000579
задев 5,129899 0,000562
ограждениями 5,129899 0,000562
american 3,050457 0,000334
океании 3,050457 0,000334
применялись 3,520461 0,000386
симиллера 5,129899 0,001124
известность 3,743604 0,000410
частями 4,436752 0,000486
встречаться 4,031286 0,000442
зоны 2,185460 0,000479
текст 0,986764 0,000108
родившегося 5,129899 0,000562
lâm 1,762603 0,000193
зону 2,421849 0,000531
esperanto 1,198073 0,000131
тому 1,664163 0,000182
одержавших 5,129899 0,000562
фурор 5,129899 0,000562
зона 2,134166 0,000468
ответном 3,183989 0,000349
ракетках 4,436752 0,000486
золото 1,217876 0,000400
защитное 5,129899 0,000562
отошла 5,129899 0,000562
находится 1,492313 0,000327
англо 4,031286 0,000442
парами 3,743604 0,000820
наносится 3,520461 0,000386
спортсмен 1,466337 0,000803
bund 5,129899 0,000562
мелочи 5,129899 0,000562
отскока 4,031286 0,000442
xxi 2,038856 0,000670
диего 3,183989 0,000349
ответственности 0,971016 0,000106
резиновыми 5,129899 0,000562
сборных 1,911023 0,000209
его 0,447767 0,000883
дюймов 3,183989 0,000349
белого 2,827314 0,000619
php 0,986764 0,000108
линхуэй 5,129899 0,000562
годом 2,085376 0,000228
столу 5,129899 0,000562
американская 2,421849 0,000265
members 4,436752 0,000486
продолжается 2,732003 0,000898
столы 5,129899 0,000562
стола 4,436752 0,012151
австрией 5,129899 0,000562
когда 0,652562 0,000500
столе 4,436752 0,000972
оклеивать 5,129899 0,000562
составлена 5,129899 0,000562
губчатая 5,129899 0,000562
паралимпийских 3,050457 0,000334
выделяют 3,183989 0,001046
проводятся 1,574551 0,000690
годов 1,301257 0,001426
тренерские 5,129899 0,000562
чего 1,345709 0,000147
карьеру 1,518981 0,000166
состояние 2,827314 0,000619
начисляется 4,436752 0,000486
австриец 4,031286 0,000883
tischtennis 5,129899 0,000562
секретно 5,129899 0,000562
другие 0,384967 0,000211
целью 1,797694 0,000591
федерация 1,002764 0,001758
федерацию 3,338139 0,000731
развиваться 2,932674 0,000321
мировых 2,421849 0,001061
интервью 0,971016 0,000213
классифицируются 4,436752 0,000486
italian 5,129899 0,000562
других 0,853233 0,001122
бэкхэнд 5,129899 0,000562
попадание 2,564949 0,000281
qatar 4,031286 0,000442
образом 1,546380 0,000339
пятиборье 1,574551 0,000172
федерации 0,663991 0,000509
другими 2,421849 0,000796
есть 0,812411 0,000445
вести 2,421849 0,000265
линию 2,564949 0,000281
губчатой 5,129899 0,001686
линия 2,296685 0,000503
гарифуллин 5,129899 0,000562
спорт 0,224624 0,000221
губчатое 5,129899 0,000562
линии 1,951845 0,000428
events 3,520461 0,000386
марка 2,038856 0,000447
телевизионных 3,743604 0,000410
известных 2,085376 0,000228
целого 3,338139 0,000366
определения 2,421849 0,001061
qaraqalpaqsha 2,038856 0,000223
классификация 3,050457 0,000334
kong 4,436752 0,000486
край 3,183989 0,000349
wang 5,129899 0,000562
основном 1,951845 0,000428
основное 2,134166 0,000234
français 1,019025 0,000112
понг 4,436752 0,009721
завоевывала 5,129899 0,000562
игрок 1,258698 0,002068
женщина 3,338139 0,002194
prize 3,743604 0,000410
пополам 4,031286 0,000442
kreyòl 2,490841 0,000273
принятыми 5,129899 0,000562
ниже 1,762603 0,000386
ему 1,323236 0,000435
наждачным 5,129899 0,000562
европы 0,524729 0,000172
miniature 5,129899 0,000562
полу 3,050457 0,000334
поло 1,441019 0,000316
европе 1,492313 0,000490
отрыв 3,338139 0,000731
поле 1,217876 0,000133
между 0,955511 0,000628
стоящей 5,129899 0,000562
европу 2,564949 0,000281
hak 2,564949 0,000281
соответствии 1,086847 0,000238
ограничения 2,239527 0,000491
воображаемым 4,436752 0,000486
соответствие 2,827314 0,000310
пористого 5,129899 0,001124
первого 1,258698 0,000276
виды 0,773190 0,000593
пока 1,159607 0,000635
виду 2,490841 0,000273
сочетания 5,129899 0,000562
переиграть 4,436752 0,000486
ಕನ 2,038856 0,000223
вида 1,664163 0,000365
playing 4,436752 0,001458
виде 1,368699 0,000150
завоевавшем 5,129899 0,000562
мария 1,834062 0,000201
изменяются 4,436752 0,000486
guoliang 5,129899 0,001124
владимиром 2,932674 0,000321
заняли 2,134166 0,000234
бобслей 1,238078 0,000136
данией 5,129899 0,000562
накат 5,129899 0,000562
привезён 5,129899 0,000562
киноискусства 5,129899 0,000562
профессионального 2,732003 0,000299
одноимённом 4,436752 0,000486
набор 2,644992 0,000580
если 0,675551 0,000370
wikimedia 0,986764 0,000108
ограничение 2,932674 0,000321
плоскостности 5,129899 0,000562
мировом 2,827314 0,000619
широко 2,644992 0,000290
европейского 2,827314 0,000310
мировой 1,392229 0,000458
учебник 3,050457 0,000668
подставка 3,743604 0,000410
tips 5,129899 0,000562
нём 1,911023 0,000419
стоят 3,338139 0,000366
ракеткой 3,743604 0,001640
решено 2,644992 0,000290
легче 2,932674 0,000321
doubles 4,436752 0,000972
раза 1,834062 0,000201
синонимом 4,436752 0,000486
максим 1,994404 0,000218
lawn 4,031286 0,000442
андрей 1,323236 0,000290
башҡортса 1,518981 0,000166
подрезкам 5,129899 0,000562
универсальных 5,129899 0,000562
выиграли 1,518981 0,000333
длительность 4,031286 0,000442
разграниченный 5,129899 0,000562
fredlaw 5,129899 0,000562
партиях 4,031286 0,001325
рекламировал 5,129899 0,000562
хиродзи 5,129899 0,001124
сразу 1,392229 0,000305
tennis 3,520461 0,007328
команд 1,178655 0,000258
создать 0,825834 0,000090
форумы 5,129899 0,000562
ближе 2,490841 0,000273
отправить 2,490841 0,000273
десяти 2,564949 0,000281
использовал 3,183989 0,000698
весом 3,520461 0,000386
решение 1,238078 0,000407
соотношения 4,436752 0,000486
печать 0,986764 0,000108
премий 5,129899 0,000562
пелота 1,728701 0,000189
стоимости 3,520461 0,000386
основная 1,323236 0,000290
samsonov 5,129899 0,001124
организацию 2,564949 0,000281
сложно 2,134166 0,000234
мацумото 5,129899 0,000562
розыгрыш 2,239527 0,001963
премию 4,031286 0,000442
организации 0,812411 0,000089
товарный 0,986764 0,000108
перо 5,129899 0,000562
почти 1,323236 0,000290
history 1,762603 0,000193
школы 2,239527 0,000245
решению 3,338139 0,000366
閩南語 1,762603 0,000193
начиная 1,492313 0,000490
дважды 1,574551 0,000172
школа 2,185460 0,000239
вдоль 3,338139 0,000731
печати 0,955511 0,000105
достижения 1,695912 0,000372
условий 0,881403 0,000097
терминасова 5,129899 0,000562
hiroji 5,129899 0,000562
their 3,743604 0,000410
linghui 5,129899 0,000562
пьедестал 2,732003 0,000299
лыжи 1,019025 0,000112
участниц 3,338139 0,000366
игнорировать 5,129899 0,000562
основывается 3,743604 0,000410
продаваться 5,129899 0,000562
оборудование 3,183989 0,000698
cymraeg 1,574551 0,000172
вертикальным 4,436752 0,000486
оборудования 4,436752 0,000486
способ 2,827314 0,000310
комбинированных 5,129899 0,000562
условия 0,411400 0,000135
неподвижной 5,129899 0,001124
австрии 2,421849 0,000531
специальный 2,827314 0,000310
играет 1,994404 0,000218
dansk 1,069456 0,000117
ещё 0,420369 0,000230
специальные 2,421849 0,000265
sporteology 5,129899 0,000562
начисляются 3,338139 0,000366
видами 3,338139 0,000366
jump 5,129899 0,000562
менее 1,258698 0,000552
американскую 4,031286 0,000442
беларуская 1,069456 0,000234
использовался 3,520461 0,000386
первой 1,019025 0,000112
удара 2,357310 0,001291
смешанном 4,031286 0,000442
первом 1,052361 0,000115
ударе 3,520461 0,000386
джон 1,728701 0,000189
велоспорт 1,178655 0,000129
важные 2,564949 0,000281
данного 2,644992 0,000580
альпинизм 1,323236 0,000145
модифицировались 5,129899 0,000562
китае 2,932674 0,000321
удару 4,031286 0,000442
китай 2,038856 0,003127
скачать 0,895792 0,000196
они 0,760451 0,000167
китайского 3,743604 0,000410
удары 2,564949 0,003372
зрелищными 4,436752 0,000486
оно 2,038856 0,000223
вариант 1,994404 0,000437
how 3,050457 0,000334
футбол 0,285712 0,000157
изменилась 2,732003 0,000299
приведший 5,129899 0,000562
популярностью 3,338139 0,000366
издаются 5,129899 0,000562
китая 2,932674 0,001928
каталанская 1,695912 0,000372
алфавиту 1,159607 0,000254
фнтр 5,129899 0,004496
понговая 5,129899 0,000562
пальцами 3,743604 0,000410
быстрота 5,129899 0,000562
час 3,050457 0,000668
தம 1,492313 0,000163
chinese 4,436752 0,000486
паркер 4,031286 0,000883
последнего 2,038856 0,000223
strauss 5,129899 0,000562
rubber 5,129899 0,000562
викискладе 1,217876 0,000267
готовил 5,129899 0,000562
василий 2,490841 0,000273
tall 5,129899 0,000562
надо 2,038856 0,000447
мировая 3,050457 0,001003
пальцы 5,129899 0,000562
предназначена 5,129899 0,000562
опять 2,732003 0,000299
всех 0,652562 0,000500
разрешила 4,031286 0,000883
всей 1,871802 0,000410
обеих 2,296685 0,000503
пожертвовать 0,986764 0,000108
играли 1,762603 0,000193
бывают 2,932674 0,000321
умении 4,031286 0,000442
приняла 2,644992 0,000580
ссылка 0,786093 0,000172
asia 5,129899 0,000562
ссылки 0,839439 0,000644
образовательное 4,436752 0,000486
туловища 3,743604 0,000410
шары 4,031286 0,000883
championships 2,932674 0,000321
форумов 5,129899 0,000562
овчаров 4,436752 0,000486
получившей 3,520461 0,000386
ನಡ 2,038856 0,000223
кругосвет 1,994404 0,000218
president 3,338139 0,000366
касаются 3,743604 0,000410
хваткой 5,129899 0,000562
цзикэ 5,129899 0,000562
zhang 5,129899 0,001686
представителей 2,239527 0,000245
america 3,338139 0,000366
предварительном 4,436752 0,000486
разрабатываются 5,129899 0,000562
москва 0,760451 0,000083
отдельных 0,986764 0,000108
быстрому 4,436752 0,000486
тимоти 5,129899 0,001124
нечётным 4,031286 0,000442
чжан 3,520461 0,000771
атаки 2,357310 0,000258
проживающей 5,129899 0,000562
квадах 1,762603 0,000193
атаку 3,050457 0,001003
отдельные 2,239527 0,000245
накладка 4,031286 0,002208
результаты 0,910391 0,000199
дании 2,932674 0,000321
накладки 4,436752 0,004861
чем 0,747872 0,000246
фильмов 3,520461 0,000771
крышей 3,338139 0,000366
достаточно 2,134166 0,000468
результата 2,564949 0,000281
подрезка 5,129899 0,000562
robert 3,050457 0,000334
китайцы 4,031286 0,000883
результате 1,728701 0,000189
китайскому 4,436752 0,000486
文言 3,338139 0,000366
фильмом 5,129899 0,000562
лука 1,198073 0,000131
кратковременная 5,129899 0,000562
подвесного 5,129899 0,000562
дорисовали 5,129899 0,000562
разновидностей 3,338139 0,000366
состязании 4,436752 0,000486
сентября 1,069456 0,002226
бело 2,644992 0,000290
войти 0,735450 0,000081
измеряются 4,436752 0,000486
гольф 1,574551 0,000172
тенниса 3,338139 0,031450
первых 1,518981 0,000333
ქართული 1,392229 0,000153
теннисе 3,338139 0,006217
вышли 1,797694 0,000197
изготовленным 5,129899 0,000562
защита 1,797694 0,000197
reviews 5,129899 0,000562
считать 2,421849 0,000265
объявлено 2,490841 0,000273
host 4,031286 0,000442
диагонали 3,520461 0,000771
свободная 3,743604 0,000410
international 2,357310 0,001550
смешанные 2,644992 0,000290
медалей 1,238078 0,000814
ручками 4,031286 0,000442
резерва 3,743604 0,000410
играть 1,368699 0,000150
защиту 2,827314 0,000310
nippon 5,129899 0,000562
программа 1,574551 0,000172
смешанных 2,490841 0,000546
первым 1,238078 0,000543
кисти 3,338139 0,001097
победами 3,338139 0,000366
целлулоида 5,129899 0,004496
теннису 3,520461 0,007328
накладок 5,129899 0,001124
первые 0,971016 0,000213
обращения 0,925206 0,008514
программу 1,466337 0,000643
смешанный 3,743604 0,000410
первый 0,687247 0,000602
февраля 0,232059 0,000305
славы 2,085376 0,000685
муллер 5,129899 0,000562
одинаковые 4,031286 0,000442
пять 1,368699 0,000300
главного 1,728701 0,000189
минут 1,258698 0,000276
мнению 2,732003 0,000599
специализированных 4,436752 0,000486
кисть 4,436752 0,000972
февраль 3,520461 0,000771
тогда 1,466337 0,000321
слоями 4,436752 0,000486
покрытого 5,129899 0,001124
беседовали 4,436752 0,000486
голян 5,129899 0,000562
вернер 5,129899 0,001124
petra 5,129899 0,000562
пяти 1,574551 0,001207
швейцарский 3,520461 0,000386
запатентовали 5,129899 0,001124
считаться 2,932674 0,000321
пэлтроу 5,129899 0,000562
сообщено 4,436752 0,000486
compound 5,129899 0,000562
составляют 2,732003 0,000299
нормами 4,436752 0,000486
скиджоринг 1,762603 0,000193
online 3,520461 0,000386
производителем 4,436752 0,000486
мелодрама 5,129899 0,000562
скоростью 3,050457 0,000334
партию 3,743604 0,000820
бальсу 5,129899 0,000562
партия 3,520461 0,002700
пергамента 5,129899 0,000562
посмотрел 5,129899 0,000562
проверка 4,031286 0,000442
fire 4,436752 0,000486
демократичнее 5,129899 0,000562
сборная 0,711058 0,000156
сайту 3,743604 0,000410
федерацией 2,185460 0,000239
партий 3,743604 0,004511
появились 1,664163 0,000365
проигрыша 3,050457 0,000334
партии 3,338139 0,002926
состоится 2,827314 0,000310
борту 5,129899 0,000562
водное 1,492313 0,000163
собачьих 1,762603 0,000193
привело 2,564949 0,000562
упряжках 1,762603 0,000193
шмырев 5,129899 0,000562
global 3,050457 0,000334
кубок 0,524729 0,000287
привели 3,050457 0,000334
occitan 1,466337 0,000161
мячу 3,338139 0,005120
стоек 3,338139 0,000731
снижение 3,338139 0,000366
сайте 1,217876 0,000267
ian 4,031286 0,000442
цвет 2,357310 0,000258
мячи 2,490841 0,002456
разнообразных 3,338139 0,000366
придание 5,129899 0,000562
номинации 3,743604 0,000410
мяча 1,834062 0,004822
германией 4,031286 0,000442
энциклопедии 0,986764 0,000216
бюджетное 4,436752 0,000486
кёрлинг 1,279751 0,000140
кистью 4,436752 0,000972
вопросы 2,644992 0,000290
личном 3,338139 0,000366
виктор 1,574551 0,000172
энциклопедия 2,239527 0,000245
български 1,086847 0,000119
ranking 3,520461 0,000771
брейкинг 1,762603 0,000193
шайбой 1,122566 0,000123
американский 1,258698 0,000414
серов 4,436752 0,000486
зарегистрированный 0,986764 0,000108
специальном 3,050457 0,000334
сюда 0,986764 0,000108
специальной 2,421849 0,000265
задал 5,129899 0,001124
molding 5,129899 0,000562
трек 1,159607 0,000127
имеется 3,338139 0,000366
пар 2,357310 0,000775
психологических 5,129899 0,000562
малыми 4,436752 0,000486
elected 4,031286 0,000442
кубка 0,825834 0,000090
американские 2,932674 0,000321
ido 1,546380 0,000169
доминируют 3,743604 0,000820
контроль 2,421849 0,000265
гребля 1,518981 0,000333
выполненной 5,129899 0,000562
меньшую 4,031286 0,000442
isbn 1,633391 0,000358
quo 5,129899 0,000562
кубке 1,441019 0,000158
российского 1,603538 0,000176
dttb 5,129899 0,000562
что 0,239550 0,000446
медали 0,971016 0,000213
чему 2,827314 0,000310
читателями 5,129899 0,000562
плотных 5,129899 0,000562
венгрией 5,129899 0,000562
шипы 4,436752 0,000486
оранжевого 4,436752 0,001458
медаль 1,416327 0,000310
подробнее 0,723179 0,000158
составляет 2,085376 0,000228
сторон 2,185460 0,000958
настоящее 1,797694 0,000197
венгрии 3,050457 0,000668
pingpong 5,129899 0,001124
приёмами 3,743604 0,000410
летящего 5,129899 0,000562
шааф 5,129899 0,000562
играют 1,728701 0,000758
специалистов 2,644992 0,000869
характеризуют 5,129899 0,000562
дальней 3,743604 0,000410
настоящий 2,490841 0,000273
группам 3,743604 0,000410
источниках 3,338139 0,000366
шипов 5,129899 0,000562
games 2,038856 0,000447
хоккей 0,376309 0,000165
огромные 5,129899 0,000562
подложку 5,129899 0,000562
хиноки 5,129899 0,000562
относят 4,031286 0,000442
октябре 2,827314 0,000310
серия 1,052361 0,000346
pride 4,031286 0,000442
сопровождаемыми 5,129899 0,000562
университетов 3,743604 0,000410
верит 3,520461 0,000386
серии 1,159607 0,000127
режиссёра 4,436752 0,000486
серий 3,183989 0,000349
октября 1,086847 0,005477
характерными 5,129899 0,000562
event 4,436752 0,000486
судейство 2,490841 0,000273
создания 2,038856 0,000223
киноакадемии 5,129899 0,000562
лимбу 5,129899 0,000562
считают 2,827314 0,000310
жребием 4,436752 0,000486
подающего 4,031286 0,002208
американском 3,520461 0,000386
한국어 1,035554 0,000113
создание 2,564949 0,000562
изменён 2,732003 0,000299
возврата 3,743604 0,000410
нань 5,129899 0,000562
примерно 2,085376 0,000228
менялись 3,050457 0,000334
сборной 0,825834 0,000543
участие 0,597299 0,000131
крокет 1,762603 0,000193
победила 1,762603 0,000193
розыгрышей 3,520461 0,000771
старая 1,368699 0,000150
образцов 4,031286 0,000442
дипломаты 5,129899 0,000562
ссылками 1,159607 0,000127
ayers 5,129899 0,000562
базирующиеся 5,129899 0,000562
самсоновым 5,129899 0,000562
водные 0,867219 0,000095
появление 2,732003 0,000299
победили 1,951845 0,000214
университета 2,296685 0,000252
magyar 1,086847 0,000119
нами 0,853233 0,000093
завоевала 1,695912 0,000372
значительную 4,031286 0,000442
владимир 1,546380 0,000169
справка 0,986764 0,000108
тхэквондо 1,633391 0,000179
появлению 3,743604 0,000410
вами 2,827314 0,000310
форум 0,881403 0,000097
розяну 5,129899 0,001124
разряд 3,743604 0,002051
pong 5,129899 0,003934
entersport 5,129899 0,000562
бокс 0,576022 0,000126
появления 2,932674 0,000321
сделанного 4,436752 0,000486
вернуть 2,185460 0,000479
википедия 0,986764 0,000541
рекламный 4,436752 0,000486
возможность 1,728701 0,000189
готовом 5,129899 0,000562
годам 3,338139 0,000366
inc 0,986764 0,000108
português 1,035554 0,000113
сдвинет 5,129899 0,000562
скоро 2,827314 0,000310
невозможным 4,031286 0,000442
изменениям 3,520461 0,000771
разработан 3,338139 0,000366
очень 1,140915 0,000375
книги 2,932674 0,000643
касается 2,421849 0,000531
склонных 5,129899 0,000562
википедии 0,986764 0,000324
книга 2,932674 0,000321
внимания 3,338139 0,000366
пекине 2,932674 0,000321
этому 1,728701 0,000379
газета 1,633391 0,000358
lccn 1,492313 0,000163
играется 3,520461 0,000386
одну 1,762603 0,000386
правой 3,520461 0,000771
чертами 5,129899 0,000562
располагается 2,932674 0,000321
slovenščina 1,345709 0,000147
под 0,723179 0,000792
парусный 1,574551 0,000172
таким 1,664163 0,000365
образована 3,520461 0,000386
пол 2,357310 0,000258
пом 1,695912 0,000186
таких 1,762603 0,000772
человек 1,178655 0,000258
частности 1,994404 0,000218
одна 1,392229 0,000458
немного 2,038856 0,000447
градусах 5,129899 0,000562
содержание 0,971016 0,000213
использованием 2,564949 0,000281
сложности 2,134166 0,000234
главные 1,086847 0,000238
композиционный 5,129899 0,000562
пор 1,574551 0,000517
конфиденциальности 0,317714 0,000035
связи 1,159607 0,000381
наружу 3,743604 0,000410
сивэнь 5,129899 0,000562
информационный 4,031286 0,000442
своей 1,002764 0,000549
преимущественно 2,490841 0,000273
federation 3,050457 0,002005
фанеры 5,129899 0,000562
при 0,367725 0,000806
салонах 5,129899 0,000562
защитники 2,564949 0,000281
про 1,301257 0,000143
популярен 2,932674 0,000321
летом 2,185460 0,000239
главным 1,633391 0,000179
данным 2,357310 0,000258
главный 1,035554 0,000113
данные 1,834062 0,000201
හල 1,834062 0,000201
продолжалась 3,520461 0,000386
также 0,663991 0,001382
кромок 5,129899 0,000562
العربية 1,069456 0,000117
yaping 5,129899 0,000562
чём 3,183989 0,000349
одной 1,238078 0,000678
италия 0,867219 0,000095
ning 5,129899 0,000562
библиографических 1,323236 0,000145
разработчики 0,986764 0,000108
командах 2,827314 0,000310
подготовительные 4,436752 0,000486
защищается 4,436752 0,000486
вернется 3,338139 0,000366
траве 1,466337 0,000321
туризма 3,743604 0,000410
зал 2,239527 0,000736
интонациям 5,129899 0,000562
правки 0,986764 0,000216
конгресс 2,827314 0,000310
двухцветные 5,129899 0,000562
кассу 4,436752 0,000486
отправляется 3,743604 0,000410
себя 0,940244 0,000103
шириной 3,050457 0,000668
tolışi 1,871802 0,000205
баскская 1,762603 0,000193
южной 1,797694 0,000394
двухцветный 5,129899 0,000562
нападение 3,520461 0,000771
получил 1,002764 0,000220
один 0,711058 0,000467
угодно 5,129899 0,000562
себе 1,546380 0,000169
любителей 1,762603 0,000386
заведений 4,436752 0,000972
количеством 2,085376 0,000228
directory 5,129899 0,000562
входит 1,871802 0,001025
входил 4,031286 0,000442
подан 5,129899 0,000562
дисциплины 2,134166 0,000234
гвинет 5,129899 0,000562
повысили 5,129899 0,000562
подал 2,932674 0,000321
изготовляли 5,129899 0,000562
физической 1,664163 0,000182
подач 3,338139 0,000366
квалифицированные 5,129899 0,000562
говорит 3,338139 0,000366
привлекательным 4,436752 0,000486
учредила 4,031286 0,000442
конкретного 3,338139 0,000366
разметка 3,338139 0,000366
качества 2,644992 0,000290
атакующими 4,031286 0,000442
теннисные 4,031286 0,000442
movie 4,436752 0,000486
bahasa 1,086847 0,000238
ввели 3,183989 0,000349
произошёл 2,827314 0,000310
минутами 5,129899 0,000562
теннисный 3,743604 0,000410
журналисту 4,031286 0,000442
бомбардировку 5,129899 0,000562
теннисных 3,338139 0,000731
تۆرکجه 1,762603 0,000193
допускается 2,564949 0,000281
тёмной 5,129899 0,000562
rio 3,520461 0,001157
современной 2,490841 0,000546
словарь 2,296685 0,000252
современное 1,574551 0,000517
стрельба 1,492313 0,000327
тибе 5,129899 0,000562
лучшие 1,019025 0,000112
словари 1,217876 0,000267
обтянутые 5,129899 0,000562
самсонов 3,743604 0,000410
цикла 3,520461 0,000386
будут 1,392229 0,000153
system 3,183989 0,000698
журналисты 3,743604 0,000410
жёсткими 5,129899 0,000562
zhendong 5,129899 0,000562
лучших 1,198073 0,000131
проводиться 2,038856 0,000223
дождливой 4,436752 0,000486
учёбе 5,129899 0,000562
существуют 1,441019 0,000316
other 4,436752 0,000486
нужны 3,183989 0,000349
одним 1,416327 0,000465
українська 1,035554 0,000113
красного 3,183989 0,001395
братьев 3,520461 0,000771
наступательный 5,129899 0,000562
напряжённого 5,129899 0,000562
проводили 2,827314 0,000310
накатами 5,129899 0,000562
современном 2,644992 0,000580
universalis 1,951845 0,000214
такими 2,932674 0,000643
главную 3,050457 0,000668
рэкетс 1,728701 0,000189
большего 2,644992 0,000869
завоевал 1,911023 0,000209
латышско 5,129899 0,000562
грамота 4,436752 0,000486
официальное 2,421849 0,000265
future 3,743604 0,000820
объединенная 5,129899 0,000562
используется 1,633391 0,000358
группы 1,695912 0,000186
cite 1,258698 0,000276
официальном 2,296685 0,000252
продаются 4,436752 0,000486
movement 4,031286 0,000442
бадминтон 1,546380 0,000169
ужесточили 5,129899 0,000562
smashed 5,129899 0,000562
центром 3,338139 0,000366
случаев 2,185460 0,000239
активизации 4,436752 0,000486
гэльский 1,762603 0,000193
защитников 2,732003 0,000299
all 3,050457 0,000334
командами 1,911023 0,000209
вверх 2,421849 0,000531
finals 3,743604 0,000820
углы 4,031286 0,000442
сменив 4,436752 0,000486
основания 1,834062 0,000603
позволяющий 4,436752 0,000486
петра 2,421849 0,000265
фехтование 1,546380 0,000169
and 1,762603 0,000579
today 4,031286 0,000883
стратегия 2,932674 0,000964
главное 1,574551 0,000172
запрещены 2,421849 0,000265
основание 3,520461 0,001928
номинирован 4,436752 0,000486
чётным 3,743604 0,000410
any 4,436752 0,000486
сочетают 4,031286 0,000442
спортсменами 2,644992 0,000290
правую 3,743604 0,000820
применяются 1,466337 0,000161
milestone 5,129899 0,000562
эволюция 3,520461 0,000771
сообщить 0,799165 0,000088
приводит 2,357310 0,000258
звуков 5,129899 0,000562
запрещено 2,421849 0,000531
губками 5,129899 0,000562
физкультура 2,421849 0,000265
варианты 2,827314 0,000619
поверхности 2,644992 0,002318
конный 1,664163 0,000182
jan 4,031286 0,000442
english 0,925206 0,000203
тайё 5,129899 0,000562
claudia 5,129899 0,000562
четыре 1,140915 0,000125
отражать 4,031286 0,000442
образования 2,644992 0,000290
друг 1,834062 0,000201
теннисная 3,743604 0,000410
мирового 2,134166 0,000468
completes 4,436752 0,001458
являются 1,466337 0,000321
можно 1,002764 0,000110
română 1,122566 0,000123
названную 4,436752 0,000486
благоприятной 5,129899 0,000562
всеевропейские 5,129899 0,000562
появился 2,296685 0,000503
первая 0,867219 0,000285
швецией 3,743604 0,000410
are 3,743604 0,000410
мужском 2,644992 0,001739
раз 0,504926 0,000277
чемпионат 0,277868 0,000670
ўзбекча 1,140915 0,000125
случайная 0,986764 0,000108
popular 4,031286 0,000883
президента 1,762603 0,000193
монополия 4,031286 0,000442
постоянная 0,986764 0,000108
профессора 3,743604 0,000820
командой 1,664163 0,000182
версия 0,485508 0,000213
интернет 1,695912 0,000372
обычно 1,695912 0,000929
включен 3,338139 0,000366
намеренным 5,129899 0,000562
англичане 4,031286 0,000442
версии 1,546380 0,000169
американского 2,490841 0,000273
жданов 4,436752 0,000486
латинской 3,743604 0,000410
богушас 4,436752 0,000486
представители 1,633391 0,000358
ударить 3,338139 0,001463
отношения 1,951845 0,000214
характеристики 3,743604 0,000410
концевой 5,129899 0,000562
австралийский 1,728701 0,000189
азиатского 5,129899 0,000562
results 4,031286 0,003975
руководящий 3,743604 0,000410
евро 1,466337 0,000321
суммарно 4,031286 0,001325
улдиса 4,436752 0,000486
сантиметров 3,743604 0,000820
переподач 5,129899 0,000562
пергамент 5,129899 0,000562
сети 1,951845 0,000214
употребляется 3,743604 0,000410
вертикально 5,129899 0,001124
архивировано 1,104547 0,011980
galego 1,178655 0,000129
утверждениям 5,129899 0,000562
сете 3,050457 0,000334
larry 4,436752 0,000486
parker 4,436752 0,000486
привез 3,743604 0,000410
такую 2,732003 0,000299
высокого 3,183989 0,000698
привлекает 3,743604 0,000410
фритчем 5,129899 0,000562
понга 5,129899 0,003372
description 5,129899 0,000562
случаях 0,971016 0,000213
динамизм 4,436752 0,000486
айерсом 5,129899 0,000562
материалы 1,762603 0,000386
джоша 5,129899 0,000562
сняты 4,436752 0,000486
южная 1,797694 0,000394
вышел 1,574551 0,000172
война 3,050457 0,000668
поверхность 2,932674 0,001606
сообщила 2,564949 0,000562
материала 2,490841 0,000273
единообразный 5,129899 0,000562
двумя 1,664163 0,000912
пространство 3,520461 0,000386
tokyo 3,338139 0,000731
современным 3,520461 0,000771
служебные 0,986764 0,000108
понге 5,129899 0,000562
федор 2,357310 0,000258
указано 4,031286 0,000883
современных 2,932674 0,000643
понгу 5,129899 0,000562
пространства 3,743604 0,000410
jia 5,129899 0,000562
зависит 2,564949 0,000281
чемпионки 3,050457 0,000334
свободной 0,986764 0,000541
олимпиадах 2,296685 0,000252
заменен 5,129899 0,000562
может 0,630089 0,000552
внутри 2,421849 0,000265
больше 0,812411 0,000267
мужские 2,644992 0,000290
внутрь 3,520461 0,000386
связанные 0,881403 0,000193
концевую 5,129899 0,000562
трёх 1,441019 0,000631
распространяется 4,436752 0,000486
порядке 2,490841 0,000273
hardness 5,129899 0,000562
времени 1,140915 0,000500
рейтинга 2,564949 0,000281
совместно 2,732003 0,000299
интенсивность 4,436752 0,000972
рейтинге 2,421849 0,000531
айсшток 1,728701 0,000189
кинокритиков 5,129899 0,001124
հայերեն 1,198073 0,000131
совета 2,085376 0,000228
резкий 4,436752 0,000486
старым 3,743604 0,000410
создан 2,357310 0,000258
australian 2,185460 0,000239
языке 2,421849 0,000265
феномен 3,520461 0,000386
транспортировкой 5,129899 0,000562
показывают 3,743604 0,000410
српскохрватски 1,416327 0,000155
знаем 4,436752 0,000486
названия 1,664163 0,000182
увеличения 3,183989 0,000349
рим 2,932674 0,000321
типы 3,520461 0,000386
жену 4,436752 0,000486
bokmål 1,069456 0,000117
стремительной 5,129899 0,000562
хорошо 1,951845 0,000214
справа 2,932674 0,000321
butterflyonline 5,129899 0,000562
семи 2,134166 0,000701
такой 1,664163 0,000182
последовательно 3,338139 0,000366
типа 2,932674 0,000321
ttfr 5,129899 0,000562
зависимости 1,911023 0,000628
руки 2,038856 0,000893
влияет 4,436752 0,000486
свяжитесь 0,986764 0,000108
руке 3,520461 0,000771
используются 1,994404 0,000655
отбивать 4,436752 0,000486
чемпионом 1,122566 0,000369
александра 1,633391 0,000179
рука 3,338139 0,000366
simple 1,140915 0,000125
благодаря 1,441019 0,000474
истории 0,630089 0,000138
фонд 0,940244 0,000206
наружного 5,129899 0,000562
губки 5,129899 0,002810
центре 2,185460 0,000239
наиболее 1,466337 0,000321
губка 5,129899 0,000562
историю 1,603538 0,000351
marshall 4,436752 0,000486
ударами 3,050457 0,001003
алексея 2,490841 0,000273
история 0,555188 0,000365
объединённой 4,436752 0,001458
most 3,338139 0,000731
теннисном 4,436752 0,000486
сильными 3,520461 0,000386
paddlepalace 5,129899 0,000562
название 1,178655 0,001420
чемпион 0,867219 0,000190
молодой 2,490841 0,000273
database 4,436752 0,000486
первое 1,279751 0,000280
меняет 3,743604 0,000410
алексей 1,238078 0,000407
sheet 4,436752 0,000486
kazakhstan 4,436752 0,000486
матыцин 4,436752 0,000486
применил 4,031286 0,000442
титулов 2,357310 0,000258
губку 5,129899 0,001124
jpn 4,436752 0,000486
госсима 5,129899 0,001686
начинается 1,994404 0,000437
этого 0,881403 0,000579
обитаемых 4,436752 0,000486
жёсткие 3,743604 0,000410
бесконечным 5,129899 0,000562
мужская 2,644992 0,000290
авторства 0,986764 0,000216
своим 1,728701 0,000189
подача 3,338139 0,002560
финал 1,258698 0,000276
подачи 2,827314 0,004027
жесткость 5,129899 0,000562
guinea 5,129899 0,000562
подаче 3,338139 0,001097
проверенная 2,644992 0,000290
подачу 3,183989 0,000698
теннис 0,495170 0,002821
голливудский 4,436752 0,000486
финский 1,633391 0,000179
удар 2,185460 0,002155
должно 1,762603 0,000193
fredrikson 5,129899 0,000562
секретарь 3,338139 0,000366
исполнении 2,932674 0,001285
должны 1,178655 0,000387
оригинала 1,518981 0,001498
plastic 5,129899 0,002810
викимедиа 0,986764 0,000108
политика 0,239550 0,000026
золотая 2,827314 0,000619
жесткости 5,129899 0,000562
drive 4,436752 0,000486
вплоть 1,871802 0,000205
секретаря 3,520461 0,000386
azərbaycanca 1,258698 0,000138
dean 5,129899 0,000562
sponge 5,129899 0,001686
теория 2,732003 0,000599
магазинах 5,129899 0,000562
сочи 0,853233 0,000093
первоначальных 5,129899 0,000562
регби 0,955511 0,000209
должна 1,238078 0,001085
мифов 4,436752 0,000486
ограничили 4,031286 0,000442
русский 0,839439 0,000184
иллюстрация 5,129899 0,000562
мячом 1,104547 0,001210
касания 3,338139 0,000366
время 0,384967 0,000548
выигрыша 3,183989 0,000349
изготавливается 3,743604 0,001640
цзэдун 5,129899 0,000562
поведения 0,895792 0,000196
сатире 5,129899 0,000562
ранее 1,104547 0,000363
bikol 2,732003 0,000299
протестов 4,031286 0,000442
петербургское 4,031286 0,000442
появляется 3,050457 0,000668
гена 5,129899 0,000562
рус 1,368699 0,001799
удариться 5,129899 0,000562
публикации 3,743604 0,000820
ярости 4,436752 0,000972
полосой 3,743604 0,000410
увидеть 3,520461 0,000386
монтегю 5,129899 0,000562
участницы 3,520461 0,000386
собирают 4,436752 0,000486
пробковые 5,129899 0,000562
порядок 2,421849 0,000531
читать 0,586604 0,000064
игр 0,367725 0,000282
tcoa 5,129899 0,000562
sho 5,129899 0,000562
условная 5,129899 0,000562
англ 1,159607 0,009401
стандартизация 5,129899 0,000562
датская 1,518981 0,000166
двадцатых 5,129899 0,000562
волейбол 1,019025 0,000112
обязательно 2,357310 0,000517
collector 5,129899 0,000562
пинг 4,436752 0,014096
зрелищности 3,520461 0,000386
шлем 1,951845 0,001283
оценку 3,520461 0,000386
завершён 2,932674 0,000321
существенных 4,031286 0,000442
нескольких 1,834062 0,000603
затратами 5,129899 0,000562
спортсменки 2,357310 0,000258
оскар 2,357310 0,000258
six 3,743604 0,000410
одного 1,140915 0,000625
галина 4,031286 0,000883
breathing 5,129899 0,000562
спортсменка 2,085376 0,000228
момент 1,301257 0,000143
произведён 3,520461 0,000386
ittf 5,129899 0,048332
srpskohrvatski 1,416327 0,000155
中文 1,035554 0,000113
помимо 1,911023 0,000209
немножко 3,743604 0,000410
вальднер 5,129899 0,002248
выше 1,664163 0,000182
дима 4,436752 0,000486
калифорнии 3,743604 0,000410
ошибочно 4,436752 0,000486
мячей 1,871802 0,000615
среди 0,597299 0,000589
nations 4,436752 0,000486
русском 2,421849 0,000265
приём 3,183989 0,000698
задачей 3,050457 0,000334
эволюционировала 4,436752 0,000486
стандартного 4,436752 0,000486
татарча 1,392229 0,000153
tiếng 1,140915 0,000125
עברית 1,052361 0,000115
ведением 5,129899 0,000562
выигравшего 5,129899 0,000562
далее 2,185460 0,000239
должен 1,122566 0,001968
возвращение 1,762603 0,000193
будапеште 4,031286 0,000442
устанавливают 4,031286 0,000442
приводило 4,031286 0,000442
отвечает 3,338139 0,000366
ведёт 2,827314 0,000310
отзывы 4,031286 0,000442
smc 5,129899 0,000562
большинства 2,732003 0,000299
kurdî 1,834062 0,000201
придавать 5,129899 0,000562
крикет 1,762603 0,000193
имел 2,357310 0,000517
отбить 4,436752 0,000486
world 1,416327 0,002793
аспектов 3,743604 0,000410
большинстве 2,239527 0,000245
применяли 5,129899 0,000562
возрастает 4,436752 0,000486
большинство 1,834062 0,000804
этим 1,834062 0,000402
анжелика 5,129899 0,001124
table 4,436752 0,009235
спортсменом 2,827314 0,000619
вариативно 5,129899 0,000562
триатлон 1,633391 0,000179
спортсменов 0,786093 0,000603
тяжёлая 1,633391 0,000179
этих 1,301257 0,000570
момента 1,994404 0,001966
покрытие 3,743604 0,000820
детей 2,038856 0,000223
тренер 0,895792 0,000196
выполнении 2,932674 0,000321
ладони 3,743604 0,001640
карбона 5,129899 0,000562
стабильная 2,564949 0,000281
производится 2,357310 0,000258
покрытия 3,338139 0,001097
или 0,576022 0,002650
подбрасыванием 4,436752 0,000486
турниров 1,664163 0,000182
слоёв 5,129899 0,001124
патент 5,129899 0,001124
stands 4,436752 0,000486
белой 2,732003 0,000299
bne 2,932674 0,000321
использованию 3,743604 0,000410
использования 0,393700 0,000043
bnf 1,834062 0,000201
государственного 3,338139 0,000366
арбитра 3,520461 0,000386
затем 1,301257 0,000855
начал 1,951845 0,000214
совершенствованием 5,129899 0,001124
высш 4,436752 0,000972
разного 3,183989 0,000349
лопасти 5,129899 0,001686
morocco 5,129899 0,000562
игры 0,376309 0,002597
выбывают 4,031286 0,000442
ошибке 0,955511 0,000105
игру 1,466337 0,000803
заключает 5,129899 0,000562
события 0,663991 0,000073
германии 1,323236 0,000435
игре 1,198073 0,002363
вопрос 1,603538 0,000176
существенную 5,129899 0,000562
игра 1,301257 0,002423
deng 5,129899 0,000562
опустился 4,031286 0,000442
настольному 4,436752 0,009235
исключённые 1,762603 0,000193
имя 1,603538 0,000176
сокр 5,129899 0,000562
конечном 5,129899 0,000562
прообраз 5,129899 0,000562
подающие 4,436752 0,000972
лёгкая 1,238078 0,000136
plays 4,436752 0,000486
подающий 4,436752 0,002916
применяет 4,436752 0,000486
подающим 3,743604 0,000820
компании 1,301257 0,000143
использование 1,104547 0,000484
временные 4,436752 0,000486
включает 2,038856 0,000223
playa 5,129899 0,000562
использовании 2,564949 0,000843
скиинг 1,762603 0,000193
одному 2,296685 0,000503
любого 2,932674 0,000643
планёрный 1,762603 0,000193
приемов 5,129899 0,001124
ряд 1,797694 0,000394
лицензии 0,986764 0,000108
нападающих 2,644992 0,000290
запись 0,955511 0,000105
сопернике 4,031286 0,000442
квалификация 2,732003 0,000299
переходе 2,239527 0,000245
mission 4,031286 0,000442
сопернику 2,564949 0,000281
吴语 1,238078 0,000136
выполнен 3,183989 0,000349
перехода 2,490841 0,000273
гладкая 5,129899 0,000562
даты 2,644992 0,000869
дать 3,183989 0,000349
барселоне 2,644992 0,000290
россии 0,160085 0,000105
барчуковой 5,129899 0,000562
действовать 0,955511 0,000105
возможным 3,338139 0,000366
возможных 2,644992 0,000290
лидирование 5,129899 0,001124
мужчин 1,492313 0,000654
дата 0,881403 0,008111
внешние 1,122566 0,000123
спин 4,031286 0,001325
проводить 1,797694 0,000591
пары 2,296685 0,001006
январе 2,421849 0,000265
bissau 5,129899 0,000562
производители 3,520461 0,000386
спид 1,762603 0,000193
среднего 3,520461 0,000386
пару 2,932674 0,000321
выполнил 3,183989 0,000698
используют 2,239527 0,001472
tagalog 1,911023 0,000209
унификации 5,129899 0,000562
января 0,825834 0,001176
паре 3,338139 0,000731
настольным 5,129899 0,001686
настольный 1,238078 0,006917
пара 2,932674 0,000643
ракетками 4,436752 0,000486
but 4,436752 0,000486
сроки 2,827314 0,000310
колледж 3,338139 0,000366
причину 3,520461 0,000386
правильную 5,129899 0,000562
популярность 2,239527 0,000245
называется 2,357310 0,000258
введении 3,743604 0,000410
введение 2,932674 0,000643
лыжное 1,279751 0,000140
словами 3,183989 0,000698
сек 3,183989 0,000349
зачёте 2,644992 0,000290
арсенала 3,183989 0,000698
seemiller 5,129899 0,000562
волшебные 1,695912 0,000186
brazil 5,129899 0,000562
манга 4,031286 0,000883
шлема 2,827314 0,000310
попасть 2,185460 0,000239
подбросить 5,129899 0,000562
япин 5,129899 0,001124
соперника 1,279751 0,001262
отдельности 5,129899 0,000562
рейтинг 0,565551 0,000186
показателю 3,183989 0,000349
types 5,129899 0,000562
уэльса 4,436752 0,000486
друга 2,296685 0,000252
давыдов 4,031286 0,000442
обмен 3,050457 0,000334
популярности 2,357310 0,000517
велась 2,932674 0,000321
токио 2,296685 0,000503
опубликован 3,338139 0,000366
leaflet 5,129899 0,000562
настольного 4,031286 0,036656
синоним 4,436752 0,000486
показательные 1,466337 0,000161
швед 2,932674 0,000321
српски 1,035554 0,000113
целенаправленным 5,129899 0,000562
review 3,520461 0,000386
включён 2,932674 0,000643
roar 5,129899 0,000562
guide 3,338139 0,000366
около 1,518981 0,000666
двоеборье 1,217876 0,000133
распространено 3,338139 0,000366
белый 2,357310 0,000258
ски 1,069456 0,000117
континентальных 3,338139 0,000366
суперлиге 3,338139 0,000366
лыжные 1,140915 0,000125
героя 4,436752 0,000486
континентальные 3,520461 0,000386
реальности 4,436752 0,000486
класса 2,357310 0,000258
полые 5,129899 0,000562
например 1,603538 0,000176
رونی 2,490841 0,000273
правил 1,323236 0,001740
türkçe 1,052361 0,000115
периода 2,085376 0,000228
елена 1,911023 0,000837
форхэнд 5,129899 0,000562
нечётного 3,743604 0,001230
правильный 4,031286 0,000442
союз 1,762603 0,000386
будет 0,825834 0,000090
герой 2,827314 0,000310
привлекательная 5,129899 0,000562
начали 1,546380 0,000339
byron 5,129899 0,000562
начале 1,301257 0,000855
свежие 0,910391 0,000100
начала 1,238078 0,000407
сеткой 3,743604 0,002461
статей 2,134166 0,000234
комплект 3,050457 0,001003
неминуемо 5,129899 0,000562
успеха 2,421849 0,000265
вошёл 2,239527 0,000245
золотой 1,911023 0,000209
архивной 3,183989 0,000349
goes 4,436752 0,000486
способами 3,338139 0,000366
бейсбол 1,466337 0,000321
модель 3,338139 0,000366
chances 5,129899 0,000562
снижается 3,743604 0,000410
некоммерческой 0,986764 0,000108
годы 1,258698 0,000138
безопасности 2,644992 0,000290
регламенте 2,932674 0,000643
даже 1,198073 0,000263
году 0,630089 0,003037
balls 4,031286 0,002208
правилами 1,323236 0,000580
ovtcharov 5,129899 0,000562
статистика 0,652562 0,000071
принимающего 4,436752 0,002430
невозможно 2,564949 0,000281
средствами 3,183989 0,000349
ready 4,436752 0,000486
മലയ 1,695912 0,000186
статистику 4,031286 0,000442
года 0,239550 0,004094
сюжет 3,520461 0,000386
защитный 3,520461 0,000771
настольном 4,436752 0,008263
дорошенко 5,129899 0,000562
форрест 5,129899 0,001686
основными 2,644992 0,000290
сёрфинг 1,762603 0,000193
источник 0,853233 0,000187
защитные 3,743604 0,001230
кромки 4,436752 0,000972
