synchro 5,129899 0,003654
экспорт 0,986764 0,000703
lccn 1,492313 0,001063
физические 4,031286 0,002871
комби 5,129899 0,003654
водно 1,762603 0,001255
указан 1,301257 0,000927
играх 0,699082 0,004481
парного 3,743604 0,002666
стиль 2,038856 0,001452
них 1,178655 0,000839
см 0,955511 0,002042
tatarça 1,392229 0,000992
日本語 1,035554 0,000738
воду 1,492313 0,001063
slovenščina 1,345709 0,000958
под 0,723179 0,001030
парусный 1,574551 0,001121
заявление 0,867219 0,000618
таким 1,664163 0,001185
парном 2,932674 0,002089
пом 1,695912 0,001208
человек 1,178655 0,000839
одна 1,392229 0,000992
воде 2,932674 0,002089
десятилетии 4,031286 0,002871
содержание 0,971016 0,000692
eesti 1,069456 0,000762
лет 0,475938 0,003390
титулованной 5,129899 0,003654
čeština 1,035554 0,000738
серебряные 2,239527 0,001595
проекты 1,198073 0,000853
представлены 2,564949 0,001827
балл 3,743604 0,002666
завоёвывала 4,436752 0,003160
викисклад 1,035554 0,000738
britannica 1,518981 0,001082
корфбол 1,762603 0,001255
swimming 4,031286 0,005743
каноэ 1,633391 0,001163
конфиденциальности 0,317714 0,000226
стилистическим 4,436752 0,003160
продолжает 2,421849 0,001725
slovenčina 1,069456 0,000762
wikipedia 0,986764 0,001406
теперь 0,971016 0,000692
gnd 1,392229 0,000992
длинной 3,520461 0,005015
afrikaans 1,441019 0,001026
весьма 2,644992 0,001884
отредактировать 2,038856 0,001452
акробатика 3,338139 0,002378
македонски 1,258698 0,000897
проблемы 1,871802 0,002666
artistic 5,129899 0,003654
j 1,466337 0,001044
каната 1,762603 0,001255
ушу 1,728701 0,001231
викиновости 1,238078 0,000882
u 1,345709 0,000958
v 1,951845 0,001390
каждой 1,546380 0,002203
w 0,955511 0,000681
හල 1,834062 0,001306
также 0,663991 0,000946
сидят 4,436752 0,003160
литовская 2,085376 0,001485
العربية 1,069456 0,000762
фризский 1,762603 0,001255
удалите 4,031286 0,002871
библиографических 1,323236 0,000942
разработчики 0,986764 0,000703
траве 1,466337 0,002089
неэнциклопедичен 4,436752 0,003160
норвежская 1,603538 0,001142
групповые 3,183989 0,002268
правки 0,986764 0,001406
правка 2,732003 0,001946
серьёзные 2,644992 0,001884
tolışi 1,871802 0,001333
опытными 2,490841 0,001774
спорта 0,342407 0,002927
баскская 1,762603 0,001255
следующем 1,951845 0,001390
июня 1,217876 0,005205
системе 0,867219 0,000618
каталогах 1,323236 0,000942
выносливостью 4,436752 0,003160
проектах 0,986764 0,000703
разряда 3,050457 0,004345
могут 0,760451 0,000542
việt 1,140915 0,000813
отказ 0,910391 0,000648
сохранением 0,986764 0,000703
оставались 3,520461 0,002507
дзюдо 1,466337 0,001044
известное 4,436752 0,003160
полноправного 5,129899 0,003654
поддержка 2,827314 0,002014
синхронное 1,664163 0,018965
один 0,711058 0,000506
синхронном 4,436752 0,015800
фигур 4,031286 0,002871
судьи 1,574551 0,001121
одиночные 3,520461 0,002507
разрядах 3,743604 0,002666
дисциплины 2,134166 0,001520
гонки 1,002764 0,001428
одиночных 3,743604 0,002666
авторитетные 2,038856 0,001452
последний 0,773190 0,000551
возрастных 3,520461 0,002507
июля 1,035554 0,005901
возрастные 3,743604 0,002666
pdf 0,940244 0,000670
изменения 1,728701 0,001231
сша 0,586604 0,000836
другая 2,357310 0,001679
описание 0,986764 0,000703
русского 2,564949 0,001827
групп 2,296685 0,003272
распространилось 4,436752 0,003160
китайская 1,258698 0,000897
bahasa 1,086847 0,001548
качестве 1,574551 0,001121
июле 2,421849 0,001725
членов 2,644992 0,001884
russia 3,050457 0,002173
подряд 1,258698 0,000897
lietuvių 1,140915 0,000813
современное 1,574551 0,001121
стрельба 1,492313 0,002126
переименовано 5,129899 0,003654
द 1,546380 0,001101
словари 1,217876 0,000867
न 1,518981 0,001082
команда 0,663991 0,000946
жюри 4,031286 0,005743
помогите 4,031286 0,002871
старое 4,031286 0,002871
сквош 1,728701 0,001231
вклад 0,971016 0,000692
indonesia 1,086847 0,000774
лос 1,518981 0,001082
текст 0,986764 0,000703
команды 0,555188 0,000395
ноября 0,971016 0,001383
нормы 4,436752 0,003160
ह 1,546380 0,001101
esperanto 1,198073 0,000853
coach 4,031286 0,002871
состояла 2,732003 0,001946
перейти 0,867219 0,001235
существуют 1,441019 0,001026
портал 1,518981 0,001082
нужно 1,492313 0,001063
обладать 3,743604 0,002666
скелетон 1,258698 0,000897
українська 1,035554 0,000738
группе 2,421849 0,001725
группа 1,834062 0,006532
лякросс 1,762603 0,001255
рэкетс 1,728701 0,001231
ответственности 0,971016 0,000692
золотые 1,728701 0,002463
только 0,447767 0,000638
нарушает 4,031286 0,002871
ndl 1,834062 0,001306
используется 1,633391 0,001163
группы 1,695912 0,001208
php 0,986764 0,000703
cite 1,258698 0,000897
шорт 1,086847 0,000774
золотых 1,911023 0,002722
бадминтон 1,546380 0,001101
выполняют 3,183989 0,002268
правилам 1,664163 0,001185
горнолыжный 1,301257 0,000927
мира 0,367725 0,000524
pages 0,986764 0,000703
канал 2,038856 0,001452
гэльский 1,762603 0,001255
дуэт 5,129899 0,025576
переименовала 5,129899 0,003654
ব 1,416327 0,001009
гандбол 1,178655 0,002518
ল 1,416327 0,001009
проводятся 1,574551 0,001121
svenska 1,035554 0,000738
включены 2,357310 0,001679
моторный 1,762603 0,001255
куки 0,971016 0,000692
доступен 0,971016 0,000692
будо 1,762603 0,001255
произвольная 3,520461 0,020060
фехтование 1,546380 0,001101
статус 1,871802 0,001333
перетягивание 1,762603 0,001255
другие 0,384967 0,000274
целью 1,797694 0,001280
солистов 5,129899 0,007308
universal 5,129899 0,007308
французский 1,392229 0,000992
interlingua 1,603538 0,001142
федерация 1,002764 0,001428
примечания 1,002764 0,000714
interlingue 2,239527 0,001595
исключены 4,031286 0,002871
переименовали 5,129899 0,007308
других 0,853233 0,001215
состоянию 1,911023 0,001361
источников 1,518981 0,001082
юниоры 2,732003 0,001946
целых 3,743604 0,002666
образом 1,546380 0,001101
сообщить 0,799165 0,000569
пятиборье 1,574551 0,001121
быть 0,773190 0,001101
синхронному 3,743604 0,005333
скалолазание 1,728701 0,001231
есть 0,812411 0,000579
спорт 0,224624 0,001280
конный 1,664163 0,001185
этой 1,052361 0,001499
этом 0,565551 0,000806
мобильная 0,608110 0,000433
english 0,925206 0,001318
suomi 1,052361 0,000750
бронзовые 2,239527 0,001595
художественная 1,633391 0,001163
стала 0,881403 0,000628
завоевавшая 3,338139 0,002378
сольная 5,129899 0,007308
можно 1,002764 0,000714
română 1,122566 0,000800
français 1,019025 0,000726
элемент 0,955511 0,000681
nkc 1,574551 0,001121
спортивным 2,296685 0,001636
состоят 2,827314 0,002014
oʻzbekcha 1,140915 0,000813
женщины 0,881403 0,000628
раз 0,504926 0,000360
чемпионат 0,277868 0,000198
ўзбекча 1,140915 0,000813
случайная 0,986764 0,000703
latviešu 1,052361 0,000750
пожалуйста 1,633391 0,001163
выступления 1,546380 0,001101
выставить 4,031286 0,002871
постоянная 0,986764 0,000703
шести 1,911023 0,001361
некорректные 4,436752 0,006320
указанием 0,986764 0,000703
версия 0,485508 0,001729
гибкостью 5,129899 0,003654
исправить 3,520461 0,005015
одиночного 4,031286 0,002871
версии 1,546380 0,001101
поло 1,441019 0,002053
без 0,466460 0,000664
музыку 3,183989 0,002268
знак 0,986764 0,000703
судейские 4,436752 0,003160
австралийский 1,728701 0,001231
спортсмены 1,140915 0,000813
виды 0,773190 0,002203
иначе 1,834062 0,001306
пока 1,159607 0,000826
медиафайлы 1,217876 0,000867
требует 1,951845 0,001390
архивировано 1,104547 0,003934
galego 1,178655 0,000839
вида 1,664163 0,002371
короткий 0,971016 0,000692
swim 3,743604 0,002666
виде 1,368699 0,001950
комплектов 2,644992 0,001884
олимпийского 1,603538 0,001142
случаях 0,971016 0,000692
после 0,317714 0,000226
кодекс 0,971016 0,000692
канаде 2,296685 0,001636
статье 2,085376 0,001485
тип 1,871802 0,001333
статьи 0,524729 0,003364
старше 2,732003 0,001946
бобслей 1,238078 0,000882
ограничений 2,827314 0,002014
статью 1,728701 0,002463
оценивающее 5,129899 0,003654
служебные 0,986764 0,000703
статья 0,986764 0,002108
артистическое 4,436752 0,015800
языках 0,986764 0,000703
wikimedia 0,986764 0,000703
проверенной 2,421849 0,001725
лыжах 1,178655 0,000839
шаблонами 1,664163 0,001185
возрастной 2,827314 0,002014
свободной 0,986764 0,000703
heartbeat 5,129899 0,003654
карате 1,728701 0,001231
руководством 2,134166 0,001520
может 0,630089 0,001346
ελληνικά 1,086847 0,000774
получить 0,747872 0,000533
язык 1,258698 0,000897
разыгрывается 2,827314 0,002014
связанные 0,881403 0,001256
оценивает 4,031286 0,002871
сделать 1,695912 0,001208
связанный 3,520461 0,002507
казань 1,345709 0,000958
спортсменкой 4,436752 0,003160
бассейна 3,183989 0,002268
минимальная 3,520461 0,002507
отредактирована 0,986764 0,000703
melayu 1,368699 0,000975
creative 0,986764 0,000703
nederlands 1,019025 0,000726
наград 2,134166 0,006080
ищенко 4,436752 0,003160
italiano 1,035554 0,000738
различных 1,728701 0,001231
год 0,687247 0,000979
айсшток 1,728701 0,001231
հայերեն 1,198073 0,000853
мая 1,104547 0,002360
языка 2,932674 0,002089
euskara 1,122566 0,000800
commons 0,986764 0,000703
web 1,279751 0,000912
семь 2,038856 0,001452
учётную 0,986764 0,000703
bokmål 1,069456 0,000762
самой 1,574551 0,001121
текущие 0,940244 0,000670
шаблон 2,932674 0,002089
глима 1,762603 0,001255
команд 1,178655 0,000839
создать 0,825834 0,000588
страны 1,052361 0,000750
входило 3,050457 0,002173
чемпионка 1,911023 0,002722
свяжитесь 0,986764 0,000703
печать 0,986764 0,000703
simple 1,140915 0,000813
летние 1,238078 0,001764
íslenska 1,392229 0,000992
дети 2,239527 0,001595
истории 0,630089 0,000449
пелота 1,728701 0,001231
отточенным 5,129899 0,003654
олимпиаде 0,895792 0,000638
участниками 1,994404 0,001421
фонд 0,940244 0,000670
состав 1,238078 0,000882
основная 1,323236 0,000942
обсуждение 0,881403 0,001256
тренера 1,546380 0,001101
десять 2,185460 0,001557
организации 0,812411 0,000579
товарный 0,986764 0,000703
история 0,555188 0,000791
олимпиады 0,925206 0,000659
недостатков 1,633391 0,001163
светлана 2,038856 0,002904
российская 0,799165 0,000569
источники 1,633391 0,003490
ழ 1,492313 0,001063
согласно 1,574551 0,001121
печати 0,955511 0,000681
название 1,178655 0,001679
катании 2,732003 0,001946
поиск 0,735450 0,000524
условий 0,881403 0,000628
oldid 0,986764 0,000703
лыжи 1,019025 0,000726
катание 0,534779 0,000381
как 0,232059 0,000661
татьяны 4,436752 0,003160
следует 2,038856 0,001452
трамплина 1,159607 0,000826
тарашкевіца 1,198073 0,000853
этого 0,881403 0,001256
справочной 4,031286 0,002871
авторства 0,986764 0,000703
условия 0,411400 0,000586
термина 1,695912 0,001208
català 1,086847 0,000774
dansk 1,069456 0,000762
определённые 3,183989 0,002268
новые 0,747872 0,000533
ещё 0,420369 0,000599
чемпионатах 1,574551 0,001121
окр 3,183989 0,002268
теннис 0,495170 0,000705
గ 2,038856 0,001452
исключительным 5,129899 0,003654
получили 1,664163 0,001185
композиции 3,743604 0,002666
фигурном 2,827314 0,002014
фигурное 0,534779 0,000381
финский 1,633391 0,001163
просмотры 0,986764 0,000703
فارسی 1,104547 0,000787
дисциплинам 4,031286 0,002871
видам 2,038856 0,001452
త 2,038856 0,001452
беларуская 1,069456 0,001523
требовательным 5,129899 0,003654
bill 3,743604 0,002666
первом 1,052361 0,000750
а 0,209918 0,000150
в 0,017911 0,000561
ల 2,038856 0,001452
г 0,925206 0,000659
викимедиа 0,986764 0,000703
е 0,867219 0,000618
фигуры 3,520461 0,005015
литературного 4,436752 0,003160
и 0,023953 0,000444
политика 0,239550 0,000171
к 0,132686 0,000189
велоспорт 1,178655 0,000839
артистичность 5,129899 0,003654
azərbaycanca 1,258698 0,000897
альпинизм 1,323236 0,000942
о 0,042302 0,000060
с 0,036149 0,000412
она 0,825834 0,000588
скейтбординг 1,762603 0,001255
у 0,342407 0,000488
дополнительные 0,986764 0,000703
музыкальную 5,129899 0,003654
текущая 2,421849 0,003450
скачать 0,895792 0,001276
они 0,760451 0,000542
заглавная 0,986764 0,000703
оно 2,038856 0,001452
вариант 1,994404 0,001421
футбол 0,285712 0,001017
атлетика 1,052361 0,001499
by 0,971016 0,000692
регби 0,955511 0,001361
должна 1,238078 0,000882
русский 0,839439 0,000598
cc 0,986764 0,000703
мячом 1,104547 0,000787
поведения 0,895792 0,000638
каталанская 1,695912 0,001208
алфавиту 1,159607 0,001652
ресурсы 1,104547 0,000787
ранее 1,104547 0,000787
соответствующий 3,050457 0,002173
представились 0,986764 0,000703
de 1,871802 0,001333
粵語 1,178655 0,000839
состоит 1,546380 0,001101
хореографическую 5,129899 0,003654
викиданных 0,986764 0,000703
தம 1,492313 0,001063
викискладе 1,217876 0,000867
канадки 4,031286 0,002871
сноуборд 1,238078 0,000882
удалена 2,038856 0,001452
балет 3,338139 0,002378
олимпийские 0,895792 0,001276
счету 2,357310 0,001679
двадцать 3,338139 0,002378
хёрлинг 1,762603 0,001255
соревнованиях 1,159607 0,001652
читать 0,586604 0,000418
игр 0,367725 0,000524
девочки 4,436752 0,015800
плавания 3,050457 0,006518
плаванию 2,932674 0,004178
англ 1,159607 0,000826
датская 1,518981 0,001082
оценка 3,338139 0,004755
волейбол 1,019025 0,000726
разыгрываются 3,520461 0,002507
японии 1,664163 0,001185
техническая 3,520461 0,020060
title 0,986764 0,000703
оценки 2,421849 0,001725
плавании 3,520461 0,015045
обеих 2,296685 0,001636
плавание 1,198073 0,017067
олимпийских 0,799165 0,005123
биатлон 0,534779 0,000381
пожертвовать 0,986764 0,000703
поиску 0,971016 0,001383
лишь 1,159607 0,000826
сносок 1,951845 0,001390
спортсменки 2,357310 0,001679
ссылка 0,786093 0,000560
solo 4,436752 0,003160
ссылки 0,839439 0,002392
中文 1,035554 0,000738
помимо 1,911023 0,001361
оценками 3,743604 0,002666
среди 0,597299 0,003403
русском 2,421849 0,001725
девушки 2,421849 0,001725
отдельных 0,986764 0,000703
хорватская 3,183989 0,002268
https 0,699082 0,000498
квадах 1,762603 0,001255
in 1,911023 0,001361
татарча 1,392229 0,000992
tiếng 1,140915 0,000813
עברית 1,052361 0,000750
дуэтов 5,129899 0,014615
index 0,986764 0,000703
эта 0,867219 0,000618
схожи 4,031286 0,002871
тасс 1,695912 0,001208
избранные 0,971016 0,000692
ള 1,695912 0,001208
изяществом 5,129899 0,003654
мастерством 5,129899 0,003654
возможно 1,664163 0,001185
крикет 1,762603 0,001255
выполнением 4,436752 0,003160
это 0,277868 0,000198
спортсменок 3,050457 0,006518
триатлон 1,633391 0,001163
код 0,986764 0,003514
два 0,760451 0,000542
лука 1,198073 0,000853
may 3,338139 0,002378
тяжёлая 1,633391 0,001163
этих 1,301257 0,000927
url 0,986764 0,000703
выполнения 2,644992 0,001884
ссылок 1,911023 0,002722
сентября 1,069456 0,000762
войти 0,735450 0,000524
synchronized 5,129899 0,003654
гольф 1,574551 0,001121
или 0,576022 0,001231
действия 1,797694 0,001280
художественном 5,129899 0,003654
байдарках 1,603538 0,001142
юниорки 3,743604 0,002666
художественное 5,129899 0,007308
использования 0,393700 0,000280
bnf 1,834062 0,001306
медалей 1,238078 0,000882
инструменты 0,986764 0,001406
программе 1,834062 0,001306
программа 1,574551 0,020187
смешанных 2,490841 0,003548
максимальная 3,183989 0,002268
nd 4,031286 0,002871
обращения 0,925206 0,003954
смешанный 3,743604 0,007999
анастасии 4,436752 0,003160
первый 0,687247 0,000489
соло 4,436752 0,012640
ошибке 0,955511 0,000681
олимпийская 1,911023 0,001361
программы 1,633391 0,002327
ස 1,834062 0,001306
пять 1,368699 0,000975
главного 1,728701 0,001231
события 0,663991 0,000473
рекомендации 1,911023 0,001361
mixed 3,520461 0,002507
тогда 1,466337 0,001044
значения 1,416327 0,001009
технику 2,932674 0,002089
соревнования 0,663991 0,001892
акробатическая 5,129899 0,003654
deutsch 1,052361 0,000750
испытывают 4,436752 0,003160
марта 0,881403 0,000628
исключённые 1,762603 0,001255
лёгкая 1,238078 0,000882
прыжки 1,019025 0,002177
sports 1,301257 0,001854
синхронного 5,129899 0,007308
материал 0,825834 0,000588
проверяема 2,038856 0,001452
скиджоринг 1,762603 0,001255
скиинг 1,762603 0,001255
ph 1,762603 0,001255
соревнований 0,881403 0,001883
планёрный 1,762603 0,001255
добавив 1,911023 0,001361
нагрузки 3,743604 0,002666
навигация 0,986764 0,001406
страница 0,940244 0,001339
лицензии 0,986764 0,000703
странице 0,971016 0,001383
проверки 2,239527 0,001595
борьба 1,002764 0,001428
запись 0,955511 0,000681
навигации 0,986764 0,000703
qr 0,986764 0,000703
сборная 0,711058 0,001013
страницу 0,971016 0,000692
санный 1,301257 0,000927
страницы 0,971016 0,002075
женским 4,436752 0,003160
зимние 1,159607 0,000826
появились 1,664163 0,001185
можете 1,695912 0,001208
吴语 1,238078 0,000882
фристайл 1,279751 0,000912
гимнастика 1,238078 0,001764
водное 1,492313 0,001063
собачьих 1,762603 0,001255
hrvatski 1,052361 0,000750
женщин 1,368699 0,000975
барселоне 2,644992 0,001884
россии 0,160085 0,000342
дыхания 4,031286 0,002871
ru 0,285712 0,000203
действовать 0,955511 0,000681
роке 1,762603 0,001255
упряжках 1,762603 0,001255
покровской 5,129899 0,003654
sa 0,986764 0,000703
occitan 1,466337 0,001044
мужчин 1,492313 0,002126
дата 0,881403 0,003767
sh 1,797694 0,001280
внешние 1,122566 0,000800
того 0,955511 0,000681
вы 0,325878 0,000464
претерпела 3,183989 0,002268
проверялась 2,490841 0,001774
español 1,019025 0,000726
спид 1,762603 0,001255
которую 1,728701 0,001231
узнать 3,520461 0,002507
энциклопедии 0,986764 0,001406
кёрлинг 1,279751 0,000912
технической 3,338139 0,002378
associated 0,986764 0,000703
български 1,086847 0,000774
персональные 0,971016 0,000692
брейкинг 1,762603 0,001255
настольный 1,238078 0,000882
лёгкость 5,129899 0,003654
проведение 2,134166 0,001520
де 0,955511 0,000681
большая 1,069456 0,003047
шайбой 1,122566 0,000800
американский 1,258698 0,000897
до 0,239550 0,000512
парных 3,743604 0,002666
зарегистрированный 0,986764 0,000703
agostini 3,183989 0,002268
сюда 0,986764 0,000703
участвуют 2,038856 0,001452
двух 1,002764 0,000714
трек 1,159607 0,000826
цитировать 0,986764 0,000703
лыжное 1,279751 0,000912
norsk 1,052361 0,000750
баскетбол 0,773190 0,000551
встречается 3,050457 0,002173
упражнения 2,827314 0,002014
ido 1,546380 0,001101
для 0,146292 0,000104
одиночном 2,932674 0,002089
гребля 1,518981 0,002164
флаг 1,279751 0,000912
парные 3,520461 0,002507
вид 1,104547 0,001573
polski 1,035554 0,000738
батуте 1,728701 0,001231
что 0,239550 0,000171
медали 0,971016 0,001383
править 0,986764 0,007028
за 0,125952 0,000090
жё 1,728701 0,001231
равняется 5,129899 0,003654
анджелесе 2,564949 0,001827
софтбол 1,695912 0,001208
было 0,438551 0,000312
org 0,986764 0,000703
подробнее 0,723179 0,000515
давыдовой 5,129899 0,003654
сторон 2,185460 0,001557
несмотря 1,762603 0,001255
были 0,799165 0,001138
кратная 3,520461 0,005015
популярности 2,357310 0,001679
была 0,652562 0,000465
велась 2,932674 0,002089
токио 2,296685 0,001636
отличаться 2,357310 0,001679
традиционно 2,296685 0,001636
исправления 4,436752 0,003160
из 0,106018 0,000529
им 1,198073 0,000853
мальчики 4,031286 0,014356
показательные 1,466337 0,002089
ромашина 4,436752 0,006320
их 0,799165 0,000569
скрытые 1,122566 0,000800
српски 1,035554 0,000738
хоккей 0,376309 0,001072
группах 2,932674 0,002089
двоеборье 1,217876 0,000867
ски 1,069456 0,000762
комплекта 3,338139 0,002378
srpski 1,035554 0,000738
юноши 3,050457 0,002173
контролем 3,338139 0,002378
кажущуюся 5,129899 0,003654
является 1,086847 0,000774
атланте 3,743604 0,005333
октября 1,086847 0,000774
лыжные 1,140915 0,000813
натальи 5,129899 0,003654
foundation 0,986764 0,000703
следующих 2,134166 0,001520
конькобежный 1,238078 0,000882
никаких 2,644992 0,001884
türkçe 1,052361 0,000750
спортивная 1,159607 0,001652
случае 1,441019 0,001026
первоначально 1,951845 0,001390
한국어 1,035554 0,000738
мк 4,436752 0,003160
first 2,732003 0,001946
будет 0,825834 0,000588
судей 1,797694 0,001280
появилось 2,239527 0,001595
свежие 0,910391 0,000648
универсальная 2,085376 0,001485
водным 3,743604 0,002666
участие 0,597299 0,000425
крокет 1,762603 0,001255
на 0,023953 0,000529
водный 5,129899 0,007308
старая 1,368699 0,000975
комплект 3,050457 0,002173
не 0,099461 0,000425
использовать 1,603538 0,001142
каждый 1,392229 0,000992
онлайн 0,773190 0,000551
но 0,402511 0,000573
неё 1,797694 0,001280
водные 0,867219 0,000618
категория 1,546380 0,001101
хватает 1,762603 0,001255
бейсбол 1,466337 0,002089
magyar 1,086847 0,000774
нами 0,853233 0,000608
международная 1,301257 0,000927
завоевала 1,695912 0,001208
об 0,217244 0,000155
участвовавшей 4,436752 0,003160
некоммерческой 0,986764 0,000703
нет 0,825834 0,000588
ои 0,812411 0,051499
годы 1,258698 0,000897
справка 0,986764 0,000703
мужчины 1,019025 0,001452
тхэквондо 1,633391 0,001163
году 0,630089 0,000898
champs 5,129899 0,003654
категории 0,986764 0,001406
от 0,160085 0,000228
форум 0,881403 0,000628
статистика 0,652562 0,000465
бокс 0,576022 0,000821
официальные 1,574551 0,001121
network 3,743604 0,002666
все 0,125952 0,000090
википедия 0,986764 0,004920
മലയ 1,695912 0,001208
значительно 1,911023 0,001361
года 0,239550 0,002559
по 0,073653 0,000682
inc 0,986764 0,000703
сведения 0,812411 0,000579
информация 1,035554 0,000738
português 1,035554 0,000738
повышения 2,644992 0,001884
академическая 1,574551 0,001121
баллам 5,129899 0,003654
видом 1,871802 0,002666
сообщество 0,986764 0,000703
сёрфинг 1,762603 0,001255
википедии 0,986764 0,002108
стилистически 4,436752 0,006320
источник 0,853233 0,000608
