болельщикам 2,296685 0,013431
посетил 3,520461 0,020587
хотел 2,421849 0,014163
байрамян 4,436752 0,025946
молодежный 3,520461 0,020587
возобновляют 5,129899 0,029999
скидки 2,239527 0,013097
ios 3,520461 0,041175
представителей 2,239527 0,013097
академия 2,085376 0,012195
разработка 3,183989 0,018620
vip 3,183989 0,018620
press 2,185460 0,012780
партнёры 2,827314 0,016534
rostov 5,129899 0,119998
правила 0,910391 0,005324
продлил 2,827314 0,033068
команда 0,663991 0,003883
касс 5,129899 0,029999
джонатан 3,520461 0,041175
стадионы 2,421849 0,014163
альбомы 4,031286 0,023575
женский 1,441019 0,016854
основной 1,834062 0,010726
в 0,017911 0,000419
команды 0,555188 0,003247
е 0,867219 0,005071
фото 0,799165 0,009347
юрий 2,185460 0,012780
и 0,023953 0,000700
права 1,518981 0,008883
матчи 0,773190 0,004522
команду 1,217876 0,007122
о 0,042302 0,000247
контракт 1,518981 0,017766
с 0,036149 0,000423
ту 3,050457 0,017839
перейти 0,867219 0,005071
ростовской 4,031286 0,023575
ru 0,285712 0,005012
график 4,436752 0,025946
дону 2,490841 0,014566
клубе 1,951845 0,011414
редакции 1,951845 0,022829
футбольный 1,951845 0,022829
корпоративные 4,436752 0,025946
skybox 5,129899 0,029999
тимур 3,183989 0,018620
ул 2,732003 0,015977
магазин 2,421849 0,042489
шолохова 5,129899 0,029999
болельщиков 1,574551 0,009208
ростовом 3,050457 0,035678
которую 1,728701 0,010109
молодёжный 2,564949 0,015000
турнирные 3,183989 0,018620
поведения 0,895792 0,005239
сми 1,546380 0,009043
фк 1,951845 0,022829
арена 1,762603 0,010308
партнеры 2,296685 0,013431
новости 0,301585 0,007055
войти 0,735450 0,004301
альба 4,436752 0,051892
tv 2,564949 0,015000
достиг 3,338139 0,019521
таблицы 2,085376 0,012195
хорен 5,129899 0,029999
атлантис 5,129899 0,029999
тренировку 2,644992 0,015468
руководство 1,603538 0,009377
на 0,023953 0,000140
состав 1,238078 0,036201
спонсоры 1,911023 0,022351
попал 1,911023 0,011176
календарь 0,735450 0,004301
пак 3,743604 0,021892
info 1,951845 0,011414
почта 2,564949 0,015000
главная 1,323236 0,007738
билеты 2,564949 0,015000
телефон 2,134166 0,012481
медицина 3,338139 0,019521
сулейманов 4,031286 0,023575
билет 3,743604 0,021892
области 1,951845 0,011414
вверх 2,421849 0,014163
клуб 0,940244 0,021994
места 1,198073 0,007006
работы 1,797694 0,010513
мгн 3,743604 0,021892
для 0,146292 0,000856
fc 2,085376 0,036586
support 2,490841 0,014566
сотрудничество 3,520461 0,020587
купить 2,932674 0,034300
поддержка 2,827314 0,033068
android 2,185460 0,025561
нашей 1,994404 0,011663
ростов 1,002764 0,046913
техническая 3,520461 0,020587
борисович 3,743604 0,021892
продажи 3,338139 0,019521
слюсарь 5,129899 0,029999
все 0,125952 0,002946
мыростов 5,129899 0,029999
за 0,125952 0,000737
матчей 0,940244 0,010997
учредитель 2,185460 0,012780
губернатор 3,743604 0,021892
абонемент 4,436752 0,025946
предыгровую 4,436752 0,025946
контакты 1,258698 0,007361
издание 1,911023 0,011176
сетевое 2,085376 0,012195
отметки 3,338139 0,019521
защищены 2,490841 0,014566
вниманию 5,129899 0,029999
