термина 1,695912 0,001668
pope 5,129899 0,010088
català 1,086847 0,001069
year 3,520461 0,003462
dansk 1,069456 0,001052
shooting 4,436752 0,004363
uyghurche 2,644992 0,002601
веками 4,436752 0,004363
новые 0,747872 0,000735
ещё 0,420369 0,000413
экспорт 0,986764 0,000970
отдыха 3,183989 0,006262
боуфишинг 5,129899 0,005044
охотников 5,129899 0,005044
эпоху 3,520461 0,003462
န 2,134166 0,002098
играх 0,699082 0,001375
గ 2,038856 0,002005
ဘ 2,134166 0,002098
سنڌي 3,050457 0,002999
ไทย 1,238078 0,001217
မ 2,134166 0,004197
см 0,955511 0,003758
hunting 5,129899 0,010088
日本語 1,035554 0,001018
со 0,447767 0,000440
некоторых 1,762603 0,001733
wayuunaiki 4,436752 0,004363
သ 2,134166 0,002098
просмотры 0,986764 0,000970
فارسی 1,104547 0,001086
арбалет 5,129899 0,005044
умение 3,183989 0,003131
декабря 0,881403 0,000867
slovenščina 1,345709 0,001323
త 2,038856 0,002005
беларуская 1,069456 0,002103
заявление 0,867219 0,000853
использовался 3,520461 0,006923
an 2,644992 0,005202
brezhoneg 2,038856 0,002005
в 0,017911 0,000264
ల 2,038856 0,002005
викимедиа 0,986764 0,000970
д 0,895792 0,001762
содержание 0,971016 0,000955
eesti 1,069456 0,001052
и 0,023953 0,000141
политика 0,239550 0,000236
مصرى 1,546380 0,001521
к 0,132686 0,000261
принятое 4,436752 0,004363
использованием 2,564949 0,002522
čeština 1,035554 0,001018
н 0,895792 0,000881
вплоть 1,871802 0,001841
azərbaycanca 1,258698 0,001238
о 0,042302 0,000125
с 0,036149 0,000213
chapter 3,743604 0,003681
у 0,342407 0,000673
дополнительные 0,986764 0,000970
hansard 5,129899 0,005044
викисклад 1,035554 0,001018
скачать 0,895792 0,001762
заглавная 0,986764 0,000970
manual 3,743604 0,003681
э 2,296685 0,002258
journal 3,050457 0,002999
конфиденциальности 0,317714 0,000312
практическое 4,436752 0,004363
by 0,971016 0,001910
lëtzebuergesch 1,762603 0,001733
national 2,827314 0,002780
slovenčina 1,069456 0,001052
vade 5,129899 0,005044
wikipedia 0,986764 0,001941
русский 0,839439 0,000825
дело 2,038856 0,002005
afrikaans 1,441019 0,001417
датируются 5,129899 0,005044
ooth 5,129899 0,005044
cc 0,986764 0,000970
a 1,392229 0,006845
c 1,546380 0,001521
d 2,185460 0,002149
e 1,603538 0,004730
македонски 1,258698 0,001238
единственным 2,239527 0,002202
shqip 1,466337 0,001442
время 0,384967 0,000379
g 2,490841 0,007348
h 2,490841 0,002449
k 3,520461 0,003462
поведения 0,895792 0,000881
n 2,421849 0,002381
the 1,546380 0,039534
p 1,951845 0,003838
s 1,664163 0,009818
бутане 5,129899 0,015132
w 0,955511 0,000940
x 1,279751 0,001258
හල 1,834062 0,001803
y 4,031286 0,003964
турецкий 3,338139 0,003282
представились 0,986764 0,000970
также 0,663991 0,000653
paul 3,743604 0,007362
العربية 1,069456 0,001052
действиях 5,129899 0,005044
dc 4,436752 0,004363
паника 5,129899 0,005044
london 2,932674 0,008651
notes 5,129899 0,005044
پنجابی 2,239527 0,002202
粵語 1,178655 0,001159
разработчики 0,986764 0,000970
ford 4,031286 0,003964
викиданных 0,986764 0,000970
तम 2,644992 0,002601
தம 1,492313 0,001467
луком 5,129899 0,005044
institution 5,129899 0,005044
later 4,031286 0,003964
парадокс 5,129899 0,005044
правки 0,986764 0,001941
австралия 2,239527 0,002202
незавершённые 5,129899 0,005044
паралимпийская 4,436752 0,004363
боевых 3,183989 0,006262
scribner 5,129899 0,005044
tolışi 1,871802 0,001841
спорта 0,342407 0,000673
олимпийский 0,853233 0,000839
volume 4,031286 0,015856
ely 5,129899 0,005044
системе 0,867219 0,000853
читать 0,586604 0,000577
арбалеста 5,129899 0,005044
knaresbro 5,129899 0,005044
проектах 0,986764 0,000970
могут 0,760451 0,000748
находки 4,031286 0,003964
hargrove 5,129899 0,010088
việt 1,140915 0,001122
отказ 0,910391 0,000895
philosophies 5,129899 0,005044
washington 3,338139 0,003282
позднего 5,129899 0,005044
сохранением 0,986764 0,000970
досуг 4,436752 0,004363
some 4,436752 0,004363
united 2,827314 0,002780
additional 4,436752 0,004363
for 2,239527 0,004404
title 0,986764 0,000970
klopsteg 5,129899 0,010088
states 3,520461 0,003462
vol 2,932674 0,002884
олимпийских 0,799165 0,001572
пожертвовать 0,986764 0,000970
поиску 0,971016 0,000955
potter 5,129899 0,005044
ethno 5,129899 0,005044
странах 1,574551 0,001548
последний 0,773190 0,001521
saxton 5,129899 0,010088
ссылка 0,786093 0,000773
evolution 3,743604 0,003681
ссылки 0,839439 0,002476
manchester 4,031286 0,007928
srpskohrvatski 1,416327 0,001393
развлечения 4,031286 0,003964
with 2,827314 0,008340
июля 1,035554 0,001018
berkeley 5,129899 0,005044
pdf 0,940244 0,000925
中文 1,035554 0,001018
рекурсивный 5,129899 0,005044
специально 2,185460 0,002149
спрессованной 5,129899 0,005044
описание 0,986764 0,000970
articles 4,436752 0,004363
romance 5,129899 0,005044
старейшие 4,031286 0,003964
practice 4,031286 0,007928
called 4,436752 0,004363
bahasa 1,086847 0,002137
release 3,743604 0,003681
american 3,050457 0,005999
bookseller 5,129899 0,005044
кольцо 3,338139 0,003282
america 3,338139 0,003282
تۆرکجه 1,762603 0,001733
manuscripts 5,129899 0,005044
sons 4,031286 0,007928
क 2,421849 0,002381
океания 2,490841 0,002449
lietuvių 1,140915 0,001122
ᱥᱟᱱᱛᱟᱲᱤ 2,932674 0,002884
отдельных 0,986764 0,000970
https 0,699082 0,000687
стрельба 1,492313 0,027880
ठ 1,574551 0,001548
кюдо 5,129899 0,005044
in 1,911023 0,009395
द 1,546380 0,001521
tiếng 1,140915 0,001122
עברית 1,052361 0,001035
न 1,518981 0,002987
distributed 5,129899 0,005044
index 0,986764 0,000970
प 1,911023 0,001879
being 5,129899 0,005044
помогите 4,031286 0,003964
эта 0,867219 0,000853
hood 5,129899 0,005044
стрельбе 3,520461 0,020770
вклад 0,971016 0,000955
indonesia 1,086847 0,001069
भ 2,239527 0,002202
ix 2,564949 0,002522
опасность 3,743604 0,003681
printed 4,436752 0,004363
traditional 4,436752 0,021813
ल 1,911023 0,001879
текст 0,986764 0,000970
избранные 0,971016 0,000955
ള 1,695912 0,001668
устанавливают 4,031286 0,003964
lâm 1,762603 0,001733
ष 2,296685 0,002258
स 2,644992 0,005202
esperanto 1,198073 0,001178
ह 1,546380 0,001521
doi 4,436752 0,004363
века 1,441019 0,002834
перейти 0,867219 0,001705
существуют 1,441019 0,001417
sunda 2,564949 0,002522
японский 3,183989 0,003131
стрельбы 4,031286 0,015856
достаточно 2,134166 0,002098
одним 1,416327 0,001393
стрельбой 4,031286 0,003964
українська 1,035554 0,001018
targets 4,436752 0,008725
robert 3,050457 0,008998
bibliography 4,436752 0,004363
bowyer 5,129899 0,025221
inquiry 4,436752 0,004363
возникло 3,183989 0,003131
это 0,277868 0,000273
луки 4,436752 0,004363
код 0,986764 0,004851
лука 1,198073 0,036519
famous 5,129899 0,005044
gaeilge 1,951845 0,001919
reprint 5,129899 0,005044
gí 1,762603 0,001733
дальность 4,436752 0,004363
ответственности 0,971016 0,000955
url 0,986764 0,000970
smithsonian 4,436752 0,004363
мезолита 5,129899 0,005044
php 0,986764 0,000970
complete 3,743604 0,007362
войти 0,735450 0,000723
составной 4,436752 0,004363
использовалась 3,050457 0,002999
или 0,576022 0,000566
arrow 5,129899 0,015132
use 3,743604 0,003681
arrows 5,129899 0,005044
edward 4,436752 0,004363
стрелы 4,031286 0,003964
bibcode 5,129899 0,005044
theses 5,129899 0,005044
wright 4,436752 0,004363
heath 5,129899 0,005044
мира 0,367725 0,001446
pages 0,986764 0,000970
чаще 1,834062 0,001803
использования 0,393700 0,000387
picard 2,827314 0,002780
new 2,038856 0,006014
including 5,129899 0,005044
инструменты 0,986764 0,001941
bianchi 5,129899 0,005044
wales 4,436752 0,004363
всего 0,812411 0,000799
ব 1,416327 0,001393
ئۇيغۇرچە 2,644992 0,002601
потенциальную 4,436752 0,004363
ল 1,416327 0,001393
корейский 4,436752 0,004363
svenska 1,035554 0,001018
тоҷикӣ 1,695912 0,001668
действий 2,357310 0,002318
регламентируется 3,743604 0,003681
куки 0,971016 0,000955
amjph 5,129899 0,005044
present 5,129899 0,005044
lake 4,436752 0,004363
columbus 5,129899 0,005044
ошибке 0,955511 0,000940
ярдов 3,338139 0,003282
лук 4,031286 0,039639
доступен 0,971016 0,000955
मर 1,574551 0,001548
ස 1,834062 0,001803
university 2,644992 0,002601
практически 1,664163 0,001636
события 0,663991 0,000653
bow 5,129899 0,020177
профессиональных 2,357310 0,002318
vulgarly 5,129899 0,005044
times 2,732003 0,005373
индеец 5,129899 0,005044
значения 1,416327 0,002785
and 1,762603 0,020798
соревнования 0,663991 0,000653
of 1,695912 0,038354
johnes 5,129899 0,005044
deutsch 1,052361 0,001035
oh 4,436752 0,004363
igbo 3,338139 0,003282
другие 0,384967 0,000379
целью 1,797694 0,001768
vilma 5,129899 0,005044
on 2,239527 0,004404
interlingua 1,603538 0,001577
федерация 1,002764 0,000986
где 0,675551 0,000664
стрельбищах 5,129899 0,005044
стрела 4,031286 0,003964
tabard 5,129899 0,005044
других 0,853233 0,001678
бразильский 2,932674 0,002884
editions 5,129899 0,005044
материал 0,825834 0,000812
chiara 5,129899 0,005044
martin 3,338139 0,003282
сообщить 0,799165 0,000786
burford 5,129899 0,005044
заготовка 5,129899 0,005044
мишени 4,031286 0,003964
охота 4,031286 0,003964
конные 5,129899 0,010088
elmer 5,129899 0,005044
навигация 0,986764 0,001941
страница 0,940244 0,001849
мобильная 0,608110 0,000598
huntington 5,129899 0,005044
english 0,925206 0,001819
лицензии 0,986764 0,000970
bois 5,129899 0,005044
странице 0,971016 0,000955
press 2,185460 0,008596
ਜ 1,664163 0,001636
военной 3,743604 0,003681
запись 0,955511 0,000940
навигации 0,986764 0,000970
qr 0,986764 0,000970
bible 5,129899 0,025221
suomi 1,052361 0,001035
recreation 5,129899 0,005044
охоты 5,129899 0,005044
страницу 0,971016 0,000955
ਪ 1,664163 0,001636
ਬ 1,664163 0,001636
ancient 3,743604 0,007362
yahi 5,129899 0,005044
страницы 0,971016 0,001910
吴语 1,238078 0,001217
peabody 5,129899 0,005044
archers 5,129899 0,005044
hrvatski 1,052361 0,001035
можно 1,002764 0,000986
bohn 5,129899 0,005044
archery 4,436752 0,074164
română 1,122566 0,001104
оружие 3,338139 0,006565
français 1,019025 0,001002
английский 2,732003 0,002686
ru 0,285712 0,000281
действовать 0,955511 0,000940
оружии 4,436752 0,008725
элемент 0,955511 0,000940
simi 2,732003 0,002686
association 2,827314 0,002780
кубок 0,524729 0,001032
long 3,743604 0,003681
sa 0,986764 0,000970
occitan 1,466337 0,001442
известно 1,871802 0,001841
arc 5,129899 0,005044
nynorsk 1,546380 0,001521
раз 0,504926 0,000993
чемпионат 0,277868 0,000546
арчертаг 5,129899 0,005044
george 3,743604 0,003681
вы 0,325878 0,000320
случайная 0,986764 0,000970
thompson 5,129899 0,005044
глоссарий 4,436752 0,004363
latviešu 1,052361 0,001035
particulars 5,129899 0,005044
fred 5,129899 0,005044
popular 4,031286 0,003964
fita 5,129899 0,005044
цель 2,296685 0,002258
art 2,827314 0,005560
постоянная 0,986764 0,000970
español 1,019025 0,001002
указанием 0,986764 0,000970
periodicals 5,129899 0,005044
версия 0,485508 0,000955
литература 1,695912 0,001668
winaray 2,490841 0,002449
энциклопедии 0,986764 0,000970
палеолита 5,129899 0,005044
putnam 5,129899 0,005044
tagalog 1,911023 0,001879
simon 3,743604 0,007362
associated 0,986764 0,000970
български 1,086847 0,001069
to 2,038856 0,004010
персональные 0,971016 0,000955
популярным 2,932674 0,002884
اردو 1,574551 0,001548
tx 5,129899 0,005044
до 0,239550 0,000471
знак 0,986764 0,000970
дополнив 5,129899 0,005044
зарегистрированный 0,986764 0,000970
hal 4,436752 0,004363
сюда 0,986764 0,000970
california 5,129899 0,005044
цитировать 0,986764 0,000970
films 5,129899 0,005044
facsimile 5,129899 0,005044
fitz 5,129899 0,005044
регионом 4,436752 0,004363
norsk 1,052361 0,002070
раннего 5,129899 0,005044
catalogue 5,129899 0,005044
longmans 5,129899 0,005044
brazilian 5,129899 0,010088
museum 3,743604 0,003681
ido 1,546380 0,001521
архивировано 1,104547 0,001086
galego 1,178655 0,001159
для 0,146292 0,000432
её 1,104547 0,001086
короткий 0,971016 0,000955
вид 1,104547 0,001086
book 3,183989 0,003131
isbn 1,633391 0,008030
polski 1,035554 0,001018
случаях 0,971016 0,000955
life 3,338139 0,003282
кодекс 0,971016 0,000955
стрел 5,129899 0,005044
править 0,986764 0,009703
скрытая 4,436752 0,004363
статьи 0,524729 0,002064
green 3,520461 0,003462
было 0,438551 0,000431
org 0,986764 0,000970
подробнее 0,723179 0,000711
стреляющий 5,129899 0,005044
indians 5,129899 0,005044
war 4,436752 0,004363
милуоки 2,490841 0,002449
настоящее 1,797694 0,001768
тетива 5,129899 0,005044
earliest 5,129899 0,010088
несмотря 1,762603 0,001733
служебные 0,986764 0,000970
статья 0,986764 0,001941
языках 0,986764 0,000970
wikimedia 0,986764 0,000970
была 0,652562 0,000642
agar 5,129899 0,005044
повсеместно 4,031286 0,003964
темы 3,183989 0,003131
из 0,106018 0,003440
терминов 2,827314 0,002780
runa 2,732003 0,002686
свободной 0,986764 0,000970
ελληνικά 1,086847 0,001069
получить 0,747872 0,000735
српски 1,035554 0,001018
massachusetts 5,129899 0,005044
preliminary 5,129899 0,005044
блочный 5,129899 0,005044
связанные 0,881403 0,002600
viii 2,932674 0,002884
anecdotes 4,436752 0,004363
indexed 5,129899 0,005044
ябусамэ 5,129899 0,005044
отредактирована 0,986764 0,000970
enea 5,129899 0,005044
melayu 1,368699 0,001346
композитный 5,129899 0,005044
creative 0,986764 0,000970
nederlands 1,019025 0,001002
books 3,183989 0,003131
italiano 1,035554 0,001018
srpski 1,035554 0,001018
style 2,085376 0,002051
theory 4,436752 0,004363
study 5,129899 0,005044
башҡортса 1,518981 0,001494
является 1,086847 0,003206
оборудованных 4,436752 0,004363
снаряжение 4,031286 0,003964
foundation 0,986764 0,002911
euskara 1,122566 0,001104
крупных 1,871802 0,001841
commons 0,986764 0,000970
искусство 2,732003 0,008059
српскохрватски 1,416327 0,001393
elite 4,436752 0,004363
расстояние 2,644992 0,002601
modern 3,338139 0,006565
например 1,603538 0,001577
morse 5,129899 0,005044
physics 5,129899 0,010088
türkçe 1,052361 0,001035
стрелковое 5,129899 0,005044
azle 5,129899 0,005044
учётную 0,986764 0,000970
bokmål 1,069456 0,001052
текущие 0,940244 0,000925
banjar 2,932674 0,002884
batak 3,050457 0,002999
создать 0,825834 0,000812
такой 1,664163 0,001636
продукции 3,743604 0,003681
한국어 1,035554 0,001018
culture 3,338139 0,003282
дополнительная 4,031286 0,003964
asturianu 1,323236 0,001301
ages 4,031286 0,003964
indian 4,436752 0,004363
toxological 5,129899 0,005044
свяжитесь 0,986764 0,000970
salem 5,129899 0,005044
лучника 4,436752 0,008725
печать 0,986764 0,000970
начале 1,301257 0,001280
maurice 5,129899 0,005044
свежие 0,910391 0,000895
simple 1,140915 0,001122
íslenska 1,392229 0,001369
mecum 5,129899 0,005044
лучники 5,129899 0,010088
horace 5,129899 0,005044
участие 0,597299 0,000587
фонд 0,940244 0,000925
на 0,023953 0,000141
исторически 3,050457 0,002999
обсуждение 0,881403 0,001733
не 0,099461 0,000293
использовать 1,603538 0,001577
from 2,827314 0,005560
day 3,520461 0,003462
колчан 5,129899 0,005044
но 0,402511 0,000396
england 3,520461 0,003462
организации 0,812411 0,000799
curious 5,129899 0,005044
целевая 5,129899 0,005044
товарный 0,986764 0,000970
xix 1,834062 0,003607
история 0,555188 0,000546
history 1,762603 0,001733
болт 4,031286 0,003964
категория 1,546380 0,001521
閩南語 1,762603 0,001733
bân 1,762603 0,001733
most 3,338139 0,003282
magyar 1,086847 0,001069
нами 0,853233 0,000839
российская 0,799165 0,000786
об 0,217244 0,000641
ழ 1,492313 0,001467
либо 1,140915 0,002244
некоммерческой 0,986764 0,000970
летних 1,911023 0,001879
справка 0,986764 0,000970
печати 0,955511 0,000940
средневековое 5,129899 0,005044
поиск 0,735450 0,000723
категории 0,986764 0,000970
от 0,160085 0,000157
форум 0,881403 0,000867
условий 0,881403 0,000867
наконечник 4,436752 0,004363
парке 3,183989 0,003131
bows 5,129899 0,005044
статистика 0,652562 0,000642
oldid 0,986764 0,000970
toba 3,743604 0,003681
длинный 4,436752 0,004363
robin 5,129899 0,005044
как 0,232059 0,000456
википедия 0,986764 0,000970
дистанция 2,644992 0,002601
മലയ 1,695912 0,001668
соломы 5,129899 0,005044
года 0,239550 0,000471
по 0,073653 0,000435
монгол 1,518981 0,001494
inc 0,986764 0,000970
malti 2,732003 0,002686
полевая 5,129899 0,005044
сведения 0,812411 0,000799
português 1,035554 0,001018
тарашкевіца 1,198073 0,001178
lyons 5,129899 0,010088
этого 0,881403 0,000867
cymraeg 1,574551 0,001548
видом 1,871802 0,001841
witchery 5,129899 0,005044
york 2,564949 0,012610
кыргызча 2,085376 0,002051
авторства 0,986764 0,000970
earl 4,436752 0,004363
сообщество 0,986764 0,000970
видов 1,392229 0,001369
википедии 0,986764 0,002911
kabɩyɛ 3,338139 0,003282
sicilianu 2,038856 0,002005
account 4,436752 0,004363
источник 0,853233 0,000839
условия 0,411400 0,000809
